
[ 1023.844260] [AOA] Measurement: 0,1629148662.028696,08:55:31:70:ff:0a,2,1,1,0,128,773,928,238,691,357,817,810,444,421,942,262,908,293,855,648,216,846,988,507,816,976,789,37,827,415,1001,428,988,143,768,554,297,74,70,67,64,77,76,74,62,68,66,72,79,75,71,72,67,67,68,66,64,69,69,81,49,78,77,75,66,85,82,85,88
[ 1023.882593] [AOA] Measurement: 0,1629148662.067033,08:55:31:70:ff:0a,2,1,1,0,128,740,893,279,708,360,803,914,529,433,960,839,86,864,1006,141,446,929,84,455,789,572,1020,583,988,875,138,423,943,145,794,81,941,67,63,62,58,66,70,66,54,58,59,64,72,66,62,68,56,65,64,65,63,65,67,75,51,72,69,71,64,81,77,81,80
[ 1023.927304] [AOA] Measurement: 0,1629148662.111742,08:55:31:70:ff:0a,2,1,1,0,128,844,939,820,868,345,764,868,482,424,960,269,885,836,1019,111,388,932,38,462,824,506,1003,632,989,903,150,433,924,220,844,861,544,70,64,65,61,70,74,72,55,64,62,67,75,71,67,71,60,69,67,65,64,66,65,75,50,73,70,73,64,82,79,84,81
[ 1023.971297] [AOA] Measurement: 0,1629148662.155733,08:55:31:70:ff:0a,2,1,1,2,128,844,939,820,868,345,764,868,482,424,960,269,885,836,1019,111,388,932,38,462,824,506,1003,632,989,903,150,433,924,220,844,861,544,67,63,62,58,66,70,66,54,58,59,64,72,66,62,68,56,65,64,65,63,65,67,75,51,72,69,71,64,81,77,81,80
[ 1024.020398] [AOA] Measurement: 0,1629148662.204834,08:55:31:70:ff:0a,2,1,1,0,128,902,68,320,757,446,800,837,570,446,890,852,95,789,974,79,387,930,94,624,886,598,18,645,953,885,115,1022,90,94,781,358,120,74,69,66,70,69,69,74,66,68,57,73,76,73,69,66,57,78,60,68,77,74,75,83,67,69,66,59,73,80,76,79,80
[ 1024.057907] [AOA] Measurement: 0,1629148662.242339,08:55:31:70:ff:0a,2,1,1,0,128,875,0,963,983,968,9,351,742,457,900,870,84,798,953,55,366,371,964,0,666,1018,785,130,780,911,108,996,80,49,751,22,784,77,71,65,73,77,77,79,73,64,63,73,80,78,71,68,57,78,61,67,76,76,75,82,69,60,68,49,76,81,72,82,79
[ 1024.104597] [AOA] Measurement: 0,1629148662.289035,08:55:31:70:ff:0a,2,1,1,0,128,344,177,934,1005,984,983,499,830,1020,112,860,98,816,1001,104,403,967,152,631,896,579,31,712,982,929,116,1000,61,159,807,918,535,66,57,49,65,71,69,63,62,21,59,34,58,59,51,47,23,54,56,52,42,61,55,47,49,10,49,27,47,51,37,55,43
[ 1024.150747] [AOA] Measurement: 0,1629148662.335179,08:55:31:70:ff:0a,2,1,1,0,128,359,167,924,987,936,973,883,574,382,885,351,928,829,1012,62,384,1019,175,569,852,596,25,692,986,917,86,1006,77,167,783,158,834,70,61,48,70,75,72,66,67,24,64,41,68,66,57,53,29,61,60,54,48,66,62,52,57,15,56,26,55,58,44,61,50
[ 1024.192762] [AOA] Measurement: 0,1629148662.377193,08:55:31:70:ff:0a,2,1,1,0,128,852,1001,341,751,367,786,889,556,380,847,325,910,298,799,55,352,933,152,32,654,5,831,96,747,340,913,487,909,599,566,732,563,78,73,68,74,74,74,75,69,67,58,73,79,76,69,68,58,79,60,68,76,74,75,83,68,65,67,54,73,81,74,81,79
[ 1024.238179] [AOA] Measurement: 0,1629148662.422615,08:55:31:70:ff:0a,2,1,1,0,128,367,194,969,951,438,834,865,596,443,833,856,62,797,980,47,291,971,176,624,861,614,29,723,973,926,91,118,46,128,755,754,604,78,74,66,76,78,76,78,72,63,64,72,81,79,72,69,55,77,62,68,75,78,80,82,70,60,68,46,74,81,72,82,75
[ 1024.281588] [AOA] Measurement: 0,1629148662.466024,08:55:31:70:ff:0a,2,1,1,0,128,791,986,346,724,415,821,925,615,433,902,298,911,847,1013,122,421,969,197,622,907,489,975,118,772,422,955,402,849,589,550,855,765,77,72,66,71,72,72,76,69,66,59,72,76,77,70,69,60,78,62,69,79,76,78,84,68,66,66,56,75,81,77,82,81
[ 1024.330611] [AOA] Measurement: 0,1629148662.515049,08:55:31:70:ff:0a,2,1,1,0,128,844,27,929,955,939,1015,373,749,987,81,878,89,792,980,50,345,977,171,571,854,1015,819,56,730,358,916,437,894,613,608,722,629,71,69,65,69,70,71,74,68,68,59,74,76,77,69,68,59,78,61,67,77,73,78,83,68,69,65,57,72,81,75,78,80
[ 1024.368291] [AOA] Measurement: 0,1629148662.552729,08:55:31:70:ff:0a,2,1,1,0,128,373,212,919,938,959,989,881,559,406,889,299,877,322,818,583,226,990,159,578,863,562,1012,642,957,994,146,945,13,104,764,139,939,83,75,64,83,83,84,81,77,50,69,65,81,79,71,69,47,78,65,66,70,80,77,77,71,46,68,33,73,78,69,81,73
[ 1024.411752] [AOA] Measurement: 0,1629148662.596184,08:55:31:70:ff:0a,2,1,1,0,128,745,963,420,796,414,801,898,576,378,856,293,921,240,800,557,146,435,14,86,698,585,13,700,968,925,121,68,93,102,773,480,304,74,68,66,70,69,73,73,68,66,56,71,76,74,69,66,59,78,61,67,77,74,75,81,67,63,66,54,74,81,74,80,80
[ 1024.452631] [AOA] Measurement: 0,1629148662.637068,08:55:31:70:ff:0a,2,1,1,0,128,369,203,899,943,357,807,870,550,469,907,312,896,818,972,543,155,437,978,66,677,940,761,165,782,359,923,0,116,173,795,866,563,75,71,66,72,74,73,76,73,67,61,73,79,77,70,69,57,79,61,68,76,74,78,83,70,64,67,54,77,82,75,80,80
[ 1024.495288] [AOA] Measurement: 0,1629148662.679726,08:55:31:70:ff:0a,2,1,1,2,128,369,203,899,943,357,807,870,550,469,907,312,896,818,972,543,155,437,978,66,677,940,761,165,782,359,923,0,116,173,795,866,563,78,74,66,76,78,76,78,72,63,64,72,81,79,72,69,55,77,62,68,75,78,80,82,70,60,68,46,74,81,72,82,75
[ 1024.538599] [AOA] Measurement: 0,1629148662.723036,08:55:31:70:ff:0a,2,1,1,2,128,369,203,899,943,357,807,870,550,469,907,312,896,818,972,543,155,437,978,66,677,940,761,165,782,359,923,0,116,173,795,866,563,75,71,66,72,74,73,76,73,67,61,73,79,77,70,69,57,79,61,68,76,74,78,83,70,64,67,54,77,82,75,80,80
[ 1024.583551] [AOA] Measurement: 0,1629148662.767982,08:55:31:70:ff:0a,2,1,1,2,128,369,203,899,943,357,807,870,550,469,907,312,896,818,972,543,155,437,978,66,677,940,761,165,782,359,923,0,116,173,795,866,563,78,74,66,76,78,76,78,72,63,64,72,81,79,72,69,55,77,62,68,75,78,80,82,70,60,68,46,74,81,72,82,75
[ 1024.625288] [AOA] Measurement: 0,1629148662.809723,08:55:31:70:ff:0a,2,1,1,2,128,369,203,899,943,357,807,870,550,469,907,312,896,818,972,543,155,437,978,66,677,940,761,165,782,359,923,0,116,173,795,866,563,75,71,66,72,74,73,76,73,67,61,73,79,77,70,69,57,79,61,68,76,74,78,83,70,64,67,54,77,82,75,80,80
[ 1024.667007] [AOA] Measurement: 0,1629148662.851439,08:55:31:70:ff:0a,2,1,1,2,128,369,203,899,943,357,807,870,550,469,907,312,896,818,972,543,155,437,978,66,677,940,761,165,782,359,923,0,116,173,795,866,563,74,68,66,70,69,73,73,68,66,56,71,76,74,69,66,59,78,61,67,77,74,75,81,67,63,66,54,74,81,74,80,80
[ 1024.706412] [AOA] Measurement: 0,1629148662.890849,08:55:31:70:ff:0a,2,1,1,0,128,774,917,294,743,398,797,886,528,419,912,389,933,854,23,123,438,863,45,502,840,536,985,109,798,423,991,461,917,613,602,46,931,82,78,80,75,80,81,80,74,76,74,82,84,82,77,78,76,80,79,77,78,78,80,85,66,84,82,80,74,85,85,83,85
[ 1024.749056] [AOA] Measurement: 0,1629148662.933493,08:55:31:70:ff:0a,2,1,1,0,128,739,914,260,719,395,839,907,532,409,945,298,910,836,1016,563,163,322,848,940,586,1009,795,96,803,370,1023,963,110,127,799,636,402,56,64,49,56,67,68,67,54,67,71,72,69,68,71,53,58,38,51,42,38,53,52,63,38,73,70,63,50,69,72,65,74
[ 1024.792609] [AOA] Measurement: 0,1629148662.977045,08:55:31:70:ff:0a,2,1,1,0,128,766,888,307,730,425,829,799,453,380,891,283,891,286,831,657,254,916,58,497,778,593,6,642,1022,929,146,947,112,89,788,376,118,74,68,64,61,72,76,72,58,63,63,68,73,71,66,69,62,68,66,65,65,64,69,77,51,73,71,73,63,82,77,83,80
[ 1024.830370] [AOA] Measurement: 0,1629148663.014808,08:55:31:70:ff:0a,2,1,1,0,128,276,63,223,687,409,826,419,712,394,913,269,949,320,835,173,392,810,1014,482,761,522,998,650,28,1005,180,926,88,102,760,209,987,70,67,64,60,69,72,72,54,62,60,66,71,69,66,68,59,64,65,64,61,64,66,74,48,73,71,70,62,80,79,81,79
[ 1024.868110] [AOA] Measurement: 0,1629148663.052546,08:55:31:70:ff:0a,2,1,1,0,128,322,82,855,949,984,25,422,731,954,88,865,103,841,17,137,405,949,47,532,847,592,5,605,992,945,202,951,109,172,801,311,109,72,70,64,64,75,75,72,59,66,67,71,76,73,71,67,61,62,63,61,59,64,65,75,45,75,73,71,60,81,79,80,81
[ 1024.913231] [AOA] Measurement: 0,1629148663.097663,08:55:31:70:ff:0a,2,1,1,0,128,803,952,251,717,386,837,893,532,412,947,258,887,268,820,520,151,331,844,940,617,1015,813,66,806,385,958,950,102,114,779,756,515,74,72,67,67,76,79,76,61,68,68,69,77,74,70,72,65,65,68,67,64,70,68,81,50,78,76,77,67,85,83,84,86
[ 1024.953283] [AOA] Measurement: 0,1629148663.137721,08:55:31:70:ff:0a,2,1,1,0,128,299,94,792,913,953,12,328,644,417,931,293,955,842,19,153,421,841,1021,464,797,532,1013,629,1007,981,213,989,135,140,782,686,397,77,72,67,67,77,78,77,61,69,70,74,80,76,73,72,64,66,68,65,63,69,69,79,50,77,76,75,64,85,84,84,84
[ 1024.993340] [AOA] Measurement: 0,1629148663.177772,08:55:31:70:ff:0a,2,1,1,2,128,299,94,792,913,953,12,328,644,417,931,293,955,842,19,153,421,841,1021,464,797,532,1013,629,1007,981,213,989,135,140,782,686,397,74,72,67,67,76,79,76,61,68,68,69,77,74,70,72,65,65,68,67,64,70,68,81,50,78,76,77,67,85,83,84,86
[ 1025.042743] [AOA] Measurement: 0,1629148663.227175,08:55:31:70:ff:0a,2,1,1,0,128,743,927,324,732,443,815,870,515,423,932,353,935,834,1017,610,239,340,857,992,660,14,821,645,981,975,209,1015,112,93,763,83,931,81,77,79,72,75,78,78,69,77,71,77,79,77,74,79,72,79,75,78,76,74,76,81,70,81,78,81,76,82,82,84,82
[ 1025.093802] [AOA] Measurement: 0,1629148663.278233,08:55:31:70:ff:0a,2,1,1,0,128,844,1013,311,720,410,820,893,584,440,876,318,940,276,841,77,367,936,133,597,908,520,992,689,954,916,90,475,919,129,765,680,469,66,60,49,69,72,71,65,67,41,64,50,63,61,59,48,38,54,52,47,47,62,57,53,52,37,58,31,52,56,51,53,50
[ 1025.142977] [AOA] Measurement: 0,1629148663.327410,08:55:31:70:ff:0a,2,1,1,0,128,814,1002,448,771,386,791,852,540,451,870,296,910,270,832,580,163,388,962,83,673,1006,817,161,832,402,924,550,914,625,553,903,746,79,72,63,78,80,78,76,76,56,71,65,73,69,68,61,51,65,58,54,57,71,65,63,58,48,66,37,61,66,61,63,60
[ 1025.197228] [AOA] Measurement: 0,1629148663.381666,08:55:31:70:ff:0a,2,1,1,0,128,326,108,341,781,972,1011,865,510,453,936,267,881,319,818,128,429,960,123,551,852,617,54,638,995,917,126,992,106,137,787,842,528,73,65,54,75,76,75,71,70,49,69,59,70,66,65,54,46,59,57,52,52,69,65,61,59,44,63,36,57,62,58,63,59
[ 1025.241170] [AOA] Measurement: 0,1629148663.425607,08:55:31:70:ff:0a,2,1,1,0,128,386,206,929,929,922,1002,868,550,422,810,354,932,304,834,513,153,400,969,54,670,1013,822,144,792,441,999,547,928,173,796,334,141,73,70,72,69,68,70,73,67,76,65,78,76,78,74,74,70,78,66,73,79,75,77,82,70,80,74,73,74,82,80,82,84
[ 1025.283798] [AOA] Measurement: 0,1629148663.468236,08:55:31:70:ff:0a,2,1,1,0,128,857,11,320,798,422,829,900,557,477,895,258,891,211,750,571,183,396,914,1021,646,34,810,664,1002,921,125,973,72,129,750,702,483,83,77,73,80,80,79,83,76,72,73,78,84,83,80,74,68,79,67,68,76,78,80,81,70,70,77,60,77,82,77,82,78
[ 1025.326679] [AOA] Measurement: 0,1629148663.511117,08:55:31:70:ff:0a,2,1,1,0,128,817,990,404,809,958,988,889,568,457,896,318,930,831,978,100,382,410,954,542,823,580,8,590,957,973,114,489,969,134,755,208,1021,78,73,73,72,74,76,78,70,75,70,79,82,80,76,73,70,78,68,73,79,79,80,84,73,78,76,67,77,83,81,84,83
[ 1025.370683] [AOA] Measurement: 0,1629148663.555114,08:55:31:70:ff:0a,2,1,1,0,128,840,1010,913,934,931,982,412,775,998,75,837,92,814,979,591,199,997,175,577,851,576,1015,676,955,896,99,442,907,615,589,221,30,70,63,50,70,73,72,68,68,43,65,52,66,62,59,50,41,54,53,47,46,61,56,50,50,35,57,28,47,52,48,50,49
[ 1025.412179] [AOA] Measurement: 0,1629148663.596616,08:55:31:70:ff:0a,2,1,1,0,128,320,135,899,954,960,1019,374,742,437,931,845,82,856,1020,37,331,937,131,549,820,993,785,135,806,390,960,415,872,616,601,229,0,78,74,73,72,72,73,77,71,77,65,79,79,77,76,74,71,78,67,72,80,76,80,83,71,80,74,73,77,83,82,83,84
[ 1025.450047] [AOA] Measurement: 0,1629148663.634479,08:55:31:70:ff:0a,2,1,1,0,128,878,2,424,762,435,830,432,755,38,112,855,109,859,1023,33,360,942,150,92,693,510,988,637,943,968,125,19,47,167,787,405,198,75,73,75,68,69,71,75,65,75,62,78,75,74,71,74,71,77,66,72,77,73,76,83,69,81,70,76,74,82,81,82,83
[ 1025.491875] [AOA] Measurement: 0,1629148663.676311,08:55:31:70:ff:0a,2,1,1,0,128,749,957,377,776,392,821,853,568,454,914,330,949,258,785,561,183,354,903,91,685,1006,805,687,995,394,985,430,890,612,601,20,929,75,75,74,71,72,74,76,67,78,67,79,77,78,74,75,70,78,66,72,77,72,76,83,70,82,72,73,76,82,84,84,84
[ 1025.529684] [AOA] Measurement: 0,1629148663.714121,08:55:31:70:ff:0a,2,1,1,0,128,311,141,897,964,930,972,456,793,989,58,847,66,248,823,69,377,897,79,612,878,535,1023,605,968,948,145,1006,107,103,742,597,359,64,57,46,66,70,69,64,67,38,63,48,62,59,59,48,40,52,51,46,45,61,56,49,51,35,56,31,49,53,49,53,50
[ 1025.574139] [AOA] Measurement: 0,1629148663.758576,08:55:31:70:ff:0a,2,1,1,0,128,301,121,892,981,922,997,391,778,959,70,831,25,326,855,130,407,911,84,547,870,518,998,704,1007,929,135,985,107,66,749,388,187,80,76,75,79,77,75,80,74,77,70,82,83,80,78,74,71,79,67,72,76,78,76,82,71,76,75,67,78,83,81,83,82
[ 1025.616901] [AOA] Measurement: 0,1629148663.801339,08:55:31:70:ff:0a,2,1,1,0,128,865,999,919,987,933,999,346,691,427,913,243,859,292,805,570,178,386,893,973,623,1011,809,58,741,406,965,443,891,632,580,1013,910,84,78,77,80,79,80,82,78,78,72,81,83,82,78,76,71,80,68,70,78,79,78,83,73,78,77,69,79,85,84,84,83
[ 1025.660263] [AOA] Measurement: 0,1629148663.844695,08:55:31:70:ff:0a,2,1,1,0,128,816,1016,342,762,938,987,891,552,475,941,830,74,259,802,136,414,927,119,527,822,606,44,683,1017,885,89,5,90,116,809,291,50,74,71,71,69,69,70,73,66,76,64,77,74,75,72,72,71,76,66,70,76,71,74,79,69,80,73,73,76,81,82,81,84
[ 1025.701313] [AOA] Measurement: 0,1629148663.885751,08:55:31:70:ff:0a,2,1,1,0,128,766,1009,888,970,339,753,906,552,468,939,819,73,798,978,617,203,965,100,526,811,582,1002,703,996,938,129,997,48,597,584,527,266,66,60,49,69,69,68,65,66,40,64,48,60,58,56,45,36,52,50,44,40,57,49,46,46,30,51,29,42,46,42,45,42
[ 1025.739452] [AOA] Measurement: 0,1629148663.923886,08:55:31:70:ff:0a,2,1,1,0,128,781,929,331,742,359,766,896,575,459,921,254,861,253,792,553,164,383,906,1014,621,1005,796,120,811,383,961,417,903,558,561,959,847,71,69,72,67,67,70,75,67,76,63,77,77,76,74,73,70,79,66,72,78,74,76,85,70,81,72,74,77,81,83,84,83
[ 1025.781933] [AOA] Measurement: 0,1629148663.966365,08:55:31:70:ff:0a,2,1,1,0,128,325,113,289,727,991,1013,325,720,1019,95,835,37,813,998,151,409,958,134,544,831,543,1005,678,993,955,153,953,43,124,787,749,547,73,70,72,67,65,66,72,62,75,62,78,74,74,71,72,70,76,65,73,76,69,75,80,67,81,70,76,72,82,81,80,83
[ 1025.831405] [AOA] Measurement: 0,1629148664.015838,08:55:31:70:ff:0a,2,1,1,0,128,355,145,295,734,948,1004,824,523,456,914,294,902,308,822,604,207,898,78,27,668,589,6,644,978,978,178,1000,88,120,762,755,535,83,76,76,80,81,79,80,76,76,74,80,84,82,78,76,71,81,68,72,80,80,80,84,72,77,78,65,77,84,82,84,84
[ 1025.880484] [AOA] Measurement: 0,1629148664.064916,08:55:31:70:ff:0a,2,1,1,0,128,401,173,932,1006,968,6,375,723,453,935,890,105,805,988,551,194,389,900,1000,627,60,838,129,774,411,976,1023,110,89,780,658,440,77,74,72,73,73,75,78,70,76,66,79,79,75,75,74,70,79,66,71,79,75,79,83,72,82,74,72,78,84,84,84,85
[ 1025.930037] [AOA] Measurement: 0,1629148664.114476,08:55:31:70:ff:0a,2,1,1,0,128,798,963,310,743,354,763,901,596,430,871,315,903,316,830,603,182,938,129,518,824,580,4,661,960,958,131,391,859,576,561,772,606,64,60,48,67,72,69,66,68,40,64,50,62,60,58,48,40,54,50,46,44,60,55,50,51,35,55,29,48,53,49,51,49
[ 1025.967789] [AOA] Measurement: 0,1629148664.152226,08:55:31:70:ff:0a,2,1,1,0,128,811,973,367,804,380,799,843,523,375,885,294,892,273,817,541,170,364,935,89,702,573,15,605,950,407,989,963,56,139,759,199,1014,73,66,55,74,77,76,71,72,50,70,63,72,72,68,58,50,64,59,54,57,71,68,64,62,52,68,42,64,68,66,67,64
[ 1026.015541] [AOA] Measurement: 0,1629148664.199976,08:55:31:70:ff:0a,2,1,1,2,128,811,973,367,804,380,799,843,523,375,885,294,892,273,817,541,170,364,935,89,702,573,15,605,950,407,989,963,56,139,759,199,1014,71,69,72,67,67,70,75,67,76,63,77,77,76,74,73,70,79,66,72,78,74,76,85,70,81,72,74,77,81,83,84,83
[ 1026.064955] [AOA] Measurement: 0,1629148664.249387,08:55:31:70:ff:0a,2,1,1,0,128,861,1,971,969,932,979,398,771,33,64,854,56,284,833,119,419,952,163,600,854,997,810,137,779,458,985,74,128,87,783,75,892,82,78,76,78,79,80,83,77,76,73,79,83,82,78,74,69,79,66,69,74,80,79,82,71,76,77,63,77,83,81,82,80
[ 1026.113864] [AOA] Measurement: 0,1629148664.298297,08:55:31:70:ff:0a,2,1,1,0,128,319,150,963,1005,994,10,438,782,950,67,892,113,795,994,35,327,954,91,579,846,568,1023,660,972,948,130,984,78,608,594,768,597,85,76,70,81,82,81,83,79,70,75,78,81,82,76,72,64,76,65,66,72,78,76,74,69,68,75,53,75,80,76,79,77
[ 1026.157432] [AOA] Measurement: 0,1629148664.341868,08:55:31:70:ff:0a,2,1,1,0,128,786,935,344,738,373,780,872,527,427,922,338,934,241,798,508,121,373,910,31,660,73,839,661,986,929,146,938,50,581,546,656,548,82,76,72,79,78,78,79,77,71,72,74,83,81,77,71,69,75,66,66,72,78,79,79,71,70,77,56,76,81,78,78,79
[ 1026.200908] [AOA] Measurement: 0,1629148664.385345,08:55:31:70:ff:0a,2,1,1,0,128,789,993,366,789,376,803,834,537,416,905,270,899,296,819,552,190,383,886,10,664,2,813,54,740,356,918,481,962,161,788,58,726,77,74,76,71,72,74,79,71,80,67,80,80,78,75,77,70,80,69,74,80,75,77,85,71,81,75,73,77,84,84,85,83
[ 1026.244076] [AOA] Measurement: 0,1629148664.428515,08:55:31:70:ff:0a,2,1,1,0,128,333,160,293,750,399,829,844,534,1012,96,263,910,315,827,501,144,419,914,1009,640,14,838,60,778,374,968,412,896,617,605,853,692,63,58,45,65,69,66,58,61,36,61,47,56,57,56,45,36,50,50,46,43,59,55,47,48,31,53,31,45,49,44,48,43
[ 1026.286271] [AOA] Measurement: 0,1629148664.470704,08:55:31:70:ff:0a,2,1,1,0,128,305,124,871,930,972,1001,878,595,453,942,869,86,793,979,93,382,950,104,577,849,586,1016,695,990,931,119,1013,108,90,796,453,234,69,62,51,70,73,71,68,68,42,66,52,64,62,61,51,42,56,54,48,49,65,58,54,53,39,60,32,52,58,52,57,55
[ 1026.329398] [AOA] Measurement: 0,1629148664.513836,08:55:31:70:ff:0a,2,1,1,0,128,820,1005,377,765,391,804,937,594,465,933,318,921,835,25,118,424,970,152,557,847,603,34,622,982,933,126,944,72,120,782,596,383,61,54,43,64,66,64,60,61,36,61,45,56,57,53,42,33,49,48,46,41,58,51,46,47,31,53,29,44,49,45,47,45
[ 1026.367013] [AOA] Measurement: 0,1629148664.551450,08:55:31:70:ff:0a,2,1,1,0,128,843,1000,313,739,347,789,849,557,422,900,313,923,283,813,573,193,346,906,15,643,82,851,72,753,364,962,462,938,569,559,930,788,78,73,75,71,69,73,75,68,77,67,79,80,78,75,75,70,78,66,74,79,75,78,85,72,82,74,74,77,81,83,83,85
[ 1026.410602] [AOA] Measurement: 0,1629148664.595038,08:55:31:70:ff:0a,2,1,1,0,128,797,936,346,732,367,806,887,552,395,855,293,872,249,784,591,209,425,970,977,634,1013,805,80,791,370,963,478,929,71,743,269,51,84,77,67,82,83,83,81,80,67,76,76,81,81,76,69,64,76,66,66,72,81,78,79,71,68,77,57,76,81,78,81,79
[ 1026.453966] [AOA] Measurement: 0,1629148664.638403,08:55:31:70:ff:0a,2,1,1,0,128,374,177,893,987,1015,23,400,777,972,46,873,113,826,1008,95,392,917,94,589,866,550,998,603,923,1000,177,1004,133,99,783,730,500,77,76,74,78,78,75,80,73,76,71,80,81,79,77,72,69,77,68,69,78,77,81,84,72,74,78,64,77,83,81,84,81
[ 1026.496013] [AOA] Measurement: 0,1629148664.680446,08:55:31:70:ff:0a,2,1,1,0,128,761,941,328,776,407,807,844,536,402,916,269,882,286,828,607,210,943,113,1013,694,524,984,63,750,400,968,1014,59,602,559,933,845,82,76,75,75,75,76,79,72,78,70,80,81,80,75,76,72,80,69,74,79,77,81,84,71,79,78,70,77,84,83,84,86
[ 1026.539563] [AOA] Measurement: 0,1629148664.723995,08:55:31:70:ff:0a,2,1,1,0,128,317,145,957,942,412,854,420,793,459,892,925,140,810,991,16,322,951,145,605,867,509,1022,694,1014,919,82,75,71,573,555,200,59,74,73,72,69,69,69,75,67,76,65,76,78,76,73,75,71,78,68,73,79,76,79,83,69,81,73,74,76,83,82,82,84
[ 1026.581753] [AOA] Measurement: 0,1629148664.766192,08:55:31:70:ff:0a,2,1,1,0,128,318,136,962,971,934,979,445,796,1009,78,900,84,856,20,99,388,989,196,620,869,547,996,656,995,952,150,85,159,115,771,436,174,75,67,56,77,78,77,76,74,53,72,63,74,74,71,59,52,66,59,56,60,74,71,67,63,52,70,40,64,70,67,69,67
[ 1026.619483] [AOA] Measurement: 0,1629148664.803920,08:55:31:70:ff:0a,2,1,1,0,128,821,976,404,776,390,802,881,550,429,932,252,877,300,807,586,197,411,957,1018,636,1014,814,77,744,342,928,456,908,625,614,562,501,79,78,75,77,76,77,81,76,78,72,82,82,82,80,77,72,81,68,72,78,79,78,83,71,78,77,67,77,85,83,84,84
[ 1026.663574] [AOA] Measurement: 0,1629148664.848014,08:55:31:70:ff:0a,2,1,1,0,128,335,131,865,925,382,808,425,756,976,104,858,116,779,992,169,412,908,49,585,891,544,991,712,1021,921,119,956,69,128,806,880,583,70,65,53,73,78,76,70,72,50,69,57,68,67,64,55,45,61,56,51,54,69,64,59,59,46,64,36,56,61,56,61,60
[ 1026.701535] [AOA] Measurement: 0,1629148664.885973,08:55:31:70:ff:0a,2,1,1,0,128,306,143,907,946,417,794,902,580,489,919,336,924,257,794,604,220,1008,193,617,853,532,18,654,969,948,109,73,78,130,774,873,646,69,65,51,72,75,71,67,69,47,70,56,68,65,64,54,43,60,55,51,51,66,60,56,55,41,60,34,55,59,53,56,55
[ 1026.739366] [AOA] Measurement: 0,1629148664.923803,08:55:31:70:ff:0a,2,1,1,0,128,817,994,927,940,378,779,880,564,422,909,325,937,244,785,598,184,348,877,1019,641,994,796,135,814,939,123,1003,80,104,786,142,989,68,62,51,72,76,74,70,70,46,68,58,68,66,63,52,46,60,56,49,50,68,63,59,57,44,64,34,58,63,58,63,56
[ 1026.782972] [AOA] Measurement: 0,1629148664.967410,08:55:31:70:ff:0a,2,1,1,0,128,353,205,875,919,983,11,401,759,993,60,311,899,323,830,579,215,999,209,644,889,560,18,723,997,953,120,69,74,168,808,500,277,66,58,47,67,69,68,62,64,39,65,50,61,58,55,45,38,52,50,46,44,59,54,49,49,34,55,30,47,52,47,50,47
[ 1026.826883] [AOA] Measurement: 0,1629148665.011320,08:55:31:70:ff:0a,2,1,1,0,128,364,163,853,932,973,993,411,766,374,869,294,907,298,816,581,207,938,121,535,820,561,998,724,1011,940,134,964,92,105,793,786,631,78,75,75,72,73,75,77,71,78,69,80,80,79,77,76,72,80,66,70,78,74,77,82,71,79,76,72,79,85,83,84,86
[ 1026.869241] [AOA] Measurement: 0,1629148665.053673,08:55:31:70:ff:0a,2,1,1,0,128,758,944,921,949,962,21,369,710,955,42,865,64,770,974,573,193,424,939,605,875,42,855,83,776,1000,165,1000,112,92,741,580,366,76,73,75,71,70,73,75,69,77,67,77,77,74,72,74,70,77,65,72,79,73,77,83,70,82,73,75,76,83,82,84,84
[ 1026.907234] [AOA] Measurement: 0,1629148665.091671,08:55:31:70:ff:0a,2,1,1,0,128,806,947,341,756,436,822,409,772,987,88,822,66,781,952,583,170,972,87,20,681,1016,812,74,767,404,936,405,854,635,603,830,685,77,70,59,77,81,77,77,75,59,73,68,76,74,71,63,55,69,63,58,61,75,71,68,66,56,69,43,66,71,68,72,67
[ 1026.947251] [AOA] Measurement: 0,1629148665.131682,08:55:31:70:ff:0a,2,1,1,0,128,311,149,958,970,924,984,442,818,993,67,865,142,865,25,169,464,1001,202,630,860,553,4,685,965,942,112,93,111,140,785,125,848,83,76,72,79,80,80,80,78,71,73,77,83,81,77,71,65,77,67,66,74,80,78,81,70,69,75,54,72,79,75,78,78
[ 1026.992322] [AOA] Measurement: 0,1629148665.176761,08:55:31:70:ff:0a,2,1,1,0,128,358,160,365,729,399,812,916,605,413,836,348,910,260,798,600,194,957,147,92,707,1013,823,86,747,464,978,102,114,112,771,82,1008,84,77,69,79,82,79,81,77,67,73,74,82,78,77,67,61,73,64,65,70,78,76,76,69,64,74,51,72,75,71,75,74
[ 1027.033616] [AOA] Measurement: 0,1629148665.218049,08:55:31:70:ff:0a,2,1,1,0,128,858,0,338,771,994,13,844,529,406,929,292,920,246,811,543,152,315,885,1021,641,21,808,95,789,374,950,461,936,123,778,821,599,74,73,73,69,69,71,76,67,76,67,77,74,78,74,73,71,77,66,72,79,74,79,83,72,81,77,72,77,85,80,83,84
[ 1027.071666] [AOA] Measurement: 0,1629148665.256102,08:55:31:70:ff:0a,2,1,1,0,128,347,185,939,938,323,730,886,544,470,916,313,915,307,819,85,385,364,942,65,655,1019,816,147,782,407,938,509,941,638,584,346,164,76,73,72,67,71,73,75,69,78,66,81,78,76,74,74,70,78,67,72,77,74,77,83,70,80,74,72,74,84,82,83,83
[ 1027.109568] [AOA] Measurement: 0,1629148665.294004,08:55:31:70:ff:0a,2,1,1,0,128,318,121,874,950,934,967,372,743,1005,101,890,96,819,1009,169,422,954,123,556,857,560,10,707,1020,954,153,1006,109,137,771,4,757,82,78,76,77,78,78,81,75,78,70,80,81,81,78,77,71,82,68,71,80,79,81,85,72,81,76,72,78,83,82,82,84
[ 1027.148315] [AOA] Measurement: 0,1629148665.332748,08:55:31:70:ff:0a,2,1,1,0,128,835,994,345,731,390,808,872,575,437,865,343,949,259,834,567,174,959,188,560,826,547,0,666,1010,1000,139,65,78,129,756,272,29,81,75,76,77,78,76,78,73,78,70,82,82,82,79,75,70,81,68,72,79,80,80,81,72,76,75,67,77,83,82,84,83
[ 1027.194892] [AOA] Measurement: 0,1629148665.379328,08:55:31:70:ff:0a,2,1,1,0,128,798,974,348,767,951,1018,853,526,423,920,301,943,259,809,66,367,981,123,612,874,545,992,631,957,916,120,1004,92,34,733,474,239,74,70,70,68,68,70,74,67,76,65,77,76,74,73,74,70,79,65,70,78,73,77,84,70,79,75,72,77,82,82,84,83
[ 1027.237651] [AOA] Measurement: 0,1629148665.422087,08:55:31:70:ff:0a,2,1,1,0,128,789,954,359,787,406,812,893,580,970,62,287,912,299,822,622,194,363,876,1008,642,1005,795,117,788,394,954,422,918,617,594,952,730,79,74,75,74,72,74,79,70,79,69,81,80,78,76,76,71,78,67,73,80,73,78,85,70,81,73,75,76,82,82,82,85
[ 1027.284993] [AOA] Measurement: 0,1629148665.469426,08:55:31:70:ff:0a,2,1,1,0,128,825,976,323,753,444,814,879,578,431,888,259,860,254,768,506,131,374,911,7,659,597,1,81,784,390,931,430,888,565,546,69,1001,62,55,46,62,67,64,59,62,35,61,46,58,56,53,43,34,48,50,44,39,57,51,45,47,31,51,28,42,47,41,46,43
[ 1027.329164] [AOA] Measurement: 0,1629148665.513602,08:55:31:70:ff:0a,2,1,1,0,128,816,981,304,758,425,813,889,591,991,96,767,42,849,0,105,388,918,65,538,829,540,0,639,967,886,85,467,923,573,531,88,959,82,77,74,79,77,78,79,74,74,71,79,82,81,77,74,68,79,67,70,77,78,78,81,70,72,77,59,76,82,79,81,80
[ 1027.372077] [AOA] Measurement: 0,1629148665.556513,08:55:31:70:ff:0a,2,1,1,0,128,817,963,341,754,321,772,878,570,370,866,318,936,829,969,547,195,389,923,1014,630,598,39,633,973,935,120,987,112,100,717,912,823,64,58,47,67,71,66,64,65,40,64,47,60,59,56,48,38,53,52,46,46,61,54,50,49,36,55,31,47,52,47,51,49
[ 1027.422110] [AOA] Measurement: 0,1629148665.606542,08:55:31:70:ff:0a,2,1,1,0,128,355,165,864,950,401,807,877,524,461,922,265,880,223,731,563,140,396,932,980,619,42,843,127,777,376,949,417,909,136,786,323,121,80,75,76,77,77,78,81,75,79,73,82,83,83,80,76,72,80,68,71,79,78,77,82,72,79,76,69,78,84,80,84,83
[ 1027.471404] [AOA] Measurement: 0,1629148665.655838,08:55:31:70:ff:0a,2,1,1,0,128,773,946,357,740,471,853,423,744,943,38,919,98,810,982,183,419,962,103,555,876,558,1022,612,938,437,1003,416,900,94,741,90,1003,77,73,74,72,74,75,77,69,78,68,78,80,78,76,76,71,79,66,72,77,76,76,82,71,81,76,72,77,84,83,82,83
[ 1027.515615] [AOA] Measurement: 0,1629148665.700051,08:55:31:70:ff:0a,2,1,1,0,128,409,220,910,971,948,1003,401,779,1021,107,893,138,781,995,96,417,891,116,638,883,534,1009,692,1006,944,119,8,83,144,799,14,771,74,71,72,68,68,71,72,65,77,63,77,77,74,73,74,70,78,65,73,80,73,73,83,69,83,71,76,75,80,82,82,82
[ 1027.557137] [AOA] Measurement: 0,1629148665.741568,08:55:31:70:ff:0a,2,1,1,0,128,365,182,979,971,916,1000,399,765,26,50,823,61,816,1009,567,178,398,962,95,694,1010,817,142,790,408,954,47,70,615,587,167,1021,63,57,45,64,66,64,59,62,34,60,45,54,52,49,42,33,48,48,43,38,53,50,45,45,30,50,29,41,46,41,47,42
[ 1027.600757] [AOA] Measurement: 0,1629148665.785193,08:55:31:70:ff:0a,2,1,1,0,128,384,195,869,946,937,1002,373,768,996,65,874,88,871,1017,65,355,982,148,546,841,550,1012,664,991,970,157,1,142,156,830,432,3,62,57,44,65,71,67,62,65,38,62,48,59,59,57,45,37,52,52,46,44,60,55,48,51,35,55,30,47,51,47,52,47
[ 1027.644348] [AOA] Measurement: 0,1629148665.828787,08:55:31:70:ff:0a,2,1,1,0,128,333,152,890,969,955,1008,869,548,418,896,288,902,316,833,600,209,964,92,565,854,562,992,594,922,358,957,442,917,136,775,110,949,69,61,50,70,74,72,67,69,43,67,53,65,65,62,52,41,58,53,49,50,67,61,53,54,40,60,33,52,60,53,56,56
[ 1027.688117] [AOA] Measurement: 0,1629148665.872554,08:55:31:70:ff:0a,2,1,1,0,128,797,965,952,998,958,1001,398,732,434,912,300,948,815,977,556,177,967,155,72,713,5,800,698,1000,932,125,67,118,87,804,294,54,64,59,47,67,70,67,63,66,39,64,48,59,58,56,47,37,53,51,46,45,61,53,49,50,36,55,29,48,52,48,51,49
[ 1027.731785] [AOA] Measurement: 0,1629148665.916222,08:55:31:70:ff:0a,2,1,1,0,128,398,238,861,919,971,1002,922,631,474,935,883,76,870,29,44,392,356,961,573,867,564,1015,595,942,969,128,0,117,144,774,492,234,77,70,58,77,80,78,71,73,56,72,64,74,74,70,59,52,66,59,55,58,71,66,64,61,49,66,37,59,64,58,64,61
[ 1027.781025] [AOA] Measurement: 0,1629148665.965457,08:55:31:70:ff:0a,2,1,1,0,128,313,96,376,769,945,1002,432,804,966,101,858,84,829,983,609,207,380,932,31,645,50,849,193,825,1007,159,943,44,552,533,199,55,78,75,73,75,73,76,78,69,77,67,78,80,79,77,74,70,80,68,71,79,79,79,82,72,77,78,67,77,83,82,84,83
[ 1027.830306] [AOA] Measurement: 0,1629148666.014737,08:55:31:70:ff:0a,2,1,1,0,128,358,186,898,962,957,5,380,737,987,103,844,53,264,805,607,220,391,945,56,695,523,990,633,961,950,147,1005,103,95,764,584,331,67,59,49,70,73,71,67,66,44,67,54,66,63,61,49,44,58,56,47,48,66,60,57,55,42,60,34,55,59,55,60,54
[ 1027.869316] [AOA] Measurement: 0,1629148666.053753,08:55:31:70:ff:0a,2,1,1,0,128,845,972,346,732,473,833,417,784,414,884,217,857,263,809,594,192,412,962,23,663,574,1009,97,771,414,968,473,913,616,562,888,745,75,72,74,69,67,69,72,66,74,63,76,74,73,70,72,69,77,65,71,78,70,72,81,67,82,70,76,73,80,80,80,81
[ 1027.907166] [AOA] Measurement: 0,1629148666.091603,08:55:31:70:ff:0a,2,1,1,0,128,804,956,336,757,403,817,410,771,954,29,330,899,849,12,127,409,951,96,586,887,529,958,681,993,411,967,6,102,527,573,634,382,80,77,76,75,75,77,80,73,77,69,81,81,81,77,74,70,78,67,71,79,79,79,83,71,79,76,70,78,84,83,84,85
[ 1027.950150] [AOA] Measurement: 0,1629148666.134587,08:55:31:70:ff:0a,2,1,1,0,128,384,149,309,743,387,804,893,582,411,901,288,916,279,838,499,127,399,926,9,641,5,784,78,759,394,946,421,914,105,790,689,415,75,73,73,72,71,72,79,70,78,67,81,80,79,76,78,71,79,67,73,79,74,76,83,70,82,76,74,77,83,82,83,82
[ 1027.988198] [AOA] Measurement: 0,1629148666.172630,08:55:31:70:ff:0a,2,1,1,0,128,811,979,282,727,402,775,845,561,430,933,329,952,832,1007,588,201,345,910,547,846,1020,842,92,797,949,179,973,69,72,743,659,517,77,74,73,71,71,75,75,68,77,67,78,78,79,76,76,71,80,67,74,80,78,79,85,72,79,77,70,76,85,83,84,86
[ 1028.034796] [AOA] Measurement: 0,1629148666.219234,08:55:31:70:ff:0a,2,1,1,0,128,875,29,894,929,963,7,457,793,11,103,902,107,767,943,71,358,373,971,604,862,565,28,626,1010,371,910,482,892,632,599,48,958,77,74,74,70,69,72,75,69,77,66,78,79,76,74,76,71,79,69,73,80,74,77,84,70,83,74,75,75,83,82,83,83
[ 1028.080188] [AOA] Measurement: 0,1629148666.264619,08:55:31:70:ff:0a,2,1,1,0,128,821,976,957,1006,990,8,450,840,1004,81,894,107,763,971,544,165,946,117,631,904,564,1000,633,958,934,97,496,942,112,762,783,545,62,56,45,66,69,68,64,66,40,64,50,60,62,59,47,39,55,52,46,47,65,60,55,54,39,59,32,53,58,55,59,56
[ 1028.119123] [AOA] Measurement: 0,1629148666.303559,08:55:31:70:ff:0a,2,1,1,0,128,291,142,917,926,365,784,851,544,459,880,340,953,290,845,73,388,943,171,575,872,549,1016,679,957,377,910,526,927,606,573,327,169,77,74,74,74,71,74,77,71,75,66,80,81,79,77,77,70,79,67,74,80,75,78,84,71,80,75,70,78,83,82,82,84
[ 1028.157039] [AOA] Measurement: 0,1629148666.341476,08:55:31:70:ff:0a,2,1,1,0,128,896,9,339,754,960,972,427,757,941,37,911,76,839,1012,74,363,318,870,983,635,925,755,75,759,357,929,484,944,574,575,622,551,81,77,70,78,80,80,81,79,70,73,76,85,81,78,72,66,78,66,65,73,79,79,80,70,67,76,56,75,78,76,79,77
[ 1028.200413] [AOA] Measurement: 0,1629148666.384849,08:55:31:70:ff:0a,2,1,1,0,128,396,219,907,953,967,1020,381,750,953,82,888,108,813,1018,114,408,1003,120,581,881,557,4,631,964,920,129,14,133,169,830,951,527,84,79,73,78,80,80,79,76,77,74,82,84,82,78,75,71,79,71,71,79,80,80,85,73,80,78,68,79,86,82,86,85
[ 1028.238100] [AOA] Measurement: 0,1629148666.422538,08:55:31:70:ff:0a,2,1,1,0,128,798,953,382,771,436,849,435,765,992,59,818,65,824,1001,113,424,1001,145,574,844,530,963,617,927,387,946,415,914,578,572,928,810,63,58,45,66,69,67,62,63,38,61,46,59,56,53,43,35,50,50,45,43,59,51,48,48,31,52,29,44,49,43,47,43
[ 1028.282379] [AOA] Measurement: 0,1629148666.466811,08:55:31:70:ff:0a,2,1,1,0,128,335,127,363,783,392,815,875,534,449,918,302,909,307,855,543,166,395,932,42,644,5,797,675,960,950,143,1015,49,126,773,38,837,84,78,75,80,79,80,81,76,74,74,79,83,81,80,76,67,78,66,69,75,78,80,82,73,74,76,62,77,84,81,81,80
[ 1028.328713] [AOA] Measurement: 0,1629148666.513150,08:55:31:70:ff:0a,2,1,1,0,128,837,999,894,957,921,981,801,480,463,921,825,84,821,1,69,382,910,89,550,847,509,986,688,1001,951,126,26,101,77,771,986,759,73,68,55,75,75,75,70,71,49,69,58,70,69,65,55,48,59,56,50,52,67,65,60,59,46,63,35,56,62,57,61,59
[ 1028.371746] [AOA] Measurement: 0,1629148666.556182,08:55:31:70:ff:0a,2,1,1,0,128,348,178,956,986,949,2,399,758,477,931,784,59,868,1000,79,372,908,155,598,853,539,1018,664,993,995,101,51,60,561,543,398,248,56,51,42,58,62,58,54,56,35,54,43,54,54,48,40,32,47,45,39,39,53,49,46,45,30,48,25,44,46,40,45,43
[ 1028.412351] [AOA] Measurement: 0,1629148666.596786,08:55:31:70:ff:0a,2,1,1,0,128,788,954,879,952,1018,13,389,745,6,104,844,87,294,847,592,187,390,940,23,644,6,823,133,782,386,948,431,920,600,571,461,353,78,75,74,72,71,77,77,70,77,68,78,79,79,76,76,70,80,68,72,80,77,79,85,70,80,75,72,77,84,83,83,85
[ 1028.457104] [AOA] Measurement: 0,1629148666.641542,08:55:31:70:ff:0a,2,1,1,0,128,341,140,908,980,398,800,462,753,412,895,326,937,310,837,560,186,390,901,26,655,78,832,65,768,393,948,490,965,112,783,438,255,79,75,76,74,72,75,77,71,80,70,82,80,78,75,78,72,80,68,72,79,75,75,84,71,80,74,75,76,84,82,83,85
[ 1028.500750] [AOA] Measurement: 0,1629148666.685186,08:55:31:70:ff:0a,2,1,1,0,128,862,999,901,960,371,827,871,576,458,928,847,56,880,16,90,388,910,103,554,864,563,0,660,987,908,106,998,74,621,581,443,237,82,76,74,76,79,81,80,74,76,72,82,84,81,79,76,70,79,68,71,76,81,81,84,71,75,76,63,78,82,79,83,81
[ 1028.543783] [AOA] Measurement: 0,1629148666.728219,08:55:31:70:ff:0a,2,1,1,0,128,818,5,381,763,456,858,866,556,442,882,294,915,239,814,529,176,392,993,83,697,39,855,99,771,407,923,515,914,591,557,55,899,71,73,72,68,68,71,76,65,76,64,80,75,74,75,74,70,75,67,72,78,74,77,84,71,82,74,75,77,82,82,82,84
[ 1028.585264] [AOA] Measurement: 0,1629148666.769697,08:55:31:70:ff:0a,2,1,1,0,128,766,962,294,701,439,811,871,548,423,875,315,940,301,840,606,219,409,902,1003,666,999,791,126,776,374,951,375,898,608,582,593,437,83,77,69,79,82,81,81,77,68,74,76,83,80,78,70,64,76,67,65,72,79,77,79,69,66,76,53,74,79,74,80,76
[ 1028.629190] [AOA] Measurement: 0,1629148666.813621,08:55:31:70:ff:0a,2,1,1,0,128,772,956,303,733,442,845,848,538,429,894,338,928,853,1009,582,187,978,110,550,830,2,782,107,758,381,977,983,59,95,780,320,116,58,56,53,55,55,56,58,53,54,50,55,60,59,56,53,50,58,49,51,56,57,57,59,52,54,54,48,56,60,57,60,59
[ 1028.671669] [AOA] Measurement: 0,1629148666.856102,08:55:31:70:ff:0a,2,1,1,0,128,828,1007,920,995,916,957,420,758,383,881,849,97,841,1003,545,169,958,120,568,885,554,990,614,959,352,937,439,898,615,577,357,149,80,75,75,76,80,79,80,74,75,71,79,82,82,78,75,70,80,69,71,79,82,81,83,73,77,77,67,79,84,82,83,83
[ 1028.720283] [AOA] Measurement: 0,1629148666.904719,08:55:31:70:ff:0a,2,1,1,0,128,336,159,338,758,407,807,874,593,441,885,276,928,260,799,523,142,371,949,14,617,995,815,171,804,948,126,521,908,597,598,430,241,85,78,75,80,80,81,80,77,77,71,81,82,82,79,75,69,79,69,72,81,80,81,85,73,78,77,68,78,84,83,83,85
[ 1028.757988] [AOA] Measurement: 0,1629148666.942420,08:55:31:70:ff:0a,2,1,1,0,128,823,1018,843,925,959,1008,824,540,453,887,312,913,274,803,538,158,430,963,597,887,525,1007,682,1011,966,161,974,85,84,761,941,699,70,62,52,72,75,72,68,69,46,66,52,64,64,60,50,42,57,54,47,47,61,57,54,52,38,60,31,50,54,49,52,48
[ 1028.801305] [AOA] Measurement: 0,1629148666.985737,08:55:31:70:ff:0a,2,1,1,0,128,350,140,892,988,894,922,845,545,438,891,849,84,221,759,525,151,427,978,9,652,29,835,102,758,382,956,423,918,544,550,674,569,80,77,74,76,74,79,79,72,76,71,78,81,81,79,75,70,80,68,72,78,79,80,82,72,77,76,65,77,82,81,83,80
[ 1028.844435] [AOA] Measurement: 0,1629148667.028867,08:55:31:70:ff:0a,2,1,1,0,128,360,209,947,955,392,817,893,566,441,858,300,901,279,819,513,133,433,1001,654,901,542,993,650,992,986,103,72,97,120,752,597,354,76,73,75,71,71,74,75,68,76,65,79,77,76,73,75,71,78,66,74,80,75,75,83,69,82,73,76,77,82,82,83,84
[ 1028.893559] [AOA] Measurement: 0,1629148667.077990,08:55:31:70:ff:0a,2,1,1,0,128,830,981,367,757,419,832,823,495,426,879,262,864,281,805,535,161,345,927,59,681,1019,822,137,797,951,126,455,897,158,824,586,453,82,77,74,77,79,81,82,76,77,72,80,84,84,78,75,69,78,68,71,79,79,81,84,72,75,78,64,76,82,79,81,79
[ 1028.935913] [AOA] Measurement: 0,1629148667.120344,08:55:31:70:ff:0a,2,1,1,0,128,849,995,899,953,914,1021,880,542,439,890,340,963,850,4,86,409,905,73,500,783,12,807,66,781,421,970,424,915,153,786,659,465,83,78,74,80,79,80,82,76,75,72,80,83,83,79,75,68,78,67,68,77,79,80,82,73,75,78,61,76,82,80,81,80
[ 1028.974234] [AOA] Measurement: 0,1629148667.158672,08:55:31:70:ff:0a,2,1,1,0,128,802,963,341,730,417,840,820,531,395,888,331,918,267,815,610,223,332,900,1018,628,995,809,32,753,371,948,494,926,99,719,927,679,78,77,74,74,74,77,80,73,78,69,82,82,81,76,77,73,82,69,74,80,75,79,85,70,81,75,72,77,82,80,85,85
[ 1029.015064] [AOA] Measurement: 0,1629148667.199497,08:55:31:70:ff:0a,2,1,1,0,128,839,986,340,762,415,831,433,754,991,88,795,55,773,941,130,414,984,124,534,828,14,790,178,810,416,1002,975,87,171,796,460,169,76,71,73,68,69,68,71,65,77,61,77,75,74,71,73,69,77,64,70,76,69,73,79,66,80,69,76,74,79,79,79,83
[ 1029.059055] [AOA] Measurement: 0,1629148667.243494,08:55:31:70:ff:0a,2,1,1,0,128,884,9,398,756,345,769,911,584,494,936,823,60,284,806,550,178,936,203,597,880,531,1006,658,970,999,131,102,121,105,769,219,20,77,74,73,74,74,74,76,70,75,67,79,79,77,75,75,69,80,67,72,80,76,78,85,71,81,76,74,79,85,82,84,84
[ 1029.102476] [AOA] Measurement: 0,1629148667.286913,08:55:31:70:ff:0a,2,1,1,0,128,347,150,903,955,963,1005,406,755,991,71,314,941,778,974,510,122,414,962,68,698,528,990,93,772,390,962,402,903,549,553,586,442,82,76,67,80,82,81,81,77,64,74,74,78,78,73,66,60,73,64,62,68,78,73,73,67,60,74,46,69,75,69,74,70
[ 1029.144564] [AOA] Measurement: 0,1629148667.328998,08:55:31:70:ff:0a,2,1,1,0,128,388,164,884,971,1010,15,415,781,953,53,830,57,860,1020,131,440,900,90,587,853,562,996,119,810,943,146,62,175,119,784,819,452,79,75,75,72,73,75,79,72,77,66,80,80,79,75,78,72,78,68,72,79,76,80,84,70,80,75,72,77,84,83,84,85
[ 1029.189607] [AOA] Measurement: 0,1629148667.374039,08:55:31:70:ff:0a,2,1,1,0,128,807,948,367,767,441,840,825,558,421,914,251,898,281,816,106,401,914,84,586,868,537,1004,689,971,940,142,958,85,75,771,842,605,83,78,72,78,81,79,80,76,73,73,77,82,79,76,71,66,78,67,68,75,80,79,81,70,70,75,58,74,79,78,79,76
[ 1029.232413] [AOA] Measurement: 0,1629148667.416851,08:55:31:70:ff:0a,2,1,1,0,128,415,232,912,933,388,837,471,788,1022,70,843,80,854,1005,132,417,933,124,638,888,564,4,674,997,987,135,61,132,95,763,270,1008,69,62,48,70,74,72,68,68,44,67,54,67,63,60,51,42,58,54,49,50,68,61,57,55,43,62,34,57,62,56,59,57
[ 1029.275853] [AOA] Measurement: 0,1629148667.460290,08:55:31:70:ff:0a,2,1,1,0,128,339,154,952,997,923,1011,362,717,387,834,252,885,254,810,569,181,375,955,605,856,979,779,143,809,438,969,20,101,156,791,990,742,79,75,75,75,75,75,80,73,78,69,81,81,79,76,75,71,79,67,72,79,78,78,83,72,80,76,72,78,83,83,83,85
[ 1029.314167] [AOA] Measurement: 0,1629148667.498603,08:55:31:70:ff:0a,2,1,1,0,128,359,176,968,965,964,11,371,733,440,889,305,896,262,807,512,159,370,945,72,666,26,819,131,758,435,978,519,925,147,761,586,265,77,73,74,69,72,72,78,69,76,66,80,79,77,75,77,73,79,68,74,78,77,78,85,72,80,77,73,76,84,83,84,85
[ 1029.358202] [AOA] Measurement: 0,1629148667.542638,08:55:31:70:ff:0a,2,1,1,0,128,801,970,318,751,412,809,877,560,464,944,268,878,251,777,565,194,371,927,48,663,1011,807,134,807,374,970,14,116,103,743,216,911,83,77,73,81,82,82,83,78,75,75,79,85,82,77,73,67,77,66,68,74,79,77,79,70,71,75,57,76,80,76,80,78
[ 1029.407538] [AOA] Measurement: 0,1629148667.591974,08:55:31:70:ff:0a,2,1,1,0,128,343,180,933,970,967,10,433,772,6,76,804,62,278,787,571,193,441,9,622,854,1013,831,676,969,976,143,39,84,94,757,321,57,64,59,47,68,72,68,64,65,40,64,52,64,63,59,47,39,54,52,48,46,64,57,51,52,36,59,32,53,55,52,56,52
[ 1029.451484] [AOA] Measurement: 0,1629148667.635917,08:55:31:70:ff:0a,2,1,1,0,128,823,1004,363,772,944,15,806,531,1017,99,271,868,851,13,561,168,389,895,45,680,559,994,680,990,935,149,958,91,130,769,54,855,73,66,54,75,78,76,73,73,52,72,61,73,71,67,59,50,63,57,53,56,70,67,63,59,48,65,37,58,62,61,64,62
[ 1029.498179] [AOA] Measurement: 0,1629148667.682618,08:55:31:70:ff:0a,2,1,1,0,128,833,966,354,776,380,787,895,537,443,882,295,895,207,719,539,131,414,925,1010,644,15,798,125,778,396,952,465,934,589,571,162,58,65,59,47,68,68,66,64,66,42,64,52,63,61,58,47,39,53,53,46,47,62,54,50,50,36,57,31,47,51,47,53,47
[ 1029.545373] [AOA] Measurement: 0,1629148667.729804,08:55:31:70:ff:0a,2,1,1,0,128,379,193,852,949,410,799,910,581,464,915,862,73,846,1014,549,185,380,948,2,661,14,812,622,954,908,105,977,87,95,784,706,575,67,60,50,69,72,69,66,67,43,67,51,64,63,60,51,39,55,51,48,46,63,56,50,50,37,58,31,48,53,49,54,49
[ 1029.589167] [AOA] Measurement: 0,1629148667.773604,08:55:31:70:ff:0a,2,1,1,0,128,788,951,323,709,439,828,823,520,423,871,264,890,248,781,525,149,404,936,951,589,77,871,113,781,369,933,458,944,126,815,996,760,82,74,66,79,80,80,76,75,63,73,71,76,75,73,64,58,70,61,59,65,76,73,71,65,56,70,43,67,70,67,69,67
[ 1029.633169] [AOA] Measurement: 0,1629148667.817607,08:55:31:70:ff:0a,2,1,1,0,128,833,994,918,957,990,21,386,739,495,921,330,943,819,1013,4,335,415,975,595,840,592,1010,669,1004,931,115,32,81,117,775,512,313,78,74,74,72,74,75,78,72,79,69,81,80,78,75,73,70,78,66,70,80,77,77,81,72,80,78,70,78,83,83,83,83
[ 1029.674955] [AOA] Measurement: 0,1629148667.859387,08:55:31:70:ff:0a,2,1,1,0,128,810,995,431,792,454,860,454,770,501,901,347,929,268,805,638,220,450,1011,66,664,1004,788,120,765,490,992,82,90,138,768,868,571,74,72,73,70,69,72,73,68,76,64,77,76,75,72,74,70,77,65,73,79,74,77,83,68,82,73,76,76,83,81,82,84
[ 1029.718090] [AOA] Measurement: 0,1629148667.902525,08:55:31:70:ff:0a,2,1,1,0,128,798,962,296,705,412,822,909,576,368,865,311,911,267,821,539,180,967,115,985,624,1013,847,75,773,450,978,1013,76,166,780,161,939,75,72,74,69,70,71,75,68,77,65,79,78,77,75,74,71,77,67,72,78,72,78,82,71,80,76,73,77,82,82,83,83
[ 1029.761320] [AOA] Measurement: 0,1629148667.945751,08:55:31:70:ff:0a,2,1,1,0,128,856,1014,299,758,428,848,433,788,421,918,301,912,844,1001,105,391,947,110,544,833,574,995,641,975,944,93,993,89,162,817,432,252,78,74,76,74,74,73,80,72,79,70,81,81,81,77,78,74,82,69,73,80,77,78,83,72,81,76,73,77,85,83,84,85
[ 1029.804005] [AOA] Measurement: 0,1629148667.988435,08:55:31:70:ff:0a,2,1,1,0,128,386,189,873,954,934,1022,394,771,1000,69,903,112,832,1005,157,438,964,152,625,872,551,1009,679,999,922,105,982,53,172,826,371,41,63,59,48,68,71,65,64,66,39,64,49,60,59,57,44,38,51,50,45,42,58,54,50,49,34,55,32,48,51,47,52,49
[ 1029.851043] [AOA] Measurement: 0,1629148668.035479,08:55:31:70:ff:0a,2,1,1,0,128,353,151,310,749,376,777,862,555,400,888,262,860,258,812,533,127,395,955,29,636,19,830,667,969,956,154,5,105,89,765,955,722,80,73,75,76,77,76,81,75,77,69,80,82,80,77,76,70,80,69,70,79,79,77,82,71,78,78,66,77,83,81,83,83
[ 1029.888411] [AOA] Measurement: 0,1629148668.072850,08:55:31:70:ff:0a,2,1,1,0,128,345,143,905,947,950,1017,422,794,932,45,889,122,813,1009,71,388,828,49,551,842,975,773,754,36,948,146,6,108,155,813,120,810,71,70,71,70,69,70,73,68,77,64,78,78,75,73,75,69,78,66,73,78,74,76,84,71,80,73,73,77,83,82,84,83
[ 1029.931176] [AOA] Measurement: 0,1629148668.115613,08:55:31:70:ff:0a,2,1,1,0,128,789,960,899,982,960,982,447,780,988,89,323,911,820,5,143,445,918,94,555,858,557,1008,687,1005,902,103,963,98,85,764,287,44,68,62,51,70,72,72,69,70,45,68,55,66,64,61,51,43,56,51,47,49,64,58,53,53,37,58,32,52,53,50,53,54
[ 1029.968436] [AOA] Measurement: 0,1629148668.152872,08:55:31:70:ff:0a,2,1,1,0,128,386,195,915,986,925,1007,447,790,958,31,886,109,840,1011,98,379,915,109,608,872,533,1007,664,990,906,100,32,117,120,764,187,963,83,77,72,82,80,81,82,77,67,75,73,80,80,75,70,62,74,65,63,69,80,75,76,67,63,74,50,71,76,74,73,71
[ 1030.011270] [AOA] Measurement: 0,1629148668.195706,08:55:31:70:ff:0a,2,1,1,0,128,310,147,903,946,948,1000,401,744,1014,73,859,101,775,1010,83,355,434,950,12,671,523,994,53,742,392,969,451,917,68,735,602,397,69,61,50,70,73,71,67,68,43,68,54,65,63,61,50,42,56,52,47,48,65,58,55,53,39,60,32,52,58,53,58,53
[ 1030.049107] [AOA] Measurement: 0,1629148668.233539,08:55:31:70:ff:0a,2,1,1,0,128,338,126,347,755,409,818,430,751,963,69,937,134,831,10,61,343,397,949,583,840,1017,788,137,797,409,953,7,88,75,763,993,718,76,74,75,69,71,72,74,68,75,63,79,76,74,73,74,71,78,64,72,77,73,75,82,69,82,72,79,74,81,81,80,84
[ 1030.091228] [AOA] Measurement: 0,1629148668.275660,08:55:31:70:ff:0a,2,1,1,0,128,826,995,890,933,947,1012,452,780,955,59,313,904,266,822,556,191,942,96,598,864,603,9,650,978,914,112,936,54,635,630,876,611,80,74,76,74,72,75,77,72,78,69,82,81,80,75,74,70,80,69,73,80,80,81,84,72,79,75,70,77,83,83,85,85
[ 1030.133358] [AOA] Measurement: 0,1629148668.317790,08:55:31:70:ff:0a,2,1,1,0,128,829,1020,368,773,373,802,414,765,412,918,862,112,813,1010,61,358,881,75,600,880,575,18,703,8,968,124,957,38,86,750,454,229,76,70,58,77,79,76,76,74,54,71,64,73,73,68,57,50,65,56,54,57,71,67,62,61,50,66,37,60,66,61,64,60
[ 1030.182273] [AOA] Measurement: 0,1629148668.366705,08:55:31:70:ff:0a,2,1,1,0,128,295,172,967,1,936,977,446,813,961,43,916,84,820,13,118,399,912,118,651,918,574,8,638,949,953,155,1005,57,119,770,40,724,80,76,76,75,77,78,79,74,76,71,80,83,82,79,77,72,81,67,74,80,79,82,84,70,78,76,69,80,83,82,84,86
[ 1030.228708] [AOA] Measurement: 0,1629148668.413145,08:55:31:70:ff:0a,2,1,1,0,128,353,185,882,939,470,869,414,791,388,885,283,893,233,772,580,191,440,936,16,647,965,803,138,824,927,132,1013,103,118,771,909,625,77,74,72,74,73,74,78,69,75,66,79,79,78,77,73,71,80,67,71,79,77,79,82,70,77,73,69,76,84,82,84,84
[ 1030.272425] [AOA] Measurement: 0,1629148668.456863,08:55:31:70:ff:0a,2,1,1,0,128,857,994,347,749,369,791,916,564,464,897,244,882,247,783,605,227,384,971,62,693,572,1000,138,787,926,125,35,85,596,563,749,670,76,73,75,70,69,74,74,68,78,65,79,80,76,75,76,71,78,67,72,79,75,77,83,72,81,76,74,77,84,83,83,84
[ 1030.315880] [AOA] Measurement: 0,1629148668.500313,08:55:31:70:ff:0a,2,1,1,0,128,797,971,327,743,906,984,899,569,988,44,900,103,808,1005,565,194,955,125,620,888,514,995,689,996,960,161,905,21,156,787,371,136,79,75,73,72,75,76,78,72,76,68,79,82,79,74,75,69,81,68,72,81,79,79,83,72,80,77,70,78,83,81,84,84
[ 1030.359646] [AOA] Measurement: 0,1629148668.544082,08:55:31:70:ff:0a,2,1,1,0,128,324,163,903,983,965,0,452,803,465,902,266,922,786,985,77,342,944,104,533,845,580,2,62,765,407,984,468,949,145,797,828,642,75,72,71,66,66,70,73,65,76,59,77,75,71,71,75,70,78,66,72,78,74,77,83,70,82,75,74,75,81,79,81,84
[ 1030.396900] [AOA] Measurement: 0,1629148668.581336,08:55:31:70:ff:0a,2,1,1,0,128,797,999,376,747,382,820,842,536,456,881,303,906,272,802,117,393,432,1017,629,871,551,1002,730,998,956,122,34,55,128,755,679,479,77,75,73,70,69,70,75,66,78,66,79,76,75,71,76,71,77,67,72,78,70,76,82,69,80,69,77,74,83,83,82,86
[ 1030.438404] [AOA] Measurement: 0,1629148668.622835,08:55:31:70:ff:0a,2,1,1,0,128,792,964,332,759,413,823,872,583,459,933,285,929,285,816,600,206,371,928,1014,660,11,812,114,777,393,956,993,96,96,734,383,270,71,62,50,71,74,70,67,67,44,68,55,67,65,63,52,43,58,55,49,51,66,63,56,55,40,61,34,55,58,53,58,53
[ 1030.482281] [AOA] Measurement: 0,1629148668.666716,08:55:31:70:ff:0a,2,1,1,0,128,294,143,886,960,412,783,876,565,980,63,290,901,250,781,489,96,386,944,37,659,40,845,653,1007,954,122,983,63,161,775,563,320,79,76,74,77,78,78,81,74,75,72,78,82,82,81,75,69,78,67,67,76,77,77,77,70,74,78,61,77,83,79,82,80
[ 1030.521275] [AOA] Measurement: 0,1629148668.705712,08:55:31:70:ff:0a,2,1,1,0,128,334,138,314,727,442,825,411,733,987,86,787,69,823,990,102,403,888,73,578,883,500,999,670,19,947,151,962,83,140,781,534,270,74,67,55,76,80,77,73,73,52,71,62,73,69,66,58,49,64,60,54,57,70,66,62,58,48,66,37,59,64,62,66,64
[ 1030.564931] [AOA] Measurement: 0,1629148668.749368,08:55:31:70:ff:0a,2,1,1,0,128,835,997,885,942,332,804,899,557,426,903,330,940,300,854,548,189,367,905,4,609,1012,826,157,827,406,947,982,69,96,742,321,103,78,70,58,76,80,77,73,74,54,70,61,72,71,67,57,49,63,57,54,56,68,65,61,59,46,65,35,58,64,58,61,59
[ 1030.625699] [AOA] Measurement: 0,1629148668.810135,08:55:31:70:ff:0a,2,1,1,0,128,821,981,368,778,945,1008,410,745,1000,73,886,102,800,974,594,197,990,121,584,861,588,1019,630,923,424,1009,949,57,582,573,336,132,78,71,61,77,82,80,76,77,57,71,66,75,73,70,61,52,67,58,55,59,72,68,64,61,51,68,37,61,65,62,65,61
[ 1030.663611] [AOA] Measurement: 0,1629148668.848048,08:55:31:70:ff:0a,2,1,1,0,128,796,934,309,731,407,812,855,562,371,865,341,946,226,807,591,182,385,935,982,619,1001,812,63,768,433,984,992,70,135,794,390,195,84,79,75,80,80,80,81,76,73,73,78,83,81,77,70,68,79,67,68,77,79,81,82,72,71,74,60,75,81,78,82,81
[ 1030.704966] [AOA] Measurement: 0,1629148668.889398,08:55:31:70:ff:0a,2,1,1,0,128,873,15,848,955,932,972,874,572,455,921,281,873,264,815,543,182,374,917,1023,649,1,804,102,751,392,976,937,34,146,776,286,130,86,78,73,80,83,83,83,78,75,74,80,85,82,80,76,69,78,68,71,78,80,80,83,73,73,77,63,78,85,81,82,83
[ 1030.749262] [AOA] Measurement: 0,1629148668.933700,08:55:31:70:ff:0a,2,1,1,0,128,829,977,382,793,932,1005,888,584,980,68,858,84,807,988,593,198,927,83,593,878,563,1010,638,941,407,992,446,884,128,756,80,908,69,64,63,65,64,68,68,64,66,60,68,69,69,66,65,61,69,57,61,66,64,66,70,61,68,64,58,65,70,70,69,70
[ 1030.792514] [AOA] Measurement: 0,1629148668.976951,08:55:31:70:ff:0a,2,1,1,0,128,340,129,300,710,931,986,850,550,407,884,307,955,324,837,549,153,430,953,42,665,1016,811,108,792,428,963,419,920,529,546,908,760,79,76,75,74,75,76,79,72,77,68,81,81,77,76,75,71,77,67,73,80,80,78,85,72,82,75,72,78,85,85,83,85
[ 1030.834531] [AOA] Measurement: 0,1629148669.018962,08:55:31:70:ff:0a,2,1,1,0,128,389,166,970,23,971,15,479,828,0,98,888,96,822,991,134,416,932,78,547,846,494,997,683,995,916,133,998,120,164,816,922,653,82,76,75,77,76,78,78,73,77,71,82,84,81,78,76,71,80,69,73,80,79,82,85,74,82,77,70,79,81,83,85,84
[ 1030.894073] [AOA] Measurement: 0,1629148669.078508,08:55:31:70:ff:0a,2,1,1,0,128,299,154,361,738,427,829,871,572,435,865,869,96,783,1003,54,382,966,170,630,877,521,1000,677,1007,1011,152,93,104,107,769,539,414,83,77,73,78,79,77,81,77,73,73,78,82,81,77,70,66,73,66,65,72,77,77,77,70,67,75,53,74,78,75,77,74
[ 1030.932019] [AOA] Measurement: 0,1629148669.116455,08:55:31:70:ff:0a,2,1,1,0,128,303,148,861,925,407,827,813,532,406,903,295,897,306,843,581,176,940,94,4,625,7,796,104,778,368,944,17,126,60,772,219,30,68,61,51,71,73,73,66,69,45,67,53,63,60,60,47,40,56,53,48,48,63,60,55,51,37,59,31,52,57,51,54,52
[ 1030.972230] [AOA] Measurement: 0,1629148669.156662,08:55:31:70:ff:0a,2,1,1,0,128,384,208,918,971,920,1000,474,813,961,81,810,56,834,1013,128,398,909,72,577,846,549,1016,102,787,398,978,974,109,145,788,964,636,64,58,45,66,70,66,63,63,39,64,48,60,57,56,44,34,51,50,45,41,58,53,46,47,30,54,29,43,48,45,48,46
[ 1031.018082] [AOA] Measurement: 0,1629148669.202442,08:55:31:70:ff:0a,2,1,1,0,128,834,987,294,738,438,828,868,547,441,899,262,922,268,821,511,162,348,903,72,650,609,12,700,998,933,145,417,902,132,813,405,272,72,70,70,68,65,70,71,64,76,64,78,78,76,74,75,72,78,68,72,79,74,76,81,69,82,72,74,75,81,83,83,83
[ 1031.061878] [AOA] Measurement: 0,1629148669.246315,08:55:31:70:ff:0a,2,1,1,0,128,763,967,369,739,442,835,919,570,426,890,239,869,254,771,551,158,342,934,17,628,37,816,26,731,399,965,476,898,539,556,700,535,73,72,72,69,71,72,75,67,75,67,78,77,74,75,73,69,80,67,73,78,76,79,84,71,81,76,74,78,82,83,83,82
[ 1031.099552] [AOA] Measurement: 0,1629148669.283988,08:55:31:70:ff:0a,2,1,1,0,128,770,962,304,746,410,794,938,594,1020,93,845,76,805,1023,77,386,923,106,468,825,617,36,651,980,906,130,368,865,547,556,365,198,66,61,48,69,71,70,66,67,43,69,53,63,63,60,50,42,57,51,48,48,65,62,55,56,38,61,33,53,58,55,60,54
[ 1031.143767] [AOA] Measurement: 0,1629148669.328203,08:55:31:70:ff:0a,2,1,1,0,128,356,149,924,986,1014,5,425,751,982,75,823,65,765,960,99,384,378,906,15,663,1,817,161,800,990,141,1007,114,93,770,281,84,78,73,75,70,72,72,74,68,76,65,78,77,78,73,73,71,78,68,71,76,76,76,82,70,78,75,72,77,84,83,84,84
[ 1031.185061] [AOA] Measurement: 0,1629148669.369494,08:55:31:70:ff:0a,2,1,1,0,128,839,976,375,782,395,795,850,572,436,908,244,842,325,819,583,168,407,928,0,645,561,1022,695,973,921,105,989,59,162,825,805,483,83,75,74,80,80,79,79,74,71,73,80,83,82,80,76,67,79,68,67,76,80,78,80,70,70,74,58,73,79,76,78,75
[ 1031.227232] [AOA] Measurement: 0,1629148669.411666,08:55:31:70:ff:0a,2,1,1,0,128,820,976,884,955,943,980,853,523,387,886,302,915,264,794,558,197,365,911,5,669,44,833,683,967,378,938,439,968,551,566,638,327,75,73,74,67,70,73,75,68,76,65,77,76,75,73,73,70,79,68,73,79,73,77,83,70,79,75,75,77,80,79,81,81
[ 1031.270533] [AOA] Measurement: 0,1629148669.454969,08:55:31:70:ff:0a,2,1,1,0,128,793,973,345,706,393,780,886,568,445,877,322,894,283,819,571,193,418,2,614,861,537,977,676,986,339,875,517,944,591,569,199,62,75,73,73,70,73,74,76,69,76,68,81,80,79,76,76,71,79,67,72,80,78,79,83,71,81,76,70,75,79,81,83,83
[ 1031.308173] [AOA] Measurement: 0,1629148669.492612,08:55:31:70:ff:0a,2,1,1,0,128,819,985,355,730,402,802,940,611,990,62,819,64,821,999,102,388,967,144,592,831,31,851,109,780,401,929,538,920,587,567,310,217,82,76,75,76,78,76,79,72,76,71,80,80,80,77,76,72,80,66,73,80,79,79,83,72,78,78,70,78,85,83,84,85
[ 1031.351736] [AOA] Measurement: 0,1629148669.536172,08:55:31:70:ff:0a,2,1,1,0,128,340,188,933,935,971,1023,417,769,964,17,277,896,194,773,644,237,988,177,594,848,597,8,680,1020,950,94,55,104,93,750,231,85,73,70,72,68,68,70,74,65,77,60,77,76,74,70,72,70,75,64,71,78,70,75,82,68,83,71,78,73,80,80,78,82
[ 1031.394903] [AOA] Measurement: 0,1629148669.579339,08:55:31:70:ff:0a,2,1,1,0,128,884,1012,885,985,963,1014,372,738,948,76,861,69,236,791,604,218,960,112,558,840,567,27,688,991,928,122,20,130,143,802,563,233,77,75,73,73,76,74,79,70,78,69,80,81,78,77,76,73,80,68,73,79,78,80,83,71,79,78,70,78,83,83,83,84
[ 1031.456346] [AOA] Measurement: 0,1629148669.640782,08:55:31:70:ff:0a,2,1,1,0,128,810,1008,312,736,426,845,851,557,481,965,263,929,235,774,596,188,942,85,29,666,574,4,674,999,903,142,1005,89,144,789,536,392,82,78,73,79,80,79,82,76,75,75,81,83,82,77,75,69,80,68,71,79,80,79,84,73,74,78,65,78,83,79,83,82
[ 1031.494007] [AOA] Measurement: 0,1629148669.678444,08:55:31:70:ff:0a,2,1,1,0,128,836,986,285,726,407,783,852,535,460,903,294,888,304,828,596,195,373,920,21,658,67,863,674,1005,977,153,1021,69,108,740,761,590,80,76,75,77,77,80,82,75,75,71,79,82,81,78,73,70,78,67,71,76,78,80,83,73,78,77,66,78,83,80,81,81
[ 1031.534920] [AOA] Measurement: 0,1629148669.719351,08:55:31:70:ff:0a,2,1,1,0,128,849,1020,886,971,405,835,910,589,24,108,839,80,218,778,539,164,354,894,47,649,574,1010,661,982,944,120,912,54,70,737,532,391,79,74,73,70,75,75,76,70,77,69,80,79,77,74,76,70,79,67,72,78,76,76,84,69,80,74,73,77,85,83,84,83
[ 1031.579076] [AOA] Measurement: 0,1629148669.763512,08:55:31:70:ff:0a,2,1,1,0,128,789,965,902,985,344,787,901,562,988,62,829,80,854,2,87,378,936,102,567,878,517,982,90,769,383,975,379,884,597,586,506,392,76,73,71,69,69,73,74,67,75,65,78,77,76,74,72,70,76,67,73,78,74,78,84,70,83,75,75,76,83,84,84,84
[ 1031.622258] [AOA] Measurement: 0,1629148669.806695,08:55:31:70:ff:0a,2,1,1,0,128,394,224,1011,1017,941,993,392,771,435,883,271,888,248,795,540,157,384,970,108,693,463,970,666,964,1012,170,84,141,97,766,587,307,78,75,73,71,72,72,77,70,79,67,78,78,76,75,73,70,77,67,75,79,76,76,84,70,82,72,77,76,81,81,81,85
[ 1031.671006] [AOA] Measurement: 0,1629148669.855442,08:55:31:70:ff:0a,2,1,1,0,128,813,981,913,971,943,8,390,758,435,933,272,878,237,780,535,174,971,121,588,854,12,830,139,811,909,113,968,56,86,762,169,958,80,76,74,74,75,75,78,73,78,69,81,81,80,77,77,71,80,68,71,78,76,80,83,71,81,76,73,78,84,84,85,85
[ 1031.708423] [AOA] Measurement: 0,1629148669.892855,08:55:31:70:ff:0a,2,1,1,0,128,819,983,370,768,394,819,876,565,430,940,303,902,274,837,525,172,400,930,3,637,1006,784,119,777,350,930,437,898,559,539,510,428,76,74,73,71,72,74,77,70,78,68,81,81,77,74,75,72,79,66,72,78,74,77,85,70,83,75,74,77,84,84,81,85
[ 1031.751249] [AOA] Measurement: 0,1629148669.935681,08:55:31:70:ff:0a,2,1,1,0,128,869,2,916,958,380,779,439,763,450,881,278,893,311,857,145,400,913,109,568,872,566,20,624,983,937,120,465,943,551,546,295,213,73,69,72,65,66,68,71,64,75,62,77,74,73,72,74,70,75,65,70,79,73,76,83,69,79,73,71,75,80,80,81,85
[ 1031.792536] [AOA] Measurement: 0,1629148669.976972,08:55:31:70:ff:0a,2,1,1,0,128,838,999,331,750,425,827,856,558,413,905,283,895,283,835,581,226,925,56,557,859,556,4,71,779,408,970,1000,93,107,774,386,230,75,69,58,77,79,76,75,75,52,71,64,73,72,67,58,50,64,58,55,55,69,66,63,56,46,64,37,58,63,58,61,57
[ 1031.836202] [AOA] Measurement: 0,1629148670.020639,08:55:31:70:ff:0a,2,1,1,0,128,854,982,331,763,417,816,912,583,377,865,350,932,287,806,569,194,362,937,28,635,26,844,108,786,447,995,507,946,124,775,619,483,61,55,42,62,68,63,58,59,34,60,45,56,52,51,41,32,47,49,42,37,54,48,42,44,27,49,29,40,44,38,44,38
[ 1031.879235] [AOA] Measurement: 0,1629148670.063670,08:55:31:70:ff:0a,2,1,1,0,128,783,975,352,759,412,819,892,558,399,878,378,937,311,843,68,340,961,74,21,638,1012,790,132,797,986,164,992,93,139,835,157,952,77,75,75,72,74,76,78,68,78,67,82,80,81,77,77,72,80,68,72,82,77,77,82,72,82,74,74,78,85,84,83,85
[ 1031.924538] [AOA] Measurement: 0,1629148670.108970,08:55:31:70:ff:0a,2,1,1,0,128,797,989,374,804,411,820,435,764,13,117,830,54,844,995,86,406,952,91,551,847,527,1018,113,782,392,971,965,67,108,786,486,274,81,74,66,78,81,80,79,75,64,73,67,77,77,72,64,58,72,64,60,65,77,73,71,66,60,72,45,67,74,70,71,71
[ 1031.969854] [AOA] Measurement: 0,1629148670.154290,08:55:31:70:ff:0a,2,1,1,0,128,834,1019,400,777,1002,24,385,774,460,892,280,902,287,823,558,179,977,185,593,856,519,970,673,1001,992,119,46,60,180,818,683,390,79,71,61,80,81,79,77,78,59,74,67,78,75,73,64,54,68,62,57,64,76,72,70,64,56,72,47,70,72,67,71,70
[ 1032.008186] [AOA] Measurement: 0,1629148670.192625,08:55:31:70:ff:0a,2,1,1,0,128,351,188,991,990,993,29,446,816,8,99,826,84,840,997,118,391,957,171,66,646,995,810,187,799,421,955,37,93,98,777,224,46,77,74,74,68,73,72,75,67,76,63,79,78,75,75,74,72,79,68,72,79,72,77,84,70,82,72,74,75,83,80,81,81
[ 1032.053290] [AOA] Measurement: 0,1629148670.237722,08:55:31:70:ff:0a,2,1,1,0,128,802,962,343,782,442,848,370,750,406,873,194,839,280,797,637,194,399,906,595,873,533,0,635,970,382,983,991,60,88,753,950,773,72,68,53,74,76,74,70,70,46,67,56,69,66,64,55,43,59,53,48,49,64,62,55,54,41,60,33,54,57,53,58,54
[ 1032.097345] [AOA] Measurement: 0,1629148670.281781,08:55:31:70:ff:0a,2,1,1,0,128,317,157,999,979,964,1020,407,751,24,69,942,168,820,8,80,388,974,165,601,870,621,53,708,1000,939,99,100,124,172,786,634,378,66,61,49,68,72,70,67,67,41,64,52,64,62,57,49,42,53,51,47,46,61,56,52,52,39,57,30,49,55,48,53,52
[ 1032.140438] [AOA] Measurement: 0,1629148670.324875,08:55:31:70:ff:0a,2,1,1,0,128,823,1004,321,734,466,852,400,761,972,82,846,75,823,997,525,169,337,923,516,796,969,792,93,768,392,976,979,69,93,762,976,783,77,73,74,71,69,73,78,68,78,65,80,76,78,75,77,71,78,67,72,79,74,77,83,69,82,73,75,77,81,82,83,84
[ 1032.183786] [AOA] Measurement: 0,1629148670.368222,08:55:31:70:ff:0a,2,1,1,0,128,854,1018,430,773,428,834,858,555,492,885,866,80,795,992,86,374,956,177,564,835,582,20,679,1007,949,136,57,126,59,758,9,861,78,77,74,73,72,76,77,71,79,69,81,77,78,75,76,72,79,68,73,78,74,74,82,70,82,73,74,77,82,81,82,84
[ 1032.224865] [AOA] Measurement: 0,1629148670.409297,08:55:31:70:ff:0a,2,1,1,0,128,302,124,383,795,425,832,382,740,382,881,291,866,272,832,110,377,364,888,3,651,9,815,693,1002,947,99,1008,147,139,780,738,472,74,74,74,67,70,73,75,68,75,63,81,79,77,75,77,72,77,67,73,79,75,78,83,69,82,74,74,77,83,83,83,85
[ 1032.273299] [AOA] Measurement: 0,1629148670.457735,08:55:31:70:ff:0a,2,1,1,0,128,368,200,890,955,956,990,401,781,988,56,866,76,888,24,123,422,935,66,533,823,584,1004,688,981,964,154,988,85,135,801,471,220,74,65,55,75,77,73,72,71,51,72,60,70,71,67,55,50,64,57,53,54,69,65,59,57,44,63,34,55,60,59,61,56
[ 1032.316529] [AOA] Measurement: 0,1629148670.500966,08:55:31:70:ff:0a,2,1,1,0,128,342,190,875,958,926,978,891,536,505,956,802,33,210,757,571,223,347,901,998,649,41,849,672,1004,922,136,983,51,186,799,386,180,78,74,74,74,77,76,79,72,79,70,81,82,80,77,74,69,78,68,71,78,79,80,84,73,75,77,69,77,82,80,81,81
[ 1032.359881] [AOA] Measurement: 0,1629148670.544318,08:55:31:70:ff:0a,2,1,1,0,128,355,177,973,1018,887,1003,366,736,417,905,888,141,826,1019,122,414,958,99,609,849,570,1017,654,2,928,128,22,120,134,773,859,623,78,76,75,73,74,76,77,72,75,67,78,79,80,76,77,71,78,68,72,78,78,79,85,70,77,77,69,78,85,82,83,84
[ 1032.398124] [AOA] Measurement: 0,1629148670.582561,08:55:31:70:ff:0a,2,1,1,0,128,819,990,340,764,972,1023,411,753,422,885,312,901,273,800,565,162,960,114,602,854,558,987,624,962,393,961,449,891,564,571,368,210,74,72,73,71,71,73,79,69,78,68,80,80,76,75,74,71,78,67,72,80,76,78,83,70,80,73,69,76,82,82,84,84
[ 1032.440894] [AOA] Measurement: 0,1629148670.625331,08:55:31:70:ff:0a,2,1,1,0,128,819,1009,415,763,385,802,935,571,17,72,897,82,813,985,137,410,1014,210,566,835,535,1002,667,982,1000,138,69,92,109,762,6,836,78,75,75,75,73,75,77,71,78,70,81,81,78,76,76,70,79,67,72,79,77,78,83,71,81,76,72,78,84,83,84,85
[ 1032.478690] [AOA] Measurement: 0,1629148670.663122,08:55:31:70:ff:0a,2,1,1,0,128,814,994,298,720,416,845,881,589,381,891,363,978,815,0,105,390,913,83,1019,621,983,786,121,777,421,953,454,913,573,573,102,1011,74,74,75,72,71,73,75,70,75,66,80,80,79,76,74,71,78,68,72,78,77,80,83,72,80,76,71,78,83,84,82,82
[ 1032.521649] [AOA] Measurement: 0,1629148670.706081,08:55:31:70:ff:0a,2,1,1,0,128,388,193,833,942,395,820,833,562,475,921,316,866,235,758,549,138,351,917,23,643,1012,805,107,770,396,955,440,909,612,566,830,586,71,63,50,70,76,73,67,70,47,66,54,66,62,62,51,43,56,53,48,49,62,58,53,51,36,59,32,48,54,50,51,49
[ 1032.571674] [AOA] Measurement: 0,1629148670.756106,08:55:31:70:ff:0a,2,1,1,0,128,788,961,323,769,426,833,910,582,1012,72,830,61,836,1011,24,343,993,123,571,854,561,15,666,998,934,121,946,52,78,760,348,189,61,54,43,61,67,63,59,60,35,60,44,56,55,54,44,34,49,48,46,40,56,52,46,48,30,53,29,44,48,43,48,46
[ 1032.616326] [AOA] Measurement: 0,1629148670.800761,08:55:31:70:ff:0a,2,1,1,0,128,327,149,919,964,1004,21,396,741,437,945,849,66,814,1001,66,386,958,114,538,838,549,1014,652,942,953,152,997,88,97,794,404,109,81,77,74,75,79,80,80,76,77,71,83,82,82,78,77,68,81,68,70,78,78,78,82,70,72,76,61,77,82,76,77,78
[ 1032.654251] [AOA] Measurement: 0,1629148670.838689,08:55:31:70:ff:0a,2,1,1,0,128,383,173,971,1020,957,11,382,761,1009,86,789,24,805,992,124,409,964,119,623,917,549,4,656,965,937,148,957,34,137,786,519,207,82,78,74,76,78,79,80,75,77,74,83,84,83,80,76,71,82,70,72,80,78,80,84,72,77,76,71,77,84,83,86,84
[ 1032.694933] [AOA] Measurement: 0,1629148670.879365,08:55:31:70:ff:0a,2,1,1,0,128,864,997,813,909,372,792,844,551,420,907,344,934,839,1015,565,190,901,94,541,819,1013,798,94,757,414,979,946,61,158,815,10,793,80,77,74,75,76,78,79,74,77,72,79,82,81,78,76,72,81,68,70,79,77,75,82,71,75,74,63,77,82,82,83,80
[ 1032.739379] [AOA] Measurement: 0,1629148670.923815,08:55:31:70:ff:0a,2,1,1,0,128,763,981,414,790,385,805,914,585,454,885,348,947,864,30,77,380,925,156,610,861,561,980,133,793,455,980,545,907,168,817,344,94,82,76,67,79,78,79,79,78,67,75,75,82,79,77,70,63,75,64,64,71,77,77,74,70,62,74,52,71,75,70,76,74
[ 1032.782915] [AOA] Measurement: 0,1629148670.967354,08:55:31:70:ff:0a,2,1,1,0,128,397,176,331,745,347,788,911,575,445,913,278,876,281,815,559,174,966,127,583,856,545,1016,630,993,971,148,11,107,95,758,191,942,73,71,75,69,69,70,75,69,78,65,79,76,76,74,76,72,78,65,73,78,74,77,83,69,81,72,78,77,81,82,82,84
[ 1032.831624] [AOA] Measurement: 0,1629148671.016056,08:55:31:70:ff:0a,2,1,1,0,128,312,164,899,954,953,993,393,756,4,90,807,78,862,1017,36,342,398,910,599,856,599,37,708,1013,975,167,983,75,83,744,520,301,80,74,75,73,76,76,80,74,78,68,79,82,80,77,76,72,81,68,73,79,77,78,83,71,81,77,73,80,85,84,85,87
[ 1032.880794] [AOA] Measurement: 0,1629148671.065228,08:55:31:70:ff:0a,2,1,1,0,128,827,981,341,755,411,796,896,557,530,978,296,907,248,784,481,135,435,970,998,611,15,770,75,747,400,935,422,884,594,584,732,578,79,77,74,81,80,81,83,76,74,75,81,84,81,78,73,66,79,66,67,73,79,77,77,68,70,75,57,73,79,78,81,78
[ 1032.919357] [AOA] Measurement: 0,1629148671.103795,08:55:31:70:ff:0a,2,1,1,0,128,777,951,888,946,956,992,888,588,982,115,805,67,804,984,97,388,924,81,553,836,529,1011,660,986,974,172,970,107,112,763,687,506,83,79,74,80,81,80,83,77,74,75,79,85,84,79,75,71,78,69,70,77,80,80,82,71,73,78,62,77,84,80,83,81
[ 1032.958893] [AOA] Measurement: 0,1629148671.143324,08:55:31:70:ff:0a,2,1,1,0,128,310,116,839,884,375,801,880,580,419,900,321,941,840,980,552,212,937,110,584,862,485,963,81,738,403,962,512,960,74,745,258,97,63,59,45,66,69,68,63,65,41,65,49,61,60,56,44,37,51,51,45,42,59,54,47,48,33,53,28,43,48,44,48,45
[ 1033.001209] [AOA] Measurement: 0,1629148671.185641,08:55:31:70:ff:0a,2,1,1,0,128,817,958,314,760,410,808,955,581,1004,69,875,99,827,1005,114,394,932,89,542,836,984,812,114,747,426,965,460,941,528,541,919,742,61,57,47,62,66,64,61,60,42,60,52,58,58,56,47,40,53,47,43,46,58,53,50,48,36,52,31,48,52,48,52,51
[ 1033.050623] [AOA] Measurement: 0,1629148671.235057,08:55:31:70:ff:0a,2,1,1,0,128,832,970,296,738,459,824,404,757,445,898,838,30,285,803,565,162,950,110,0,654,33,864,628,951,956,152,950,46,105,755,764,608,66,60,48,68,71,69,67,66,44,66,53,63,63,60,50,41,54,52,46,48,63,59,54,52,38,60,33,53,56,49,54,52
[ 1033.089146] [AOA] Measurement: 0,1629148671.273583,08:55:31:70:ff:0a,2,1,1,0,128,831,992,284,687,397,812,871,574,397,884,246,882,250,777,516,130,377,952,32,665,8,801,108,785,348,926,473,922,165,783,944,737,82,77,73,78,80,78,81,75,74,74,79,84,82,78,72,67,75,67,68,76,79,79,80,71,72,75,58,75,79,75,78,79
[ 1033.134688] [AOA] Measurement: 0,1629148671.319119,08:55:31:70:ff:0a,2,1,1,0,128,774,978,351,777,440,850,910,577,454,924,254,882,284,797,558,159,340,908,1022,635,994,761,58,759,419,958,62,134,113,765,469,291,81,75,73,77,79,80,81,75,77,73,83,85,83,77,74,70,79,69,72,78,81,79,81,71,76,76,64,77,84,80,82,82
[ 1033.173579] [AOA] Measurement: 0,1629148671.358015,08:55:31:70:ff:0a,2,1,1,0,128,388,211,909,1007,979,993,410,786,1001,107,854,75,811,1013,531,116,304,886,39,702,1022,815,125,805,340,916,466,924,604,593,294,115,81,78,76,75,74,78,79,72,79,70,81,81,79,77,75,73,79,68,73,80,76,77,82,71,82,74,74,77,84,82,84,85
[ 1033.215062] [AOA] Measurement: 0,1629148671.399496,08:55:31:70:ff:0a,2,1,1,0,128,830,944,341,731,449,845,417,771,971,76,855,45,840,1009,143,416,950,98,575,851,556,44,626,991,906,133,982,85,177,789,191,995,72,63,50,71,75,73,69,69,46,68,56,67,66,64,54,42,59,55,50,53,66,61,56,56,39,61,34,54,57,54,59,55
[ 1033.259412] [AOA] Measurement: 0,1629148671.443848,08:55:31:70:ff:0a,2,1,1,0,128,340,200,922,967,375,820,387,755,452,910,863,84,816,1009,509,153,403,1006,635,868,556,11,660,934,954,120,45,72,109,782,407,208,59,54,43,64,66,59,57,59,34,60,41,55,54,51,40,33,49,49,42,39,56,52,45,48,31,54,30,43,47,43,47,42
[ 1033.303757] [AOA] Measurement: 0,1629148671.488194,08:55:31:70:ff:0a,2,1,1,0,128,354,167,975,1001,919,8,417,758,58,114,871,92,846,994,63,370,957,185,596,850,530,1006,635,991,978,135,25,83,174,798,369,44,76,72,74,70,70,72,75,65,78,64,78,76,74,72,73,71,77,65,72,78,72,74,82,68,81,72,78,75,80,79,82,83
[ 1033.346169] [AOA] Measurement: 0,1629148671.530607,08:55:31:70:ff:0a,2,1,1,0,128,312,125,870,932,1009,8,460,821,1008,113,786,34,307,852,497,145,950,96,571,906,529,980,651,990,406,985,994,43,147,816,275,967,75,67,58,75,77,75,73,73,51,69,61,72,72,67,59,49,64,56,54,57,73,65,63,60,46,65,36,60,63,56,62,59
[ 1033.389285] [AOA] Measurement: 0,1629148671.573719,08:55:31:70:ff:0a,2,1,1,0,128,363,201,936,916,439,858,396,762,438,859,391,971,804,989,613,211,914,138,637,915,545,4,666,986,924,75,530,900,127,748,137,1013,72,69,73,65,69,69,74,63,76,65,77,75,75,73,76,70,79,67,73,79,74,76,83,70,80,73,73,76,82,81,83,83
[ 1033.432474] [AOA] Measurement: 0,1629148671.616907,08:55:31:70:ff:0a,2,1,1,0,128,375,207,959,1003,939,983,481,761,452,884,350,960,788,988,608,232,23,201,612,883,998,765,134,788,414,936,506,913,626,566,74,833,82,77,75,77,76,80,79,74,76,71,81,84,81,77,75,69,81,68,72,78,77,79,83,72,79,75,70,78,84,83,84,83
[ 1033.479129] [AOA] Measurement: 0,1629148671.663568,08:55:31:70:ff:0a,2,1,1,0,128,773,981,356,743,383,798,840,543,470,920,354,941,283,840,626,212,420,979,101,681,12,768,674,988,404,974,62,66,164,766,90,982,68,63,50,71,74,70,67,69,45,67,54,66,66,60,49,41,54,52,48,47,62,57,53,54,38,58,32,51,55,50,54,52
[ 1033.525054] [AOA] Measurement: 0,1629148671.709488,08:55:31:70:ff:0a,2,1,1,0,128,789,966,328,755,428,838,807,523,416,926,257,888,220,787,551,156,346,865,1009,610,9,807,156,792,404,981,460,929,73,757,188,60,68,61,49,68,71,71,66,67,45,65,53,64,64,60,51,40,57,53,49,49,64,58,54,52,40,60,31,51,56,51,56,54
[ 1033.570500] [AOA] Measurement: 0,1629148671.754937,08:55:31:70:ff:0a,2,1,1,0,128,826,975,325,788,973,2,413,779,943,46,834,72,268,817,557,154,982,110,556,845,597,11,604,918,399,986,29,93,117,769,871,708,68,62,49,68,73,68,67,66,43,67,52,64,63,62,51,39,55,52,48,46,64,57,52,53,36,56,30,50,53,48,53,51
[ 1033.614261] [AOA] Measurement: 0,1629148671.798698,08:55:31:70:ff:0a,2,1,1,0,128,781,924,430,814,965,1002,923,573,454,955,225,860,280,826,562,181,423,954,553,845,24,806,56,756,396,986,435,904,532,536,799,726,77,74,73,71,72,75,74,70,78,68,80,80,78,77,75,71,78,67,74,80,78,78,85,70,79,76,74,79,84,82,84,85
[ 1033.657626] [AOA] Measurement: 0,1629148671.842063,08:55:31:70:ff:0a,2,1,1,0,128,808,978,407,805,414,820,893,590,462,891,302,936,257,789,560,212,358,953,79,708,587,0,598,954,939,132,1013,98,123,771,552,316,82,79,73,80,82,82,84,78,72,74,78,84,81,80,73,67,77,67,68,76,77,78,80,69,69,77,59,76,81,79,81,80
[ 1033.701264] [AOA] Measurement: 0,1629148671.885700,08:55:31:70:ff:0a,2,1,1,0,128,818,975,342,776,377,794,844,528,464,927,325,920,271,798,646,248,905,105,599,857,547,1021,640,969,330,951,403,897,608,560,918,769,75,70,72,68,72,73,74,69,77,65,80,79,79,75,75,70,78,67,73,78,78,78,84,70,80,76,71,79,84,83,84,83
[ 1033.745123] [AOA] Measurement: 0,1629148671.929560,08:55:31:70:ff:0a,2,1,1,0,128,857,994,284,731,401,815,809,519,462,912,310,929,833,963,117,397,898,110,501,828,611,28,716,1019,856,89,958,46,92,791,351,130,66,60,48,70,72,69,65,67,41,65,53,64,63,60,50,43,57,54,48,46,65,58,53,55,40,60,33,52,58,54,57,55
[ 1033.788348] [AOA] Measurement: 0,1629148671.972781,08:55:31:70:ff:0a,2,1,1,0,128,829,992,875,958,929,1000,831,518,441,867,341,924,889,7,56,359,377,923,595,852,534,1003,648,967,910,126,430,884,614,588,726,572,84,77,73,82,83,83,82,79,71,74,78,82,82,77,72,67,76,68,66,71,80,79,78,70,69,76,55,72,77,75,78,75
[ 1033.831023] [AOA] Measurement: 0,1629148672.015454,08:55:31:70:ff:0a,2,1,1,0,128,866,1003,376,795,987,10,383,756,1004,98,851,80,254,807,587,186,353,866,0,649,999,832,59,769,377,972,448,904,570,547,462,285,68,59,49,68,70,70,65,65,43,66,52,64,63,59,48,41,55,54,48,49,63,56,53,54,40,59,32,51,57,52,55,52
[ 1033.873340] [AOA] Measurement: 0,1629148672.057772,08:55:31:70:ff:0a,2,1,1,0,128,845,997,878,956,403,844,456,787,947,95,830,72,237,805,564,174,412,937,530,805,539,991,131,793,898,128,23,108,148,816,317,29,66,61,50,70,67,66,62,67,41,65,50,62,61,58,49,40,55,53,47,47,64,56,50,52,37,58,32,49,53,49,53,51
[ 1033.923027] [AOA] Measurement: 0,1629148672.107459,08:55:31:70:ff:0a,2,1,1,0,128,336,161,885,991,982,1012,435,776,367,863,276,912,896,29,79,357,946,100,566,847,579,1020,645,940,948,130,970,61,133,765,11,735,74,72,73,68,69,71,71,65,77,63,76,76,74,72,74,71,76,65,72,78,71,75,83,69,82,72,75,75,80,81,81,85
[ 1033.976989] [AOA] Measurement: 0,1629148672.161425,08:55:31:70:ff:0a,2,1,1,0,128,832,955,344,739,384,798,908,580,927,82,869,82,807,1006,87,364,919,94,540,856,512,990,636,977,893,109,968,54,531,566,844,691,67,62,49,71,75,72,69,70,44,67,55,67,64,61,51,43,58,55,49,50,67,62,60,57,44,65,35,59,65,59,64,61
[ 1034.019701] [AOA] Measurement: 0,1629148672.204133,08:55:31:70:ff:0a,2,1,1,0,128,841,1000,338,779,363,775,926,620,964,53,258,931,197,793,514,141,435,958,14,650,530,1001,704,29,929,130,977,65,112,784,723,592,78,75,74,73,74,76,79,71,76,70,82,82,83,79,77,73,80,67,71,79,78,77,84,71,79,78,68,78,80,81,82,81
[ 1034.061621] [AOA] Measurement: 0,1629148672.246058,08:55:31:70:ff:0a,2,1,1,0,128,788,953,334,740,408,833,858,516,464,891,309,902,308,821,533,180,416,946,970,611,964,764,71,754,437,974,447,908,150,782,332,53,82,77,71,81,82,83,82,77,70,74,76,82,80,76,71,66,76,66,67,72,80,78,79,71,69,75,56,74,78,76,80,77
[ 1034.099682] [AOA] Measurement: 0,1629148672.284114,08:55:31:70:ff:0a,2,1,1,0,128,838,998,320,743,372,774,807,499,430,905,293,916,258,785,601,179,362,918,49,675,30,821,717,984,930,144,15,110,163,840,880,630,74,73,73,69,69,71,74,67,77,65,79,77,76,72,75,72,78,66,71,78,72,77,83,68,82,71,76,75,82,81,81,84
[ 1034.142410] [AOA] Measurement: 0,1629148672.326842,08:55:31:70:ff:0a,2,1,1,0,128,819,991,347,807,406,833,403,756,972,87,823,55,842,1020,51,352,964,143,512,803,990,791,124,803,976,130,998,89,176,801,179,888,75,73,74,70,72,73,76,67,76,67,78,80,78,75,74,69,80,66,71,79,75,77,82,71,80,76,70,77,82,82,83,82
[ 1034.191979] [AOA] Measurement: 0,1629148672.376411,08:55:31:70:ff:0a,2,1,1,0,128,758,937,415,772,342,822,903,576,440,924,853,86,240,759,590,177,327,879,1022,643,1003,771,85,736,407,1000,400,927,581,571,87,896,67,61,48,70,75,72,67,67,44,68,55,67,67,62,53,44,58,54,51,49,67,60,56,57,43,59,33,52,59,55,58,56
[ 1034.242368] [AOA] Measurement: 0,1629148672.426800,08:55:31:70:ff:0a,2,1,1,0,128,842,1016,962,949,422,858,380,754,993,37,313,922,290,817,535,164,409,999,58,683,37,816,114,781,450,989,63,118,139,741,188,1020,66,61,47,70,71,68,65,66,42,66,51,63,63,60,48,41,56,52,47,46,63,59,55,53,37,58,31,50,56,51,57,53
[ 1034.286207] [AOA] Measurement: 0,1629148672.470643,08:55:31:70:ff:0a,2,1,1,0,128,337,147,327,760,943,1017,407,736,451,906,299,907,264,799,525,176,369,898,982,617,63,882,659,973,341,929,464,926,130,796,376,152,78,75,74,73,76,77,79,74,78,69,81,81,79,77,74,69,78,67,70,78,77,80,83,70,77,76,67,76,82,83,80,81
[ 1034.328281] [AOA] Measurement: 0,1629148672.512713,08:55:31:70:ff:0a,2,1,1,0,128,361,154,376,778,425,807,880,574,432,924,287,904,222,798,111,398,923,94,563,828,48,819,646,967,981,157,989,115,111,788,443,207,74,70,72,72,72,73,77,72,75,66,78,79,80,76,74,70,79,66,70,79,76,79,84,71,80,76,70,77,83,82,82,83
[ 1034.371689] [AOA] Measurement: 0,1629148672.556125,08:55:31:70:ff:0a,2,1,1,0,128,835,972,319,779,307,748,851,533,400,858,282,885,261,768,629,208,393,943,14,644,31,846,671,975,928,136,987,73,79,758,632,518,77,73,72,71,73,71,77,69,77,64,80,79,77,75,75,73,79,67,72,80,74,77,82,70,81,73,73,77,83,80,83,85
[ 1034.420847] [AOA] Measurement: 0,1629148672.605279,08:55:31:70:ff:0a,2,1,1,0,128,348,145,362,744,945,987,390,763,1,41,850,94,844,993,110,384,999,187,697,909,563,13,653,964,403,934,94,89,159,813,920,542,84,79,75,77,80,80,80,76,76,74,82,82,82,79,76,70,81,68,70,80,79,79,83,72,78,78,68,78,85,82,84,83
[ 1034.469895] [AOA] Measurement: 0,1629148672.654326,08:55:31:70:ff:0a,2,1,1,0,128,804,981,883,921,934,982,861,551,419,888,315,928,269,802,91,383,353,934,542,861,590,1021,654,986,859,76,14,116,516,523,327,227,76,73,74,71,69,71,74,66,78,65,78,79,78,75,75,69,77,65,72,78,75,77,84,71,82,75,73,78,83,84,84,86
[ 1034.508760] [AOA] Measurement: 0,1629148672.693197,08:55:31:70:ff:0a,2,1,1,0,128,304,182,934,956,927,983,868,568,29,75,289,909,815,1006,80,406,916,152,677,913,587,43,660,990,957,115,84,105,178,818,258,976,80,76,73,74,79,76,78,72,74,70,78,81,79,79,75,68,79,69,70,79,79,79,85,70,74,77,64,77,82,80,83,79
[ 1034.555490] [AOA] Measurement: 0,1629148672.739922,08:55:31:70:ff:0a,2,1,1,0,128,311,151,322,761,377,811,885,566,422,884,296,906,858,1007,97,373,969,155,545,839,540,1001,684,1002,860,51,2,67,142,809,32,779,63,58,46,67,70,67,62,63,38,64,48,59,57,56,45,37,50,49,46,43,60,54,48,48,34,55,30,45,52,45,51,48
[ 1034.599582] [AOA] Measurement: 0,1629148672.784020,08:55:31:70:ff:0a,2,1,1,0,128,768,949,336,740,365,799,911,565,515,944,827,60,885,34,50,375,987,138,599,859,508,1016,662,962,954,146,989,45,115,807,643,491,63,57,47,68,71,69,63,64,40,64,48,60,59,56,48,41,53,51,47,47,61,57,51,52,36,58,31,47,52,50,54,48
[ 1034.637390] [AOA] Measurement: 0,1629148672.821828,08:55:31:70:ff:0a,2,1,1,0,128,852,1003,903,965,953,1015,454,800,973,81,861,90,788,950,534,152,392,939,45,676,26,830,666,986,389,953,991,78,606,579,577,455,82,74,66,82,82,81,81,79,65,76,73,82,81,76,68,63,76,64,66,70,79,74,75,68,65,75,52,73,79,75,79,77
[ 1034.678921] [AOA] Measurement: 0,1629148672.863353,08:55:31:70:ff:0a,2,1,1,0,128,853,13,944,952,968,1022,447,797,418,888,281,884,208,786,562,167,359,968,94,677,1004,787,85,765,457,966,548,918,107,790,454,326,80,78,75,74,76,77,80,71,77,69,81,81,81,77,76,71,80,68,71,79,76,78,82,73,79,75,70,77,84,82,82,83
[ 1034.719086] [AOA] Measurement: 0,1629148672.903522,08:55:31:70:ff:0a,2,1,1,0,128,787,997,345,790,395,808,856,548,449,941,283,878,286,818,471,113,377,889,1012,627,37,831,124,766,1013,140,15,93,103,785,474,350,76,75,74,70,74,72,76,69,76,68,79,80,77,74,75,71,79,66,71,78,79,76,83,71,77,77,68,78,81,82,82,82
[ 1034.762395] [AOA] Measurement: 0,1629148672.946833,08:55:31:70:ff:0a,2,1,1,0,128,356,164,859,933,417,856,374,703,380,867,287,890,194,748,579,188,418,935,589,870,537,14,620,963,944,140,973,48,135,814,200,973,68,63,50,69,72,70,68,68,45,66,53,64,65,61,51,43,56,54,50,51,66,61,56,54,40,61,33,55,59,56,57,54
[ 1034.803509] [AOA] Measurement: 0,1629148672.987941,08:55:31:70:ff:0a,2,1,1,0,128,868,9,387,751,398,788,892,574,446,893,256,881,216,792,592,203,960,131,648,876,563,13,669,982,886,60,522,936,167,786,536,308,60,53,42,63,67,64,59,63,37,60,44,57,56,53,42,35,48,48,44,41,57,53,46,46,29,53,29,45,50,44,48,45
[ 1034.845236] [AOA] Measurement: 0,1629148673.029668,08:55:31:70:ff:0a,2,1,1,0,128,795,960,375,765,392,777,952,625,965,67,305,916,322,819,495,155,418,986,53,660,1003,829,91,773,447,989,506,919,115,799,29,819,76,73,74,70,70,72,75,68,76,68,78,77,75,73,75,70,77,66,74,79,75,76,81,70,81,75,72,77,84,82,82,82
[ 1034.889363] [AOA] Measurement: 0,1629148673.073799,08:55:31:70:ff:0a,2,1,1,0,128,815,973,367,745,381,796,915,558,432,914,308,908,316,828,580,190,361,899,32,649,14,826,144,806,401,976,951,43,621,608,7,838,81,74,66,78,81,81,79,77,62,73,69,78,77,75,65,60,70,63,62,66,76,72,71,64,58,69,44,67,71,66,69,65
[ 1034.932728] [AOA] Measurement: 0,1629148673.117167,08:55:31:70:ff:0a,2,1,1,0,128,801,965,270,713,407,796,834,513,433,889,207,854,291,805,583,200,360,900,11,646,17,788,117,804,347,931,429,899,487,501,668,687,82,77,77,77,76,78,79,74,77,68,81,82,80,76,77,70,79,68,73,78,78,79,84,70,79,76,70,78,84,81,83,83
[ 1034.982025] [AOA] Measurement: 0,1629148673.166456,08:55:31:70:ff:0a,2,1,1,0,128,806,1015,349,726,437,841,883,591,481,897,888,114,791,1008,73,379,886,113,677,915,559,30,648,954,921,71,560,934,562,548,877,792,65,60,48,67,70,69,66,66,43,66,52,64,63,59,50,40,54,53,46,47,64,55,51,52,38,57,31,50,53,49,54,51
[ 1035.028704] [AOA] Measurement: 0,1629148673.213142,08:55:31:70:ff:0a,2,1,1,0,128,381,204,942,968,941,1015,427,757,458,902,883,95,265,818,641,238,917,136,604,837,562,51,677,1007,965,132,102,99,146,798,332,51,80,74,74,75,72,76,79,73,76,69,79,82,79,79,76,71,79,67,72,79,77,78,83,71,77,74,65,77,82,82,82,82
[ 1035.071764] [AOA] Measurement: 0,1629148673.256200,08:55:31:70:ff:0a,2,1,1,0,128,801,945,349,799,355,782,456,803,957,49,850,83,296,833,106,401,924,114,536,861,559,999,641,995,899,113,997,105,89,756,219,973,82,78,76,77,76,79,80,71,77,71,80,82,81,78,76,70,80,69,72,79,77,79,86,72,80,75,71,78,85,82,84,85
[ 1035.111884] [AOA] Measurement: 0,1629148673.296316,08:55:31:70:ff:0a,2,1,1,0,128,854,987,358,784,983,1008,425,767,451,928,324,922,261,834,101,388,955,102,586,886,576,17,640,964,919,88,965,43,629,609,74,892,74,73,75,71,69,71,75,65,76,63,77,75,76,69,73,69,76,65,71,78,72,74,83,70,80,72,74,76,83,83,82,83
[ 1035.157563] [AOA] Measurement: 0,1629148673.342000,08:55:31:70:ff:0a,2,1,1,0,128,818,997,391,776,427,832,881,585,1006,29,315,918,256,783,563,197,981,173,597,857,535,1016,102,773,984,119,492,898,569,546,326,208,69,62,50,70,72,71,67,69,44,67,55,66,66,64,50,43,58,55,50,51,64,60,55,55,42,59,33,54,57,53,60,56
[ 1035.201532] [AOA] Measurement: 0,1629148673.385968,08:55:31:70:ff:0a,2,1,1,0,128,752,945,309,738,374,805,926,581,456,926,868,97,793,993,565,200,966,109,566,830,566,1003,685,1008,961,140,18,117,172,826,326,69,67,60,46,67,71,70,65,68,43,67,53,63,64,59,48,42,56,53,49,50,66,58,56,53,40,60,33,53,56,51,56,53
[ 1035.239355] [AOA] Measurement: 0,1629148673.423791,08:55:31:70:ff:0a,2,1,1,0,128,835,984,307,720,440,819,897,586,432,868,235,892,264,792,557,179,354,928,997,601,4,774,107,772,372,935,508,887,594,577,811,643,71,64,50,72,74,71,70,70,47,68,59,69,69,64,53,47,61,57,52,55,71,65,62,57,45,64,35,59,62,58,63,60
[ 1035.282764] [AOA] Measurement: 0,1629148673.467202,08:55:31:70:ff:0a,2,1,1,0,128,828,983,894,947,940,1000,392,743,964,67,850,93,814,976,531,148,417,966,23,651,1016,799,131,786,430,998,458,950,607,594,540,438,77,68,59,77,80,78,74,76,56,73,65,75,73,71,61,54,68,60,57,62,74,69,68,63,51,70,42,66,70,66,71,68
[ 1035.333495] [AOA] Measurement: 0,1629148673.517928,08:55:31:70:ff:0a,2,1,1,0,128,790,995,391,776,418,819,892,605,428,915,906,101,830,1014,160,458,894,111,632,874,603,15,657,949,417,924,546,939,539,569,24,1010,79,77,75,74,72,76,77,71,74,69,80,82,81,78,76,70,79,65,72,78,76,76,85,69,79,77,72,79,86,81,81,84
[ 1035.382930] [AOA] Measurement: 0,1629148673.567361,08:55:31:70:ff:0a,2,1,1,0,128,776,955,323,735,387,787,828,490,430,887,325,952,814,969,588,189,383,927,27,648,1019,818,124,768,357,928,434,894,562,557,975,886,76,75,75,73,73,75,77,71,78,69,79,80,79,74,77,70,79,68,74,78,76,79,83,69,81,76,73,76,83,82,82,84
[ 1035.427765] [AOA] Measurement: 0,1629148673.612202,08:55:31:70:ff:0a,2,1,1,0,128,353,154,895,968,967,1001,419,757,1005,127,319,941,227,766,515,135,387,929,14,656,82,833,42,755,414,966,38,120,88,750,583,341,68,63,51,70,73,72,67,68,46,68,56,64,65,63,50,42,59,53,50,50,65,61,57,56,43,62,35,55,58,53,59,55
[ 1035.471375] [AOA] Measurement: 0,1629148673.655812,08:55:31:70:ff:0a,2,1,1,0,128,796,995,351,754,417,823,840,551,421,912,292,937,270,825,66,367,407,922,1004,604,927,758,51,748,350,931,462,961,127,796,704,460,78,75,76,76,76,76,78,74,77,71,81,81,81,76,75,71,79,69,72,81,78,78,84,71,79,75,70,76,85,84,85,85
[ 1035.514914] [AOA] Measurement: 0,1629148673.699351,08:55:31:70:ff:0a,2,1,1,0,128,763,979,370,750,396,837,875,573,497,900,329,922,269,789,593,205,412,1015,82,671,569,2,645,958,956,95,1,39,591,546,839,782,79,75,74,71,72,75,75,70,78,66,78,78,77,77,76,71,81,67,75,79,76,78,83,71,80,73,73,76,83,82,84,83
[ 1035.557906] [AOA] Measurement: 0,1629148673.742342,08:55:31:70:ff:0a,2,1,1,0,128,888,34,320,756,982,5,382,762,412,885,292,866,314,832,554,180,349,891,71,674,566,984,675,1006,932,133,29,120,123,815,263,979,82,78,74,76,77,77,78,71,78,70,82,83,82,76,75,72,81,68,74,81,77,78,85,73,81,75,72,76,85,81,83,85
[ 1035.601378] [AOA] Measurement: 0,1629148673.785815,08:55:31:70:ff:0a,2,1,1,0,128,791,960,362,790,378,775,865,569,393,883,299,899,275,798,594,209,380,889,29,660,4,841,659,981,925,138,975,89,548,546,146,963,79,75,74,75,77,78,80,73,78,71,81,82,82,78,77,71,78,67,72,79,78,79,83,73,81,77,71,79,84,84,84,85
[ 1035.645280] [AOA] Measurement: 0,1629148673.829716,08:55:31:70:ff:0a,2,1,1,0,128,383,139,856,930,403,816,936,593,505,942,289,918,262,797,552,188,876,55,596,890,536,993,574,933,969,163,1010,80,161,809,555,189,61,55,45,63,66,64,59,60,35,60,45,59,54,53,44,35,48,49,43,41,55,52,45,48,31,53,29,42,48,43,46,42
[ 1035.688416] [AOA] Measurement: 0,1629148673.872852,08:55:31:70:ff:0a,2,1,1,0,128,301,119,832,951,405,806,903,578,1012,49,883,106,246,791,609,190,940,99,511,826,1006,806,93,764,391,962,991,103,35,734,144,1009,74,73,73,72,73,73,77,69,78,71,80,80,79,76,75,71,80,67,72,79,74,77,83,71,80,74,71,78,83,82,84,84
[ 1035.731203] [AOA] Measurement: 0,1629148673.915634,08:55:31:70:ff:0a,2,1,1,0,128,789,961,346,766,399,803,893,603,443,924,310,919,252,797,550,172,403,975,600,852,570,1016,654,980,989,141,995,50,126,810,503,275,76,73,72,71,70,72,75,68,74,66,79,80,77,74,73,71,80,69,72,79,77,80,83,72,77,76,69,78,84,83,83,84
[ 1035.774496] [AOA] Measurement: 0,1629148673.958928,08:55:31:70:ff:0a,2,1,1,0,128,358,199,929,968,985,998,376,748,991,56,889,99,801,985,117,382,960,149,623,905,552,1019,686,980,909,108,86,116,544,568,880,698,66,58,47,67,71,67,64,64,40,64,49,61,61,55,44,37,52,52,46,44,60,56,51,52,36,57,31,48,53,48,53,48
[ 1035.823650] [AOA] Measurement: 0,1629148674.008081,08:55:31:70:ff:0a,2,1,1,0,128,822,986,374,755,356,775,879,560,431,894,325,910,206,779,583,198,398,912,54,692,946,747,117,781,425,1020,386,878,604,571,25,978,73,73,73,69,71,71,77,67,75,65,77,77,74,73,75,71,76,67,72,79,72,76,83,69,80,72,71,74,84,80,83,84
[ 1035.861819] [AOA] Measurement: 0,1629148674.046254,08:55:31:70:ff:0a,2,1,1,0,128,807,989,373,771,977,1015,378,742,988,75,281,903,806,1004,561,193,964,126,572,848,11,815,82,763,402,971,23,69,114,805,872,664,80,75,75,74,76,78,77,74,78,71,80,82,81,78,76,71,79,69,72,78,80,80,84,72,77,75,68,76,81,80,82,79
[ 1035.901977] [AOA] Measurement: 0,1629148674.086407,08:55:31:70:ff:0a,2,1,1,0,128,821,979,892,942,945,975,878,556,407,876,322,918,297,811,94,351,939,82,544,845,1002,789,119,782,418,974,424,879,639,599,341,153,63,56,47,66,67,67,62,64,38,63,48,59,59,55,46,39,51,50,45,43,60,51,48,49,33,52,30,46,52,44,50,46
[ 1035.947873] [AOA] Measurement: 0,1629148674.132309,08:55:31:70:ff:0a,2,1,1,0,128,328,160,867,939,434,857,837,530,446,885,318,922,285,844,128,362,944,90,544,836,552,4,652,991,926,121,0,109,79,728,130,924,64,58,46,66,70,68,63,66,40,62,49,61,60,57,47,37,52,51,46,45,62,53,50,49,35,57,29,48,52,48,51,51
[ 1035.988843] [AOA] Measurement: 0,1629148674.173275,08:55:31:70:ff:0a,2,1,1,0,128,852,9,352,721,462,838,920,594,464,878,313,922,291,789,597,200,422,1007,593,842,1020,811,670,984,954,136,19,42,160,807,935,753,77,75,74,72,74,73,77,68,77,67,78,79,75,74,73,70,75,67,71,79,75,78,82,69,80,74,74,76,82,82,83,84
[ 1036.027320] [AOA] Measurement: 0,1629148674.211757,08:55:31:70:ff:0a,2,1,1,0,128,854,1018,416,776,390,783,881,590,437,880,256,894,255,801,610,190,390,963,68,688,975,785,123,794,408,948,583,951,179,786,205,995,79,77,74,73,74,75,78,70,78,69,80,79,79,73,76,68,78,65,71,75,77,77,83,70,76,77,68,77,84,83,84,83
[ 1036.068104] [AOA] Measurement: 0,1629148674.252534,08:55:31:70:ff:0a,2,1,1,0,128,378,212,946,966,375,842,392,796,3,76,854,108,871,18,58,383,958,177,38,632,957,774,121,778,454,975,435,853,620,590,186,6,79,73,73,77,77,78,80,76,77,71,80,84,82,78,76,69,77,68,69,74,78,77,79,68,71,74,61,76,80,79,80,79
[ 1036.107359] [AOA] Measurement: 0,1629148674.291795,08:55:31:70:ff:0a,2,1,1,0,128,841,992,409,794,930,980,422,752,506,932,268,891,252,776,571,211,352,948,47,670,998,804,174,797,475,1008,59,131,187,819,856,603,82,77,73,76,77,78,80,75,75,72,81,81,80,77,75,68,78,69,72,80,78,81,84,72,77,77,68,79,84,82,84,85
[ 1036.152778] [AOA] Measurement: 0,1629148674.337211,08:55:31:70:ff:0a,2,1,1,0,128,330,164,849,902,390,813,872,563,382,882,327,943,305,823,594,213,905,93,1020,617,1000,817,137,777,424,987,429,906,586,593,122,1015,75,71,72,67,68,73,76,66,77,64,79,78,76,72,76,70,77,65,72,76,72,74,83,69,81,73,76,77,81,81,82,83
[ 1036.198457] [AOA] Measurement: 0,1629148674.382895,08:55:31:70:ff:0a,2,1,1,0,128,415,211,400,785,366,824,874,565,463,904,854,99,835,22,525,172,430,1013,563,799,1017,829,145,811,951,105,59,69,139,773,364,193,66,63,64,62,61,64,64,60,62,56,65,67,65,63,63,59,66,56,60,65,64,66,70,58,67,64,59,64,70,67,70,70
[ 1036.242170] [AOA] Measurement: 0,1629148674.426606,08:55:31:70:ff:0a,2,1,1,0,128,384,201,922,1008,929,1004,433,771,948,59,813,40,231,818,581,188,375,916,47,693,533,989,683,972,992,161,941,31,104,775,931,605,78,75,74,72,73,74,76,69,77,66,80,79,78,74,76,70,76,66,72,78,74,77,84,72,82,74,75,76,82,82,83,85
[ 1036.290454] [AOA] Measurement: 0,1629148674.474891,08:55:31:70:ff:0a,2,1,1,0,128,798,1003,383,749,365,805,864,572,545,943,859,76,853,1009,91,362,968,158,44,639,589,31,612,926,425,954,592,940,161,827,979,801,72,64,52,73,75,71,69,69,46,69,53,66,66,61,52,43,58,54,49,50,64,60,57,54,41,60,34,56,58,53,59,57
[ 1036.328087] [AOA] Measurement: 0,1629148674.512521,08:55:31:70:ff:0a,2,1,1,0,128,791,971,351,756,331,786,824,527,392,893,298,886,283,800,584,190,390,901,14,665,1008,797,121,768,397,961,457,934,621,605,10,960,67,59,47,66,70,67,63,65,40,63,48,60,61,58,47,37,52,51,47,43,59,55,52,49,35,55,30,49,52,47,53,51
[ 1036.371257] [AOA] Measurement: 0,1629148674.555689,08:55:31:70:ff:0a,2,1,1,0,128,330,166,852,919,964,1017,855,578,477,892,274,890,283,821,589,209,992,121,581,872,599,1020,661,989,964,155,970,47,104,784,751,520,74,73,73,68,70,71,75,66,77,63,78,76,78,73,74,72,77,66,73,79,72,77,83,70,82,73,76,74,82,83,82,85
[ 1036.413652] [AOA] Measurement: 0,1629148674.598085,08:55:31:70:ff:0a,2,1,1,0,128,763,941,464,790,398,832,465,791,1004,45,880,84,773,987,570,218,947,172,620,868,525,1022,605,939,480,984,30,95,87,757,83,893,79,73,63,79,78,77,76,75,59,71,67,75,74,69,61,58,68,61,56,61,75,71,68,64,52,68,39,63,66,62,66,62
[ 1036.462895] [AOA] Measurement: 0,1629148674.647327,08:55:31:70:ff:0a,2,1,1,0,128,381,187,358,775,438,842,414,794,994,59,826,69,792,970,652,246,949,161,589,852,4,822,697,940,969,119,31,71,144,779,104,867,82,78,73,79,80,81,81,78,74,74,78,82,79,78,74,69,79,67,68,77,79,80,82,72,76,76,62,76,83,80,83,82
[ 1036.507918] [AOA] Measurement: 0,1629148674.692357,08:55:31:70:ff:0a,2,1,1,0,128,783,955,370,773,399,810,901,555,464,884,320,933,769,949,160,444,926,105,576,867,498,962,628,981,380,940,451,917,102,727,357,192,81,79,75,77,79,78,80,74,77,72,80,84,80,76,75,70,79,68,71,79,79,78,81,71,77,76,65,78,83,82,82,84
[ 1036.551990] [AOA] Measurement: 0,1629148674.736429,08:55:31:70:ff:0a,2,1,1,0,128,754,945,376,729,411,829,867,550,415,860,326,920,244,787,604,196,372,909,651,906,607,43,652,970,988,164,985,67,168,811,427,156,84,79,72,79,80,81,82,79,74,75,79,85,83,80,74,69,80,68,67,74,79,78,81,71,70,75,59,76,81,78,80,79
[ 1036.589834] [AOA] Measurement: 0,1629148674.774272,08:55:31:70:ff:0a,2,1,1,0,128,833,960,343,729,445,823,839,560,456,904,859,110,287,839,94,374,895,59,50,663,13,826,110,773,396,951,410,864,612,568,807,737,72,69,73,69,67,71,73,64,76,61,78,75,73,72,73,72,76,64,70,76,70,75,81,67,78,70,76,72,81,80,79,83
[ 1036.638282] [AOA] Measurement: 0,1629148674.822721,08:55:31:70:ff:0a,2,1,1,0,128,833,16,968,975,899,997,394,777,477,908,863,64,777,956,635,225,951,185,546,838,997,824,725,5,897,92,63,94,594,573,632,418,83,79,73,82,80,82,81,78,73,74,77,83,82,79,74,66,80,67,70,76,79,79,82,72,71,76,60,76,82,79,81,81
[ 1036.680232] [AOA] Measurement: 0,1629148674.864668,08:55:31:70:ff:0a,2,1,1,0,128,808,998,465,827,405,797,417,779,430,861,310,915,291,827,80,366,984,165,608,861,588,2,698,976,928,119,43,92,176,818,304,1008,76,73,74,73,72,72,76,70,78,66,79,78,79,77,76,70,79,68,73,80,77,80,85,71,80,76,72,77,83,83,84,83
[ 1036.718168] [AOA] Measurement: 0,1629148674.902605,08:55:31:70:ff:0a,2,1,1,0,128,376,212,897,981,948,1001,823,550,416,884,376,938,833,989,104,387,895,98,594,883,580,20,698,983,991,147,1022,103,75,716,562,355,77,74,75,71,72,72,75,68,75,66,76,80,79,75,75,72,77,68,73,81,74,78,83,70,80,75,73,77,84,82,85,85
[ 1036.761433] [AOA] Measurement: 0,1629148674.945870,08:55:31:70:ff:0a,2,1,1,0,128,832,984,393,805,397,831,369,741,386,865,335,892,831,4,82,334,379,942,21,663,1017,815,712,1012,335,904,998,94,120,764,445,302,78,74,74,72,70,74,77,71,77,66,79,79,80,75,75,71,79,67,72,79,76,78,84,72,81,76,72,78,83,83,82,83
[ 1036.805266] [AOA] Measurement: 0,1629148674.989703,08:55:31:70:ff:0a,2,1,1,0,128,869,1001,314,760,398,802,876,552,444,915,297,892,277,819,588,187,356,888,50,673,480,960,84,794,408,976,415,921,101,759,988,826,76,69,58,79,78,77,75,74,55,71,62,75,73,70,60,49,65,58,55,57,71,68,65,61,49,66,38,61,65,61,65,61
