
[ 1442.464343] [AOA] Measurement: 0,1627098186.141475,08:55:31:9b:0a:1b,2,1,2,0,128,283,575,367,825,316,823,69,351,464,78,613,93,673,593,134,642,703,494,376,850,752,832,278,628,393,178,52,411,558,48,293,433,99,83,32,71,104,70,128,109,104,81,61,131,46,99,45,152,91,13,15,63,15,43,39,45,60,102,40,113,24,91,134,93
[ 1442.503564] [AOA] Measurement: 0,1627098186.180694,08:55:31:9b:0a:1b,2,1,2,0,128,225,552,404,857,854,8,573,498,457,85,618,127,746,609,177,601,683,565,403,883,798,880,326,622,402,180,521,574,567,12,625,858,99,83,34,73,103,72,127,112,103,81,64,127,47,98,47,128,94,14,17,65,15,43,40,43,61,102,39,110,25,93,128,91
[ 1442.546337] [AOA] Measurement: 0,1627098186.223462,08:55:31:9b:0a:1b,2,1,2,0,128,789,746,374,873,291,829,75,349,453,113,613,98,728,609,250,604,749,572,421,859,808,917,340,613,444,159,589,618,539,1000,83,371,99,84,33,71,101,73,127,107,110,83,57,120,42,92,38,127,90,10,15,58,15,43,35,40,58,91,33,102,16,83,127,79
[ 1442.590943] [AOA] Measurement: 0,1627098186.268076,08:55:31:9b:0a:1b,2,1,2,0,128,285,624,386,848,286,818,582,535,443,61,650,119,222,780,706,818,707,523,396,891,796,890,871,795,415,189,82,432,605,52,748,894,96,80,34,70,104,71,128,110,104,81,65,133,46,101,48,165,91,16,18,67,13,41,38,45,61,103,39,114,24,95,130,93
[ 1442.635643] [AOA] Measurement: 0,1627098186.312775,08:55:31:9b:0a:1b,2,1,2,0,128,290,620,374,845,265,793,1,281,472,74,578,110,702,607,261,674,692,557,435,859,303,39,323,659,387,130,33,383,600,71,115,248,94,81,32,70,101,69,126,107,99,80,63,128,47,99,47,165,93,15,15,65,13,43,38,43,58,98,39,109,24,89,130,89
[ 1442.679300] [AOA] Measurement: 0,1627098186.356424,08:55:31:9b:0a:1b,2,1,2,0,128,833,840,900,1015,826,968,53,355,995,272,638,122,685,602,232,690,694,527,18,90,815,907,874,792,453,208,573,572,542,962,270,396,100,86,34,73,99,74,127,108,107,83,62,130,44,99,41,148,94,13,16,63,15,44,38,41,60,99,38,111,19,88,129,87
[ 1442.723025] [AOA] Measurement: 0,1627098186.400150,08:55:31:9b:0a:1b,2,1,2,0,128,348,601,996,64,828,999,567,529,469,65,679,177,265,814,168,600,721,603,412,872,283,40,289,619,494,232,571,621,572,30,403,589,98,83,33,73,100,70,128,109,106,83,62,133,45,98,45,155,93,14,17,65,15,43,38,44,58,101,39,112,24,92,133,89
[ 1442.773384] [AOA] Measurement: 0,1627098186.450509,08:55:31:9b:0a:1b,2,1,2,0,128,286,597,343,852,303,794,51,333,477,69,622,141,283,821,730,767,709,603,455,909,298,47,248,555,462,244,969,380,594,22,995,130,98,82,34,72,102,71,128,108,105,82,64,130,45,101,46,167,93,13,17,66,16,44,41,44,63,102,42,116,25,96,136,94
[ 1442.819682] [AOA] Measurement: 0,1627098186.496814,08:55:31:9b:0a:1b,2,1,2,0,128,263,570,986,61,783,942,549,483,462,60,653,139,697,583,210,609,687,604,421,896,308,1,885,833,961,385,540,609,561,4,184,316,95,77,34,70,103,68,125,107,99,78,64,129,48,98,51,174,93,16,18,67,16,41,41,46,61,103,42,115,29,94,136,95
[ 1442.863818] [AOA] Measurement: 0,1627098186.540950,08:55:31:9b:0a:1b,2,1,2,0,128,839,850,928,18,235,806,25,318,484,78,216,379,261,847,749,795,248,785,38,106,273,25,826,825,980,386,538,612,613,50,60,216,94,77,32,70,104,67,123,112,96,78,69,130,49,101,56,174,95,20,18,71,15,41,40,47,59,104,45,120,29,98,137,94
[ 1442.908299] [AOA] Measurement: 0,1627098186.585430,08:55:31:9b:0a:1b,2,1,2,0,128,314,618,368,832,853,986,563,520,510,93,569,84,800,660,743,810,710,622,976,79,288,28,917,822,375,173,991,385,534,1011,95,258,98,80,33,72,106,71,127,110,104,82,65,129,47,99,45,140,95,12,17,64,16,45,39,44,61,100,40,112,22,90,133,90
[ 1442.951561] [AOA] Measurement: 0,1627098186.628687,08:55:31:9b:0a:1b,2,1,2,0,128,275,614,281,780,299,785,48,331,500,84,166,330,276,795,768,852,191,793,379,873,764,845,303,609,459,214,945,328,601,53,897,5,96,82,33,71,102,72,128,109,102,80,62,130,44,95,43,158,87,11,15,59,14,41,37,41,57,93,35,104,18,84,126,80
[ 1442.999977] [AOA] Measurement: 0,1627098186.677110,08:55:31:9b:0a:1b,2,1,2,0,128,841,832,938,1022,867,2,594,555,1013,271,170,338,262,827,797,827,258,742,1003,90,321,51,832,814,987,400,573,605,171,237,467,568,96,78,34,70,104,68,129,110,96,78,69,127,51,101,60,129,96,22,21,72,16,42,41,48,60,107,46,120,33,99,139,104
[ 1443.039173] [AOA] Measurement: 0,1627098186.716305,08:55:31:9b:0a:1b,2,1,2,0,128,816,824,884,18,834,1023,582,534,0,240,173,336,693,584,250,666,682,587,433,885,772,878,883,838,382,205,506,597,154,224,470,507,100,87,34,71,102,74,132,112,109,86,64,130,46,101,43,128,95,11,15,61,14,44,39,45,61,100,38,110,19,90,132,86
[ 1443.080371] [AOA] Measurement: 0,1627098186.757497,08:55:31:9b:0a:1b,2,1,2,0,128,892,848,873,29,805,1006,29,330,1005,260,183,360,236,823,764,835,225,789,962,9,310,49,866,827,1013,410,534,553,85,200,536,684,87,72,30,66,95,62,116,101,87,72,63,126,44,93,53,165,85,18,18,64,14,38,39,43,55,96,41,110,29,89,127,90
[ 1443.122719] [AOA] Measurement: 0,1627098186.799851,08:55:31:9b:0a:1b,2,1,2,0,128,290,602,365,871,808,981,537,486,33,282,169,337,777,650,804,806,274,852,485,894,345,49,895,834,951,335,580,652,136,208,444,582,97,80,33,69,99,70,127,109,103,80,63,127,47,98,46,142,91,13,16,66,16,45,40,45,61,98,39,110,22,91,126,85
[ 1443.167229] [AOA] Measurement: 0,1627098186.844361,08:55:31:9b:0a:1b,2,1,2,0,128,748,741,915,30,853,1015,599,537,979,224,690,200,212,793,763,857,676,591,419,873,796,858,881,847,378,151,565,579,612,48,528,672,93,74,31,67,102,66,125,106,91,76,67,128,49,99,60,147,93,22,21,71,15,40,41,47,60,103,46,118,34,100,127,102
[ 1443.215494] [AOA] Measurement: 0,1627098186.892619,08:55:31:9b:0a:1b,2,1,2,0,128,270,578,382,818,231,751,1007,291,414,15,658,159,668,566,259,638,696,570,450,919,736,833,367,654,453,202,56,430,105,245,11,143,97,80,32,71,98,72,128,110,106,82,59,128,44,97,42,128,91,12,15,63,15,44,37,43,59,96,35,106,21,87,131,87
[ 1443.260873] [AOA] Measurement: 0,1627098186.938006,08:55:31:9b:0a:1b,2,1,2,0,128,251,592,396,837,808,996,577,546,995,209,617,107,747,651,247,641,741,587,986,34,265,1021,295,603,427,190,606,653,582,37,84,276,100,86,34,72,97,73,127,106,110,83,56,121,42,91,30,155,90,8,13,53,16,44,36,38,59,88,32,95,10,80,122,73
[ 1443.299687] [AOA] Measurement: 0,1627098186.976819,08:55:31:9b:0a:1b,2,1,2,0,128,284,619,365,835,890,32,548,523,384,32,646,114,712,621,256,661,751,584,984,52,789,880,269,618,428,182,602,605,594,54,1022,178,94,70,33,69,103,66,125,111,90,76,70,139,48,101,59,168,92,22,19,72,15,41,42,47,60,103,46,121,32,99,137,103
[ 1443.343989] [AOA] Measurement: 0,1627098187.021121,08:55:31:9b:0a:1b,2,1,2,0,128,824,815,900,1014,266,784,66,343,449,59,613,122,686,594,197,626,693,586,425,861,734,835,320,598,440,159,15,423,622,55,449,551,97,80,33,71,102,67,128,108,100,80,65,127,46,98,49,134,92,14,16,65,15,41,38,44,58,98,41,110,24,93,128,90
[ 1443.388191] [AOA] Measurement: 0,1627098187.065321,08:55:31:9b:0a:1b,2,1,2,0,128,907,818,923,1017,820,989,551,505,20,254,201,294,228,788,786,798,676,557,398,869,811,907,895,819,445,166,546,609,560,46,374,548,98,80,33,68,101,71,125,110,101,79,65,133,48,97,52,137,91,17,18,67,15,41,38,44,60,102,41,114,26,94,136,93
[ 1443.431866] [AOA] Measurement: 0,1627098187.108992,08:55:31:9b:0a:1b,2,1,2,0,128,258,576,406,866,329,825,608,533,15,257,165,338,279,801,801,847,634,605,447,913,726,825,328,605,423,190,1016,429,573,14,785,910,98,83,32,68,93,72,125,103,110,81,54,119,40,91,31,128,87,8,12,53,14,43,34,37,55,85,32,95,11,77,113,67
[ 1443.482459] [AOA] Measurement: 0,1627098187.159584,08:55:31:9b:0a:1b,2,1,2,0,128,833,848,906,3,853,1012,622,534,978,257,155,302,717,617,766,822,300,795,996,79,343,86,909,878,970,367,645,662,123,262,918,11,91,72,30,66,100,64,124,107,90,76,67,129,49,98,61,170,91,24,21,72,17,38,41,47,58,106,47,120,36,100,127,99
[ 1443.537896] [AOA] Measurement: 0,1627098187.215028,08:55:31:9b:0a:1b,2,1,2,0,128,277,601,430,858,889,998,584,522,1020,244,610,144,216,793,201,623,715,590,458,906,758,867,908,854,405,157,27,466,596,86,491,664,93,75,31,70,103,67,127,109,95,80,67,136,49,99,56,149,94,20,21,72,16,41,42,48,63,106,46,118,31,96,135,99
[ 1443.577076] [AOA] Measurement: 0,1627098187.254208,08:55:31:9b:0a:1b,2,1,2,0,128,803,760,911,1015,259,788,601,541,8,288,592,140,221,777,200,584,178,706,501,908,774,838,311,643,410,216,69,426,601,17,613,674,98,86,35,69,100,72,129,109,109,84,61,127,43,96,38,166,90,10,14,61,15,44,38,42,59,97,36,105,19,89,126,82
[ 1443.615962] [AOA] Measurement: 0,1627098187.293094,08:55:31:9b:0a:1b,2,1,2,0,128,828,820,935,45,249,794,47,368,2,268,152,303,698,586,205,644,706,539,408,877,331,17,821,785,445,238,587,621,105,234,532,722,92,79,34,68,98,70,125,106,103,79,58,122,40,95,38,142,87,10,13,57,15,43,37,38,55,89,34,99,14,79,123,73
[ 1443.660221] [AOA] Measurement: 0,1627098187.337353,08:55:31:9b:0a:1b,2,1,2,0,128,885,855,323,837,893,12,594,548,1009,271,655,110,701,621,211,644,727,556,414,875,826,892,285,615,467,193,595,570,102,230,127,319,94,80,33,70,98,71,127,107,101,83,60,125,45,95,38,146,90,12,13,57,14,42,36,40,59,95,35,104,15,84,123,77
[ 1443.699143] [AOA] Measurement: 0,1627098187.376274,08:55:31:9b:0a:1b,2,1,2,0,128,292,606,892,34,852,1,598,531,994,272,239,353,771,676,220,580,696,596,474,927,322,16,330,651,958,361,545,586,153,237,249,324,96,80,34,69,101,69,128,107,102,81,62,131,46,98,48,135,93,15,17,67,14,42,38,43,61,102,39,111,24,93,132,91
[ 1443.743609] [AOA] Measurement: 0,1627098187.420740,08:55:31:9b:0a:1b,2,1,2,0,128,849,820,940,53,820,989,36,311,1004,246,606,120,683,576,214,670,712,560,414,896,764,863,379,667,989,401,557,585,610,44,361,574,98,85,35,70,96,70,124,104,108,84,58,120,42,95,32,138,88,5,13,51,15,44,33,39,57,87,31,94,12,79,122,73
[ 1443.787055] [AOA] Measurement: 0,1627098187.464180,08:55:31:9b:0a:1b,2,1,2,0,128,846,820,901,14,851,1003,585,561,9,278,146,287,279,794,786,860,688,602,450,871,814,897,883,802,482,238,502,590,92,227,50,224,98,81,33,72,100,70,127,109,101,79,63,128,44,100,48,155,93,16,17,66,15,41,38,43,59,101,39,113,23,91,131,92
[ 1443.826210] [AOA] Measurement: 0,1627098187.503342,08:55:31:9b:0a:1b,2,1,2,0,128,235,565,351,825,255,765,44,315,451,74,615,111,704,609,206,650,730,546,442,895,768,897,268,604,441,210,518,554,581,0,900,99,98,82,34,72,104,71,130,110,105,81,63,132,48,98,47,136,92,13,17,65,16,44,39,45,62,102,41,112,24,89,127,93
[ 1443.868862] [AOA] Measurement: 0,1627098187.545988,08:55:31:9b:0a:1b,2,1,2,0,128,786,771,403,881,843,1022,3,325,948,222,273,381,278,828,757,831,220,811,973,75,216,6,356,650,420,211,14,409,609,54,782,876,93,81,34,69,101,71,128,108,106,79,61,127,42,93,39,156,91,10,15,61,15,41,36,41,59,95,35,107,18,86,128,82
[ 1443.907382] [AOA] Measurement: 0,1627098187.584514,08:55:31:9b:0a:1b,2,1,2,0,128,874,837,939,28,850,1020,598,541,1009,263,154,302,274,847,757,772,747,627,958,57,253,18,859,827,417,228,586,643,65,189,161,298,100,84,35,73,104,74,129,111,105,84,63,131,45,96,45,130,93,13,16,63,16,44,40,43,61,99,41,109,20,94,128,89
[ 1443.946594] [AOA] Measurement: 0,1627098187.623726,08:55:31:9b:0a:1b,2,1,2,0,128,808,789,391,861,311,817,572,514,1000,272,177,341,245,818,812,851,205,802,974,29,747,844,319,624,399,172,52,424,145,226,206,355,91,71,31,66,100,65,121,106,93,74,65,128,48,96,55,162,92,19,18,68,14,40,39,45,60,101,44,112,29,95,133,95
[ 1443.988280] [AOA] Measurement: 0,1627098187.665403,08:55:31:9b:0a:1b,2,1,2,0,128,836,782,926,46,825,1008,608,566,1014,254,141,332,288,842,788,826,259,835,980,42,294,1004,839,811,433,202,501,554,595,50,762,930,103,85,37,78,114,74,144,119,110,88,68,130,51,107,52,178,100,17,19,72,17,48,44,48,66,111,44,123,25,98,144,94
[ 1444.034698] [AOA] Measurement: 0,1627098187.711830,08:55:31:9b:0a:1b,2,1,2,0,128,807,801,910,21,800,953,588,552,9,242,623,103,750,629,797,836,214,774,428,924,294,0,861,803,921,388,550,595,602,28,90,227,93,74,32,68,101,65,121,105,95,75,66,137,48,98,57,128,91,21,20,70,15,39,41,45,60,104,43,119,30,95,135,99
[ 1444.078303] [AOA] Measurement: 0,1627098187.755434,08:55:31:9b:0a:1b,2,1,2,0,128,830,847,921,1013,274,799,25,310,523,91,687,172,240,809,759,835,232,748,943,14,347,78,898,827,28,430,676,670,558,43,928,195,94,84,33,69,99,72,125,105,102,80,60,123,42,94,39,128,90,10,16,61,15,42,38,40,59,97,37,106,18,85,123,83
[ 1444.121464] [AOA] Measurement: 0,1627098187.798589,08:55:31:9b:0a:1b,2,1,2,0,128,858,795,910,1016,821,999,998,294,477,57,205,367,278,831,794,798,630,589,436,872,344,61,883,799,406,171,580,598,594,33,380,544,99,82,34,69,99,72,125,107,106,83,57,124,42,94,38,157,88,9,13,59,15,43,36,40,57,90,35,102,17,83,124,79
[ 1444.172168] [AOA] Measurement: 0,1627098187.849293,08:55:31:9b:0a:1b,2,1,2,0,128,854,838,824,972,326,807,2,334,436,43,664,174,693,591,161,583,672,563,463,921,690,824,924,828,963,325,12,386,576,21,499,708,94,74,32,67,101,67,125,110,99,80,64,134,47,98,52,158,94,16,18,65,15,42,38,44,58,102,39,110,25,90,129,93
[ 1444.217907] [AOA] Measurement: 0,1627098187.895038,08:55:31:9b:0a:1b,2,1,2,0,128,310,583,471,893,828,942,5,295,547,91,687,175,706,576,203,618,645,575,391,861,812,843,272,597,404,148,7,439,167,246,3,121,95,79,32,71,103,68,126,109,97,82,66,135,47,99,56,165,93,19,19,70,15,41,40,44,61,102,43,117,30,96,133,95
[ 1444.256288] [AOA] Measurement: 0,1627098187.933420,08:55:31:9b:0a:1b,2,1,2,0,128,284,601,372,860,261,804,40,317,24,273,175,308,749,649,742,839,220,788,1011,95,290,8,953,877,903,352,519,602,598,28,831,1002,100,83,34,70,103,72,128,112,103,83,64,133,49,98,46,172,95,14,17,64,16,45,38,43,61,98,37,108,22,93,132,87
[ 1444.300609] [AOA] Measurement: 0,1627098187.977741,08:55:31:9b:0a:1b,2,1,2,0,128,876,846,875,5,822,1003,582,524,980,254,178,314,246,849,740,854,241,803,1000,72,263,10,888,837,410,173,631,649,119,231,809,1011,97,80,33,71,101,70,130,110,104,82,64,129,45,96,45,141,91,13,15,63,17,43,39,45,60,97,38,110,18,88,133,86
[ 1444.344788] [AOA] Measurement: 0,1627098188.021920,08:55:31:9b:0a:1b,2,1,2,0,128,263,592,386,856,361,832,37,361,1015,290,186,347,208,746,194,614,701,559,375,848,721,857,344,643,402,172,17,413,579,54,927,172,87,82,33,61,87,70,113,95,107,80,46,97,32,77,19,130,77,7,7,36,14,42,29,29,48,70,27,77,0,63,96,47
[ 1444.388367] [AOA] Measurement: 0,1627098188.065499,08:55:31:9b:0a:1b,2,1,2,0,128,828,759,385,854,348,851,1018,327,26,295,106,315,330,860,790,849,259,847,975,43,287,1017,313,592,415,172,591,636,592,29,472,525,98,84,34,71,101,71,128,108,104,82,61,129,44,96,41,128,90,12,14,60,16,44,36,41,59,94,35,105,20,85,128,85
[ 1444.432811] [AOA] Measurement: 0,1627098188.109941,08:55:31:9b:0a:1b,2,1,2,0,128,814,765,361,833,273,849,25,319,485,96,204,339,706,609,185,601,726,595,394,869,746,807,277,562,380,154,989,367,595,1014,227,462,95,78,32,70,101,67,125,107,98,79,64,127,47,97,50,149,92,15,18,66,15,41,38,44,58,102,40,112,25,91,133,91
[ 1444.483727] [AOA] Measurement: 0,1627098188.160853,08:55:31:9b:0a:1b,2,1,2,0,128,802,764,302,801,255,776,92,335,443,63,629,121,730,629,747,781,765,598,385,872,772,861,279,639,403,171,96,402,583,37,791,7,96,85,34,72,96,73,126,103,111,83,56,116,40,93,28,161,88,5,12,50,15,44,34,37,56,86,33,93,9,79,118,70
[ 1444.534395] [AOA] Measurement: 0,1627098188.211521,08:55:31:9b:0a:1b,2,1,2,0,128,771,734,361,827,281,807,7,314,475,96,611,93,231,772,773,792,196,760,937,0,778,855,915,799,404,190,577,612,590,36,804,1000,98,82,35,72,106,70,131,112,105,81,66,130,47,102,51,128,93,16,18,69,17,42,42,43,62,101,41,116,27,96,133,95
[ 1444.578866] [AOA] Measurement: 0,1627098188.255998,08:55:31:9b:0a:1b,2,1,2,0,128,840,828,935,20,801,966,580,508,975,189,694,178,240,792,731,799,208,784,1005,58,312,49,863,819,977,404,581,620,68,153,293,417,98,80,34,70,102,72,128,109,101,80,64,134,47,99,49,167,95,15,16,66,15,43,41,45,61,99,39,111,24,93,132,90
[ 1444.623384] [AOA] Measurement: 0,1627098188.300515,08:55:31:9b:0a:1b,2,1,2,0,128,266,559,369,848,254,787,19,324,464,67,664,145,690,548,236,605,706,603,401,846,757,829,353,656,369,165,1014,371,581,46,950,90,98,84,34,70,99,74,129,104,111,85,58,122,41,93,33,160,90,6,15,56,16,46,37,41,61,93,35,100,13,84,125,80
[ 1444.666203] [AOA] Measurement: 0,1627098188.343330,08:55:31:9b:0a:1b,2,1,2,0,128,323,587,385,839,241,791,37,326,475,39,642,112,313,824,791,832,689,607,437,876,757,840,864,802,454,168,989,420,640,48,275,488,95,84,35,69,98,72,124,103,107,80,56,118,41,91,29,136,87,6,12,53,15,44,34,38,55,83,31,94,11,77,118,68
[ 1444.710154] [AOA] Measurement: 0,1627098188.387280,08:55:31:9b:0a:1b,2,1,2,0,128,786,786,928,32,821,1008,540,488,1016,262,174,331,230,817,759,806,728,541,978,69,339,54,832,827,408,132,61,424,582,13,913,6,95,82,34,69,96,72,122,105,109,82,59,123,41,94,34,145,87,6,14,56,15,44,36,40,56,91,33,98,15,84,124,77
[ 1444.753529] [AOA] Measurement: 0,1627098188.430654,08:55:31:9b:0a:1b,2,1,2,0,128,821,786,378,873,774,963,8,318,1006,258,210,342,221,775,710,812,649,554,426,933,306,46,821,787,486,228,625,617,91,218,254,457,99,84,34,73,101,73,132,110,107,84,63,130,46,98,43,132,93,12,17,62,15,42,39,45,60,99,39,112,20,91,133,89
[ 1444.805553] [AOA] Measurement: 0,1627098188.482679,08:55:31:9b:0a:1b,2,1,2,0,128,271,603,388,851,331,810,564,489,472,36,735,198,708,599,242,593,692,640,506,953,321,15,880,824,418,137,16,431,628,37,574,804,98,83,34,74,104,75,131,112,106,82,64,131,46,98,43,158,92,12,17,63,15,44,38,43,60,98,38,109,20,87,129,86
[ 1444.851568] [AOA] Measurement: 0,1627098188.528698,08:55:31:9b:0a:1b,2,1,2,0,128,785,791,927,15,267,796,27,330,1002,214,694,193,282,840,742,745,730,641,995,40,313,47,882,833,948,350,538,615,103,186,970,125,98,83,33,70,97,70,124,104,107,82,59,125,43,96,38,157,91,10,15,58,15,43,35,40,57,94,36,104,17,86,124,81
[ 1444.901933] [AOA] Measurement: 0,1627098188.579060,08:55:31:9b:0a:1b,2,1,2,0,128,270,568,892,997,321,817,6,351,475,81,582,117,724,605,829,837,584,557,493,900,779,872,334,637,444,183,553,598,111,208,686,800,97,83,34,69,103,71,127,107,104,81,63,129,46,99,47,129,92,14,16,65,15,42,39,43,58,99,39,110,21,91,132,91
[ 1444.952344] [AOA] Measurement: 0,1627098188.629471,08:55:31:9b:0a:1b,2,1,2,0,128,277,642,372,850,297,812,4,302,464,102,645,149,220,792,182,659,719,561,936,26,809,872,274,645,414,191,50,380,588,22,310,561,95,78,33,71,101,67,126,108,96,79,65,127,48,99,52,139,94,17,18,68,16,40,39,45,59,104,43,117,27,96,136,97
[ 1444.997247] [AOA] Measurement: 0,1627098188.674379,08:55:31:9b:0a:1b,2,1,2,0,128,282,607,434,864,294,823,21,352,469,82,656,144,762,646,775,797,674,574,418,872,799,860,357,652,392,159,42,410,553,25,507,730,97,79,33,72,101,70,128,108,102,79,64,135,46,98,50,152,91,16,18,67,16,42,41,45,61,103,44,117,28,93,135,96
[ 1445.041635] [AOA] Measurement: 0,1627098188.718767,08:55:31:9b:0a:1b,2,1,2,0,128,190,543,344,861,317,832,15,322,385,56,723,163,702,596,206,619,686,600,416,894,767,833,375,680,305,120,1015,354,535,20,737,958,94,77,31,67,103,67,125,107,97,79,68,135,49,98,53,172,90,17,18,67,14,39,40,45,59,104,43,116,28,96,131,95
[ 1445.084821] [AOA] Measurement: 0,1627098188.761947,08:55:31:9b:0a:1b,2,1,2,0,128,283,688,64,8,795,1000,16,285,450,86,640,142,619,627,897,672,807,204,193,881,357,82,779,843,530,300,758,618,70,153,467,682,97,81,35,72,104,74,129,110,105,82,62,132,46,98,48,161,93,15,17,67,16,42,38,43,60,100,38,109,23,94,129,92
[ 1445.136422] [AOA] Measurement: 0,1627098188.813554,08:55:31:9b:0a:1b,2,1,2,0,128,829,867,481,844,737,985,657,553,985,260,181,403,107,788,391,830,779,192,294,892,766,887,299,669,493,229,209,433,649,317,107,277,96,82,35,72,105,69,127,111,102,81,63,130,47,95,49,139,92,14,18,68,15,44,39,44,61,104,43,114,25,94,133,92
[ 1445.183616] [AOA] Measurement: 0,1627098188.860743,08:55:31:9b:0a:1b,2,1,2,0,128,845,775,332,853,816,979,48,341,960,193,171,331,245,849,730,806,198,813,450,905,784,860,935,857,407,154,556,599,572,4,979,110,99,81,35,72,102,70,128,112,102,80,64,134,49,101,49,131,92,17,17,67,15,42,40,45,61,104,42,115,25,93,127,95
[ 1445.230746] [AOA] Measurement: 0,1627098188.907879,08:55:31:9b:0a:1b,2,1,2,0,128,838,789,918,1020,287,805,959,252,465,75,658,133,705,585,249,657,704,591,397,869,761,864,886,834,924,338,567,598,138,247,834,952,99,86,34,72,100,74,129,108,107,83,60,126,43,97,35,139,90,7,15,56,14,45,36,41,58,88,33,98,14,84,121,76
[ 1445.280454] [AOA] Measurement: 0,1627098188.957586,08:55:31:9b:0a:1b,2,1,2,0,128,282,618,928,47,324,863,1,328,462,37,641,158,287,803,274,623,675,622,450,895,754,831,299,641,430,199,1022,419,533,1008,889,20,99,88,33,70,100,73,124,107,110,84,58,117,42,93,31,129,87,7,13,54,15,44,37,40,58,89,34,98,12,76,119,72
[ 1445.319206] [AOA] Measurement: 0,1627098188.996332,08:55:31:9b:0a:1b,2,1,2,0,128,792,772,898,17,324,826,578,513,992,225,633,140,214,765,242,690,746,656,983,41,299,57,858,828,453,183,611,656,91,175,530,657,94,76,32,68,101,66,126,108,93,78,66,136,48,98,56,148,93,21,20,71,14,39,40,45,61,102,44,117,29,96,133,100
[ 1445.361836] [AOA] Measurement: 0,1627098189.038967,08:55:31:9b:0a:1b,2,1,2,0,128,854,790,911,6,255,778,28,333,490,69,623,125,726,589,809,817,691,575,1000,44,753,838,258,573,477,186,1020,377,141,195,248,416,65,61,32,45,58,59,86,65,94,67,32,62,19,57,30,105,61,14,4,13,12,34,23,20,39,46,27,50,9,47,69,21
[ 1445.400120] [AOA] Measurement: 0,1627098189.077245,08:55:31:9b:0a:1b,2,1,2,0,128,270,556,355,817,271,833,569,557,1012,225,167,347,226,830,727,771,726,604,462,874,814,875,296,635,431,198,538,585,648,62,2,178,90,73,31,67,101,66,124,107,94,76,67,127,48,97,59,141,91,20,19,71,14,39,41,45,58,102,44,118,29,95,128,96
[ 1445.443955] [AOA] Measurement: 0,1627098189.121081,08:55:31:9b:0a:1b,2,1,2,0,128,298,621,385,847,302,811,19,303,487,46,673,162,669,572,229,630,256,776,423,881,285,34,882,848,388,148,603,605,595,74,655,839,94,80,34,71,104,70,129,112,101,80,66,128,47,100,49,148,93,14,17,66,16,43,38,45,59,101,43,113,24,92,130,91
[ 1445.494545] [AOA] Measurement: 0,1627098189.171670,08:55:31:9b:0a:1b,2,1,2,0,128,829,806,382,866,819,968,19,303,465,74,660,160,726,590,239,693,237,740,378,910,754,864,308,631,1019,398,596,607,100,211,417,571,97,80,34,69,99,70,126,107,103,82,61,125,41,95,39,139,88,9,14,61,15,42,35,40,56,91,36,104,17,86,125,82
[ 1445.541383] [AOA] Measurement: 0,1627098189.218516,08:55:31:9b:0a:1b,2,1,2,0,128,281,640,392,862,818,1011,31,375,449,67,672,152,232,800,184,638,707,436,419,905,784,912,862,814,410,157,126,456,583,59,463,579,94,82,34,68,97,70,120,103,108,79,53,113,39,89,28,154,84,6,12,50,14,42,33,37,55,85,32,94,11,76,117,67
[ 1445.585727] [AOA] Measurement: 0,1627098189.262857,08:55:31:9b:0a:1b,2,1,2,0,128,312,641,908,17,854,1009,489,468,453,31,664,153,747,650,763,842,182,755,928,2,762,864,886,844,964,386,564,619,92,208,492,653,93,76,33,67,103,66,122,107,94,77,68,136,49,99,59,129,93,22,20,71,15,40,43,46,58,105,46,119,31,98,134,98
[ 1445.630085] [AOA] Measurement: 0,1627098189.307210,08:55:31:9b:0a:1b,2,1,2,0,128,265,593,948,19,847,1019,20,341,983,216,151,319,685,587,293,691,245,785,431,874,763,864,255,597,406,183,546,618,616,24,245,365,94,75,33,69,99,67,124,107,98,78,67,128,45,95,50,127,90,15,17,67,15,42,39,45,61,101,41,113,27,94,133,94
[ 1445.673087] [AOA] Measurement: 0,1627098189.350217,08:55:31:9b:0a:1b,2,1,2,0,128,838,768,870,1003,829,974,35,336,35,292,83,276,255,830,721,788,738,555,409,896,803,879,866,833,429,178,28,400,541,0,441,651,95,79,33,69,100,68,125,106,97,79,67,135,47,99,51,139,92,18,19,66,15,42,39,45,57,101,42,115,26,93,132,93
[ 1445.717297] [AOA] Measurement: 0,1627098189.394427,08:55:31:9b:0a:1b,2,1,2,0,128,279,576,378,837,276,801,1020,325,469,83,680,190,247,784,766,823,207,789,445,924,731,848,862,806,373,121,21,413,107,215,474,614,93,81,33,66,90,70,120,99,108,79,53,111,36,87,27,140,83,6,11,48,13,42,34,36,54,84,29,89,10,73,113,69
[ 1445.763531] [AOA] Measurement: 0,1627098189.440657,08:55:31:9b:0a:1b,2,1,2,0,128,843,777,948,34,847,1000,548,479,487,73,721,163,263,804,790,815,662,612,1000,69,273,24,889,841,942,370,995,406,573,19,928,30,92,72,31,67,100,66,124,105,95,76,64,132,46,97,53,128,92,18,18,67,14,41,39,46,60,101,40,114,29,94,134,95
[ 1445.810018] [AOA] Measurement: 0,1627098189.487150,08:55:31:9b:0a:1b,2,1,2,0,128,824,804,901,15,817,964,607,533,3,270,158,338,193,716,259,669,714,576,468,881,797,888,335,662,427,183,538,625,168,239,215,311,98,80,33,72,104,72,130,110,107,84,63,129,45,97,43,130,92,11,15,61,16,44,37,42,58,99,36,105,18,86,127,81
[ 1445.854790] [AOA] Measurement: 0,1627098189.531923,08:55:31:9b:0a:1b,2,1,2,0,128,842,781,361,826,304,816,39,325,446,20,680,165,669,596,225,614,781,612,985,74,337,34,890,844,962,370,1000,381,587,38,836,981,93,76,33,68,100,67,126,108,95,78,67,136,48,101,53,166,93,16,18,68,16,41,40,45,60,102,41,115,26,94,129,91
[ 1445.899066] [AOA] Measurement: 0,1627098189.576192,08:55:31:9b:0a:1b,2,1,2,0,128,894,856,892,990,243,794,52,356,1015,256,263,426,243,822,709,831,678,436,940,42,322,58,854,849,1021,411,606,636,90,220,194,369,93,75,32,69,100,66,127,105,97,77,65,135,47,98,53,127,90,18,18,69,15,41,40,46,59,100,41,115,28,95,129,94
[ 1445.943444] [AOA] Measurement: 0,1627098189.620574,08:55:31:9b:0a:1b,2,1,2,0,128,884,792,903,1009,858,1001,11,351,442,43,634,151,693,569,283,667,201,804,442,904,238,15,928,834,946,377,512,646,122,188,1005,190,97,83,33,70,104,69,128,108,103,82,64,131,47,101,46,148,95,14,16,67,16,44,39,43,60,99,38,109,20,90,128,83
[ 1445.989899] [AOA] Measurement: 0,1627098189.667026,08:55:31:9b:0a:1b,2,1,2,0,128,305,594,314,836,313,813,1005,323,455,57,725,180,259,785,817,830,232,817,439,923,288,2,874,812,991,373,533,611,148,229,878,5,94,80,33,70,103,69,125,111,99,79,66,129,48,99,53,138,93,20,18,70,15,42,42,46,60,106,43,115,27,94,136,98
[ 1446.037837] [AOA] Measurement: 0,1627098189.714967,08:55:31:9b:0a:1b,2,1,2,0,128,305,642,334,845,289,784,86,334,477,52,707,192,209,788,171,594,729,568,405,877,767,870,284,621,461,209,517,598,596,59,863,85,86,70,31,65,100,63,122,105,90,76,67,136,51,99,61,145,94,24,21,73,15,38,41,48,60,105,48,120,34,97,132,100
[ 1446.082758] [AOA] Measurement: 0,1627098189.759887,08:55:31:9b:0a:1b,2,1,2,0,128,789,777,373,870,214,766,46,304,422,36,634,151,692,597,234,627,701,571,476,925,295,62,317,615,398,175,998,375,601,24,224,356,106,89,37,77,110,75,136,119,111,87,69,142,51,105,46,149,96,14,18,69,17,46,40,46,64,107,42,120,25,95,140,96
[ 1446.127357] [AOA] Measurement: 0,1627098189.804487,08:55:31:9b:0a:1b,2,1,2,0,128,329,639,412,897,276,847,995,285,444,45,672,156,715,555,193,596,731,627,435,857,790,848,315,608,423,205,25,398,586,10,478,720,98,82,34,69,101,73,127,108,105,82,61,124,43,95,38,140,90,10,15,63,15,43,37,42,59,98,37,107,21,87,127,83
[ 1446.172808] [AOA] Measurement: 0,1627098189.849932,08:55:31:9b:0a:1b,2,1,2,0,128,304,637,434,867,851,1,993,281,425,46,642,114,741,616,121,605,697,521,301,804,798,892,913,874,966,360,564,590,602,65,484,695,94,81,32,71,104,70,128,107,99,79,62,132,47,97,48,160,91,15,16,65,16,43,40,44,60,101,40,110,23,91,131,91
[ 1446.223318] [AOA] Measurement: 0,1627098189.900446,08:55:31:9b:0a:1b,2,1,2,0,128,777,771,417,873,287,809,566,507,19,288,142,346,232,827,757,820,248,710,370,860,848,901,834,821,991,394,56,422,560,13,661,818,96,82,33,67,95,71,124,103,105,80,56,120,40,93,34,164,86,9,14,53,15,42,33,38,58,89,35,99,13,80,119,73
[ 1446.273383] [AOA] Measurement: 0,1627098189.950509,08:55:31:9b:0a:1b,2,1,2,0,128,834,771,383,836,872,973,40,324,427,48,629,140,312,845,839,837,235,803,970,77,769,861,924,867,392,154,518,601,124,235,230,308,92,76,33,69,103,70,128,111,101,79,66,129,47,101,54,149,92,18,18,70,15,41,40,45,59,105,41,115,26,95,134,95
[ 1446.318418] [AOA] Measurement: 0,1627098189.995548,08:55:31:9b:0a:1b,2,1,2,0,128,833,862,7,3,819,1003,692,578,67,328,195,348,176,842,866,677,764,180,323,884,815,960,825,889,1017,405,818,658,587,275,400,594,91,75,33,68,103,64,123,109,91,76,69,135,48,97,59,129,91,22,21,69,15,40,42,49,59,102,44,117,30,98,136,97
[ 1446.363226] [AOA] Measurement: 0,1627098190.040356,08:55:31:9b:0a:1b,2,1,2,0,128,242,588,358,866,314,859,556,498,452,41,194,322,291,850,765,820,167,769,466,867,790,866,356,642,407,182,25,427,607,32,784,940,106,89,37,76,109,78,139,118,115,88,66,130,47,102,45,157,95,12,15,62,16,45,40,43,62,98,37,111,17,90,133,84
[ 1446.406485] [AOA] Measurement: 0,1627098190.083612,08:55:31:9b:0a:1b,2,1,2,0,128,212,554,390,851,265,803,59,343,485,86,166,303,255,832,783,810,189,750,414,887,798,892,872,834,395,166,66,429,567,36,1006,146,98,83,33,68,94,71,125,105,107,81,56,120,40,91,32,134,89,8,14,52,15,43,36,39,57,92,35,96,14,79,120,77
[ 1446.461084] [AOA] Measurement: 0,1627098190.138209,08:55:31:9b:0a:1b,2,1,2,0,128,803,785,899,21,890,1006,534,482,1009,260,163,318,241,799,785,822,691,591,961,19,326,49,888,842,409,187,597,624,123,228,790,836,96,85,34,72,99,72,123,102,110,82,58,119,43,91,31,138,89,8,13,52,15,43,34,38,54,89,31,95,12,80,121,73
[ 1446.506612] [AOA] Measurement: 0,1627098190.183741,08:55:31:9b:0a:1b,2,1,2,0,128,223,565,432,882,820,1017,529,493,973,214,220,353,735,609,189,613,737,640,427,893,298,9,887,851,420,179,543,589,617,39,804,1009,92,76,31,69,101,66,125,105,96,74,65,131,46,99,53,136,90,17,18,67,14,37,37,44,58,99,42,115,26,92,133,95
[ 1446.551285] [AOA] Measurement: 0,1627098190.228416,08:55:31:9b:0a:1b,2,1,2,0,128,831,830,941,1022,794,986,598,508,458,56,687,168,726,642,182,660,715,468,347,847,744,832,325,651,973,409,643,673,576,17,338,531,98,83,34,71,105,73,129,110,106,83,67,136,48,102,50,160,94,16,19,66,16,43,41,45,62,103,41,114,24,94,133,93
[ 1446.602005] [AOA] Measurement: 0,1627098190.279133,08:55:31:9b:0a:1b,2,1,2,0,128,844,801,407,879,259,799,102,363,415,42,667,141,712,599,146,603,641,538,477,900,791,837,288,635,415,212,615,647,74,209,44,197,94,85,34,69,96,72,124,103,108,81,57,118,40,91,29,134,88,7,12,51,16,45,36,38,56,85,32,94,9,75,115,69
[ 1446.652144] [AOA] Measurement: 0,1627098190.329270,08:55:31:9b:0a:1b,2,1,2,0,128,271,617,399,876,273,800,87,365,32,299,119,309,152,735,152,643,210,695,956,47,267,55,826,782,959,389,7,370,582,49,692,963,95,82,33,72,100,69,129,109,98,81,65,131,48,100,52,135,93,16,17,67,17,43,42,45,61,103,41,113,25,92,132,96
[ 1446.697804] [AOA] Measurement: 0,1627098190.374934,08:55:31:9b:0a:1b,2,1,2,0,128,284,558,400,832,863,1015,579,536,476,84,153,336,265,845,747,818,721,627,994,73,249,1019,902,824,899,317,562,630,136,220,833,906,93,78,31,69,99,67,123,105,97,76,63,129,46,97,49,162,88,16,17,66,15,41,39,44,59,100,40,113,25,89,129,93
[ 1446.742584] [AOA] Measurement: 0,1627098190.419716,08:55:31:9b:0a:1b,2,1,2,0,128,786,788,975,36,876,1017,534,515,478,63,237,386,219,805,784,835,169,690,419,881,798,902,315,622,427,236,997,395,536,33,946,83,96,81,32,71,104,68,126,107,100,81,64,135,47,98,50,165,92,16,18,67,16,42,41,43,59,101,41,110,26,92,129,92
[ 1446.785812] [AOA] Measurement: 0,1627098190.462940,08:55:31:9b:0a:1b,2,1,2,0,128,277,616,917,2,251,812,51,338,985,240,652,162,202,776,726,846,685,584,370,863,856,917,860,796,997,380,519,582,605,70,672,805,98,83,33,70,100,68,126,106,106,81,61,127,44,97,40,146,90,8,15,57,15,45,35,40,60,91,34,100,15,83,127,77
[ 1446.828707] [AOA] Measurement: 0,1627098190.505838,08:55:31:9b:0a:1b,2,1,2,0,128,311,599,362,844,251,767,16,286,518,98,234,384,221,771,764,804,185,780,409,872,768,889,311,606,432,190,993,358,590,21,138,373,97,81,32,70,101,72,128,108,102,81,59,126,43,95,42,155,89,11,16,60,16,43,38,43,57,97,38,107,21,90,127,88
[ 1446.867353] [AOA] Measurement: 0,1627098190.544484,08:55:31:9b:0a:1b,2,1,2,0,128,896,874,889,14,816,1006,595,583,975,247,149,303,199,791,216,613,658,529,446,868,786,885,878,823,954,381,635,620,87,193,535,666,93,76,32,67,101,65,122,107,94,77,67,134,46,98,57,173,90,19,18,68,16,41,39,45,59,101,42,114,30,96,134,98
[ 1446.912571] [AOA] Measurement: 0,1627098190.589699,08:55:31:9b:0a:1b,2,1,2,0,128,841,815,933,21,268,809,17,305,407,60,673,136,259,822,706,834,194,737,927,9,339,42,888,845,932,353,518,552,94,222,715,845,95,82,33,70,99,68,124,105,104,79,60,124,43,95,37,167,89,9,16,58,14,44,37,42,58,96,34,102,18,84,127,79
[ 1446.955952] [AOA] Measurement: 0,1627098190.633082,08:55:31:9b:0a:1b,2,1,2,0,128,871,864,925,15,806,985,1021,301,476,100,696,166,199,811,675,860,266,546,882,38,819,903,287,650,473,204,722,661,148,309,808,928,99,83,32,72,100,71,127,109,104,80,63,130,46,98,46,170,95,14,17,67,15,42,40,45,60,100,39,111,25,94,133,93
[ 1446.999976] [AOA] Measurement: 0,1627098190.677107,08:55:31:9b:0a:1b,2,1,2,0,128,850,811,961,25,827,986,575,535,402,4,667,141,299,833,761,816,268,817,3,86,252,16,855,797,10,442,572,623,174,296,897,825,90,75,31,65,95,66,118,103,95,74,59,118,43,91,44,160,84,14,14,62,14,39,35,40,53,92,36,102,22,85,124,85
[ 1447.038167] [AOA] Measurement: 0,1627098190.715293,08:55:31:9b:0a:1b,2,1,2,0,128,231,532,439,864,219,777,17,321,479,74,678,142,693,584,766,820,234,732,405,863,779,879,269,593,407,156,968,375,569,10,790,19,102,86,34,76,109,73,134,115,105,84,73,145,52,106,56,137,100,18,19,71,16,46,42,48,65,110,44,121,26,100,142,97
[ 1447.086698] [AOA] Measurement: 0,1627098190.763829,08:55:31:9b:0a:1b,2,1,2,0,128,868,771,370,859,840,971,46,349,455,30,635,139,698,591,829,835,208,772,1019,63,308,29,892,841,995,376,574,608,135,241,737,793,95,82,33,70,104,71,128,109,100,80,67,136,49,102,54,135,95,19,19,70,16,42,42,45,60,107,43,116,28,95,133,97
[ 1447.134495] [AOA] Measurement: 0,1627098190.811621,08:55:31:9b:0a:1b,2,1,2,0,128,325,618,420,873,276,806,1010,298,440,17,688,154,729,573,218,626,704,589,427,897,773,870,291,614,1006,399,602,615,98,209,824,1016,98,79,31,71,102,69,128,109,101,79,68,134,50,100,52,149,96,18,17,71,16,42,40,47,61,101,42,113,27,94,136,99
[ 1447.179489] [AOA] Measurement: 0,1627098190.856620,08:55:31:9b:0a:1b,2,1,2,0,128,291,635,376,831,268,809,2,287,421,59,632,149,688,595,176,645,700,550,405,903,349,50,863,801,459,210,584,615,571,52,578,742,92,73,30,66,99,62,120,105,89,74,66,136,48,97,59,172,91,22,19,68,15,38,40,44,58,101,44,115,33,98,134,99
[ 1447.223550] [AOA] Measurement: 0,1627098190.900681,08:55:31:9b:0a:1b,2,1,2,0,128,228,584,494,860,219,733,62,320,446,49,628,119,249,825,153,663,690,449,384,857,811,899,271,621,424,182,63,403,568,18,452,810,95,81,32,72,101,70,126,107,106,80,62,128,44,97,43,171,90,12,15,60,16,44,39,44,57,96,37,102,20,88,128,83
[ 1447.268015] [AOA] Measurement: 0,1627098190.945143,08:55:31:9b:0a:1b,2,1,2,0,128,805,790,891,3,822,1011,1003,281,24,292,172,331,685,598,236,643,724,590,445,911,300,32,848,803,412,189,28,429,580,54,108,341,95,84,33,70,95,71,124,103,109,83,58,123,42,93,31,158,85,6,14,52,16,44,35,38,55,87,32,94,10,76,119,72
[ 1447.312249] [AOA] Measurement: 0,1627098190.989379,08:55:31:9b:0a:1b,2,1,2,0,128,281,595,387,858,290,812,4,340,477,102,208,372,193,782,172,583,740,589,443,893,793,877,277,612,411,163,80,420,598,52,950,178,94,83,32,67,99,68,124,104,105,80,59,124,44,96,39,132,89,10,14,60,14,42,36,41,56,94,34,100,16,85,124,82
[ 1447.361282] [AOA] Measurement: 0,1627098191.038412,08:55:31:9b:0a:1b,2,1,2,0,128,874,847,906,1010,835,988,39,328,984,277,679,216,234,813,775,835,208,724,986,64,290,29,900,822,933,354,592,515,621,58,733,930,90,73,32,66,100,66,123,108,93,76,67,134,46,94,56,129,92,18,19,69,15,39,41,44,56,101,42,115,29,92,129,93
[ 1447.403084] [AOA] Measurement: 0,1627098191.080187,08:55:31:9b:0a:1b,2,1,2,0,128,307,624,911,3,827,1023,999,313,416,41,677,165,705,631,758,844,220,700,931,9,766,897,867,802,988,341,59,442,556,10,373,636,102,85,36,75,113,75,129,118,110,85,70,131,51,106,54,136,101,17,21,73,17,47,43,48,63,109,46,119,29,101,139,103
[ 1447.449217] [AOA] Measurement: 0,1627098191.126348,08:55:31:9b:0a:1b,2,1,2,0,128,260,604,388,827,287,800,58,343,491,94,625,101,692,603,128,606,778,475,337,859,770,875,229,578,435,175,90,447,528,6,157,355,64,64,32,42,53,58,81,61,93,65,33,57,19,53,32,92,59,12,3,11,11,34,24,20,36,45,28,49,8,46,65,20
[ 1447.495074] [AOA] Measurement: 0,1627098191.172199,08:55:31:9b:0a:1b,2,1,2,0,128,841,808,332,821,826,1002,604,505,41,266,649,147,249,784,725,849,231,726,951,66,271,54,822,780,1013,392,599,616,107,204,419,524,92,82,33,65,89,72,117,100,106,80,48,107,36,84,22,143,82,6,11,43,13,43,31,35,52,80,29,83,7,71,109,61
[ 1447.539693] [AOA] Measurement: 0,1627098191.216823,08:55:31:9b:0a:1b,2,1,2,0,128,291,589,405,874,317,802,99,353,957,252,664,156,657,556,186,577,740,641,439,926,316,44,851,803,474,198,23,414,639,73,352,490,97,78,32,70,101,68,123,108,98,78,64,130,48,98,52,164,90,18,18,69,13,41,40,43,58,103,41,113,28,95,134,96
[ 1447.578402] [AOA] Measurement: 0,1627098191.255532,08:55:31:9b:0a:1b,2,1,2,0,128,832,808,897,10,802,990,541,498,993,272,655,154,744,607,733,805,701,584,398,853,821,894,935,877,949,373,536,606,119,275,313,385,61,64,31,42,56,60,82,63,92,67,33,59,19,56,31,92,58,14,3,12,11,34,25,18,37,46,28,50,8,45,66,21
[ 1447.622413] [AOA] Measurement: 0,1627098191.299542,08:55:31:9b:0a:1b,2,1,2,0,128,849,862,962,1010,850,1015,5,303,975,247,193,339,198,843,570,869,300,536,860,26,348,84,826,805,1009,420,721,650,108,279,698,789,93,79,33,69,98,68,126,107,102,77,61,127,44,94,40,166,91,11,14,60,15,41,37,39,56,93,33,104,16,85,123,82
[ 1447.665389] [AOA] Measurement: 0,1627098191.342514,08:55:31:9b:0a:1b,2,1,2,0,128,279,617,369,833,853,1015,31,285,452,81,180,313,238,804,196,644,744,621,408,836,843,914,865,810,416,208,563,601,599,54,108,238,94,75,32,70,104,68,127,108,99,77,70,138,49,102,56,153,91,20,19,69,15,41,42,48,61,105,43,118,30,97,135,98
[ 1447.708807] [AOA] Measurement: 0,1627098191.385937,08:55:31:9b:0a:1b,2,1,2,0,128,860,832,882,0,807,996,557,510,439,62,225,396,239,809,788,823,233,806,994,69,287,3,895,833,941,390,583,623,127,246,524,587,98,80,34,72,103,70,130,111,99,80,66,135,48,100,51,130,92,15,18,65,17,41,40,44,61,102,41,115,24,93,131,90
[ 1447.747131] [AOA] Measurement: 0,1627098191.424260,08:55:31:9b:0a:1b,2,1,2,0,128,800,761,365,836,854,1003,546,520,1022,269,165,321,245,815,750,799,205,785,424,876,836,888,885,839,976,386,587,608,155,236,190,315,104,86,37,76,112,76,137,117,109,87,69,139,50,106,54,177,99,16,18,71,17,45,43,48,65,108,43,120,28,100,132,101
[ 1447.792285] [AOA] Measurement: 0,1627098191.469411,08:55:31:9b:0a:1b,2,1,2,0,128,284,592,375,837,273,838,561,485,486,75,214,414,267,848,705,778,203,720,459,925,261,1019,348,662,424,215,581,598,592,24,948,146,97,81,35,70,101,68,128,108,99,80,64,133,47,97,50,133,94,17,18,66,13,42,40,45,58,101,41,109,24,95,128,92
[ 1447.842974] [AOA] Measurement: 0,1627098191.520099,08:55:31:9b:0a:1b,2,1,2,0,128,240,573,363,834,240,777,61,349,475,78,630,160,275,804,153,600,711,562,398,880,689,817,348,621,488,236,540,570,591,65,873,105,99,85,34,72,101,70,129,109,108,81,62,131,45,97,43,142,92,12,16,62,16,43,38,44,62,100,37,108,20,88,129,85
[ 1447.893727] [AOA] Measurement: 0,1627098191.570852,08:55:31:9b:0a:1b,2,1,2,0,128,260,604,384,842,264,793,21,282,437,79,660,169,684,630,154,628,707,402,459,916,716,844,371,674,426,173,66,401,504,15,679,954,99,86,34,71,102,73,128,107,106,82,60,125,41,96,39,133,90,11,15,61,15,44,38,42,59,97,37,104,16,85,127,83
[ 1447.938736] [AOA] Measurement: 0,1627098191.615866,08:55:31:9b:0a:1b,2,1,2,0,128,821,845,379,845,814,1000,1010,293,454,91,655,142,717,644,744,784,751,541,411,844,749,840,278,604,403,147,59,443,597,19,325,475,97,81,33,69,104,67,128,111,101,79,65,132,47,98,51,128,96,16,16,65,15,43,40,46,59,100,40,114,23,90,128,90
[ 1447.983545] [AOA] Measurement: 0,1627098191.660675,08:55:31:9b:0a:1b,2,1,2,0,128,802,733,334,844,291,794,22,325,492,66,671,163,678,555,219,584,704,617,396,855,342,43,829,808,427,154,1023,447,571,6,765,963,90,74,32,68,102,68,125,108,94,77,67,136,49,99,56,154,89,20,19,70,16,39,39,46,60,103,44,118,28,97,129,95
[ 1448.028369] [AOA] Measurement: 0,1627098191.705495,08:55:31:9b:0a:1b,2,1,2,0,128,288,603,425,877,284,813,25,302,3,242,624,95,732,583,264,629,701,599,432,858,783,868,877,820,946,367,568,642,114,201,446,596,99,84,33,69,97,71,128,106,108,84,59,123,40,94,34,127,89,9,15,57,16,45,34,38,58,89,33,102,14,83,120,76
[ 1448.071805] [AOA] Measurement: 0,1627098191.748929,08:55:31:9b:0a:1b,2,1,2,0,128,308,621,354,818,249,763,18,295,457,55,652,152,718,606,168,611,733,547,368,887,780,878,282,603,452,205,59,428,579,73,381,668,90,81,34,65,91,70,116,98,107,78,51,109,34,84,21,130,81,6,10,45,13,42,31,34,51,79,29,85,6,74,107,62
[ 1448.121987] [AOA] Measurement: 0,1627098191.799113,08:55:31:9b:0a:1b,2,1,2,0,128,807,763,419,847,275,797,669,576,48,288,185,369,213,792,706,790,246,743,397,875,316,14,344,645,495,242,559,560,561,23,631,794,90,75,32,67,103,64,123,107,91,75,69,136,48,101,62,133,91,23,20,72,15,39,42,48,58,103,48,122,32,98,129,103
[ 1448.167773] [AOA] Measurement: 0,1627098191.844903,08:55:31:9b:0a:1b,2,1,2,0,128,238,585,374,889,269,782,41,323,434,72,653,156,693,615,770,813,704,504,373,871,763,881,303,631,427,146,2,356,597,40,461,694,98,82,32,70,98,70,126,106,102,77,61,128,44,96,44,128,90,12,16,64,15,40,39,44,58,98,38,109,23,90,127,88
[ 1448.212250] [AOA] Measurement: 0,1627098191.889380,08:55:31:9b:0a:1b,2,1,2,0,128,847,798,900,1013,323,834,113,374,422,46,702,152,695,598,272,638,698,593,434,881,794,867,862,798,1003,374,620,635,615,77,718,896,97,80,32,70,101,70,131,112,100,80,64,132,47,100,48,131,93,15,19,65,17,41,39,45,60,99,41,111,23,91,132,89
[ 1448.268530] [AOA] Measurement: 0,1627098191.945630,08:55:31:9b:0a:1b,2,1,2,0,128,266,613,461,867,791,991,80,377,971,257,194,360,163,813,453,822,275,427,898,35,342,58,322,692,999,410,167,442,960,61,469,681,95,77,33,69,100,67,128,111,98,80,68,135,48,101,53,166,94,17,18,70,16,43,40,46,62,105,42,118,28,97,137,96
[ 1448.317354] [AOA] Measurement: 0,1627098191.994483,08:55:31:9b:0a:1b,2,1,2,0,128,859,804,358,814,321,827,18,342,471,63,662,124,265,820,802,812,252,778,922,48,261,19,863,788,425,218,1,443,605,29,546,713,92,75,32,70,102,66,123,110,93,78,69,131,50,100,58,147,93,22,19,71,16,41,40,46,61,105,45,117,31,98,136,98
[ 1448.356159] [AOA] Measurement: 0,1627098192.033289,08:55:31:9b:0a:1b,2,1,2,0,128,302,627,355,801,212,766,1000,283,444,58,679,137,676,589,157,608,733,490,417,886,722,815,277,600,403,96,114,425,598,39,759,1008,90,71,32,66,99,65,125,106,94,77,68,136,48,99,56,148,91,22,21,70,16,40,40,46,59,103,43,116,32,94,136,98
[ 1448.398438] [AOA] Measurement: 0,1627098192.075565,08:55:31:9b:0a:1b,2,1,2,0,128,833,802,371,828,335,838,528,488,8,278,166,331,271,817,705,799,710,562,327,853,310,23,879,822,367,125,83,442,561,21,723,933,104,83,35,75,109,77,133,120,112,88,70,129,52,109,55,147,100,19,19,71,17,47,45,47,67,109,42,122,29,99,128,103
[ 1448.443708] [AOA] Measurement: 0,1627098192.120838,08:55:31:9b:0a:1b,2,1,2,0,128,262,595,398,850,303,852,14,335,486,66,681,164,699,608,193,665,702,590,450,905,319,60,845,828,963,360,543,586,547,26,830,961,93,82,33,71,100,71,126,106,103,81,60,130,43,98,45,140,91,12,16,63,15,43,38,43,58,98,37,108,21,90,129,89
[ 1448.486540] [AOA] Measurement: 0,1627098192.163664,08:55:31:9b:0a:1b,2,1,2,0,128,841,828,920,13,257,791,14,307,490,93,686,169,259,795,710,787,210,714,381,842,769,852,358,623,461,241,56,424,585,18,783,1011,96,77,33,71,106,68,127,110,102,79,67,129,46,99,56,155,94,20,19,71,16,42,43,48,60,104,44,118,27,97,138,94
[ 1448.531194] [AOA] Measurement: 0,1627098192.208324,08:55:31:9b:0a:1b,2,1,2,0,128,300,591,326,787,281,803,60,313,468,53,686,153,246,786,190,628,724,607,400,888,796,851,318,630,404,168,1003,410,597,49,886,141,92,75,33,69,102,66,124,110,89,77,70,129,50,100,62,154,95,24,22,73,16,39,40,48,59,104,49,122,35,100,127,104
[ 1448.580996] [AOA] Measurement: 0,1627098192.258126,08:55:31:9b:0a:1b,2,1,2,0,128,785,769,994,15,845,994,545,516,2,261,115,294,263,791,762,813,215,783,379,880,286,21,355,641,388,184,28,426,599,59,533,701,94,80,33,68,100,70,126,109,101,79,61,129,42,95,41,171,92,12,16,61,16,45,37,42,56,97,34,104,20,84,125,79
[ 1448.619829] [AOA] Measurement: 0,1627098192.296956,08:55:31:9b:0a:1b,2,1,2,0,128,337,642,391,863,338,835,39,324,957,214,223,391,224,798,225,616,699,623,962,49,296,26,822,757,1004,419,1006,391,105,224,211,360,97,81,34,70,101,70,128,109,100,80,63,129,46,93,50,129,92,15,15,64,16,41,39,44,58,100,40,110,22,90,134,88
[ 1448.664390] [AOA] Measurement: 0,1627098192.341515,08:55:31:9b:0a:1b,2,1,2,0,128,889,824,951,1020,269,812,70,359,1019,262,652,114,711,623,706,810,720,416,373,871,765,858,299,633,519,273,606,592,175,314,627,771,96,80,33,70,103,70,127,109,103,81,64,130,44,99,45,167,94,13,18,63,16,46,39,44,59,99,36,105,17,87,127,83
[ 1448.715136] [AOA] Measurement: 0,1627098192.392261,08:55:31:9b:0a:1b,2,1,2,0,128,808,761,356,858,304,801,555,546,19,244,623,161,678,582,168,637,743,614,424,903,760,863,346,655,402,190,984,384,586,57,815,1017,61,60,34,40,53,59,83,63,98,69,34,57,17,57,36,103,62,14,5,12,13,35,23,19,38,46,29,50,10,49,68,21
[ 1448.758903] [AOA] Measurement: 0,1627098192.436029,08:55:31:9b:0a:1b,2,1,2,0,128,255,624,931,31,247,781,57,372,494,86,668,147,284,870,174,613,684,583,453,917,755,848,292,587,435,207,78,440,568,15,722,870,94,80,33,70,103,69,128,108,99,79,64,133,45,98,49,163,90,15,17,66,14,41,38,44,57,100,39,112,23,91,129,91
[ 1448.799176] [AOA] Measurement: 0,1627098192.476307,08:55:31:9b:0a:1b,2,1,2,0,128,780,756,896,1,318,804,1004,320,495,92,179,344,695,565,237,630,706,635,402,861,315,54,801,779,398,150,536,618,592,46,914,98,94,76,32,67,100,67,128,109,99,78,66,133,47,96,52,174,93,18,19,67,16,41,40,45,60,102,39,109,22,89,132,89
[ 1448.843114] [AOA] Measurement: 0,1627098192.520243,08:55:31:9b:0a:1b,2,1,2,0,128,848,824,391,858,830,996,561,512,8,289,156,300,681,587,779,798,712,574,423,904,283,36,872,827,454,203,562,632,185,262,718,811,94,80,33,70,101,69,127,107,101,81,63,131,46,99,49,135,91,13,17,65,14,42,39,43,58,98,37,110,22,90,132,88
[ 1448.893680] [AOA] Measurement: 0,1627098192.570806,08:55:31:9b:0a:1b,2,1,2,0,128,852,798,883,6,818,1009,569,531,1001,236,628,158,710,592,807,850,198,757,4,108,284,18,925,854,1007,396,556,570,83,192,187,270,96,81,33,67,98,71,124,103,106,80,58,119,42,91,37,162,89,10,13,57,14,43,36,38,57,92,34,99,14,82,123,77
[ 1448.940473] [AOA] Measurement: 0,1627098192.617603,08:55:31:9b:0a:1b,2,1,2,0,128,245,587,1011,33,792,1003,32,294,468,57,668,156,726,645,24,593,764,386,363,844,298,58,826,806,976,379,692,672,554,70,313,623,95,85,33,69,100,72,124,106,104,81,59,124,44,94,36,129,89,8,15,58,15,43,39,40,58,96,37,105,18,84,123,83
[ 1448.978883] [AOA] Measurement: 0,1627098192.656015,08:55:31:9b:0a:1b,2,1,2,0,128,880,782,928,18,845,1007,568,576,968,257,210,348,300,818,796,805,203,816,420,865,312,61,858,804,402,201,509,583,158,206,973,80,94,78,32,72,100,68,125,106,99,78,66,133,47,98,52,130,91,20,19,69,15,40,41,46,59,104,42,117,27,94,128,95
[ 1449.028133] [AOA] Measurement: 0,1627098192.705257,08:55:31:9b:0a:1b,2,1,2,0,128,266,619,378,848,858,995,614,558,1004,240,597,104,314,821,187,601,710,556,462,892,779,861,303,641,440,212,27,368,554,16,260,542,98,81,34,74,108,70,128,117,100,84,72,147,51,105,58,162,100,19,22,75,16,44,45,48,64,111,47,124,30,102,137,105
[ 1449.067931] [AOA] Measurement: 0,1627098192.745061,08:55:31:9b:0a:1b,2,1,2,0,128,281,587,396,853,302,827,3,308,439,43,705,181,671,613,107,603,667,458,373,883,762,836,348,648,466,230,1,381,563,32,557,824,98,86,35,72,104,73,129,110,109,82,60,125,43,96,39,166,91,8,14,59,16,44,39,41,59,96,35,107,17,88,132,88
[ 1449.106950] [AOA] Measurement: 0,1627098192.784083,08:55:31:9b:0a:1b,2,1,2,0,128,825,786,957,25,819,947,543,518,25,275,214,408,210,793,808,810,723,618,971,33,287,47,872,815,464,191,18,394,572,34,613,745,67,67,32,47,61,61,86,66,97,68,35,63,21,58,29,99,62,13,4,14,13,35,24,20,38,47,26,52,7,48,69,21
[ 1449.144686] [AOA] Measurement: 0,1627098192.821818,08:55:31:9b:0a:1b,2,1,2,0,128,303,600,1019,65,787,988,561,508,1023,268,197,358,239,783,746,818,659,546,429,885,760,830,320,637,427,214,34,405,627,51,546,776,102,85,35,75,111,75,135,116,104,86,72,129,50,106,56,155,100,20,21,74,16,45,46,50,66,112,47,123,30,103,127,103
[ 1449.183876] [AOA] Measurement: 0,1627098192.861008,08:55:31:9b:0a:1b,2,1,2,0,128,233,579,356,841,229,761,48,343,421,50,153,333,710,625,197,656,661,492,411,907,767,842,870,819,952,364,40,435,537,15,48,228,95,80,33,70,103,69,127,108,103,80,64,132,46,97,47,143,90,14,17,65,15,43,39,45,59,101,40,110,25,91,129,90
[ 1449.227892] [AOA] Measurement: 0,1627098192.905025,08:55:31:9b:0a:1b,2,1,2,0,128,806,814,903,1003,815,1003,556,519,466,79,187,360,188,774,706,804,683,489,424,890,774,895,353,642,417,186,87,397,619,56,480,651,99,84,33,71,98,72,123,105,108,82,58,118,40,92,30,127,90,7,14,55,13,43,36,39,57,91,34,100,12,81,123,75
[ 1449.272444] [AOA] Measurement: 0,1627098192.949574,08:55:31:9b:0a:1b,2,1,2,0,128,847,814,969,14,825,1004,531,510,456,98,657,150,242,822,754,776,251,815,979,23,759,848,356,634,387,198,31,434,572,42,829,891,91,74,31,68,97,65,124,105,93,74,66,134,47,97,55,168,91,20,18,67,15,40,42,45,60,103,41,117,30,95,134,94
[ 1449.316939] [AOA] Measurement: 0,1627098192.994071,08:55:31:9b:0a:1b,2,1,2,0,128,777,787,292,797,289,790,33,330,477,70,183,332,738,610,175,630,690,574,372,850,776,850,344,635,456,209,569,601,605,47,691,934,98,80,34,71,102,71,127,109,103,80,63,130,45,94,46,133,91,15,17,64,13,43,38,42,59,98,39,108,21,91,130,87
[ 1449.355661] [AOA] Measurement: 0,1627098193.032793,08:55:31:9b:0a:1b,2,1,2,0,128,327,649,423,864,272,823,16,329,465,73,195,367,246,843,151,602,668,482,425,864,796,844,350,678,1015,434,578,614,70,219,177,361,94,81,32,69,98,70,123,105,104,81,60,123,41,95,36,128,89,8,14,58,15,42,35,38,56,91,35,100,14,83,121,75
[ 1449.394176] [AOA] Measurement: 0,1627098193.071307,08:55:31:9b:0a:1b,2,1,2,0,128,275,603,428,878,820,1013,1014,264,464,85,648,157,190,793,727,811,218,648,382,843,762,868,284,621,437,179,82,424,565,52,139,277,72,68,32,52,65,63,93,72,96,70,39,69,21,63,22,110,63,11,4,21,12,36,25,24,41,56,26,61,3,55,83,35
[ 1449.437672] [AOA] Measurement: 0,1627098193.114806,08:55:31:9b:0a:1b,2,1,2,0,128,810,768,904,1022,275,797,1,306,467,74,701,162,268,847,775,802,701,587,431,888,754,854,322,633,405,202,1010,384,587,19,469,656,89,77,31,66,93,67,118,99,96,76,56,121,40,91,39,140,85,11,15,61,14,39,34,40,53,90,35,98,19,82,119,79
[ 1449.485363] [AOA] Measurement: 0,1627098193.162491,08:55:31:9b:0a:1b,2,1,2,0,128,792,804,907,5,834,998,522,501,446,56,232,383,299,883,717,829,229,655,918,41,331,43,878,841,1017,376,662,613,93,220,561,749,89,72,31,66,100,65,122,106,86,75,69,128,51,100,65,132,93,25,21,71,16,37,42,48,56,102,49,122,36,101,128,104
[ 1449.529909] [AOA] Measurement: 0,1627098193.207041,08:55:31:9b:0a:1b,2,1,2,0,128,315,604,357,843,273,799,22,325,496,50,608,125,717,586,249,651,732,649,459,897,770,824,328,623,471,190,981,359,539,1016,356,573,61,62,31,42,58,60,82,66,93,67,35,63,18,58,30,101,59,15,4,14,12,34,25,20,37,47,26,52,8,46,72,24
[ 1449.573677] [AOA] Measurement: 0,1627098193.250809,08:55:31:9b:0a:1b,2,1,2,0,128,250,604,349,790,279,817,23,350,472,99,639,131,637,567,690,840,267,599,913,44,337,26,931,840,458,242,630,594,575,78,359,494,94,76,31,71,102,65,124,109,88,76,67,136,49,100,61,138,93,23,20,72,16,39,43,47,59,106,49,120,33,97,135,103
[ 1449.612786] [AOA] Measurement: 0,1627098193.289916,08:55:31:9b:0a:1b,2,1,2,0,128,847,823,891,23,843,996,549,517,966,238,250,407,243,811,745,804,695,603,462,915,265,49,872,860,911,330,16,412,121,257,69,125,96,78,34,72,104,69,128,111,99,79,67,137,50,99,53,128,94,19,17,70,15,42,42,48,61,102,43,115,29,96,135,96
[ 1449.657425] [AOA] Measurement: 0,1627098193.334557,08:55:31:9b:0a:1b,2,1,2,0,128,257,594,396,842,283,806,57,308,468,56,656,114,768,649,783,863,701,598,423,883,222,45,883,840,429,201,608,621,141,245,18,160,95,78,32,69,102,69,126,108,97,79,66,136,47,97,54,146,90,18,18,68,15,42,40,45,60,100,42,115,27,94,134,94
[ 1449.701994] [AOA] Measurement: 0,1627098193.379127,08:55:31:9b:0a:1b,2,1,2,0,128,239,616,943,30,765,967,513,477,1010,277,151,319,274,834,751,804,720,597,988,59,332,54,863,844,4,414,485,541,155,262,242,357,95,82,33,68,98,70,125,106,106,82,56,119,39,92,31,134,87,7,14,55,13,45,34,39,55,88,33,98,13,80,122,77
[ 1449.744443] [AOA] Measurement: 0,1627098193.421569,08:55:31:9b:0a:1b,2,1,2,0,128,759,811,15,9,769,1015,624,532,483,129,726,211,552,641,875,692,797,241,233,821,819,909,259,693,526,271,807,657,631,328,472,763,104,89,37,74,109,77,127,116,112,87,65,138,47,103,44,175,99,12,17,65,16,46,39,45,64,103,38,111,19,94,127,90
[ 1449.790234] [AOA] Measurement: 0,1627098193.467360,08:55:31:9b:0a:1b,2,1,2,0,128,835,817,339,835,838,1012,88,326,1005,281,617,159,230,804,738,816,261,735,966,54,326,56,849,822,960,338,19,370,624,61,1022,212,98,84,33,71,102,71,127,110,106,82,62,130,44,98,46,128,92,13,17,65,15,45,38,43,58,98,39,109,21,88,129,84
[ 1449.833164] [AOA] Measurement: 0,1627098193.510296,08:55:31:9b:0a:1b,2,1,2,0,128,823,768,971,60,824,997,569,558,31,256,147,324,278,825,742,821,246,833,1007,50,735,826,335,659,479,210,1014,375,133,221,380,640,100,81,34,70,106,70,127,110,105,78,64,129,48,98,50,129,95,16,17,67,15,44,40,45,59,100,40,109,26,93,134,95
[ 1449.878253] [AOA] Measurement: 0,1627098193.555383,08:55:31:9b:0a:1b,2,1,2,0,128,879,825,338,842,817,978,980,270,456,64,649,141,661,580,228,622,681,560,477,937,723,831,270,615,383,161,1,421,558,21,756,923,97,83,35,71,101,71,128,109,106,83,62,128,45,98,41,140,91,11,16,60,16,44,37,44,59,98,37,108,19,87,128,84
[ 1449.926167] [AOA] Measurement: 0,1627098193.603294,08:55:31:9b:0a:1b,2,1,2,0,128,813,787,913,11,792,966,595,500,1003,238,151,293,287,833,230,649,210,824,993,42,287,1022,909,863,940,366,561,617,136,223,772,837,95,77,32,71,99,66,125,108,98,79,66,135,48,101,55,151,95,19,18,70,16,43,40,43,59,103,40,115,26,94,137,93
[ 1449.966180] [AOA] Measurement: 0,1627098193.643309,08:55:31:9b:0a:1b,2,1,2,0,128,836,798,924,29,298,827,571,523,471,46,602,95,247,761,762,814,242,820,11,76,332,26,858,799,969,376,529,601,130,193,23,149,93,79,32,68,99,66,126,108,100,78,65,133,47,97,49,129,90,15,17,64,16,41,40,44,58,100,38,109,24,91,127,88
[ 1450.010274] [AOA] Measurement: 0,1627098193.687404,08:55:31:9b:0a:1b,2,1,2,0,128,824,801,993,29,789,999,68,355,457,61,633,147,758,619,699,815,729,484,402,900,269,46,866,849,29,462,599,627,128,255,950,86,97,80,32,69,102,72,127,112,101,81,65,129,47,101,52,173,95,17,19,68,16,42,39,45,60,104,41,114,26,94,135,91
[ 1450.054968] [AOA] Measurement: 0,1627098193.732100,08:55:31:9b:0a:1b,2,1,2,0,128,801,802,330,811,309,832,536,462,417,52,223,343,315,824,746,805,236,823,950,36,799,883,328,625,436,167,2,422,611,50,780,911,94,78,33,67,100,68,123,109,95,76,68,137,49,101,57,142,93,21,20,69,16,39,40,47,59,105,42,120,31,97,134,99
[ 1450.099330] [AOA] Measurement: 0,1627098193.776458,08:55:31:9b:0a:1b,2,1,2,0,128,254,606,956,61,823,992,584,528,437,56,652,172,219,791,753,792,192,733,966,22,330,80,787,797,944,327,1014,411,654,98,832,973,94,83,32,67,96,71,125,101,102,82,55,118,40,91,31,147,86,8,13,51,14,42,34,37,55,81,32,91,11,75,112,69
[ 1450.142450] [AOA] Measurement: 0,1627098193.819576,08:55:31:9b:0a:1b,2,1,2,0,128,791,744,348,868,866,991,574,528,17,228,662,124,272,806,759,809,712,579,444,873,778,868,307,622,467,224,484,542,589,14,397,472,95,80,33,71,104,71,127,108,101,81,65,129,49,102,52,159,95,18,20,69,15,42,40,44,60,104,43,115,26,95,127,93
[ 1450.193485] [AOA] Measurement: 0,1627098193.870614,08:55:31:9b:0a:1b,2,1,2,0,128,824,845,979,1019,207,772,19,290,470,85,640,157,569,570,928,657,771,234,297,890,809,916,840,856,483,238,776,683,721,293,625,872,98,83,32,72,103,68,127,112,100,81,66,127,46,100,47,128,95,14,17,69,16,44,40,46,62,101,38,113,24,95,134,94
[ 1450.255804] [AOA] Measurement: 0,1627098193.932935,08:55:31:9b:0a:1b,2,1,2,0,128,840,804,914,26,858,1011,550,497,483,51,178,291,742,622,243,656,662,581,424,870,815,912,303,607,436,178,995,408,126,213,291,477,95,79,32,72,103,69,128,112,104,83,66,129,47,99,52,170,94,14,18,67,15,43,40,46,61,104,41,116,27,95,135,96
[ 1450.303348] [AOA] Measurement: 0,1627098193.980477,08:55:31:9b:0a:1b,2,1,2,0,128,848,828,977,61,799,987,34,308,55,277,181,332,261,822,729,782,217,791,1010,61,777,864,361,665,411,186,550,588,576,23,882,56,93,81,32,68,95,70,122,104,105,81,54,114,39,87,26,129,84,6,11,48,13,42,33,35,53,81,30,88,8,74,111,64
[ 1450.348862] [AOA] Measurement: 0,1627098194.025992,08:55:31:9b:0a:1b,2,1,2,0,128,794,796,406,853,786,996,991,288,457,61,654,159,227,783,791,843,242,792,922,2,777,877,846,820,412,180,563,564,628,32,116,302,96,84,34,70,98,71,128,104,109,83,59,122,41,94,31,155,91,8,13,55,16,44,37,39,57,93,34,99,14,80,122,71
[ 1450.393026] [AOA] Measurement: 0,1627098194.070157,08:55:31:9b:0a:1b,2,1,2,0,128,815,810,904,8,843,1016,548,487,1022,227,132,272,228,753,759,789,263,836,412,884,277,33,848,812,425,166,985,367,545,42,428,615,94,78,33,70,102,67,125,111,97,79,67,131,48,99,50,136,92,17,18,67,15,40,39,45,58,102,42,115,25,94,130,93
[ 1450.437605] [AOA] Measurement: 0,1627098194.114734,08:55:31:9b:0a:1b,2,1,2,0,128,262,603,363,875,861,1002,552,510,967,230,656,180,237,792,763,836,221,827,990,33,310,31,865,812,404,152,995,351,625,74,959,117,96,82,34,68,95,70,123,102,108,81,56,117,39,91,30,141,86,6,11,52,15,44,35,38,57,87,32,97,13,76,121,73
[ 1450.481387] [AOA] Measurement: 0,1627098194.158512,08:55:31:9b:0a:1b,2,1,2,0,128,863,857,418,818,235,808,12,310,406,71,295,449,172,779,458,832,820,279,802,1001,787,904,815,827,433,197,187,449,708,302,657,864,94,76,33,68,100,67,125,108,95,78,64,130,45,98,54,131,91,18,18,68,15,42,39,43,57,99,41,112,25,92,133,93
[ 1450.531738] [AOA] Measurement: 0,1627098194.208864,08:55:31:9b:0a:1b,2,1,2,0,128,877,807,319,828,302,817,7,305,393,997,677,130,289,805,737,790,706,653,994,82,336,51,907,852,1014,438,504,579,148,239,930,89,96,80,34,71,105,69,130,112,105,83,65,127,47,100,49,170,96,14,17,64,16,45,39,43,60,102,38,111,21,89,127,84
[ 1450.577040] [AOA] Measurement: 0,1627098194.254172,08:55:31:9b:0a:1b,2,1,2,0,128,875,814,894,14,827,986,554,483,977,241,177,343,249,762,219,585,743,657,432,860,328,28,834,803,442,194,519,588,601,30,814,932,93,79,33,69,102,69,125,106,101,81,60,127,43,94,43,128,90,12,15,63,14,42,37,42,59,94,39,104,20,89,126,85
[ 1450.621499] [AOA] Measurement: 0,1627098194.298629,08:55:31:9b:0a:1b,2,1,2,0,128,865,857,901,1010,834,986,993,291,499,86,694,169,203,781,804,837,193,784,967,68,220,989,921,885,997,414,526,604,124,193,702,858,94,78,33,69,104,69,125,107,96,78,68,134,48,99,58,136,91,22,21,70,17,41,42,46,60,106,44,116,31,97,133,100
[ 1450.671453] [AOA] Measurement: 0,1627098194.348585,08:55:31:9b:0a:1b,2,1,2,0,128,818,802,334,802,253,801,37,336,483,92,659,151,754,611,212,655,260,798,958,37,286,50,885,824,981,382,607,604,107,191,741,903,98,85,35,71,99,72,124,104,110,83,58,118,42,94,33,163,88,7,13,57,16,44,36,40,58,90,34,100,13,82,123,72
[ 1450.709966] [AOA] Measurement: 0,1627098194.387092,08:55:31:9b:0a:1b,2,1,2,0,128,286,601,421,862,824,967,600,534,472,77,664,151,691,608,241,678,684,540,477,904,286,64,911,843,953,365,9,411,602,16,866,29,104,88,36,77,108,74,134,117,107,86,69,129,49,104,50,168,97,13,19,69,16,44,41,47,64,106,41,118,24,95,141,92
[ 1450.753374] [AOA] Measurement: 0,1627098194.430506,08:55:31:9b:0a:1b,2,1,2,0,128,270,601,448,871,261,780,56,333,519,93,603,121,724,638,719,837,750,539,405,870,815,925,347,637,421,208,71,386,580,23,423,617,96,81,34,70,103,68,127,109,100,81,65,131,47,98,49,139,94,16,18,67,16,43,41,45,57,99,38,110,25,90,130,88
[ 1450.793196] [AOA] Measurement: 0,1627098194.470329,08:55:31:9b:0a:1b,2,1,2,0,128,778,791,935,21,839,1017,515,496,3,257,642,138,265,858,767,824,261,812,988,58,313,38,880,874,946,376,595,619,132,229,676,894,96,82,33,70,101,69,131,108,104,82,62,129,45,98,44,157,90,11,17,62,15,43,38,42,58,95,36,106,19,89,128,81
[ 1450.832131] [AOA] Measurement: 0,1627098194.509261,08:55:31:9b:0a:1b,2,1,2,0,128,854,814,921,46,820,987,6,302,428,26,698,176,684,617,775,839,274,787,965,40,779,878,323,663,417,185,547,571,629,79,735,942,96,80,31,67,101,68,127,107,101,79,65,135,47,100,50,167,91,16,19,67,15,42,39,44,62,103,41,111,26,93,132,93
[ 1450.875343] [AOA] Measurement: 0,1627098194.552471,08:55:31:9b:0a:1b,2,1,2,0,128,824,766,346,862,827,990,64,374,6,252,644,128,265,797,203,608,692,585,444,907,814,845,331,663,436,212,992,402,610,34,580,759,95,81,34,68,100,70,127,105,105,80,61,126,43,94,39,127,87,9,14,60,15,43,35,41,58,93,34,105,18,85,128,82
[ 1450.918298] [AOA] Measurement: 0,1627098194.595425,08:55:31:9b:0a:1b,2,1,2,0,128,382,644,388,821,833,27,623,518,1018,287,144,332,204,785,735,860,247,660,919,27,265,23,816,807,1021,396,634,648,592,95,761,2,76,71,32,53,69,64,93,75,101,70,38,71,23,66,26,116,65,12,5,20,13,36,24,23,41,55,28,55,5,50,75,27
[ 1450.961148] [AOA] Measurement: 0,1627098194.638274,08:55:31:9b:0a:1b,2,1,2,0,128,833,811,852,1014,233,768,46,325,489,89,174,320,260,806,736,773,718,657,473,899,786,869,345,609,370,172,987,372,633,69,379,535,91,74,31,69,102,66,125,109,91,78,70,137,50,98,60,160,93,22,20,72,15,40,43,47,59,105,48,119,30,97,135,100
[ 1451.009360] [AOA] Measurement: 0,1627098194.686492,08:55:31:9b:0a:1b,2,1,2,0,128,843,911,21,1018,871,44,646,533,997,304,260,401,148,847,427,877,296,381,805,41,310,63,784,839,560,311,752,627,63,55,329,609,98,81,33,73,101,72,128,107,105,82,63,127,46,96,43,158,92,12,17,62,15,44,37,42,59,96,37,105,20,88,128,84
[ 1451.052018] [AOA] Measurement: 0,1627098194.729144,08:55:31:9b:0a:1b,2,1,2,0,128,845,783,954,84,847,991,1016,307,484,47,633,115,312,823,759,814,176,800,976,42,308,17,853,793,422,156,1019,398,601,4,850,953,97,80,33,71,101,70,128,108,100,80,62,130,45,97,47,157,93,13,17,63,13,42,37,41,58,96,39,108,22,90,130,88
[ 1451.107361] [AOA] Measurement: 0,1627098194.784493,08:55:31:9b:0a:1b,2,1,2,0,128,249,574,422,880,250,786,25,311,976,191,153,359,217,790,714,836,695,568,962,36,805,866,307,605,465,196,536,596,594,40,955,105,90,73,30,67,100,62,120,108,92,74,68,128,49,100,58,129,92,20,20,69,16,39,42,45,59,101,43,116,29,94,129,96
[ 1451.155010] [AOA] Measurement: 0,1627098194.832138,08:55:31:9b:0a:1b,2,1,2,0,128,279,650,460,837,205,766,67,395,1022,315,625,152,208,815,458,803,801,282,331,870,810,905,295,676,449,210,159,399,202,86,527,856,95,84,34,67,97,72,126,104,110,82,57,121,41,94,33,155,89,8,13,54,14,46,35,37,58,90,31,95,12,79,119,73
[ 1451.199043] [AOA] Measurement: 0,1627098194.876169,08:55:31:9b:0a:1b,2,1,2,0,128,232,557,363,810,344,837,582,513,431,45,723,210,225,776,224,644,669,559,422,905,267,11,892,808,1007,376,607,620,120,234,414,512,93,78,32,69,101,68,123,108,97,78,62,127,45,96,47,127,89,13,17,65,14,42,35,41,59,95,37,106,22,90,128,87
[ 1451.241741] [AOA] Measurement: 0,1627098194.918871,08:55:31:9b:0a:1b,2,1,2,0,128,823,763,394,874,313,828,578,508,417,8,676,158,265,824,828,862,245,800,359,824,344,50,888,828,1004,385,494,529,565,17,503,692,94,78,34,69,103,68,128,110,99,81,65,130,47,97,53,133,93,17,18,66,15,43,39,45,60,101,43,114,27,95,133,96
[ 1451.285499] [AOA] Measurement: 0,1627098194.962632,08:55:31:9b:0a:1b,2,1,2,0,128,312,633,343,824,278,786,99,336,434,48,609,110,727,589,198,597,734,556,408,851,778,854,353,665,372,170,73,416,591,58,592,795,98,85,35,73,103,73,131,111,107,83,63,128,45,95,42,128,92,11,15,63,17,44,39,44,57,99,38,107,20,88,128,85
[ 1451.329567] [AOA] Measurement: 0,1627098195.006699,08:55:31:9b:0a:1b,2,1,2,0,128,815,796,925,10,839,1005,10,314,491,74,227,353,310,812,808,842,194,766,9,73,300,17,917,853,944,344,42,470,138,223,747,854,94,76,33,70,101,67,125,111,94,78,69,137,49,101,56,133,94,19,21,69,14,40,42,47,61,107,46,120,29,98,136,100
[ 1451.368124] [AOA] Measurement: 0,1627098195.045253,08:55:31:9b:0a:1b,2,1,2,0,128,805,823,304,808,298,832,1013,308,485,53,619,95,735,621,198,641,685,529,423,869,744,855,318,575,438,213,21,440,593,29,904,103,93,81,32,68,94,71,122,103,105,80,55,117,40,91,33,152,86,7,12,55,14,42,35,39,57,90,31,96,13,80,121,76
[ 1451.413367] [AOA] Measurement: 0,1627098195.090494,08:55:31:9b:0a:1b,2,1,2,0,128,833,849,7,1017,815,1005,605,530,33,374,225,382,173,852,413,847,807,235,818,11,849,963,233,628,526,256,207,452,709,336,567,709,98,83,34,71,104,74,127,108,104,81,63,125,45,97,40,160,91,11,15,61,16,44,36,41,59,96,36,105,19,85,128,84
[ 1451.463897] [AOA] Measurement: 0,1627098195.141022,08:55:31:9b:0a:1b,2,1,2,0,128,819,857,472,850,266,810,62,327,496,104,704,199,594,611,975,668,762,243,272,825,323,97,269,630,475,229,172,459,100,97,949,220,97,77,33,67,100,70,124,107,104,81,61,124,43,96,42,128,91,11,15,62,15,42,36,42,57,97,38,107,24,89,129,86
[ 1451.508119] [AOA] Measurement: 0,1627098195.185249,08:55:31:9b:0a:1b,2,1,2,0,128,234,576,418,873,873,13,506,464,981,216,168,369,219,816,763,858,258,799,978,72,296,46,837,818,383,104,13,382,604,49,1014,179,95,75,31,69,102,67,126,109,95,79,68,137,49,98,53,167,95,19,20,71,16,41,41,47,59,102,43,116,30,96,136,99
[ 1451.553493] [AOA] Measurement: 0,1627098195.230619,08:55:31:9b:0a:1b,2,1,2,0,128,859,816,889,1010,246,809,608,561,1001,295,179,328,669,594,148,650,725,466,371,859,791,897,875,845,1004,406,38,414,571,75,677,847,95,80,32,69,100,69,127,107,101,80,60,128,44,94,42,129,89,12,15,62,14,43,37,43,58,96,36,104,21,86,126,85
[ 1451.604886] [AOA] Measurement: 0,1627098195.282012,08:55:31:9b:0a:1b,2,1,2,0,128,803,846,442,836,780,977,80,345,430,68,677,186,629,610,975,670,780,286,820,26,768,874,261,659,463,228,708,626,130,66,516,730,94,80,32,68,97,68,122,102,102,80,58,122,43,93,37,141,86,8,14,57,15,42,35,40,56,93,34,100,17,83,123,80
[ 1451.658626] [AOA] Measurement: 0,1627098195.335752,08:55:31:9b:0a:1b,2,1,2,0,128,336,661,944,1020,267,813,1020,290,456,23,715,190,208,783,698,842,737,558,407,904,765,866,323,637,407,161,104,440,557,1023,482,731,97,84,34,72,101,72,128,107,107,84,59,129,45,96,41,129,92,11,16,61,14,44,37,43,59,96,37,104,21,86,129,86
[ 1451.704281] [AOA] Measurement: 0,1627098195.381407,08:55:31:9b:0a:1b,2,1,2,0,128,363,655,376,831,891,36,496,486,429,45,622,125,718,630,709,808,243,701,914,39,794,883,339,635,453,221,33,387,557,51,170,344,92,76,32,69,98,65,125,108,94,77,69,129,49,101,57,135,94,20,19,70,16,38,42,47,57,104,43,115,30,96,135,96
[ 1451.754507] [AOA] Measurement: 0,1627098195.431632,08:55:31:9b:0a:1b,2,1,2,0,128,845,806,339,789,894,1006,568,512,1002,270,635,129,685,588,759,845,681,548,465,923,342,83,879,828,967,381,565,625,106,258,533,703,97,81,33,71,101,70,129,113,99,81,66,135,45,101,52,132,93,14,18,66,16,44,41,45,59,104,40,113,27,93,131,92
[ 1451.799998] [AOA] Measurement: 0,1627098195.477125,08:55:31:9b:0a:1b,2,1,2,0,128,819,768,916,10,258,811,994,265,8,231,645,125,757,628,814,829,702,578,445,859,755,825,322,628,413,174,11,388,638,65,868,987,73,71,36,50,70,65,99,78,107,76,39,70,23,67,30,110,70,13,4,20,12,38,27,25,44,55,29,59,6,54,82,32
[ 1451.843127] [AOA] Measurement: 0,1627098195.520254,08:55:31:9b:0a:1b,2,1,2,0,128,299,639,975,56,322,854,3,332,422,26,652,142,703,610,239,667,728,570,380,858,763,873,297,602,435,198,53,407,552,13,762,1020,92,76,33,68,99,66,123,108,90,78,66,129,47,97,52,128,92,18,18,67,14,40,38,45,59,100,42,115,27,93,133,92
[ 1451.892983] [AOA] Measurement: 0,1627098195.570111,08:55:31:9b:0a:1b,2,1,2,0,128,820,806,878,14,282,833,597,538,13,230,691,170,297,818,765,814,277,866,29,99,285,44,837,792,445,185,551,575,656,87,211,370,93,77,33,70,103,67,125,109,95,79,65,132,46,98,48,129,91,15,17,65,14,42,39,42,58,97,39,111,23,88,128,89
[ 1451.943105] [AOA] Measurement: 0,1627098195.620231,08:55:31:9b:0a:1b,2,1,2,0,128,272,615,934,1022,835,971,581,524,492,95,595,97,745,607,225,642,728,575,434,891,290,15,331,636,956,376,546,637,549,20,324,558,95,77,31,69,104,67,129,110,99,80,69,136,49,99,55,133,92,18,18,69,15,42,42,47,59,101,43,116,27,94,128,96
[ 1451.986032] [AOA] Measurement: 0,1627098195.663160,08:55:31:9b:0a:1b,2,1,2,0,128,868,809,883,1,777,965,588,552,508,91,640,160,729,627,209,611,706,629,392,825,803,869,243,567,396,136,74,429,584,43,441,665,98,82,33,71,101,71,128,106,107,82,57,125,40,92,34,128,90,9,14,56,15,43,36,38,59,88,32,99,16,83,121,77
[ 1452.029115] [AOA] Measurement: 0,1627098195.706244,08:55:31:9b:0a:1b,2,1,2,0,128,833,783,923,70,863,969,637,586,1015,232,213,354,280,842,831,896,213,795,958,82,233,5,335,629,460,176,594,625,637,49,699,886,96,83,34,69,101,71,125,105,104,80,59,123,42,95,36,128,90,10,14,59,14,43,37,42,58,91,36,105,16,83,127,79
[ 1452.076002] [AOA] Measurement: 0,1627098195.753135,08:55:31:9b:0a:1b,2,1,2,0,128,866,834,430,877,808,974,31,307,499,91,633,118,694,592,141,661,748,373,394,896,785,887,840,784,469,211,700,637,71,211,127,277,91,76,32,69,100,66,126,107,98,78,64,128,48,97,50,173,89,17,18,67,15,41,41,44,59,100,40,112,24,93,127,89
[ 1452.121997] [AOA] Measurement: 0,1627098195.799099,08:55:31:9b:0a:1b,2,1,2,0,128,815,802,362,840,280,819,22,359,983,212,201,350,175,737,225,678,773,535,921,35,322,52,322,628,996,387,637,630,79,244,203,395,86,70,31,65,94,63,119,103,92,73,60,125,43,91,47,156,85,15,16,59,14,39,37,41,55,94,36,108,24,86,125,86
[ 1452.179115] [AOA] Measurement: 0,1627098195.856245,08:55:31:9b:0a:1b,2,1,2,0,128,844,801,962,16,227,798,36,367,428,82,618,112,707,609,208,638,676,539,444,882,767,847,841,816,462,220,1023,380,595,28,344,546,90,76,31,69,99,66,123,105,93,76,66,129,48,96,53,128,90,18,17,68,15,38,40,44,60,101,43,116,29,94,127,95
[ 1452.217882] [AOA] Measurement: 0,1627098195.895013,08:55:31:9b:0a:1b,2,1,2,0,128,794,764,941,5,847,1008,553,538,7,241,599,96,223,785,783,823,706,658,476,912,779,872,355,645,410,202,559,661,75,197,846,6,97,85,33,72,103,71,130,108,103,82,62,128,45,99,46,146,92,12,16,63,14,45,38,43,59,98,36,108,21,89,128,84
[ 1452.262009] [AOA] Measurement: 0,1627098195.939139,08:55:31:9b:0a:1b,2,1,2,0,128,306,627,1006,74,816,984,629,576,24,252,154,322,246,760,240,630,784,630,1000,83,311,37,828,800,934,371,504,599,602,52,287,423,96,82,33,68,99,71,127,106,109,81,58,118,43,93,32,143,89,8,13,56,15,43,38,40,58,92,34,98,15,83,121,80
[ 1452.311205] [AOA] Measurement: 0,1627098195.988335,08:55:31:9b:0a:1b,2,1,2,0,128,838,812,898,1010,257,785,85,324,482,87,657,140,714,607,208,631,692,542,390,837,806,881,365,695,439,192,29,401,576,9,1005,153,96,82,36,72,101,71,128,111,106,82,60,130,43,98,44,129,92,12,16,62,17,44,39,43,59,96,38,105,20,89,130,89
[ 1452.350008] [AOA] Measurement: 0,1627098196.027139,08:55:31:9b:0a:1b,2,1,2,0,128,299,619,925,15,258,748,50,306,468,49,650,137,682,584,236,631,747,601,997,44,775,854,262,603,454,174,48,401,587,53,908,172,96,78,32,69,103,67,125,108,98,79,64,131,46,98,48,127,90,14,16,65,15,41,38,43,57,97,39,109,24,93,132,91
[ 1452.388498] [AOA] Measurement: 0,1627098196.065626,08:55:31:9b:0a:1b,2,1,2,0,128,298,611,346,812,306,834,15,347,506,106,651,157,218,774,191,622,656,506,461,937,748,855,312,616,478,214,998,373,571,6,528,865,102,89,35,72,101,77,130,107,115,88,61,121,40,97,28,137,93,7,12,55,16,47,36,38,59,92,34,97,11,81,125,74
[ 1452.431843] [AOA] Measurement: 0,1627098196.108973,08:55:31:9b:0a:1b,2,1,2,0,128,251,597,371,801,283,849,554,498,26,299,181,334,676,609,223,691,733,427,397,873,753,863,320,666,383,174,60,401,516,18,196,464,95,81,32,70,99,70,126,102,102,79,61,130,44,97,43,158,89,12,15,62,14,42,38,42,59,98,37,108,21,87,129,86
[ 1452.475456] [AOA] Measurement: 0,1627098196.152586,08:55:31:9b:0a:1b,2,1,2,0,128,246,601,415,913,741,963,554,491,4,251,151,285,268,794,817,854,697,575,387,863,805,888,354,631,405,189,31,423,587,71,622,774,88,70,32,66,99,62,123,107,91,75,67,137,49,100,61,166,91,23,20,72,15,39,42,48,57,104,47,119,34,97,136,101
[ 1452.519782] [AOA] Measurement: 0,1627098196.196912,08:55:31:9b:0a:1b,2,1,2,0,128,274,595,406,851,230,788,633,569,1011,293,123,323,247,851,716,780,732,488,402,858,770,903,350,665,32,427,593,609,558,40,826,4,93,75,32,69,103,65,126,107,95,79,66,128,47,99,54,170,92,18,19,69,15,41,41,44,59,102,42,116,29,94,133,95
[ 1452.558571] [AOA] Measurement: 0,1627098196.235701,08:55:31:9b:0a:1b,2,1,2,0,128,807,774,403,889,795,986,533,488,1020,307,156,310,679,540,249,624,706,567,388,863,777,871,830,817,473,224,581,608,118,242,407,460,93,85,34,68,91,71,123,102,111,83,55,113,38,91,25,153,83,6,11,47,15,44,34,36,55,82,30,90,6,75,115,67
[ 1452.597262] [AOA] Measurement: 0,1627098196.274392,08:55:31:9b:0a:1b,2,1,2,0,128,861,816,923,1012,308,794,1013,295,468,96,642,152,205,801,212,647,670,529,408,867,773,861,325,617,425,216,540,583,548,35,843,981,67,66,30,47,62,61,92,76,94,70,37,66,22,60,25,100,64,12,5,17,12,36,23,22,41,49,26,52,7,50,68,21
[ 1452.636462] [AOA] Measurement: 0,1627098196.313593,08:55:31:9b:0a:1b,2,1,2,0,128,267,582,380,871,337,851,561,512,23,272,189,332,225,787,750,782,715,618,933,40,814,868,271,595,429,173,1001,380,633,47,860,41,95,76,32,68,101,70,123,107,99,79,64,130,45,98,50,129,91,15,18,66,16,41,40,43,60,100,41,114,27,95,133,96
[ 1452.684855] [AOA] Measurement: 0,1627098196.361987,08:55:31:9b:0a:1b,2,1,2,0,128,795,806,419,887,247,793,69,334,981,240,198,362,233,827,182,647,747,550,381,872,743,868,854,823,1006,394,579,613,112,207,63,188,102,85,36,75,110,74,133,118,105,87,69,128,51,107,52,127,102,17,21,71,17,45,42,47,64,106,43,118,27,98,134,97
[ 1452.729597] [AOA] Measurement: 0,1627098196.406726,08:55:31:9b:0a:1b,2,1,2,0,128,302,616,380,815,296,820,984,300,421,44,577,103,746,645,194,641,699,479,390,879,778,863,284,631,417,179,48,424,576,59,868,36,95,84,33,66,96,73,122,100,110,82,54,112,37,89,25,141,87,6,12,49,13,41,33,36,54,83,31,89,9,75,114,66
[ 1452.770868] [AOA] Measurement: 0,1627098196.447994,08:55:31:9b:0a:1b,2,1,2,0,128,795,785,931,2,295,821,1022,345,20,308,148,354,194,770,149,596,744,616,976,96,372,76,874,811,459,202,588,618,561,32,127,365,98,83,34,71,103,70,128,109,102,82,64,130,46,98,48,147,94,14,17,64,14,42,39,43,58,98,37,108,19,88,127,84
[ 1452.820879] [AOA] Measurement: 0,1627098196.498005,08:55:31:9b:0a:1b,2,1,2,0,128,226,569,377,853,235,793,27,305,493,91,621,121,770,669,161,604,686,579,414,893,751,847,336,660,386,179,1020,420,588,55,199,486,94,76,32,68,102,69,123,109,97,77,66,132,47,99,53,166,94,17,18,67,16,42,40,45,60,101,41,113,26,95,127,91
[ 1452.870333] [AOA] Measurement: 0,1627098196.547463,08:55:31:9b:0a:1b,2,1,2,0,128,296,567,296,792,274,767,8,313,455,46,638,125,734,590,219,596,694,619,400,852,791,860,317,615,427,205,519,567,629,92,654,783,95,80,32,70,100,71,126,107,104,79,60,124,42,96,41,138,89,11,15,59,15,44,35,40,58,96,36,101,19,87,127,82
[ 1452.910957] [AOA] Measurement: 0,1627098196.588087,08:55:31:9b:0a:1b,2,1,2,0,128,769,759,948,5,805,976,547,484,463,88,165,351,272,839,780,816,670,539,380,851,838,893,863,816,949,351,558,608,636,66,398,481,97,84,33,72,99,71,127,108,106,81,62,128,45,97,41,152,91,10,16,60,14,42,37,41,59,98,37,105,22,89,130,87
[ 1452.954262] [AOA] Measurement: 0,1627098196.631393,08:55:31:9b:0a:1b,2,1,2,0,128,262,605,326,834,247,812,642,545,413,61,742,188,724,561,205,651,686,581,434,853,338,60,898,843,929,380,521,582,604,41,895,110,96,83,34,69,93,72,121,102,104,83,54,113,38,89,27,127,86,4,11,51,16,45,34,36,56,86,31,94,10,76,115,63
[ 1453.000695] [AOA] Measurement: 0,1627098196.677821,08:55:31:9b:0a:1b,2,1,2,0,128,801,787,369,853,282,828,10,298,501,115,683,193,763,646,746,781,214,745,432,908,802,893,302,649,416,172,556,585,601,50,411,559,100,82,35,74,100,72,128,108,106,82,61,127,45,99,40,174,90,12,14,60,16,44,37,42,59,98,37,107,19,86,129,84
[ 1453.046118] [AOA] Measurement: 0,1627098196.723247,08:55:31:9b:0a:1b,2,1,2,0,128,282,620,363,838,338,851,998,296,475,89,201,336,665,590,218,633,708,606,440,881,260,1022,274,624,403,195,528,587,113,215,978,108,99,82,35,71,104,71,128,109,103,82,62,132,46,95,46,135,94,13,15,64,16,44,39,43,60,98,38,107,21,91,129,87
[ 1453.089730] [AOA] Measurement: 0,1627098196.766858,08:55:31:9b:0a:1b,2,1,2,0,128,839,818,920,1003,842,999,567,509,12,279,182,354,215,791,772,853,208,670,1015,62,334,68,789,760,956,339,34,397,616,66,967,161,95,81,32,68,96,71,125,102,105,80,58,123,39,92,33,135,86,7,11,54,14,43,34,39,55,88,33,95,13,77,123,75
[ 1453.133922] [AOA] Measurement: 0,1627098196.811052,08:55:31:9b:0a:1b,2,1,2,0,128,805,803,916,8,873,1019,571,521,1000,289,179,331,296,876,751,847,258,775,958,41,383,103,882,839,405,161,60,448,581,58,1009,88,97,80,33,71,103,70,127,110,99,78,65,131,47,99,50,129,91,15,17,66,16,42,40,45,60,100,43,114,26,94,135,95
[ 1453.178423] [AOA] Measurement: 0,1627098196.855548,08:55:31:9b:0a:1b,2,1,2,0,128,802,815,890,50,847,1014,498,491,968,234,658,147,321,834,792,815,249,840,27,77,354,77,864,810,968,372,585,630,159,237,556,698,95,78,31,69,100,67,126,107,97,76,64,129,46,98,51,172,95,15,17,68,17,43,40,45,60,102,41,113,25,91,128,90
[ 1453.222207] [AOA] Measurement: 0,1627098196.899335,08:55:31:9b:0a:1b,2,1,2,0,128,810,798,370,840,264,784,62,357,1006,216,664,177,248,788,172,616,767,615,426,891,734,863,358,635,431,174,1001,401,575,35,409,544,95,81,32,70,103,70,128,109,102,80,63,133,47,99,50,141,91,15,18,67,15,41,39,43,59,99,41,110,25,94,132,94
[ 1453.273183] [AOA] Measurement: 0,1627098196.950308,08:55:31:9b:0a:1b,2,1,2,0,128,868,811,907,4,773,959,597,526,983,224,146,279,218,749,788,828,223,809,981,30,314,38,857,828,982,365,575,612,119,236,411,644,92,76,33,68,102,66,125,108,96,76,67,136,49,97,57,136,93,19,20,70,16,39,41,48,60,104,45,117,31,97,137,100
[ 1453.316370] [AOA] Measurement: 0,1627098196.993496,08:55:31:9b:0a:1b,2,1,2,0,128,833,793,924,995,803,961,577,480,452,26,653,144,677,606,230,667,678,504,473,932,724,848,285,611,408,191,603,607,635,43,387,523,95,81,34,69,99,71,125,108,106,80,60,127,44,95,39,145,91,10,15,59,15,42,36,41,56,92,35,103,17,84,123,80
[ 1453.356844] [AOA] Measurement: 0,1627098197.033974,08:55:31:9b:0a:1b,2,1,2,0,128,310,643,308,827,280,810,24,332,399,35,637,139,727,658,190,657,240,740,386,851,795,869,271,603,466,199,21,385,595,54,54,310,96,81,34,73,103,71,127,110,104,81,63,130,48,100,48,170,93,14,17,66,16,43,39,45,60,100,40,111,22,92,132,92
[ 1453.398311] [AOA] Measurement: 0,1627098197.075437,08:55:31:9b:0a:1b,2,1,2,0,128,881,828,929,14,791,993,22,346,472,101,623,128,699,641,205,707,232,560,941,9,253,24,837,811,446,186,105,442,140,265,275,449,96,80,33,71,100,72,125,107,105,79,59,124,42,94,39,128,90,11,15,57,15,41,37,41,58,94,37,106,19,84,127,82
[ 1453.443871] [AOA] Measurement: 0,1627098197.121001,08:55:31:9b:0a:1b,2,1,2,0,128,764,785,341,828,220,747,1016,320,511,86,698,153,658,581,152,602,701,444,398,865,776,875,305,632,424,146,36,374,601,58,634,903,89,74,32,67,98,64,121,107,90,79,68,139,51,99,58,152,93,22,21,70,16,40,39,44,59,101,45,116,33,97,136,96
[ 1453.482657] [AOA] Measurement: 0,1627098197.159789,08:55:31:9b:0a:1b,2,1,2,0,128,805,782,348,807,238,773,83,345,419,26,674,160,236,807,765,848,702,593,436,893,332,38,866,801,462,205,18,426,114,208,21,160,94,77,33,70,105,70,128,109,100,80,69,128,49,100,55,134,95,19,19,69,16,42,41,46,60,103,43,117,28,93,137,97
[ 1453.525463] [AOA] Measurement: 0,1627098197.202592,08:55:31:9b:0a:1b,2,1,2,0,128,281,612,373,821,258,782,58,343,444,52,678,176,247,815,745,779,217,807,424,871,298,15,824,772,422,171,552,636,615,66,247,374,94,80,31,69,99,70,125,106,102,78,63,128,44,98,49,128,89,13,16,64,15,41,38,42,59,99,39,111,25,91,127,91
[ 1453.569989] [AOA] Measurement: 0,1627098197.247120,08:55:31:9b:0a:1b,2,1,2,0,128,342,629,334,831,301,820,11,320,14,233,639,139,291,805,728,780,680,596,473,864,822,870,905,813,413,181,966,374,642,41,274,495,92,77,32,69,98,68,124,106,101,77,61,127,45,94,44,143,86,12,16,62,15,42,39,42,57,97,37,107,21,88,126,85
[ 1453.614378] [AOA] Measurement: 0,1627098197.291507,08:55:31:9b:0a:1b,2,1,2,0,128,299,622,377,874,257,803,85,328,439,53,584,101,747,643,223,608,719,618,2,72,787,874,905,822,398,149,988,319,559,1022,114,413,63,61,30,43,56,59,79,64,93,66,34,59,19,57,32,98,61,13,3,14,12,35,22,18,39,47,27,49,7,45,66,21
[ 1453.652288] [AOA] Measurement: 0,1627098197.329417,08:55:31:9b:0a:1b,2,1,2,0,128,300,709,441,798,227,789,603,491,36,355,622,152,622,647,872,677,775,189,217,846,803,925,258,671,517,264,235,422,159,142,336,627,94,82,33,68,98,70,122,104,105,81,55,120,41,93,35,133,88,7,14,55,15,43,35,39,56,92,33,99,14,79,119,75
[ 1453.696917] [AOA] Measurement: 0,1627098197.374046,08:55:31:9b:0a:1b,2,1,2,0,128,808,815,924,33,775,952,34,310,470,59,200,331,686,589,768,814,696,599,957,36,288,7,899,822,400,135,587,645,103,210,649,758,94,73,32,71,107,67,130,114,97,81,74,141,53,106,63,176,97,24,21,77,15,42,44,50,61,109,49,124,34,103,145,105
[ 1453.741484] [AOA] Measurement: 0,1627098197.418614,08:55:31:9b:0a:1b,2,1,2,0,128,277,590,386,863,294,790,50,342,1009,248,217,374,737,608,890,882,645,555,494,915,329,62,849,815,435,163,543,589,114,205,383,552,96,85,34,70,98,71,126,103,111,80,54,115,40,91,29,139,87,6,12,51,15,43,35,37,58,89,32,96,11,77,120,71
[ 1453.790972] [AOA] Measurement: 0,1627098197.468102,08:55:31:9b:0a:1b,2,1,2,0,128,789,768,416,847,314,831,648,631,4,250,146,358,229,789,800,808,197,796,498,906,283,32,857,813,957,427,563,625,132,248,918,147,86,70,30,65,98,65,119,104,88,75,66,133,48,97,62,149,89,23,21,71,15,40,42,46,58,103,45,119,31,97,132,98
[ 1453.829826] [AOA] Measurement: 0,1627098197.506955,08:55:31:9b:0a:1b,2,1,2,0,128,815,816,303,822,258,824,1,301,492,102,562,107,700,621,170,633,700,486,955,68,256,42,349,665,433,236,596,578,610,59,537,713,96,84,34,70,97,69,126,111,107,81,58,123,42,94,39,134,90,11,15,60,15,42,36,41,57,93,37,102,18,86,125,85
[ 1453.868396] [AOA] Measurement: 0,1627098197.545524,08:55:31:9b:0a:1b,2,1,2,0,128,269,591,382,874,276,779,47,328,4,244,634,155,717,620,801,813,204,772,979,90,309,40,869,817,424,182,3,415,150,291,230,312,97,84,33,71,101,73,129,111,105,79,61,125,45,98,39,164,90,10,14,60,16,42,35,42,59,93,35,104,18,86,128,84
[ 1453.911355] [AOA] Measurement: 0,1627098197.588485,08:55:31:9b:0a:1b,2,1,2,0,128,796,809,966,85,820,981,611,537,30,283,183,339,276,833,775,826,743,616,1012,78,307,41,941,882,955,407,471,561,559,1022,339,510,91,71,33,65,99,65,121,105,94,77,68,137,48,97,57,144,91,22,20,72,14,40,41,46,59,103,43,112,31,95,128,99
[ 1453.951393] [AOA] Measurement: 0,1627098197.628523,08:55:31:9b:0a:1b,2,1,2,0,128,298,618,904,997,279,813,39,360,29,277,213,345,222,791,792,819,673,603,465,888,296,999,261,578,441,178,1005,407,596,21,114,283,96,82,33,70,99,73,126,106,106,81,60,123,43,96,39,166,89,9,14,56,14,42,36,40,59,91,36,102,17,83,123,75
[ 1454.000786] [AOA] Measurement: 0,1627098197.677918,08:55:31:9b:0a:1b,2,1,2,0,128,289,638,933,37,197,755,41,298,459,57,664,185,653,548,248,673,708,548,421,872,827,898,347,607,486,225,49,454,612,92,309,526,91,76,32,68,101,65,124,107,94,76,67,133,48,96,53,170,90,17,18,68,14,40,39,45,58,101,44,115,29,93,128,95
[ 1454.039910] [AOA] Measurement: 0,1627098197.717038,08:55:31:9b:0a:1b,2,1,2,0,128,781,786,383,836,268,834,5,307,465,78,654,175,694,561,237,629,713,609,449,890,346,81,791,772,482,211,22,403,606,39,627,848,97,79,34,70,103,69,132,107,101,82,66,135,47,102,51,136,96,17,18,67,16,43,40,45,60,103,41,114,25,94,135,93
[ 1454.082607] [AOA] Measurement: 0,1627098197.759736,08:55:31:9b:0a:1b,2,1,2,0,128,297,589,316,828,273,779,1017,262,413,36,610,85,661,564,173,571,665,504,307,826,807,876,240,614,449,205,26,396,601,37,206,500,94,82,34,68,95,72,125,100,109,79,52,110,38,88,27,132,85,6,12,48,15,42,34,38,55,83,31,90,10,76,119,70
[ 1454.126278] [AOA] Measurement: 0,1627098197.803408,08:55:31:9b:0a:1b,2,1,2,0,128,797,773,452,896,789,991,597,525,4,269,112,320,242,833,710,814,716,537,426,908,823,909,349,641,425,214,1011,404,578,50,417,585,98,81,33,71,103,71,127,110,103,80,63,130,46,97,45,138,90,13,16,63,15,42,40,44,61,101,40,112,22,89,130,88
[ 1454.173025] [AOA] Measurement: 0,1627098197.850154,08:55:31:9b:0a:1b,2,1,2,0,128,270,617,381,840,845,1010,27,334,443,78,159,316,307,820,795,836,704,628,484,940,295,30,830,791,371,151,1014,408,564,22,976,80,92,76,31,66,101,66,123,103,93,79,66,129,47,99,53,171,89,19,18,66,15,39,37,45,57,100,40,113,28,92,128,89
[ 1454.216044] [AOA] Measurement: 0,1627098197.893170,08:55:31:9b:0a:1b,2,1,2,0,128,812,761,931,40,837,1012,629,539,10,258,592,72,756,618,804,818,702,603,972,28,724,802,918,844,948,361,528,596,95,204,700,910,97,79,34,72,104,69,126,110,101,82,66,136,48,99,52,130,94,18,18,69,16,42,40,47,60,102,44,116,30,97,129,97
[ 1454.255957] [AOA] Measurement: 0,1627098197.933088,08:55:31:9b:0a:1b,2,1,2,0,128,323,621,376,858,838,1019,568,564,1010,236,646,152,676,554,233,639,695,595,452,868,813,872,352,652,392,165,977,386,605,55,118,293,96,78,32,70,102,71,130,111,99,81,65,136,48,99,52,152,91,17,18,67,16,43,40,45,63,101,42,116,27,95,133,93
[ 1454.297580] [AOA] Measurement: 0,1627098197.974706,08:55:31:9b:0a:1b,2,1,2,0,128,840,802,977,51,794,994,27,340,480,80,246,385,137,739,193,617,237,727,961,51,303,54,882,787,470,228,585,593,587,61,665,766,64,65,28,44,59,59,86,69,93,68,35,66,20,57,29,99,63,12,3,13,12,32,23,20,38,46,26,50,5,46,66,22
[ 1454.337076] [AOA] Measurement: 0,1627098198.014206,08:55:31:9b:0a:1b,2,1,2,0,128,808,794,915,1015,801,1014,627,572,1015,246,164,334,192,800,182,645,753,526,387,847,794,909,290,656,995,421,654,641,113,227,26,136,97,81,33,71,100,70,125,109,102,79,60,129,45,96,45,138,90,12,16,63,15,43,38,42,58,97,39,105,21,89,128,88
[ 1454.382490] [AOA] Measurement: 0,1627098198.059622,08:55:31:9b:0a:1b,2,1,2,0,128,285,632,389,837,298,805,73,382,9,264,217,365,202,771,148,613,735,535,430,911,742,845,311,609,448,222,15,405,567,38,958,208,97,83,32,72,104,72,132,110,101,82,63,130,45,98,46,141,93,14,16,65,15,45,38,44,60,101,37,110,19,90,130,83
[ 1454.426889] [AOA] Measurement: 0,1627098198.104019,08:55:31:9b:0a:1b,2,1,2,0,128,807,788,423,917,326,815,62,363,452,51,141,297,705,604,226,631,687,616,487,889,768,835,340,640,957,389,539,625,143,252,355,389,94,79,33,68,100,67,127,106,104,80,63,127,45,99,43,161,91,12,16,62,14,43,36,44,58,98,38,111,22,91,128,88
[ 1454.471806] [AOA] Measurement: 0,1627098198.148936,08:55:31:9b:0a:1b,2,1,2,0,128,753,712,356,866,819,988,49,343,424,60,635,154,277,769,244,610,723,599,25,67,285,24,853,796,334,104,1012,365,577,7,659,880,103,91,37,77,110,79,139,119,116,91,64,128,45,104,41,127,99,9,17,65,17,48,40,44,63,103,38,112,18,92,136,88
[ 1454.514961] [AOA] Measurement: 0,1627098198.192087,08:55:31:9b:0a:1b,2,1,2,0,128,849,822,883,1021,752,968,1008,277,472,64,685,124,707,612,126,642,696,496,334,882,761,880,275,614,435,202,667,631,613,46,73,277,89,73,32,67,100,64,122,108,89,76,67,137,48,97,60,141,90,21,21,71,16,38,39,46,57,104,44,118,32,98,133,98
[ 1454.569640] [AOA] Measurement: 0,1627098198.246767,08:55:31:9b:0a:1b,2,1,2,0,128,813,799,360,836,260,801,19,348,464,91,240,336,245,813,185,583,695,618,948,29,807,908,883,806,1002,393,551,596,576,60,222,403,93,78,32,68,100,66,127,108,98,77,68,136,48,100,55,151,93,17,19,70,16,39,40,45,59,104,40,116,29,93,136,97
[ 1454.613710] [AOA] Measurement: 0,1627098198.290838,08:55:31:9b:0a:1b,2,1,2,0,128,279,565,305,818,293,779,14,310,417,50,629,126,714,617,212,633,676,555,428,878,759,886,311,620,409,141,47,400,115,233,556,715,97,80,35,70,102,72,125,108,104,81,61,128,45,97,44,129,93,11,16,60,15,43,39,43,60,97,36,109,20,89,129,87
[ 1454.658408] [AOA] Measurement: 0,1627098198.335538,08:55:31:9b:0a:1b,2,1,2,0,128,286,617,413,869,276,814,587,525,8,307,632,136,668,594,102,589,712,417,397,887,827,876,325,639,474,230,614,616,86,244,739,979,96,78,33,69,103,67,126,110,96,79,69,128,49,99,57,171,92,21,19,70,17,40,40,47,62,104,45,120,31,99,135,101
[ 1454.703022] [AOA] Measurement: 0,1627098198.380152,08:55:31:9b:0a:1b,2,1,2,0,128,816,784,308,817,286,832,37,379,940,203,165,308,272,829,797,814,724,634,975,43,345,101,301,586,994,393,517,577,154,224,69,235,94,79,31,69,99,69,124,109,101,79,63,130,47,97,46,135,89,12,16,63,14,40,38,43,58,97,38,109,22,88,128,88
[ 1454.754275] [AOA] Measurement: 0,1627098198.431400,08:55:31:9b:0a:1b,2,1,2,0,128,783,797,417,871,265,802,40,348,477,81,671,156,264,831,707,787,735,484,386,858,777,863,268,563,439,174,23,377,611,49,367,575,99,84,34,73,104,72,127,106,105,82,59,123,43,97,39,141,91,10,14,61,16,45,38,41,59,96,37,104,17,85,123,79
[ 1454.805702] [AOA] Measurement: 0,1627098198.482828,08:55:31:9b:0a:1b,2,1,2,0,128,817,783,876,3,315,791,578,510,1014,279,625,146,299,816,816,855,620,621,1021,63,318,58,895,814,935,354,545,647,131,207,627,692,93,76,31,67,101,67,126,109,97,80,63,129,46,97,50,141,89,15,17,66,14,42,38,42,58,99,38,108,24,91,133,92
[ 1454.848698] [AOA] Measurement: 0,1627098198.525825,08:55:31:9b:0a:1b,2,1,2,0,128,811,786,359,818,325,861,561,474,30,324,204,362,233,811,700,812,741,588,487,913,279,4,338,649,438,202,20,460,566,1016,804,939,96,82,31,69,97,68,122,102,108,79,53,115,39,91,32,139,87,7,12,52,15,42,34,39,56,88,33,94,12,79,117,72
[ 1454.887270] [AOA] Measurement: 0,1627098198.564399,08:55:31:9b:0a:1b,2,1,2,0,128,210,558,427,854,241,769,45,310,418,63,659,124,713,623,164,644,726,565,974,40,315,74,926,843,945,349,577,576,604,45,239,406,97,84,34,71,101,73,126,107,109,83,58,126,42,98,35,129,90,9,15,57,16,44,37,42,59,94,36,105,18,86,126,84
[ 1454.931633] [AOA] Measurement: 0,1627098198.608765,08:55:31:9b:0a:1b,2,1,2,0,128,264,603,418,886,292,785,63,343,490,56,154,318,612,533,244,649,732,601,452,883,791,867,251,607,452,207,27,423,565,16,889,50,98,83,35,74,102,71,127,111,103,82,65,132,48,100,49,165,94,16,19,66,15,44,39,45,60,100,41,115,23,92,135,88
[ 1454.974961] [AOA] Measurement: 0,1627098198.652086,08:55:31:9b:0a:1b,2,1,2,0,128,855,791,958,43,839,7,551,495,1013,274,584,87,268,831,255,672,217,772,466,937,258,13,910,845,962,377,516,618,65,197,90,146,93,79,32,72,101,68,125,110,97,79,66,128,48,101,54,167,95,17,18,69,16,42,43,45,61,104,42,115,29,96,138,96
[ 1455.019039] [AOA] Measurement: 0,1627098198.696167,08:55:31:9b:0a:1b,2,1,2,0,128,805,767,384,855,875,1012,557,490,1,283,191,351,292,841,787,814,223,792,1013,85,277,30,922,858,988,382,575,612,171,252,1012,19,100,82,34,74,102,73,127,109,106,82,62,130,45,96,43,150,93,10,16,63,15,43,39,42,58,98,38,110,21,91,132,90
[ 1455.062746] [AOA] Measurement: 0,1627098198.739873,08:55:31:9b:0a:1b,2,1,2,0,128,835,780,372,849,896,7,548,530,969,194,645,111,282,815,755,831,219,807,985,59,324,43,835,799,956,370,572,662,142,233,295,358,96,79,32,69,99,70,125,108,101,79,64,129,44,96,46,164,89,12,17,66,15,43,38,42,58,99,39,107,25,90,133,91
[ 1455.113248] [AOA] Measurement: 0,1627098198.790373,08:55:31:9b:0a:1b,2,1,2,0,128,835,865,989,1022,776,989,578,510,15,329,178,378,162,827,381,847,311,385,263,814,355,111,235,641,78,480,742,668,671,320,79,249,94,77,33,69,100,69,126,108,99,78,62,128,45,98,47,128,90,16,16,63,16,43,38,42,58,99,38,110,21,89,128,88
[ 1455.163670] [AOA] Measurement: 0,1627098198.840796,08:55:31:9b:0a:1b,2,1,2,0,128,258,587,358,844,863,9,551,490,997,245,597,117,709,606,245,646,689,613,442,926,327,42,896,807,379,136,46,445,58,196,313,446,95,79,31,70,102,68,125,107,97,77,66,133,46,100,54,148,92,18,18,69,15,42,41,45,59,103,42,117,28,94,130,97
[ 1455.208378] [AOA] Measurement: 0,1627098198.885509,08:55:31:9b:0a:1b,2,1,2,0,128,785,815,900,21,824,990,568,485,985,235,650,158,214,771,229,638,268,722,1001,85,278,39,268,638,408,158,76,436,622,48,24,138,95,83,33,68,97,71,122,103,107,80,55,114,39,92,31,164,88,7,13,55,13,41,33,38,54,89,32,97,13,78,122,73
[ 1455.252716] [AOA] Measurement: 0,1627098198.929845,08:55:31:9b:0a:1b,2,1,2,0,128,219,570,351,867,290,806,24,341,13,274,646,124,777,623,797,846,661,549,459,914,774,879,873,824,397,169,627,651,103,190,499,677,94,82,33,71,103,70,127,109,105,82,66,134,47,101,49,140,93,14,17,65,16,42,40,44,58,102,40,113,25,93,129,92
[ 1455.304985] [AOA] Measurement: 0,1627098198.982111,08:55:31:9b:0a:1b,2,1,2,0,128,826,787,359,829,319,797,46,318,507,87,600,96,739,614,183,597,672,592,405,848,793,843,291,604,462,196,1004,373,505,1011,548,792,91,78,32,69,100,70,124,104,105,82,61,127,41,92,38,128,88,9,15,58,15,43,36,40,55,90,33,100,16,83,121,76
[ 1455.361472] [AOA] Measurement: 0,1627098199.038598,08:55:31:9b:0a:1b,2,1,2,0,128,822,798,997,36,829,20,1016,279,12,270,622,132,635,612,55,665,725,287,367,881,882,932,804,808,992,401,657,605,424,83,914,81,98,84,35,70,101,73,129,112,106,82,61,128,43,98,42,140,92,11,15,63,16,44,37,45,61,97,38,110,20,90,133,90
[ 1455.410594] [AOA] Measurement: 0,1627098199.087725,08:55:31:9b:0a:1b,2,1,2,0,128,824,792,400,815,256,784,62,332,502,122,215,392,200,843,459,858,278,420,333,858,759,881,833,835,30,439,164,428,104,81,672,888,91,74,32,68,99,66,122,105,95,74,66,133,47,98,54,144,91,18,19,66,14,40,38,44,59,102,42,112,29,92,127,94
[ 1455.449943] [AOA] Measurement: 0,1627098199.127073,08:55:31:9b:0a:1b,2,1,2,0,128,307,600,342,842,262,817,7,299,435,58,136,287,227,769,186,588,653,572,395,862,757,848,376,645,499,257,601,646,109,236,776,909,70,68,32,49,66,62,92,74,99,70,36,74,24,66,23,116,68,11,4,21,12,37,26,26,43,57,25,64,3,53,85,35
[ 1455.488338] [AOA] Measurement: 0,1627098199.165468,08:55:31:9b:0a:1b,2,1,2,0,128,842,798,343,822,296,836,15,328,424,21,707,149,733,626,234,634,696,623,1019,82,739,860,344,653,434,184,1022,418,578,38,797,86,94,81,32,69,95,69,123,102,101,80,56,118,42,91,35,132,85,7,13,55,14,42,35,38,56,87,33,99,14,77,118,73
[ 1455.531812] [AOA] Measurement: 0,1627098199.208942,08:55:31:9b:0a:1b,2,1,2,0,128,806,801,905,1005,878,1019,536,522,1021,272,226,416,267,810,746,826,213,785,998,43,246,1016,904,829,391,176,596,646,145,244,995,42,60,57,31,39,51,55,82,63,88,65,33,54,17,55,30,94,59,13,4,14,12,33,22,18,36,46,26,49,8,45,69,21
[ 1455.576257] [AOA] Measurement: 0,1627098199.253387,08:55:31:9b:0a:1b,2,1,2,0,128,839,773,928,15,244,808,21,334,479,67,232,346,286,834,847,858,207,805,946,17,352,30,873,824,969,362,563,620,97,171,1022,195,99,85,34,71,101,72,127,107,110,83,60,123,42,94,33,152,89,7,14,54,15,43,37,41,58,93,33,103,16,84,123,75
[ 1455.623106] [AOA] Measurement: 0,1627098199.300231,08:55:31:9b:0a:1b,2,1,2,0,128,792,822,424,815,251,785,91,352,1015,282,210,391,116,748,609,847,320,525,909,44,298,32,812,824,445,178,163,465,113,245,336,475,94,77,31,71,104,66,128,111,97,79,68,131,49,102,57,127,94,21,20,71,17,41,42,47,60,104,45,118,31,99,127,99
[ 1455.666364] [AOA] Measurement: 0,1627098199.343489,08:55:31:9b:0a:1b,2,1,2,0,128,836,813,370,810,278,781,22,289,494,81,659,145,704,623,749,854,703,555,3,112,308,45,884,823,412,165,6,415,598,17,620,816,86,79,33,60,83,67,110,89,107,76,46,94,33,77,18,132,72,9,8,31,14,39,29,27,47,65,27,72,1,59,92,43
[ 1455.704568] [AOA] Measurement: 0,1627098199.381698,08:55:31:9b:0a:1b,2,1,2,0,128,851,815,886,1020,884,1015,18,297,978,228,660,112,741,638,166,579,706,614,402,876,325,32,873,848,384,110,56,459,602,43,87,243,91,76,32,67,100,67,124,106,93,76,65,134,47,98,54,169,90,18,19,68,15,41,40,45,58,100,41,114,25,93,133,91
[ 1455.743598] [AOA] Measurement: 0,1627098199.420727,08:55:31:9b:0a:1b,2,1,2,0,128,276,589,348,873,883,22,570,521,1019,285,153,313,238,747,238,642,675,584,503,905,781,823,340,707,1009,414,559,609,136,194,442,648,88,77,33,62,87,67,115,94,109,78,47,100,32,79,17,138,77,9,9,35,14,40,28,31,49,70,28,72,0,60,98,46
[ 1455.783317] [AOA] Measurement: 0,1627098199.460441,08:55:31:9b:0a:1b,2,1,2,0,128,299,624,399,835,814,999,991,303,499,97,162,321,222,805,161,617,758,605,969,41,298,1011,300,623,457,203,568,633,138,238,128,182,95,80,32,70,102,70,126,109,100,82,64,131,47,98,49,143,93,15,17,68,16,43,39,45,60,101,41,114,25,94,128,93
[ 1455.834707] [AOA] Measurement: 0,1627098199.511831,08:55:31:9b:0a:1b,2,1,2,0,128,795,780,406,888,822,978,586,520,20,288,611,129,236,799,177,629,717,524,416,887,769,865,313,690,946,345,613,576,565,56,461,619,97,85,34,69,98,71,123,103,108,83,58,119,41,94,35,130,88,8,13,56,14,44,34,38,57,89,33,99,13,80,120,75
