
[ 6004.704853] [AOA] Measurement: 0,1629140761.076980,08:55:31:70:ff:0a,2,1,1,0,128,304,56,818,931,918,984,427,588,99,248,999,168,794,28,596,231,447,900,486,934,158,944,690,3,187,357,113,185,238,979,35,720,61,62,62,59,62,66,66,58,65,62,66,66,64,66,62,63,68,65,63,64,66,62,68,60,70,68,68,66,68,70,66,69
[ 6004.749186] [AOA] Measurement: 0,1629140761.121316,08:55:31:70:ff:0a,2,1,1,0,128,734,860,257,708,358,787,839,357,624,104,405,996,282,840,625,256,398,887,952,707,113,916,92,814,574,111,537,960,737,805,422,231,70,67,69,64,71,73,74,63,71,67,74,73,70,72,71,69,75,72,71,73,73,72,76,69,78,73,78,74,78,76,77,77
[ 6004.793586] [AOA] Measurement: 0,1629140761.165711,08:55:31:70:ff:0a,2,1,1,0,128,854,941,255,692,956,1010,903,393,53,218,446,1016,221,854,653,287,459,900,540,963,639,52,721,37,99,287,51,134,300,990,913,677,57,55,59,56,59,62,61,54,59,57,62,64,60,63,62,60,65,62,58,64,63,63,65,59,68,65,66,66,69,66,67,68
[ 6004.844304] [AOA] Measurement: 0,1629140761.216427,08:55:31:70:ff:0a,2,1,1,0,128,884,956,265,742,296,789,893,400,561,77,455,1008,278,842,656,253,446,892,896,685,130,911,654,6,567,102,534,997,728,816,436,256,57,57,60,56,61,64,64,54,64,60,64,65,62,64,64,62,68,64,63,65,67,62,68,59,69,66,69,67,70,68,67,69
[ 6004.896026] [AOA] Measurement: 0,1629140761.268151,08:55:31:70:ff:0a,2,1,1,2,128,884,956,265,742,296,789,893,400,561,77,455,1008,278,842,656,253,446,892,896,685,130,911,654,6,567,102,534,997,728,816,436,256,57,55,59,56,59,62,61,54,59,57,62,64,60,63,62,60,65,62,58,64,63,63,65,59,68,65,66,66,69,66,67,68
[ 6004.940567] [AOA] Measurement: 0,1629140761.312693,08:55:31:70:ff:0a,2,1,1,2,128,884,956,265,742,296,789,893,400,561,77,455,1008,278,842,656,253,446,892,896,685,130,911,654,6,567,102,534,997,728,816,436,256,57,57,60,56,61,64,64,54,64,60,64,65,62,64,64,62,68,64,63,65,67,62,68,59,69,66,69,67,70,68,67,69
[ 6005.012389] [AOA] Measurement: 0,1629140761.384356,08:55:31:70:ff:0a,2,1,1,0,128,791,896,286,742,1002,1022,392,552,107,253,1009,178,810,47,180,490,972,71,471,900,618,42,702,35,141,343,62,137,302,3,674,490,58,59,63,58,61,63,65,54,62,60,65,65,62,62,63,63,67,65,62,65,66,63,69,59,69,66,66,65,70,66,67,69
[ 6005.069367] [AOA] Measurement: 0,1629140761.441491,08:55:31:70:ff:0a,2,1,1,0,128,792,886,266,724,360,787,884,367,583,51,418,1009,817,23,171,507,918,15,957,712,94,884,128,809,605,116,539,983,698,791,219,47,55,57,58,53,56,62,63,51,59,56,61,63,58,60,62,58,66,61,60,64,62,63,66,60,67,63,65,62,66,64,68,68
[ 6005.114464] [AOA] Measurement: 0,1629140761.486592,08:55:31:70:ff:0a,2,1,1,0,128,785,893,227,667,368,789,884,348,515,38,441,983,282,830,688,281,383,871,886,653,97,882,170,874,602,120,51,106,738,805,902,770,69,67,70,65,70,72,72,62,71,71,71,74,69,71,67,70,72,72,70,72,72,69,76,64,76,74,73,70,75,74,74,75
[ 6005.157633] [AOA] Measurement: 0,1629140761.529763,08:55:31:70:ff:0a,2,1,1,0,128,336,81,828,909,940,991,452,613,65,242,957,179,242,842,645,290,426,909,913,720,87,879,184,852,564,90,573,1011,223,971,904,658,63,63,65,60,66,67,68,57,65,63,67,67,63,65,62,62,66,63,62,65,67,63,69,60,70,67,69,65,68,68,66,71
[ 6005.203320] [AOA] Measurement: 0,1629140761.575447,08:55:31:70:ff:0a,2,1,1,0,128,797,892,284,730,374,827,943,402,552,49,945,123,263,880,664,296,455,899,960,715,108,923,164,881,535,81,572,987,703,762,969,820,55,57,58,54,58,61,60,53,57,56,60,64,57,62,63,59,66,59,58,64,64,63,65,57,65,63,66,63,68,65,69,66
[ 6005.258432] [AOA] Measurement: 0,1629140761.630559,08:55:31:70:ff:0a,2,1,1,0,128,824,901,232,706,299,751,938,395,517,1022,436,970,243,819,685,280,441,857,914,651,85,863,141,841,579,76,490,942,774,831,755,586,58,59,61,58,60,65,64,55,62,60,65,67,62,63,63,62,66,65,64,65,66,64,67,60,68,65,67,66,68,68,68,69
[ 6005.303330] [AOA] Measurement: 0,1629140761.675460,08:55:31:70:ff:0a,2,1,1,2,128,824,901,232,706,299,751,938,395,517,1022,436,970,243,819,685,280,441,857,914,651,85,863,141,841,579,76,490,942,774,831,755,586,57,57,60,56,61,64,64,54,64,60,64,65,62,64,64,62,68,64,63,65,67,62,68,59,69,66,69,67,70,68,67,69
[ 6005.411549] [AOA] Measurement: 0,1629140761.783514,08:55:31:70:ff:0a,2,1,1,2,128,824,901,232,706,299,751,938,395,517,1022,436,970,243,819,685,280,441,857,914,651,85,863,141,841,579,76,490,942,774,831,755,586,58,59,61,58,60,65,64,55,62,60,65,67,62,63,63,62,66,65,64,65,66,64,67,60,68,65,67,66,68,68,68,69
[ 6005.469402] [AOA] Measurement: 0,1629140761.841526,08:55:31:70:ff:0a,2,1,1,2,128,824,901,232,706,299,751,938,395,517,1022,436,970,243,819,685,280,441,857,914,651,85,863,141,841,579,76,490,942,774,831,755,586,57,57,60,56,61,64,64,54,64,60,64,65,62,64,64,62,68,64,63,65,67,62,68,59,69,66,69,67,70,68,67,69
[ 6005.524071] [AOA] Measurement: 0,1629140761.896197,08:55:31:70:ff:0a,2,1,1,0,128,385,104,852,959,908,1006,411,583,565,68,443,5,833,58,283,572,1011,84,520,967,666,91,728,56,84,334,91,180,743,826,135,854,62,63,67,61,66,68,69,62,67,67,70,71,68,68,66,66,70,68,70,72,71,66,69,67,71,69,71,69,71,66,69,70
[ 6005.569264] [AOA] Measurement: 0,1629140761.941394,08:55:31:70:ff:0a,2,1,1,0,128,773,894,285,718,386,844,945,421,100,220,958,147,287,875,653,284,481,916,474,925,691,59,673,24,84,291,123,170,237,990,403,89,62,62,66,61,66,69,68,63,70,66,67,70,66,69,69,66,73,68,69,69,69,70,71,70,73,70,72,72,74,69,70,72
[ 6005.613615] [AOA] Measurement: 0,1629140761.985740,08:55:31:70:ff:0a,2,1,1,0,128,820,939,316,719,385,837,948,442,99,272,450,1010,837,49,129,482,982,58,952,696,95,894,137,875,592,101,590,1007,688,793,578,437,64,66,70,64,68,69,71,65,69,68,69,71,67,70,66,69,71,71,70,69,69,63,72,64,70,71,70,67,69,70,63,69
[ 6005.664030] [AOA] Measurement: 0,1629140762.036152,08:55:31:70:ff:0a,2,1,1,0,128,812,898,321,764,972,18,473,636,104,287,929,110,844,47,664,313,478,904,494,951,667,100,731,46,131,328,121,178,289,1018,552,273,62,61,66,60,65,69,68,62,67,66,69,71,67,67,68,66,73,70,70,71,72,68,71,68,73,70,72,71,73,67,69,71
[ 6005.718385] [AOA] Measurement: 0,1629140762.090510,08:55:31:70:ff:0a,2,1,1,0,128,360,121,808,901,370,771,925,396,528,19,452,997,339,915,143,452,1000,72,527,921,640,52,171,859,166,322,76,166,287,997,887,515,66,66,67,63,66,70,70,64,68,67,69,69,67,69,69,67,73,68,70,71,72,71,70,68,71,69,73,71,73,68,70,75
[ 6005.762743] [AOA] Measurement: 0,1629140762.134867,08:55:31:70:ff:0a,2,1,1,0,128,367,103,855,958,924,1003,437,580,63,260,924,122,318,943,210,503,1015,100,455,896,644,68,739,49,197,338,572,1002,812,840,147,982,62,64,67,62,66,68,66,63,67,66,69,69,66,65,68,67,72,68,68,69,69,69,70,69,72,69,71,70,74,68,70,71
[ 6005.813942] [AOA] Measurement: 0,1629140762.186066,08:55:31:70:ff:0a,2,1,1,0,128,795,926,289,711,369,790,922,386,150,324,984,163,808,63,227,509,975,65,522,947,675,68,678,3,603,148,76,144,713,787,184,974,60,62,65,61,66,68,69,61,66,66,70,71,66,68,69,66,71,69,69,71,71,69,70,70,72,70,71,71,72,69,70,71
[ 6005.858490] [AOA] Measurement: 0,1629140762.230618,08:55:31:70:ff:0a,2,1,1,0,128,839,951,832,934,895,973,496,602,572,55,483,1002,331,925,180,502,957,42,462,915,105,877,135,870,574,127,541,968,720,778,394,261,64,65,67,62,68,70,69,64,69,68,71,70,66,69,68,68,72,71,68,70,70,68,70,68,70,71,73,70,72,68,69,69
[ 6005.902672] [AOA] Measurement: 0,1629140762.274799,08:55:31:70:ff:0a,2,1,1,0,128,356,105,868,926,1013,23,449,610,90,267,980,137,884,73,189,536,956,55,499,899,644,93,728,40,165,363,68,153,301,13,987,704,64,65,67,63,67,69,68,64,66,67,69,70,66,69,69,67,73,69,69,70,70,70,70,69,71,71,71,71,72,67,71,72
[ 6005.953307] [AOA] Measurement: 0,1629140762.325434,08:55:31:70:ff:0a,2,1,1,0,128,398,139,815,934,395,829,471,603,82,234,1022,196,893,89,138,461,924,20,489,902,668,74,678,24,130,328,82,165,279,956,379,144,58,61,65,58,62,67,63,59,65,63,68,69,64,65,69,63,70,66,66,70,71,72,67,70,70,69,70,70,73,65,72,73
[ 6006.008383] [AOA] Measurement: 0,1629140762.380507,08:55:31:70:ff:0a,2,1,1,0,128,816,898,285,717,464,829,864,361,590,75,1010,189,874,97,197,518,950,30,482,922,660,57,192,945,55,272,575,13,226,972,391,292,60,60,64,59,63,69,67,61,66,65,67,70,65,67,69,64,71,67,66,69,70,71,69,68,70,67,72,70,73,68,71,71
[ 6006.051349] [AOA] Measurement: 0,1629140762.423480,08:55:31:70:ff:0a,2,1,1,0,128,353,94,843,925,961,18,402,583,530,27,426,1001,293,880,207,528,952,23,503,925,715,117,691,21,603,116,577,1009,765,810,271,61,59,59,60,58,63,66,64,58,62,62,66,67,62,66,70,65,71,65,68,69,70,70,66,68,69,67,71,70,72,66,71,72
[ 6006.090654] [AOA] Measurement: 0,1629140762.462783,08:55:31:70:ff:0a,2,1,1,2,128,353,94,843,925,961,18,402,583,530,27,426,1001,293,880,207,528,952,23,503,925,715,117,691,21,603,116,577,1009,765,810,271,61,60,60,64,59,63,69,67,61,66,65,67,70,65,67,69,64,71,67,66,69,70,71,69,68,70,67,72,70,73,68,71,71
[ 6006.129369] [AOA] Measurement: 0,1629140762.501498,08:55:31:70:ff:0a,2,1,1,0,128,390,99,841,962,972,1010,415,585,107,255,984,168,839,73,250,552,1013,117,457,902,714,112,742,65,102,319,147,220,246,974,297,50,63,62,67,61,67,69,68,63,66,67,68,70,66,68,68,67,71,67,67,70,69,69,69,70,71,69,73,71,73,69,70,73
[ 6006.175073] [AOA] Measurement: 0,1629140762.547201,08:55:31:70:ff:0a,2,1,1,2,128,390,99,841,962,972,1010,415,585,107,255,984,168,839,73,250,552,1013,117,457,902,714,112,742,65,102,319,147,220,246,974,297,50,60,60,64,59,63,69,67,61,66,65,67,70,65,67,69,64,71,67,66,69,70,71,69,68,70,67,72,70,73,68,71,71
[ 6006.219432] [AOA] Measurement: 0,1629140762.591556,08:55:31:70:ff:0a,2,1,1,0,128,872,940,813,920,379,795,925,397,527,45,390,944,239,870,704,294,442,876,973,760,80,875,232,890,564,77,562,985,748,758,172,2,60,62,65,59,65,68,67,61,67,66,70,69,67,69,70,66,72,69,70,71,71,69,71,69,71,70,72,71,72,67,69,71
[ 6006.262474] [AOA] Measurement: 0,1629140762.634600,08:55:31:70:ff:0a,2,1,1,0,128,313,86,828,924,927,988,418,592,71,240,971,155,876,106,265,596,1008,95,480,913,622,75,748,79,91,274,126,187,282,1010,319,45,60,60,65,59,62,66,65,59,64,64,67,69,65,66,67,65,71,66,69,71,72,70,71,70,73,70,72,71,71,67,69,72
[ 6006.312656] [AOA] Measurement: 0,1629140762.684783,08:55:31:70:ff:0a,2,1,1,0,128,845,941,890,952,991,5,472,608,143,288,1,220,841,61,179,555,1010,85,510,980,653,81,666,46,135,310,65,150,234,926,473,241,61,61,63,54,63,65,63,57,63,59,67,68,61,65,69,65,71,67,66,70,69,72,68,67,71,68,69,70,73,67,72,72
[ 6006.363109] [AOA] Measurement: 0,1629140762.735232,08:55:31:70:ff:0a,2,1,1,0,128,801,900,278,726,381,805,949,408,556,49,429,982,283,878,732,318,487,920,557,952,664,95,694,32,191,371,88,173,242,956,307,28,61,62,65,59,65,67,67,62,65,65,68,71,66,68,68,65,71,68,67,69,70,69,70,66,70,70,72,70,72,68,70,71
[ 6006.408164] [AOA] Measurement: 0,1629140762.780293,08:55:31:70:ff:0a,2,1,1,0,128,829,940,274,692,376,826,934,411,123,288,970,132,834,55,729,370,419,900,950,718,727,138,702,59,85,285,60,114,263,979,285,48,63,60,65,61,68,68,68,65,69,67,70,72,66,71,69,67,73,70,71,70,72,69,70,68,72,71,73,72,71,67,69,70
[ 6006.452360] [AOA] Measurement: 0,1629140762.824484,08:55:31:70:ff:0a,2,1,1,0,128,384,91,837,930,356,778,933,415,538,44,484,8,836,89,147,481,9,88,463,912,647,51,165,892,154,325,92,176,240,1001,684,501,61,60,62,58,63,66,64,59,64,64,67,67,62,65,69,66,73,66,69,70,70,71,70,68,72,68,72,73,74,68,71,73
[ 6006.502260] [AOA] Measurement: 0,1629140762.874386,08:55:31:70:ff:0a,2,1,1,0,128,816,932,288,733,387,809,959,423,83,244,385,981,271,896,626,251,450,890,1012,763,145,919,700,31,124,322,574,1012,766,809,717,480,60,61,64,60,64,68,65,60,64,61,68,69,64,67,68,64,70,66,67,70,71,68,71,69,70,69,72,72,73,68,71,72
[ 6006.553446] [AOA] Measurement: 0,1629140762.925569,08:55:31:70:ff:0a,2,1,1,0,128,762,893,294,689,376,783,897,338,499,32,406,985,291,873,650,289,405,858,1005,758,162,907,205,911,93,288,120,183,265,965,229,119,64,65,71,65,67,70,70,66,68,66,70,72,68,70,68,68,71,71,69,70,72,69,72,68,73,70,75,73,73,69,68,72
[ 6006.598312] [AOA] Measurement: 0,1629140762.970441,08:55:31:70:ff:0a,2,1,1,0,128,820,912,272,728,376,824,446,573,557,60,457,988,285,865,210,515,8,102,502,937,159,910,738,45,602,137,93,190,256,15,836,458,57,59,62,56,62,66,64,59,63,61,66,67,62,66,68,63,69,65,67,68,69,71,67,69,70,67,69,69,72,66,72,74
[ 6006.642275] [AOA] Measurement: 0,1629140763.014399,08:55:31:70:ff:0a,2,1,1,0,128,819,926,837,911,355,782,954,390,506,7,432,1003,317,899,168,481,953,30,975,729,128,927,186,874,595,121,537,996,663,757,1005,896,53,54,61,54,58,64,60,53,58,57,63,66,59,61,67,57,68,60,63,66,67,70,64,68,66,63,67,69,71,62,70,71
[ 6006.692943] [AOA] Measurement: 0,1629140763.065070,08:55:31:70:ff:0a,2,1,1,0,128,334,88,938,992,967,27,487,633,83,262,1019,196,827,51,191,516,1011,83,562,968,695,79,666,9,119,314,106,170,275,1016,370,75,58,60,63,57,63,66,63,56,64,60,65,66,62,64,70,62,68,63,65,67,70,70,65,69,67,65,68,67,71,63,72,70
[ 6006.743470] [AOA] Measurement: 0,1629140763.115593,08:55:31:70:ff:0a,2,1,1,0,128,800,886,252,691,341,765,886,364,589,63,422,969,262,867,632,289,403,871,996,761,62,865,157,850,569,74,595,989,811,808,36,970,60,62,66,60,67,70,66,63,67,65,69,71,67,67,69,66,70,67,70,70,72,71,70,70,73,70,71,73,74,68,70,73
[ 6006.788533] [AOA] Measurement: 0,1629140763.160662,08:55:31:70:ff:0a,2,1,1,0,128,833,888,245,700,430,805,966,442,579,79,442,979,302,879,642,268,415,883,924,722,686,52,108,837,589,106,561,1003,742,789,611,423,62,65,66,63,67,70,70,64,69,67,70,71,69,69,68,70,70,72,69,70,71,68,72,66,72,70,71,70,71,68,67,71
[ 6006.832352] [AOA] Measurement: 0,1629140763.204480,08:55:31:70:ff:0a,2,1,1,0,128,800,944,253,746,382,787,414,564,579,67,383,959,346,917,707,308,981,70,467,902,97,872,148,829,589,110,576,987,675,765,1014,903,56,57,62,56,61,66,64,59,64,61,66,68,60,65,69,62,69,63,65,66,70,71,68,68,70,68,72,71,73,65,72,72
[ 6006.875488] [AOA] Measurement: 0,1629140763.247615,08:55:31:70:ff:0a,2,1,1,0,128,870,928,267,720,384,792,908,383,558,61,458,1000,881,107,219,549,987,74,516,926,714,123,748,70,78,288,111,183,298,8,61,812,63,64,68,61,67,68,67,64,70,67,72,70,65,68,68,67,71,69,69,71,71,67,69,68,72,70,72,70,73,69,70,71
[ 6006.919746] [AOA] Measurement: 0,1629140763.291870,08:55:31:70:ff:0a,2,1,1,0,128,329,85,857,917,950,979,932,422,100,246,937,140,257,878,192,492,456,912,925,714,708,120,675,14,161,338,61,167,268,1006,405,139,63,63,66,61,65,70,67,63,68,68,69,71,66,68,69,65,70,69,68,71,70,67,69,68,72,68,70,70,71,69,69,71
[ 6006.963744] [AOA] Measurement: 0,1629140763.335868,08:55:31:70:ff:0a,2,1,1,0,128,365,113,832,932,961,1021,513,608,59,209,421,995,330,932,645,308,514,946,533,962,733,119,702,43,89,309,113,203,216,966,1018,738,60,60,66,60,66,68,65,61,65,63,68,71,64,68,69,64,71,67,67,70,71,72,68,68,69,68,70,69,72,65,71,72
[ 6007.014347] [AOA] Measurement: 0,1629140763.386471,08:55:31:70:ff:0a,2,1,1,0,128,772,885,277,760,407,829,966,440,510,45,428,1005,271,862,644,277,479,912,953,713,107,913,137,874,570,91,555,1023,742,780,155,1011,65,66,67,63,68,70,69,63,69,67,71,71,69,71,69,68,71,70,72,69,71,69,68,68,71,70,70,67,70,69,68,70
[ 6007.059793] [AOA] Measurement: 0,1629140763.431924,08:55:31:70:ff:0a,2,1,1,0,128,821,904,286,765,390,837,890,391,139,236,392,995,262,887,697,345,434,930,892,672,91,894,137,861,609,127,500,968,765,816,286,65,56,58,60,55,64,66,63,58,64,63,68,67,65,66,69,66,72,68,67,70,71,72,70,69,70,70,70,71,73,67,71,72
[ 6007.098450] [AOA] Measurement: 0,1629140763.470579,08:55:31:70:ff:0a,2,1,1,0,128,294,79,321,783,901,981,919,420,529,41,966,129,286,862,681,316,439,882,518,923,152,939,185,886,586,112,586,5,753,793,954,729,65,65,69,63,66,70,69,63,67,67,71,70,67,67,69,69,72,70,70,70,72,70,72,68,71,70,73,70,73,70,71,72
[ 6007.142869] [AOA] Measurement: 0,1629140763.514995,08:55:31:70:ff:0a,2,1,1,0,128,402,157,862,947,950,1013,485,672,113,301,985,154,796,22,654,321,434,896,945,726,101,896,191,892,214,331,119,213,264,994,272,8,55,54,58,52,59,64,61,55,60,56,63,66,60,61,67,59,70,60,63,66,67,70,65,67,69,66,68,68,71,62,71,70
[ 6007.191979] [AOA] Measurement: 0,1629140763.564108,08:55:31:70:ff:0a,2,1,1,0,128,813,903,830,941,982,10,890,351,559,55,486,1017,330,904,660,292,427,896,969,751,135,908,164,872,636,139,568,998,746,797,846,661,68,69,70,66,68,71,70,67,71,70,71,71,68,71,68,70,73,72,69,72,70,67,72,68,72,70,72,70,69,70,67,70
[ 6007.235856] [AOA] Measurement: 0,1629140763.607984,08:55:31:70:ff:0a,2,1,1,0,128,772,912,233,672,320,761,842,357,561,28,428,992,269,864,693,305,449,916,937,717,83,867,136,857,620,114,601,990,778,806,1005,912,63,61,66,60,67,69,68,63,66,65,69,71,65,68,70,65,73,69,70,69,71,71,71,68,71,69,71,71,74,67,71,72
[ 6007.283543] [AOA] Measurement: 0,1629140763.655669,08:55:31:70:ff:0a,2,1,1,0,128,338,97,274,721,413,846,425,567,38,204,953,162,825,42,640,298,446,881,911,685,64,871,117,877,614,97,564,985,729,801,741,606,62,62,66,60,64,69,67,61,66,63,69,69,65,67,70,65,70,67,67,69,70,71,69,69,70,69,72,72,72,66,71,71
[ 6007.328690] [AOA] Measurement: 0,1629140763.700819,08:55:31:70:ff:0a,2,1,1,0,128,812,936,335,770,961,4,409,562,100,248,30,217,840,48,209,518,1004,79,479,925,64,856,183,831,616,149,546,1017,273,993,826,584,59,60,63,57,62,67,65,57,65,65,67,69,63,64,68,64,70,65,68,68,69,70,69,67,68,68,70,70,72,66,70,72
[ 6007.372900] [AOA] Measurement: 0,1629140763.745030,08:55:31:70:ff:0a,2,1,1,0,128,843,946,854,960,943,1003,399,557,82,260,996,170,874,74,163,487,28,79,449,904,667,84,704,56,89,291,603,1022,264,979,285,35,59,58,62,58,65,69,64,60,64,62,67,69,62,63,68,61,70,64,65,67,68,69,67,68,70,68,69,71,72,64,71,72
[ 6007.422444] [AOA] Measurement: 0,1629140763.794574,08:55:31:70:ff:0a,2,1,1,0,128,820,925,325,742,393,813,915,392,555,20,452,976,296,909,665,296,436,912,489,929,647,85,739,63,111,313,54,183,245,980,290,110,60,61,65,60,65,69,65,62,66,66,70,71,63,66,67,65,69,66,66,69,70,72,67,68,71,68,70,71,72,67,73,70
[ 6007.469136] [AOA] Measurement: 0,1629140763.841262,08:55:31:70:ff:0a,2,1,1,0,128,818,915,319,798,329,761,900,354,561,57,421,987,808,40,684,323,372,843,1007,739,168,958,197,890,150,334,108,170,286,14,797,522,61,60,65,60,65,69,68,63,66,66,68,69,65,68,70,66,70,68,68,71,72,72,69,68,72,71,73,71,72,68,69,73
[ 6007.509194] [AOA] Measurement: 0,1629140763.881322,08:55:31:70:ff:0a,2,1,1,0,128,738,879,336,771,953,1005,423,549,538,43,472,994,346,927,702,330,412,878,999,763,92,881,175,893,557,99,588,1013,711,789,652,557,64,65,67,62,66,70,69,65,68,66,71,70,66,68,68,66,72,70,70,71,72,71,71,69,74,69,73,70,72,69,69,74
[ 6007.557744] [AOA] Measurement: 0,1629140763.929868,08:55:31:70:ff:0a,2,1,1,0,128,838,932,264,730,374,780,914,389,586,69,421,998,235,861,640,285,438,873,512,956,124,907,724,19,601,119,563,990,293,1022,522,219,65,64,68,61,67,69,68,63,68,66,68,70,67,68,68,67,72,70,70,70,71,69,72,69,73,72,74,71,74,70,70,73
[ 6007.596572] [AOA] Measurement: 0,1629140763.968700,08:55:31:70:ff:0a,2,1,1,0,128,340,95,245,710,344,793,925,433,591,46,493,998,319,914,201,511,432,884,470,927,634,58,653,995,616,155,563,995,282,1018,801,515,63,65,68,62,66,68,69,64,69,66,73,71,68,69,68,68,72,70,70,70,71,67,71,69,71,69,74,70,71,70,66,71
[ 6007.638415] [AOA] Measurement: 0,1629140764.010539,08:55:31:70:ff:0a,2,1,1,0,128,806,893,257,705,385,795,828,334,536,30,442,994,318,884,651,267,469,908,953,709,119,913,116,850,588,122,594,11,237,976,278,74,62,63,66,60,65,68,67,61,66,65,69,70,64,66,69,65,72,66,68,70,71,71,69,71,75,70,73,72,73,69,70,72
[ 6007.683149] [AOA] Measurement: 0,1629140764.055277,08:55:31:70:ff:0a,2,1,1,0,128,344,94,277,742,388,808,954,439,585,76,1007,182,872,83,213,518,1007,91,513,953,624,34,705,54,107,305,83,169,248,981,186,946,64,66,69,63,67,71,69,65,69,68,70,70,67,71,69,68,73,68,71,71,72,69,71,70,72,70,74,71,74,68,70,73
[ 6007.731987] [AOA] Measurement: 0,1629140764.104117,08:55:31:70:ff:0a,2,1,1,0,128,828,904,235,677,392,825,935,374,600,76,441,1,798,11,651,303,488,900,504,938,721,110,724,38,134,349,94,185,240,990,922,622,66,64,67,62,67,70,67,64,67,68,70,72,67,68,70,68,72,67,71,70,72,71,72,69,73,70,72,72,75,68,71,72
[ 6007.771348] [AOA] Measurement: 0,1629140764.143473,08:55:31:70:ff:0a,2,1,1,0,128,848,946,260,713,395,810,904,409,525,19,403,928,264,854,649,298,449,885,985,738,165,945,721,40,63,288,119,208,223,961,978,757,65,65,68,63,65,70,70,65,70,66,69,70,68,69,67,66,69,69,70,71,71,71,71,68,73,71,73,69,73,70,68,70
[ 6007.813966] [AOA] Measurement: 0,1629140764.186095,08:55:31:70:ff:0a,2,1,1,0,128,810,903,888,967,942,1022,465,631,49,232,995,196,832,70,232,533,955,73,458,907,657,71,169,831,582,147,556,997,303,22,439,256,63,64,67,61,66,70,67,62,67,65,68,70,65,67,68,66,72,69,68,70,69,70,70,69,73,71,72,71,72,68,69,71
[ 6007.853453] [AOA] Measurement: 0,1629140764.225576,08:55:31:70:ff:0a,2,1,1,0,128,401,145,838,939,952,3,453,622,88,259,1003,176,859,80,222,508,988,34,467,927,691,110,737,60,97,300,97,186,234,933,901,665,58,59,63,56,63,66,64,59,63,62,67,69,63,64,67,63,71,64,66,67,69,70,68,70,71,68,71,71,74,66,71,73
[ 6007.903708] [AOA] Measurement: 0,1629140764.275835,08:55:31:70:ff:0a,2,1,1,0,128,837,909,280,728,424,820,444,602,113,289,969,151,291,894,690,335,430,896,11,764,126,921,183,874,151,323,71,171,324,22,556,222,67,66,68,65,69,69,69,67,72,71,74,73,70,71,66,69,73,71,72,71,71,68,72,67,72,71,72,70,72,71,66,70
[ 6007.946829] [AOA] Measurement: 0,1629140764.318952,08:55:31:70:ff:0a,2,1,1,0,128,393,116,838,928,921,982,438,597,81,254,10,179,873,54,169,482,448,898,505,976,601,37,175,902,115,294,91,153,306,19,984,671,65,64,65,62,66,70,69,64,69,68,72,70,69,70,69,67,74,69,71,71,71,72,71,70,73,70,73,71,72,69,69,73
[ 6007.987000] [AOA] Measurement: 0,1629140764.359130,08:55:31:70:ff:0a,2,1,1,0,128,301,66,820,922,446,830,956,425,566,57,991,158,207,869,658,298,436,873,955,704,124,902,181,879,616,130,641,59,240,988,528,294,57,59,64,59,64,65,64,58,64,63,68,67,62,64,67,61,71,65,65,69,70,70,67,67,70,69,70,69,72,65,71,73
[ 6008.033688] [AOA] Measurement: 0,1629140764.405812,08:55:31:70:ff:0a,2,1,1,0,128,840,918,344,792,914,996,409,573,110,305,953,158,305,900,685,299,476,907,1002,753,86,884,171,876,598,124,508,944,759,807,849,734,62,62,67,59,65,68,68,63,67,66,69,71,65,68,69,66,73,68,68,69,71,71,68,68,72,67,70,70,72,66,71,73
[ 6008.078645] [AOA] Measurement: 0,1629140764.450769,08:55:31:70:ff:0a,2,1,1,0,128,772,894,290,742,366,790,883,373,600,62,984,141,842,20,183,488,372,861,39,800,639,78,743,64,572,92,555,1007,742,800,208,6,58,60,64,58,64,69,65,60,65,65,68,68,64,66,69,63,71,66,67,69,70,72,68,70,70,69,70,70,73,67,73,73
[ 6008.122043] [AOA] Measurement: 0,1629140764.494169,08:55:31:70:ff:0a,2,1,1,0,128,809,929,326,755,357,791,885,383,529,35,392,941,289,875,648,278,437,898,477,888,202,940,737,66,97,300,58,152,711,800,1002,799,57,55,60,54,59,66,63,56,61,59,64,65,61,64,70,63,70,65,68,67,68,70,67,69,69,68,70,69,72,66,71,69
[ 6008.171478] [AOA] Measurement: 0,1629140764.543607,08:55:31:70:ff:0a,2,1,1,0,128,336,76,814,906,399,809,443,584,95,250,988,174,847,67,127,462,453,896,511,933,722,91,766,57,111,308,149,187,230,993,96,891,58,59,63,56,64,67,63,59,64,63,67,68,62,64,68,63,70,65,65,68,69,70,68,69,69,68,70,70,73,66,73,72
[ 6008.209798] [AOA] Measurement: 0,1629140764.581928,08:55:31:70:ff:0a,2,1,1,0,128,341,95,814,897,1007,22,425,581,587,61,449,1005,843,72,188,507,404,864,523,907,661,51,698,34,98,303,112,200,231,985,178,917,61,61,65,60,66,69,66,64,67,66,67,68,64,66,70,66,72,68,69,69,70,71,70,68,70,69,73,72,72,68,69,72
[ 6008.248223] [AOA] Measurement: 0,1629140764.620347,08:55:31:70:ff:0a,2,1,1,0,128,362,99,846,942,944,1011,938,398,108,220,414,995,296,921,702,336,926,22,501,952,672,87,760,66,131,325,75,145,279,1001,729,366,65,66,68,62,68,69,69,64,67,66,70,70,67,68,69,68,72,69,70,72,72,70,70,68,71,71,71,71,74,69,67,70
[ 6008.291466] [AOA] Measurement: 0,1629140764.663596,08:55:31:70:ff:0a,2,1,1,0,128,798,927,299,735,405,805,910,405,573,54,436,988,278,888,677,308,407,838,539,959,673,58,731,60,152,334,90,187,309,1011,101,826,57,55,60,55,60,67,64,58,63,64,66,68,61,64,69,63,71,66,66,67,68,71,67,70,69,67,70,70,72,66,72,72
[ 6008.330335] [AOA] Measurement: 0,1629140764.702459,08:55:31:70:ff:0a,2,1,1,0,128,377,140,821,923,994,5,494,626,102,268,961,162,869,133,182,514,11,106,484,897,684,83,716,42,176,359,94,216,224,937,199,3,57,56,60,56,62,66,66,58,65,64,69,70,65,66,69,66,71,68,69,70,71,71,71,68,70,68,70,69,73,68,72,72
[ 6008.373237] [AOA] Measurement: 0,1629140764.745367,08:55:31:70:ff:0a,2,1,1,0,128,810,901,279,756,977,2,868,359,103,282,427,976,339,912,686,330,976,49,489,920,677,99,678,11,138,333,49,125,244,997,943,658,68,68,70,64,68,70,68,67,69,69,71,71,67,70,65,67,70,71,71,70,72,65,71,65,71,69,68,67,67,69,62,67
[ 6008.416332] [AOA] Measurement: 0,1629140764.788462,08:55:31:70:ff:0a,2,1,1,0,128,856,935,257,724,396,833,463,590,114,249,992,171,884,72,300,586,1016,107,497,937,692,90,688,45,65,285,591,1014,262,1008,101,882,66,66,68,64,67,70,71,67,71,70,71,72,69,71,66,68,72,70,70,69,70,66,71,66,71,71,70,70,68,69,65,69
[ 6008.461635] [AOA] Measurement: 0,1629140764.833759,08:55:31:70:ff:0a,2,1,1,0,128,847,945,283,717,418,824,451,577,133,268,987,170,823,44,654,311,407,872,922,704,135,919,747,53,206,375,107,211,251,994,693,363,58,59,63,56,62,66,63,57,62,62,66,67,61,63,68,63,71,66,67,68,70,72,69,69,72,70,72,71,73,66,73,73
[ 6008.509309] [AOA] Measurement: 0,1629140764.881437,08:55:31:70:ff:0a,2,1,1,0,128,855,965,831,902,960,1000,903,381,567,86,425,998,281,906,659,306,384,861,933,684,102,909,138,831,577,67,532,994,705,790,841,597,55,56,60,54,58,63,60,54,62,59,63,64,59,62,67,58,69,61,62,67,69,70,65,66,68,66,68,68,71,61,71,69
[ 6008.551063] [AOA] Measurement: 0,1629140764.923188,08:55:31:70:ff:0a,2,1,1,0,128,828,939,235,691,393,787,896,358,558,57,450,1003,820,51,201,524,397,855,1022,773,630,41,143,850,554,78,530,983,754,808,241,88,55,56,60,54,59,66,60,54,60,60,62,64,58,63,67,60,68,63,63,66,67,71,67,69,68,66,68,68,72,64,72,71
[ 6008.596715] [AOA] Measurement: 0,1629140764.968844,08:55:31:70:ff:0a,2,1,1,0,128,815,890,264,727,426,814,926,392,77,264,438,998,840,65,201,547,982,59,486,926,672,50,685,24,537,41,577,992,720,771,619,454,59,58,62,56,63,67,64,58,64,62,67,66,64,64,68,62,70,66,66,69,69,71,68,68,69,68,71,70,75,67,71,72
[ 6008.634704] [AOA] Measurement: 0,1629140765.006834,08:55:31:70:ff:0a,2,1,1,0,128,816,916,270,747,376,804,888,389,565,64,477,1023,874,75,221,517,973,25,959,764,23,888,175,865,574,101,557,1008,236,981,975,744,66,66,67,64,67,69,69,66,68,67,67,71,67,69,67,69,71,69,69,71,71,66,70,66,72,70,70,68,69,69,65,69
[ 6008.673497] [AOA] Measurement: 0,1629140765.045626,08:55:31:70:ff:0a,2,1,1,0,128,347,75,802,915,468,861,948,408,114,270,1018,188,334,935,661,323,975,33,543,956,649,78,752,75,154,334,110,167,250,1016,184,867,60,61,66,59,65,69,66,61,68,66,70,71,66,68,70,67,72,69,67,69,70,70,70,68,70,69,73,72,74,67,71,72
[ 6008.712441] [AOA] Measurement: 0,1629140765.084570,08:55:31:70:ff:0a,2,1,1,0,128,824,919,269,708,405,817,901,377,554,64,443,987,331,923,168,494,965,82,450,902,123,905,160,876,621,138,582,1015,746,789,903,717,63,63,67,63,65,70,68,64,70,68,70,72,66,67,69,65,73,70,69,70,71,70,71,68,72,70,72,70,74,69,71,72
[ 6008.751369] [AOA] Measurement: 0,1629140765.123498,08:55:31:70:ff:0a,2,1,1,0,128,357,109,800,887,412,818,937,424,586,61,3,192,291,927,177,500,964,24,506,934,71,872,725,1018,542,92,591,1020,729,763,109,20,59,60,64,57,64,67,66,60,66,64,68,70,66,66,68,66,72,67,67,69,72,72,70,70,71,69,70,72,72,68,71,71
[ 6008.790540] [AOA] Measurement: 0,1629140765.162663,08:55:31:70:ff:0a,2,1,1,0,128,871,978,321,735,933,1017,405,552,97,232,1022,202,866,67,198,546,976,60,491,926,676,90,699,6,604,118,122,161,760,785,428,198,61,62,67,61,67,69,67,62,67,65,71,70,67,68,68,68,71,68,68,71,69,70,70,70,74,70,71,70,73,67,70,73
[ 6008.833901] [AOA] Measurement: 0,1629140765.206028,08:55:31:70:ff:0a,2,1,1,0,128,871,963,819,959,941,995,496,613,61,243,997,132,264,842,650,317,433,904,892,691,118,907,197,906,130,305,162,224,238,970,610,348,65,67,68,63,66,70,70,66,67,68,70,71,66,70,65,67,70,69,70,70,70,65,70,67,69,69,70,67,67,68,62,65
[ 6008.877353] [AOA] Measurement: 0,1629140765.249482,08:55:31:70:ff:0a,2,1,1,0,128,810,934,290,743,404,841,979,439,99,251,466,13,879,88,244,537,45,117,495,962,660,71,717,28,62,283,96,186,275,1012,806,474,62,61,64,60,66,68,66,61,66,65,69,69,64,65,68,64,70,67,66,70,71,71,69,67,72,70,71,70,73,68,71,72
[ 6008.925154] [AOA] Measurement: 0,1629140765.297277,08:55:31:70:ff:0a,2,1,1,0,128,812,931,316,744,399,800,900,349,551,23,432,997,306,873,687,301,980,63,935,723,56,858,200,911,626,116,560,986,671,760,933,739,61,61,64,59,64,67,64,58,64,62,64,68,64,65,69,63,69,65,66,69,70,71,67,67,69,66,69,70,72,65,71,71
[ 6008.969666] [AOA] Measurement: 0,1629140765.341796,08:55:31:70:ff:0a,2,1,1,0,128,360,111,806,900,956,1008,433,619,120,270,987,160,300,883,667,318,423,861,962,718,170,928,745,81,106,289,74,143,243,974,714,482,62,66,68,61,65,68,67,64,69,67,71,71,67,70,68,66,72,71,68,71,70,67,69,69,71,71,72,72,74,69,69,71
[ 6009.014005] [AOA] Measurement: 0,1629140765.386135,08:55:31:70:ff:0a,2,1,1,0,128,809,925,287,705,423,834,898,407,587,72,401,967,305,903,702,307,474,908,469,924,106,904,103,816,624,128,513,961,352,3,955,688,65,64,68,63,64,70,67,65,67,67,70,71,67,68,68,67,72,69,72,72,71,67,70,68,71,70,73,70,72,70,68,72
[ 6009.058024] [AOA] Measurement: 0,1629140765.430151,08:55:31:70:ff:0a,2,1,1,0,128,300,89,892,962,965,3,501,629,90,253,1010,157,831,62,225,546,0,71,504,973,691,118,743,92,122,337,59,136,286,1005,917,574,59,61,66,59,64,68,67,65,68,65,71,70,66,69,70,66,74,70,70,70,73,71,72,69,73,70,73,71,72,70,67,72
[ 6009.100961] [AOA] Measurement: 0,1629140765.473090,08:55:31:70:ff:0a,2,1,1,0,128,800,900,311,750,406,852,459,574,562,62,409,950,349,906,632,301,467,909,487,920,95,918,168,846,553,107,514,982,752,780,160,57,58,60,63,59,65,69,67,61,65,64,66,70,64,68,70,64,72,68,67,69,71,72,69,68,68,68,70,69,73,65,71,72
[ 6009.140606] [AOA] Measurement: 0,1629140765.512730,08:55:31:70:ff:0a,2,1,1,0,128,329,73,797,890,921,965,409,577,107,248,973,153,838,59,639,301,478,941,501,938,685,87,734,80,83,310,108,159,309,7,789,523,60,61,64,59,65,67,65,60,65,64,68,68,64,66,70,64,70,65,68,70,70,72,68,69,69,68,70,70,74,67,72,72
[ 6009.184296] [AOA] Measurement: 0,1629140765.556420,08:55:31:70:ff:0a,2,1,1,0,128,825,933,276,703,451,844,930,392,593,46,479,1008,295,890,678,322,988,42,502,946,640,66,704,21,602,95,561,1009,251,956,446,166,63,62,66,60,66,69,68,62,67,67,69,70,66,70,70,66,72,68,69,69,72,72,70,69,71,70,72,70,73,67,72,73
[ 6009.235069] [AOA] Measurement: 0,1629140765.607195,08:55:31:70:ff:0a,2,1,1,0,128,357,105,797,905,914,964,431,607,557,35,417,980,279,867,693,332,469,888,1021,780,107,897,197,870,97,275,139,195,287,1022,742,436,61,62,68,62,65,69,66,61,67,66,69,71,65,66,68,65,72,66,68,70,72,70,71,69,70,69,74,70,73,70,72,72
[ 6009.274384] [AOA] Measurement: 0,1629140765.646514,08:55:31:70:ff:0a,2,1,1,0,128,321,66,826,942,919,1017,434,583,101,242,972,132,864,84,236,538,940,32,579,962,694,88,673,33,91,311,528,975,300,7,892,661,62,64,68,62,66,70,69,65,69,67,70,70,68,68,67,67,70,69,71,70,69,69,71,69,71,71,73,70,70,71,69,71
[ 6009.316115] [AOA] Measurement: 0,1629140765.688241,08:55:31:70:ff:0a,2,1,1,0,128,777,913,298,751,354,755,946,416,504,12,486,0,273,907,642,292,456,916,468,907,164,912,739,48,533,84,565,990,714,794,472,351,63,62,66,59,65,68,65,61,68,64,69,70,65,67,68,66,73,68,67,69,71,70,71,70,71,70,72,72,74,69,70,73
[ 6009.354545] [AOA] Measurement: 0,1629140765.726674,08:55:31:70:ff:0a,2,1,1,0,128,781,878,248,690,388,769,894,377,563,32,386,954,358,935,608,269,416,863,956,703,112,928,158,855,597,94,535,984,707,768,583,403,65,67,67,64,68,70,67,65,68,69,72,72,70,71,67,68,70,69,71,69,70,66,70,68,70,67,70,67,67,70,66,68
[ 6009.394395] [AOA] Measurement: 0,1629140765.766524,08:55:31:70:ff:0a,2,1,1,0,128,797,912,869,912,902,978,889,422,92,270,969,139,822,45,679,315,392,877,974,744,127,947,714,9,129,308,587,1001,301,1018,54,805,49,49,52,46,52,59,53,48,53,50,56,58,52,55,62,53,62,57,57,61,63,68,62,64,63,62,64,65,68,58,68,69
[ 6009.437781] [AOA] Measurement: 0,1629140765.809911,08:55:31:70:ff:0a,2,1,1,0,128,799,912,357,770,422,814,409,577,528,29,453,976,332,884,273,564,1020,75,456,899,654,51,716,49,135,350,109,201,216,974,841,622,51,52,54,49,56,62,58,52,56,57,59,63,56,58,67,59,66,59,61,64,65,70,63,66,66,63,65,67,70,59,71,70
[ 6009.486213] [AOA] Measurement: 0,1629140765.858340,08:55:31:70:ff:0a,2,1,1,0,128,800,918,234,699,355,767,916,375,507,1014,424,988,302,879,614,267,460,892,521,944,691,78,695,51,100,297,72,147,261,996,55,940,66,68,69,65,67,71,69,67,70,69,73,71,71,71,65,68,70,70,69,69,69,63,70,64,68,68,69,66,65,68,62,65
[ 6009.531203] [AOA] Measurement: 0,1629140765.903331,08:55:31:70:ff:0a,2,1,1,0,128,346,91,845,910,938,1009,402,548,105,280,927,139,289,901,662,304,1010,66,515,961,665,93,731,40,185,350,113,166,286,0,918,541,62,62,66,61,64,67,66,62,67,65,68,70,64,68,72,67,73,68,69,70,72,70,71,69,72,70,72,71,74,68,71,74
[ 6009.581825] [AOA] Measurement: 0,1629140765.953952,08:55:31:70:ff:0a,2,1,1,0,128,796,898,308,739,1012,27,473,631,87,262,959,186,909,99,264,592,972,54,465,935,656,100,719,59,144,333,131,216,273,5,382,1011,59,59,62,57,63,66,65,58,65,62,69,68,63,66,69,65,71,67,68,71,70,71,69,69,69,67,70,69,72,65,71,72
[ 6009.632011] [AOA] Measurement: 0,1629140766.004138,08:55:31:70:ff:0a,2,1,1,0,128,367,130,841,948,978,1017,422,611,58,236,1016,193,821,52,168,508,429,917,991,749,100,892,109,826,673,176,129,207,240,979,432,130,63,64,67,63,67,71,69,65,68,66,69,70,66,68,69,68,74,70,70,72,71,69,72,67,73,70,74,69,71,70,68,70
[ 6009.677740] [AOA] Measurement: 0,1629140766.049869,08:55:31:70:ff:0a,2,1,1,0,128,312,94,266,723,939,1000,930,462,552,34,967,163,877,65,665,289,412,861,1004,743,118,902,166,858,628,127,20,118,752,805,722,506,65,65,69,60,67,69,71,65,67,67,70,70,66,69,68,67,73,70,69,71,70,69,69,68,73,71,73,71,69,70,66,69
[ 6009.722403] [AOA] Measurement: 0,1629140766.094528,08:55:31:70:ff:0a,2,1,1,0,128,338,89,811,936,931,992,883,390,608,72,997,181,888,119,190,524,979,79,500,931,668,95,671,16,155,358,74,157,223,1000,321,121,64,66,69,64,67,70,71,66,70,69,70,71,68,69,65,68,71,70,72,70,70,67,70,67,72,69,70,69,70,69,67,70
[ 6009.772558] [AOA] Measurement: 0,1629140766.144685,08:55:31:70:ff:0a,2,1,1,0,128,866,979,860,932,964,1007,428,596,94,259,1009,201,838,70,637,318,932,45,564,929,85,881,150,871,112,291,558,1018,725,806,393,142,58,61,64,58,64,66,64,59,63,64,65,70,64,65,68,63,69,64,66,67,69,73,67,69,69,67,70,68,73,67,73,72
[ 6009.824286] [AOA] Measurement: 0,1629140766.196409,08:55:31:70:ff:0a,2,1,1,0,128,386,105,843,944,954,5,429,571,82,242,1009,205,831,55,709,364,1000,84,511,965,694,110,720,30,107,291,131,216,344,42,471,133,65,65,66,63,69,69,69,64,70,68,69,71,68,70,67,68,73,70,71,71,72,67,72,68,72,71,73,70,71,70,67,68
[ 6009.866978] [AOA] Measurement: 0,1629140766.239104,08:55:31:70:ff:0a,2,1,1,0,128,810,907,239,712,356,763,894,329,563,67,371,970,314,889,675,277,469,889,943,690,99,907,125,855,607,134,557,1001,739,817,680,484,63,65,67,63,68,69,71,67,71,69,71,71,67,70,68,68,72,70,70,71,72,67,70,69,71,69,73,69,70,67,68,70
[ 6009.909805] [AOA] Measurement: 0,1629140766.281931,08:55:31:70:ff:0a,2,1,1,0,128,350,88,835,920,947,1003,539,636,136,327,949,157,809,44,696,359,968,21,11,773,629,77,764,89,162,319,56,146,232,948,361,149,60,64,67,61,64,69,66,61,65,65,69,70,65,68,70,67,71,69,68,71,72,71,70,69,71,71,73,71,75,69,71,71
[ 6009.948280] [AOA] Measurement: 0,1629140766.320410,08:55:31:70:ff:0a,2,1,1,0,128,831,913,312,742,402,836,937,401,584,79,407,972,301,914,666,295,488,937,464,889,680,75,736,25,600,130,56,167,710,781,780,622,59,61,63,61,64,67,66,61,67,66,67,70,65,68,69,66,72,66,68,71,71,70,71,69,73,71,73,72,73,68,73,72
[ 6009.992757] [AOA] Measurement: 0,1629140766.364885,08:55:31:70:ff:0a,2,1,1,0,128,790,896,255,685,445,817,473,623,101,238,979,158,251,879,689,298,452,914,506,919,708,96,92,828,532,88,564,988,736,806,343,126,62,63,67,62,66,69,67,62,68,66,69,70,66,68,69,67,72,69,70,71,72,70,71,69,73,71,73,73,72,71,68,72
[ 6010.043118] [AOA] Measurement: 0,1629140766.415241,08:55:31:70:ff:0a,2,1,1,0,128,359,95,847,902,940,5,442,604,110,238,1018,193,814,45,160,519,442,934,480,947,695,77,654,40,140,344,79,168,246,985,93,771,62,62,66,60,64,69,66,62,67,64,69,70,65,67,69,65,72,70,68,72,72,72,71,69,71,67,71,70,74,67,72,73
[ 6010.098349] [AOA] Measurement: 0,1629140766.470473,08:55:31:70:ff:0a,2,1,1,0,128,817,914,263,718,419,847,466,584,545,26,23,203,841,63,222,526,970,27,515,966,679,117,709,24,122,312,45,151,273,1003,277,996,63,64,68,61,67,70,69,64,70,68,72,72,67,68,70,69,72,69,70,70,72,70,72,70,71,70,71,72,74,68,71,74
[ 6010.141239] [AOA] Measurement: 0,1629140766.513367,08:55:31:70:ff:0a,2,1,1,0,128,840,928,816,934,944,1000,481,642,78,250,1019,209,823,67,190,526,12,47,474,939,640,60,698,38,91,280,611,34,244,999,585,304,65,64,66,61,65,69,68,63,68,67,69,72,69,70,71,67,74,70,70,72,72,71,71,69,72,70,72,70,73,68,70,71
[ 6010.179675] [AOA] Measurement: 0,1629140766.551799,08:55:31:70:ff:0a,2,1,1,0,128,846,924,839,934,404,822,901,382,550,61,369,967,322,879,639,254,467,895,978,748,89,883,728,41,625,133,587,23,737,790,150,1014,60,61,63,57,63,68,65,57,62,60,66,68,62,66,69,63,71,67,65,68,71,70,69,68,71,67,70,71,73,65,72,72
[ 6010.222942] [AOA] Measurement: 0,1629140766.595068,08:55:31:70:ff:0a,2,1,1,0,128,360,94,792,902,366,809,890,388,547,34,416,979,863,71,191,485,998,72,491,933,75,869,137,849,562,70,591,994,766,818,856,606,59,59,65,59,64,67,67,60,67,64,70,70,66,69,68,67,72,68,70,69,71,67,71,67,71,70,72,70,71,67,68,70
[ 6010.271769] [AOA] Measurement: 0,1629140766.643898,08:55:31:70:ff:0a,2,1,1,0,128,875,948,856,926,950,1014,889,407,68,245,993,176,833,76,676,334,437,921,938,711,123,928,139,835,148,314,107,173,286,18,600,299,62,64,68,63,66,66,69,63,65,67,70,73,66,69,69,65,73,69,70,70,71,71,71,70,72,70,72,70,74,68,72,73
[ 6010.310481] [AOA] Measurement: 0,1629140766.682609,08:55:31:70:ff:0a,2,1,1,0,128,817,918,293,722,377,803,899,346,542,37,518,10,828,53,229,549,953,40,975,754,638,53,174,917,159,329,14,145,267,988,155,912,68,68,71,67,70,69,71,66,71,70,72,70,70,70,65,69,69,71,68,69,68,63,70,65,70,69,69,67,65,70,60,65
[ 6010.349125] [AOA] Measurement: 0,1629140766.721248,08:55:31:70:ff:0a,2,1,1,0,128,398,95,276,710,356,816,942,406,553,72,991,163,852,77,179,491,982,53,506,967,658,79,722,70,77,302,74,167,288,996,728,580,66,65,67,63,67,71,71,65,70,67,71,72,68,68,70,69,73,69,70,72,72,69,72,70,72,71,73,70,74,69,70,73
[ 6010.391948] [AOA] Measurement: 0,1629140766.764076,08:55:31:70:ff:0a,2,1,1,0,128,287,29,318,727,374,797,952,425,543,39,988,161,273,895,686,359,982,36,993,760,114,915,96,813,645,166,551,982,295,1003,537,267,61,62,64,59,63,67,66,59,66,64,67,68,65,64,70,65,72,67,67,70,70,69,69,69,70,70,70,71,72,66,71,71
[ 6010.432626] [AOA] Measurement: 0,1629140766.804752,08:55:31:70:ff:0a,2,1,1,0,128,371,101,866,938,1004,12,925,388,529,37,378,984,286,861,694,298,433,870,921,732,684,105,723,63,107,303,603,1021,681,792,898,731,65,67,70,63,67,70,71,67,71,68,72,72,68,72,69,67,71,70,70,69,71,66,69,66,71,69,72,69,69,70,67,68
[ 6010.483310] [AOA] Measurement: 0,1629140766.855436,08:55:31:70:ff:0a,2,1,1,0,128,758,859,275,719,382,769,898,371,579,71,970,196,855,85,227,557,1012,83,488,916,672,96,658,1011,143,295,583,1022,232,978,232,1008,61,60,64,58,66,68,67,61,66,63,68,68,62,66,70,64,71,66,66,68,70,70,67,68,69,67,71,68,73,64,73,70
[ 6010.526707] [AOA] Measurement: 0,1629140766.898831,08:55:31:70:ff:0a,2,1,1,0,128,793,899,306,757,374,814,902,392,542,42,461,8,314,910,682,296,949,36,472,910,106,908,163,888,614,126,560,1015,241,980,780,485,60,59,62,56,62,67,65,57,62,62,66,67,62,65,68,64,70,64,67,69,70,70,68,67,70,68,70,70,74,64,70,71
[ 6010.568879] [AOA] Measurement: 0,1629140766.941005,08:55:31:70:ff:0a,2,1,1,0,128,788,877,332,788,394,778,901,386,539,67,421,974,277,856,649,306,387,891,983,738,92,911,197,897,581,121,591,1006,209,980,371,164,67,64,68,63,69,71,70,67,68,69,71,73,69,71,68,68,72,69,71,71,72,67,70,66,71,70,71,69,71,68,68,72
[ 6010.608184] [AOA] Measurement: 0,1629140766.980312,08:55:31:70:ff:0a,2,1,1,0,128,828,942,226,683,956,995,381,537,106,239,445,1001,295,875,189,504,985,14,487,965,638,46,213,917,106,297,112,161,300,1014,891,600,64,65,70,63,69,70,71,66,69,68,71,72,66,71,69,69,72,70,71,71,72,70,71,70,73,71,72,71,74,71,70,72
[ 6010.653212] [AOA] Measurement: 0,1629140767.025337,08:55:31:70:ff:0a,2,1,1,0,128,820,941,872,937,353,769,916,386,582,95,344,945,369,906,220,528,462,943,498,936,633,41,673,5,611,144,140,195,782,841,52,871,64,64,68,63,66,70,69,64,67,66,70,69,67,69,68,68,73,71,71,73,72,69,72,71,74,72,72,71,71,72,68,71
[ 6010.695751] [AOA] Measurement: 0,1629140767.067875,08:55:31:70:ff:0a,2,1,1,0,128,882,951,834,935,943,1021,462,641,88,279,2,164,841,86,189,481,972,11,520,952,13,847,162,874,560,88,671,1017,360,27,460,146,64,63,67,59,65,70,68,62,68,65,68,71,66,70,69,67,73,69,70,71,71,69,70,69,71,68,72,72,72,70,71,73
[ 6010.739908] [AOA] Measurement: 0,1629140767.112034,08:55:31:70:ff:0a,2,1,1,0,128,826,906,295,713,446,818,460,611,55,245,964,141,824,59,208,490,998,58,484,921,662,60,691,19,510,44,568,986,756,808,97,1000,61,62,65,57,63,67,65,58,65,61,68,69,63,68,70,64,71,67,67,69,69,73,68,69,72,69,70,70,73,67,74,72
[ 6010.782807] [AOA] Measurement: 0,1629140767.154936,08:55:31:70:ff:0a,2,1,1,0,128,799,904,295,731,396,827,883,360,521,20,403,998,297,888,634,273,462,911,953,726,672,67,725,56,55,255,77,174,277,976,72,865,63,66,68,64,67,71,70,63,68,66,70,71,66,67,68,66,71,68,70,68,71,70,72,70,74,70,73,72,74,70,71,74
[ 6010.826072] [AOA] Measurement: 0,1629140767.198201,08:55:31:70:ff:0a,2,1,1,0,128,796,924,296,712,323,765,881,366,545,49,508,1022,308,890,624,294,409,905,932,721,116,919,165,863,599,133,556,1004,745,808,906,690,59,63,66,60,65,68,69,61,68,66,72,71,67,68,69,66,72,66,69,70,73,70,68,68,72,69,72,70,71,67,68,73
[ 6010.870303] [AOA] Measurement: 0,1629140767.242432,08:55:31:70:ff:0a,2,1,1,0,128,808,917,301,727,398,785,901,407,621,94,395,960,293,840,691,319,398,899,1021,787,648,72,96,834,559,96,558,1008,728,787,239,96,60,60,65,59,64,68,66,61,68,66,71,70,65,67,67,67,70,68,69,70,71,71,69,69,72,69,72,70,73,68,71,71
[ 6010.909248] [AOA] Measurement: 0,1629140767.281376,08:55:31:70:ff:0a,2,1,1,0,128,368,110,762,911,440,826,865,353,602,81,465,1002,294,893,144,479,989,46,509,923,704,100,733,67,139,351,103,214,231,5,107,787,54,53,57,53,58,64,61,54,58,60,63,65,59,61,66,59,68,63,64,65,66,68,65,67,66,65,67,66,71,62,69,70
[ 6010.950754] [AOA] Measurement: 0,1629140767.322877,08:55:31:70:ff:0a,2,1,1,0,128,822,919,873,965,920,993,467,609,79,239,427,13,830,37,623,289,407,864,954,727,132,902,188,882,151,357,86,147,305,1,285,49,62,62,65,58,64,66,67,61,68,64,70,69,66,67,69,66,71,69,68,70,70,69,70,68,71,68,71,71,74,69,70,73
[ 6011.000659] [AOA] Measurement: 0,1629140767.372785,08:55:31:70:ff:0a,2,1,1,0,128,331,81,819,919,483,890,408,558,540,72,981,180,882,99,187,487,1017,74,477,901,684,76,108,856,605,145,559,992,255,996,871,549,64,64,65,59,65,70,69,63,69,68,70,71,67,67,66,67,72,70,70,70,71,70,69,70,71,71,74,71,73,69,69,73
[ 6011.053239] [AOA] Measurement: 0,1629140767.425363,08:55:31:70:ff:0a,2,1,1,0,128,855,956,824,910,900,951,915,374,572,42,371,966,295,877,661,318,408,848,1008,748,94,900,178,895,102,311,113,165,242,973,633,377,59,61,65,58,64,68,67,61,67,64,69,70,66,67,69,65,73,68,68,71,71,73,69,71,73,70,72,72,75,69,71,73
[ 6011.103781] [AOA] Measurement: 0,1629140767.475905,08:55:31:70:ff:0a,2,1,1,0,128,343,75,804,887,378,809,449,586,500,10,31,213,863,79,247,546,10,93,562,964,625,39,703,33,107,332,602,1006,220,972,208,986,59,60,62,58,62,66,62,57,62,61,66,68,61,63,68,61,69,63,63,66,67,70,65,67,67,66,68,67,72,62,72,72
[ 6011.149723] [AOA] Measurement: 0,1629140767.521852,08:55:31:70:ff:0a,2,1,1,0,128,367,116,827,918,378,806,933,402,555,60,401,954,280,887,677,337,438,859,994,740,133,897,149,854,107,291,582,1014,711,767,194,26,64,63,66,60,66,70,70,64,68,65,71,72,68,68,70,67,71,70,68,72,72,69,68,68,72,71,73,71,72,68,71,72
[ 6011.193930] [AOA] Measurement: 0,1629140767.566059,08:55:31:70:ff:0a,2,1,1,0,128,824,939,238,690,363,782,919,409,535,61,453,10,810,59,249,560,996,54,478,929,674,84,700,20,568,141,471,957,707,781,1004,829,68,69,69,65,70,70,72,67,70,69,71,73,68,72,67,68,72,69,71,69,69,67,71,67,70,70,70,71,70,70,69,72
[ 6011.236443] [AOA] Measurement: 0,1629140767.608570,08:55:31:70:ff:0a,2,1,1,0,128,841,943,830,922,432,851,390,546,531,38,428,991,221,855,706,340,498,929,1000,758,70,881,162,883,657,154,145,207,269,999,109,942,62,63,66,60,65,69,68,64,68,66,71,70,67,67,68,65,71,68,69,69,70,70,70,70,73,69,73,71,74,68,69,69
[ 6011.280543] [AOA] Measurement: 0,1629140767.652667,08:55:31:70:ff:0a,2,1,1,0,128,304,84,794,888,976,1007,914,409,72,209,1012,173,870,79,201,516,415,902,466,909,100,920,685,20,134,306,532,974,774,784,1008,843,60,60,64,59,63,66,64,58,64,61,65,66,62,63,67,62,68,62,64,69,69,71,68,69,68,66,69,70,71,65,72,71
[ 6011.323797] [AOA] Measurement: 0,1629140767.695925,08:55:31:70:ff:0a,2,1,1,0,128,849,934,282,738,967,12,855,313,587,87,425,982,891,105,270,576,972,69,531,966,627,80,714,33,564,74,133,213,278,1010,383,107,62,64,65,60,64,68,67,62,68,66,70,70,65,68,68,66,70,68,69,70,71,69,70,68,73,71,72,71,71,70,67,70
[ 6011.367045] [AOA] Measurement: 0,1629140767.739174,08:55:31:70:ff:0a,2,1,1,0,128,298,79,320,743,352,785,903,406,602,89,962,132,261,893,659,318,994,81,501,928,693,114,692,47,142,311,75,156,274,1018,693,418,64,64,68,63,68,68,68,64,68,67,72,71,68,71,67,67,73,70,71,72,72,70,71,70,73,72,73,72,71,69,67,71
[ 6011.411366] [AOA] Measurement: 0,1629140767.783495,08:55:31:70:ff:0a,2,1,1,0,128,389,105,840,951,964,1005,424,624,112,269,990,147,821,24,185,492,971,29,496,955,656,116,701,52,84,285,526,995,758,826,486,250,63,63,64,62,66,67,69,63,68,66,68,69,66,68,68,67,73,69,70,72,69,69,70,66,72,69,72,70,69,69,66,70
[ 6011.451260] [AOA] Measurement: 0,1629140767.823387,08:55:31:70:ff:0a,2,1,1,0,128,809,918,308,726,363,816,948,420,587,66,449,991,234,888,649,283,420,869,954,717,117,896,155,842,634,142,591,16,272,994,223,980,59,58,64,57,62,68,64,57,63,63,65,69,63,65,67,66,69,65,67,69,71,69,69,69,71,69,71,71,73,66,71,72
[ 6011.499264] [AOA] Measurement: 0,1629140767.871392,08:55:31:70:ff:0a,2,1,1,0,128,834,953,849,934,967,1017,429,583,137,265,1000,173,861,71,272,548,984,70,529,928,659,70,756,77,161,321,76,173,286,9,527,235,59,59,65,59,63,66,65,59,65,64,68,70,65,67,68,66,72,70,68,69,69,68,69,67,70,68,72,70,70,68,69,72
[ 6011.542600] [AOA] Measurement: 0,1629140767.914726,08:55:31:70:ff:0a,2,1,1,0,128,342,58,271,747,381,824,938,396,531,52,440,1007,278,864,715,324,402,887,942,720,673,78,723,70,129,339,151,187,251,992,85,812,67,66,68,65,68,70,70,67,69,68,71,70,67,67,67,70,73,71,71,71,70,63,70,65,70,69,69,66,66,69,60,64
[ 6011.587539] [AOA] Measurement: 0,1629140767.959667,08:55:31:70:ff:0a,2,1,1,0,128,805,925,231,724,381,775,904,351,527,15,419,949,304,857,610,292,482,919,497,906,104,902,164,892,560,81,518,954,752,798,532,363,64,64,68,63,65,69,69,64,66,68,71,70,66,70,66,68,70,67,69,69,69,66,69,67,72,70,71,68,70,71,66,69
[ 6011.632195] [AOA] Measurement: 0,1629140768.004324,08:55:31:70:ff:0a,2,1,1,0,128,828,916,305,742,972,1016,401,596,113,282,398,999,353,905,668,277,442,889,916,656,138,916,114,856,147,329,66,157,286,1018,880,592,64,64,66,63,67,70,70,64,69,68,71,71,67,70,68,69,71,70,69,72,71,68,71,68,71,71,72,70,73,70,68,71
[ 6011.683291] [AOA] Measurement: 0,1629140768.055417,08:55:31:70:ff:0a,2,1,1,0,128,740,840,278,704,422,816,932,431,584,68,406,957,342,927,635,308,423,872,974,723,141,943,674,31,127,312,570,1012,255,1009,307,38,61,63,66,61,66,70,66,62,66,64,69,70,65,67,69,65,71,66,69,70,72,72,69,69,70,69,73,72,73,67,73,73
[ 6011.738601] [AOA] Measurement: 0,1629140768.110725,08:55:31:70:ff:0a,2,1,1,0,128,793,890,257,707,447,848,906,417,560,67,427,989,871,100,191,490,980,48,904,687,68,891,214,890,522,62,587,1019,716,791,608,432,64,63,67,61,67,68,67,62,68,67,71,70,68,68,68,67,73,71,70,71,72,71,70,69,70,70,72,71,71,67,70,71
[ 6011.781936] [AOA] Measurement: 0,1629140768.154060,08:55:31:70:ff:0a,2,1,1,0,128,278,103,869,934,932,12,454,624,115,257,997,186,904,84,215,506,985,42,975,765,40,878,754,58,134,367,36,141,309,971,11,770,59,62,65,59,65,69,66,63,68,68,69,71,68,69,68,66,72,68,70,71,72,68,70,69,72,70,70,68,71,68,67,72
[ 6011.824402] [AOA] Measurement: 0,1629140768.196533,08:55:31:70:ff:0a,2,1,1,0,128,852,957,830,950,908,974,874,375,568,34,495,1004,257,904,687,323,418,867,1004,764,634,47,722,23,138,337,68,163,262,993,436,145,63,62,67,60,66,68,69,65,67,67,70,70,66,70,69,68,72,68,71,70,70,69,72,69,72,70,72,71,72,68,71,72
[ 6011.868358] [AOA] Measurement: 0,1629140768.240486,08:55:31:70:ff:0a,2,1,1,0,128,815,931,853,909,988,23,407,566,83,217,397,967,274,893,686,319,458,894,498,901,675,70,743,66,172,362,82,175,259,1006,694,438,58,62,65,59,64,65,66,59,64,61,65,68,62,67,69,63,71,65,67,69,70,71,70,70,69,68,72,71,73,67,71,70
[ 6011.911712] [AOA] Measurement: 0,1629140768.283843,08:55:31:70:ff:0a,2,1,1,0,128,840,920,287,726,405,809,941,412,582,62,1010,167,874,92,147,494,972,56,470,893,109,891,711,41,114,290,570,1008,724,798,993,773,60,60,65,58,65,66,68,63,66,66,69,71,65,66,67,66,71,67,68,69,70,69,70,67,71,71,72,70,74,69,72,73
[ 6011.950993] [AOA] Measurement: 0,1629140768.323120,08:55:31:70:ff:0a,2,1,1,0,128,332,98,251,709,406,778,922,435,478,1002,485,975,301,865,736,369,964,41,909,711,93,909,716,71,135,312,105,150,283,1000,132,849,56,56,62,58,63,67,64,58,64,61,64,67,60,62,67,63,69,65,66,66,68,70,69,67,68,68,71,71,72,66,71,73
[ 6011.994801] [AOA] Measurement: 0,1629140768.366927,08:55:31:70:ff:0a,2,1,1,0,128,345,69,294,701,429,822,499,624,159,312,967,181,839,45,258,547,2,92,498,925,686,108,696,45,102,303,147,196,348,26,35,709,61,61,66,61,65,69,68,61,68,67,68,71,66,68,69,65,71,65,68,70,69,69,68,69,72,69,71,71,73,68,72,73
[ 6012.045096] [AOA] Measurement: 0,1629140768.417221,08:55:31:70:ff:0a,2,1,1,0,128,793,913,873,958,939,1009,488,619,122,261,1014,206,822,38,229,519,961,41,557,938,641,72,727,51,112,299,54,150,736,809,543,375,62,64,68,63,67,71,66,65,68,69,70,74,67,69,69,68,74,70,70,71,72,70,71,70,71,71,72,71,71,67,69,71
[ 6012.091262] [AOA] Measurement: 0,1629140768.463391,08:55:31:70:ff:0a,2,1,1,0,128,787,922,276,713,363,786,903,385,598,54,371,944,316,897,700,336,10,86,414,863,97,903,141,851,616,127,546,997,271,1006,844,563,65,65,66,60,67,71,68,64,67,67,72,71,66,69,68,68,74,71,72,72,72,70,71,69,72,70,73,71,74,68,69,72
[ 6012.135446] [AOA] Measurement: 0,1629140768.507575,08:55:31:70:ff:0a,2,1,1,0,128,368,86,822,925,947,1015,925,422,540,63,436,1012,223,834,676,327,425,910,512,924,699,97,749,70,97,313,152,208,294,1002,875,573,59,59,65,59,64,68,65,60,67,63,67,68,65,68,67,63,72,68,69,70,72,69,68,69,72,69,70,70,73,68,71,72
[ 6012.179779] [AOA] Measurement: 0,1629140768.551901,08:55:31:70:ff:0a,2,1,1,0,128,813,917,251,682,369,808,915,392,543,39,429,974,319,892,662,298,995,83,483,933,634,82,750,70,105,295,555,992,744,835,361,158,59,60,64,60,64,68,67,61,67,65,68,71,65,66,68,67,71,68,67,68,70,68,68,67,73,71,74,72,72,69,70,71
[ 6012.222551] [AOA] Measurement: 0,1629140768.594680,08:55:31:70:ff:0a,2,1,1,0,128,820,948,830,965,940,1003,476,629,166,291,4,185,820,78,181,497,433,883,1022,770,668,108,743,61,138,329,137,178,293,12,294,954,63,63,66,60,65,70,68,62,67,68,69,70,65,67,71,66,73,67,69,71,72,71,69,69,72,69,70,71,74,67,72,72
[ 6012.266367] [AOA] Measurement: 0,1629140768.638496,08:55:31:70:ff:0a,2,1,1,0,128,816,910,841,939,973,1006,444,603,155,285,995,134,819,48,184,471,419,834,937,707,72,895,164,860,621,98,596,27,742,812,52,879,61,61,67,59,65,69,68,60,66,65,70,69,65,66,69,66,72,66,66,70,70,71,69,68,70,69,71,71,72,66,71,72
[ 6012.313190] [AOA] Measurement: 0,1629140768.685313,08:55:31:70:ff:0a,2,1,1,0,128,801,899,264,714,399,819,900,403,590,57,448,1003,303,924,147,488,30,78,465,941,672,98,700,50,111,327,130,206,318,1021,112,848,61,65,67,63,68,69,68,63,69,68,71,70,67,70,69,69,71,69,70,71,71,69,71,69,71,70,73,69,72,70,68,70
[ 6012.359505] [AOA] Measurement: 0,1629140768.731631,08:55:31:70:ff:0a,2,1,1,0,128,807,929,333,762,360,804,912,399,99,259,968,157,837,22,725,324,446,927,507,938,685,99,656,5,595,121,522,968,724,769,133,976,63,65,66,61,66,71,67,63,66,67,68,71,66,67,70,68,72,70,68,70,70,70,69,68,71,68,74,71,75,69,71,73
[ 6012.403659] [AOA] Measurement: 0,1629140768.775790,08:55:31:70:ff:0a,2,1,1,0,128,332,86,891,955,901,992,462,627,86,256,12,176,819,22,671,313,409,879,968,758,650,77,709,7,608,123,44,155,736,792,382,108,68,67,71,66,69,71,73,68,71,70,71,71,71,70,67,69,72,69,71,71,71,68,73,68,71,70,72,70,70,69,66,68
[ 6012.446335] [AOA] Measurement: 0,1629140768.818457,08:55:31:70:ff:0a,2,1,1,0,128,828,944,289,736,984,1008,903,366,147,309,1015,182,837,50,209,523,1011,92,492,932,710,104,750,63,125,317,80,205,260,1010,944,638,62,63,66,60,66,70,67,62,68,66,71,70,65,67,69,65,73,68,70,70,70,72,70,71,72,71,73,72,75,68,71,74
[ 6012.492514] [AOA] Measurement: 0,1629140768.864637,08:55:31:70:ff:0a,2,1,1,0,128,826,887,282,737,407,827,907,394,570,46,435,993,329,931,183,487,931,71,507,952,659,81,736,63,64,271,585,7,282,1004,703,452,64,64,68,63,66,69,68,63,67,67,69,71,66,70,70,67,71,69,70,69,71,69,72,70,71,70,72,70,71,69,69,70
[ 6012.543114] [AOA] Measurement: 0,1629140768.915236,08:55:31:70:ff:0a,2,1,1,0,128,842,919,323,749,907,983,903,369,616,104,974,178,852,64,684,340,1010,64,447,907,689,97,724,53,101,297,19,114,319,9,776,615,60,60,63,58,62,67,67,60,65,63,67,68,62,65,69,64,71,64,66,68,68,71,69,69,69,67,69,69,72,63,71,70
[ 6012.589476] [AOA] Measurement: 0,1629140768.961602,08:55:31:70:ff:0a,2,1,1,0,128,813,890,299,715,397,812,917,369,507,1017,495,1003,278,875,642,293,402,877,999,753,132,909,150,863,603,127,579,989,772,798,430,224,62,61,65,59,65,67,66,61,66,64,69,69,65,67,69,65,70,67,69,70,71,71,69,68,71,70,72,68,73,66,71,72
[ 6012.634032] [AOA] Measurement: 0,1629140769.006159,08:55:31:70:ff:0a,2,1,1,0,128,366,118,823,948,913,991,456,605,96,270,998,166,838,62,249,542,1016,94,458,907,707,100,708,49,171,334,106,180,279,990,251,28,61,62,66,60,65,68,69,63,66,65,69,69,65,67,67,65,72,70,70,69,69,69,70,68,73,72,71,69,73,69,69,70
[ 6012.677224] [AOA] Measurement: 0,1629140769.049346,08:55:31:70:ff:0a,2,1,1,0,128,808,919,266,713,374,788,912,403,508,30,446,1008,354,917,643,313,425,866,962,718,126,872,176,895,598,92,577,1011,753,792,778,580,64,67,69,63,67,72,69,64,68,66,72,71,66,69,68,67,70,68,70,69,72,70,70,69,72,70,73,70,73,70,68,72
[ 6012.721238] [AOA] Measurement: 0,1629140769.093361,08:55:31:70:ff:0a,2,1,1,0,128,321,78,251,716,471,870,906,404,83,248,965,133,297,902,670,301,436,907,965,731,118,874,176,923,96,280,92,190,293,1023,998,667,67,66,67,65,70,70,69,66,70,67,70,69,67,70,67,69,71,71,71,72,70,65,69,66,72,69,70,67,69,70,64,69
[ 6012.772049] [AOA] Measurement: 0,1629140769.144172,08:55:31:70:ff:0a,2,1,1,0,128,334,87,288,736,338,823,888,371,586,62,1020,175,808,49,211,528,983,38,520,926,625,54,638,994,140,333,85,148,257,963,34,828,65,66,68,64,67,70,70,65,71,67,72,71,65,70,65,66,68,69,69,70,70,67,71,68,72,70,74,69,69,70,67,69
[ 6012.819576] [AOA] Measurement: 0,1629140769.191706,08:55:31:70:ff:0a,2,1,1,0,128,383,123,837,936,975,1018,435,575,102,247,969,161,229,876,669,300,424,861,976,733,151,964,699,19,106,337,75,186,265,996,344,51,64,65,67,61,66,68,67,62,68,66,70,71,65,69,68,66,72,68,68,71,70,71,71,69,72,69,72,71,73,69,71,74
[ 6012.858485] [AOA] Measurement: 0,1629140769.230612,08:55:31:70:ff:0a,2,1,1,0,128,802,877,285,720,360,812,895,392,536,69,998,168,815,38,238,528,1016,87,911,687,106,911,120,841,585,96,533,999,784,827,755,485,65,65,69,61,67,70,68,63,69,66,69,71,66,69,69,67,72,67,69,69,71,69,70,69,73,69,72,70,74,67,71,73
[ 6012.906463] [AOA] Measurement: 0,1629140769.278586,08:55:31:70:ff:0a,2,1,1,0,128,851,934,282,712,353,791,878,331,549,37,469,1006,275,911,670,328,437,868,979,697,128,924,165,884,589,97,593,1019,297,1003,114,885,59,58,62,57,62,67,63,60,66,64,66,69,65,65,68,63,71,66,67,68,69,71,68,69,69,67,71,70,71,66,71,71
[ 6012.951667] [AOA] Measurement: 0,1629140769.323791,08:55:31:70:ff:0a,2,1,1,0,128,826,945,324,754,942,1020,403,601,573,73,427,1003,264,862,673,307,433,890,497,984,655,47,717,72,124,315,69,141,743,807,608,363,59,61,65,58,63,67,65,61,65,65,67,69,65,68,68,65,72,67,67,70,70,70,69,68,69,71,71,72,74,68,72,74
[ 6013.000909] [AOA] Measurement: 0,1629140769.373039,08:55:31:70:ff:0a,2,1,1,0,128,836,946,322,767,383,803,906,390,503,29,472,1019,325,904,256,552,990,69,491,934,643,51,667,5,74,286,595,4,221,940,652,413,63,64,66,62,67,67,67,61,66,65,69,71,66,67,70,64,72,69,68,71,71,71,69,70,71,70,73,71,74,67,71,72
[ 6013.039287] [AOA] Measurement: 0,1629140769.411413,08:55:31:70:ff:0a,2,1,1,0,128,354,60,295,735,381,785,918,398,566,73,417,963,278,888,658,308,975,42,540,938,695,88,718,45,116,312,85,166,246,1006,373,144,56,56,61,55,62,66,61,56,62,60,63,66,60,62,66,62,69,64,68,69,70,71,68,70,69,69,69,71,74,66,71,70
[ 6013.082779] [AOA] Measurement: 0,1629140769.454906,08:55:31:70:ff:0a,2,1,1,0,128,355,83,264,693,377,812,893,381,554,58,417,995,280,893,249,524,991,89,465,931,95,893,165,850,658,167,116,192,251,985,321,73,63,65,69,65,69,69,69,66,69,69,69,70,67,69,65,67,69,70,68,67,68,65,69,68,71,68,70,68,67,70,66,69
[ 6013.128402] [AOA] Measurement: 0,1629140769.500524,08:55:31:70:ff:0a,2,1,1,0,128,341,66,835,933,373,780,997,432,83,252,2,188,811,14,615,251,425,881,902,682,101,884,129,863,613,129,577,1015,724,768,975,771,63,64,67,62,65,66,66,61,67,66,69,71,67,68,67,66,70,69,70,71,69,68,70,67,70,70,71,69,69,69,64,67
[ 6013.174853] [AOA] Measurement: 0,1629140769.546982,08:55:31:70:ff:0a,2,1,1,0,128,844,962,813,880,356,811,899,395,608,89,354,977,247,868,672,292,398,873,896,698,75,881,146,863,579,95,607,1013,259,976,669,463,63,64,66,62,66,69,69,63,69,68,69,70,66,68,70,66,70,68,70,70,71,72,71,70,73,69,73,69,74,70,72,72
[ 6013.213473] [AOA] Measurement: 0,1629140769.585599,08:55:31:70:ff:0a,2,1,1,0,128,829,933,320,743,431,857,444,623,111,278,957,144,848,63,212,517,966,30,962,744,116,891,159,865,644,177,577,17,258,986,365,135,56,56,63,57,62,64,64,58,61,61,65,67,61,62,67,63,70,65,66,69,69,70,68,69,71,69,72,70,73,67,71,72
[ 6013.258255] [AOA] Measurement: 0,1629140769.630383,08:55:31:70:ff:0a,2,1,1,0,128,801,903,267,711,371,769,913,401,557,15,451,991,350,922,200,517,1021,77,474,894,650,44,150,823,630,144,558,1012,717,786,1001,822,63,64,66,62,64,69,68,62,68,66,68,70,65,67,69,65,73,68,70,72,71,71,68,69,71,69,70,71,73,67,72,72
[ 6013.306622] [AOA] Measurement: 0,1629140769.678747,08:55:31:70:ff:0a,2,1,1,0,128,355,89,821,911,899,979,904,377,101,261,369,946,314,913,223,525,943,57,539,957,615,50,210,889,607,132,82,169,276,986,444,214,63,63,66,62,64,69,69,62,67,67,69,70,68,67,68,67,70,70,70,70,70,69,69,69,73,70,72,69,71,70,68,70
[ 6013.354895] [AOA] Measurement: 0,1629140769.727023,08:55:31:70:ff:0a,2,1,1,0,128,330,105,865,929,972,10,375,533,578,91,963,165,267,892,166,480,975,77,506,942,638,50,717,30,106,292,79,170,683,766,391,174,57,58,62,54,61,66,63,59,65,62,66,69,64,67,67,63,72,65,67,69,68,71,68,69,71,68,71,70,70,66,71,70
[ 6013.400805] [AOA] Measurement: 0,1629140769.772928,08:55:31:70:ff:0a,2,1,1,0,128,329,72,856,933,977,1015,457,614,108,262,1015,180,790,44,214,478,1,77,469,925,675,83,751,81,96,326,142,214,235,999,141,848,58,60,62,57,62,65,64,56,62,62,64,66,62,63,67,61,69,62,63,65,68,69,66,66,68,66,68,70,72,62,71,70
[ 6013.443626] [AOA] Measurement: 0,1629140769.815750,08:55:31:70:ff:0a,2,1,1,0,128,354,112,247,730,396,816,926,383,603,99,1016,179,846,49,680,330,994,65,963,758,115,918,175,874,130,297,89,220,221,1008,307,5,63,62,68,62,66,70,68,62,68,68,70,71,66,67,68,67,71,67,67,70,72,71,70,70,73,70,73,71,73,69,71,72
[ 6013.486615] [AOA] Measurement: 0,1629140769.858737,08:55:31:70:ff:0a,2,1,1,0,128,370,97,783,930,331,778,835,328,555,45,420,973,274,879,711,324,9,112,532,952,656,86,661,0,636,135,539,1007,740,815,413,274,61,61,64,59,65,67,67,61,68,64,71,71,67,71,72,68,73,69,71,71,72,71,71,70,73,69,73,70,73,68,69,71
[ 6013.530481] [AOA] Measurement: 0,1629140769.902605,08:55:31:70:ff:0a,2,1,1,0,128,790,937,272,768,380,789,844,340,533,30,436,989,330,960,677,329,991,94,476,908,670,54,710,18,572,109,533,975,689,776,119,932,65,66,67,64,67,70,68,66,67,67,73,72,67,68,66,66,72,68,69,70,68,65,72,66,70,69,70,69,69,69,63,68
[ 6013.569177] [AOA] Measurement: 0,1629140769.941304,08:55:31:70:ff:0a,2,1,1,0,128,831,911,277,738,394,797,921,431,520,51,966,178,833,44,234,556,981,72,462,912,642,66,659,22,139,302,78,178,219,955,692,424,61,62,67,62,66,69,67,64,67,66,69,71,67,66,71,66,71,66,69,69,70,71,69,69,74,69,72,71,74,68,74,71
[ 6013.613193] [AOA] Measurement: 0,1629140769.985320,08:55:31:70:ff:0a,2,1,1,0,128,779,923,871,968,404,804,515,647,71,267,32,213,846,86,239,564,11,83,458,891,646,61,703,31,141,351,106,215,282,1010,468,194,61,61,64,60,65,67,65,61,66,64,68,69,65,68,68,63,72,66,67,68,71,70,69,68,71,69,71,71,74,68,70,71
[ 6013.656889] [AOA] Measurement: 0,1629140770.029016,08:55:31:70:ff:0a,2,1,1,0,128,359,121,818,920,934,994,892,375,104,269,991,172,836,49,669,312,489,949,509,967,684,86,714,41,149,332,99,171,245,998,78,724,65,65,67,63,67,69,70,62,68,66,70,71,67,71,69,66,73,69,68,71,73,68,70,68,73,71,73,70,73,70,70,72
[ 6013.700684] [AOA] Measurement: 0,1629140770.072806,08:55:31:70:ff:0a,2,1,1,0,128,791,884,315,760,391,810,971,398,556,67,447,11,835,66,653,304,1015,78,466,908,691,88,680,42,159,301,551,10,246,939,194,33,58,58,63,57,62,66,65,60,65,64,68,70,65,67,69,64,70,68,67,68,70,69,70,68,70,70,72,69,71,67,71,72
[ 6013.750875] [AOA] Measurement: 0,1629140770.122997,08:55:31:70:ff:0a,2,1,1,0,128,335,99,846,961,911,1000,905,410,550,54,458,1021,299,905,680,313,437,877,946,733,127,919,747,58,75,290,541,973,242,997,733,544,58,59,65,58,65,68,68,61,66,66,69,72,67,68,68,66,70,66,68,71,70,70,70,68,70,69,72,69,72,68,70,72
[ 6013.794585] [AOA] Measurement: 0,1629140770.166707,08:55:31:70:ff:0a,2,1,1,0,128,404,125,806,891,425,818,903,415,73,249,418,1006,331,882,632,269,1013,70,535,942,678,100,754,65,119,293,114,184,206,997,771,555,57,58,61,57,62,68,64,58,63,60,64,66,62,65,69,63,69,64,64,68,69,71,67,67,68,67,69,68,71,62,71,70
[ 6013.838857] [AOA] Measurement: 0,1629140770.210980,08:55:31:70:ff:0a,2,1,1,0,128,851,928,301,758,406,841,427,612,571,45,1010,167,870,78,184,548,26,106,487,938,659,59,708,48,188,396,83,148,280,1012,944,604,59,61,65,59,66,68,68,60,64,65,67,70,64,67,69,66,72,69,69,72,71,70,71,69,72,70,72,70,72,69,69,70
[ 6013.882733] [AOA] Measurement: 0,1629140770.254855,08:55:31:70:ff:0a,2,1,1,0,128,374,103,813,929,992,11,443,606,71,256,995,194,819,49,194,496,999,66,448,911,685,76,118,857,606,107,571,16,264,1017,65,778,58,61,66,58,64,69,67,63,65,65,67,68,65,67,68,65,71,66,68,70,68,70,70,70,71,69,72,71,73,68,71,74
[ 6013.933353] [AOA] Measurement: 0,1629140770.305476,08:55:31:70:ff:0a,2,1,1,0,128,787,899,284,753,979,1001,447,614,95,245,985,186,795,28,662,277,421,858,964,733,137,897,156,891,586,115,559,999,686,780,88,912,59,61,65,60,65,68,66,62,66,64,71,69,65,66,70,63,71,68,66,70,70,72,70,70,71,69,71,70,72,66,71,73
[ 6013.979662] [AOA] Measurement: 0,1629140770.351789,08:55:31:70:ff:0a,2,1,1,0,128,820,909,311,738,425,808,949,425,541,19,449,992,327,905,719,369,949,31,490,910,638,56,217,867,111,317,76,145,765,827,426,208,60,61,66,60,64,69,68,62,66,66,70,71,67,66,68,65,72,67,69,68,72,69,68,69,72,71,73,70,73,69,70,72
[ 6014.024175] [AOA] Measurement: 0,1629140770.396302,08:55:31:70:ff:0a,2,1,1,0,128,849,940,297,749,396,830,448,569,111,227,29,218,820,68,199,527,969,44,949,721,136,925,140,862,571,111,544,1001,710,804,271,119,65,65,67,62,68,71,69,64,69,67,71,73,67,70,69,69,74,69,70,72,70,70,73,69,73,70,71,71,71,69,69,73
[ 6014.068388] [AOA] Measurement: 0,1629140770.440512,08:55:31:70:ff:0a,2,1,1,0,128,297,74,851,920,941,993,422,594,554,100,3,191,907,101,180,538,986,87,560,964,608,35,677,18,96,298,512,952,762,817,607,472,56,58,62,55,61,66,63,57,63,62,66,68,62,62,68,61,71,63,66,69,69,70,68,68,71,68,69,70,71,65,71,71
[ 6014.111023] [AOA] Measurement: 0,1629140770.483152,08:55:31:70:ff:0a,2,1,1,0,128,861,935,276,730,398,812,959,437,548,43,457,1011,340,925,190,526,986,38,503,942,601,21,157,877,130,346,127,231,338,15,439,99,61,60,64,60,64,67,66,58,65,63,66,69,64,66,69,64,72,66,67,69,71,71,69,69,71,71,73,71,76,69,71,75
[ 6014.149975] [AOA] Measurement: 0,1629140770.522099,08:55:31:70:ff:0a,2,1,1,0,128,843,944,259,689,338,813,887,343,570,71,443,980,294,899,695,330,450,899,995,746,712,109,812,140,106,337,145,200,358,31,334,58,58,58,64,58,63,67,65,60,64,63,65,68,61,65,69,62,68,63,65,66,68,70,66,68,68,66,69,68,71,63,72,71
[ 6014.193726] [AOA] Measurement: 0,1629140770.565852,08:55:31:70:ff:0a,2,1,1,0,128,806,913,279,733,406,850,476,606,116,272,971,155,885,53,233,511,1001,84,499,935,598,48,744,49,591,126,579,998,267,993,149,917,61,60,62,59,64,68,66,60,65,64,66,69,64,67,68,65,71,66,69,70,70,70,69,69,70,68,71,67,72,65,70,71
[ 6014.244536] [AOA] Measurement: 0,1629140770.616658,08:55:31:70:ff:0a,2,1,1,0,128,405,186,896,975,973,8,470,589,67,274,967,148,876,74,253,551,19,120,511,960,644,104,686,53,156,356,50,180,294,1016,853,507,51,53,57,51,55,61,60,53,58,57,59,64,57,59,68,59,67,61,62,64,67,72,63,66,64,62,66,66,71,61,70,70
[ 6014.290225] [AOA] Measurement: 0,1629140770.662352,08:55:31:70:ff:0a,2,1,1,0,128,827,903,857,931,370,803,860,354,548,38,418,986,300,887,669,322,411,859,933,712,74,876,222,905,592,92,128,189,323,1,342,70,60,61,65,60,64,67,65,59,64,64,66,68,63,67,69,63,71,66,66,68,71,71,69,70,70,68,71,71,72,66,71,71
[ 6014.334342] [AOA] Measurement: 0,1629140770.706469,08:55:31:70:ff:0a,2,1,1,0,128,837,953,838,927,964,1021,428,602,67,259,962,176,885,82,194,520,991,60,1003,788,669,112,153,890,592,93,125,217,227,991,352,150,64,65,66,63,68,69,71,64,70,69,72,69,69,70,67,67,72,71,69,70,72,67,73,66,70,69,70,69,66,68,64,68
[ 6014.378666] [AOA] Measurement: 0,1629140770.750789,08:55:31:70:ff:0a,2,1,1,0,128,809,931,253,735,360,782,855,345,580,105,421,971,267,883,743,345,974,64,476,947,629,57,725,72,587,118,104,166,279,9,183,960,60,60,63,56,63,66,63,57,63,61,64,65,62,63,69,61,70,62,65,65,68,69,67,69,68,68,70,69,71,64,72,70
[ 6014.421736] [AOA] Measurement: 0,1629140770.793864,08:55:31:70:ff:0a,2,1,1,0,128,406,137,898,998,898,1014,408,586,111,258,1007,170,768,20,662,342,2,80,472,942,674,108,693,43,148,326,64,136,268,1023,301,50,63,64,69,64,67,70,70,68,70,69,72,71,70,71,70,70,71,72,71,70,73,70,72,69,72,71,73,70,71,69,68,73
[ 6014.460354] [AOA] Measurement: 0,1629140770.832482,08:55:31:70:ff:0a,2,1,1,0,128,349,85,847,972,1007,34,450,639,71,259,1022,160,792,40,192,524,1023,72,510,971,642,93,710,53,36,267,168,225,282,13,845,489,65,64,68,61,67,70,67,61,68,64,69,72,68,70,68,67,71,70,71,71,71,69,70,67,71,69,72,69,69,68,65,70
[ 6014.504461] [AOA] Measurement: 0,1629140770.876591,08:55:31:70:ff:0a,2,1,1,0,128,342,93,825,937,988,18,495,653,94,237,1020,203,825,74,188,517,383,871,522,924,646,64,150,853,139,342,97,169,329,1012,447,213,60,63,67,61,66,69,68,63,67,64,68,70,64,68,69,65,73,68,69,71,71,72,70,69,72,69,70,70,72,68,70,72
[ 6014.548858] [AOA] Measurement: 0,1629140770.920982,08:55:31:70:ff:0a,2,1,1,0,128,333,108,925,994,964,1009,500,626,91,296,1022,215,843,64,236,535,993,80,466,937,666,62,718,73,113,306,141,213,219,945,219,984,59,60,63,58,63,68,65,58,63,63,68,69,63,65,69,65,70,67,67,69,69,72,66,70,70,67,70,69,71,66,70,72
[ 6014.592672] [AOA] Measurement: 0,1629140770.964797,08:55:31:70:ff:0a,2,1,1,0,128,827,905,292,730,426,820,950,438,530,33,430,977,298,901,671,348,451,917,462,916,118,936,137,847,596,84,583,1010,774,852,764,504,62,63,69,63,66,69,69,64,70,67,72,69,67,69,68,67,69,70,70,70,70,67,72,68,72,71,73,69,70,70,64,69
[ 6014.643007] [AOA] Measurement: 0,1629140771.015130,08:55:31:70:ff:0a,2,1,1,0,128,334,82,811,908,356,787,881,377,517,54,434,1000,312,906,200,525,424,887,488,924,651,76,755,68,129,319,104,167,284,0,368,27,58,58,63,56,64,65,65,60,66,64,68,70,62,65,67,64,70,67,69,69,70,71,69,69,72,67,69,70,73,67,68,71
[ 6014.688721] [AOA] Measurement: 0,1629140771.060849,08:55:31:70:ff:0a,2,1,1,0,128,813,912,300,719,462,877,934,412,523,35,398,952,348,908,673,300,411,857,979,741,111,890,129,861,577,111,590,1010,756,805,872,746,67,69,70,66,70,71,73,67,70,70,74,72,68,70,67,70,71,71,71,69,70,67,71,68,71,69,72,70,70,70,67,71
[ 6014.733648] [AOA] Measurement: 0,1629140771.105776,08:55:31:70:ff:0a,2,1,1,0,128,382,113,827,926,945,1018,890,383,594,88,402,986,267,881,626,276,6,78,480,934,647,67,675,2,613,112,162,205,248,1007,132,915,63,64,66,62,65,68,67,62,69,66,70,71,66,65,67,63,71,67,70,69,71,69,71,68,72,71,71,70,73,68,70,73
[ 6014.776356] [AOA] Measurement: 0,1629140771.148478,08:55:31:70:ff:0a,2,1,1,0,128,846,941,271,712,357,817,918,375,572,80,412,978,224,851,670,283,421,875,958,726,104,917,214,902,616,141,88,176,252,1003,559,357,58,59,62,57,61,68,64,58,64,61,66,68,61,64,69,62,68,64,65,66,69,70,66,68,66,66,68,67,71,63,70,72
[ 6014.819639] [AOA] Measurement: 0,1629140771.191767,08:55:31:70:ff:0a,2,1,1,0,128,836,933,296,747,361,799,901,393,570,71,455,995,361,936,653,302,410,893,458,905,650,68,158,868,652,179,525,991,287,1010,770,468,64,63,66,62,67,69,68,62,68,66,70,70,66,68,69,69,72,68,70,71,70,69,70,67,72,68,71,70,71,67,69,72
[ 6014.858297] [AOA] Measurement: 0,1629140771.230427,08:55:31:70:ff:0a,2,1,1,0,128,363,98,286,738,415,863,451,644,160,304,8,178,912,94,208,506,1003,76,510,943,630,72,97,841,129,291,547,966,754,803,418,191,62,61,66,61,67,68,67,60,65,65,67,69,64,68,69,65,72,66,69,68,71,70,68,69,71,69,72,70,73,69,71,72
[ 6014.902379] [AOA] Measurement: 0,1629140771.274508,08:55:31:70:ff:0a,2,1,1,0,128,815,889,271,722,385,798,933,411,138,304,928,133,817,58,158,493,974,41,470,928,678,67,737,61,153,340,92,201,230,979,652,502,61,61,67,61,64,68,65,62,65,64,68,71,65,68,68,65,71,67,67,69,71,70,70,67,71,69,71,68,72,65,70,73
[ 6014.951794] [AOA] Measurement: 0,1629140771.323923,08:55:31:70:ff:0a,2,1,1,0,128,391,132,873,973,935,1023,520,661,133,282,983,171,863,84,191,538,989,87,494,935,701,94,721,52,116,315,90,145,191,949,953,638,57,59,62,56,61,66,62,58,62,62,67,69,63,65,69,64,72,66,67,68,71,71,68,70,70,68,71,71,74,66,71,71
[ 6014.993987] [AOA] Measurement: 0,1629140771.366086,08:55:31:70:ff:0a,2,1,1,0,128,347,108,816,927,903,987,472,603,156,273,951,130,884,113,212,527,1002,58,487,920,615,29,701,45,194,357,88,199,341,26,137,756,59,64,65,60,64,68,67,60,67,67,70,71,67,67,70,66,71,69,67,70,71,72,70,69,70,68,70,71,73,66,71,72
[ 6015.046685] [AOA] Measurement: 0,1629140771.418806,08:55:31:70:ff:0a,2,1,1,0,128,846,941,860,965,886,965,884,375,549,66,409,958,317,909,672,316,949,34,963,744,78,885,193,913,114,339,95,162,253,1019,343,961,65,65,69,64,67,71,68,64,69,68,69,69,66,69,68,66,71,70,68,72,72,69,71,70,73,72,73,71,72,69,71,72
[ 6015.090519] [AOA] Measurement: 0,1629140771.462648,08:55:31:70:ff:0a,2,1,1,0,128,358,108,867,929,398,830,439,603,101,241,397,990,325,919,197,543,950,59,454,900,680,79,696,1,607,134,510,992,763,790,60,848,60,59,64,58,64,67,66,59,66,62,67,66,63,65,69,64,70,67,66,68,68,70,68,68,68,69,69,70,73,66,71,71
[ 6015.133746] [AOA] Measurement: 0,1629140771.505874,08:55:31:70:ff:0a,2,1,1,0,128,386,109,835,940,938,991,855,374,524,1023,436,992,299,904,643,286,988,46,1018,772,106,875,770,86,67,269,581,1004,744,831,880,610,63,63,68,63,66,70,68,65,68,69,73,73,69,71,70,67,71,69,71,70,70,67,71,68,73,71,72,71,71,69,67,71
[ 6015.172654] [AOA] Measurement: 0,1629140771.544781,08:55:31:70:ff:0a,2,1,1,0,128,830,926,264,675,410,829,871,371,520,37,421,970,322,906,676,296,376,866,903,720,145,900,188,869,547,71,599,989,685,774,374,249,63,63,67,60,66,70,68,64,69,68,70,73,67,71,68,68,71,70,71,71,70,68,70,66,70,70,71,69,71,68,69,71
[ 6015.215821] [AOA] Measurement: 0,1629140771.587944,08:55:31:70:ff:0a,2,1,1,0,128,795,857,306,737,348,795,858,363,550,71,446,998,357,926,702,350,2,80,519,978,709,96,670,6,136,297,588,1018,755,810,428,155,62,63,68,63,66,69,69,62,68,66,68,71,66,69,69,66,73,71,70,72,71,70,67,68,72,69,71,71,75,68,71,72
[ 6015.258752] [AOA] Measurement: 0,1629140771.630875,08:55:31:70:ff:0a,2,1,1,0,128,803,912,301,750,362,812,490,608,98,238,975,128,879,81,210,538,991,73,513,966,698,91,713,55,132,356,507,936,759,806,665,476,60,61,65,58,62,66,67,62,67,65,66,67,65,66,68,64,71,65,68,69,70,69,68,68,69,69,71,69,72,66,71,71
[ 6015.302147] [AOA] Measurement: 0,1629140771.674270,08:55:31:70:ff:0a,2,1,1,0,128,376,87,855,936,368,813,910,362,572,70,5,195,855,65,200,526,988,61,426,897,662,69,705,38,82,275,548,969,747,823,389,238,52,53,56,52,57,63,59,54,59,58,59,64,57,60,65,58,67,59,59,64,67,69,62,66,64,64,64,66,70,61,71,69
[ 6015.343857] [AOA] Measurement: 0,1629140771.715984,08:55:31:70:ff:0a,2,1,1,0,128,855,946,855,911,936,964,947,440,91,238,424,976,257,881,694,311,404,873,1017,774,695,63,721,56,17,267,507,972,718,782,812,752,59,59,64,58,65,68,66,60,67,64,67,68,65,66,70,66,70,68,68,69,70,72,69,69,72,69,71,70,74,66,71,73
[ 6015.387527] [AOA] Measurement: 0,1629140771.759654,08:55:31:70:ff:0a,2,1,1,0,128,826,876,242,731,409,816,904,376,533,51,417,986,285,886,638,273,506,919,936,733,90,909,113,867,605,107,549,1017,726,788,554,345,58,58,63,57,62,68,66,61,66,62,66,68,62,67,68,64,71,66,66,68,70,70,67,69,71,70,73,70,75,67,69,72
[ 6015.425846] [AOA] Measurement: 0,1629140771.797974,08:55:31:70:ff:0a,2,1,1,0,128,354,98,836,922,923,8,384,530,75,236,1018,187,812,48,689,315,437,916,503,913,137,939,713,52,99,314,69,151,270,1006,424,158,64,65,68,62,66,69,69,64,68,67,68,71,66,67,68,66,73,69,69,72,72,72,70,71,72,69,71,70,74,66,70,72
[ 6015.469966] [AOA] Measurement: 0,1629140771.842089,08:55:31:70:ff:0a,2,1,1,0,128,872,929,306,720,413,814,444,581,560,22,980,160,856,76,212,530,915,50,948,738,693,107,662,1017,125,286,100,201,278,997,102,917,62,63,68,60,63,68,66,61,66,66,68,69,65,68,70,66,72,70,70,70,71,71,71,69,73,72,72,72,73,67,71,72
[ 6015.513718] [AOA] Measurement: 0,1629140771.885839,08:55:31:70:ff:0a,2,1,1,0,128,835,951,325,768,956,18,417,578,507,35,447,1020,317,923,647,294,446,894,973,716,189,979,711,26,145,323,72,153,721,779,375,155,60,61,64,57,66,70,67,62,66,64,69,70,66,67,68,65,72,68,69,71,72,69,70,70,72,70,73,71,73,69,70,71
[ 6015.564293] [AOA] Measurement: 0,1629140771.936415,08:55:31:70:ff:0a,2,1,1,0,128,854,937,875,951,973,11,464,619,55,246,401,975,330,894,255,552,964,38,492,930,613,36,127,860,628,120,166,256,296,994,992,674,65,65,69,62,68,69,69,65,68,68,70,70,67,69,66,69,69,69,69,68,70,65,69,66,70,69,70,69,69,70,66,70
[ 6015.609291] [AOA] Measurement: 0,1629140771.981419,08:55:31:70:ff:0a,2,1,1,0,128,805,916,253,733,363,813,836,332,521,6,415,986,282,865,643,276,375,873,923,702,149,902,162,883,135,329,160,244,303,1009,164,854,57,58,63,56,61,66,64,59,64,60,65,69,62,66,69,64,71,67,69,71,70,71,69,69,69,69,72,69,72,67,69,72
[ 6015.653571] [AOA] Measurement: 0,1629140772.025699,08:55:31:70:ff:0a,2,1,1,0,128,317,101,826,901,394,814,461,610,558,40,474,1012,852,33,196,483,481,889,951,745,691,68,696,45,81,304,105,202,245,996,128,845,56,58,61,54,60,63,63,56,61,60,64,65,62,62,68,60,67,61,63,65,66,70,62,67,66,63,67,66,70,60,70,69
[ 6015.697525] [AOA] Measurement: 0,1629140772.069653,08:55:31:70:ff:0a,2,1,1,0,128,331,107,322,758,920,1023,448,574,78,266,430,1021,905,86,170,467,1007,60,493,939,635,77,684,34,126,321,78,179,296,25,964,609,59,59,64,58,63,67,65,57,64,62,65,67,62,65,69,60,70,65,66,68,70,72,68,68,68,66,69,69,73,63,71,70
[ 6015.741102] [AOA] Measurement: 0,1629140772.113230,08:55:31:70:ff:0a,2,1,1,0,128,867,980,837,917,858,960,461,632,107,271,941,122,863,97,189,518,1008,68,532,953,691,92,728,53,124,294,128,179,279,981,323,44,53,54,58,52,60,62,58,53,58,59,60,64,58,60,67,57,67,59,59,63,65,70,63,66,65,65,65,67,70,63,71,70
[ 6015.780249] [AOA] Measurement: 0,1629140772.152373,08:55:31:70:ff:0a,2,1,1,0,128,828,908,289,703,420,801,913,403,543,26,954,123,327,930,172,513,414,865,970,740,709,112,708,49,150,352,92,160,307,978,847,635,63,64,66,61,66,69,69,62,67,65,71,71,66,67,68,65,69,68,68,68,71,68,71,68,72,72,73,71,73,69,71,72
[ 6015.822759] [AOA] Measurement: 0,1629140772.194887,08:55:31:70:ff:0a,2,1,1,0,128,371,116,259,720,416,837,394,554,114,262,1011,206,898,90,198,530,1,82,469,910,666,85,697,22,137,339,33,142,273,995,533,280,62,62,67,62,66,69,68,64,66,64,71,71,67,69,68,64,72,69,66,69,69,69,67,69,70,69,70,71,74,70,71,74
[ 6015.866139] [AOA] Measurement: 0,1629140772.238265,08:55:31:70:ff:0a,2,1,1,0,128,378,100,870,921,979,1021,481,605,565,85,994,163,831,73,140,480,977,60,552,969,694,85,745,70,190,365,131,191,314,2,846,492,59,60,64,58,61,65,63,56,62,61,63,68,60,65,68,61,69,65,66,67,68,70,67,67,69,65,69,69,71,65,71,70
[ 6015.909682] [AOA] Measurement: 0,1629140772.281809,08:55:31:70:ff:0a,2,1,1,0,128,781,892,333,781,949,1015,390,555,589,67,425,970,321,892,650,305,444,958,927,721,122,905,174,881,561,96,519,968,782,823,185,1005,63,63,64,60,67,70,67,63,66,65,69,71,66,68,69,67,71,67,69,69,72,71,72,68,70,69,71,72,74,67,71,71
[ 6015.948905] [AOA] Measurement: 0,1629140772.321032,08:55:31:70:ff:0a,2,1,1,0,128,378,137,848,915,997,29,476,603,88,225,982,152,282,882,254,514,997,65,943,721,709,97,683,23,627,140,49,140,730,806,771,595,56,54,59,53,59,64,61,55,62,60,63,65,61,63,67,62,69,61,64,68,69,71,66,67,68,66,70,68,73,62,70,71
[ 6015.992708] [AOA] Measurement: 0,1629140772.364835,08:55:31:70:ff:0a,2,1,1,0,128,821,918,271,746,383,813,933,406,550,30,374,978,275,865,644,276,433,893,992,779,753,134,707,44,120,305,135,186,266,989,350,174,62,64,67,60,67,71,67,64,67,67,70,71,68,68,69,70,72,70,70,71,72,69,71,68,72,69,72,69,71,69,68,71
[ 6016.032725] [AOA] Measurement: 0,1629140772.404848,08:55:31:70:ff:0a,2,1,1,0,128,772,888,283,724,447,844,914,423,539,34,447,1008,323,900,698,321,971,23,471,926,697,110,653,1,126,307,551,992,747,839,861,678,59,61,66,60,65,69,65,59,64,62,67,67,62,64,67,64,72,67,68,68,70,71,68,70,72,68,70,70,72,67,70,73
[ 6016.083119] [AOA] Measurement: 0,1629140772.455242,08:55:31:70:ff:0a,2,1,1,0,128,346,97,787,888,351,809,876,410,582,76,998,187,812,51,180,493,959,55,455,910,626,64,764,92,89,307,103,196,223,963,825,617,62,62,67,60,64,68,67,62,68,66,69,71,67,69,69,68,73,68,68,68,69,71,69,68,71,70,72,70,73,70,70,73
[ 6016.127383] [AOA] Measurement: 0,1629140772.499511,08:55:31:70:ff:0a,2,1,1,0,128,755,885,235,704,410,819,914,397,605,63,469,1018,884,78,209,498,992,90,453,921,658,88,122,860,619,141,521,968,731,816,811,536,66,66,69,66,68,69,72,67,72,69,72,73,68,71,67,68,73,72,71,72,70,68,71,67,72,70,72,70,68,68,65,71
[ 6016.166559] [AOA] Measurement: 0,1629140772.538686,08:55:31:70:ff:0a,2,1,1,0,128,372,121,828,931,912,990,444,593,555,41,440,2,341,903,245,539,975,61,463,918,689,102,693,27,141,321,147,194,270,996,755,547,62,64,66,61,63,69,68,62,66,66,69,71,67,65,68,67,72,69,71,69,70,68,69,68,71,68,73,70,70,69,67,68
[ 6016.208148] [AOA] Measurement: 0,1629140772.580270,08:55:31:70:ff:0a,2,1,1,0,128,808,905,310,759,895,998,463,592,88,237,991,166,857,71,199,520,5,97,532,928,636,84,681,33,107,318,112,158,261,1022,56,757,64,64,67,60,67,69,67,61,67,66,67,69,66,68,66,67,70,69,69,70,72,70,71,69,72,70,74,70,73,69,70,72
[ 6016.247161] [AOA] Measurement: 0,1629140772.619288,08:55:31:70:ff:0a,2,1,1,0,128,853,927,331,744,390,809,876,373,531,30,381,957,286,897,701,340,21,114,426,885,103,916,163,865,155,318,46,166,231,980,178,939,54,55,61,52,59,64,59,55,61,59,61,64,58,60,67,58,66,60,60,64,65,70,63,66,66,64,66,67,70,61,72,68
[ 6016.289012] [AOA] Measurement: 0,1629140772.661135,08:55:31:70:ff:0a,2,1,1,0,128,318,60,300,729,480,840,876,374,602,87,1003,153,334,902,191,507,1005,49,460,897,724,114,701,50,176,335,114,205,283,0,275,3,60,59,61,58,64,68,65,59,66,64,66,68,63,65,68,64,71,66,66,71,71,71,69,67,71,70,72,70,75,69,72,74
[ 6016.327765] [AOA] Measurement: 0,1629140772.699892,08:55:31:70:ff:0a,2,1,1,0,128,378,138,834,912,5,46,478,647,58,253,970,176,822,40,247,535,991,45,929,725,106,916,196,900,100,275,80,181,297,1015,945,619,62,62,66,58,64,66,66,61,64,63,65,68,63,66,69,63,72,66,68,67,69,71,69,68,68,66,68,70,72,64,71,72
[ 6016.366362] [AOA] Measurement: 0,1629140772.738489,08:55:31:70:ff:0a,2,1,1,0,128,356,103,867,940,384,810,953,420,566,58,25,207,796,1,188,485,1,68,546,953,721,142,698,42,126,305,118,179,282,1010,510,159,62,61,65,60,67,70,68,61,66,64,68,69,66,69,69,67,73,68,70,69,70,69,70,69,71,72,72,70,72,68,69,72
[ 6016.413062] [AOA] Measurement: 0,1629140772.785184,08:55:31:70:ff:0a,2,1,1,0,128,405,116,831,916,417,841,429,600,601,77,998,171,789,11,188,483,981,56,512,968,700,85,690,28,143,341,112,212,263,1012,661,329,62,63,67,61,67,70,66,62,67,65,67,69,66,67,70,66,72,67,68,71,70,71,70,68,70,69,71,71,73,68,71,72
[ 6016.457860] [AOA] Measurement: 0,1629140772.829991,08:55:31:70:ff:0a,2,1,1,0,128,811,903,289,722,453,832,453,576,124,257,1003,179,890,109,163,506,1008,78,470,899,660,76,727,62,143,346,110,207,298,1019,96,789,57,58,63,56,62,66,64,58,62,62,64,66,60,64,68,62,70,64,65,67,68,71,65,67,68,64,69,68,73,63,71,72
[ 6016.496513] [AOA] Measurement: 0,1629140772.868640,08:55:31:70:ff:0a,2,1,1,0,128,337,98,805,905,395,812,833,345,585,95,980,177,812,18,186,519,991,68,490,921,617,20,745,51,145,307,133,203,212,985,572,283,64,65,66,60,65,70,68,61,67,67,69,70,66,68,69,65,73,67,68,70,71,70,70,70,71,67,71,71,75,66,73,72
[ 6016.534472] [AOA] Measurement: 0,1629140772.906599,08:55:31:70:ff:0a,2,1,1,0,128,373,95,323,759,437,841,857,362,589,86,969,168,827,16,240,503,1005,84,528,940,689,118,736,58,174,365,48,135,243,997,128,877,59,60,64,58,63,68,66,59,64,61,67,71,65,65,68,64,70,66,68,69,71,72,69,69,71,69,73,71,73,68,72,71
[ 6016.575682] [AOA] Measurement: 0,1629140772.947806,08:55:31:70:ff:0a,2,1,1,0,128,349,84,294,732,954,974,482,667,33,226,988,173,255,859,673,298,434,875,967,720,140,924,94,828,593,95,577,1009,722,799,502,251,57,57,59,55,61,64,61,57,61,61,65,67,62,63,68,63,68,62,64,66,68,69,66,68,69,69,69,68,73,63,70,71
[ 6016.621503] [AOA] Measurement: 0,1629140772.993632,08:55:31:70:ff:0a,2,1,1,0,128,351,100,264,720,959,1004,873,333,512,62,408,966,274,893,657,298,442,873,939,707,112,938,713,24,595,147,44,178,308,1007,919,667,60,61,64,58,63,66,65,59,64,63,67,67,62,65,69,65,70,66,67,68,69,69,68,68,70,67,68,69,73,67,72,71
[ 6016.667116] [AOA] Measurement: 0,1629140773.039241,08:55:31:70:ff:0a,2,1,1,0,128,824,937,846,944,977,3,414,577,85,236,5,238,866,66,228,582,13,114,511,939,621,54,709,90,84,310,87,171,264,996,871,563,59,60,64,58,63,67,65,60,65,63,66,68,65,67,69,65,70,65,66,69,69,70,67,68,70,67,70,70,74,67,70,71
[ 6016.710021] [AOA] Measurement: 0,1629140773.082145,08:55:31:70:ff:0a,2,1,1,0,128,402,116,880,970,878,962,440,585,543,28,467,1018,847,58,615,270,484,924,963,718,86,878,177,892,580,106,585,1011,333,4,99,728,61,62,64,59,64,69,66,60,66,63,68,71,64,66,70,64,71,65,68,69,70,71,69,69,72,69,70,70,73,66,73,72
[ 6016.753765] [AOA] Measurement: 0,1629140773.125887,08:55:31:70:ff:0a,2,1,1,0,128,828,927,262,710,384,821,892,375,574,46,418,1010,289,903,679,313,463,913,942,714,48,886,140,831,639,119,85,161,696,777,571,361,67,66,69,64,68,69,70,65,69,69,70,72,69,69,69,69,71,71,70,71,71,68,71,67,72,69,72,70,74,69,70,73
[ 6016.804149] [AOA] Measurement: 0,1629140773.176272,08:55:31:70:ff:0a,2,1,1,0,128,382,95,839,922,962,1022,894,366,186,325,1010,169,913,140,211,559,944,47,511,943,129,924,193,903,78,293,86,163,719,817,344,196,68,66,68,63,69,70,69,65,69,68,73,72,68,69,67,68,70,70,70,70,70,67,71,69,71,69,70,69,72,67,66,70
[ 6016.849163] [AOA] Measurement: 0,1629140773.221291,08:55:31:70:ff:0a,2,1,1,0,128,353,96,801,905,400,820,881,371,571,46,980,130,832,78,149,487,78,113,452,926,671,81,687,51,145,319,24,110,752,815,355,139,63,63,66,60,65,67,68,64,67,66,69,69,64,66,66,64,70,69,70,69,71,69,70,68,71,72,71,70,70,68,68,70
[ 6016.893315] [AOA] Measurement: 0,1629140773.265444,08:55:31:70:ff:0a,2,1,1,0,128,317,74,894,973,967,1022,473,610,66,286,986,165,819,61,671,333,455,908,456,931,102,909,754,68,103,290,109,185,285,1018,721,407,62,62,66,61,64,67,68,62,68,66,70,71,66,68,68,66,71,68,69,69,70,69,70,66,71,67,71,70,71,68,66,69
[ 6016.937311] [AOA] Measurement: 0,1629140773.309441,08:55:31:70:ff:0a,2,1,1,0,128,388,93,844,958,912,980,905,384,84,248,439,998,255,849,736,343,951,39,1002,754,105,917,163,857,592,135,563,1019,242,1007,690,342,63,63,67,63,68,68,69,64,68,66,69,70,67,69,68,69,72,69,71,70,70,69,71,69,73,71,73,72,72,71,68,72
[ 6016.981392] [AOA] Measurement: 0,1629140773.353521,08:55:31:70:ff:0a,2,1,1,0,128,881,988,290,752,404,787,476,578,166,306,981,180,887,95,209,513,1003,67,456,919,687,93,704,19,149,331,51,140,748,796,729,504,59,59,63,57,63,68,66,61,65,65,69,70,64,68,69,66,71,68,69,68,70,69,68,68,71,71,71,71,71,67,70,70
[ 6017.023578] [AOA] Measurement: 0,1629140773.395677,08:55:31:70:ff:0a,2,1,1,0,128,839,939,821,903,413,804,891,376,570,49,339,960,307,888,671,298,452,893,987,742,74,879,172,861,142,343,67,152,266,984,363,124,61,62,65,60,66,68,65,62,65,65,67,68,65,67,69,65,72,68,69,70,70,69,68,68,71,69,70,69,72,67,68,71
[ 6017.072971] [AOA] Measurement: 0,1629140773.445098,08:55:31:70:ff:0a,2,1,1,0,128,333,71,821,931,382,799,419,589,523,55,986,175,836,49,647,289,441,905,992,729,117,930,105,835,576,83,537,960,703,770,443,283,63,62,67,61,69,69,67,65,67,66,68,71,66,68,67,67,71,71,67,70,72,70,70,69,72,68,69,69,72,66,69,72
[ 6017.118288] [AOA] Measurement: 0,1629140773.490416,08:55:31:70:ff:0a,2,1,1,0,128,823,915,251,694,423,849,941,390,544,23,451,958,315,904,580,210,504,937,990,766,77,893,677,5,588,107,520,944,776,809,287,184,62,61,65,60,66,67,67,61,69,67,71,69,67,68,69,66,71,67,69,71,70,68,69,69,71,69,71,69,73,68,72,72
[ 6017.162755] [AOA] Measurement: 0,1629140773.534879,08:55:31:70:ff:0a,2,1,1,0,128,387,141,821,921,939,22,458,606,34,229,18,215,828,97,199,526,1001,45,500,893,688,86,692,1,81,294,85,174,273,1013,611,229,61,62,65,62,64,68,67,62,65,64,68,67,66,67,69,65,71,69,69,71,70,70,70,68,72,70,72,70,72,69,71,72
[ 6017.213047] [AOA] Measurement: 0,1629140773.585173,08:55:31:70:ff:0a,2,1,1,0,128,802,912,356,773,419,822,497,637,73,221,1014,181,825,39,246,544,978,42,488,933,94,896,204,895,113,333,152,245,254,993,726,468,64,63,67,62,65,70,69,64,70,67,71,71,66,69,68,68,73,70,70,70,72,71,71,69,73,72,74,71,72,68,70,72
[ 6017.268383] [AOA] Measurement: 0,1629140773.640508,08:55:31:70:ff:0a,2,1,1,0,128,794,910,336,785,393,815,890,375,498,1012,416,974,277,891,679,311,454,896,1009,757,96,918,209,871,558,70,568,1016,229,965,576,261,62,63,69,61,67,70,68,64,69,66,72,70,66,68,68,66,72,69,70,70,71,68,70,67,71,71,73,71,72,71,69,71
[ 6017.312205] [AOA] Measurement: 0,1629140773.684330,08:55:31:70:ff:0a,2,1,1,0,128,828,889,262,702,354,760,875,384,514,7,395,971,301,914,673,301,1010,57,472,908,654,80,731,86,581,93,122,188,188,957,539,374,64,64,65,59,67,70,66,63,68,67,71,68,66,68,69,69,73,68,70,71,71,69,71,68,72,71,71,69,71,68,68,71
[ 6017.361025] [AOA] Measurement: 0,1629140773.733154,08:55:31:70:ff:0a,2,1,1,0,128,341,115,860,934,944,12,449,623,120,250,1006,165,842,101,247,560,969,61,512,953,692,106,728,58,114,354,61,145,249,1009,185,933,58,58,64,56,64,68,64,59,62,62,67,68,62,65,66,62,72,67,67,69,70,72,69,69,70,69,70,69,73,65,72,73
[ 6017.402493] [AOA] Measurement: 0,1629140773.774623,08:55:31:70:ff:0a,2,1,1,0,128,838,927,262,690,404,828,903,370,501,15,430,973,297,894,651,288,414,859,956,736,97,902,171,884,661,170,125,189,268,1016,172,945,57,58,62,55,60,65,63,56,61,60,64,67,60,61,68,63,69,65,64,66,69,71,68,67,68,68,68,68,72,64,71,71
[ 6017.448650] [AOA] Measurement: 0,1629140773.820774,08:55:31:70:ff:0a,2,1,1,0,128,351,95,865,942,900,977,413,574,36,218,1010,169,862,74,240,520,955,30,508,973,636,83,772,64,129,283,110,180,241,995,992,690,66,65,67,61,67,72,69,65,69,68,69,69,66,70,69,66,70,70,69,71,72,70,69,68,71,71,72,72,73,69,70,72
[ 6017.498764] [AOA] Measurement: 0,1629140773.870895,08:55:31:70:ff:0a,2,1,1,0,128,853,911,301,726,370,785,875,352,578,72,412,992,242,860,603,253,400,837,972,729,106,905,152,888,624,162,562,992,292,1013,570,375,64,65,68,63,67,71,68,64,69,66,69,71,67,69,68,65,73,69,71,69,71,69,69,69,71,70,71,72,73,70,71,71
[ 6017.537783] [AOA] Measurement: 0,1629140773.909911,08:55:31:70:ff:0a,2,1,1,0,128,825,938,286,742,399,790,967,440,561,24,472,1017,295,893,765,374,402,886,943,721,69,878,114,858,623,182,62,159,306,2,649,377,56,58,63,57,61,66,63,59,65,63,67,68,61,65,70,64,71,66,67,68,69,71,68,69,71,66,69,70,74,66,72,73
[ 6017.582551] [AOA] Measurement: 0,1629140773.954675,08:55:31:70:ff:0a,2,1,1,0,128,317,77,860,957,958,5,415,586,72,243,987,144,870,52,179,484,998,78,521,967,647,54,718,42,117,315,69,188,264,991,426,144,55,57,60,53,60,65,62,54,62,59,64,65,59,61,67,60,69,61,65,64,68,72,66,68,68,64,68,69,72,64,71,71
[ 6017.631065] [AOA] Measurement: 0,1629140774.003193,08:55:31:70:ff:0a,2,1,1,0,128,835,926,335,741,405,814,914,382,594,56,423,965,289,876,648,288,416,874,950,703,137,933,697,26,593,132,105,178,714,799,164,901,60,60,64,58,63,67,65,56,65,61,64,68,63,66,69,63,72,66,67,68,69,72,67,70,70,70,71,72,74,67,73,70
[ 6017.670957] [AOA] Measurement: 0,1629140774.043082,08:55:31:70:ff:0a,2,1,1,0,128,824,894,290,732,380,815,891,365,477,1017,429,973,259,841,649,286,411,864,43,769,634,39,738,74,102,270,557,1007,737,804,635,426,58,60,64,58,62,66,64,57,64,61,66,68,63,66,70,63,72,67,66,68,70,71,69,69,70,68,71,72,74,68,72,73
[ 6017.719584] [AOA] Measurement: 0,1629140774.091713,08:55:31:70:ff:0a,2,1,1,0,128,891,961,843,931,388,793,952,438,591,73,453,985,253,873,695,299,9,82,458,886,127,910,165,837,593,103,519,975,791,841,187,1022,62,63,66,61,66,68,68,62,66,66,69,71,68,70,70,68,73,71,68,70,70,71,71,70,72,70,71,71,72,70,71,71
[ 6017.761468] [AOA] Measurement: 0,1629140774.133591,08:55:31:70:ff:0a,2,1,1,0,128,358,112,845,928,993,9,451,623,59,262,435,990,346,932,653,302,993,63,493,903,666,69,716,58,189,376,150,208,270,14,808,399,58,59,63,57,62,67,64,56,64,61,64,65,61,63,68,59,68,62,63,64,67,71,66,68,68,64,67,66,71,63,70,68
[ 6017.812113] [AOA] Measurement: 0,1629140774.184238,08:55:31:70:ff:0a,2,1,1,0,128,767,876,318,729,398,803,943,396,600,72,961,156,796,38,625,274,420,856,926,692,119,902,186,866,616,144,77,144,253,1004,272,1019,64,65,67,61,68,69,66,62,66,66,70,70,67,71,67,69,72,72,70,72,69,68,71,68,72,70,72,70,70,71,68,71
[ 6017.860266] [AOA] Measurement: 0,1629140774.232394,08:55:31:70:ff:0a,2,1,1,0,128,352,78,840,933,965,17,880,366,109,229,17,221,792,7,198,516,413,871,968,734,682,106,692,45,179,332,73,130,284,1007,375,98,63,63,67,61,65,69,67,62,67,66,71,68,67,67,68,66,71,70,69,70,71,70,71,67,72,70,71,70,72,69,67,70
[ 6017.898870] [AOA] Measurement: 0,1629140774.271001,08:55:31:70:ff:0a,2,1,1,0,128,408,127,776,912,404,804,955,435,121,256,1013,181,846,76,146,460,989,50,479,935,632,81,716,31,91,297,590,1005,742,812,499,329,61,60,65,59,64,68,66,60,65,64,69,70,63,66,68,64,71,65,66,70,70,71,68,69,69,67,70,70,73,65,70,72
[ 6017.944544] [AOA] Measurement: 0,1629140774.316666,08:55:31:70:ff:0a,2,1,1,0,128,334,88,854,948,965,1,530,655,134,258,37,208,851,61,180,514,1019,105,492,923,694,74,712,32,165,350,70,147,296,1010,144,891,68,66,68,62,67,71,70,66,70,67,72,72,67,69,69,67,71,70,69,72,72,69,73,67,73,71,73,71,72,71,70,71
[ 6017.998481] [AOA] Measurement: 0,1629140774.370606,08:55:31:70:ff:0a,2,1,1,0,128,372,122,878,961,946,1002,493,584,111,267,30,232,894,76,229,529,438,933,492,897,635,65,741,47,96,282,124,179,303,1011,855,555,57,57,61,55,64,67,63,56,62,60,65,69,62,63,68,63,69,65,63,68,66,73,65,70,70,66,69,70,73,65,71,73
[ 6018.041887] [AOA] Measurement: 0,1629140774.414015,08:55:31:70:ff:0a,2,1,1,0,128,354,97,831,935,973,1020,458,616,114,272,998,188,818,78,176,470,1008,87,506,942,673,81,144,867,104,275,98,185,337,8,89,836,62,62,65,59,64,68,67,61,65,65,68,68,66,68,70,65,72,68,67,69,70,69,70,70,71,69,73,69,73,68,70,74
[ 6018.080583] [AOA] Measurement: 0,1629140774.452707,08:55:31:70:ff:0a,2,1,1,0,128,338,111,820,914,427,845,464,608,30,211,5,170,843,31,711,339,1000,62,471,880,100,904,668,19,93,286,511,953,773,801,744,499,66,67,68,63,69,69,68,65,69,67,73,70,66,70,64,68,71,70,71,71,68,63,69,66,72,69,69,68,68,70,64,68
[ 6018.123613] [AOA] Measurement: 0,1629140774.495744,08:55:31:70:ff:0a,2,1,1,0,128,807,897,303,748,386,846,928,382,527,32,429,1008,847,77,615,242,429,894,968,721,80,883,182,890,606,124,89,193,304,17,800,420,62,63,67,63,66,71,69,66,68,67,69,72,67,69,69,67,73,70,71,69,72,69,70,69,71,71,73,71,71,69,67,71
[ 6018.166934] [AOA] Measurement: 0,1629140774.539062,08:55:31:70:ff:0a,2,1,1,0,128,833,943,259,704,374,789,864,362,564,42,398,956,323,905,722,372,1012,71,473,898,130,905,175,823,572,105,106,150,768,805,403,245,60,61,63,58,64,69,66,62,68,65,68,70,66,67,68,65,71,67,70,70,71,70,70,68,72,70,73,70,72,70,70,71
