
[14307.861293] [AOA] Measurement: 0,1627141925.238115,08:55:31:9b:05:29,2,1,2,0,128,1020,98,954,861,331,817,55,587,912,424,999,673,117,35,538,676,470,101,152,713,636,549,824,293,388,715,136,52,186,559,1018,320,93,84,34,105,62,66,95,30,137,107,129,47,50,79,38,109,89,102,65,108,44,82,37,28,140,86,133,40,101,130,56,128
[14307.909566] [AOA] Measurement: 0,1627141925.286395,08:55:31:9b:05:29,2,1,2,0,128,595,376,525,52,832,984,552,738,978,480,885,603,61,1011,530,646,899,882,712,511,77,320,841,262,305,617,603,860,680,372,310,726,87,71,25,97,54,60,89,26,129,105,137,44,49,77,35,105,83,96,60,98,44,80,37,28,139,86,131,41,100,127,55,149
[14307.948478] [AOA] Measurement: 0,1627141925.325306,08:55:31:9b:05:29,2,1,2,0,128,631,362,432,22,807,942,540,765,975,481,947,700,77,1015,566,706,447,64,166,713,554,489,917,310,349,712,164,80,187,550,186,557,89,73,28,97,57,63,90,29,130,105,127,44,48,79,36,106,85,94,61,105,43,81,37,27,129,84,132,38,97,129,55,134
[14307.994446] [AOA] Measurement: 0,1627141925.371268,08:55:31:9b:05:29,2,1,2,0,128,599,319,504,63,830,982,491,735,372,238,313,391,573,823,980,446,927,946,633,494,681,563,350,123,337,678,105,8,252,605,499,807,93,81,31,103,62,66,93,31,134,105,139,47,51,79,39,108,89,101,63,110,45,84,38,27,140,84,127,39,97,128,55,136
[14308.048256] [AOA] Measurement: 0,1627141925.425079,08:55:31:9b:05:29,2,1,2,0,128,597,346,525,25,807,979,984,554,325,215,367,427,38,975,1007,490,854,878,659,511,104,354,257,33,870,518,622,858,717,407,167,466,81,66,22,92,51,58,83,25,121,101,129,42,46,75,35,104,78,91,60,96,43,77,37,28,133,86,128,40,100,129,54,141
[14308.092028] [AOA] Measurement: 0,1627141925.468851,08:55:31:9b:05:29,2,1,2,0,128,49,67,930,863,348,845,1001,551,450,299,912,602,31,1004,579,680,498,119,235,752,637,548,819,259,806,480,623,840,242,577,887,141,92,76,29,101,59,63,91,29,133,105,143,46,50,79,37,108,87,97,62,108,45,81,38,28,128,85,127,39,99,128,55,129
[14308.143082] [AOA] Measurement: 0,1627141925.519904,08:55:31:9b:05:29,2,1,2,0,128,10,140,914,814,285,781,973,538,370,191,348,383,542,821,24,520,895,899,239,738,591,474,875,277,805,489,626,895,687,365,519,974,89,72,26,100,57,62,90,27,126,106,134,44,46,77,37,105,82,93,60,98,43,80,38,29,135,88,132,41,100,127,54,142
[14308.184389] [AOA] Measurement: 0,1627141925.561217,08:55:31:9b:05:29,2,1,2,0,128,580,300,481,65,836,968,541,749,913,416,322,406,566,795,964,426,987,965,605,477,107,353,898,325,325,635,588,836,695,361,766,146,88,71,28,98,57,62,90,28,130,106,127,44,47,77,37,106,83,94,60,99,44,79,38,30,138,86,134,41,99,129,54,148
[14308.228608] [AOA] Measurement: 0,1627141925.605435,08:55:31:9b:05:29,2,1,2,0,128,642,356,541,40,811,951,1006,555,379,248,355,407,548,800,524,732,886,903,684,540,69,315,859,323,309,641,197,60,187,581,149,464,95,80,31,105,63,66,95,30,129,107,145,46,50,80,38,109,87,99,64,106,46,84,38,27,142,88,134,40,100,128,55,135
[14308.270900] [AOA] Measurement: 0,1627141925.647723,08:55:31:9b:05:29,2,1,2,0,128,2,77,938,874,309,819,1012,549,993,488,912,641,64,999,906,380,926,901,613,516,697,533,895,291,719,361,571,813,582,266,483,22,91,76,28,101,57,64,91,29,128,106,141,47,50,81,37,109,86,100,64,106,45,83,37,27,127,86,128,39,98,130,54,148
[14308.316457] [AOA] Measurement: 0,1627141925.693286,08:55:31:9b:05:29,2,1,2,0,128,621,343,480,40,820,968,957,497,417,235,344,374,565,840,492,635,940,944,570,463,118,333,266,57,825,442,569,845,693,365,241,681,94,80,31,103,62,65,93,28,131,104,139,45,50,78,36,108,88,100,64,106,44,83,39,27,130,83,130,40,98,128,56,142
[14308.359831] [AOA] Measurement: 0,1627141925.736653,08:55:31:9b:05:29,2,1,2,0,128,604,359,516,69,875,994,484,704,50,565,959,680,91,11,539,679,446,86,175,749,675,590,1000,372,428,712,188,119,203,543,399,673,95,81,33,105,62,67,96,29,129,108,128,47,49,80,38,109,87,100,64,109,46,84,39,27,135,85,133,42,100,130,56,139
[14308.404804] [AOA] Measurement: 0,1627141925.781632,08:55:31:9b:05:29,2,1,2,0,128,583,320,492,17,926,1017,588,792,17,529,900,611,487,775,983,401,918,921,119,695,624,506,309,83,850,494,134,33,285,611,468,714,95,86,33,104,62,67,97,30,129,107,133,48,50,80,39,110,90,101,65,108,45,84,38,27,127,87,129,40,102,131,56,128
[14308.449513] [AOA] Measurement: 0,1627141925.826336,08:55:31:9b:05:29,2,1,2,0,128,70,126,939,875,287,806,942,470,483,327,346,424,525,769,1023,437,446,75,622,526,87,309,324,107,407,693,537,829,645,312,814,228,94,82,32,106,62,67,95,29,127,106,128,46,49,78,36,106,90,98,66,110,46,83,38,26,137,81,125,38,94,127,55,133
[14308.492881] [AOA] Measurement: 0,1627141925.869703,08:55:31:9b:05:29,2,1,2,0,128,557,324,545,72,819,982,545,804,986,508,968,680,107,3,618,738,479,133,211,768,618,531,863,278,793,466,578,853,716,362,872,249,95,83,33,105,62,65,95,31,138,103,127,48,51,80,37,110,90,102,64,109,45,83,38,26,138,81,126,39,96,126,56,144
[14308.543590] [AOA] Measurement: 0,1627141925.920412,08:55:31:9b:05:29,2,1,2,0,128,59,141,995,872,316,804,1007,539,361,227,296,357,557,843,1006,470,920,904,195,700,644,542,896,294,780,428,590,876,655,311,183,712,89,87,39,99,64,63,91,32,131,91,138,46,49,71,33,98,86,93,58,106,44,75,33,21,122,66,104,34,75,107,48,126
[14308.590016] [AOA] Measurement: 0,1627141925.966844,08:55:31:9b:05:29,2,1,2,0,128,627,321,549,81,884,1021,593,795,945,437,905,620,42,995,997,445,459,90,151,697,20,279,911,276,397,678,568,824,280,632,92,345,95,79,32,104,62,66,92,30,128,105,129,47,49,78,38,108,88,100,64,106,45,84,38,28,141,84,131,41,97,129,55,148
[14308.635120] [AOA] Measurement: 0,1627141926.011948,08:55:31:9b:05:29,2,1,2,0,128,621,317,496,58,848,985,1007,578,398,268,374,450,83,1015,573,734,490,132,141,701,639,510,296,109,821,458,588,851,681,329,83,404,95,77,31,104,62,65,93,29,128,109,142,45,47,78,37,111,87,102,64,108,46,85,38,27,134,88,133,41,100,129,57,127
[14308.680505] [AOA] Measurement: 0,1627141926.057327,08:55:31:9b:05:29,2,1,2,0,128,643,342,458,17,843,983,978,555,419,253,305,407,83,1021,503,645,506,136,261,770,660,562,952,354,407,672,149,81,288,622,830,31,94,82,32,107,61,65,95,30,136,107,137,47,51,82,38,109,88,98,65,107,46,84,39,27,131,86,133,40,98,130,56,149
[14308.722687] [AOA] Measurement: 0,1627141926.099513,08:55:31:9b:05:29,2,1,2,0,128,587,359,491,8,323,822,548,746,978,491,991,681,166,58,539,718,449,108,152,690,645,506,865,241,400,702,108,39,283,602,600,817,94,82,32,105,60,67,94,29,137,106,143,48,49,79,38,110,89,100,65,107,45,83,39,28,142,87,131,40,98,129,57,151
[14308.767101] [AOA] Measurement: 0,1627141926.143930,08:55:31:9b:05:29,2,1,2,0,128,628,358,515,41,902,15,561,784,974,471,883,625,97,19,621,735,457,113,177,730,592,496,875,298,366,703,185,101,277,639,13,196,95,82,33,106,64,68,95,31,135,107,130,47,50,79,38,109,90,101,65,109,46,85,38,28,129,86,132,40,99,129,56,136
[14308.814098] [AOA] Measurement: 0,1627141926.190920,08:55:31:9b:05:29,2,1,2,0,128,616,319,398,1020,924,30,507,738,999,512,898,626,89,31,508,613,892,919,631,477,42,310,323,64,340,704,139,30,237,617,640,850,73,83,43,83,57,51,73,27,113,64,116,41,43,60,27,79,79,84,50,94,38,64,28,16,103,54,83,30,62,91,43,112
[14308.853926] [AOA] Measurement: 0,1627141926.230755,08:55:31:9b:05:29,2,1,2,0,128,605,333,476,18,263,779,24,600,986,510,955,673,64,13,490,609,898,926,668,542,85,298,349,113,836,470,601,874,240,582,611,978,95,84,35,105,63,66,94,29,136,101,145,46,51,77,35,106,87,100,63,107,44,79,37,25,132,78,121,39,90,121,53,142
[14308.897949] [AOA] Measurement: 0,1627141926.274778,08:55:31:9b:05:29,2,1,2,0,128,43,130,454,33,933,3,492,696,919,444,277,405,556,840,505,648,562,148,164,728,670,559,921,320,366,641,585,851,671,330,844,217,94,90,37,103,64,64,92,31,135,94,142,47,50,76,33,99,91,97,62,109,43,76,34,22,126,70,106,36,80,113,50,133
[14308.945350] [AOA] Measurement: 0,1627141926.322179,08:55:31:9b:05:29,2,1,2,0,128,43,146,503,38,894,26,508,766,980,540,835,564,485,759,918,389,951,901,683,508,661,537,847,259,764,425,614,835,728,352,643,1023,91,78,30,101,60,65,93,28,134,105,142,46,50,77,37,106,88,100,63,108,44,80,36,25,134,80,125,39,93,128,55,137
[14308.990500] [AOA] Measurement: 0,1627141926.367328,08:55:31:9b:05:29,2,1,2,0,128,597,351,490,22,833,988,1008,564,964,472,958,653,16,1003,532,627,955,958,172,747,675,533,841,293,362,673,634,866,684,326,68,443,92,83,33,103,61,65,94,31,136,101,127,47,51,80,37,109,90,101,64,110,45,81,35,26,134,80,121,38,88,120,53,142
[14309.035425] [AOA] Measurement: 0,1627141926.412254,08:55:31:9b:05:29,2,1,2,0,128,665,423,508,34,911,1021,543,765,949,478,942,648,77,20,553,698,511,135,174,730,633,555,912,336,378,666,189,57,255,621,846,42,94,83,33,101,62,65,95,31,139,105,146,47,50,81,38,106,91,100,65,108,45,83,39,26,139,84,126,37,94,126,54,140
[14309.086650] [AOA] Measurement: 0,1627141926.463479,08:55:31:9b:05:29,2,1,2,0,128,660,365,485,73,819,960,516,751,365,235,281,342,565,832,520,649,934,922,213,762,670,532,937,358,368,686,145,33,645,327,981,490,98,84,35,106,63,67,95,32,129,104,137,48,50,79,36,106,90,101,63,109,46,84,37,25,138,80,126,40,92,124,55,144
[14309.133400] [AOA] Measurement: 0,1627141926.510222,08:55:31:9b:05:29,2,1,2,0,128,16,140,959,839,274,816,956,513,369,242,393,480,56,964,537,663,993,958,140,722,606,481,902,310,353,665,159,32,266,646,860,83,94,78,30,104,60,65,91,28,135,103,144,47,51,80,39,110,89,102,65,110,46,82,38,28,139,85,130,41,96,127,56,151
[14309.179657] [AOA] Measurement: 0,1627141926.556485,08:55:31:9b:05:29,2,1,2,0,128,59,167,528,70,900,1023,563,764,954,490,962,679,26,997,521,648,501,103,202,747,598,519,282,61,860,486,602,904,686,371,655,41,94,79,32,104,62,66,96,30,138,108,134,49,52,80,39,109,90,100,66,109,46,83,39,27,142,85,131,41,98,130,53,128
[14309.224162] [AOA] Measurement: 0,1627141926.600991,08:55:31:9b:05:29,2,1,2,0,128,560,320,492,39,823,957,580,783,340,192,367,430,583,868,501,634,944,937,144,703,62,309,342,96,474,729,221,33,234,577,536,818,97,83,32,104,61,66,94,29,127,108,132,47,51,82,37,110,90,101,65,108,47,84,40,29,135,87,134,40,99,129,56,150
[14309.268446] [AOA] Measurement: 0,1627141926.645273,08:55:31:9b:05:29,2,1,2,0,128,617,325,501,47,868,1021,511,742,952,463,918,651,78,1008,523,677,442,92,626,469,20,293,278,71,787,432,182,31,209,577,246,589,95,84,34,105,64,67,96,29,130,105,147,47,50,79,38,108,92,102,66,110,47,84,38,26,141,82,129,40,96,126,55,146
[14309.313065] [AOA] Measurement: 0,1627141926.689892,08:55:31:9b:05:29,2,1,2,0,128,25,131,885,824,326,813,28,537,427,280,348,396,486,812,977,411,1011,960,165,716,671,544,871,216,777,426,173,37,256,572,855,225,93,76,29,103,59,64,93,28,128,109,132,47,50,80,36,111,86,97,63,105,45,83,39,29,138,88,134,40,97,127,55,152
[14309.364651] [AOA] Measurement: 0,1627141926.741474,08:55:31:9b:05:29,2,1,2,0,128,548,278,451,1011,263,758,1018,529,994,491,283,408,460,803,953,419,908,898,604,439,103,320,292,72,823,433,614,880,171,541,592,9,79,58,22,84,46,55,77,23,116,97,123,39,42,69,34,100,71,89,54,93,41,71,35,28,132,88,132,39,99,126,53,149
[14309.420012] [AOA] Measurement: 0,1627141926.796835,08:55:31:9b:05:29,2,1,2,0,128,556,291,976,854,302,809,543,774,417,279,972,663,17,982,580,726,496,113,263,750,664,554,911,336,339,674,168,56,181,584,646,935,85,70,26,97,53,61,89,27,125,105,132,43,46,77,36,106,83,93,61,100,43,81,36,28,137,85,134,40,99,127,54,148
[14309.463892] [AOA] Measurement: 0,1627141926.840713,08:55:31:9b:05:29,2,1,2,0,128,569,333,949,847,896,999,484,697,454,273,261,389,525,814,976,389,910,895,599,438,53,293,341,94,853,455,624,864,709,385,160,505,94,85,34,104,64,66,96,31,138,106,130,46,50,81,37,108,91,103,67,111,48,85,39,27,136,83,123,40,93,127,56,145
[14309.511550] [AOA] Measurement: 0,1627141926.888376,08:55:31:9b:05:29,2,1,2,0,128,621,367,478,13,856,999,490,696,350,237,307,391,535,851,980,436,929,954,224,747,648,564,912,313,356,678,577,840,671,338,592,12,88,68,25,97,52,60,84,26,122,103,132,43,46,75,35,105,79,90,57,92,41,76,37,28,127,86,131,40,96,122,51,143
[14309.552864] [AOA] Measurement: 0,1627141926.929690,08:55:31:9b:05:29,2,1,2,0,128,48,154,954,843,295,795,952,527,413,268,286,362,575,845,511,681,421,93,175,709,627,507,318,81,343,682,84,16,581,260,466,871,93,87,36,103,62,64,93,31,129,93,138,46,49,74,35,99,88,95,61,106,41,75,33,21,127,67,107,34,76,109,49,127
[14309.602725] [AOA] Measurement: 0,1627141926.979552,08:55:31:9b:05:29,2,1,2,0,128,57,147,437,1002,315,815,585,764,1007,491,958,645,105,12,544,676,474,90,131,672,663,515,888,293,385,703,178,48,190,542,781,56,94,81,32,106,61,66,95,31,137,109,127,47,50,81,37,110,89,98,66,108,47,82,38,27,141,87,136,40,99,129,55,151
[14309.653390] [AOA] Measurement: 0,1627141927.030215,08:55:31:9b:05:29,2,1,2,0,128,35,103,941,850,885,994,585,795,959,454,912,654,7,947,988,433,972,942,701,523,65,313,940,350,409,732,77,995,685,395,281,786,79,60,21,88,48,57,81,24,116,99,127,39,42,70,35,101,73,85,53,90,41,76,37,28,129,84,128,38,96,122,49,142
[14309.704509] [AOA] Measurement: 0,1627141927.081332,08:55:31:9b:05:29,2,1,2,0,128,57,141,881,848,303,763,942,472,461,276,935,640,71,999,487,609,399,70,615,515,72,346,824,241,829,462,608,847,715,384,149,546,91,78,30,102,60,65,94,29,129,107,143,47,49,80,38,109,86,99,65,110,44,82,37,27,138,84,130,40,95,130,55,129
[14309.749028] [AOA] Measurement: 0,1627141927.125855,08:55:31:9b:05:29,2,1,2,0,128,607,344,497,61,847,986,552,766,1023,531,955,654,62,977,502,641,901,884,572,483,96,335,347,133,338,646,131,42,232,582,122,381,94,81,30,104,61,64,94,29,136,105,137,48,49,78,35,107,88,100,65,105,44,80,37,28,129,85,130,40,95,127,56,134
[14309.792496] [AOA] Measurement: 0,1627141927.169323,08:55:31:9b:05:29,2,1,2,0,128,656,387,395,994,861,1,485,715,348,239,971,618,515,769,47,462,955,955,708,538,617,557,898,285,359,672,111,22,198,601,70,412,91,75,29,101,58,64,91,28,131,108,140,43,47,77,36,108,83,96,62,101,45,83,37,29,138,87,137,40,100,129,56,131
[14309.835866] [AOA] Measurement: 0,1627141927.212693,08:55:31:9b:05:29,2,1,2,0,128,531,299,500,33,852,1015,519,748,962,480,917,654,80,1006,592,713,430,112,212,768,579,519,319,86,778,421,612,880,255,623,599,950,91,73,25,100,56,60,87,26,128,106,134,44,46,76,37,106,82,92,59,100,44,79,38,29,127,85,127,40,101,127,53,141
[14309.875290] [AOA] Measurement: 0,1627141927.252114,08:55:31:9b:05:29,2,1,2,0,128,47,96,983,866,857,985,522,743,341,246,382,366,549,821,492,652,939,929,650,483,57,271,291,75,340,673,54,1000,669,326,887,285,95,85,34,106,64,67,95,31,140,105,138,48,50,80,38,108,92,103,67,111,45,81,38,26,127,83,124,38,93,126,55,146
[14309.925710] [AOA] Measurement: 0,1627141927.302535,08:55:31:9b:05:29,2,1,2,0,128,662,370,450,42,882,5,1002,561,1008,514,918,613,85,12,504,629,443,122,170,704,605,506,834,263,338,666,558,855,669,349,595,1011,85,64,22,92,50,57,81,23,115,101,124,39,43,71,35,101,73,86,56,89,41,74,34,29,128,84,131,39,97,122,50,136
[14309.972003] [AOA] Measurement: 0,1627141927.348829,08:55:31:9b:05:29,2,1,2,0,128,553,299,483,12,239,791,1005,520,373,240,376,450,93,1020,547,666,475,136,197,739,582,496,319,58,397,667,597,867,639,326,235,612,94,86,35,107,63,65,94,30,136,102,147,48,51,80,37,108,91,102,64,110,46,84,38,26,140,83,128,41,94,128,56,134
[14310.022823] [AOA] Measurement: 0,1627141927.399648,08:55:31:9b:05:29,2,1,2,0,128,582,331,526,66,932,18,532,750,362,247,909,643,123,10,548,679,492,126,160,715,682,581,922,300,354,688,76,9,179,533,742,131,90,73,27,97,54,61,88,26,129,103,135,42,46,77,36,107,84,96,61,103,44,82,37,28,136,85,132,39,95,128,53,128
[14310.073040] [AOA] Measurement: 0,1627141927.449862,08:55:31:9b:05:29,2,1,2,0,128,651,349,453,13,860,1009,490,716,472,311,353,400,526,824,11,518,384,35,675,512,87,335,885,268,364,648,590,855,238,611,99,366,93,78,31,101,60,64,91,31,136,105,143,48,50,81,37,111,88,100,65,109,45,85,39,26,138,85,131,39,98,128,56,128
[14310.114115] [AOA] Measurement: 0,1627141927.490942,08:55:31:9b:05:29,2,1,2,0,128,631,331,499,66,868,3,500,774,2,516,926,646,59,12,575,707,453,99,142,702,670,543,863,240,847,488,643,848,223,544,390,680,96,84,35,107,65,66,96,31,135,105,145,48,50,78,37,108,91,101,67,112,49,83,37,26,136,82,126,38,94,128,56,148
[14310.158766] [AOA] Measurement: 0,1627141927.535593,08:55:31:9b:05:29,2,1,2,0,128,1008,87,970,881,321,821,561,759,1014,521,854,578,84,1023,562,682,934,939,606,516,728,573,816,277,380,649,130,8,146,510,104,485,94,82,32,102,61,65,94,29,135,106,143,46,51,79,39,108,90,100,65,111,47,85,39,27,141,86,130,39,96,127,55,143
[14310.203690] [AOA] Measurement: 0,1627141927.580516,08:55:31:9b:05:29,2,1,2,0,128,601,301,967,869,301,824,613,805,972,483,911,615,538,831,1001,457,918,924,668,470,167,401,871,281,367,688,154,26,169,535,502,906,85,65,24,94,52,60,83,24,118,105,130,42,45,75,36,106,79,93,59,97,44,78,36,28,135,87,134,40,97,128,52,138
[14310.247023] [AOA] Measurement: 0,1627141927.623849,08:55:31:9b:05:29,2,1,2,0,128,596,314,955,867,339,838,535,776,995,528,892,616,73,996,572,687,506,117,119,682,31,296,292,35,811,455,637,862,671,362,229,545,84,69,25,95,53,60,87,26,125,107,131,42,45,76,35,103,79,90,60,98,42,79,36,29,129,86,127,40,99,126,53,130
[14310.286016] [AOA] Measurement: 0,1627141927.662843,08:55:31:9b:05:29,2,1,2,0,128,608,319,474,1021,854,988,500,712,951,452,904,656,66,1016,580,713,431,102,230,737,681,531,862,274,438,740,161,50,263,588,809,49,86,71,25,98,53,61,87,26,124,101,129,42,45,74,35,106,78,93,59,96,44,81,38,28,136,88,129,39,97,125,52,143
[14310.325418] [AOA] Measurement: 0,1627141927.702245,08:55:31:9b:05:29,2,1,2,0,128,572,336,487,1022,883,993,537,746,997,499,979,686,90,995,535,665,452,109,217,765,743,585,964,368,353,656,129,51,192,596,337,592,90,74,27,99,56,63,89,27,129,105,138,44,49,77,38,108,85,98,62,105,44,82,37,29,141,88,134,41,101,130,56,144
[14310.364611] [AOA] Measurement: 0,1627141927.741437,08:55:31:9b:05:29,2,1,2,0,128,616,356,544,87,808,944,545,746,950,472,934,666,136,32,515,677,460,95,157,684,626,558,870,301,370,659,195,62,232,580,890,267,92,79,31,103,62,66,93,31,129,106,146,46,50,80,38,110,89,102,65,109,47,83,39,27,138,83,131,39,95,128,56,144
[14310.408448] [AOA] Measurement: 0,1627141927.785275,08:55:31:9b:05:29,2,1,2,0,128,613,356,423,9,889,1014,523,759,925,453,921,598,57,10,546,672,501,106,217,738,626,563,936,314,399,684,131,40,242,604,458,686,94,83,35,107,63,67,96,29,127,105,146,48,50,80,37,109,90,100,66,111,46,86,37,27,127,83,128,41,97,127,55,131
[14310.459211] [AOA] Measurement: 0,1627141927.836034,08:55:31:9b:05:29,2,1,2,0,128,579,319,918,785,319,806,23,560,379,295,388,433,61,1014,9,486,407,79,646,489,111,323,873,279,847,457,579,854,653,362,46,453,89,71,26,100,55,62,87,27,129,107,133,43,46,75,35,105,80,92,58,96,42,79,37,29,134,87,133,39,98,125,54,128
[14310.502534] [AOA] Measurement: 0,1627141927.879358,08:55:31:9b:05:29,2,1,2,0,128,619,367,556,78,829,980,544,744,953,465,936,645,548,824,1003,458,885,881,657,483,65,304,333,122,401,697,113,1015,676,343,613,41,94,80,31,101,61,65,92,29,133,107,140,47,49,80,37,106,90,100,65,110,45,84,37,27,138,82,129,39,98,129,55,129
[14310.553142] [AOA] Measurement: 0,1627141927.929966,08:55:31:9b:05:29,2,1,2,0,128,7,101,912,863,309,785,920,483,421,274,918,643,64,1017,544,682,440,81,141,708,594,470,347,99,866,501,538,822,249,589,347,709,95,82,33,106,63,65,97,30,130,104,142,47,51,79,36,106,89,100,66,111,46,84,36,26,139,82,125,39,93,126,54,142
[14310.603574] [AOA] Measurement: 0,1627141927.980396,08:55:31:9b:05:29,2,1,2,0,128,61,143,504,52,883,1004,506,758,989,520,890,656,88,1007,501,638,428,88,572,466,109,329,307,88,851,484,632,864,206,572,520,809,92,76,29,101,60,65,93,29,132,106,135,45,48,77,36,109,87,97,63,106,46,82,39,28,136,86,130,39,97,127,56,141
[14310.648929] [AOA] Measurement: 0,1627141928.025750,08:55:31:9b:05:29,2,1,2,0,128,10,90,874,793,254,774,1017,550,444,312,943,645,107,19,484,663,428,63,669,486,44,293,283,66,812,453,674,886,214,578,204,733,86,68,26,98,56,60,88,26,123,105,133,44,46,77,37,106,81,94,61,99,45,79,37,29,136,87,128,40,99,127,53,133
[14310.691988] [AOA] Measurement: 0,1627141928.068813,08:55:31:9b:05:29,2,1,2,0,128,614,335,490,61,884,4,578,794,991,482,839,556,556,804,25,491,428,75,137,716,616,512,340,100,390,696,152,42,254,622,496,909,88,72,27,98,56,64,89,26,129,105,129,45,47,77,36,106,81,94,61,101,45,79,38,29,137,88,132,40,102,128,55,127
[14310.742501] [AOA] Measurement: 0,1627141928.119325,08:55:31:9b:05:29,2,1,2,0,128,61,137,493,46,882,2,488,700,345,217,335,391,499,792,1023,435,845,897,595,482,139,352,894,284,363,650,93,1007,693,363,319,748,92,75,29,101,57,63,90,28,127,106,128,45,47,75,37,109,85,94,62,103,43,82,37,28,128,84,128,39,97,128,53,141
[14310.788767] [AOA] Measurement: 0,1627141928.165594,08:55:31:9b:05:29,2,1,2,0,128,641,325,485,40,895,18,902,501,463,290,833,589,90,16,547,648,495,147,122,733,632,527,891,317,393,691,132,45,230,584,786,77,93,77,31,104,60,66,94,28,129,107,136,45,47,79,37,110,89,98,65,106,45,84,38,29,128,88,133,40,102,130,56,138
[14310.833803] [AOA] Measurement: 0,1627141928.210632,08:55:31:9b:05:29,2,1,2,0,128,64,145,994,859,857,964,530,726,917,457,334,431,485,791,998,491,423,83,141,660,107,305,283,39,780,465,583,832,254,612,458,699,80,60,23,89,50,55,81,22,114,100,123,40,42,71,34,102,73,87,56,93,40,75,37,28,132,86,128,37,98,124,53,143
[14310.877936] [AOA] Measurement: 0,1627141928.254763,08:55:31:9b:05:29,2,1,2,0,128,624,341,454,12,863,992,988,544,418,261,409,467,529,820,525,684,566,181,206,738,647,542,942,313,413,729,126,1022,209,553,781,119,96,81,31,101,61,65,91,29,133,105,138,47,50,79,37,109,87,99,64,109,44,79,38,27,137,84,130,39,95,127,56,136
[14310.923433] [AOA] Measurement: 0,1627141928.300259,08:55:31:9b:05:29,2,1,2,0,128,595,334,469,16,313,807,27,571,931,476,915,618,3,963,985,442,916,928,596,511,666,522,869,291,366,652,186,94,169,578,381,669,91,75,29,103,60,66,94,29,133,106,131,45,49,79,38,109,89,102,64,110,46,83,38,29,140,86,133,41,99,130,55,147
[14310.973716] [AOA] Measurement: 0,1627141928.350539,08:55:31:9b:05:29,2,1,2,0,128,678,408,506,69,848,1017,509,768,974,505,912,639,46,1009,531,657,436,67,637,500,91,291,353,114,834,473,582,883,212,595,445,893,92,77,29,104,60,63,93,29,131,104,140,46,47,79,37,111,84,98,64,105,44,80,38,30,138,86,130,40,99,128,57,127
[14311.024737] [AOA] Measurement: 0,1627141928.401559,08:55:31:9b:05:29,2,1,2,0,128,564,320,504,45,843,989,1019,553,976,478,881,571,91,1022,555,649,501,120,223,758,699,543,863,275,375,700,123,5,191,551,820,141,95,85,35,107,66,69,97,32,137,106,134,47,51,79,36,108,89,102,65,111,44,83,37,27,128,83,125,39,92,126,55,144
[14311.069390] [AOA] Measurement: 0,1627141928.446212,08:55:31:9b:05:29,2,1,2,0,128,48,137,483,19,932,9,436,692,426,304,331,385,519,788,961,429,940,956,630,505,112,349,283,62,878,491,166,53,235,585,990,236,93,83,34,104,64,67,94,30,137,107,144,47,50,79,38,109,89,101,65,107,45,83,39,28,129,87,133,41,99,129,55,152
[14311.113164] [AOA] Measurement: 0,1627141928.489986,08:55:31:9b:05:29,2,1,2,0,128,96,129,453,22,297,808,1005,571,394,277,337,392,541,860,920,404,936,927,614,509,21,293,378,123,819,488,151,54,245,598,622,976,94,86,35,104,62,66,95,30,136,99,146,47,51,78,36,106,93,101,66,112,46,80,37,26,136,80,123,39,90,122,53,135
[14311.163711] [AOA] Measurement: 0,1627141928.540534,08:55:31:9b:05:29,2,1,2,0,128,627,343,502,66,835,982,454,715,1021,492,892,604,516,802,929,387,892,870,667,523,89,344,906,297,314,648,101,17,210,536,836,168,92,80,31,103,62,65,93,29,129,104,128,45,52,81,39,110,89,102,64,110,44,83,39,28,139,83,131,39,94,128,55,127
[14311.209682] [AOA] Measurement: 0,1627141928.586508,08:55:31:9b:05:29,2,1,2,0,128,956,75,946,792,224,766,994,504,362,231,357,418,485,785,979,432,931,921,696,494,66,267,306,70,879,486,563,869,626,299,216,626,92,85,33,104,62,66,95,30,128,103,127,48,51,80,37,105,91,101,65,110,46,83,36,26,136,81,128,39,93,125,55,128
[14311.248852] [AOA] Measurement: 0,1627141928.625679,08:55:31:9b:05:29,2,1,2,0,128,36,122,944,882,892,1012,521,733,987,489,843,614,549,815,543,682,881,875,647,545,86,354,303,107,360,663,139,75,219,575,303,781,95,81,32,107,62,67,94,30,127,105,127,47,48,78,39,109,90,101,66,110,46,84,39,27,142,86,130,40,96,126,53,136
[14311.293870] [AOA] Measurement: 0,1627141928.670698,08:55:31:9b:05:29,2,1,2,0,128,660,411,511,58,901,12,513,761,1016,497,891,617,48,1016,926,389,990,959,211,737,666,530,883,268,446,739,161,68,274,649,293,531,91,90,40,100,64,63,90,32,129,94,139,46,49,76,33,99,90,97,63,109,44,80,35,22,128,70,110,36,80,112,50,127
[14311.338304] [AOA] Measurement: 0,1627141928.715133,08:55:31:9b:05:29,2,1,2,0,128,534,275,502,39,816,928,590,773,966,488,895,606,23,978,519,662,450,70,623,489,93,334,866,285,416,712,131,25,159,590,34,339,95,84,35,105,61,65,95,30,134,104,141,48,49,77,37,107,89,99,65,112,47,83,37,25,132,79,121,38,89,120,54,129
[14311.382890] [AOA] Measurement: 0,1627141928.759717,08:55:31:9b:05:29,2,1,2,0,128,634,348,538,77,828,999,459,698,378,245,906,640,36,976,535,643,509,135,239,743,612,519,938,373,446,755,156,75,228,604,575,884,96,85,33,104,62,67,93,29,135,105,128,47,50,80,38,109,90,102,67,111,45,84,40,27,135,81,127,40,93,126,54,147
[14311.426400] [AOA] Measurement: 0,1627141928.803221,08:55:31:9b:05:29,2,1,2,0,128,24,124,542,33,844,975,973,482,357,238,348,436,512,810,1021,512,465,107,203,731,586,505,260,40,828,455,572,843,641,373,494,900,90,73,30,101,59,65,92,28,135,106,145,47,49,77,36,109,89,100,64,110,45,84,38,26,136,84,129,38,93,123,54,148
[14311.470755] [AOA] Measurement: 0,1627141928.847577,08:55:31:9b:05:29,2,1,2,0,128,1004,83,920,851,306,773,64,593,925,442,894,612,35,983,519,662,897,924,575,446,15,258,332,97,741,418,545,821,809,422,272,659,90,70,28,99,55,62,90,28,126,107,135,43,46,77,38,106,81,95,60,100,43,80,38,29,136,87,127,39,99,127,53,128
[14311.513951] [AOA] Measurement: 0,1627141928.890777,08:55:31:9b:05:29,2,1,2,0,128,62,161,448,7,852,993,501,684,477,325,414,460,140,42,565,691,456,89,170,684,609,494,318,102,797,456,595,843,694,387,960,333,92,90,38,103,65,65,92,30,136,95,141,46,50,75,35,100,89,96,61,110,44,79,36,23,129,74,113,37,84,117,52,128
[14311.558201] [AOA] Measurement: 0,1627141928.935027,08:55:31:9b:05:29,2,1,2,0,128,616,362,445,1,950,36,537,740,970,497,897,623,9,992,1014,508,878,944,601,462,89,326,345,78,742,406,637,854,650,294,102,463,94,88,36,105,63,65,93,31,138,100,146,48,50,77,36,105,91,102,64,111,46,82,36,25,134,76,118,36,85,116,52,128
[14311.596818] [AOA] Measurement: 0,1627141928.973647,08:55:31:9b:05:29,2,1,2,0,128,683,411,468,26,850,1023,489,702,416,274,343,414,515,798,1009,417,910,898,612,462,133,352,881,284,358,687,100,40,190,559,128,490,92,80,31,100,60,66,93,30,136,107,127,47,50,81,37,110,90,100,66,108,46,84,37,28,127,85,128,40,98,128,55,129
[14311.642975] [AOA] Measurement: 0,1627141929.019797,08:55:31:9b:05:29,2,1,2,0,128,687,383,499,1023,830,987,971,505,514,370,849,572,449,756,967,467,943,955,602,489,64,307,348,124,855,496,96,1000,166,550,579,934,95,85,35,106,63,66,96,31,138,105,141,48,52,79,38,107,92,103,66,112,47,84,38,25,138,83,127,40,93,127,56,130
[14311.693765] [AOA] Measurement: 0,1627141929.070588,08:55:31:9b:05:29,2,1,2,0,128,637,362,488,49,860,9,566,788,937,421,910,640,1017,967,1002,425,888,948,170,705,672,539,879,343,410,738,96,40,226,538,758,1018,86,69,25,96,53,62,86,25,126,102,131,43,46,77,35,105,78,91,60,95,43,79,37,29,128,86,127,40,100,127,53,148
[14311.738297] [AOA] Measurement: 0,1627141929.115127,08:55:31:9b:05:29,2,1,2,0,128,48,115,973,861,316,800,988,526,380,274,337,412,565,834,977,468,916,926,112,637,96,318,279,64,780,391,667,898,185,542,1020,299,91,79,29,102,61,65,92,28,130,107,128,46,50,81,38,109,89,100,64,107,45,83,39,28,142,85,131,40,99,128,55,134
[14311.783154] [AOA] Measurement: 0,1627141929.159981,08:55:31:9b:05:29,2,1,2,0,128,19,96,940,824,329,820,978,516,384,256,379,472,521,791,1001,440,989,946,630,480,123,315,887,308,350,648,168,55,649,348,811,184,92,82,32,103,62,65,94,31,136,104,146,47,50,80,36,106,89,100,64,111,46,81,37,25,128,81,124,38,92,126,55,147
[14311.833372] [AOA] Measurement: 0,1627141929.210201,08:55:31:9b:05:29,2,1,2,0,128,85,138,467,37,846,985,980,525,428,307,899,608,141,29,581,689,439,90,148,692,610,505,329,112,838,494,590,890,206,573,734,38,89,77,29,101,58,63,90,27,127,106,139,45,47,78,37,106,84,100,63,107,45,84,38,27,140,84,128,39,98,129,55,150
[14311.872011] [AOA] Measurement: 0,1627141929.248838,08:55:31:9b:05:29,2,1,2,0,128,591,330,476,31,859,15,502,738,996,501,941,665,121,28,612,733,545,152,198,769,629,539,914,336,351,715,128,10,219,565,624,953,88,71,26,98,56,61,88,27,128,105,138,44,46,76,34,105,84,94,61,98,44,82,38,29,135,86,135,39,99,128,54,130
[14311.915447] [AOA] Measurement: 0,1627141929.292275,08:55:31:9b:05:29,2,1,2,0,128,69,147,959,857,862,989,22,562,389,249,312,394,473,809,953,401,914,921,682,497,77,308,329,124,781,416,541,841,642,303,189,703,95,87,35,106,63,65,97,32,138,103,129,47,51,78,37,108,91,100,66,111,47,83,37,26,137,80,126,39,92,123,53,145
[14311.957344] [AOA] Measurement: 0,1627141929.334169,08:55:31:9b:05:29,2,1,2,0,128,557,276,401,4,944,23,541,797,964,500,839,588,22,1001,975,423,959,930,155,721,675,519,866,282,371,696,126,1018,185,525,887,264,94,79,32,102,58,66,92,28,133,104,133,45,52,79,38,109,88,99,64,108,45,83,37,27,129,82,129,39,93,127,55,141
[14312.001360] [AOA] Measurement: 0,1627141929.378182,08:55:31:9b:05:29,2,1,2,0,128,580,325,478,32,825,994,964,514,372,209,345,400,532,790,1019,432,972,950,193,738,591,522,892,304,342,694,126,34,153,552,250,591,94,80,31,104,61,66,95,30,136,108,144,47,50,80,38,110,88,99,64,109,46,84,40,30,141,88,129,41,100,129,55,149
[14312.052565] [AOA] Measurement: 0,1627141929.429389,08:55:31:9b:05:29,2,1,2,0,128,86,144,924,819,355,807,1,524,452,301,932,641,97,1023,523,701,401,91,157,678,706,558,918,325,375,637,547,840,640,349,390,851,92,76,29,101,58,64,92,28,132,105,140,45,48,78,36,108,85,96,60,100,44,81,38,28,142,88,128,39,100,129,55,149
[14312.098009] [AOA] Measurement: 0,1627141929.474836,08:55:31:9b:05:29,2,1,2,0,128,585,362,462,15,859,986,514,711,380,264,282,375,542,806,11,493,896,919,665,482,102,331,303,73,859,500,585,836,695,353,404,710,94,87,35,106,64,66,96,31,136,101,142,47,51,77,37,105,91,99,65,113,45,84,37,26,135,80,123,39,91,126,55,131
[14312.142529] [AOA] Measurement: 0,1627141929.519357,08:55:31:9b:05:29,2,1,2,0,128,638,343,526,57,903,13,444,684,365,256,925,589,97,1021,1010,471,955,912,191,719,621,527,845,293,380,675,118,1014,198,550,89,515,88,76,28,98,56,63,88,29,134,106,138,45,48,77,37,109,86,98,63,105,43,83,37,29,140,86,131,41,98,129,54,148
[14312.185662] [AOA] Measurement: 0,1627141929.562486,08:55:31:9b:05:29,2,1,2,0,128,47,142,939,811,339,789,947,496,409,267,407,488,523,793,959,428,888,910,534,418,48,294,299,99,763,391,610,864,732,409,928,227,89,76,29,100,58,64,91,29,132,107,144,47,50,81,36,109,88,98,66,106,45,84,38,29,133,84,131,39,98,128,56,129
[14312.240531] [AOA] Measurement: 0,1627141929.617353,08:55:31:9b:05:29,2,1,2,0,128,609,356,496,35,867,1002,543,730,6,513,875,641,55,2,540,636,927,935,147,754,77,318,939,340,371,690,160,66,228,599,1000,217,90,90,39,99,62,62,89,29,128,87,128,45,50,70,33,98,87,96,59,108,42,77,33,20,123,67,103,33,76,108,48,127
[14312.290462] [AOA] Measurement: 0,1627141929.667285,08:55:31:9b:05:29,2,1,2,0,128,679,375,533,64,800,1011,576,782,991,489,884,624,45,989,532,619,523,119,151,706,683,541,964,388,399,773,131,60,204,602,922,223,92,78,29,103,59,65,94,30,134,106,132,47,49,81,37,110,90,101,65,108,45,82,38,26,138,86,128,39,96,128,56,129
[14312.333922] [AOA] Measurement: 0,1627141929.710749,08:55:31:9b:05:29,2,1,2,0,128,593,324,510,48,882,3,529,782,953,472,813,605,68,1013,553,639,476,115,131,659,75,329,328,91,868,500,616,874,578,288,564,85,91,74,29,98,58,64,91,28,132,106,139,45,48,79,37,108,84,97,63,103,45,83,37,28,137,87,132,41,100,128,57,148
[14312.377801] [AOA] Measurement: 0,1627141929.754628,08:55:31:9b:05:29,2,1,2,0,128,632,341,521,116,883,1022,553,780,1007,522,850,591,18,987,979,440,950,929,180,708,680,535,854,252,380,713,196,116,188,572,615,946,92,80,31,104,59,63,93,29,129,107,144,47,51,80,39,107,88,100,65,108,44,83,39,28,141,85,129,40,97,127,54,127
[14312.427052] [AOA] Measurement: 0,1627141929.803874,08:55:31:9b:05:29,2,1,2,0,128,582,350,506,61,918,1018,559,807,984,510,976,688,110,24,542,664,510,144,229,757,612,496,901,317,347,675,162,73,220,597,231,419,91,80,31,104,59,66,93,28,134,106,135,46,50,79,36,108,90,100,65,110,45,85,37,27,128,85,129,38,95,123,54,143
[14312.473124] [AOA] Measurement: 0,1627141929.849953,08:55:31:9b:05:29,2,1,2,0,128,608,344,474,26,340,829,986,545,971,489,882,639,513,805,552,675,963,967,185,732,694,568,935,319,427,724,150,56,229,586,37,413,92,79,31,102,60,65,94,29,134,107,143,46,50,79,38,109,87,101,64,108,47,82,38,28,140,87,134,40,99,129,55,127
[14312.518435] [AOA] Measurement: 0,1627141929.895257,08:55:31:9b:05:29,2,1,2,0,128,49,151,1000,862,283,795,555,760,373,255,274,346,472,755,947,406,878,911,609,508,84,311,367,134,408,710,89,1017,637,355,137,631,95,83,33,105,63,68,94,31,128,102,143,46,51,78,37,106,89,99,65,109,46,80,36,25,133,79,125,37,92,125,53,144
[14312.562973] [AOA] Measurement: 0,1627141929.939798,08:55:31:9b:05:29,2,1,2,0,128,60,147,506,75,840,974,530,753,949,449,995,667,38,968,480,616,916,925,139,727,727,579,878,304,380,709,122,36,146,534,4,409,72,84,41,83,57,52,77,28,110,67,117,40,42,60,26,76,77,77,47,90,36,60,26,15,100,50,79,29,57,82,40,100
[14312.613056] [AOA] Measurement: 0,1627141929.989877,08:55:31:9b:05:29,2,1,2,0,128,44,119,978,828,310,830,975,525,411,285,331,398,617,851,567,714,417,63,582,478,115,337,835,276,791,449,597,870,654,312,738,196,93,81,31,105,61,66,94,29,135,107,137,45,49,76,37,106,88,99,62,107,44,82,39,28,140,86,128,39,95,127,54,135
[14312.653341] [AOA] Measurement: 0,1627141930.030170,08:55:31:9b:05:29,2,1,2,0,128,664,345,459,34,867,970,25,551,425,285,974,681,78,7,525,668,540,147,148,719,635,566,961,323,391,742,139,25,183,543,929,189,92,78,30,102,60,63,92,28,128,105,140,47,49,78,38,109,88,99,64,107,45,82,37,28,137,82,129,40,96,128,55,127
[14312.698299] [AOA] Measurement: 0,1627141930.075129,08:55:31:9b:05:29,2,1,2,0,128,645,362,490,10,887,1010,495,739,928,448,888,582,107,40,543,686,457,117,169,709,633,564,900,286,319,624,123,17,696,392,713,94,89,74,27,99,57,63,92,27,127,106,139,46,46,78,36,105,83,96,63,104,43,82,39,29,131,88,131,40,100,128,54,151
[14312.743295] [AOA] Measurement: 0,1627141930.120123,08:55:31:9b:05:29,2,1,2,0,128,648,363,515,50,773,949,15,558,9,541,947,648,74,6,532,660,426,54,183,733,605,476,300,76,766,429,562,826,584,294,586,78,85,68,24,96,54,60,87,26,124,104,134,43,44,74,35,105,77,90,60,96,43,80,38,29,133,88,128,41,100,125,52,147
[14312.793324] [AOA] Measurement: 0,1627141930.170146,08:55:31:9b:05:29,2,1,2,0,128,1011,79,938,838,291,783,948,508,425,277,370,426,589,842,961,462,863,918,602,486,100,328,304,68,837,442,659,861,768,452,447,820,95,85,34,106,62,67,93,30,136,104,128,47,50,80,35,108,89,100,64,111,45,83,37,26,139,80,125,40,92,125,54,139
[14312.844064] [AOA] Measurement: 0,1627141930.220887,08:55:31:9b:05:29,2,1,2,0,128,605,335,516,60,888,1009,542,752,17,542,1008,674,70,1002,522,628,938,948,177,714,630,534,927,323,338,655,575,845,217,583,447,764,92,74,28,100,58,64,91,27,132,105,143,45,49,77,38,109,86,98,64,104,46,82,38,28,130,87,129,41,99,130,55,152
[14312.889397] [AOA] Measurement: 0,1627141930.266224,08:55:31:9b:05:29,2,1,2,0,128,654,369,523,85,855,2,483,714,376,239,342,393,513,805,1002,436,903,943,176,689,667,535,927,278,371,691,591,839,598,298,288,690,93,80,31,104,60,65,94,29,129,107,127,47,49,79,36,109,86,99,63,100,45,82,38,28,137,86,132,41,98,127,56,147
[14312.939174] [AOA] Measurement: 0,1627141930.315997,08:55:31:9b:05:29,2,1,2,0,128,58,135,922,839,248,763,988,495,33,496,900,633,95,38,576,710,441,82,150,703,57,308,269,64,800,437,577,821,631,289,345,878,96,83,32,105,61,66,94,29,135,108,128,46,49,79,37,108,89,99,63,108,44,84,38,27,141,85,130,40,94,129,56,127
[14312.982979] [AOA] Measurement: 0,1627141930.359804,08:55:31:9b:05:29,2,1,2,0,128,568,299,450,43,865,11,557,777,962,460,980,658,69,1,499,622,898,887,609,466,997,242,364,92,365,670,118,1,213,551,634,968,91,85,34,103,62,65,93,30,138,101,142,49,51,76,35,102,89,97,62,108,43,79,33,24,129,71,113,36,81,114,50,130
[14313.033966] [AOA] Measurement: 0,1627141930.410787,08:55:31:9b:05:29,2,1,2,0,128,655,383,494,30,885,1008,490,738,961,460,891,602,520,798,541,666,461,91,206,714,26,301,363,105,389,688,183,87,276,640,322,584,85,67,24,93,50,58,84,24,119,102,129,40,43,73,35,103,77,90,58,93,41,75,36,29,132,86,130,39,100,126,52,132
[14313.078553] [AOA] Measurement: 0,1627141930.455380,08:55:31:9b:05:29,2,1,2,0,128,706,423,517,50,849,994,529,736,1019,521,958,664,38,995,530,644,460,118,193,703,657,543,921,305,458,768,221,95,266,615,970,316,89,76,28,101,60,64,91,28,130,104,137,45,47,79,38,108,84,96,63,104,44,83,38,28,132,84,134,40,100,130,55,132
[14313.123815] [AOA] Measurement: 0,1627141930.500642,08:55:31:9b:05:29,2,1,2,0,128,605,346,488,994,323,806,20,611,381,248,901,617,564,836,991,455,888,852,240,763,90,287,905,305,342,646,136,47,148,501,346,798,94,80,31,102,62,65,92,29,128,104,137,45,51,81,36,108,87,100,63,109,45,84,36,27,128,82,129,40,95,127,55,137
[14313.167615] [AOA] Measurement: 0,1627141930.544437,08:55:31:9b:05:29,2,1,2,0,128,32,105,938,844,318,797,982,531,404,291,295,364,612,873,496,587,511,131,175,707,629,497,923,358,327,649,152,50,606,300,273,829,86,66,23,94,54,60,87,24,124,103,130,42,44,76,36,105,80,92,58,97,42,79,36,27,127,86,132,39,98,126,53,145
[14313.208701] [AOA] Measurement: 0,1627141930.585527,08:55:31:9b:05:29,2,1,2,0,128,43,145,927,818,294,798,955,500,349,209,373,445,508,819,946,407,956,968,694,515,108,337,331,134,811,460,655,889,679,315,219,648,94,84,33,105,61,66,94,30,136,104,132,47,51,79,38,106,88,102,64,110,46,84,36,26,129,79,125,39,90,123,54,143
[14313.254195] [AOA] Measurement: 0,1627141930.631022,08:55:31:9b:05:29,2,1,2,0,128,557,303,445,21,801,955,436,658,474,280,887,591,516,811,1010,423,960,964,152,676,638,535,853,271,368,665,616,897,208,557,410,766,90,74,30,100,58,63,89,28,127,107,130,45,47,79,37,108,86,96,62,102,44,83,38,28,140,87,134,40,98,129,55,147
[14313.298040] [AOA] Measurement: 0,1627141930.674864,08:55:31:9b:05:29,2,1,2,0,128,632,321,409,25,308,801,1013,573,933,442,868,615,86,1012,542,676,454,95,136,715,615,554,929,298,408,730,114,23,189,562,666,956,87,71,26,98,54,62,86,26,124,105,129,43,47,76,36,107,82,96,61,101,43,81,37,30,136,86,134,41,100,126,54,145
[14313.337719] [AOA] Measurement: 0,1627141930.714546,08:55:31:9b:05:29,2,1,2,0,128,641,387,525,42,860,1012,421,699,946,476,975,686,49,1008,471,621,491,140,183,709,617,528,963,353,375,706,125,68,197,558,994,189,94,83,33,105,64,66,97,31,128,108,128,47,51,80,38,109,90,101,63,108,45,85,39,29,140,85,127,41,99,128,56,128
[14313.382533] [AOA] Measurement: 0,1627141930.759358,08:55:31:9b:05:29,2,1,2,0,128,570,291,925,860,852,991,525,726,999,487,939,682,108,46,594,738,437,99,195,688,101,360,874,261,419,748,161,36,185,558,165,536,88,70,27,98,55,61,88,25,129,104,127,42,47,77,37,107,85,97,63,103,45,82,38,30,129,87,129,39,101,129,53,129
[14313.428753] [AOA] Measurement: 0,1627141930.805580,08:55:31:9b:05:29,2,1,2,0,128,9,84,943,819,331,821,973,511,369,255,384,472,26,995,548,698,871,906,618,491,72,314,297,61,837,468,557,799,717,394,1011,460,93,82,33,104,62,65,94,31,138,106,128,49,50,80,36,108,89,101,65,110,47,82,38,27,130,83,128,40,96,128,55,127
[14313.473190] [AOA] Measurement: 0,1627141930.850018,08:55:31:9b:05:29,2,1,2,0,128,1001,62,952,875,317,802,543,750,983,466,921,626,41,956,3,460,960,973,597,470,124,359,898,258,341,668,128,12,232,569,596,923,95,85,34,104,63,65,95,32,127,101,148,50,51,77,36,104,90,100,63,109,44,82,36,25,128,79,119,38,88,121,53,141
[14313.520431] [AOA] Measurement: 0,1627141930.897253,08:55:31:9b:05:29,2,1,2,0,128,588,333,971,894,868,19,512,741,890,400,385,432,48,1001,475,629,901,941,643,482,67,307,322,126,794,474,205,59,184,541,51,272,85,87,42,95,61,60,86,31,126,84,134,45,48,71,33,94,86,92,59,105,42,73,33,21,121,65,102,34,74,107,49,126
[14313.564451] [AOA] Measurement: 0,1627141930.941272,08:55:31:9b:05:29,2,1,2,0,128,30,111,901,812,306,783,970,519,388,228,306,387,496,742,995,416,928,927,632,485,177,370,295,77,870,452,590,850,662,356,958,465,75,55,18,85,46,54,75,22,111,98,119,39,39,71,34,96,73,80,54,85,39,70,34,28,127,83,129,39,95,119,50,138
[14313.609194] [AOA] Measurement: 0,1627141930.986016,08:55:31:9b:05:29,2,1,2,0,128,982,79,946,825,302,815,1015,558,363,297,946,641,63,986,501,635,927,913,198,755,629,521,290,50,861,480,638,856,249,586,125,452,89,71,26,98,56,64,87,26,125,105,130,43,46,74,36,103,81,93,61,101,44,80,36,28,136,85,132,39,96,125,56,151
[14313.655913] [AOA] Measurement: 0,1627141931.032734,08:55:31:9b:05:29,2,1,2,0,128,569,281,882,838,287,792,943,492,404,261,387,493,80,1,525,669,934,955,628,492,70,332,897,294,364,643,159,60,622,312,936,361,89,75,28,99,57,63,92,28,127,107,130,45,48,78,38,108,84,96,61,102,43,82,38,29,134,87,133,40,97,126,55,129
[14313.703999] [AOA] Measurement: 0,1627141931.080826,08:55:31:9b:05:29,2,1,2,0,128,586,300,481,12,318,810,964,483,484,290,353,417,531,819,973,420,875,915,600,476,32,321,338,90,846,498,581,851,179,518,782,131,86,70,27,97,57,63,87,28,128,104,128,45,48,77,35,105,87,96,62,103,44,81,39,27,129,86,133,40,97,131,56,145
[14313.748966] [AOA] Measurement: 0,1627141931.125793,08:55:31:9b:05:29,2,1,2,0,128,67,152,975,903,823,992,1001,515,388,278,420,474,101,17,495,632,944,947,178,704,83,330,900,302,327,628,575,874,712,353,487,928,92,85,35,104,64,65,94,31,135,102,137,47,50,79,37,105,91,100,65,109,46,81,38,24,134,77,117,38,85,118,52,138
[14313.788405] [AOA] Measurement: 0,1627141931.165233,08:55:31:9b:05:29,2,1,2,0,128,48,145,450,13,291,813,1,531,402,308,886,606,84,9,577,717,448,101,95,687,104,321,297,87,797,464,615,858,660,294,311,771,79,62,23,88,51,58,82,23,117,101,128,40,43,73,34,102,75,92,56,95,41,77,36,29,128,86,128,38,97,126,52,145
[14313.835076] [AOA] Measurement: 0,1627141931.211901,08:55:31:9b:05:29,2,1,2,0,128,1017,120,939,851,304,813,966,508,963,458,892,627,512,773,1008,488,893,897,651,507,108,314,866,280,801,430,608,851,608,328,625,85,84,68,24,97,53,61,89,27,128,104,128,44,45,76,35,104,82,95,59,103,42,83,36,28,132,86,128,39,99,128,53,128
[14313.879967] [AOA] Measurement: 0,1627141931.256794,08:55:31:9b:05:29,2,1,2,0,128,537,270,536,63,859,1002,1011,557,979,488,921,650,42,984,564,657,450,130,174,678,56,342,882,268,344,664,119,28,251,584,604,1000,88,71,26,99,55,61,91,27,127,104,130,44,45,74,36,105,84,94,62,101,44,79,37,29,131,87,128,40,100,127,55,146
[14313.920128] [AOA] Measurement: 0,1627141931.296954,08:55:31:9b:05:29,2,1,2,0,128,0,112,978,853,331,820,958,497,408,285,323,391,572,872,524,632,891,931,656,450,100,298,313,103,806,447,589,843,681,376,508,971,94,81,32,105,62,64,93,30,134,105,139,46,50,78,37,110,87,100,64,109,45,85,39,27,140,85,132,39,97,127,55,142
[14313.964727] [AOA] Measurement: 0,1627141931.341554,08:55:31:9b:05:29,2,1,2,0,128,13,99,1023,882,301,757,971,513,268,160,303,363,511,791,960,408,937,919,647,491,104,276,338,81,847,481,184,37,198,525,948,333,86,68,26,96,55,60,87,26,128,106,136,44,47,77,38,107,85,97,62,103,44,81,37,29,136,86,132,41,99,129,56,150
[14314.008290] [AOA] Measurement: 0,1627141931.385112,08:55:31:9b:05:29,2,1,2,0,128,643,352,412,1003,314,802,977,532,414,304,975,664,66,11,513,675,455,105,162,684,149,361,321,132,408,719,169,50,261,600,246,581,94,84,35,106,63,67,95,31,137,102,133,48,51,79,37,105,88,100,65,109,46,83,36,27,128,82,127,39,95,127,56,139
[14314.047825] [AOA] Measurement: 0,1627141931.424652,08:55:31:9b:05:29,2,1,2,0,128,654,409,431,1013,844,1014,530,733,9,495,953,634,27,975,562,686,469,114,198,732,668,547,898,315,375,695,104,6,227,599,260,580,93,78,30,103,61,65,92,29,135,107,141,47,49,77,38,109,88,101,66,107,44,83,38,29,137,87,135,42,99,129,56,127
[14314.092700] [AOA] Measurement: 0,1627141931.469527,08:55:31:9b:05:29,2,1,2,0,128,1016,102,977,873,372,826,646,815,965,476,917,612,57,976,516,652,906,918,573,442,78,260,278,73,837,457,572,860,606,335,1022,540,94,78,28,104,60,64,91,29,134,105,129,45,49,77,37,107,86,99,63,103,44,83,38,28,138,87,134,40,101,128,55,151
[14314.136490] [AOA] Measurement: 0,1627141931.513315,08:55:31:9b:05:29,2,1,2,0,128,1021,94,1009,890,293,786,989,526,384,259,379,435,508,792,542,684,879,885,657,500,46,267,344,115,390,662,139,75,205,580,640,975,94,78,29,102,59,65,92,29,127,106,134,46,50,78,37,107,87,99,65,107,45,82,39,28,140,83,131,41,96,126,54,132
[14314.192724] [AOA] Measurement: 0,1627141931.569548,08:55:31:9b:05:29,2,1,2,0,128,608,330,487,22,894,20,519,730,908,458,338,396,62,0,567,664,417,85,195,727,721,576,865,269,328,654,606,863,632,348,414,913,92,79,31,104,60,64,94,30,135,108,139,46,49,80,37,110,90,99,65,107,45,83,37,29,138,88,135,40,100,128,55,128
[14314.238480] [AOA] Measurement: 0,1627141931.615307,08:55:31:9b:05:29,2,1,2,0,128,613,323,437,14,830,973,497,751,958,464,312,400,542,807,968,462,846,917,637,459,59,282,252,54,867,459,583,803,634,293,658,160,93,87,35,105,63,67,96,32,138,104,144,48,49,79,36,106,88,98,65,112,46,84,37,24,139,79,124,38,90,123,53,141
[14314.283289] [AOA] Measurement: 0,1627141931.660112,08:55:31:9b:05:29,2,1,2,0,128,77,187,497,63,888,1013,516,731,357,225,375,448,40,6,985,440,898,893,641,518,123,354,924,320,366,689,147,51,621,341,464,10,87,69,27,98,55,60,91,27,127,105,135,45,48,78,37,108,82,95,62,103,44,82,38,28,130,88,133,41,98,128,56,136
[14314.335100] [AOA] Measurement: 0,1627141931.711922,08:55:31:9b:05:29,2,1,2,0,128,603,341,439,29,839,996,952,497,380,259,881,606,452,773,995,463,860,870,705,590,665,538,865,251,762,401,573,815,670,344,226,702,91,78,29,103,59,63,91,28,128,102,132,46,48,78,35,105,88,97,65,111,45,82,39,26,127,82,128,40,94,129,56,137
[14314.382177] [AOA] Measurement: 0,1627141931.759004,08:55:31:9b:05:29,2,1,2,0,128,596,316,493,42,855,1005,449,687,425,271,294,373,544,806,587,694,492,103,199,703,614,508,883,275,360,655,572,860,603,308,994,362,93,79,31,105,61,67,93,28,136,108,141,48,51,79,38,110,87,100,65,106,47,84,39,29,140,86,131,39,99,129,55,138
[14314.441035] [AOA] Measurement: 0,1627141931.817832,08:55:31:9b:05:29,2,1,2,0,128,26,106,975,854,365,820,990,505,406,222,310,414,475,780,881,394,848,858,595,459,122,329,343,128,367,662,595,851,623,311,791,276,93,85,35,106,64,67,95,30,139,106,127,49,50,78,36,105,87,97,63,110,44,85,37,27,128,81,126,40,93,126,55,127
[14314.488153] [AOA] Measurement: 0,1627141931.864980,08:55:31:9b:05:29,2,1,2,0,128,581,282,537,104,852,1007,605,788,971,502,817,544,531,769,84,521,501,121,221,743,649,519,887,282,335,670,127,44,193,553,307,659,69,79,42,74,54,49,68,25,103,59,108,37,40,53,24,69,73,73,45,87,35,58,24,15,97,47,74,28,53,80,38,96
[14314.532591] [AOA] Measurement: 0,1627141931.909417,08:55:31:9b:05:29,2,1,2,0,128,600,324,514,24,867,1016,509,714,1009,508,938,627,93,5,438,627,883,915,648,497,702,555,964,336,403,722,100,5,228,594,339,654,94,86,38,106,65,66,95,31,135,99,129,45,51,76,34,101,90,97,64,109,44,79,36,25,132,76,115,36,83,119,50,135
[14314.577546] [AOA] Measurement: 0,1627141931.954367,08:55:31:9b:05:29,2,1,2,0,128,569,332,452,47,891,1,529,746,396,261,337,403,504,791,986,419,927,905,596,476,52,290,257,32,848,489,600,878,622,286,890,471,94,83,33,108,63,67,96,31,130,103,127,48,50,79,38,106,91,102,65,110,46,83,38,26,127,79,121,38,91,125,54,143
[14314.621581] [AOA] Measurement: 0,1627141931.998407,08:55:31:9b:05:29,2,1,2,0,128,590,317,490,31,827,965,545,768,942,443,932,637,42,995,540,659,466,93,223,757,688,549,257,53,878,515,70,1011,273,653,814,1006,94,85,35,105,62,65,94,30,135,103,130,48,53,79,37,105,89,100,64,109,44,81,36,26,138,78,122,37,89,121,52,130
[14314.666662] [AOA] Measurement: 0,1627141932.043489,08:55:31:9b:05:29,2,1,2,0,128,26,126,927,890,353,850,983,520,996,469,877,567,537,812,595,721,500,109,159,728,641,513,911,262,355,669,100,10,595,286,619,94,92,77,28,101,60,63,93,29,129,106,137,44,47,77,36,108,85,95,63,103,44,81,38,28,128,86,133,40,101,128,56,127
[14314.712143] [AOA] Measurement: 0,1627141932.088971,08:55:31:9b:05:29,2,1,2,0,128,27,143,506,27,318,801,964,497,402,247,331,432,86,985,523,634,518,117,198,725,606,512,915,317,353,680,561,804,656,329,831,317,91,77,31,102,61,63,92,28,130,107,128,45,49,77,36,107,89,101,65,108,45,83,38,28,140,85,128,41,100,128,57,127
[14314.761545] [AOA] Measurement: 0,1627141932.138370,08:55:31:9b:05:29,2,1,2,0,128,23,128,970,896,867,1020,535,732,972,457,939,646,466,759,1008,424,974,931,608,492,80,307,902,306,307,625,538,819,645,347,887,221,93,78,30,104,58,66,92,29,127,106,142,47,50,79,37,109,85,99,62,106,45,83,38,28,139,86,128,40,98,129,58,148
[14314.812978] [AOA] Measurement: 0,1627141932.189800,08:55:31:9b:05:29,2,1,2,0,128,576,316,547,18,839,981,511,696,446,283,915,594,19,991,556,692,921,961,165,724,615,478,828,279,817,444,594,822,650,305,469,926,92,81,32,102,62,66,95,30,135,107,133,48,49,78,37,103,90,99,66,109,46,84,39,27,141,82,126,38,94,126,56,141
[14314.864220] [AOA] Measurement: 0,1627141932.241042,08:55:31:9b:05:29,2,1,2,0,128,35,114,515,34,352,808,1007,505,387,226,379,436,97,988,0,497,941,923,669,529,650,556,854,266,374,694,152,75,218,568,643,967,89,68,26,97,53,61,86,26,122,103,133,42,45,75,35,105,81,93,61,99,43,80,38,29,128,85,128,40,98,128,54,143
[14314.908324] [AOA] Measurement: 0,1627141932.285151,08:55:31:9b:05:29,2,1,2,0,128,72,131,460,1000,363,833,560,762,963,445,360,451,40,993,460,628,960,963,188,707,132,363,307,79,877,519,137,26,251,602,816,23,93,75,29,99,58,64,89,28,130,107,130,44,47,80,37,108,86,99,63,104,44,81,39,28,136,86,132,40,98,129,53,128
[14314.953236] [AOA] Measurement: 0,1627141932.330057,08:55:31:9b:05:29,2,1,2,0,128,1001,91,938,828,312,817,63,566,375,279,341,456,543,796,981,443,948,957,647,503,69,269,359,103,401,687,165,35,226,577,304,557,94,82,31,106,62,67,95,31,138,106,135,48,51,82,38,108,90,101,65,110,46,85,39,27,140,83,128,39,95,125,55,129
[14315.004667] [AOA] Measurement: 0,1627141932.381489,08:55:31:9b:05:29,2,1,2,0,128,607,358,513,33,778,950,573,767,915,443,904,620,9,977,519,658,442,102,144,658,684,538,942,328,359,647,110,24,178,535,252,602,95,83,32,105,61,66,94,30,136,107,128,47,50,81,37,110,88,99,64,108,46,84,39,29,140,86,133,41,100,130,57,135
[14315.058887] [AOA] Measurement: 0,1627141932.435709,08:55:31:9b:05:29,2,1,2,0,128,622,318,432,1023,855,983,565,778,963,458,906,630,41,989,525,608,506,117,173,747,720,598,912,280,397,731,156,38,225,584,535,777,94,87,38,104,66,66,93,30,135,98,137,47,50,76,35,103,93,99,64,112,46,83,35,24,130,74,114,38,84,116,52,131
[14315.102493] [AOA] Measurement: 0,1627141932.479322,08:55:31:9b:05:29,2,1,2,0,128,6,93,533,46,835,985,34,576,961,447,327,402,592,839,959,434,942,930,655,520,29,265,327,90,854,459,592,871,200,540,984,316,88,76,28,102,58,62,92,28,128,103,129,44,48,79,36,105,86,95,63,109,44,83,37,27,130,83,129,39,94,127,54,148
[14315.146660] [AOA] Measurement: 0,1627141932.523487,08:55:31:9b:05:29,2,1,2,0,128,577,301,482,42,847,1010,552,744,384,265,301,422,529,832,957,484,492,122,197,686,635,493,915,301,381,703,110,35,222,576,1002,314,88,70,27,97,55,64,87,26,126,105,132,42,46,76,35,106,79,91,59,92,43,77,39,29,134,89,133,40,98,124,52,145
[14315.194907] [AOA] Measurement: 0,1627141932.571731,08:55:31:9b:05:29,2,1,2,0,128,636,368,518,64,835,1002,955,523,360,205,288,329,542,773,937,394,979,953,216,727,611,499,321,88,863,487,570,798,682,392,283,724,92,76,29,103,57,63,92,27,132,108,132,46,49,79,36,108,85,97,62,100,45,82,37,30,131,87,129,41,101,129,53,128
[14315.240946] [AOA] Measurement: 0,1627141932.617773,08:55:31:9b:05:29,2,1,2,0,128,579,309,455,39,242,792,14,578,398,280,365,438,475,786,1011,445,839,855,692,554,100,314,922,344,340,651,574,817,680,341,608,18,93,87,35,105,63,66,94,31,138,102,127,49,51,77,37,107,91,101,65,110,46,82,37,26,139,80,125,39,92,125,56,128
[14315.294245] [AOA] Measurement: 0,1627141932.671072,08:55:31:9b:05:29,2,1,2,0,128,587,349,913,859,878,1022,480,700,344,236,897,613,72,1009,485,650,462,70,602,472,64,292,361,106,815,465,643,892,216,573,922,241,88,72,26,98,55,61,89,27,124,104,130,44,45,76,36,104,82,92,60,100,43,79,38,29,128,87,132,41,98,130,54,128
[14315.338906] [AOA] Measurement: 0,1627141932.715733,08:55:31:9b:05:29,2,1,2,0,128,19,104,915,815,287,794,19,560,359,239,351,384,535,825,974,448,896,884,682,496,697,568,331,93,393,699,121,36,156,561,254,674,91,78,30,103,58,63,91,28,135,108,140,47,49,79,37,109,88,99,65,109,47,82,38,29,140,86,130,39,98,130,54,131
[14315.381045] [AOA] Measurement: 0,1627141932.757868,08:55:31:9b:05:29,2,1,2,0,128,552,256,949,851,280,768,5,587,957,462,908,625,52,1005,990,428,942,923,618,482,92,347,830,230,867,464,151,29,203,536,947,298,96,83,32,105,61,67,95,31,127,108,130,47,50,81,39,110,89,99,65,108,46,85,40,28,140,86,132,41,101,128,57,150
[14315.427233] [AOA] Measurement: 0,1627141932.804060,08:55:31:9b:05:29,2,1,2,0,128,543,305,932,878,291,821,12,558,338,220,369,412,544,823,987,441,503,133,97,670,669,533,830,258,357,678,102,11,688,367,562,909,87,69,26,96,55,61,85,25,122,106,133,41,46,74,35,106,79,92,58,95,42,76,38,28,130,87,129,40,98,123,55,127
[14315.471761] [AOA] Measurement: 0,1627141932.848588,08:55:31:9b:05:29,2,1,2,0,128,612,312,493,51,810,966,988,562,403,275,822,576,90,24,508,663,466,100,127,684,658,517,869,275,391,695,126,17,174,576,225,559,89,71,26,96,55,61,86,26,123,104,133,43,46,75,35,106,80,93,59,96,43,78,37,30,132,87,131,40,97,124,51,143
[14315.514985] [AOA] Measurement: 0,1627141932.891809,08:55:31:9b:05:29,2,1,2,0,128,667,392,565,63,912,13,513,732,1001,464,886,558,488,779,513,643,973,940,198,736,609,532,328,123,830,496,127,40,262,591,58,351,89,74,27,98,56,63,88,28,128,107,128,44,48,78,37,109,83,95,60,100,44,80,38,29,127,87,128,39,100,128,54,148
[14315.559456] [AOA] Measurement: 0,1627141932.936279,08:55:31:9b:05:29,2,1,2,0,128,578,341,547,74,902,1015,544,748,1004,529,931,628,71,990,521,668,926,929,148,675,35,252,292,54,815,450,579,843,580,292,953,292,94,85,35,107,63,66,94,30,138,103,132,48,50,79,37,107,91,102,65,110,45,84,38,26,140,84,129,40,94,126,55,134
[14315.603294] [AOA] Measurement: 0,1627141932.980124,08:55:31:9b:05:29,2,1,2,0,128,595,302,460,28,324,816,981,517,412,289,933,640,59,991,506,620,963,948,602,478,78,311,360,114,358,665,123,37,672,387,867,195,93,84,33,106,62,67,96,31,140,107,140,48,51,82,38,107,91,102,66,112,45,84,37,28,137,83,129,39,96,128,54,147
[14315.643860] [AOA] Measurement: 0,1627141933.020684,08:55:31:9b:05:29,2,1,2,0,128,655,357,479,9,827,985,1022,540,432,295,909,649,92,1019,556,698,404,120,136,706,607,517,815,225,393,664,670,885,209,570,929,287,87,71,27,98,55,62,89,28,129,106,140,43,48,78,38,106,84,97,62,104,44,82,39,27,139,86,131,39,98,127,55,147
[14315.694838] [AOA] Measurement: 0,1627141933.071659,08:55:31:9b:05:29,2,1,2,0,128,680,373,465,35,826,959,963,541,992,487,892,571,505,781,998,458,446,91,125,684,622,551,850,253,420,719,98,41,177,574,307,605,86,67,25,96,54,61,87,25,123,104,128,42,45,74,37,107,81,94,60,98,42,78,38,29,129,87,134,39,98,125,53,144
[14315.734520] [AOA] Measurement: 0,1627141933.111348,08:55:31:9b:05:29,2,1,2,0,128,558,300,512,33,927,19,560,768,348,252,910,615,119,4,528,661,452,83,225,781,671,559,870,250,796,461,590,847,675,356,0,365,94,87,35,106,64,67,97,31,131,101,131,47,50,79,37,106,91,101,65,111,44,82,36,24,132,75,118,36,87,121,53,140
[14315.773545] [AOA] Measurement: 0,1627141933.150373,08:55:31:9b:05:29,2,1,2,0,128,595,320,568,104,839,957,954,557,975,515,877,623,28,1016,575,702,436,95,233,758,716,588,849,293,376,686,125,44,199,546,566,921,93,78,30,104,59,66,92,29,127,107,137,45,50,82,38,111,88,101,64,108,46,84,39,27,139,84,130,39,94,126,55,146
[14315.821151] [AOA] Measurement: 0,1627141933.197973,08:55:31:9b:05:29,2,1,2,0,128,36,139,894,800,315,808,1010,558,391,270,314,403,539,792,27,472,946,924,612,472,125,371,863,281,331,631,520,812,681,377,319,698,92,75,30,102,59,65,92,29,134,107,128,46,50,78,36,107,84,96,63,103,45,83,39,28,137,85,132,39,97,127,55,130
[14315.867437] [AOA] Measurement: 0,1627141933.244266,08:55:31:9b:05:29,2,1,2,0,128,30,122,959,846,879,1015,938,482,402,234,905,625,85,994,586,701,404,67,628,503,49,338,338,74,828,466,118,38,165,507,393,825,93,77,29,103,59,64,92,28,133,109,128,45,48,78,37,109,84,98,63,102,43,83,38,29,139,88,135,41,98,129,55,130
[14315.912517] [AOA] Measurement: 0,1627141933.289344,08:55:31:9b:05:29,2,1,2,0,128,686,415,526,68,814,985,529,735,977,429,921,621,92,1018,478,573,489,114,199,764,618,529,896,310,374,628,127,53,174,561,168,579,90,80,33,105,61,63,92,29,128,100,132,47,49,78,36,104,89,99,63,111,45,81,36,24,133,75,118,38,84,116,51,127
[14315.956607] [AOA] Measurement: 0,1627141933.333430,08:55:31:9b:05:29,2,1,2,0,128,619,333,481,36,827,960,10,574,408,270,841,578,187,62,487,649,463,60,130,654,125,359,915,299,426,710,112,51,238,606,707,50,85,67,24,96,52,60,87,26,124,105,137,45,47,76,36,105,84,94,60,101,43,82,38,28,138,87,130,39,98,127,54,144
[14316.000376] [AOA] Measurement: 0,1627141933.377205,08:55:31:9b:05:29,2,1,2,0,128,37,139,496,34,352,817,549,765,988,483,913,610,52,8,418,601,954,927,157,681,71,326,275,42,824,472,608,838,674,375,8,317,97,86,34,108,63,66,96,30,137,106,130,49,51,80,39,110,91,101,67,111,47,84,39,29,141,85,135,40,100,132,55,127
[14316.039219] [AOA] Measurement: 0,1627141933.416048,08:55:31:9b:05:29,2,1,2,0,128,629,360,530,41,814,960,981,473,330,205,278,350,595,823,515,643,493,121,145,667,674,494,276,68,864,482,610,865,213,597,721,124,95,74,29,102,58,64,90,28,129,106,131,45,47,77,36,107,84,97,61,102,45,81,37,29,130,86,130,40,101,129,54,129
[14316.084455] [AOA] Measurement: 0,1627141933.461284,08:55:31:9b:05:29,2,1,2,0,128,25,102,991,890,848,1002,506,711,412,284,886,626,80,1020,491,649,445,59,140,690,65,336,299,102,378,683,557,862,178,518,907,247,94,81,32,104,62,65,96,30,127,107,143,47,50,80,37,108,89,101,64,109,47,85,38,28,128,86,129,40,97,127,56,137
[14316.130201] [AOA] Measurement: 0,1627141933.507024,08:55:31:9b:05:29,2,1,2,0,128,80,129,962,870,277,769,1013,547,412,227,359,413,568,832,984,463,932,919,627,471,166,381,864,290,377,686,119,19,141,505,667,105,94,84,35,105,62,65,95,30,138,105,144,48,51,79,38,108,88,101,64,110,45,83,38,27,137,84,127,40,95,127,55,145
[14316.173930] [AOA] Measurement: 0,1627141933.550759,08:55:31:9b:05:29,2,1,2,0,128,612,351,515,45,867,1010,533,747,4,523,860,617,113,22,510,646,402,63,149,735,606,511,305,93,437,739,123,23,258,598,575,948,87,69,26,96,56,61,90,26,128,106,135,43,46,78,36,106,83,94,61,101,44,81,38,29,127,88,131,38,100,128,54,130
[14316.217646] [AOA] Measurement: 0,1627141933.594475,08:55:31:9b:05:29,2,1,2,0,128,25,114,977,852,311,825,8,547,339,242,896,608,27,1008,1023,487,884,923,155,679,685,552,891,304,789,442,574,821,211,524,820,146,94,80,31,103,60,64,92,29,134,106,143,47,51,78,38,109,87,99,63,108,45,82,39,28,136,81,131,40,96,128,54,132
[14316.265214] [AOA] Measurement: 0,1627141933.642036,08:55:31:9b:05:29,2,1,2,0,128,632,367,499,21,861,1009,587,784,981,523,892,627,98,28,536,662,444,93,135,712,648,560,891,326,401,698,176,53,247,610,737,32,85,68,24,97,53,60,88,25,122,104,132,43,45,74,35,102,79,88,57,93,42,74,38,28,128,84,129,38,94,119,50,137
[14316.307835] [AOA] Measurement: 0,1627141933.684657,08:55:31:9b:05:29,2,1,2,0,128,681,380,532,42,862,1008,527,759,960,463,849,603,491,800,524,646,415,62,204,736,624,507,808,255,338,647,103,10,628,318,863,217,89,79,31,104,61,64,94,29,132,102,128,47,49,79,36,107,89,100,66,109,45,83,38,27,139,84,127,40,98,128,54,128
[14316.348640] [AOA] Measurement: 0,1627141933.725469,08:55:31:9b:05:29,2,1,2,0,128,599,328,509,60,830,1018,502,706,423,292,868,610,43,981,534,659,438,75,140,703,682,568,845,295,379,669,507,799,639,292,324,817,94,84,32,107,63,66,93,29,136,105,129,47,51,80,37,111,89,101,64,107,45,85,38,29,135,87,131,41,99,131,56,129
[14316.393796] [AOA] Measurement: 0,1627141933.770626,08:55:31:9b:05:29,2,1,2,0,128,543,317,508,37,337,832,849,485,424,251,371,431,508,802,529,680,448,63,620,495,78,308,285,66,802,413,580,863,696,359,25,416,89,77,29,104,60,64,92,28,134,105,143,46,49,79,37,108,88,99,62,107,43,83,36,28,130,79,125,39,94,125,54,148
[14316.432892] [AOA] Measurement: 0,1627141933.809718,08:55:31:9b:05:29,2,1,2,0,128,601,376,458,27,867,981,479,717,1021,459,874,595,64,9,547,706,504,98,634,491,645,513,905,318,324,652,189,58,183,543,997,244,89,71,27,96,57,60,88,25,127,104,127,44,47,74,37,103,82,96,60,105,43,84,37,28,129,84,130,40,98,130,55,128
[14316.472430] [AOA] Measurement: 0,1627141933.849257,08:55:31:9b:05:29,2,1,2,0,128,43,108,962,886,266,796,941,510,342,222,304,352,481,788,11,457,451,88,129,658,68,305,253,24,809,450,550,821,652,344,774,222,94,84,35,104,61,65,95,30,135,105,144,49,51,79,39,108,91,101,66,111,46,86,39,27,131,83,127,40,95,127,55,147
[14316.512787] [AOA] Measurement: 0,1627141933.889608,08:55:31:9b:05:29,2,1,2,0,128,61,147,950,855,306,778,1011,517,340,202,299,363,561,818,25,494,442,54,242,734,649,548,834,260,845,466,569,820,615,319,930,510,87,67,24,93,53,60,85,25,121,102,131,42,45,74,35,101,77,89,57,94,42,78,37,29,136,87,132,40,100,125,53,131
[14316.565961] [AOA] Measurement: 0,1627141933.942783,08:55:31:9b:05:29,2,1,2,0,128,46,131,913,828,850,1002,527,754,951,459,849,602,18,950,942,407,886,922,674,520,83,354,326,72,802,454,150,60,167,538,117,602,92,76,28,104,58,63,92,27,130,106,129,45,47,77,36,108,85,95,64,105,45,84,38,29,139,87,131,40,98,129,55,129
[14316.611070] [AOA] Measurement: 0,1627141933.987896,08:55:31:9b:05:29,2,1,2,0,128,594,277,506,58,861,961,31,602,426,279,383,442,100,1022,503,644,480,94,175,701,674,569,926,352,326,648,126,44,158,507,62,433,94,82,33,106,64,66,97,31,136,107,139,46,50,78,37,107,90,100,65,109,47,84,38,27,136,86,129,40,99,129,55,141
[14316.655341] [AOA] Measurement: 0,1627141934.032170,08:55:31:9b:05:29,2,1,2,0,128,590,340,564,123,838,993,534,784,1004,547,895,629,33,1000,570,680,492,120,156,732,617,531,901,327,397,730,172,61,228,614,785,984,83,66,23,93,52,60,82,23,120,99,129,41,44,74,35,102,77,89,58,93,42,76,38,28,129,87,133,40,100,126,53,135
[14316.700342] [AOA] Measurement: 0,1627141934.077165,08:55:31:9b:05:29,2,1,2,0,128,579,300,527,58,850,991,501,705,1008,433,918,644,31,1008,528,660,491,111,167,687,669,531,916,320,308,637,559,806,640,334,143,567,94,82,33,104,65,66,94,32,134,103,144,46,50,77,37,106,90,99,64,111,45,80,36,26,132,78,121,36,88,118,52,137
[14316.743958] [AOA] Measurement: 0,1627141934.120786,08:55:31:9b:05:29,2,1,2,0,128,49,99,476,14,263,766,984,513,422,257,362,404,563,817,970,451,945,948,572,438,63,315,866,301,321,646,578,836,656,342,299,801,91,84,35,103,63,63,92,30,128,94,134,45,48,75,35,100,88,97,62,108,42,78,34,21,122,67,105,33,72,102,47,124
[14316.787847] [AOA] Measurement: 0,1627141934.164677,08:55:31:9b:05:29,2,1,2,0,128,96,162,466,10,300,778,997,532,382,231,319,389,498,810,7,463,953,941,612,473,61,265,201,47,769,430,554,804,751,399,476,871,91,75,29,101,56,62,90,26,128,106,135,45,49,79,36,108,84,96,62,106,45,83,40,29,130,88,132,38,99,129,55,127
[14316.835490] [AOA] Measurement: 0,1627141934.212312,08:55:31:9b:05:29,2,1,2,0,128,597,329,477,10,304,787,557,754,958,483,939,665,67,1013,483,641,421,80,78,650,122,359,843,248,825,455,611,868,200,521,538,915,95,87,37,105,64,66,95,32,129,102,138,48,50,80,36,108,92,103,65,113,45,86,37,25,141,82,126,39,94,126,54,129
[14316.881721] [AOA] Measurement: 0,1627141934.258550,08:55:31:9b:05:29,2,1,2,0,128,82,133,941,864,355,810,576,765,954,458,852,576,502,801,982,439,966,962,617,483,119,354,308,70,793,458,526,794,647,317,445,900,94,83,33,105,64,64,94,31,137,106,129,48,50,80,39,107,91,102,66,112,47,84,38,27,127,83,129,39,95,127,56,128
[14316.933142] [AOA] Measurement: 0,1627141934.309964,08:55:31:9b:05:29,2,1,2,0,128,6,89,983,831,319,799,1014,561,981,493,893,608,522,807,936,405,885,886,203,723,683,567,887,321,345,636,574,892,649,366,408,948,94,82,33,105,63,65,95,31,134,100,130,48,51,79,35,106,90,99,64,109,45,81,37,24,132,78,121,38,90,121,52,137
[14316.984384] [AOA] Measurement: 0,1627141934.361207,08:55:31:9b:05:29,2,1,2,0,128,1003,73,498,44,960,79,537,771,900,452,924,627,77,1011,560,677,504,139,148,679,77,315,301,81,354,685,208,62,219,618,839,115,90,69,27,96,56,63,88,27,127,105,137,46,47,76,36,108,83,96,62,104,44,81,36,29,128,83,132,39,97,126,53,150
[14317.031973] [AOA] Measurement: 0,1627141934.408795,08:55:31:9b:05:29,2,1,2,0,128,650,348,445,25,853,985,493,691,972,489,922,629,536,797,1019,424,927,892,652,513,661,522,871,237,798,450,576,836,729,386,2,429,86,69,25,94,54,59,85,26,122,105,132,41,43,76,35,102,78,89,57,94,42,75,36,28,127,85,129,37,99,122,51,137
[14317.083094] [AOA] Measurement: 0,1627141934.459916,08:55:31:9b:05:29,2,1,2,0,128,100,162,477,21,858,985,527,722,945,435,906,626,113,7,525,659,416,64,689,553,675,574,895,307,422,733,189,45,288,641,876,39,93,79,31,104,60,65,92,28,132,105,141,47,49,80,38,110,89,101,65,109,45,84,39,28,128,85,128,39,100,129,55,141
[14317.137497] [AOA] Measurement: 0,1627141934.514318,08:55:31:9b:05:29,2,1,2,0,128,12,89,947,834,294,790,544,727,8,531,866,605,518,823,962,458,933,945,596,497,55,305,281,61,867,515,63,1000,216,569,666,957,95,85,35,106,64,67,95,30,128,101,144,48,50,76,35,106,92,101,65,110,46,82,35,25,135,79,118,38,89,122,54,137
[14317.181942] [AOA] Measurement: 0,1627141934.558771,08:55:31:9b:05:29,2,1,2,0,128,615,342,498,58,867,1023,483,744,981,459,337,366,40,974,569,673,535,162,219,771,726,612,899,298,377,699,141,48,279,629,430,751,95,81,32,103,64,65,94,29,132,105,137,48,52,80,38,107,89,101,65,111,46,84,37,26,129,81,126,40,95,127,54,127
[14317.225612] [AOA] Measurement: 0,1627141934.602435,08:55:31:9b:05:29,2,1,2,0,128,38,149,938,816,302,809,992,533,420,254,349,429,97,8,502,647,935,955,619,518,694,561,899,311,389,694,205,37,230,598,504,840,93,81,32,104,62,66,95,30,135,104,128,48,50,79,37,106,87,101,64,111,44,82,37,24,129,80,122,37,90,121,52,140
[14317.269985] [AOA] Measurement: 0,1627141934.646807,08:55:31:9b:05:29,2,1,2,0,128,59,108,487,26,875,13,512,769,917,458,359,393,513,813,986,461,951,957,173,718,673,537,854,285,328,640,196,43,610,281,188,697,92,76,29,102,58,63,91,27,127,107,138,45,50,78,37,107,84,94,63,103,45,82,38,29,139,86,132,40,100,128,56,151
[14317.314254] [AOA] Measurement: 0,1627141934.691084,08:55:31:9b:05:29,2,1,2,0,128,580,326,489,41,805,988,521,728,409,256,878,648,88,1015,561,705,525,131,205,778,639,531,906,298,364,689,120,20,223,527,95,345,93,85,34,104,64,64,93,30,134,102,134,49,51,80,37,105,91,102,66,113,47,83,36,25,132,78,118,38,86,121,52,140
[14317.358684] [AOA] Measurement: 0,1627141934.735513,08:55:31:9b:05:29,2,1,2,0,128,624,352,445,19,865,1006,569,778,40,561,953,689,30,985,507,593,452,90,155,708,603,512,885,321,410,699,193,89,269,643,840,1013,95,84,31,107,62,67,95,30,136,105,145,46,50,77,37,108,90,102,66,113,46,84,38,28,140,85,129,38,96,128,56,151
[14317.399240] [AOA] Measurement: 0,1627141934.776063,08:55:31:9b:05:29,2,1,2,0,128,589,314,948,877,274,741,28,551,439,299,984,680,68,5,488,653,892,892,686,526,94,330,856,288,845,466,587,861,192,582,755,95,89,72,27,99,56,64,90,28,129,106,136,45,48,79,37,108,83,94,62,101,45,82,37,29,137,88,135,40,101,129,54,139
[14317.444726] [AOA] Measurement: 0,1627141934.821548,08:55:31:9b:05:29,2,1,2,0,128,641,376,428,1013,919,983,979,530,419,289,877,608,62,1004,503,670,884,880,605,482,122,384,853,277,880,493,154,53,224,606,258,577,96,86,35,105,66,67,95,31,139,106,131,47,51,79,38,109,92,104,67,112,46,86,38,27,136,83,128,40,97,127,56,149
[14317.495898] [AOA] Measurement: 0,1627141934.872720,08:55:31:9b:05:29,2,1,2,0,128,582,333,489,22,915,37,560,770,963,446,915,637,60,1022,578,674,497,116,148,710,680,567,864,315,817,459,623,899,648,348,757,186,91,74,28,101,55,63,90,28,130,107,127,45,48,78,37,107,84,96,61,103,45,82,38,29,139,88,133,41,100,128,54,131
[14317.543977] [AOA] Measurement: 0,1627141934.920798,08:55:31:9b:05:29,2,1,2,0,128,25,105,486,17,849,999,538,748,944,478,931,645,101,3,504,646,496,98,188,706,636,552,907,316,359,658,575,850,581,309,346,808,91,73,27,98,57,63,90,27,129,103,129,44,46,78,36,107,84,94,62,101,44,81,38,29,137,87,133,39,98,127,56,130
[14317.595034] [AOA] Measurement: 0,1627141934.971856,08:55:31:9b:05:29,2,1,2,0,128,589,304,885,821,331,831,1010,538,431,302,935,635,1009,945,973,403,886,884,627,499,98,372,901,296,838,476,96,1017,231,614,491,802,91,75,27,100,57,61,91,27,132,107,137,45,47,77,38,104,84,96,61,101,44,81,37,28,127,84,128,41,99,127,54,150
[14317.636340] [AOA] Measurement: 0,1627141935.013167,08:55:31:9b:05:29,2,1,2,0,128,1014,79,973,866,277,780,1018,514,393,247,326,400,110,1,954,431,876,867,623,509,154,369,329,92,775,406,626,881,618,298,646,197,94,86,35,105,65,66,96,31,137,102,146,47,50,78,37,104,90,100,66,112,45,83,37,26,135,79,121,38,90,123,53,136
[14317.684228] [AOA] Measurement: 0,1627141935.061052,08:55:31:9b:05:29,2,1,2,0,128,578,311,545,31,844,985,512,743,0,522,955,682,7,977,514,711,429,96,196,720,699,537,951,386,359,692,225,83,280,655,189,371,93,89,38,103,63,65,94,31,129,95,128,48,50,74,34,101,92,99,64,112,46,82,36,23,129,74,115,36,86,117,51,132
[14317.729579] [AOA] Measurement: 0,1627141935.106401,08:55:31:9b:05:29,2,1,2,0,128,90,189,503,18,847,995,519,749,967,463,866,591,82,1019,514,672,514,177,223,742,678,561,864,260,423,716,117,43,677,375,378,828,87,70,27,97,54,60,86,26,122,102,136,42,46,75,37,105,80,92,59,95,42,78,37,30,127,86,129,40,97,125,52,133
[14317.773194] [AOA] Measurement: 0,1627141935.150022,08:55:31:9b:05:29,2,1,2,0,128,78,145,492,47,842,973,562,783,987,490,927,646,37,977,975,422,1006,980,159,733,78,317,916,317,388,693,89,14,260,611,757,98,91,78,30,103,59,64,94,28,128,107,143,45,48,79,36,111,82,98,62,104,44,83,40,28,129,90,135,40,99,128,54,129
[14317.812590] [AOA] Measurement: 0,1627141935.189412,08:55:31:9b:05:29,2,1,2,0,128,634,386,454,10,909,19,575,787,1020,517,966,668,41,1008,516,634,936,933,642,481,665,521,275,82,852,503,555,824,727,434,562,835,88,73,26,98,55,62,88,27,127,104,130,42,44,74,37,104,81,93,61,99,43,80,36,27,128,87,132,40,97,127,55,139
[14317.863841] [AOA] Measurement: 0,1627141935.240662,08:55:31:9b:05:29,2,1,2,0,128,616,363,438,1000,314,822,946,500,411,290,900,621,65,1001,494,605,929,939,644,499,85,364,924,297,802,430,592,824,654,365,602,980,88,70,26,99,54,62,87,27,124,105,134,43,47,77,35,106,84,96,61,103,45,81,38,28,140,87,127,40,100,128,56,129
[14317.910711] [AOA] Measurement: 0,1627141935.287540,08:55:31:9b:05:29,2,1,2,0,128,1019,89,948,852,305,788,1016,569,1011,475,883,642,103,1022,517,666,925,975,181,705,674,545,926,342,336,652,113,12,675,347,428,864,94,84,35,106,63,65,93,31,127,99,137,48,49,77,36,106,90,101,65,109,46,83,37,24,133,77,118,36,84,118,51,133
[14317.962281] [AOA] Measurement: 0,1627141935.339103,08:55:31:9b:05:29,2,1,2,0,128,603,332,457,5,298,804,971,523,328,244,310,410,487,780,1,445,962,933,218,716,690,531,954,371,376,688,97,1018,247,581,480,778,92,80,31,103,61,65,95,31,136,107,143,46,51,78,37,108,86,99,63,108,46,86,38,28,139,84,131,39,98,127,56,134
[14318.018246] [AOA] Measurement: 0,1627141935.395073,08:55:31:9b:05:29,2,1,2,0,128,31,125,564,16,850,982,449,656,306,204,370,414,96,1018,471,694,467,127,129,643,94,295,243,97,764,391,555,810,675,318,896,326,93,78,29,105,58,64,92,28,131,107,141,45,49,80,37,110,84,96,61,99,44,82,38,29,135,87,133,40,99,127,55,147
[14318.061838] [AOA] Measurement: 0,1627141935.438665,08:55:31:9b:05:29,2,1,2,0,128,524,282,526,60,886,7,524,723,990,485,892,603,69,1,493,689,483,140,88,649,87,333,837,284,839,458,626,834,610,279,30,479,93,85,35,103,62,64,90,30,134,99,141,47,50,76,36,104,89,98,63,110,44,79,35,24,128,74,116,37,84,120,51,129
[14318.101368] [AOA] Measurement: 0,1627141935.478197,08:55:31:9b:05:29,2,1,2,0,128,29,141,928,842,311,792,1019,554,364,180,312,365,524,814,961,434,925,905,602,479,140,362,911,328,408,695,60,998,643,344,558,1007,92,82,34,105,62,65,94,30,133,102,146,48,48,76,36,103,90,100,64,110,44,82,37,26,127,81,121,39,90,121,53,138
[14318.145481] [AOA] Measurement: 0,1627141935.522303,08:55:31:9b:05:29,2,1,2,0,128,669,387,512,64,896,991,536,782,972,520,846,615,142,37,574,674,479,128,184,701,601,531,954,332,476,763,174,64,295,627,1009,182,94,80,33,105,60,66,95,29,131,105,140,45,49,76,36,108,87,100,65,109,46,82,37,28,127,85,133,41,99,129,56,149
[14318.190365] [AOA] Measurement: 0,1627141935.567186,08:55:31:9b:05:29,2,1,2,0,128,694,401,500,43,876,1010,584,787,924,463,989,673,70,1022,555,683,509,117,203,740,596,513,862,254,334,659,187,64,233,583,387,549,93,83,34,106,63,66,94,31,129,105,131,48,49,79,37,109,89,100,66,110,46,84,37,27,127,83,128,39,97,125,55,129
[14318.233569] [AOA] Measurement: 0,1627141935.610395,08:55:31:9b:05:29,2,1,2,0,128,75,175,521,31,269,779,995,528,362,277,354,392,39,1014,531,670,458,128,148,696,65,315,854,270,832,473,537,821,631,318,601,136,91,77,29,102,58,65,89,28,129,107,129,44,48,79,36,108,81,96,61,101,43,80,36,29,127,87,135,40,101,129,52,135
[14318.281529] [AOA] Measurement: 0,1627141935.658351,08:55:31:9b:05:29,2,1,2,0,128,1010,92,990,839,297,804,970,515,380,225,289,373,567,844,916,376,945,928,631,495,176,352,895,333,321,642,115,987,615,339,874,365,86,69,25,97,53,59,86,25,127,106,136,45,47,77,36,107,80,91,61,99,44,79,39,28,139,86,131,40,99,129,55,150
[14318.328808] [AOA] Measurement: 0,1627141935.705634,08:55:31:9b:05:29,2,1,2,0,128,77,137,512,60,924,4,453,698,958,452,889,587,95,5,457,613,948,923,686,505,106,376,353,117,858,492,117,1021,204,547,960,346,77,57,19,83,47,53,78,22,108,97,116,38,38,67,32,92,68,79,51,82,39,70,35,28,124,83,124,36,93,116,48,129
[14318.373483] [AOA] Measurement: 0,1627141935.750311,08:55:31:9b:05:29,2,1,2,0,128,666,381,544,77,857,993,595,803,14,513,934,611,79,57,520,669,510,106,147,724,662,533,936,346,407,684,77,7,192,537,229,681,94,81,32,103,60,66,93,29,135,106,142,46,49,79,37,104,88,98,64,107,46,83,38,27,137,87,129,40,95,127,55,150
[14318.412242] [AOA] Measurement: 0,1627141935.789070,08:55:31:9b:05:29,2,1,2,0,128,586,346,544,30,839,978,79,575,357,240,308,421,497,797,936,421,887,927,675,526,154,351,368,104,778,409,700,928,153,533,517,871,89,91,40,99,64,63,91,31,129,90,139,46,50,73,35,99,88,98,62,110,43,78,36,23,132,72,112,35,83,116,51,128
[14318.461901] [AOA] Measurement: 0,1627141935.838726,08:55:31:9b:05:29,2,1,2,0,128,81,146,954,841,915,5,537,756,1008,503,885,612,26,981,979,418,905,902,582,477,101,379,859,254,398,679,219,80,273,617,850,993,89,73,27,102,57,63,91,27,132,106,133,45,49,78,37,108,85,98,62,100,45,82,39,29,140,87,134,40,100,129,54,134
[14318.506638] [AOA] Measurement: 0,1627141935.883464,08:55:31:9b:05:29,2,1,2,0,128,618,319,519,58,899,1014,470,677,923,490,394,414,529,809,965,401,947,963,686,554,85,346,334,44,400,702,205,92,228,580,107,454,90,78,29,103,59,65,91,28,133,105,141,45,49,79,37,106,85,98,63,105,44,82,39,29,127,88,127,39,96,129,56,129
[14318.554090] [AOA] Measurement: 0,1627141935.930913,08:55:31:9b:05:29,2,1,2,0,128,13,107,956,895,375,821,489,736,1003,481,882,621,83,1017,976,429,877,906,603,501,83,301,374,103,854,496,168,53,150,532,992,345,90,75,29,101,57,64,92,27,131,106,140,45,48,78,38,108,86,101,62,108,44,80,36,25,127,81,126,38,94,127,55,137
[14318.600519] [AOA] Measurement: 0,1627141935.977347,08:55:31:9b:05:29,2,1,2,0,128,28,117,992,825,273,767,567,780,935,475,885,597,502,790,993,475,924,919,187,715,692,536,878,291,365,700,139,29,187,555,337,703,94,82,34,106,61,67,95,31,138,104,145,48,50,77,37,108,91,100,65,110,45,84,36,27,132,79,127,38,93,124,55,134
[14318.645960] [AOA] Measurement: 0,1627141936.022789,08:55:31:9b:05:29,2,1,2,0,128,0,89,25,912,294,785,570,765,995,516,272,385,508,813,954,443,874,895,639,518,67,289,287,60,801,450,109,20,219,580,493,835,91,77,28,102,60,64,90,29,129,106,142,47,49,80,38,110,85,99,63,106,44,81,37,27,138,85,129,41,99,129,54,128
[14318.697091] [AOA] Measurement: 0,1627141936.073919,08:55:31:9b:05:29,2,1,2,0,128,993,56,927,852,296,803,552,771,952,488,900,609,38,985,546,704,473,116,203,783,669,551,807,266,326,637,610,859,651,322,601,13,92,80,30,102,59,65,93,29,134,102,137,47,49,80,38,109,86,99,64,106,45,83,37,26,139,83,128,39,95,128,55,134
[14318.744699] [AOA] Measurement: 0,1627141936.121521,08:55:31:9b:05:29,2,1,2,0,128,593,367,530,26,843,983,524,740,935,451,934,651,45,994,547,672,404,89,642,485,143,344,879,294,386,710,138,40,215,557,502,829,93,80,33,104,63,67,94,29,135,106,138,48,51,79,37,111,91,102,64,113,46,84,38,26,134,84,126,38,95,128,53,147
[14318.791263] [AOA] Measurement: 0,1627141936.168091,08:55:31:9b:05:29,2,1,2,0,128,92,186,510,52,912,2,554,774,1002,480,902,590,88,1020,556,720,486,176,158,722,579,503,914,286,322,666,572,842,697,350,158,595,94,82,33,106,63,66,95,30,137,106,143,48,50,79,37,110,89,99,64,109,45,84,37,28,139,83,127,41,97,131,55,138
[14318.841081] [AOA] Measurement: 0,1627141936.217908,08:55:31:9b:05:29,2,1,2,0,128,614,315,944,881,334,827,564,724,472,337,317,404,552,791,990,437,979,961,649,537,63,337,323,114,336,648,120,40,190,571,83,488,93,76,29,102,59,64,93,30,128,106,142,46,49,79,37,109,87,98,61,108,44,82,39,28,128,88,127,41,99,130,55,128
[14318.880911] [AOA] Measurement: 0,1627141936.257733,08:55:31:9b:05:29,2,1,2,0,128,613,361,485,30,918,20,488,733,985,525,834,591,27,977,553,673,419,67,182,707,694,552,897,294,362,696,153,64,254,602,730,7,89,75,28,101,60,65,93,30,130,107,144,47,49,78,36,107,85,98,63,106,44,83,38,27,129,85,130,40,96,128,56,142
[14318.928753] [AOA] Measurement: 0,1627141936.305581,08:55:31:9b:05:29,2,1,2,0,128,16,104,949,865,319,830,18,577,472,286,930,632,1023,977,500,631,917,930,669,516,113,371,313,77,850,449,614,875,634,350,867,230,92,80,31,104,60,67,92,28,128,107,141,47,49,79,36,107,89,99,64,109,46,84,38,28,136,82,129,39,93,127,54,133
[14318.971926] [AOA] Measurement: 0,1627141936.348749,08:55:31:9b:05:29,2,1,2,0,128,71,142,533,60,816,975,986,521,2,473,932,638,105,2,466,621,941,944,183,728,696,550,883,293,402,709,112,22,206,538,143,506,92,88,37,104,66,66,94,31,127,97,133,48,48,74,36,104,92,99,62,112,44,79,35,23,131,73,113,37,84,116,51,128
[14319.017596] [AOA] Measurement: 0,1627141936.394424,08:55:31:9b:05:29,2,1,2,0,128,36,87,975,890,360,833,1018,574,906,410,925,627,47,1004,1009,434,910,908,666,484,99,328,321,97,841,491,609,840,654,337,17,417,94,81,32,101,61,66,93,29,135,105,128,47,50,79,37,108,90,99,66,109,46,81,37,25,129,81,125,39,91,126,55,141
[14319.062468] [AOA] Measurement: 0,1627141936.439295,08:55:31:9b:05:29,2,1,2,0,128,53,121,987,889,919,74,500,754,969,478,878,613,22,1017,613,697,490,146,139,735,632,485,862,236,407,722,99,992,646,312,396,968,93,78,29,104,59,64,92,28,132,106,134,46,47,78,36,105,85,96,60,99,44,82,37,28,135,85,127,39,98,125,53,127
[14319.105778] [AOA] Measurement: 0,1627141936.482601,08:55:31:9b:05:29,2,1,2,0,128,567,307,566,57,836,1001,462,699,941,463,938,634,50,995,459,628,430,83,159,677,639,532,889,255,414,736,637,840,196,545,349,740,94,82,32,103,62,66,96,31,138,106,145,48,49,81,37,108,90,101,65,108,45,83,37,28,134,83,129,39,98,127,55,139
[14319.150658] [AOA] Measurement: 0,1627141936.527480,08:55:31:9b:05:29,2,1,2,0,128,36,106,985,846,278,800,1001,504,433,265,313,386,533,773,0,503,933,938,679,544,661,526,908,338,725,398,617,877,635,331,399,882,91,77,28,102,60,65,92,27,127,106,140,44,48,78,36,107,82,95,60,99,43,80,37,28,128,87,134,41,100,126,54,137
[14319.199171] [AOA] Measurement: 0,1627141936.575998,08:55:31:9b:05:29,2,1,2,0,128,40,134,996,871,322,820,977,487,449,276,914,618,55,990,978,463,891,889,644,508,81,322,307,100,392,690,129,50,655,362,233,650,91,77,27,100,58,64,93,28,128,107,141,44,47,79,37,108,87,96,63,102,45,82,38,28,137,86,129,39,98,129,54,151
[14319.238253] [AOA] Measurement: 0,1627141936.615083,08:55:31:9b:05:29,2,1,2,0,128,647,376,490,64,898,1003,606,808,944,480,912,640,71,1002,533,653,484,95,226,739,608,530,899,289,448,720,146,33,629,343,514,939,95,84,33,105,62,67,96,30,128,105,130,47,51,77,36,106,89,100,64,111,45,84,38,28,127,86,127,38,93,123,53,141
[14319.287913] [AOA] Measurement: 0,1627141936.664736,08:55:31:9b:05:29,2,1,2,0,128,613,358,543,63,902,14,475,718,869,407,319,410,536,814,550,660,890,929,617,499,130,373,919,341,355,683,93,5,266,617,738,992,94,77,31,104,61,66,93,29,136,107,142,47,49,80,38,110,89,101,65,105,45,82,39,30,138,88,129,41,101,129,56,133
[14319.332871] [AOA] Measurement: 0,1627141936.709698,08:55:31:9b:05:29,2,1,2,0,128,634,351,972,847,330,835,998,574,986,487,359,433,583,832,502,643,438,66,150,692,91,325,387,150,340,643,153,52,668,371,772,212,93,79,32,102,59,64,91,30,131,103,129,46,50,79,38,109,89,100,65,109,42,78,37,26,128,80,127,39,94,126,54,145
[14319.383274] [AOA] Measurement: 0,1627141936.760100,08:55:31:9b:05:29,2,1,2,0,128,27,105,1008,861,284,735,995,509,394,230,347,399,84,1023,521,703,922,956,609,433,155,339,259,105,792,439,585,806,689,304,801,358,93,79,32,104,59,66,94,30,132,106,145,47,50,79,37,111,90,99,63,107,45,84,37,28,139,86,132,40,99,129,57,151
[14319.433193] [AOA] Measurement: 0,1627141936.810015,08:55:31:9b:05:29,2,1,2,0,128,629,359,515,47,903,19,526,751,952,478,903,620,37,6,493,655,409,11,184,705,62,317,288,59,846,446,615,893,220,565,354,657,79,60,21,87,49,56,79,23,115,99,125,39,43,69,34,99,73,84,53,88,40,72,34,28,123,82,127,38,95,117,50,135
[14319.478734] [AOA] Measurement: 0,1627141936.855562,08:55:31:9b:05:29,2,1,2,0,128,1003,62,923,828,275,758,18,574,429,256,855,585,32,997,508,656,463,72,182,730,595,515,321,70,772,410,646,889,700,365,425,861,84,65,24,92,54,59,84,25,124,105,129,42,44,76,35,103,79,90,58,97,42,75,36,28,133,87,134,40,99,126,53,129
[14319.523532] [AOA] Measurement: 0,1627141936.900359,08:55:31:9b:05:29,2,1,2,0,128,53,103,925,858,397,875,465,732,934,446,279,395,486,746,1015,451,400,20,653,513,97,318,897,275,418,699,132,50,186,515,984,325,93,79,31,103,61,64,93,30,129,104,143,45,51,78,37,108,91,102,64,110,44,83,36,26,137,85,129,39,96,129,55,127
[14319.568912] [AOA] Measurement: 0,1627141936.945740,08:55:31:9b:05:29,2,1,2,0,128,589,298,535,18,851,1016,573,746,986,494,911,601,111,26,581,764,500,164,189,715,713,589,908,379,412,719,190,66,250,593,440,689,96,79,30,105,61,66,94,30,127,108,143,47,49,78,37,109,87,98,64,107,46,84,38,29,129,87,133,42,100,130,56,130
[14319.612901] [AOA] Measurement: 0,1627141936.989724,08:55:31:9b:05:29,2,1,2,0,128,68,147,557,53,832,987,953,519,414,284,284,368,508,824,971,431,931,896,694,539,67,305,364,135,344,652,142,17,631,340,414,794,87,71,26,97,56,64,87,27,126,105,131,43,46,74,35,104,82,94,60,103,43,81,37,27,137,87,132,40,99,128,54,150
[14319.663943] [AOA] Measurement: 0,1627141937.040768,08:55:31:9b:05:29,2,1,2,0,128,575,312,529,63,890,1,563,744,993,504,907,667,79,0,504,629,890,888,640,479,47,345,329,89,432,726,116,45,246,625,576,887,92,79,31,104,58,65,92,30,132,104,138,47,48,79,36,108,87,100,62,107,45,83,37,28,138,86,132,40,97,129,54,151
[14319.710620] [AOA] Measurement: 0,1627141937.087447,08:55:31:9b:05:29,2,1,2,0,128,60,137,899,811,281,789,996,537,390,282,385,440,529,795,968,414,945,933,105,638,131,373,966,337,259,617,629,851,668,325,1007,471,84,64,24,95,53,59,86,26,126,104,137,42,47,75,37,105,82,93,61,101,43,82,39,30,136,85,132,40,96,124,53,147
[14319.755206] [AOA] Measurement: 0,1627141937.132033,08:55:31:9b:05:29,2,1,2,0,128,600,339,513,62,840,977,553,786,957,473,878,593,96,1004,481,610,918,953,174,722,47,303,340,90,350,666,108,3,225,590,946,228,94,80,32,104,62,66,93,29,134,107,127,47,50,80,37,104,86,98,63,107,44,81,39,28,141,85,134,39,100,129,55,151
[14319.806957] [AOA] Measurement: 0,1627141937.183785,08:55:31:9b:05:29,2,1,2,0,128,673,382,499,59,890,21,640,823,959,478,949,628,85,1005,526,675,485,121,189,745,600,489,297,45,830,503,132,13,228,559,770,13,88,90,42,95,63,62,87,29,124,83,128,44,48,70,33,95,88,94,59,107,42,74,34,19,121,64,99,33,72,103,47,123
[14319.853902] [AOA] Measurement: 0,1627141937.230727,08:55:31:9b:05:29,2,1,2,0,128,610,335,451,28,840,975,516,715,402,273,936,640,109,1013,960,438,481,115,191,739,655,538,972,338,448,700,174,49,157,568,812,114,88,69,25,97,54,60,88,27,123,104,128,44,46,76,37,105,81,94,60,100,42,80,36,29,136,87,129,40,99,126,53,129
[14319.902509] [AOA] Measurement: 0,1627141937.279336,08:55:31:9b:05:29,2,1,2,0,128,581,317,448,5,836,1013,530,766,933,471,926,643,73,1009,984,442,443,95,156,680,628,514,895,304,365,694,164,46,184,573,457,665,93,81,33,104,60,66,94,31,137,104,143,46,50,78,37,107,89,99,63,109,44,83,36,25,132,81,126,38,93,128,55,141
[14319.953529] [AOA] Measurement: 0,1627141937.330352,08:55:31:9b:05:29,2,1,2,0,128,590,339,497,37,852,974,602,827,976,513,922,653,81,1011,552,686,474,79,576,487,35,291,377,87,347,663,160,48,234,631,404,597,92,79,31,102,62,66,94,31,134,107,130,46,49,80,37,108,86,98,63,107,45,82,38,29,129,87,134,41,100,131,56,149
[14320.004666] [AOA] Measurement: 0,1627141937.381491,08:55:31:9b:05:29,2,1,2,0,128,66,183,458,14,869,1012,537,721,471,317,903,588,529,800,989,468,973,949,594,500,103,344,353,103,307,631,614,885,681,370,330,776,93,79,31,105,61,66,93,29,128,106,129,47,50,80,37,110,89,100,63,110,44,82,37,27,138,82,126,38,96,127,55,129
[14320.049799] [AOA] Measurement: 0,1627141937.426626,08:55:31:9b:05:29,2,1,2,0,128,651,390,440,9,903,1014,471,711,929,444,890,578,498,775,1016,437,895,945,594,462,110,360,873,275,431,751,155,64,226,583,381,742,96,84,32,106,62,65,95,29,131,106,142,45,51,80,38,109,86,101,65,109,46,84,38,29,134,85,131,40,98,127,56,129
[14320.095071] [AOA] Measurement: 0,1627141937.471899,08:55:31:9b:05:29,2,1,2,0,128,986,98,978,865,296,801,983,508,435,269,410,449,578,847,1007,483,906,924,566,460,46,264,271,31,841,453,601,822,683,389,22,425,96,87,35,105,63,65,95,30,129,103,147,48,52,80,37,108,93,102,65,114,46,85,37,26,129,80,125,38,90,124,54,130
[14320.139860] [AOA] Measurement: 0,1627141937.516683,08:55:31:9b:05:29,2,1,2,0,128,40,100,997,852,305,787,1016,551,989,473,949,665,52,989,909,390,899,907,561,405,57,286,308,63,782,414,588,853,211,573,23,450,97,86,34,104,63,67,96,32,136,104,134,46,50,79,36,107,91,103,67,111,45,83,37,26,135,80,122,38,89,122,52,135
[14320.187171] [AOA] Measurement: 0,1627141937.563993,08:55:31:9b:05:29,2,1,2,0,128,78,136,952,851,241,775,1010,515,346,212,290,429,564,850,1006,445,938,949,155,691,628,553,959,340,270,624,105,27,236,612,23,418,94,78,31,103,60,65,92,28,131,105,140,45,48,78,36,107,86,95,63,103,42,80,37,30,140,85,132,41,99,131,56,127
[14320.231722] [AOA] Measurement: 0,1627141937.608543,08:55:31:9b:05:29,2,1,2,0,128,623,321,485,50,854,998,511,747,998,505,988,688,136,62,557,685,482,131,125,682,645,568,893,319,340,653,118,14,219,563,32,308,92,77,30,102,58,64,92,28,130,106,133,46,49,80,36,107,85,94,62,104,43,82,38,27,130,85,131,39,100,129,56,128
[14320.283702] [AOA] Measurement: 0,1627141937.660527,08:55:31:9b:05:29,2,1,2,0,128,5,110,994,860,281,780,1018,543,414,266,410,456,6,962,492,638,895,902,690,529,112,362,904,311,285,597,598,875,669,360,711,38,91,74,28,100,56,62,89,29,127,105,138,44,48,79,36,107,85,94,60,104,43,80,37,29,140,86,131,39,97,128,55,142
[14320.328425] [AOA] Measurement: 0,1627141937.705252,08:55:31:9b:05:29,2,1,2,0,128,603,326,497,42,827,978,533,730,346,200,386,430,513,832,990,469,923,921,602,452,713,534,863,303,832,498,111,1002,211,521,367,725,90,74,29,100,58,64,90,29,126,104,129,44,48,77,37,108,84,97,64,105,45,83,38,28,137,85,129,39,100,130,56,152
[14320.373704] [AOA] Measurement: 0,1627141937.750531,08:55:31:9b:05:29,2,1,2,0,128,979,82,964,852,308,802,1009,542,411,262,907,641,118,11,544,689,402,40,695,560,12,256,335,100,860,507,187,61,158,529,931,257,94,82,34,104,61,64,94,29,135,102,128,47,51,80,38,107,89,100,65,111,44,82,37,26,139,80,128,41,94,125,54,127
[14320.418049] [AOA] Measurement: 0,1627141937.794876,08:55:31:9b:05:29,2,1,2,0,128,4,98,967,876,279,792,0,573,998,494,914,628,111,1015,642,747,513,136,147,726,582,504,867,259,860,519,112,2,255,592,847,83,92,81,31,106,60,64,92,29,133,105,137,46,48,78,37,107,84,99,62,105,45,82,37,28,140,86,131,41,98,131,57,134
[14320.463728] [AOA] Measurement: 0,1627141937.840550,08:55:31:9b:05:29,2,1,2,0,128,655,373,530,100,854,9,561,788,979,503,887,635,69,1008,482,647,470,126,199,744,39,316,329,85,334,655,584,853,686,392,922,346,93,80,31,101,60,66,90,29,133,107,135,46,50,78,38,111,89,101,64,109,45,83,38,27,140,85,131,41,96,129,55,128
[14320.516633] [AOA] Measurement: 0,1627141937.893455,08:55:31:9b:05:29,2,1,2,0,128,565,268,574,59,832,986,467,695,369,243,970,635,507,816,963,462,926,916,251,753,681,553,882,323,336,674,158,33,200,600,371,696,94,84,33,105,61,66,94,30,127,105,127,47,50,79,37,107,86,102,63,108,45,83,37,27,137,84,129,40,96,128,56,128
[14320.561918] [AOA] Measurement: 0,1627141937.938745,08:55:31:9b:05:29,2,1,2,0,128,1021,72,963,844,282,792,1021,586,997,505,932,644,83,979,534,635,400,77,634,512,72,291,304,68,862,484,631,882,162,503,110,380,93,84,34,106,62,66,95,31,136,103,130,46,50,78,37,108,90,101,66,111,45,83,37,28,140,83,127,41,94,126,55,136
[14320.619183] [AOA] Measurement: 0,1627141937.996006,08:55:31:9b:05:29,2,1,2,0,128,12,110,960,835,262,765,986,511,310,193,381,462,490,772,964,432,921,923,603,497,87,313,325,87,806,459,602,872,607,293,106,550,89,77,28,101,55,62,88,28,129,106,136,44,48,80,37,107,85,97,62,105,45,82,39,28,129,87,133,41,98,128,54,151
[14320.669426] [AOA] Measurement: 0,1627141938.046252,08:55:31:9b:05:29,2,1,2,0,128,103,182,512,51,921,8,518,701,943,458,875,580,516,808,952,430,935,912,135,670,69,304,340,84,870,524,96,7,691,375,428,799,91,78,29,103,58,65,91,28,127,104,130,47,50,81,38,106,90,101,65,108,45,83,37,27,138,83,130,39,95,126,54,128
[14320.708072] [AOA] Measurement: 0,1627141938.084898,08:55:31:9b:05:29,2,1,2,0,128,87,142,497,51,836,1007,543,753,982,515,917,614,65,985,551,672,400,86,234,767,616,542,827,281,349,635,589,857,229,577,946,176,93,81,33,102,62,65,93,30,133,103,144,45,50,79,38,108,87,97,65,108,44,82,38,26,137,82,127,38,95,127,54,134
[14320.753318] [AOA] Measurement: 0,1627141938.130140,08:55:31:9b:05:29,2,1,2,0,128,626,384,508,40,821,976,535,697,430,303,354,446,516,778,1015,446,505,141,615,505,647,490,888,317,349,682,541,800,669,356,755,162,94,81,32,104,61,64,95,28,134,106,135,46,49,78,37,108,88,101,65,106,45,83,39,28,133,86,129,40,99,130,56,152
[14320.804540] [AOA] Measurement: 0,1627141938.181362,08:55:31:9b:05:29,2,1,2,0,128,1022,107,917,840,336,799,953,532,401,251,904,669,46,985,949,439,896,890,190,710,28,251,372,162,344,651,81,0,697,386,643,9,93,85,34,103,63,66,91,31,134,99,140,47,49,78,35,104,90,100,64,112,44,81,36,25,132,77,116,37,88,123,51,128
[14320.851229] [AOA] Measurement: 0,1627141938.228057,08:55:31:9b:05:29,2,1,2,0,128,632,365,485,46,927,13,491,725,902,405,929,607,574,838,534,664,437,84,138,700,28,296,916,340,370,720,221,85,271,619,611,760,93,82,33,103,62,66,96,30,133,108,133,47,49,79,39,108,87,100,64,111,47,83,37,27,127,85,130,40,97,128,55,136
[14320.896032] [AOA] Measurement: 0,1627141938.272861,08:55:31:9b:05:29,2,1,2,0,128,559,323,434,8,885,1013,546,738,1005,500,933,672,97,37,543,698,456,100,174,739,635,522,842,278,399,680,620,869,207,576,390,776,94,83,34,105,61,66,96,31,137,104,145,46,50,80,39,111,91,101,65,108,46,83,38,26,132,84,129,41,96,129,55,129
[14320.941679] [AOA] Measurement: 0,1627141938.318502,08:55:31:9b:05:29,2,1,2,0,128,11,117,950,887,340,801,988,551,389,259,377,443,525,825,1008,460,905,932,132,678,671,541,890,283,375,702,78,6,259,585,480,826,93,80,32,102,58,64,91,30,134,102,137,47,50,78,36,103,87,101,64,109,45,82,36,25,128,77,120,38,85,121,50,128
[14320.993481] [AOA] Measurement: 0,1627141938.370304,08:55:31:9b:05:29,2,1,2,0,128,622,315,512,22,902,980,554,791,0,535,828,556,43,1011,526,642,509,127,221,711,640,508,815,262,806,461,603,867,673,350,698,70,95,87,34,105,63,65,93,31,132,99,132,47,50,79,35,103,90,98,59,108,44,80,36,24,133,76,116,38,84,118,52,139
[14321.040292] [AOA] Measurement: 0,1627141938.417119,08:55:31:9b:05:29,2,1,2,0,128,68,138,1014,875,848,988,914,484,364,218,341,414,575,856,988,448,861,876,670,499,78,318,329,122,851,454,552,812,605,343,122,725,78,85,42,83,58,52,77,27,111,70,118,41,43,61,27,79,75,77,48,90,37,59,27,14,99,49,76,28,54,80,37,96
[14321.084328] [AOA] Measurement: 0,1627141938.461155,08:55:31:9b:05:29,2,1,2,0,128,40,120,524,73,843,1002,972,505,412,243,858,592,77,1011,595,719,514,134,181,719,666,575,871,253,779,439,636,877,629,339,698,127,93,79,30,97,58,65,92,27,133,107,143,46,49,80,39,110,87,99,64,107,44,83,39,28,133,87,131,40,99,128,56,132
[14321.131083] [AOA] Measurement: 0,1627141938.507905,08:55:31:9b:05:29,2,1,2,0,128,32,115,975,875,901,15,576,773,938,468,930,614,161,58,607,725,485,117,178,741,708,559,950,373,346,710,100,49,146,512,489,879,94,82,32,102,62,65,94,30,135,101,128,46,49,76,34,101,85,100,64,110,45,83,36,25,132,75,115,37,86,118,51,132
[14321.182260] [AOA] Measurement: 0,1627141938.559082,08:55:31:9b:05:29,2,1,2,0,128,568,290,950,893,267,791,1001,543,968,461,959,644,63,1006,536,645,471,101,131,701,574,493,309,87,398,714,162,10,261,598,766,106,93,76,31,103,59,64,93,29,131,105,127,45,48,78,37,108,87,97,63,105,44,81,38,29,134,86,134,40,99,129,56,135
[14321.230402] [AOA] Measurement: 0,1627141938.607224,08:55:31:9b:05:29,2,1,2,0,128,24,139,510,57,912,24,581,768,908,456,854,595,534,839,561,680,418,61,597,515,32,292,324,80,409,715,146,49,191,542,235,580,93,80,30,106,59,65,93,30,135,105,144,47,50,78,38,107,90,96,64,106,45,82,38,27,141,85,129,41,96,128,54,127
[14321.275804] [AOA] Measurement: 0,1627141938.652632,08:55:31:9b:05:29,2,1,2,0,128,588,324,471,41,888,1023,580,795,984,501,928,630,61,11,579,674,430,78,113,675,605,526,867,305,802,470,139,53,194,596,667,1023,94,82,32,103,63,66,96,30,138,103,130,48,51,80,38,106,89,101,64,109,45,82,36,26,136,79,120,36,90,122,53,127
[14321.320462] [AOA] Measurement: 0,1627141938.697290,08:55:31:9b:05:29,2,1,2,0,128,605,341,537,76,909,46,497,714,882,395,358,397,572,854,968,482,922,907,157,679,67,331,865,317,332,655,664,891,593,376,778,155,90,75,27,98,57,64,90,27,129,106,131,44,48,79,37,107,85,95,60,100,41,81,37,28,128,88,131,41,98,126,53,146
[14321.360806] [AOA] Measurement: 0,1627141938.737627,08:55:31:9b:05:29,2,1,2,0,128,627,343,464,20,909,20,582,787,909,453,908,653,533,785,573,699,842,883,198,728,622,509,912,330,355,692,121,13,226,571,55,482,95,84,34,104,64,65,95,31,133,103,127,47,49,78,36,103,90,98,65,108,45,82,37,26,130,77,119,37,87,119,49,129
[14321.408905] [AOA] Measurement: 0,1627141938.785734,08:55:31:9b:05:29,2,1,2,0,128,637,341,461,24,901,1020,517,721,949,462,886,607,53,3,543,671,425,80,633,535,34,269,339,98,332,659,603,873,635,335,239,605,94,85,33,105,64,67,96,30,128,104,134,48,50,79,37,106,89,102,66,109,47,84,38,27,127,86,129,40,94,128,53,146
[14321.450707] [AOA] Measurement: 0,1627141938.827531,08:55:31:9b:05:29,2,1,2,0,128,585,312,938,865,296,790,945,494,450,230,989,672,170,102,549,704,481,131,206,736,668,541,982,347,390,708,90,994,653,347,960,393,95,86,35,107,64,68,96,30,127,105,146,48,50,80,37,106,91,100,65,112,47,84,39,27,139,81,126,41,95,126,55,149
[14321.496916] [AOA] Measurement: 0,1627141938.873743,08:55:31:9b:05:29,2,1,2,0,128,68,113,955,869,297,820,29,572,960,503,879,640,61,1009,454,596,916,909,639,494,118,341,313,135,436,707,125,67,248,569,344,589,89,71,26,96,55,61,86,27,125,103,130,44,47,75,36,106,83,93,61,99,43,78,38,28,135,86,129,38,95,125,53,144
[14321.540769] [AOA] Measurement: 0,1627141938.917596,08:55:31:9b:05:29,2,1,2,0,128,89,145,491,36,879,991,527,707,991,464,944,686,30,993,520,630,489,104,151,691,582,464,324,70,807,476,168,27,212,566,137,430,91,77,30,100,60,64,94,29,133,106,141,46,49,80,38,109,89,100,65,107,46,84,39,28,127,87,132,42,98,130,55,130
[14321.592283] [AOA] Measurement: 0,1627141938.969105,08:55:31:9b:05:29,2,1,2,0,128,39,108,937,841,291,766,986,537,927,419,292,374,84,17,1018,471,950,937,152,676,663,554,864,275,382,660,120,1018,271,610,311,689,92,79,30,104,58,67,93,29,133,105,135,46,48,79,37,111,89,100,65,109,45,84,37,26,136,83,130,41,96,128,55,127
