
[ 8342.504371] [AOA] Measurement: 0,1627167084.342438,08:55:31:9b:09:f4,2,1,2,0,128,902,1005,638,736,231,812,393,321,801,108,169,850,1019,508,435,26,652,340,226,3,450,83,639,988,109,277,964,204,583,104,101,784,89,70,72,68,78,82,77,67,85,83,88,85,79,73,82,74,70,77,62,75,71,77,73,70,86,66,83,72,86,86,82,86
[ 8342.548789] [AOA] Measurement: 0,1627167084.386855,08:55:31:9b:09:f4,2,1,2,0,128,452,188,92,873,708,965,460,388,808,113,739,69,479,621,990,245,183,592,814,213,996,267,149,160,77,278,896,147,620,110,136,804,91,70,74,68,79,83,78,69,86,82,90,87,80,75,83,74,69,78,61,75,73,79,74,68,85,64,82,68,83,85,79,84
[ 8342.594110] [AOA] Measurement: 0,1627167084.432177,08:55:31:9b:09:f4,2,1,2,0,128,466,203,46,883,190,762,935,219,790,92,727,72,968,473,1000,231,121,525,840,233,442,80,111,120,512,37,949,177,11,921,849,526,90,72,74,66,78,83,77,69,86,83,89,85,78,69,82,72,65,77,59,73,70,76,71,66,82,61,80,63,81,83,74,81
[ 8342.637081] [AOA] Measurement: 0,1627167084.475149,08:55:31:9b:09:f4,2,1,2,0,128,461,217,64,888,754,1004,406,360,787,71,170,871,482,649,1002,259,154,581,883,280,948,222,198,194,26,223,934,159,579,126,294,1,89,72,74,66,76,81,76,66,84,81,87,84,78,75,84,73,70,77,61,76,71,80,75,70,86,67,85,70,88,86,82,85
[ 8342.680685] [AOA] Measurement: 0,1627167084.518746,08:55:31:9b:09:f4,2,1,2,0,128,424,200,107,873,754,1000,424,355,771,86,733,22,505,690,983,248,215,633,875,279,965,257,632,948,583,86,946,211,579,124,128,775,89,73,74,67,78,80,77,67,83,83,87,85,80,74,83,74,71,77,61,74,71,78,72,69,85,63,84,68,84,84,79,85
[ 8342.723527] [AOA] Measurement: 0,1627167084.561593,08:55:31:9b:09:f4,2,1,2,0,128,425,164,103,883,764,989,430,352,777,88,658,1004,989,489,447,39,172,568,795,261,399,58,149,155,22,189,954,204,569,117,33,602,87,70,72,67,77,80,78,67,81,82,86,85,80,76,85,75,70,77,60,76,72,80,75,71,84,69,85,73,85,87,82,87
[ 8342.767123] [AOA] Measurement: 0,1627167084.605189,08:55:31:9b:09:f4,2,1,2,0,128,417,149,92,861,200,756,931,159,212,942,174,882,958,435,457,64,622,362,287,70,430,56,663,1021,524,36,449,35,594,112,665,339,88,70,73,67,78,80,78,67,83,82,89,84,80,74,83,73,69,77,60,74,72,79,73,69,86,65,82,67,84,85,79,84
[ 8342.812831] [AOA] Measurement: 0,1627167084.650891,08:55:31:9b:09:f4,2,1,2,0,128,469,158,83,916,738,956,411,335,764,81,166,858,1015,492,496,106,149,534,287,73,456,62,159,149,79,251,946,203,581,147,73,693,91,70,72,67,77,80,76,66,85,84,88,84,80,74,83,74,69,78,60,75,72,78,74,71,86,65,82,69,86,85,79,84
[ 8342.860318] [AOA] Measurement: 0,1627167084.698386,08:55:31:9b:09:f4,2,1,2,2,128,469,158,83,916,738,956,411,335,764,81,166,858,1015,492,496,106,149,534,287,73,456,62,159,149,79,251,946,203,581,147,73,693,87,70,72,67,77,80,78,67,81,82,86,85,80,76,85,75,70,77,60,76,72,80,75,71,84,69,85,73,85,87,82,87
[ 8342.901224] [AOA] Measurement: 0,1627167084.739286,08:55:31:9b:09:f4,2,1,2,2,128,469,158,83,916,738,956,411,335,764,81,166,858,1015,492,496,106,149,534,287,73,456,62,159,149,79,251,946,203,581,147,73,693,65,42023,0,17218,64,12898,16,302,56584,20495,39535,279,9,2055,12629,2459,244,0,0,0,0,0,0,0,0,0,0,0,0,0,0,0
[ 8342.946418] [AOA] Measurement: 0,1627167084.784483,08:55:31:9b:09:f4,2,1,2,2,128,469,158,83,916,738,956,411,335,764,81,166,858,1015,492,496,106,149,534,287,73,456,62,159,149,79,251,946,203,581,147,73,693,87,70,72,67,77,80,78,67,81,82,86,85,80,76,85,75,70,77,60,76,72,80,75,71,84,69,85,73,85,87,82,87
[ 8342.984160] [AOA] Measurement: 0,1627167084.822224,08:55:31:9b:09:f4,2,1,2,2,128,469,158,83,916,738,956,411,335,764,81,166,858,1015,492,496,106,149,534,287,73,456,62,159,149,79,251,946,203,581,147,73,693,65,42023,0,17218,64,12898,16,302,56584,20495,39535,279,9,2055,12629,2459,244,0,0,0,0,0,0,0,0,0,0,0,0,0,0,0
[ 8343.029527] [AOA] Measurement: 0,1627167084.867593,08:55:31:9b:09:f4,2,1,2,2,128,469,158,83,916,738,956,411,335,764,81,166,858,1015,492,496,106,149,534,287,73,456,62,159,149,79,251,946,203,581,147,73,693,87,70,72,67,77,80,78,67,81,82,86,85,80,76,85,75,70,77,60,76,72,80,75,71,84,69,85,73,85,87,82,87
[ 8343.073301] [AOA] Measurement: 0,1627167084.911366,08:55:31:9b:09:f4,2,1,2,0,128,434,144,64,880,739,993,917,160,750,39,704,26,990,458,491,70,580,303,311,71,441,120,626,957,634,81,385,1014,87,967,97,841,87,67,70,65,74,79,73,64,81,79,86,82,76,72,81,72,66,74,57,72,70,75,71,66,83,61,81,67,82,83,78,84
[ 8343.123117] [AOA] Measurement: 0,1627167084.961177,08:55:31:9b:09:f4,2,1,2,2,128,434,144,64,880,739,993,917,160,750,39,704,26,990,458,491,70,580,303,311,71,441,120,626,957,634,81,385,1014,87,967,97,841,87,70,72,67,77,80,78,67,81,82,86,85,80,76,85,75,70,77,60,76,72,80,75,71,84,69,85,73,85,87,82,87
[ 8343.172628] [AOA] Measurement: 0,1627167085.010689,08:55:31:9b:09:f4,2,1,2,2,128,434,144,64,880,739,993,917,160,750,39,704,26,990,458,491,70,580,303,311,71,441,120,626,957,634,81,385,1014,87,967,97,841,87,67,70,65,74,79,73,64,81,79,86,82,76,72,81,72,66,74,57,72,70,75,71,66,83,61,81,67,82,83,78,84
[ 8343.217737] [AOA] Measurement: 0,1627167085.055803,08:55:31:9b:09:f4,2,1,2,2,128,434,144,64,880,739,993,917,160,750,39,704,26,990,458,491,70,580,303,311,71,441,120,626,957,634,81,385,1014,87,967,97,841,87,70,72,67,77,80,78,67,81,82,86,85,80,76,85,75,70,77,60,76,72,80,75,71,84,69,85,73,85,87,82,87
[ 8343.256685] [AOA] Measurement: 0,1627167085.094751,08:55:31:9b:09:f4,2,1,2,2,128,434,144,64,880,739,993,917,160,750,39,704,26,990,458,491,70,580,303,311,71,441,120,626,957,634,81,385,1014,87,967,97,841,65,42023,0,17218,64,12898,16,302,56584,20495,39535,279,9,2055,12629,2459,244,0,0,0,0,0,0,0,0,0,0,0,0,0,0,0
[ 8343.301456] [AOA] Measurement: 0,1627167085.139520,08:55:31:9b:09:f4,2,1,2,0,128,451,197,90,907,825,1018,464,362,804,96,665,12,478,657,505,49,146,539,885,257,7,302,191,183,92,268,950,214,587,134,999,624,90,72,74,71,78,83,79,69,85,85,89,88,81,78,86,76,71,78,62,77,76,83,77,75,88,72,87,76,91,90,88,91
[ 8343.344975] [AOA] Measurement: 0,1627167085.183040,08:55:31:9b:09:f4,2,1,2,0,128,484,212,76,910,782,993,437,365,823,112,716,63,524,699,933,198,143,554,866,272,984,260,120,121,77,265,927,167,591,122,371,986,81,72,70,67,76,77,74,69,80,77,79,78,75,71,77,73,68,73,63,72,71,73,70,68,75,64,75,65,74,76,72,76
[ 8343.388665] [AOA] Measurement: 0,1627167085.226731,08:55:31:9b:09:f4,2,1,2,0,128,458,155,87,860,778,975,923,160,242,929,182,883,981,493,434,3,211,613,272,54,489,139,634,973,91,280,947,210,532,117,612,289,80,72,72,67,75,76,72,69,77,76,80,80,75,72,76,73,65,74,61,72,69,71,69,65,76,61,75,63,71,76,67,73
[ 8343.426383] [AOA] Measurement: 0,1627167085.264449,08:55:31:9b:09:f4,2,1,2,0,128,474,225,47,858,751,1007,410,344,801,81,722,36,519,640,995,246,118,547,882,289,951,247,590,955,565,68,397,6,560,87,420,61,78,72,72,67,75,77,75,69,80,77,79,75,74,70,76,72,65,74,63,72,71,73,69,67,78,61,76,64,74,77,72,76
[ 8343.464282] [AOA] Measurement: 0,1627167085.302346,08:55:31:9b:09:f4,2,1,2,0,128,438,200,145,914,767,984,392,335,780,91,208,882,982,482,485,108,140,582,358,95,973,260,636,958,579,70,915,172,590,132,921,531,79,73,70,68,76,77,73,67,76,77,79,77,74,73,76,72,67,74,62,71,71,73,70,68,76,60,74,63,72,76,68,72
[ 8343.508831] [AOA] Measurement: 0,1627167085.346898,08:55:31:9b:09:f4,2,1,2,0,128,427,183,133,912,731,1000,435,352,766,87,118,850,531,693,459,59,637,379,310,60,1005,302,629,979,527,33,374,999,2,934,491,243,79,71,71,69,76,76,74,69,75,78,77,80,76,73,78,73,70,73,64,72,70,75,72,69,79,68,77,72,79,80,76,81
[ 8343.554083] [AOA] Measurement: 0,1627167085.392149,08:55:31:9b:09:f4,2,1,2,0,128,469,227,44,854,830,33,406,361,229,910,163,878,521,716,1011,247,123,562,863,237,969,292,148,152,535,64,932,200,612,159,159,915,80,71,71,69,75,76,73,68,78,78,78,77,75,73,78,73,67,76,63,73,71,74,69,68,77,63,74,64,75,76,68,72
[ 8343.597013] [AOA] Measurement: 0,1627167085.435079,08:55:31:9b:09:f4,2,1,2,0,128,420,145,83,859,741,979,415,377,254,918,697,36,928,465,438,43,646,398,294,50,508,109,174,164,90,236,927,153,566,102,311,984,79,71,72,68,75,76,76,68,78,78,79,79,74,73,76,73,69,73,65,73,74,77,73,72,78,68,77,68,76,79,73,77
[ 8343.640294] [AOA] Measurement: 0,1627167085.478354,08:55:31:9b:09:f4,2,1,2,0,128,434,177,76,877,744,1004,893,165,193,874,144,858,529,695,406,23,684,380,849,228,420,61,631,980,571,83,382,988,81,983,0,783,78,70,68,69,75,74,74,67,73,76,78,76,73,74,78,71,69,73,64,72,71,76,74,73,79,69,77,72,79,78,78,79
[ 8343.684011] [AOA] Measurement: 0,1627167085.522072,08:55:31:9b:09:f4,2,1,2,0,128,454,156,82,888,193,790,915,136,776,95,168,842,990,472,512,121,188,567,299,48,423,33,636,975,561,54,383,1017,53,948,250,963,80,73,72,68,75,76,73,68,78,77,80,77,75,71,76,73,66,74,63,72,68,71,68,65,72,57,70,60,69,73,63,67
[ 8343.733589] [AOA] Measurement: 0,1627167085.571650,08:55:31:9b:09:f4,2,1,2,0,128,395,157,66,899,720,967,460,359,834,119,734,27,534,667,450,74,164,537,888,268,991,281,192,164,97,327,931,177,599,130,43,727,79,71,72,67,75,76,73,67,77,77,79,77,74,68,76,72,67,74,61,71,70,73,69,68,77,63,77,64,76,77,68,73
[ 8343.777891] [AOA] Measurement: 0,1627167085.615957,08:55:31:9b:09:f4,2,1,2,0,128,478,211,77,900,761,998,437,385,801,82,733,61,416,594,53,300,83,533,287,43,428,88,590,970,575,100,991,204,563,101,161,737,81,71,73,70,76,77,77,69,77,77,79,79,75,72,79,74,70,76,64,73,74,76,71,69,76,67,78,66,77,77,69,76
[ 8343.815595] [AOA] Measurement: 0,1627167085.653660,08:55:31:9b:09:f4,2,1,2,0,128,361,130,146,916,798,1008,476,385,744,53,732,32,1004,463,1006,256,640,375,361,87,423,86,225,148,95,300,938,185,561,108,294,966,77,71,73,69,78,77,75,68,77,77,80,78,74,72,75,72,68,74,65,74,72,75,71,69,78,63,77,66,76,78,72,74
[ 8343.861327] [AOA] Measurement: 0,1627167085.699394,08:55:31:9b:09:f4,2,1,2,0,128,418,181,120,917,746,997,449,370,808,114,746,53,533,682,978,250,103,559,880,246,970,276,163,106,87,286,893,186,590,108,168,846,81,71,70,70,73,74,75,68,77,79,80,80,75,73,78,74,70,75,66,75,71,72,73,69,77,65,76,66,76,77,73,76
[ 8343.905357] [AOA] Measurement: 0,1627167085.743418,08:55:31:9b:09:f4,2,1,2,0,128,449,195,64,875,810,21,399,327,793,84,724,10,515,713,944,236,187,597,815,222,40,335,191,167,109,302,993,246,570,132,293,784,78,70,69,68,77,77,75,70,74,80,77,75,76,75,77,72,72,73,67,74,73,77,74,74,78,73,79,73,82,80,80,81
[ 8343.955879] [AOA] Measurement: 0,1627167085.793943,08:55:31:9b:09:f4,2,1,2,0,128,450,183,564,699,203,803,478,389,772,65,726,59,469,655,475,67,660,386,299,58,408,51,634,991,91,261,374,1005,528,94,564,141,80,72,72,68,77,76,74,69,80,78,78,77,76,71,77,72,66,75,63,72,72,75,70,70,77,64,76,65,73,75,67,71
[ 8344.006558] [AOA] Measurement: 0,1627167085.844620,08:55:31:9b:09:f4,2,1,2,0,128,435,176,80,921,748,999,415,350,794,99,672,1020,976,455,457,36,607,320,373,84,500,116,142,138,523,83,396,988,587,110,1006,653,78,72,70,65,73,75,72,69,77,76,79,77,75,71,75,73,67,74,62,72,71,69,68,66,74,60,72,60,71,73,67,68
[ 8344.052781] [AOA] Measurement: 0,1627167085.890846,08:55:31:9b:09:f4,2,1,2,2,128,435,176,80,921,748,999,415,350,794,99,672,1020,976,455,457,36,607,320,373,84,500,116,142,138,523,83,396,988,587,110,1006,653,80,72,72,68,77,76,74,69,80,78,78,77,76,71,77,72,66,75,63,72,72,75,70,70,77,64,76,65,73,75,67,71
[ 8344.130945] [AOA] Measurement: 0,1627167085.968849,08:55:31:9b:09:f4,2,1,2,0,128,488,225,110,906,791,1006,903,149,271,923,734,35,504,674,412,37,180,575,903,278,951,272,153,127,523,60,319,952,2,918,718,416,80,72,71,71,76,75,75,70,78,79,80,78,75,73,76,72,69,74,66,73,71,74,73,69,78,66,76,69,77,79,74,76
[ 8344.178872] [AOA] Measurement: 0,1627167086.016937,08:55:31:9b:09:f4,2,1,2,0,128,465,193,72,873,757,1020,891,162,287,984,150,868,971,475,429,32,674,408,273,45,998,265,194,148,117,263,971,217,601,174,515,76,79,70,71,67,77,75,73,69,76,76,79,78,74,73,77,73,68,73,63,74,72,75,71,69,78,67,78,70,79,78,74,78
[ 8344.222552] [AOA] Measurement: 0,1627167086.060617,08:55:31:9b:09:f4,2,1,2,2,128,465,193,72,873,757,1020,891,162,287,984,150,868,971,475,429,32,674,408,273,45,998,265,194,148,117,263,971,217,601,174,515,76,79,70,71,67,77,75,73,69,76,76,79,78,74,73,77,73,68,73,63,74,72,75,71,69,78,67,78,70,79,78,74,78
[ 8344.273128] [AOA] Measurement: 0,1627167086.111195,08:55:31:9b:09:f4,2,1,2,2,128,465,193,72,873,757,1020,891,162,287,984,150,868,971,475,429,32,674,408,273,45,998,265,194,148,117,263,971,217,601,174,515,76,80,72,71,71,76,75,75,70,78,79,80,78,75,73,76,72,69,74,66,73,71,74,73,69,78,66,76,69,77,79,74,76
[ 8344.331260] [AOA] Measurement: 0,1627167086.169324,08:55:31:9b:09:f4,2,1,2,2,128,465,193,72,873,757,1020,891,162,287,984,150,868,971,475,429,32,674,408,273,45,998,265,194,148,117,263,971,217,601,174,515,76,0,0,0,0,0,0,0,0,0,0,0,0,0,0,0,0,0,0,0,0,0,0,0,0,0,0,0,0,0,0,0,0
[ 8344.371994] [AOA] Measurement: 0,1627167086.210056,08:55:31:9b:09:f4,2,1,2,0,128,473,221,43,882,772,989,932,180,755,66,726,53,451,636,1009,276,136,542,329,93,452,71,641,1013,78,233,379,0,623,82,863,513,79,71,70,64,75,75,73,66,78,76,78,79,74,70,74,71,63,74,62,71,69,72,67,63,73,60,71,59,71,73,66,72
[ 8344.420319] [AOA] Measurement: 0,1627167086.258385,08:55:31:9b:09:f4,2,1,2,2,128,473,221,43,882,772,989,932,180,755,66,726,53,451,636,1009,276,136,542,329,93,452,71,641,1013,78,233,379,0,623,82,863,513,0,0,0,0,0,0,0,0,0,0,0,0,0,0,0,0,0,0,0,0,0,0,0,0,0,0,0,0,0,0,0,0
[ 8344.460498] [AOA] Measurement: 0,1627167086.298565,08:55:31:9b:09:f4,2,1,2,0,128,453,195,58,858,816,27,389,348,783,69,690,10,507,701,0,239,595,367,306,84,446,84,624,990,516,33,972,180,540,68,993,667,78,69,72,67,74,77,73,68,73,77,79,77,72,71,76,71,68,73,61,71,70,73,69,67,73,60,74,65,73,75,70,74
[ 8344.498981] [AOA] Measurement: 0,1627167086.337043,08:55:31:9b:09:f4,2,1,2,0,128,436,178,63,881,760,967,952,209,819,98,738,70,471,679,1001,232,135,568,885,282,1002,260,174,141,45,237,932,196,593,113,311,986,79,71,71,67,75,77,72,68,77,77,81,78,76,72,75,73,65,73,61,71,68,72,70,67,76,62,76,65,75,74,69,73
[ 8344.547940] [AOA] Measurement: 0,1627167086.386007,08:55:31:9b:09:f4,2,1,2,2,128,436,178,63,881,760,967,952,209,819,98,738,70,471,679,1001,232,135,568,885,282,1002,260,174,141,45,237,932,196,593,113,311,986,78,69,72,67,74,77,73,68,73,77,79,77,72,71,76,71,68,73,61,71,70,73,69,67,73,60,74,65,73,75,70,74
[ 8344.595532] [AOA] Measurement: 0,1627167086.433595,08:55:31:9b:09:f4,2,1,2,0,128,427,191,49,841,219,808,929,177,201,874,200,876,981,509,466,79,600,338,288,50,438,93,209,165,1015,219,440,17,1011,929,61,801,78,69,71,66,74,77,72,68,79,76,78,78,74,71,75,73,67,75,64,73,72,75,70,69,78,64,78,68,76,78,73,76
[ 8344.642248] [AOA] Measurement: 0,1627167086.480310,08:55:31:9b:09:f4,2,1,2,0,128,446,221,105,885,743,1005,919,210,213,919,778,95,527,697,950,225,191,626,344,107,1013,302,140,104,85,248,916,162,0,929,330,85,80,72,73,67,75,76,73,67,80,79,81,77,76,73,75,72,65,75,62,71,71,73,70,68,75,64,76,66,75,74,69,73
[ 8344.691149] [AOA] Measurement: 0,1627167086.529216,08:55:31:9b:09:f4,2,1,2,0,128,432,174,16,861,753,1000,866,136,813,108,703,50,570,710,1009,291,177,551,877,288,396,68,236,184,47,224,931,151,595,126,781,481,79,71,70,67,75,77,75,67,73,77,78,77,74,73,75,71,69,72,63,73,70,74,71,70,77,68,77,70,79,78,75,78
[ 8344.730738] [AOA] Measurement: 0,1627167086.568805,08:55:31:9b:09:f4,2,1,2,2,128,432,174,16,861,753,1000,866,136,813,108,703,50,570,710,1009,291,177,551,877,288,396,68,236,184,47,224,931,151,595,126,781,481,80,72,73,67,75,76,73,67,80,79,81,77,76,73,75,72,65,75,62,71,71,73,70,68,75,64,76,66,75,74,69,73
[ 8344.769950] [AOA] Measurement: 0,1627167086.608012,08:55:31:9b:09:f4,2,1,2,0,128,390,187,94,879,722,979,875,161,295,970,692,15,562,665,27,289,136,558,804,226,464,102,160,125,520,31,1004,209,528,74,274,883,78,71,71,68,77,76,72,68,77,76,79,78,74,72,75,71,66,73,61,73,71,72,68,67,72,62,71,63,76,75,69,73
[ 8344.812668] [AOA] Measurement: 0,1627167086.650733,08:55:31:9b:09:f4,2,1,2,0,128,477,206,61,853,797,1004,355,351,796,103,756,43,444,595,1022,247,157,557,879,259,971,235,204,170,50,221,955,234,571,142,680,375,78,71,71,69,75,77,73,67,76,77,79,75,75,71,77,72,68,74,63,72,70,75,69,67,78,65,77,68,75,76,72,73
[ 8344.855950] [AOA] Measurement: 0,1627167086.694017,08:55:31:9b:09:f4,2,1,2,0,128,443,161,64,891,790,1020,464,384,777,112,670,21,554,708,1001,239,171,574,888,244,1008,268,151,152,73,277,877,174,597,98,863,469,77,69,70,69,73,76,73,67,74,76,78,76,72,74,76,72,68,72,63,73,72,76,70,70,78,68,78,72,77,79,75,75
[ 8344.894316] [AOA] Measurement: 0,1627167086.732382,08:55:31:9b:09:f4,2,1,2,0,128,459,212,1014,823,766,1006,905,180,790,99,719,4,523,642,1006,248,203,560,314,73,1022,309,161,143,61,229,427,44,604,126,94,749,81,73,72,70,76,77,73,68,77,78,82,78,76,71,77,73,65,74,65,72,70,73,70,69,76,63,77,67,76,74,73,74
[ 8344.940583] [AOA] Measurement: 0,1627167086.778647,08:55:31:9b:09:f4,2,1,2,0,128,411,167,134,929,766,989,484,401,783,87,639,1,502,684,1007,267,142,560,864,267,1,320,193,159,41,231,355,997,68,985,655,313,81,73,72,69,76,76,75,70,79,76,80,77,74,71,75,73,67,72,62,71,68,72,67,66,76,63,73,63,75,75,68,75
[ 8344.987718] [AOA] Measurement: 0,1627167086.825784,08:55:31:9b:09:f4,2,1,2,0,128,452,201,55,845,722,977,361,335,195,897,700,21,479,635,411,59,655,375,900,299,417,56,653,952,501,27,426,33,1021,928,635,326,79,71,73,67,75,75,73,67,80,75,79,75,73,67,73,70,65,74,59,70,66,70,66,64,71,57,71,60,68,71,62,68
[ 8345.025727] [AOA] Measurement: 0,1627167086.863793,08:55:31:9b:09:f4,2,1,2,0,128,478,234,98,883,725,977,412,346,252,896,213,878,958,460,416,45,629,381,906,286,1022,290,225,188,9,218,925,179,586,95,281,912,78,71,70,68,74,75,73,67,75,77,79,80,73,75,76,73,69,73,65,73,71,76,70,70,77,69,80,72,78,79,78,80
[ 8345.071344] [AOA] Measurement: 0,1627167086.909405,08:55:31:9b:09:f4,2,1,2,0,128,410,140,60,887,788,987,413,403,760,83,131,828,939,480,436,57,637,351,359,116,450,96,600,968,495,2,387,1021,58,991,477,136,80,72,72,68,75,77,73,69,79,78,78,77,75,72,77,73,68,74,64,73,72,76,71,68,76,63,76,66,75,76,72,77
[ 8345.121153] [AOA] Measurement: 0,1627167086.959215,08:55:31:9b:09:f4,2,1,2,0,128,443,180,111,863,791,4,449,388,820,124,699,21,492,623,1021,236,605,341,311,72,982,276,135,145,64,251,958,176,573,131,3,653,78,72,71,70,76,76,76,69,77,79,78,78,76,73,75,72,69,73,62,73,70,72,69,67,77,64,73,64,74,75,68,73
[ 8345.164096] [AOA] Measurement: 0,1627167087.002157,08:55:31:9b:09:f4,2,1,2,0,128,959,15,566,705,188,797,934,173,235,918,173,852,519,636,1003,239,129,526,330,48,433,40,681,1019,50,233,958,193,1013,928,103,848,80,72,73,70,75,77,75,67,76,77,77,77,75,72,76,71,66,74,64,73,71,76,73,69,76,68,77,69,77,79,73,76
[ 8345.208959] [AOA] Measurement: 0,1627167087.047026,08:55:31:9b:09:f4,2,1,2,0,128,896,1020,527,706,762,996,398,328,767,55,203,872,971,472,425,36,616,385,297,65,424,70,579,954,571,65,952,194,600,139,889,554,79,74,74,70,76,76,73,69,76,79,80,77,76,75,78,72,70,74,65,73,73,75,73,71,79,68,77,72,77,79,74,79
[ 8345.256508] [AOA] Measurement: 0,1627167087.094573,08:55:31:9b:09:f4,2,1,2,0,128,412,179,91,878,735,992,391,311,802,80,706,36,988,501,430,1019,616,348,339,99,437,66,190,179,538,62,398,998,19,978,126,744,77,71,70,69,75,75,73,67,74,76,78,77,74,74,78,72,68,73,65,72,72,75,73,70,80,68,78,70,79,80,78,77
[ 8345.304680] [AOA] Measurement: 0,1627167087.142746,08:55:31:9b:09:f4,2,1,2,0,128,440,171,112,923,179,792,482,398,753,94,761,91,487,631,488,68,178,586,882,309,936,237,203,173,55,277,937,207,517,85,132,801,79,73,73,67,77,78,74,70,78,78,80,78,75,72,77,74,68,74,65,74,72,76,72,70,78,64,78,68,77,78,72,75
[ 8345.350655] [AOA] Measurement: 0,1627167087.188718,08:55:31:9b:09:f4,2,1,2,0,128,918,973,606,727,154,798,938,181,207,865,110,842,982,440,451,54,676,392,318,100,460,90,165,149,563,57,962,191,553,104,894,568,76,72,71,69,76,76,74,68,77,78,79,78,74,73,77,72,69,73,64,72,72,76,72,69,77,66,77,69,78,78,71,73
[ 8345.393541] [AOA] Measurement: 0,1627167087.231603,08:55:31:9b:09:f4,2,1,2,0,128,418,166,106,892,671,951,438,373,783,100,694,31,512,668,998,273,155,551,316,48,413,68,643,958,569,96,1002,220,623,109,259,888,81,73,73,70,78,76,75,68,78,76,81,80,75,72,77,73,68,76,64,74,72,74,72,70,79,66,78,69,77,78,73,76
[ 8345.432109] [AOA] Measurement: 0,1627167087.270175,08:55:31:9b:09:f4,2,1,2,0,128,443,173,90,866,775,1002,464,384,720,34,155,874,494,676,1004,251,185,615,864,285,973,277,163,150,59,253,933,183,549,105,77,775,76,71,69,68,76,75,73,70,77,78,78,78,75,74,73,73,69,72,64,75,71,76,72,72,79,67,77,69,79,79,76,78
[ 8345.473175] [AOA] Measurement: 0,1627167087.311237,08:55:31:9b:09:f4,2,1,2,0,128,516,202,73,888,786,1018,405,327,174,910,197,860,533,719,971,222,624,364,847,238,25,307,141,147,69,263,902,155,59,956,154,837,81,74,73,69,77,77,76,69,79,77,80,79,76,71,77,75,68,76,65,74,73,74,74,69,79,67,79,68,79,78,72,77
[ 8345.518952] [AOA] Measurement: 0,1627167087.357018,08:55:31:9b:09:f4,2,1,2,0,128,502,234,84,888,759,995,404,316,754,40,745,66,520,698,972,254,214,613,912,312,965,286,177,178,39,241,425,1011,613,102,595,182,79,72,72,71,78,79,76,70,79,80,80,79,75,74,77,73,71,75,65,73,72,75,72,69,77,65,77,68,77,78,74,76
[ 8345.564351] [AOA] Measurement: 0,1627167087.402419,08:55:31:9b:09:f4,2,1,2,0,128,938,1008,607,733,207,814,937,197,788,62,111,817,994,476,474,53,650,398,320,55,999,261,147,146,48,234,904,153,11,915,671,423,78,72,71,68,75,76,72,67,76,77,77,76,76,73,75,74,68,75,64,75,72,73,72,71,79,66,78,69,78,78,74,76
[ 8345.608307] [AOA] Measurement: 0,1627167087.446369,08:55:31:9b:09:f4,2,1,2,0,128,425,173,604,733,742,982,453,366,221,925,169,860,494,646,437,34,677,405,316,81,382,57,616,965,80,255,981,196,591,122,70,779,82,74,74,70,78,78,73,69,79,78,80,78,76,73,75,71,67,74,64,72,71,73,70,67,77,63,74,66,75,76,71,74
[ 8345.651308] [AOA] Measurement: 0,1627167087.489369,08:55:31:9b:09:f4,2,1,2,0,128,484,199,90,881,801,1009,911,167,223,897,164,862,945,451,470,84,188,620,850,246,975,280,142,161,31,227,915,156,607,113,1020,691,79,72,72,71,75,78,74,69,76,78,79,79,77,73,79,73,69,74,66,74,72,75,73,71,78,68,77,69,79,80,77,79
[ 8345.696672] [AOA] Measurement: 0,1627167087.534738,08:55:31:9b:09:f4,2,1,2,0,128,418,145,113,929,670,957,960,213,761,52,752,44,519,714,449,70,155,525,298,58,450,85,165,160,528,55,931,206,549,123,509,152,78,72,71,66,75,78,73,69,77,77,79,78,75,73,78,73,67,73,65,73,72,75,72,70,77,66,76,68,77,76,72,74
[ 8345.740714] [AOA] Measurement: 0,1627167087.578780,08:55:31:9b:09:f4,2,1,2,0,128,429,172,563,675,252,842,896,136,269,933,220,916,473,652,997,269,150,566,849,241,990,280,150,114,510,72,385,1022,68,953,785,547,78,73,71,68,76,78,74,67,76,76,79,76,75,71,75,72,67,74,62,74,73,75,72,69,79,65,74,67,73,76,72,74
[ 8345.779127] [AOA] Measurement: 0,1627167087.617194,08:55:31:9b:09:f4,2,1,2,0,128,888,1015,131,914,191,795,841,96,246,953,141,860,954,449,453,103,171,586,268,40,501,127,624,979,492,4,408,1015,602,121,504,95,79,73,72,69,75,75,73,70,76,76,80,79,75,72,76,73,69,74,64,74,72,75,70,71,78,65,78,68,77,78,72,76
[ 8345.823505] [AOA] Measurement: 0,1627167087.661567,08:55:31:9b:09:f4,2,1,2,0,128,438,182,115,894,720,981,466,338,763,66,704,37,522,696,989,221,170,593,891,299,980,243,154,151,45,230,428,1019,68,1000,592,304,77,71,71,68,76,76,75,69,78,78,80,78,75,74,79,74,69,76,64,74,73,75,70,68,78,62,77,68,74,77,72,75
[ 8345.875833] [AOA] Measurement: 0,1627167087.713895,08:55:31:9b:09:f4,2,1,2,0,128,433,172,128,921,768,994,375,300,247,926,704,36,489,663,981,234,142,541,315,88,998,294,188,181,80,236,412,1021,622,144,759,436,79,70,70,70,75,77,74,67,75,77,80,76,75,72,78,74,70,74,66,74,73,75,74,70,79,69,79,71,81,79,75,78
[ 8345.919862] [AOA] Measurement: 0,1627167087.757925,08:55:31:9b:09:f4,2,1,2,0,128,449,201,76,885,739,987,409,339,799,80,673,30,973,453,386,30,624,391,319,71,460,116,197,167,69,239,963,208,531,78,693,315,79,72,73,71,76,77,75,69,78,79,79,79,77,74,77,74,71,73,65,73,74,78,74,71,79,67,77,70,78,78,76,77
[ 8345.962569] [AOA] Measurement: 0,1627167087.800635,08:55:31:9b:09:f4,2,1,2,0,128,492,249,101,886,727,967,456,358,777,103,94,823,12,476,514,87,618,357,341,91,443,84,168,154,52,238,437,29,619,146,602,240,80,72,71,67,76,75,74,68,78,78,80,78,76,71,78,73,72,75,65,74,71,75,71,70,79,67,79,70,79,79,75,78
[ 8346.000835] [AOA] Measurement: 0,1627167087.838901,08:55:31:9b:09:f4,2,1,2,0,128,874,989,527,666,199,799,429,331,264,956,146,856,1019,514,410,13,656,385,315,85,444,117,635,959,544,60,384,1013,57,951,95,848,80,73,72,67,74,76,74,68,79,77,80,79,74,73,76,72,66,75,64,73,71,73,71,66,78,63,76,66,73,77,69,72
[ 8346.039362] [AOA] Measurement: 0,1627167087.877429,08:55:31:9b:09:f4,2,1,2,0,128,465,227,68,850,729,1007,413,346,217,882,168,815,14,526,43,303,168,562,861,263,442,80,669,987,562,70,412,3,49,967,431,215,80,72,72,66,76,76,74,69,77,77,81,79,76,73,77,73,69,75,66,74,71,75,71,71,77,67,79,70,78,79,74,77
[ 8346.083381] [AOA] Measurement: 0,1627167087.921447,08:55:31:9b:09:f4,2,1,2,0,128,414,129,12,852,802,1007,409,348,808,72,708,34,972,488,2,263,162,587,293,58,422,76,620,963,497,23,412,1001,44,977,152,879,81,73,73,68,75,78,73,69,77,79,79,78,75,72,75,73,68,74,64,73,72,74,70,69,78,64,76,65,73,77,73,75
[ 8346.132949] [AOA] Measurement: 0,1627167087.971012,08:55:31:9b:09:f4,2,1,2,0,128,402,173,115,897,790,5,448,374,786,79,712,39,581,733,967,226,218,613,824,240,932,205,677,993,540,88,422,2,27,946,39,745,80,73,71,70,76,77,76,68,78,78,80,78,77,75,80,74,69,74,65,72,72,76,73,71,77,66,77,69,78,79,73,76
[ 8346.183740] [AOA] Measurement: 0,1627167088.021801,08:55:31:9b:09:f4,2,1,2,0,128,407,174,547,679,785,1014,415,360,817,87,699,20,519,690,1008,257,180,585,826,248,5,265,213,172,505,32,970,216,591,127,33,720,79,71,73,69,75,77,73,68,77,77,78,77,76,71,77,72,66,75,63,74,70,72,69,67,75,63,75,65,75,75,70,74
[ 8346.226867] [AOA] Measurement: 0,1627167088.064928,08:55:31:9b:09:f4,2,1,2,0,128,440,176,98,882,759,979,856,176,225,903,153,864,524,656,12,235,141,580,849,258,438,103,606,940,516,39,394,1013,31,971,165,837,80,71,72,68,75,75,73,68,78,77,79,77,74,72,78,73,69,73,65,74,73,75,73,70,79,66,77,68,78,77,73,76
[ 8346.271699] [AOA] Measurement: 0,1627167088.109761,08:55:31:9b:09:f4,2,1,2,0,128,432,195,57,901,761,1015,462,385,727,42,187,912,994,509,470,76,116,577,896,270,1000,297,149,160,108,279,977,209,589,143,382,971,78,70,72,70,76,76,74,68,75,78,78,77,75,75,79,75,70,73,66,76,70,75,72,72,79,66,77,70,78,78,74,78
[ 8346.322192] [AOA] Measurement: 0,1627167088.160254,08:55:31:9b:09:f4,2,1,2,0,128,478,222,63,873,762,1006,873,142,210,913,167,869,481,625,476,67,596,341,348,91,969,268,635,994,90,248,952,167,606,148,594,270,80,75,72,71,77,76,74,71,75,78,80,79,75,74,76,74,69,75,66,73,74,76,72,70,80,69,79,70,78,78,74,76
[ 8346.365781] [AOA] Measurement: 0,1627167088.203841,08:55:31:9b:09:f4,2,1,2,0,128,466,228,55,879,796,0,449,380,824,138,627,997,538,704,1008,232,127,522,922,293,1014,295,142,144,47,239,958,200,586,93,515,144,81,71,71,67,75,77,72,68,79,76,79,76,75,70,75,70,65,76,64,72,70,72,68,66,74,61,73,63,74,74,68,72
[ 8346.413442] [AOA] Measurement: 0,1627167088.251509,08:55:31:9b:09:f4,2,1,2,0,128,465,191,93,908,773,1013,433,363,827,114,720,60,498,643,995,238,206,562,352,67,416,59,653,974,556,83,407,14,28,956,766,403,79,72,73,71,76,77,74,69,76,77,78,77,76,72,74,71,66,72,64,72,70,73,69,66,76,58,73,62,71,72,64,66
[ 8346.455203] [AOA] Measurement: 0,1627167088.293267,08:55:31:9b:09:f4,2,1,2,0,128,401,173,60,856,742,998,430,388,823,100,740,36,492,656,1012,233,133,556,914,290,1013,277,144,161,59,275,20,250,512,75,179,814,78,71,70,69,76,78,73,68,74,76,80,77,74,73,78,74,71,77,63,73,70,76,73,69,77,67,77,68,77,78,71,74
[ 8346.498263] [AOA] Measurement: 0,1627167088.336324,08:55:31:9b:09:f4,2,1,2,0,128,451,169,58,877,253,831,399,330,862,91,176,877,3,496,488,59,644,378,884,250,1020,274,179,176,63,252,368,1019,645,180,87,734,78,73,72,67,76,77,75,68,80,77,80,78,77,73,75,73,69,76,65,74,72,76,71,69,77,65,76,68,75,79,70,74
[ 8346.536412] [AOA] Measurement: 0,1627167088.374478,08:55:31:9b:09:f4,2,1,2,0,128,444,195,68,880,768,2,412,348,752,94,727,21,1015,497,464,77,150,556,284,55,449,83,636,959,553,41,393,5,14,938,750,437,80,70,71,69,77,75,73,69,75,78,78,78,73,73,77,73,71,73,65,73,73,76,73,69,79,66,77,69,78,78,75,77
[ 8346.573820] [AOA] Measurement: 0,1627167088.411887,08:55:31:9b:09:f4,2,1,2,0,128,418,169,68,861,828,3,435,366,785,74,726,41,536,703,960,225,192,580,854,246,434,86,655,980,67,236,979,229,532,103,180,808,81,74,74,65,75,77,74,70,80,78,80,78,75,72,75,71,66,75,64,74,71,73,70,68,78,63,73,64,74,74,68,70
[ 8346.614574] [AOA] Measurement: 0,1627167088.452634,08:55:31:9b:09:f4,2,1,2,0,128,448,204,2,833,230,787,898,163,792,110,153,855,971,502,460,56,643,399,865,226,993,286,161,151,107,262,943,157,625,156,527,33,80,73,73,71,75,77,74,69,78,78,80,78,76,73,76,73,69,76,64,73,73,74,73,70,78,67,79,69,78,78,73,77
[ 8346.657964] [AOA] Measurement: 0,1627167088.496025,08:55:31:9b:09:f4,2,1,2,0,128,435,181,24,839,761,991,870,161,216,911,711,46,530,671,978,224,186,567,835,228,989,256,165,129,8,237,937,200,555,102,94,791,79,71,73,69,75,77,74,68,78,78,79,78,76,74,77,74,67,76,64,72,71,75,70,69,77,64,74,65,76,76,67,73
[ 8346.698545] [AOA] Measurement: 0,1627167088.536611,08:55:31:9b:09:f4,2,1,2,0,128,477,177,67,860,223,808,929,163,743,75,669,36,941,464,497,95,174,591,313,52,473,132,143,124,570,90,428,30,552,115,256,928,77,72,71,69,74,76,75,68,78,79,78,76,74,75,76,71,69,74,65,75,71,75,74,70,79,67,76,70,80,78,75,78
[ 8346.755977] [AOA] Measurement: 0,1627167088.594043,08:55:31:9b:09:f4,2,1,2,0,128,414,147,100,873,785,988,416,372,751,65,128,868,991,475,448,32,617,374,370,112,983,304,156,136,557,68,949,191,27,948,411,81,79,72,72,71,76,77,74,70,77,78,80,78,76,74,79,75,69,75,65,74,74,77,73,72,80,69,78,71,79,78,74,77
[ 8346.799397] [AOA] Measurement: 0,1627167088.637462,08:55:31:9b:09:f4,2,1,2,0,128,460,178,68,883,731,975,927,179,754,64,721,48,475,686,23,253,159,577,301,27,473,94,630,983,518,23,407,16,591,114,314,1010,77,71,72,69,75,76,74,69,76,77,79,78,75,74,77,74,70,75,66,73,74,76,72,69,80,66,78,67,76,77,72,75
[ 8346.847390] [AOA] Measurement: 0,1627167088.685452,08:55:31:9b:09:f4,2,1,2,0,128,519,215,154,895,810,1,391,344,835,131,685,45,523,673,976,237,145,563,301,63,463,95,161,164,557,70,940,177,601,163,577,97,79,71,70,70,76,76,74,70,75,78,79,77,75,73,76,73,70,73,67,74,74,77,73,72,80,70,79,71,80,79,77,78
[ 8346.895022] [AOA] Measurement: 0,1627167088.733088,08:55:31:9b:09:f4,2,1,2,0,128,453,180,63,873,750,1003,863,144,243,906,194,891,943,441,436,24,640,385,334,61,1020,289,183,161,76,264,922,168,601,139,470,161,80,73,73,67,77,76,73,68,78,79,79,77,77,71,77,72,67,74,62,73,70,75,69,67,75,63,74,64,76,76,70,75
[ 8346.945297] [AOA] Measurement: 0,1627167088.783359,08:55:31:9b:09:f4,2,1,2,0,128,512,252,63,869,748,980,914,167,829,114,708,64,499,645,994,241,196,602,907,275,926,259,226,189,59,253,918,173,549,97,646,305,78,72,73,70,76,77,74,69,77,78,79,80,75,73,78,72,67,74,66,75,72,73,73,70,77,64,77,68,79,78,72,75
[ 8346.991777] [AOA] Measurement: 0,1627167088.829845,08:55:31:9b:09:f4,2,1,2,0,128,449,199,76,890,212,797,429,342,788,86,717,32,492,668,412,19,638,382,285,48,418,55,705,1002,563,82,362,993,16,960,961,590,80,73,73,68,75,76,73,69,78,79,82,80,75,74,77,73,69,77,63,74,72,74,72,69,76,64,75,66,76,76,73,74
[ 8347.035776] [AOA] Measurement: 0,1627167088.873838,08:55:31:9b:09:f4,2,1,2,0,128,413,164,129,886,712,970,934,190,276,946,739,51,506,686,457,59,112,538,302,45,460,150,619,950,536,26,944,185,588,105,65,771,78,73,69,67,77,77,74,70,76,77,80,77,75,72,76,73,70,75,66,76,72,76,74,71,78,67,78,71,79,78,76,79
[ 8347.079760] [AOA] Measurement: 0,1627167088.917820,08:55:31:9b:09:f4,2,1,2,0,128,402,149,81,895,770,977,456,392,761,72,692,25,485,652,45,268,145,575,806,227,2,314,193,196,2,234,375,972,14,930,515,217,80,72,70,68,75,75,74,69,76,78,81,79,75,74,78,74,69,74,64,73,72,75,72,70,78,66,77,71,76,77,74,77
[ 8347.123210] [AOA] Measurement: 0,1627167088.961270,08:55:31:9b:09:f4,2,1,2,0,128,443,157,83,838,765,1001,454,367,779,68,712,65,469,598,463,55,579,286,368,91,992,257,647,973,76,298,898,169,600,124,194,817,80,74,72,71,76,77,75,68,74,78,79,79,77,73,78,72,70,76,66,74,73,75,73,70,79,65,78,68,77,78,73,75
[ 8347.173401] [AOA] Measurement: 0,1627167089.011462,08:55:31:9b:09:f4,2,1,2,0,128,972,9,33,802,224,799,932,161,797,102,147,835,993,463,418,23,596,322,301,27,468,97,662,930,577,89,986,233,583,127,338,907,79,73,71,69,77,76,75,70,77,79,80,79,76,74,78,73,71,74,65,74,74,76,72,70,79,67,77,69,78,78,73,76
[ 8347.228456] [AOA] Measurement: 0,1627167089.066518,08:55:31:9b:09:f4,2,1,2,0,128,479,209,78,880,763,1001,452,386,786,92,699,41,973,486,475,54,657,418,859,285,943,265,178,168,34,212,385,1010,43,944,447,163,80,72,73,70,76,77,74,69,80,77,80,77,74,72,76,72,67,75,64,73,69,74,71,67,79,64,75,64,73,74,69,70
[ 8347.271894] [AOA] Measurement: 0,1627167089.109960,08:55:31:9b:09:f4,2,1,2,0,128,488,196,53,876,223,798,902,153,272,958,168,888,545,712,424,37,119,544,334,93,975,244,664,981,521,59,371,1007,624,120,360,1021,80,73,74,68,76,77,73,70,79,77,81,79,74,72,76,73,66,75,63,72,70,72,69,66,72,60,73,61,73,72,68,71
[ 8347.310626] [AOA] Measurement: 0,1627167089.148691,08:55:31:9b:09:f4,2,1,2,0,128,458,237,60,873,750,988,418,372,728,37,685,1011,529,681,468,59,154,559,877,248,974,253,632,933,603,102,974,209,570,122,126,736,76,70,71,67,76,77,73,67,75,78,79,79,75,74,77,73,72,73,64,74,71,74,72,71,80,69,79,69,79,78,74,76
[ 8347.354556] [AOA] Measurement: 0,1627167089.192621,08:55:31:9b:09:f4,2,1,2,0,128,452,205,73,880,782,6,486,401,762,102,685,66,540,708,34,275,158,569,333,95,458,101,662,976,585,80,985,167,608,108,186,774,79,71,70,67,75,75,74,68,76,77,78,78,75,72,76,72,67,75,66,75,74,76,74,72,79,67,78,68,79,78,73,76
[ 8347.398335] [AOA] Measurement: 0,1627167089.236399,08:55:31:9b:09:f4,2,1,2,0,128,489,174,64,846,223,798,912,194,816,120,697,36,5,512,994,253,165,589,819,206,439,98,176,161,531,75,932,181,536,99,894,555,80,71,71,69,77,77,75,71,75,76,77,78,75,73,77,73,67,75,65,74,72,75,71,70,77,65,77,67,77,79,70,76
[ 8347.441492] [AOA] Measurement: 0,1627167089.279556,08:55:31:9b:09:f4,2,1,2,0,128,496,212,71,898,713,1016,881,153,249,909,149,873,977,482,426,23,670,399,851,260,952,244,180,165,87,236,937,161,612,121,292,896,78,73,72,67,77,76,75,68,77,78,79,79,74,70,76,73,67,73,66,74,71,75,71,69,80,65,75,66,76,77,69,75
[ 8347.484294] [AOA] Measurement: 0,1627167089.322361,08:55:31:9b:09:f4,2,1,2,0,128,466,183,49,857,200,785,410,347,761,47,200,860,540,682,447,44,682,353,312,48,477,121,669,995,575,54,964,185,578,110,966,616,81,73,72,68,76,77,75,68,78,79,81,79,76,72,79,73,68,75,65,73,72,74,72,69,79,64,78,69,78,78,74,77
[ 8347.527451] [AOA] Measurement: 0,1627167089.365515,08:55:31:9b:09:f4,2,1,2,0,128,449,174,83,909,753,974,915,166,297,961,746,79,469,623,63,325,170,592,877,307,1012,279,145,148,151,283,982,228,636,164,888,564,82,72,74,69,76,78,74,67,77,77,81,79,75,72,74,72,67,74,61,71,71,73,69,67,74,63,72,60,70,72,67,72
[ 8347.573566] [AOA] Measurement: 0,1627167089.411631,08:55:31:9b:09:f4,2,1,2,0,128,425,151,596,717,151,802,401,357,789,75,741,20,506,669,983,215,138,545,869,243,982,291,174,170,497,51,14,237,591,140,128,755,78,73,73,68,76,77,73,71,79,78,80,79,77,73,77,74,69,75,66,73,72,74,73,71,79,66,78,69,77,78,75,77
[ 8347.616943] [AOA] Measurement: 0,1627167089.455004,08:55:31:9b:09:f4,2,1,2,0,128,442,181,59,858,764,998,398,329,202,885,156,876,927,468,1002,219,648,401,265,35,440,77,679,1008,536,58,420,9,61,971,198,892,81,70,72,68,75,77,76,68,79,78,79,79,75,73,77,74,69,73,66,74,72,75,73,70,77,66,76,67,78,78,72,74
[ 8347.656991] [AOA] Measurement: 0,1627167089.495057,08:55:31:9b:09:f4,2,1,2,0,128,409,174,120,887,768,980,923,207,745,60,145,852,544,649,36,272,168,604,828,248,989,273,562,937,552,60,372,1017,74,989,974,654,81,72,72,68,76,78,73,71,77,79,82,79,75,73,76,74,67,76,66,75,72,75,69,68,76,65,73,65,74,75,69,74
[ 8347.697742] [AOA] Measurement: 0,1627167089.535804,08:55:31:9b:09:f4,2,1,2,0,128,371,158,80,867,751,966,449,371,834,103,160,875,975,484,2,257,128,563,314,38,969,284,596,962,577,86,915,174,11,969,383,73,79,73,73,67,75,76,73,71,78,77,81,80,75,74,77,73,68,75,65,74,72,75,71,69,77,66,75,66,76,77,71,73
[ 8347.737663] [AOA] Measurement: 0,1627167089.575730,08:55:31:9b:09:f4,2,1,2,0,128,434,192,76,893,771,1014,855,146,226,903,97,811,935,423,458,7,602,320,332,95,952,255,616,962,561,53,400,1019,577,144,380,998,79,73,74,69,76,76,75,68,79,78,80,78,77,71,78,72,68,75,63,75,70,73,71,68,76,65,74,65,76,75,71,76
[ 8347.783339] [AOA] Measurement: 0,1627167089.621399,08:55:31:9b:09:f4,2,1,2,0,128,475,204,53,856,774,991,435,354,797,123,720,63,482,630,417,7,632,342,310,74,461,85,618,1005,571,66,394,1019,573,134,329,1011,80,73,71,68,77,78,73,68,76,79,79,77,75,71,74,73,69,76,64,73,71,75,69,69,76,63,74,64,71,75,68,71
[ 8347.837679] [AOA] Measurement: 0,1627167089.675745,08:55:31:9b:09:f4,2,1,2,0,128,953,6,67,874,247,798,866,164,215,899,179,862,1015,473,455,37,590,347,293,61,436,93,649,1021,93,228,949,172,613,141,328,83,90,72,71,64,75,81,74,64,83,80,89,84,77,71,82,72,66,73,56,72,68,74,67,63,81,59,80,65,78,81,73,78
[ 8347.881502] [AOA] Measurement: 0,1627167089.719571,08:55:31:9b:09:f4,2,1,2,0,128,882,966,567,693,275,835,473,378,799,95,729,44,506,663,446,52,205,578,306,75,957,229,665,994,494,25,448,44,604,166,898,572,90,72,73,66,78,81,76,64,84,80,89,83,76,71,79,71,67,76,58,72,71,77,72,65,82,62,79,64,78,81,75,79
[ 8347.919716] [AOA] Measurement: 0,1627167089.757782,08:55:31:9b:09:f4,2,1,2,0,128,461,148,70,890,750,983,444,370,261,925,728,85,560,711,972,224,136,525,298,56,454,88,640,1014,513,50,421,10,605,134,587,145,80,64,63,64,69,73,71,60,72,75,78,78,72,70,77,69,66,68,55,71,65,73,70,66,81,66,82,72,83,83,82,85
[ 8347.963637] [AOA] Measurement: 0,1627167089.801703,08:55:31:9b:09:f4,2,1,2,0,128,948,27,512,689,775,976,884,114,267,916,110,828,25,493,392,11,619,387,357,86,990,239,144,142,560,39,389,1017,1023,925,128,832,84,68,67,65,74,76,73,63,76,79,82,80,75,71,80,70,69,71,58,72,69,74,70,68,82,67,83,72,85,84,84,87
[ 8348.005900] [AOA] Measurement: 0,1627167089.843962,08:55:31:9b:09:f4,2,1,2,0,128,443,202,67,871,804,2,431,351,746,107,743,72,485,641,498,91,648,372,298,76,1019,292,181,148,70,279,947,171,522,89,894,511,87,69,70,67,75,79,76,67,81,81,88,84,77,72,82,74,70,75,58,73,71,77,71,69,84,66,82,71,85,83,82,85
[ 8348.048363] [AOA] Measurement: 0,1627167089.886425,08:55:31:9b:09:f4,2,1,2,0,128,931,1014,63,851,213,816,430,378,248,906,751,44,473,622,1006,235,167,574,858,234,1008,286,203,160,86,266,948,187,552,117,87,784,89,71,72,66,76,78,75,65,82,81,86,86,77,73,81,73,68,75,56,71,71,77,70,67,86,65,82,68,83,85,78,84
[ 8348.091253] [AOA] Measurement: 0,1627167089.929316,08:55:31:9b:09:f4,2,1,2,0,128,426,172,104,918,728,955,932,177,832,126,693,21,473,666,997,255,663,384,841,260,477,98,169,173,22,249,982,221,521,93,712,301,89,71,72,66,75,80,76,66,83,81,87,85,79,72,84,72,67,75,60,73,71,77,72,68,85,63,83,68,82,84,78,85
[ 8348.134008] [AOA] Measurement: 0,1627167089.972074,08:55:31:9b:09:f4,2,1,2,0,128,462,200,115,885,767,981,459,373,747,81,673,39,533,674,403,60,144,541,315,45,463,119,172,157,104,270,957,218,585,148,921,532,87,72,69,64,75,77,73,64,83,80,88,85,78,70,81,72,64,75,56,72,70,76,68,66,82,61,78,64,79,82,76,80
[ 8348.178713] [AOA] Measurement: 0,1627167090.016778,08:55:31:9b:09:f4,2,1,2,0,128,930,0,95,899,718,969,903,208,202,883,137,852,982,493,466,66,632,382,307,49,442,81,163,138,35,212,905,126,49,967,811,519,88,72,70,67,76,81,75,64,83,82,89,85,79,75,82,72,69,74,60,74,71,76,73,67,85,66,83,69,85,84,81,85
[ 8348.226244] [AOA] Measurement: 0,1627167090.064304,08:55:31:9b:09:f4,2,1,2,0,128,937,5,546,661,201,813,870,145,289,958,649,1010,1008,511,408,27,636,331,257,49,467,128,632,970,55,199,906,162,612,136,0,673,87,72,71,66,76,79,75,66,82,82,86,84,76,73,80,71,66,74,59,73,69,76,71,68,83,61,80,67,83,85,76,82
[ 8348.266077] [AOA] Measurement: 0,1627167090.104144,08:55:31:9b:09:f4,2,1,2,0,128,408,167,76,890,776,1007,422,333,234,909,129,828,1017,467,450,44,584,352,303,84,990,248,139,123,116,280,923,186,525,109,852,501,86,70,69,67,75,78,74,66,81,81,85,83,76,73,81,70,69,73,60,73,69,77,71,68,83,66,84,73,87,85,84,85
[ 8348.309204] [AOA] Measurement: 0,1627167090.147270,08:55:31:9b:09:f4,2,1,2,0,128,502,224,88,891,757,982,423,384,796,95,703,1003,1009,508,467,66,159,599,850,271,1000,280,172,168,58,239,957,188,620,141,624,285,89,72,73,67,76,80,76,66,84,79,87,85,78,73,81,72,68,75,58,74,69,76,70,65,83,63,82,67,84,84,76,84
[ 8348.353679] [AOA] Measurement: 0,1627167090.191745,08:55:31:9b:09:f4,2,1,2,0,128,906,997,536,694,198,804,877,118,168,904,151,821,955,449,393,1001,623,365,320,42,504,99,634,973,519,56,414,4,49,935,342,105,86,70,70,66,75,77,75,66,83,81,86,82,74,72,80,70,66,73,57,72,68,77,72,66,83,64,81,68,85,85,79,84
[ 8348.395576] [AOA] Measurement: 0,1627167090.233636,08:55:31:9b:09:f4,2,1,2,0,128,408,155,68,851,769,1014,427,363,236,906,161,847,577,712,12,253,103,501,340,93,1018,270,140,114,44,237,344,1018,61,962,7,669,86,72,71,68,75,80,75,66,83,82,86,84,79,73,80,72,69,73,58,72,70,77,73,68,84,65,83,70,85,87,80,84
[ 8348.440543] [AOA] Measurement: 0,1627167090.278609,08:55:31:9b:09:f4,2,1,2,0,128,412,190,127,906,783,1006,449,362,801,85,719,16,999,500,450,59,189,586,327,86,1016,309,191,158,34,229,401,16,544,120,800,466,86,69,69,66,74,78,74,65,80,79,83,83,75,72,82,71,69,73,60,74,70,76,72,69,83,65,83,71,84,84,82,85
[ 8348.485799] [AOA] Measurement: 0,1627167090.323864,08:55:31:9b:09:f4,2,1,2,0,128,419,188,13,862,223,809,908,184,245,931,176,870,984,485,428,54,679,433,308,56,496,112,149,144,78,255,406,3,624,148,998,612,84,70,66,65,73,78,72,65,81,81,83,81,76,72,81,70,69,75,59,74,70,76,71,68,83,66,83,71,84,85,81,86
[ 8348.528710] [AOA] Measurement: 0,1627167090.366771,08:55:31:9b:09:f4,2,1,2,0,128,510,219,76,894,726,987,464,359,745,73,197,900,524,694,966,211,192,571,903,294,974,279,191,152,50,239,932,191,593,126,323,948,89,71,72,66,75,80,73,64,84,79,88,83,79,73,82,72,65,75,57,72,67,75,68,65,82,60,80,65,81,82,72,79
[ 8348.572231] [AOA] Measurement: 0,1627167090.410293,08:55:31:9b:09:f4,2,1,2,0,128,936,27,93,884,765,1022,894,165,188,902,92,807,999,454,457,56,130,539,259,11,428,68,593,945,571,79,382,27,572,90,919,549,90,72,71,66,76,80,76,65,84,81,87,83,79,71,78,71,66,76,57,73,68,74,69,65,81,60,76,62,79,80,72,78
[ 8348.618733] [AOA] Measurement: 0,1627167090.456799,08:55:31:9b:09:f4,2,1,2,0,128,446,190,126,912,705,963,448,344,749,54,722,45,518,669,442,16,191,611,893,261,977,272,195,183,17,231,927,194,607,132,609,185,89,70,70,67,76,77,75,64,80,79,87,83,75,73,82,71,69,75,58,74,69,77,69,69,84,64,81,69,83,84,79,83
[ 8348.666270] [AOA] Measurement: 0,1627167090.504331,08:55:31:9b:09:f4,2,1,2,0,128,504,214,83,903,825,1014,441,376,795,115,748,61,510,687,1003,225,116,565,825,260,1010,276,193,165,130,291,958,200,588,144,365,1016,83,69,68,64,74,79,72,65,80,80,85,84,78,72,83,72,68,75,58,73,69,77,71,69,83,64,82,69,86,84,80,82
[ 8348.709073] [AOA] Measurement: 0,1627167090.547134,08:55:31:9b:09:f4,2,1,2,0,128,477,200,44,871,225,820,895,142,285,961,172,865,981,442,456,40,123,558,832,248,413,108,670,1001,67,261,920,174,6,931,482,143,87,72,70,67,76,81,77,66,83,82,87,85,78,73,81,71,68,75,60,73,71,77,71,68,84,64,82,67,85,83,80,84
[ 8348.747498] [AOA] Measurement: 0,1627167090.585563,08:55:31:9b:09:f4,2,1,2,0,128,370,169,509,675,754,972,892,131,253,929,166,899,995,446,446,61,649,364,329,99,434,60,624,973,551,71,962,207,590,128,844,476,89,71,71,67,76,80,74,64,82,79,87,84,77,73,83,72,68,75,57,73,70,75,70,67,83,64,81,68,83,84,78,81
[ 8348.789022] [AOA] Measurement: 0,1627167090.627083,08:55:31:9b:09:f4,2,1,2,0,128,456,160,562,692,217,786,900,152,813,65,141,834,956,450,465,53,210,563,844,254,917,244,604,957,548,70,411,1018,34,976,94,811,86,69,67,65,72,78,73,64,80,78,84,82,75,73,79,71,68,74,58,72,68,76,72,67,84,66,83,71,86,85,83,85
[ 8348.827804] [AOA] Measurement: 0,1627167090.665871,08:55:31:9b:09:f4,2,1,2,0,128,878,1001,35,839,245,813,906,157,253,923,137,845,979,451,472,57,613,342,295,59,453,92,690,1005,54,230,953,169,50,922,589,327,84,69,70,67,75,79,74,65,80,79,85,84,79,73,81,72,71,74,59,75,70,77,73,68,85,66,82,70,87,85,83,86
[ 8348.865957] [AOA] Measurement: 0,1627167090.704022,08:55:31:9b:09:f4,2,1,2,0,128,477,203,117,902,730,990,449,384,745,62,692,18,933,420,469,18,223,598,871,305,995,267,152,141,40,224,388,1004,581,134,756,430,87,70,72,67,76,81,77,66,85,83,89,86,79,72,82,73,67,74,59,74,71,77,72,68,84,64,84,70,85,84,80,84
[ 8348.908953] [AOA] Measurement: 0,1627167090.747018,08:55:31:9b:09:f4,2,1,2,0,128,465,203,68,890,157,746,929,169,238,904,175,887,502,673,440,56,655,409,860,264,409,61,611,946,56,226,944,184,607,159,944,525,87,70,68,65,75,79,75,66,81,81,88,83,78,73,81,72,68,75,59,74,72,79,72,68,83,67,83,71,85,86,82,86
[ 8348.952800] [AOA] Measurement: 0,1627167090.790865,08:55:31:9b:09:f4,2,1,2,0,128,465,174,111,899,738,1008,477,398,799,107,706,44,493,681,961,213,648,396,907,296,0,294,192,155,69,250,896,145,49,968,1017,648,86,71,71,66,74,77,76,64,83,81,86,83,77,72,81,71,67,75,59,73,70,75,71,67,85,64,81,67,83,85,79,84
[ 8348.997787] [AOA] Measurement: 0,1627167090.835852,08:55:31:9b:09:f4,2,1,2,0,128,427,163,122,909,750,944,909,166,226,906,231,890,971,469,493,80,641,398,348,93,975,264,140,147,548,80,944,207,547,89,865,584,88,71,73,66,77,79,76,66,85,81,88,83,76,73,82,72,67,76,59,73,70,76,69,66,83,62,81,65,82,84,77,83
[ 8349.045338] [AOA] Measurement: 0,1627167090.883404,08:55:31:9b:09:f4,2,1,2,0,128,401,121,8,818,267,810,390,304,216,921,213,898,988,506,456,44,159,550,882,258,436,90,633,998,568,78,384,993,8,957,13,752,89,71,71,67,77,80,76,66,82,81,86,83,77,73,81,72,67,74,60,75,72,78,71,68,84,64,82,70,85,84,81,84
[ 8349.094899] [AOA] Measurement: 0,1627167090.932962,08:55:31:9b:09:f4,2,1,2,0,128,434,184,68,895,749,1011,417,376,234,931,720,42,527,663,962,186,153,553,892,279,968,292,167,133,85,232,964,181,34,951,820,435,85,67,69,65,75,80,74,65,82,82,87,83,76,72,82,71,68,75,57,75,71,76,71,66,81,62,82,68,85,84,78,81
[ 8349.141246] [AOA] Measurement: 0,1627167090.979312,08:55:31:9b:09:f4,2,1,2,0,128,894,0,92,907,762,1018,460,334,761,46,697,22,545,684,988,219,137,541,891,268,968,281,173,167,67,267,965,215,576,110,1007,655,87,70,71,65,74,79,76,65,84,80,87,85,78,73,82,73,68,75,58,72,69,77,72,66,82,64,80,67,83,83,78,84
[ 8349.182802] [AOA] Measurement: 0,1627167091.020862,08:55:31:9b:09:f4,2,1,2,0,128,890,1003,528,658,802,1003,928,177,192,925,138,859,1016,501,406,19,637,345,378,104,410,68,627,969,586,74,445,18,18,953,15,701,88,71,71,67,76,79,74,65,84,82,87,82,78,71,81,73,67,73,57,72,70,77,71,68,83,62,82,67,84,83,78,83
[ 8349.228331] [AOA] Measurement: 0,1627167091.066397,08:55:31:9b:09:f4,2,1,2,0,128,950,6,73,894,211,788,974,216,232,926,721,58,487,665,964,259,180,600,841,218,480,134,187,165,46,251,951,189,597,145,759,392,89,70,70,65,74,78,74,66,82,79,86,83,77,72,81,73,67,74,58,74,70,75,71,67,84,61,81,66,80,83,76,80
[ 8349.273253] [AOA] Measurement: 0,1627167091.111319,08:55:31:9b:09:f4,2,1,2,0,128,947,3,79,860,202,813,924,199,241,903,655,1011,955,475,989,221,193,588,844,236,446,79,636,991,552,85,398,1004,44,909,1004,675,88,70,72,64,73,77,72,64,84,81,90,85,78,73,82,72,65,75,57,71,70,76,69,65,83,63,80,66,81,84,78,83
[ 8349.316841] [AOA] Measurement: 0,1627167091.154907,08:55:31:9b:09:f4,2,1,2,0,128,458,187,97,870,808,1007,438,378,770,84,728,51,494,675,950,204,135,587,877,278,1020,292,170,181,82,278,948,171,626,134,434,58,88,70,71,67,75,82,74,66,83,81,86,83,76,73,82,72,67,74,57,73,70,77,71,69,82,65,82,70,84,85,82,83
[ 8349.360280] [AOA] Measurement: 0,1627167091.198346,08:55:31:9b:09:f4,2,1,2,0,128,379,136,67,875,818,24,420,337,776,93,708,41,493,697,970,242,120,505,337,64,458,105,103,90,133,264,908,172,599,134,259,921,88,72,72,67,76,81,75,66,82,81,87,84,79,72,81,72,67,75,58,74,70,76,71,67,84,62,83,68,83,85,79,85
[ 8349.398435] [AOA] Measurement: 0,1627167091.236501,08:55:31:9b:09:f4,2,1,2,0,128,464,213,38,866,775,1011,454,407,759,48,145,877,505,667,944,218,603,375,880,245,393,66,189,163,76,245,380,999,568,150,754,399,88,71,71,67,75,79,74,66,84,81,86,84,78,73,83,74,68,73,60,74,71,76,71,67,85,65,84,70,85,84,80,83
[ 8349.441818] [AOA] Measurement: 0,1627167091.279883,08:55:31:9b:09:f4,2,1,2,0,128,442,193,60,850,798,1005,416,353,768,69,693,49,533,673,1008,246,106,514,847,241,465,100,185,142,529,36,958,183,620,117,560,259,88,71,73,65,76,80,75,65,83,78,88,83,79,72,81,72,65,75,59,72,69,74,68,67,82,60,79,63,80,80,71,77
[ 8349.480465] [AOA] Measurement: 0,1627167091.318531,08:55:31:9b:09:f4,2,1,2,0,128,477,196,139,904,763,977,926,198,793,91,733,59,1002,492,994,258,164,548,278,69,409,73,664,999,545,85,930,196,542,100,276,0,87,71,72,65,75,79,74,64,85,81,87,84,77,72,81,71,68,74,58,74,69,76,70,67,83,63,83,68,84,84,81,83
[ 8349.518585] [AOA] Measurement: 0,1627167091.356650,08:55:31:9b:09:f4,2,1,2,0,128,515,232,96,882,740,1002,447,381,809,108,714,24,516,651,21,253,151,574,917,313,1018,321,171,153,91,271,922,157,559,102,937,600,90,71,71,67,76,80,76,65,83,80,88,85,78,72,82,71,66,75,58,75,70,77,71,66,85,63,82,68,83,85,79,82
[ 8349.562275] [AOA] Measurement: 0,1627167091.400337,08:55:31:9b:09:f4,2,1,2,0,128,430,170,63,874,770,1017,880,148,798,103,681,12,556,699,992,237,601,324,336,67,514,141,597,967,65,255,913,164,44,957,447,130,86,70,69,66,74,81,74,65,82,81,86,83,78,73,82,72,68,74,59,74,69,78,72,68,82,65,83,69,84,84,79,83
[ 8349.613119] [AOA] Measurement: 0,1627167091.451180,08:55:31:9b:09:f4,2,1,2,0,128,473,183,45,855,739,993,916,183,754,75,217,859,533,689,1010,256,195,585,904,293,920,255,117,99,538,56,391,992,106,994,185,859,88,73,74,66,76,80,75,66,85,82,88,82,77,71,82,71,65,75,57,72,68,75,69,64,81,58,79,64,77,80,72,77
[ 8349.660321] [AOA] Measurement: 0,1627167091.498386,08:55:31:9b:09:f4,2,1,2,0,128,401,182,67,887,777,1008,381,356,763,76,188,878,950,439,459,41,650,399,297,75,465,102,151,104,102,257,930,198,1009,926,363,71,88,72,72,68,76,81,73,66,82,81,87,84,78,75,83,73,69,74,58,74,71,78,74,69,84,65,83,69,85,84,80,85
[ 8349.704024] [AOA] Measurement: 0,1627167091.542090,08:55:31:9b:09:f4,2,1,2,0,128,414,201,121,907,806,11,416,337,776,68,695,19,973,465,464,93,156,539,832,236,971,269,165,154,76,277,876,174,609,101,43,670,86,69,69,66,74,77,76,65,83,81,88,83,76,74,80,70,67,74,59,74,71,78,71,68,83,64,81,70,83,85,81,81
[ 8349.746556] [AOA] Measurement: 0,1627167091.584617,08:55:31:9b:09:f4,2,1,2,0,128,440,182,102,884,782,984,418,372,751,52,153,847,576,710,1014,270,186,562,888,258,940,247,117,113,88,266,891,151,41,986,751,371,85,70,69,64,76,79,74,65,81,80,86,85,76,71,82,71,67,72,58,73,69,76,71,68,85,66,82,70,86,87,82,85
[ 8349.792678] [AOA] Measurement: 0,1627167091.630745,08:55:31:9b:09:f4,2,1,2,0,128,430,216,174,953,750,1014,413,360,791,113,696,11,478,667,467,79,145,524,363,64,447,93,165,146,84,269,948,222,571,115,616,177,88,73,73,66,76,81,74,65,84,79,88,83,78,70,80,70,64,75,56,71,68,73,67,63,79,55,76,61,76,79,69,74
[ 8349.836228] [AOA] Measurement: 0,1627167091.674295,08:55:31:9b:09:f4,2,1,2,0,128,413,197,100,898,776,990,442,377,841,120,708,31,463,600,449,51,663,378,336,84,495,165,142,150,57,248,396,6,612,130,851,371,88,72,71,66,76,78,74,65,84,81,88,85,77,73,81,72,67,75,60,75,71,77,72,68,85,64,82,68,83,84,79,82
[ 8349.880070] [AOA] Measurement: 0,1627167091.718136,08:55:31:9b:09:f4,2,1,2,0,128,446,184,70,889,783,3,404,389,796,79,708,52,554,698,981,248,159,577,872,278,1022,322,130,155,92,272,989,234,550,113,20,640,87,72,72,68,76,79,75,66,85,82,88,86,81,74,82,72,69,75,60,73,69,76,72,68,85,65,83,68,83,84,79,85
[ 8349.919411] [AOA] Measurement: 0,1627167091.757476,08:55:31:9b:09:f4,2,1,2,0,128,416,149,17,842,824,23,416,358,851,114,165,877,550,682,1015,270,176,593,344,124,956,284,611,959,558,66,330,994,45,951,927,634,88,72,70,66,75,79,75,62,82,80,88,85,76,73,79,71,66,75,58,74,70,77,69,66,81,63,81,67,83,84,77,83
[ 8349.967008] [AOA] Measurement: 0,1627167091.805071,08:55:31:9b:09:f4,2,1,2,0,128,463,182,90,879,766,987,387,357,765,80,728,18,458,650,48,289,173,557,227,17,497,93,608,938,548,70,936,186,564,96,595,198,88,72,73,67,78,80,75,65,84,81,89,84,76,70,82,71,66,76,58,74,69,75,69,66,82,62,80,66,81,82,75,81
[ 8350.007465] [AOA] Measurement: 0,1627167091.845529,08:55:31:9b:09:f4,2,1,2,0,128,457,170,46,841,788,7,400,319,269,893,190,863,517,664,7,237,115,501,303,32,427,57,629,986,607,104,341,1006,593,110,536,93,89,71,72,66,75,78,76,66,84,82,88,84,78,73,80,72,65,76,56,74,68,76,68,65,81,61,78,63,80,82,75,79
[ 8350.053616] [AOA] Measurement: 0,1627167091.891677,08:55:31:9b:09:f4,2,1,2,0,128,394,133,54,833,724,990,451,345,733,49,185,885,500,666,930,180,626,402,808,241,430,66,618,992,51,228,411,975,75,944,484,137,86,69,70,67,76,78,75,66,83,81,88,82,79,73,82,73,69,75,59,74,69,77,71,67,84,62,83,69,84,84,80,84
[ 8350.092446] [AOA] Measurement: 0,1627167091.930511,08:55:31:9b:09:f4,2,1,2,0,128,463,186,66,873,738,957,955,210,815,91,723,49,502,640,1008,253,178,582,867,262,1012,292,129,119,98,248,941,192,577,140,69,773,84,69,69,67,73,78,74,65,80,81,86,83,75,72,80,70,69,71,58,73,69,77,69,67,83,67,80,71,84,84,82,87
[ 8350.131297] [AOA] Measurement: 0,1627167091.969362,08:55:31:9b:09:f4,2,1,2,0,128,963,15,79,916,730,992,872,143,792,112,723,24,560,710,994,216,138,587,897,252,426,49,171,148,40,239,951,157,565,69,16,790,88,73,72,65,76,80,74,65,86,81,86,83,75,71,81,72,65,75,58,76,69,77,69,66,81,60,80,64,82,81,73,79
[ 8350.172225] [AOA] Measurement: 0,1627167092.010286,08:55:31:9b:09:f4,2,1,2,0,128,459,158,47,862,207,827,890,170,799,38,196,891,965,451,467,39,571,349,278,23,493,137,626,983,57,254,913,192,571,120,968,650,85,70,69,65,74,78,74,65,80,79,84,83,76,73,80,70,67,72,58,73,69,76,71,67,84,64,82,72,86,85,81,85
[ 8350.218313] [AOA] Measurement: 0,1627167092.056378,08:55:31:9b:09:f4,2,1,2,0,128,407,126,74,883,767,975,424,358,770,63,737,38,495,711,982,220,622,365,279,52,450,95,618,929,594,77,958,192,578,132,278,890,87,73,71,66,76,81,76,66,84,83,88,84,78,74,81,72,68,75,59,74,71,77,72,69,86,64,84,70,85,86,83,85
[ 8350.262316] [AOA] Measurement: 0,1627167092.100382,08:55:31:9b:09:f4,2,1,2,0,128,400,173,49,847,295,836,397,355,775,60,738,36,489,667,456,56,641,390,322,70,485,109,628,1001,533,24,434,1015,6,938,388,128,86,69,71,67,77,79,74,65,83,81,86,85,77,74,82,74,67,76,60,74,71,77,71,69,84,65,82,67,83,86,79,85
[ 8350.300952] [AOA] Measurement: 0,1627167092.139018,08:55:31:9b:09:f4,2,1,2,0,128,421,187,109,903,751,994,829,148,199,919,212,917,947,451,451,47,575,328,361,109,412,65,204,176,72,239,403,5,601,112,1003,646,89,71,73,66,76,79,75,65,84,80,88,83,77,72,82,73,66,75,58,73,69,75,69,65,82,61,80,67,82,81,77,83
[ 8350.345245] [AOA] Measurement: 0,1627167092.183312,08:55:31:9b:09:f4,2,1,2,0,128,474,190,48,846,735,1017,458,357,765,45,760,63,498,659,470,64,176,592,296,66,448,100,184,159,53,226,994,207,611,153,498,97,89,71,73,67,75,78,74,65,83,78,89,82,77,72,79,70,66,75,56,73,70,74,69,67,80,60,80,65,81,83,75,81
[ 8350.388266] [AOA] Measurement: 0,1627167092.226333,08:55:31:9b:09:f4,2,1,2,0,128,891,1011,1018,841,203,792,431,363,769,72,750,57,508,684,4,267,157,578,826,227,467,89,120,142,36,225,940,186,545,116,578,252,89,71,69,65,75,80,76,67,82,82,87,84,78,73,83,73,68,76,60,74,71,76,72,68,82,65,82,70,85,86,82,86
[ 8350.431406] [AOA] Measurement: 0,1627167092.269468,08:55:31:9b:09:f4,2,1,2,0,128,472,161,101,881,774,989,422,349,779,77,748,36,529,704,1010,246,174,550,867,257,469,115,117,117,550,80,999,269,563,112,382,1017,90,73,73,67,77,80,76,67,88,82,89,86,79,72,83,73,66,75,59,75,69,78,71,66,84,63,79,65,81,83,78,83
[ 8350.473889] [AOA] Measurement: 0,1627167092.311954,08:55:31:9b:09:f4,2,1,2,0,128,428,145,545,691,771,999,935,145,254,917,75,826,38,551,435,76,128,536,302,66,378,3,606,954,600,94,396,0,999,890,866,517,89,70,72,66,75,80,74,64,86,81,87,84,79,69,79,72,65,75,56,73,69,75,68,66,83,61,80,66,79,81,77,81
[ 8350.517365] [AOA] Measurement: 0,1627167092.355431,08:55:31:9b:09:f4,2,1,2,0,128,444,181,58,885,729,968,386,334,216,893,144,834,10,523,431,26,651,405,318,91,1004,277,155,133,106,253,950,175,556,117,194,856,88,72,71,66,76,79,75,64,82,80,88,82,77,71,80,72,66,75,58,72,68,76,70,66,84,61,82,66,82,84,77,82
[ 8350.563018] [AOA] Measurement: 0,1627167092.401079,08:55:31:9b:09:f4,2,1,2,0,128,382,168,66,878,749,985,472,365,821,95,758,82,472,675,953,224,612,342,277,30,467,67,117,92,56,246,921,153,14,924,449,146,91,71,73,66,77,79,73,65,86,81,87,86,79,73,83,72,67,74,58,74,68,76,71,67,83,63,81,68,84,84,76,83
[ 8350.608380] [AOA] Measurement: 0,1627167092.446445,08:55:31:9b:09:f4,2,1,2,0,128,473,188,56,896,817,992,388,346,747,60,142,811,969,448,476,34,629,342,327,27,490,109,614,963,567,74,407,12,15,965,599,298,82,69,65,67,74,77,74,64,78,78,81,81,75,73,79,69,68,70,56,70,68,75,69,66,82,65,80,72,85,84,84,87
[ 8350.651892] [AOA] Measurement: 0,1627167092.489958,08:55:31:9b:09:f4,2,1,2,0,128,423,137,102,900,687,975,933,193,178,887,214,877,517,661,423,68,136,565,842,245,925,264,170,141,55,214,409,1012,1016,936,749,421,88,71,70,66,75,80,77,66,86,83,88,85,77,72,82,71,65,77,59,72,71,77,70,66,84,62,81,67,82,83,75,82
[ 8350.701676] [AOA] Measurement: 0,1627167092.539742,08:55:31:9b:09:f4,2,1,2,0,128,906,1007,105,912,220,807,917,151,279,937,132,844,1009,474,436,17,644,390,294,70,457,84,590,933,567,53,907,153,589,118,115,771,85,69,70,66,75,81,76,66,83,79,86,83,78,69,79,71,67,74,58,74,69,77,69,66,83,63,80,68,83,84,77,81
[ 8350.740199] [AOA] Measurement: 0,1627167092.578263,08:55:31:9b:09:f4,2,1,2,0,128,931,1007,553,668,206,812,941,194,805,105,687,17,504,673,982,259,111,547,875,274,940,250,168,133,535,46,936,199,12,922,483,166,87,71,72,66,76,81,76,67,82,81,86,84,80,74,83,74,67,76,58,74,71,78,72,67,83,64,83,70,85,84,81,83
[ 8350.782238] [AOA] Measurement: 0,1627167092.620302,08:55:31:9b:09:f4,2,1,2,0,128,427,194,98,868,198,812,911,169,811,89,681,52,522,656,965,222,114,500,893,239,407,59,675,4,559,58,940,176,611,139,668,282,90,72,72,66,77,80,75,66,83,81,87,85,78,72,83,72,67,75,59,73,69,76,72,65,83,63,81,68,84,84,80,83
[ 8350.820249] [AOA] Measurement: 0,1627167092.658315,08:55:31:9b:09:f4,2,1,2,0,128,407,150,106,892,181,791,911,163,280,940,188,875,950,472,508,93,140,543,879,263,425,61,668,995,553,71,945,167,651,141,976,567,84,71,68,66,74,78,74,65,82,79,86,83,76,72,81,71,68,72,57,72,69,76,71,69,83,66,83,71,84,84,81,86
[ 8350.858459] [AOA] Measurement: 0,1627167092.696525,08:55:31:9b:09:f4,2,1,2,0,128,434,164,106,880,777,1,437,351,774,62,130,843,1005,495,512,113,152,575,902,257,1004,290,125,117,102,274,961,214,573,123,27,694,89,71,72,67,75,80,75,68,83,81,89,85,77,72,82,71,68,75,58,74,70,78,70,69,83,63,83,68,84,84,78,83
[ 8350.902302] [AOA] Measurement: 0,1627167092.740367,08:55:31:9b:09:f4,2,1,2,0,128,448,194,69,910,791,994,363,301,792,88,189,922,506,668,1016,230,202,627,858,240,423,103,631,930,112,274,922,170,607,132,297,921,87,72,71,67,77,80,75,66,87,82,88,85,80,73,81,70,68,75,60,73,71,77,72,67,83,63,82,67,82,85,78,81
[ 8350.944546] [AOA] Measurement: 0,1627167092.782607,08:55:31:9b:09:f4,2,1,2,0,128,418,192,74,847,757,987,392,350,796,108,763,54,538,689,951,202,612,366,300,45,469,129,625,987,76,263,386,2,1014,922,29,730,90,71,73,67,76,80,77,66,86,80,88,86,78,71,81,73,66,75,59,74,72,77,71,67,81,62,81,63,83,83,76,82
[ 8350.990963] [AOA] Measurement: 0,1627167092.829031,08:55:31:9b:09:f4,2,1,2,0,128,416,174,89,890,166,813,950,207,789,92,706,15,506,676,1014,255,173,569,891,273,945,251,669,1006,597,63,997,230,626,139,619,230,86,71,71,65,75,80,74,65,85,80,88,82,78,70,80,71,67,75,58,75,70,77,70,67,84,64,81,68,82,83,77,81
[ 8351.033798] [AOA] Measurement: 0,1627167092.871863,08:55:31:9b:09:f4,2,1,2,0,128,540,222,97,905,787,1013,432,378,720,34,748,27,512,696,41,274,152,556,884,281,1007,306,180,167,48,226,926,172,638,166,143,801,89,72,73,69,76,81,76,67,84,81,89,86,79,73,83,74,67,76,59,76,72,78,73,70,85,64,84,70,83,85,80,84
[ 8351.076904] [AOA] Measurement: 0,1627167092.914970,08:55:31:9b:09:f4,2,1,2,0,128,434,170,520,665,759,981,424,352,253,948,730,14,934,462,516,114,150,543,857,232,993,274,188,127,125,297,918,164,585,97,983,648,86,71,70,66,74,79,76,66,82,80,85,85,76,72,83,73,69,74,61,74,70,77,73,69,84,67,84,72,84,86,81,86
[ 8351.120043] [AOA] Measurement: 0,1627167092.958108,08:55:31:9b:09:f4,2,1,2,0,128,434,163,64,843,219,791,462,354,265,920,158,861,980,482,455,52,174,582,307,92,998,285,155,175,82,282,953,186,552,122,457,145,89,69,71,65,75,80,74,67,86,81,89,84,77,73,84,73,69,75,58,73,69,76,72,67,85,64,83,68,84,84,81,83
[ 8351.158879] [AOA] Measurement: 0,1627167092.996939,08:55:31:9b:09:f4,2,1,2,0,128,464,182,90,883,744,1016,377,303,829,106,706,33,494,675,27,291,137,554,836,253,459,103,625,955,576,70,393,1011,31,968,636,263,86,71,69,66,76,79,74,65,79,79,86,82,76,72,79,71,67,73,58,71,69,76,70,67,84,64,82,70,85,85,80,84
[ 8351.201861] [AOA] Measurement: 0,1627167093.039922,08:55:31:9b:09:f4,2,1,2,0,128,458,173,107,869,748,980,471,399,738,54,708,32,462,646,438,50,172,546,864,248,1,294,154,166,103,242,901,180,573,125,782,412,87,72,71,68,75,80,75,66,84,82,88,84,77,74,82,71,68,73,59,74,70,78,71,68,84,63,82,69,83,84,79,81
[ 8351.244015] [AOA] Measurement: 0,1627167093.082081,08:55:31:9b:09:f4,2,1,2,0,128,468,190,121,904,738,1003,415,371,763,51,166,898,562,724,959,254,151,570,934,317,988,296,197,170,98,259,991,209,572,136,386,1006,88,73,72,66,76,78,74,67,83,81,88,84,78,72,82,72,66,74,59,73,69,77,71,68,85,63,82,67,83,85,77,81
[ 8351.287654] [AOA] Measurement: 0,1627167093.125719,08:55:31:9b:09:f4,2,1,2,0,128,402,187,56,832,794,1004,406,336,247,894,762,42,503,645,424,36,682,423,282,41,498,138,161,152,46,244,923,155,576,114,772,505,87,71,72,67,74,80,74,66,80,82,86,83,77,72,81,72,68,76,58,74,69,77,72,68,83,65,81,70,85,84,81,86
[ 8351.336584] [AOA] Measurement: 0,1627167093.174644,08:55:31:9b:09:f4,2,1,2,0,128,379,162,97,900,733,994,438,393,786,107,714,21,490,716,388,1022,658,355,290,51,990,291,125,122,150,287,974,160,581,114,76,788,88,71,72,66,75,79,75,65,84,82,89,85,78,71,81,73,66,74,58,74,69,78,70,66,83,61,81,64,80,83,74,81
[ 8351.380447] [AOA] Measurement: 0,1627167093.218512,08:55:31:9b:09:f4,2,1,2,0,128,411,135,94,909,686,927,472,400,808,89,707,11,986,453,447,39,648,351,292,51,402,88,182,136,79,218,379,996,64,949,515,229,90,71,72,67,76,79,74,66,84,80,89,85,78,73,82,73,66,74,59,74,71,76,72,67,83,61,81,66,81,84,75,80
[ 8351.424366] [AOA] Measurement: 0,1627167093.262432,08:55:31:9b:09:f4,2,1,2,0,128,431,165,80,850,815,991,432,373,767,60,670,11,501,665,1012,230,166,550,860,255,1009,322,185,172,87,285,983,238,527,100,51,646,90,71,74,67,77,80,76,66,86,84,89,86,79,73,81,73,66,76,57,73,70,76,70,67,84,60,81,66,82,83,75,81
[ 8351.468156] [AOA] Measurement: 0,1627167093.306221,08:55:31:9b:09:f4,2,1,2,0,128,496,238,60,894,793,994,400,335,745,80,662,14,524,693,1002,241,174,568,345,84,1010,266,647,1009,77,259,914,165,643,149,855,436,88,72,73,67,77,80,76,64,84,81,89,85,78,71,81,73,65,76,59,72,69,77,70,66,82,62,79,65,79,82,75,78
[ 8351.510858] [AOA] Measurement: 0,1627167093.348918,08:55:31:9b:09:f4,2,1,2,0,128,439,202,58,867,780,998,405,339,795,102,747,63,551,707,1002,260,147,494,329,106,411,66,663,996,509,9,402,1022,30,983,904,582,87,71,70,67,75,80,77,67,82,80,86,84,78,75,83,73,69,74,60,74,70,77,73,70,84,64,84,71,86,83,82,86
[ 8351.554152] [AOA] Measurement: 0,1627167093.392213,08:55:31:9b:09:f4,2,1,2,0,128,450,164,578,700,814,14,373,332,768,86,735,47,521,708,414,42,115,522,344,100,427,87,643,997,40,213,385,989,37,963,309,948,88,72,72,67,76,79,76,67,83,80,87,83,78,73,83,74,67,76,60,74,72,79,71,69,85,64,83,71,86,85,81,86
[ 8351.596016] [AOA] Measurement: 0,1627167093.434081,08:55:31:9b:09:f4,2,1,2,0,128,450,204,73,865,713,1008,439,364,749,65,691,49,498,702,1009,283,180,589,855,243,983,308,138,127,63,271,1002,208,623,168,399,84,90,73,73,67,75,80,74,67,86,81,88,85,79,72,82,72,67,76,60,74,70,77,71,68,85,65,82,69,82,83,78,82
[ 8351.639336] [AOA] Measurement: 0,1627167093.477402,08:55:31:9b:09:f4,2,1,2,0,128,446,156,125,871,815,1020,835,122,804,113,717,13,978,509,444,27,638,381,292,59,1014,275,203,164,53,238,951,202,571,100,681,308,86,70,70,67,76,80,76,65,83,81,84,84,78,74,83,71,69,74,60,73,72,78,73,69,84,67,84,73,86,86,83,87
[ 8351.677181] [AOA] Measurement: 0,1627167093.515246,08:55:31:9b:09:f4,2,1,2,0,128,458,168,34,850,755,953,434,381,831,101,728,25,480,654,485,79,612,355,328,42,439,53,665,996,579,81,965,189,636,162,71,662,87,72,72,68,77,80,76,68,83,82,91,86,79,74,82,72,67,75,59,74,70,77,73,66,85,62,84,69,84,83,79,82
[ 8351.720967] [AOA] Measurement: 0,1627167093.559028,08:55:31:9b:09:f4,2,1,2,0,128,449,184,71,862,205,812,928,148,230,930,736,11,512,634,479,96,119,573,888,229,956,208,203,177,478,36,356,996,609,146,976,702,88,73,71,67,77,81,76,65,84,80,88,84,79,74,83,74,69,76,59,75,72,78,72,68,84,64,83,68,84,84,79,83
[ 8351.771034] [AOA] Measurement: 0,1627167093.609095,08:55:31:9b:09:f4,2,1,2,0,128,942,1010,118,880,727,973,480,402,795,102,718,31,530,726,998,221,173,567,864,305,1013,300,177,163,89,274,937,167,604,124,738,337,88,71,70,67,76,80,76,66,83,81,87,85,76,72,83,74,70,76,61,74,72,79,72,69,86,65,84,71,86,86,81,85
[ 8351.816378] [AOA] Measurement: 0,1627167093.654443,08:55:31:9b:09:f4,2,1,2,0,128,503,247,55,870,735,998,431,362,737,79,705,18,972,469,416,37,610,340,349,109,994,250,158,132,551,40,963,163,33,963,560,332,87,71,71,65,75,79,75,66,85,80,86,84,78,70,80,72,65,77,57,72,68,76,70,67,82,62,79,63,81,80,74,76
[ 8351.854034] [AOA] Measurement: 0,1627167093.692100,08:55:31:9b:09:f4,2,1,2,0,128,428,180,102,894,795,987,436,387,199,924,195,871,978,489,442,42,655,379,865,252,983,247,160,160,76,266,430,1,44,963,130,791,90,71,74,65,75,79,76,66,86,80,87,85,78,70,80,71,63,76,56,70,69,74,68,65,80,57,77,60,76,77,69,75
[ 8351.895351] [AOA] Measurement: 0,1627167093.733413,08:55:31:9b:09:f4,2,1,2,0,128,425,198,49,861,758,987,448,368,778,107,701,61,497,700,998,260,618,369,307,63,1001,297,180,151,67,251,431,30,583,140,766,416,86,71,70,66,77,79,76,65,83,80,88,84,78,74,82,71,68,75,60,74,70,78,71,68,84,64,81,70,85,85,80,83
[ 8351.939815] [AOA] Measurement: 0,1627167093.777881,08:55:31:9b:09:f4,2,1,2,0,128,426,206,101,886,193,775,919,185,717,63,152,881,541,690,8,243,138,561,308,84,969,264,240,168,30,228,352,955,20,945,722,515,87,72,72,68,77,80,75,66,85,82,88,85,79,73,83,73,68,76,60,74,71,77,71,66,85,63,81,69,83,85,79,83
[ 8351.983237] [AOA] Measurement: 0,1627167093.821302,08:55:31:9b:09:f4,2,1,2,0,128,447,163,92,884,750,985,388,349,753,84,140,856,962,464,458,46,656,380,336,50,438,66,214,219,103,271,967,180,51,970,1014,708,87,70,71,67,76,80,77,65,82,83,88,84,78,72,81,72,67,75,59,74,70,75,70,65,82,63,80,66,82,81,76,80
[ 8352.031730] [AOA] Measurement: 0,1627167093.869795,08:55:31:9b:09:f4,2,1,2,0,128,469,187,48,856,755,974,435,367,829,128,749,73,496,677,985,250,111,540,322,87,993,248,195,136,100,292,898,196,593,106,226,909,87,72,73,67,76,80,74,66,83,81,88,82,76,72,80,72,67,75,59,74,70,78,71,68,84,62,83,67,83,84,79,82
[ 8352.070275] [AOA] Measurement: 0,1627167093.908336,08:55:31:9b:09:f4,2,1,2,0,128,435,158,50,885,783,16,453,411,725,70,731,75,490,667,4,278,117,532,304,97,1020,281,163,120,78,265,941,203,576,120,349,996,88,71,71,67,76,81,76,67,85,82,87,85,79,73,82,73,69,76,60,74,71,78,73,69,85,64,83,71,84,85,82,84
[ 8352.113088] [AOA] Measurement: 0,1627167093.951148,08:55:31:9b:09:f4,2,1,2,0,128,503,209,58,904,794,18,854,143,821,122,719,41,510,684,6,302,174,590,885,284,960,273,161,158,98,238,902,164,620,151,330,981,88,72,73,67,77,80,77,66,84,81,89,84,79,74,82,72,68,75,58,74,69,77,70,67,83,63,81,67,84,85,77,80
[ 8352.163415] [AOA] Measurement: 0,1627167094.001475,08:55:31:9b:09:f4,2,1,2,0,128,433,172,59,866,172,793,473,374,820,102,734,41,544,715,985,233,124,552,891,296,1023,283,174,197,47,244,951,202,609,135,132,723,86,70,72,66,75,79,76,66,85,82,87,86,78,73,82,72,67,75,60,74,72,79,70,68,84,64,83,69,84,86,80,85
[ 8352.209144] [AOA] Measurement: 0,1627167094.047210,08:55:31:9b:09:f4,2,1,2,0,128,949,993,547,687,224,819,916,160,224,918,173,845,981,490,436,29,652,356,269,18,455,107,617,955,526,41,406,986,59,976,317,1021,85,70,72,67,76,81,76,68,84,81,89,85,78,74,82,74,69,77,60,76,71,78,73,68,85,65,83,70,85,84,81,83
[ 8352.253155] [AOA] Measurement: 0,1627167094.091222,08:55:31:9b:09:f4,2,1,2,0,128,426,177,44,848,186,795,882,156,744,49,171,896,497,662,1007,223,636,373,270,41,466,68,651,989,540,83,402,14,604,111,534,199,85,69,68,66,73,78,73,64,79,78,85,82,76,71,83,72,69,73,59,73,70,76,72,69,85,66,82,70,87,87,82,85
[ 8352.301986] [AOA] Measurement: 0,1627167094.140053,08:55:31:9b:09:f4,2,1,2,0,128,478,187,86,875,788,8,414,336,762,51,713,66,948,418,389,10,637,390,278,65,457,84,151,152,66,228,1000,178,600,134,456,124,88,72,71,67,76,80,76,65,84,80,86,85,78,72,81,71,67,76,59,73,70,76,71,68,81,62,81,68,84,84,78,84
[ 8352.344110] [AOA] Measurement: 0,1627167094.182147,08:55:31:9b:09:f4,2,1,2,0,128,414,136,110,887,782,996,455,382,746,63,691,48,490,657,1020,251,127,542,293,48,444,87,613,952,570,79,897,138,16,962,347,35,88,73,72,67,76,80,75,67,86,80,87,86,78,73,81,73,67,74,59,73,69,77,71,69,84,64,83,69,84,84,79,84
[ 8352.392474] [AOA] Measurement: 0,1627167094.230534,08:55:31:9b:09:f4,2,1,2,0,128,894,1014,67,859,769,1002,429,364,230,940,125,875,1004,472,499,59,94,496,312,64,476,101,672,976,534,51,377,958,4,913,39,802,86,69,69,67,74,80,74,65,81,82,85,84,78,74,83,73,68,74,59,74,70,77,73,68,85,65,81,69,83,85,79,83
[ 8352.437292] [AOA] Measurement: 0,1627167094.275359,08:55:31:9b:09:f4,2,1,2,0,128,422,139,117,889,173,794,986,217,240,884,193,879,978,468,1015,240,146,567,323,70,420,116,617,973,73,259,969,198,570,130,15,720,86,73,73,69,76,80,76,67,83,81,89,86,80,73,81,72,69,76,59,74,70,75,72,68,86,65,84,71,85,85,82,85
[ 8352.481152] [AOA] Measurement: 0,1627167094.319218,08:55:31:9b:09:f4,2,1,2,0,128,420,185,125,906,776,971,415,371,753,70,729,19,988,478,443,45,668,410,360,98,395,84,216,209,25,241,915,194,556,106,157,855,86,69,70,68,74,78,77,66,83,80,87,82,77,75,81,72,69,73,60,73,71,78,73,69,83,67,83,72,86,86,84,86
[ 8352.527546] [AOA] Measurement: 0,1627167094.365611,08:55:31:9b:09:f4,2,1,2,0,128,444,172,113,896,782,10,456,372,774,84,700,58,521,683,1005,229,116,530,879,267,982,268,180,140,79,275,959,220,590,183,179,799,84,68,69,65,74,78,74,65,79,80,84,83,75,72,81,72,68,74,58,74,70,76,72,68,84,65,81,70,84,84,82,86
[ 8352.574514] [AOA] Measurement: 0,1627167094.412551,08:55:31:9b:09:f4,2,1,2,0,128,508,232,53,844,773,988,482,380,751,69,730,16,526,666,1003,255,172,577,847,256,1023,289,131,127,110,264,907,177,74,977,611,243,89,72,73,66,76,81,75,66,86,81,87,84,78,71,80,71,65,76,57,72,68,74,68,64,80,59,77,64,77,78,72,77
[ 8352.622906] [AOA] Measurement: 0,1627167094.460967,08:55:31:9b:09:f4,2,1,2,0,128,457,187,127,903,776,19,414,357,725,63,738,68,473,656,1011,256,138,540,923,310,1014,290,132,129,66,247,980,202,578,139,924,486,86,71,72,67,75,79,75,67,83,80,87,87,77,74,79,73,67,72,59,74,71,78,73,69,86,67,85,72,86,85,83,85
[ 8352.668281] [AOA] Measurement: 0,1627167094.506348,08:55:31:9b:09:f4,2,1,2,0,128,408,193,95,851,774,965,443,375,237,922,146,867,520,682,1007,235,161,581,883,267,438,75,636,959,554,89,421,18,30,940,340,1017,87,71,71,67,76,79,75,66,83,81,87,86,77,74,83,71,70,75,60,74,71,79,71,67,83,66,83,71,86,85,82,86
[ 8352.712114] [AOA] Measurement: 0,1627167094.550181,08:55:31:9b:09:f4,2,1,2,0,128,495,205,31,874,739,974,895,156,806,101,695,26,492,654,9,254,178,546,306,57,433,75,642,985,41,224,961,204,635,164,504,91,89,72,73,65,74,79,76,66,83,81,89,85,76,73,83,74,68,75,58,73,70,76,70,67,85,63,82,66,83,82,75,82
[ 8352.750091] [AOA] Measurement: 0,1627167094.588156,08:55:31:9b:09:f4,2,1,2,0,128,434,195,107,893,760,996,471,390,783,77,671,30,514,674,415,14,622,390,887,273,948,252,164,168,50,267,1001,207,598,136,66,735,87,71,71,68,76,77,77,67,83,83,89,85,78,74,83,74,69,75,58,74,69,77,73,68,84,66,83,72,85,86,81,85
[ 8352.794054] [AOA] Measurement: 0,1627167094.632118,08:55:31:9b:09:f4,2,1,2,0,128,450,188,86,866,188,760,942,171,241,922,168,892,1020,489,448,42,680,411,314,83,428,64,165,122,548,65,410,25,542,72,149,761,87,70,71,65,76,79,75,65,84,82,86,83,77,73,81,71,66,74,57,72,70,76,70,65,84,64,79,68,83,84,77,82
[ 8352.843519] [AOA] Measurement: 0,1627167094.681580,08:55:31:9b:09:f4,2,1,2,0,128,439,178,36,853,205,786,896,168,283,954,178,886,962,459,410,1017,634,347,306,28,426,117,166,134,526,71,958,192,14,932,678,356,88,70,71,65,76,81,76,66,84,82,86,85,79,74,82,71,67,76,58,76,71,78,71,68,84,63,82,66,82,84,78,83
[ 8352.893513] [AOA] Measurement: 0,1627167094.731574,08:55:31:9b:09:f4,2,1,2,0,128,491,215,506,644,279,858,426,368,241,946,757,40,488,659,464,69,138,571,828,221,1015,267,656,966,570,80,420,3,37,942,386,51,88,71,71,65,76,81,76,66,83,81,86,84,78,72,81,71,67,74,59,74,70,78,71,68,85,66,84,72,84,87,82,85
[ 8352.938075] [AOA] Measurement: 0,1627167094.776141,08:55:31:9b:09:f4,2,1,2,0,128,930,1011,517,678,209,787,950,187,225,865,197,905,992,489,11,225,153,550,283,53,5,312,165,143,59,235,910,181,40,963,205,921,89,72,71,67,76,81,76,66,86,81,86,83,77,70,80,72,66,74,58,72,69,78,69,67,82,62,81,67,82,83,77,81
[ 8352.981394] [AOA] Measurement: 0,1627167094.819460,08:55:31:9b:09:f4,2,1,2,0,128,444,172,58,885,791,1016,474,406,818,80,719,26,517,687,1006,219,129,555,852,239,973,255,183,168,508,66,958,169,602,159,716,354,88,72,73,66,76,81,75,66,83,80,89,85,79,71,82,73,66,75,57,73,70,76,69,66,83,60,80,64,79,81,73,80
[ 8353.025364] [AOA] Measurement: 0,1627167094.863430,08:55:31:9b:09:f4,2,1,2,0,128,523,230,97,875,801,996,400,345,777,80,750,66,523,685,994,273,133,501,314,103,965,300,105,84,509,62,386,986,95,986,471,149,90,72,74,67,75,80,77,67,87,83,88,84,79,73,82,72,68,77,59,75,70,78,71,68,83,61,82,65,83,83,78,83
[ 8353.078170] [AOA] Measurement: 0,1627167094.916230,08:55:31:9b:09:f4,2,1,2,0,128,449,182,89,882,741,957,418,344,762,68,128,846,508,670,983,241,125,522,303,54,466,88,137,122,43,254,921,194,560,112,126,689,90,71,74,67,77,82,75,67,87,82,88,87,78,73,81,74,66,76,58,72,70,78,71,68,84,64,82,68,82,84,77,83
[ 8353.120549] [AOA] Measurement: 0,1627167094.958610,08:55:31:9b:09:f4,2,1,2,0,128,451,170,546,665,757,995,881,150,232,917,197,887,1002,463,455,67,163,548,785,221,978,274,156,97,70,279,364,989,34,971,993,708,85,68,71,66,75,77,75,65,82,80,84,82,74,71,81,72,70,72,59,74,70,77,72,68,83,66,82,70,87,84,82,85
[ 8353.167546] [AOA] Measurement: 0,1627167095.005611,08:55:31:9b:09:f4,2,1,2,0,128,456,203,72,859,756,988,468,375,749,70,739,46,489,652,953,213,660,384,339,114,970,270,161,155,26,237,377,967,570,124,686,324,86,70,69,67,75,78,75,66,81,80,85,84,77,74,82,71,67,74,57,73,69,78,71,68,83,64,83,70,83,85,81,83
[ 8353.214935] [AOA] Measurement: 0,1627167095.052995,08:55:31:9b:09:f4,2,1,2,0,128,438,186,78,875,202,811,915,147,242,932,725,25,558,703,1020,241,157,563,834,259,971,254,182,152,52,218,977,222,549,114,490,153,85,70,70,68,73,78,77,66,82,80,85,85,78,73,83,71,69,73,58,75,70,76,71,70,85,66,84,70,86,85,83,85
[ 8353.259175] [AOA] Measurement: 0,1627167095.097241,08:55:31:9b:09:f4,2,1,2,0,128,470,201,86,854,743,982,412,354,821,122,704,26,513,675,473,67,117,511,843,248,969,268,131,147,52,236,976,174,540,99,757,461,89,71,71,68,75,80,75,66,84,81,89,85,79,74,83,73,66,76,59,73,70,76,71,66,83,61,80,70,84,83,79,81
[ 8353.302751] [AOA] Measurement: 0,1627167095.140816,08:55:31:9b:09:f4,2,1,2,0,128,469,199,77,867,265,837,425,326,754,59,142,880,961,478,442,31,629,387,288,45,464,98,660,988,531,51,420,17,543,68,338,20,89,71,71,66,77,81,75,66,85,80,89,85,78,73,81,74,67,76,60,75,70,75,70,66,83,61,81,65,83,84,76,80
[ 8353.352138] [AOA] Measurement: 0,1627167095.190200,08:55:31:9b:09:f4,2,1,2,0,128,402,169,112,915,740,991,426,335,827,105,712,13,484,663,991,249,638,372,908,287,963,281,633,1004,570,121,995,201,601,145,253,864,87,72,73,69,76,79,78,66,85,83,89,86,78,74,82,72,67,74,60,75,70,77,71,68,85,64,84,69,84,84,80,85
[ 8353.403542] [AOA] Measurement: 0,1627167095.241603,08:55:31:9b:09:f4,2,1,2,0,128,417,170,6,818,229,818,454,369,271,933,163,883,982,482,401,31,150,555,843,262,997,300,129,135,540,71,369,1000,21,950,526,274,89,70,72,68,76,80,75,66,85,81,89,85,78,73,83,73,67,76,60,74,69,79,70,66,82,63,83,68,82,83,77,83
[ 8353.448574] [AOA] Measurement: 0,1627167095.286635,08:55:31:9b:09:f4,2,1,2,0,128,454,177,72,846,736,969,425,361,784,84,701,27,499,651,991,230,184,594,852,272,976,283,173,176,104,270,932,181,33,964,361,1005,89,73,73,68,77,81,77,66,85,82,87,85,78,72,81,72,65,76,58,73,70,78,71,67,83,64,83,69,83,83,78,82
[ 8353.492460] [AOA] Measurement: 0,1627167095.330526,08:55:31:9b:09:f4,2,1,2,0,128,453,190,90,865,720,976,855,104,777,96,669,22,959,460,473,69,157,557,911,277,1007,281,179,182,70,216,987,194,44,967,704,321,86,70,70,68,76,79,74,64,82,82,87,84,78,72,81,73,67,76,58,74,69,77,72,68,83,64,83,70,85,84,80,85
[ 8353.530276] [AOA] Measurement: 0,1627167095.368341,08:55:31:9b:09:f4,2,1,2,0,128,423,193,47,875,754,1015,434,390,755,39,682,26,491,652,19,301,163,562,342,99,437,68,162,164,98,287,948,206,614,136,815,380,85,69,68,66,73,79,75,63,78,80,85,82,74,73,80,70,69,74,60,74,71,77,72,69,83,67,84,71,86,86,84,84
[ 8353.574189] [AOA] Measurement: 0,1627167095.412254,08:55:31:9b:09:f4,2,1,2,0,128,442,157,93,907,773,1021,450,363,823,139,727,17,550,677,995,233,175,588,908,301,978,268,197,135,75,263,916,138,592,125,68,665,87,71,69,66,75,78,74,66,81,81,85,84,78,72,82,74,69,73,59,75,70,77,72,69,84,64,81,67,85,84,79,83
[ 8353.612318] [AOA] Measurement: 0,1627167095.450384,08:55:31:9b:09:f4,2,1,2,0,128,493,209,86,898,783,1008,384,324,252,928,746,58,478,664,983,220,162,572,325,73,448,110,611,972,49,215,912,173,36,937,884,580,86,69,70,66,75,77,75,66,83,81,86,85,77,72,80,71,68,74,59,74,69,75,72,69,84,63,81,69,83,83,77,84
[ 8353.660337] [AOA] Measurement: 0,1627167095.498397,08:55:31:9b:09:f4,2,1,2,0,128,470,188,117,877,729,976,423,355,784,90,704,23,573,676,429,66,146,565,336,97,396,49,663,977,541,39,437,17,66,992,59,751,87,70,69,67,75,81,75,66,82,81,87,83,78,72,82,72,70,75,58,71,70,76,71,65,85,64,82,68,83,85,79,84
[ 8353.703752] [AOA] Measurement: 0,1627167095.541817,08:55:31:9b:09:f4,2,1,2,0,128,472,174,96,890,761,962,443,394,780,76,133,860,969,482,438,60,676,364,889,259,425,84,645,961,570,46,932,140,8,954,946,619,88,72,73,67,77,80,77,66,86,82,88,86,79,73,82,73,68,76,60,73,71,77,72,68,85,65,83,69,85,85,81,84
[ 8353.745581] [AOA] Measurement: 0,1627167095.583641,08:55:31:9b:09:f4,2,1,2,0,128,510,214,143,932,793,1020,382,328,806,118,670,1018,539,686,461,51,185,601,899,308,947,245,147,149,69,255,419,33,535,80,539,244,84,69,69,66,74,79,75,66,80,82,86,84,77,74,82,72,69,72,59,73,68,77,72,69,84,64,84,72,87,85,82,84
[ 8353.789045] [AOA] Measurement: 0,1627167095.627108,08:55:31:9b:09:f4,2,1,2,0,128,503,241,186,983,709,958,420,379,780,56,740,62,483,651,976,249,164,589,889,337,5,339,174,207,54,255,941,157,619,146,503,56,88,71,72,65,76,80,76,66,85,82,87,85,78,73,83,71,68,76,59,75,70,77,72,69,84,64,81,68,85,84,78,81
[ 8353.831511] [AOA] Measurement: 0,1627167095.669572,08:55:31:9b:09:f4,2,1,2,0,128,444,159,55,879,732,961,482,401,186,895,138,885,988,461,439,28,652,374,842,244,1,320,176,143,34,221,390,999,17,950,7,736,84,70,68,67,74,78,75,64,77,79,85,83,76,72,82,73,69,71,59,72,69,76,72,69,83,67,83,73,86,84,86,87
[ 8353.873713] [AOA] Measurement: 0,1627167095.711777,08:55:31:9b:09:f4,2,1,2,0,128,462,197,128,929,756,989,399,335,777,60,724,33,602,760,1012,278,137,552,874,267,441,107,615,980,13,204,436,17,563,121,34,630,88,71,70,67,76,79,76,66,83,82,87,85,79,72,82,73,68,73,57,72,70,75,69,66,82,63,82,69,84,85,77,83
[ 8353.917362] [AOA] Measurement: 0,1627167095.755428,08:55:31:9b:09:f4,2,1,2,0,128,397,179,84,871,793,1007,411,387,737,29,697,30,982,462,450,44,179,554,848,228,1013,273,171,140,113,287,934,196,594,107,657,325,87,70,71,68,76,79,76,66,80,81,85,83,76,72,82,72,69,73,59,73,70,77,72,69,82,67,82,70,86,85,85,87
[ 8353.960969] [AOA] Measurement: 0,1627167095.799030,08:55:31:9b:09:f4,2,1,2,0,128,446,160,541,677,258,837,405,355,762,79,174,890,1000,458,422,27,134,576,890,280,963,263,116,136,94,269,980,200,596,120,377,11,88,71,72,67,76,81,77,65,83,83,89,85,78,74,81,72,66,74,58,75,71,78,72,66,84,63,82,69,85,84,79,83
[ 8354.007973] [AOA] Measurement: 0,1627167095.846038,08:55:31:9b:09:f4,2,1,2,0,128,484,212,68,856,720,972,438,356,733,57,121,855,31,509,420,37,636,373,278,25,431,75,667,1005,90,269,986,194,623,148,830,429,88,72,72,67,77,82,76,67,82,81,88,88,79,74,83,73,70,75,59,75,70,76,71,69,81,66,82,70,83,84,79,85
[ 8354.045723] [AOA] Measurement: 0,1627167095.883788,08:55:31:9b:09:f4,2,1,2,0,128,431,158,81,893,772,989,913,182,778,118,184,881,952,479,1009,236,212,591,891,276,1015,284,176,114,57,274,958,226,564,112,760,344,88,69,72,66,76,79,75,64,84,81,87,83,78,73,81,73,67,76,59,72,69,78,69,66,84,63,82,67,84,84,77,81
[ 8354.090130] [AOA] Measurement: 0,1627167095.928196,08:55:31:9b:09:f4,2,1,2,0,128,977,25,102,894,784,1014,459,377,780,99,694,17,507,641,1,239,135,592,854,256,988,270,138,110,578,72,938,169,579,95,120,758,89,70,71,66,76,81,74,66,85,81,88,85,76,72,81,71,65,74,58,74,69,74,69,65,82,59,79,64,79,83,73,79
[ 8354.127868] [AOA] Measurement: 0,1627167095.965934,08:55:31:9b:09:f4,2,1,2,0,128,473,191,62,882,206,796,932,193,266,939,725,39,465,636,461,99,196,571,844,280,16,320,201,205,32,216,936,151,622,155,269,918,88,72,71,67,74,79,77,66,84,79,87,83,77,72,83,74,69,76,61,75,73,78,73,68,84,63,82,69,84,84,78,83
[ 8354.170662] [AOA] Measurement: 0,1627167096.008728,08:55:31:9b:09:f4,2,1,2,0,128,477,243,20,840,773,998,928,187,767,51,714,37,495,669,985,215,185,617,871,252,1014,272,124,102,548,58,389,986,33,959,830,529,87,70,73,67,75,80,75,65,85,82,88,84,77,71,81,70,67,75,59,73,69,77,69,65,83,60,80,65,81,83,74,80
[ 8354.208973] [AOA] Measurement: 0,1627167096.047034,08:55:31:9b:09:f4,2,1,2,0,128,425,170,96,886,735,967,458,399,768,85,699,40,928,436,977,226,108,548,846,276,17,309,160,150,82,239,914,176,519,73,356,38,85,70,69,67,74,79,75,64,80,79,84,81,77,73,80,71,68,72,57,73,69,76,72,71,83,67,82,71,87,86,84,87
[ 8354.251997] [AOA] Measurement: 0,1627167096.090059,08:55:31:9b:09:f4,2,1,2,0,128,477,225,87,894,773,1003,405,340,767,80,750,88,464,636,447,49,651,376,339,87,459,102,632,978,585,36,967,200,617,150,421,26,88,71,71,66,77,80,77,65,84,82,89,86,77,75,82,73,68,76,59,74,71,77,73,70,84,65,84,71,84,84,81,84
[ 8354.301802] [AOA] Measurement: 0,1627167096.139863,08:55:31:9b:09:f4,2,1,2,0,128,479,183,42,898,759,979,408,331,794,96,690,31,545,649,1000,266,193,572,875,282,967,287,190,169,508,33,422,22,589,166,459,117,89,72,72,67,77,81,76,66,86,82,87,85,78,73,82,72,66,75,58,74,68,76,71,67,82,63,81,64,84,85,79,81
[ 8354.346810] [AOA] Measurement: 0,1627167096.184875,08:55:31:9b:09:f4,2,1,2,0,128,888,1011,52,884,739,988,864,121,245,928,132,839,1019,518,1013,254,126,564,884,240,394,58,184,152,10,224,378,1008,93,1000,590,276,88,70,71,66,76,80,77,65,84,81,88,85,79,72,82,74,66,76,56,73,70,76,71,66,83,63,79,66,81,80,74,82
[ 8354.389740] [AOA] Measurement: 0,1627167096.227800,08:55:31:9b:09:f4,2,1,2,0,128,491,205,96,868,751,984,913,174,749,56,736,48,498,686,3,268,112,546,863,278,1013,292,202,178,94,264,914,195,581,139,260,861,86,70,70,66,76,79,74,66,81,82,86,82,76,72,80,72,69,74,60,75,69,78,71,68,83,64,82,71,84,85,80,83
[ 8354.433539] [AOA] Measurement: 0,1627167096.271606,08:55:31:9b:09:f4,2,1,2,0,128,472,186,124,873,770,1013,407,339,758,59,699,0,1015,516,9,226,602,358,354,73,997,312,128,90,58,264,385,971,84,966,978,663,88,72,72,67,77,79,77,67,84,83,88,84,80,72,83,72,66,75,60,73,69,77,71,67,85,63,81,66,82,83,76,82
[ 8354.477478] [AOA] Measurement: 0,1627167096.315540,08:55:31:9b:09:f4,2,1,2,0,128,905,967,92,903,752,986,870,145,255,918,157,898,537,672,379,13,632,377,288,51,457,91,156,111,537,31,376,1000,69,936,13,768,88,70,71,67,76,80,75,65,84,81,87,85,77,72,83,70,67,76,58,73,69,76,71,66,82,62,81,65,83,85,77,82
[ 8354.520374] [AOA] Measurement: 0,1627167096.358436,08:55:31:9b:09:f4,2,1,2,0,128,436,171,96,860,771,1002,411,332,756,56,666,3,988,483,28,279,615,388,847,258,986,287,163,164,85,236,978,169,616,131,867,584,85,71,68,65,73,76,73,65,79,79,86,84,75,72,81,71,69,73,59,74,70,77,71,69,85,67,82,71,86,86,83,85
[ 8354.562501] [AOA] Measurement: 0,1627167096.400566,08:55:31:9b:09:f4,2,1,2,0,128,482,204,114,928,783,996,366,296,244,939,713,33,477,656,8,248,137,557,287,71,446,80,170,119,583,122,947,191,571,87,451,120,89,72,72,67,76,82,75,66,83,82,86,86,78,73,81,73,66,76,60,74,70,77,72,68,84,63,82,69,84,84,79,81
[ 8354.600324] [AOA] Measurement: 0,1627167096.438391,08:55:31:9b:09:f4,2,1,2,0,128,393,169,55,856,752,983,404,337,191,918,133,831,972,466,463,69,665,386,295,50,19,317,169,156,524,56,381,995,55,971,910,616,90,72,71,66,75,79,75,66,85,79,88,85,78,72,81,70,65,75,56,72,69,75,67,63,81,60,78,62,76,81,72,77
[ 8354.643960] [AOA] Measurement: 0,1627167096.482027,08:55:31:9b:09:f4,2,1,2,0,128,454,208,581,717,750,980,913,141,243,920,185,880,975,482,438,27,616,357,272,26,408,70,648,977,490,43,363,996,48,954,878,585,88,71,71,67,76,80,75,65,83,83,88,86,79,72,83,73,66,75,61,73,71,78,71,69,85,63,82,70,83,85,77,82
[ 8354.686153] [AOA] Measurement: 0,1627167096.524214,08:55:31:9b:09:f4,2,1,2,0,128,381,127,106,871,204,777,864,160,178,867,96,846,1018,478,454,71,633,347,361,97,981,237,109,110,116,278,925,176,573,117,441,137,85,70,70,68,77,80,76,66,83,81,86,83,78,72,79,71,66,73,59,75,71,78,71,67,85,63,83,68,84,85,78,84
[ 8354.732245] [AOA] Measurement: 0,1627167096.570307,08:55:31:9b:09:f4,2,1,2,0,128,474,211,62,853,761,995,903,154,771,63,152,883,4,499,435,14,654,408,327,60,1016,298,155,131,56,212,404,13,75,988,788,371,84,68,69,64,75,79,75,62,79,78,85,79,75,71,80,70,67,74,58,72,68,76,70,70,84,64,84,70,86,84,81,86
[ 8354.781641] [AOA] Measurement: 0,1627167096.619702,08:55:31:9b:09:f4,2,1,2,0,128,477,190,103,854,721,980,426,357,782,69,729,34,967,501,460,40,163,554,831,237,1021,298,562,961,548,64,978,203,592,154,441,51,85,70,71,66,75,79,76,64,82,82,87,84,75,73,79,73,68,75,58,72,69,78,72,69,83,64,84,72,84,85,83,86
[ 8354.827523] [AOA] Measurement: 0,1627167096.665589,08:55:31:9b:09:f4,2,1,2,0,128,443,209,92,895,749,970,433,377,828,125,670,15,520,688,972,229,158,582,884,280,7,308,149,188,34,272,1010,258,553,116,341,975,85,69,67,65,73,77,75,65,81,81,87,84,79,74,81,71,67,72,58,74,70,76,73,68,82,64,82,68,84,85,81,84
[ 8354.871331] [AOA] Measurement: 0,1627167096.709397,08:55:31:9b:09:f4,2,1,2,0,128,434,177,104,869,180,797,941,173,759,68,125,840,981,459,430,60,693,455,857,287,931,256,196,136,490,32,992,217,530,120,601,294,84,69,68,67,75,78,75,66,80,81,86,84,77,75,81,72,71,73,59,74,71,78,74,69,85,68,82,71,88,86,83,86
[ 8354.914981] [AOA] Measurement: 0,1627167096.753046,08:55:31:9b:09:f4,2,1,2,0,128,882,984,562,712,714,981,870,135,281,943,665,17,996,498,997,233,130,557,268,23,459,113,145,134,58,211,982,179,580,97,30,701,89,71,72,68,76,81,75,66,84,81,87,85,78,72,82,72,69,76,59,75,70,78,72,68,85,66,81,70,84,83,81,86
[ 8354.958325] [AOA] Measurement: 0,1627167096.796386,08:55:31:9b:09:f4,2,1,2,0,128,497,198,32,841,734,967,430,336,814,105,725,44,483,679,455,50,604,376,334,79,1019,297,138,129,49,254,929,168,631,174,482,18,89,72,73,68,76,80,76,66,85,82,89,85,81,73,83,74,67,75,59,74,70,77,72,68,84,62,83,68,84,83,77,84
[ 8355.001195] [AOA] Measurement: 0,1627167096.839257,08:55:31:9b:09:f4,2,1,2,0,128,954,1021,33,861,132,757,931,176,193,912,701,44,550,678,431,8,645,399,309,70,465,85,637,953,65,254,931,173,554,100,781,563,85,70,70,67,75,79,76,65,80,79,85,84,76,73,81,73,68,74,58,75,70,77,72,69,85,66,83,71,83,84,81,84
[ 8355.043734] [AOA] Measurement: 0,1627167096.881799,08:55:31:9b:09:f4,2,1,2,0,128,395,134,19,830,738,978,489,424,829,149,729,34,551,719,6,269,173,595,858,247,1011,249,143,160,96,272,917,179,568,130,821,394,88,72,73,67,76,80,76,67,84,81,86,84,80,73,80,73,66,73,59,74,71,77,71,67,82,63,82,68,84,85,76,84
[ 8355.087354] [AOA] Measurement: 0,1627167096.925420,08:55:31:9b:09:f4,2,1,2,0,128,451,214,11,818,194,806,898,166,771,65,660,1011,998,476,391,0,594,326,293,79,427,98,619,960,587,73,921,208,574,119,1023,696,85,70,70,66,75,79,74,65,81,81,87,83,77,72,83,74,69,77,60,75,73,80,74,69,85,65,81,67,84,85,79,82
[ 8355.130392] [AOA] Measurement: 0,1627167096.968454,08:55:31:9b:09:f4,2,1,2,0,128,472,213,75,891,767,983,870,178,781,89,720,30,486,665,959,200,179,596,913,283,999,274,133,142,70,229,396,1016,50,967,267,1006,89,71,73,68,76,80,76,66,83,82,87,85,77,72,82,73,67,76,60,74,71,76,71,68,84,62,82,69,85,85,77,83
[ 8355.172173] [AOA] Measurement: 0,1627167097.010239,08:55:31:9b:09:f4,2,1,2,0,128,944,1012,44,868,749,1001,900,182,754,48,178,845,1001,490,520,102,110,573,804,208,457,108,571,968,82,246,969,183,579,114,894,592,88,70,73,65,75,81,74,66,84,81,87,83,79,73,81,72,65,75,56,72,68,77,70,67,83,62,80,65,80,83,73,80
[ 8355.215722] [AOA] Measurement: 0,1627167097.053788,08:55:31:9b:09:f4,2,1,2,0,128,454,185,43,842,741,977,863,145,239,909,158,862,979,467,431,25,186,603,862,241,978,254,598,943,582,85,353,992,35,951,146,810,88,72,73,68,78,81,76,67,85,81,88,86,80,74,83,74,69,77,59,75,71,77,72,68,86,65,83,70,86,84,82,83
[ 8355.259906] [AOA] Measurement: 0,1627167097.097971,08:55:31:9b:09:f4,2,1,2,0,128,946,36,590,686,215,790,444,378,794,73,724,26,501,652,428,28,624,374,345,80,460,69,632,933,499,41,406,997,10,952,837,472,89,72,71,67,77,79,77,67,85,82,88,85,79,72,81,72,68,75,60,75,72,78,73,69,84,65,83,69,85,85,79,83
[ 8355.298724] [AOA] Measurement: 0,1627167097.136786,08:55:31:9b:09:f4,2,1,2,0,128,462,228,119,913,787,997,449,380,777,78,164,874,998,475,472,85,587,333,361,103,455,113,610,985,516,50,405,1011,68,964,805,469,89,69,71,66,76,79,76,66,82,82,87,84,78,72,82,73,67,74,59,74,70,77,70,67,85,64,83,72,85,84,82,85
[ 8355.342077] [AOA] Measurement: 0,1627167097.180138,08:55:31:9b:09:f4,2,1,2,0,128,481,178,75,895,741,967,474,398,777,83,699,18,525,666,441,67,629,385,914,298,980,285,156,156,65,260,945,201,541,106,390,45,89,72,74,67,77,79,77,66,85,83,89,85,80,73,82,73,68,74,60,74,72,79,73,70,85,67,83,70,86,85,81,86
[ 8355.394777] [AOA] Measurement: 0,1627167097.232838,08:55:31:9b:09:f4,2,1,2,0,128,474,234,81,879,734,1006,383,336,771,62,753,61,949,478,964,203,184,564,335,80,485,150,164,160,57,275,948,206,18,957,445,67,89,71,72,67,76,79,77,65,84,81,89,85,79,73,81,74,68,75,59,74,72,78,71,67,84,63,81,69,82,83,76,83
[ 8355.433257] [AOA] Measurement: 0,1627167097.271323,08:55:31:9b:09:f4,2,1,2,0,128,950,14,143,936,734,1003,449,356,786,91,101,829,957,449,459,58,575,330,300,87,986,282,624,974,556,95,936,142,572,111,270,914,88,71,72,67,76,81,77,66,85,81,87,87,79,73,81,72,67,76,57,75,70,75,70,67,85,63,81,67,82,83,76,80
[ 8355.477571] [AOA] Measurement: 0,1627167097.315636,08:55:31:9b:09:f4,2,1,2,0,128,485,227,51,844,706,965,867,142,284,926,161,849,976,486,497,84,601,306,351,108,435,46,604,909,537,20,428,8,621,150,576,241,86,71,72,65,75,79,77,65,83,82,89,83,80,73,82,73,69,75,59,75,71,78,70,68,84,64,82,68,84,84,80,83
[ 8355.521247] [AOA] Measurement: 0,1627167097.359313,08:55:31:9b:09:f4,2,1,2,0,128,430,155,81,876,180,793,881,158,202,892,160,863,979,481,465,90,624,378,359,73,955,243,616,924,526,43,360,997,7,937,867,648,87,71,72,67,76,80,73,65,86,83,88,86,80,73,81,73,67,74,60,73,70,76,72,68,84,64,82,69,84,85,82,86
[ 8355.565123] [AOA] Measurement: 0,1627167097.403189,08:55:31:9b:09:f4,2,1,2,0,128,411,177,96,876,772,1002,397,330,254,911,690,1018,972,442,474,52,131,536,847,243,990,284,127,96,550,56,944,181,544,79,646,303,88,72,72,66,77,80,77,66,84,81,88,84,79,73,83,74,69,75,58,73,70,77,72,67,83,63,82,70,84,85,79,84
[ 8355.609064] [AOA] Measurement: 0,1627167097.447125,08:55:31:9b:09:f4,2,1,2,0,128,458,189,36,821,747,1,458,344,770,78,173,884,998,481,461,55,171,553,327,51,432,62,643,969,521,28,409,25,43,950,220,900,87,72,69,66,74,79,75,65,84,82,86,85,78,73,83,72,66,74,60,74,69,75,73,68,85,64,81,69,83,84,79,86
[ 8355.653892] [AOA] Measurement: 0,1627167097.491954,08:55:31:9b:09:f4,2,1,2,0,128,478,204,87,865,800,17,412,368,772,58,736,16,466,639,486,68,654,380,310,89,446,99,160,173,95,266,929,187,23,919,390,130,88,73,72,66,75,79,73,66,85,81,86,84,79,70,79,71,64,74,56,72,67,72,69,64,80,59,78,64,77,78,72,78
[ 8355.702913] [AOA] Measurement: 0,1627167097.540974,08:55:31:9b:09:f4,2,1,2,0,128,487,238,95,929,785,1008,439,367,732,75,135,858,520,685,1010,257,224,613,857,278,1,324,156,159,70,255,968,191,516,63,292,992,88,70,72,68,74,81,76,66,84,82,88,83,77,73,81,72,68,75,59,74,70,77,71,67,83,64,82,69,85,85,79,84
