
[ 4164.354381] [AOA] Measurement: 0,1629151802.538792,08:55:31:70:ff:0a,2,1,1,0,128,622,610,1001,557,434,800,722,187,935,297,702,85,998,333,326,824,169,459,181,671,517,2,434,924,351,494,410,319,208,32,278,201,65,63,64,51,69,67,66,39,45,61,47,68,61,55,62,47,63,66,60,64,64,66,67,58,64,63,59,65,69,67,65,68
[ 4164.393110] [AOA] Measurement: 0,1629151802.577520,08:55:31:70:ff:0a,2,1,1,0,128,149,833,585,848,924,948,789,242,437,481,653,56,427,130,790,617,169,460,640,475,994,800,451,950,436,576,448,303,289,105,861,729,64,63,62,51,69,68,64,38,44,61,48,67,62,55,63,48,66,68,59,63,65,67,66,60,64,64,58,65,69,69,66,69
[ 4164.435282] [AOA] Measurement: 0,1629151802.619687,08:55:31:70:ff:0a,2,1,1,0,128,153,791,15,610,520,849,245,371,435,511,204,278,6,361,778,632,169,472,606,492,1020,789,495,935,463,584,368,276,295,102,203,175,66,63,62,50,70,67,64,38,46,60,49,67,63,53,62,47,64,68,59,63,64,67,66,58,63,62,59,64,69,67,65,69
[ 4164.473887] [AOA] Measurement: 0,1629151802.658298,08:55:31:70:ff:0a,2,1,1,0,128,568,549,10,568,401,797,780,200,933,292,659,100,1008,331,309,828,750,690,133,674,1000,809,865,725,384,513,839,118,718,895,670,592,65,66,62,50,68,66,65,39,43,60,49,67,63,53,60,44,63,67,59,61,62,65,64,58,61,61,55,63,66,65,62,66
[ 4164.518666] [AOA] Measurement: 0,1629151802.703077,08:55:31:70:ff:0a,2,1,1,0,128,166,812,562,841,979,997,337,444,501,546,206,296,19,355,346,859,718,687,126,669,510,1013,423,949,368,509,341,300,219,53,583,488,57,55,57,46,65,64,62,38,46,59,47,65,62,55,65,50,65,65,56,61,64,68,64,59,63,64,58,65,70,70,67,69
[ 4164.557045] [AOA] Measurement: 0,1629151802.741457,08:55:31:70:ff:0a,2,1,1,0,128,146,857,517,773,1002,6,278,415,408,491,210,274,995,367,320,838,816,720,155,671,535,1021,465,952,429,555,377,289,275,85,766,524,64,62,64,50,69,68,64,38,45,61,49,67,63,54,61,48,63,66,57,62,63,66,64,57,60,59,56,63,66,65,64,68
[ 4164.598089] [AOA] Measurement: 0,1629151802.782489,08:55:31:70:ff:0a,2,1,1,0,128,142,836,557,797,989,1013,348,455,449,496,209,250,30,393,332,852,743,677,160,667,556,8,396,919,425,542,396,309,275,108,492,357,62,60,59,48,65,65,62,39,46,60,47,66,63,55,63,48,65,67,59,63,64,67,66,59,63,62,59,64,69,68,65,69
[ 4164.643773] [AOA] Measurement: 0,1629151802.828184,08:55:31:70:ff:0a,2,1,1,0,128,630,640,1022,620,483,832,305,381,504,514,187,254,39,367,355,856,730,667,99,622,974,777,911,736,879,342,397,293,243,96,694,617,78,74,74,62,83,83,80,49,59,76,60,83,75,68,80,60,80,82,70,78,79,83,80,73,79,80,74,82,86,87,85,87
[ 4164.682096] [AOA] Measurement: 0,1629151802.866508,08:55:31:70:ff:0a,2,1,1,0,128,214,891,623,884,990,999,323,454,500,527,244,303,76,407,343,861,755,696,105,651,558,18,439,907,390,510,403,326,275,58,215,15,71,68,70,57,81,81,76,49,57,73,59,82,76,67,79,61,77,77,67,78,78,82,78,72,74,76,73,82,87,87,85,86
[ 4164.723154] [AOA] Measurement: 0,1629151802.907560,08:55:31:70:ff:0a,2,1,1,0,128,615,631,32,659,0,21,736,184,933,337,625,55,413,86,825,678,199,512,110,645,496,994,437,944,419,550,316,251,731,913,801,706,62,62,60,49,68,68,66,38,44,61,47,65,62,53,63,47,64,66,58,62,63,68,66,59,64,63,59,63,68,68,66,69
[ 4164.768675] [AOA] Measurement: 0,1629151802.953087,08:55:31:70:ff:0a,2,1,1,0,128,666,661,548,773,430,816,324,406,573,602,276,302,23,444,313,882,739,706,187,726,495,999,440,935,357,526,373,251,271,92,541,363,61,61,55,45,69,67,63,33,40,61,45,67,62,54,62,49,64,65,50,62,64,67,63,58,60,59,54,63,68,66,65,68
[ 4164.813336] [AOA] Measurement: 0,1629151802.997748,08:55:31:70:ff:0a,2,1,1,0,128,614,623,25,643,427,788,751,192,997,373,199,262,433,168,765,645,210,515,133,669,525,1000,506,964,410,542,419,312,197,44,99,44,56,54,50,40,63,65,59,33,41,59,44,64,59,53,60,47,60,61,49,60,63,65,62,57,60,61,55,63,69,66,66,68
[ 4164.881509] [AOA] Measurement: 0,1629151803.065913,08:55:31:70:ff:0a,2,1,1,0,128,206,850,551,784,945,970,304,395,505,540,239,295,964,361,307,844,761,697,88,632,976,797,896,697,891,349,870,82,763,975,241,230,59,58,54,43,66,65,62,33,41,61,44,66,60,54,62,47,61,63,49,58,64,65,64,56,61,61,55,62,68,68,64,69
[ 4164.942206] [AOA] Measurement: 0,1629151803.126616,08:55:31:70:ff:0a,2,1,1,0,128,138,818,567,804,942,975,324,408,543,541,216,263,977,380,312,876,702,626,600,465,6,835,875,693,938,403,367,244,284,136,240,49,55,54,49,39,63,65,60,30,38,59,40,62,59,52,62,47,62,59,47,59,62,64,60,57,58,60,52,63,69,67,65,69
[ 4164.991399] [AOA] Measurement: 0,1629151803.175810,08:55:31:70:ff:0a,2,1,1,0,128,119,840,55,663,424,809,771,190,1007,348,216,274,979,377,305,856,733,682,191,694,543,1018,437,901,401,527,384,301,304,133,158,75,66,63,58,46,78,76,71,35,48,72,51,78,73,63,78,61,75,67,53,69,72,77,68,66,68,71,62,77,82,81,81,79
[ 4165.030430] [AOA] Measurement: 0,1629151803.214834,08:55:31:70:ff:0a,2,1,1,2,128,119,840,55,663,424,809,771,190,1007,348,216,274,979,377,305,856,733,682,191,694,543,1018,437,901,401,527,384,301,304,133,158,75,55,54,49,39,63,65,60,30,38,59,40,62,59,52,62,47,62,59,47,59,62,64,60,57,58,60,52,63,69,67,65,69
[ 4165.073924] [AOA] Measurement: 0,1629151803.258329,08:55:31:70:ff:0a,2,1,1,0,128,158,860,565,800,1017,28,280,405,493,545,728,69,24,387,269,821,716,675,150,678,598,39,403,893,480,604,414,343,256,102,171,1005,56,56,52,40,63,65,59,31,40,57,42,64,60,52,61,47,61,61,49,60,62,65,62,57,60,61,53,64,68,67,66,67
[ 4165.124062] [AOA] Measurement: 0,1629151803.308467,08:55:31:70:ff:0a,2,1,1,0,128,112,821,574,838,960,993,342,433,506,570,201,261,996,361,756,639,695,666,157,730,610,44,443,949,457,569,405,320,257,83,732,607,60,58,59,46,66,67,64,37,45,60,46,66,63,54,63,48,64,66,55,62,63,67,65,56,61,60,57,65,70,69,67,69
[ 4165.170010] [AOA] Measurement: 0,1629151803.354421,08:55:31:70:ff:0a,2,1,1,0,128,637,638,982,593,401,801,758,192,916,294,622,43,485,161,843,594,205,465,78,648,548,12,396,935,388,507,763,55,733,889,196,146,64,69,56,36,64,66,59,29,25,33,32,60,53,27,42,19,49,68,46,44,45,54,58,40,51,35,42,48,55,51,50,53
[ 4165.208238] [AOA] Measurement: 0,1629151803.392650,08:55:31:70:ff:0a,2,1,1,0,128,125,808,969,584,491,827,805,235,933,336,683,97,501,206,329,790,697,636,65,606,554,18,449,933,387,486,320,325,334,134,761,643,72,67,63,45,78,77,69,39,30,39,34,69,65,31,58,22,69,79,58,63,65,71,72,52,60,42,54,63,77,67,69,67
[ 4165.252288] [AOA] Measurement: 0,1629151803.436697,08:55:31:70:ff:0a,2,1,1,0,128,587,575,948,559,395,813,695,138,840,284,653,49,481,183,823,590,134,412,569,438,21,853,890,760,399,510,362,308,209,20,104,19,70,72,62,40,70,71,65,32,29,35,35,63,59,28,48,23,54,71,50,50,51,61,63,46,54,40,48,55,64,58,55,58
[ 4165.296300] [AOA] Measurement: 0,1629151803.480708,08:55:31:70:ff:0a,2,1,1,0,128,154,771,517,809,1003,1014,749,172,948,295,600,23,489,114,787,532,229,495,105,650,557,10,401,881,395,478,350,346,346,108,441,67,74,63,61,46,76,75,70,39,29,36,34,67,65,32,60,20,70,76,56,64,66,69,72,53,59,43,56,64,78,66,70,67
[ 4165.339774] [AOA] Measurement: 0,1629151803.524179,08:55:31:70:ff:0a,2,1,1,0,128,606,600,963,587,447,803,776,204,948,347,649,54,511,120,868,617,186,434,63,607,5,843,427,926,821,297,834,129,700,865,566,475,71,72,62,41,72,73,64,33,28,36,35,64,60,28,48,22,54,73,52,51,54,61,63,43,55,40,48,54,62,55,56,58
[ 4165.383191] [AOA] Measurement: 0,1629151803.567594,08:55:31:70:ff:0a,2,1,1,0,128,575,591,993,573,436,806,804,241,883,288,676,70,551,214,349,726,713,653,106,651,547,22,370,880,805,254,824,110,759,892,679,618,67,53,56,43,71,71,63,41,24,30,28,61,60,26,61,15,70,69,54,62,66,69,69,54,51,36,50,63,78,57,72,60
[ 4165.430770] [AOA] Measurement: 0,1629151803.615181,08:55:31:70:ff:0a,2,1,1,0,128,632,612,1021,605,0,1,329,431,493,573,165,268,49,360,335,809,727,652,134,684,563,2,445,933,361,462,398,346,307,105,173,1021,74,68,63,47,77,79,71,39,30,36,35,67,65,32,58,22,67,77,60,63,65,69,71,54,60,43,53,63,77,66,69,67
[ 4165.468759] [AOA] Measurement: 0,1629151803.653170,08:55:31:70:ff:0a,2,1,1,0,128,575,571,962,563,405,775,775,192,916,340,741,116,84,416,293,807,698,603,564,482,998,820,872,741,818,314,816,116,709,854,887,929,67,52,57,43,71,71,66,40,24,30,29,61,61,28,60,15,69,66,55,61,64,68,69,54,54,37,50,64,78,61,71,65
[ 4165.513743] [AOA] Measurement: 0,1629151803.698148,08:55:31:70:ff:0a,2,1,1,0,128,607,590,942,567,420,811,750,196,942,344,657,31,502,134,852,566,166,442,545,442,560,1016,403,923,371,502,350,339,775,928,948,843,77,71,65,47,78,78,69,39,33,38,36,70,66,32,55,24,65,75,57,60,62,68,72,50,62,44,54,62,75,66,67,66
[ 4165.561386] [AOA] Measurement: 0,1629151803.745796,08:55:31:70:ff:0a,2,1,1,0,128,636,607,957,588,995,1007,314,424,438,571,207,288,27,403,289,801,652,614,530,438,6,864,385,926,404,514,341,312,201,44,541,517,68,50,57,44,73,70,66,40,25,31,29,62,61,25,61,16,70,69,53,62,66,69,70,53,52,37,49,62,76,59,72,61
[ 4165.610673] [AOA] Measurement: 0,1629151803.795085,08:55:31:70:ff:0a,2,1,1,0,128,662,643,529,807,971,1004,301,397,437,587,201,270,494,183,824,631,789,674,50,661,1021,848,417,952,854,300,808,135,273,108,193,89,73,64,62,45,78,76,69,39,29,36,32,66,67,29,61,20,71,76,59,62,67,72,74,54,61,44,56,66,81,67,71,70
[ 4165.649442] [AOA] Measurement: 0,1629151803.833854,08:55:31:70:ff:0a,2,1,1,0,128,123,795,563,831,1013,1011,260,407,453,467,179,273,460,153,818,533,175,433,89,627,508,972,900,738,356,490,405,361,322,116,842,510,69,53,57,43,74,73,66,40,25,31,27,61,61,25,60,14,71,68,53,59,64,69,67,52,48,31,46,60,76,55,71,56
[ 4165.693956] [AOA] Measurement: 0,1629151803.878364,08:55:31:70:ff:0a,2,1,1,0,128,185,831,514,798,415,788,810,237,414,518,216,274,421,98,778,561,127,436,535,414,5,838,902,767,893,352,361,290,333,133,114,1007,72,65,63,46,78,77,68,39,31,36,33,67,65,32,60,23,68,76,58,62,65,69,72,53,60,45,54,63,75,65,68,67
[ 4165.737480] [AOA] Measurement: 0,1629151803.921892,08:55:31:70:ff:0a,2,1,1,0,128,688,651,977,565,464,847,715,140,932,323,625,39,477,91,840,612,138,423,489,407,1017,867,915,750,394,513,399,331,275,104,299,80,74,74,65,44,76,75,67,36,32,39,38,68,62,31,53,23,61,75,54,55,59,66,69,49,58,43,53,59,69,63,61,64
[ 4165.780920] [AOA] Measurement: 0,1629151803.965329,08:55:31:70:ff:0a,2,1,1,2,128,688,651,977,565,464,847,715,140,932,323,625,39,477,91,840,612,138,423,489,407,1017,867,915,750,394,513,399,331,275,104,299,80,72,65,63,46,78,77,68,39,31,36,33,67,65,32,60,23,68,76,58,62,65,69,72,53,60,45,54,63,75,65,68,67
[ 4165.821686] [AOA] Measurement: 0,1629151804.006090,08:55:31:70:ff:0a,2,1,1,0,128,544,597,86,642,420,833,765,185,979,333,641,54,442,202,767,657,732,680,157,683,484,964,448,910,868,316,907,106,764,960,339,266,58,58,53,42,67,65,63,32,39,59,43,66,59,53,61,48,64,63,50,60,63,67,64,56,60,60,54,61,67,65,62,67
[ 4165.869132] [AOA] Measurement: 0,1629151804.053541,08:55:31:70:ff:0a,2,1,1,2,128,544,597,86,642,420,833,765,185,979,333,641,54,442,202,767,657,732,680,157,683,484,964,448,910,868,316,907,106,764,960,339,266,73,64,62,45,78,76,69,39,29,36,32,66,67,29,61,20,71,76,59,62,67,72,74,54,61,44,56,66,81,67,71,70
[ 4165.915144] [AOA] Measurement: 0,1629151804.099552,08:55:31:70:ff:0a,2,1,1,2,128,544,597,86,642,420,833,765,185,979,333,641,54,442,202,767,657,732,680,157,683,484,964,448,910,868,316,907,106,764,960,339,266,58,58,53,42,67,65,63,32,39,59,43,66,59,53,61,48,64,63,50,60,63,67,64,56,60,60,54,61,67,65,62,67
[ 4165.959669] [AOA] Measurement: 0,1629151804.144080,08:55:31:70:ff:0a,2,1,1,0,128,163,810,582,822,942,985,351,471,499,509,207,251,10,371,782,637,164,449,627,491,542,1006,402,929,399,498,345,292,312,127,152,22,48,44,49,40,57,56,54,32,40,50,37,55,54,48,59,43,57,53,49,54,57,58,57,51,55,56,52,59,64,61,61,62
[ 4166.003830] [AOA] Measurement: 0,1629151804.188241,08:55:31:70:ff:0a,2,1,1,0,128,607,610,1013,603,460,823,737,191,928,382,193,264,31,385,356,801,756,689,87,657,546,24,429,972,399,518,365,332,240,47,761,748,72,69,62,42,75,77,69,37,31,36,37,66,62,31,53,24,61,76,53,57,59,65,68,46,58,42,53,60,69,63,62,63
[ 4166.046458] [AOA] Measurement: 0,1629151804.230863,08:55:31:70:ff:0a,2,1,1,0,128,613,582,945,581,453,790,817,257,902,307,700,71,489,148,345,791,110,389,518,381,980,770,847,694,824,259,857,122,761,879,712,652,74,68,64,47,78,79,70,39,30,36,35,67,65,32,59,21,68,75,59,62,66,70,75,54,61,43,55,65,77,68,69,68
[ 4166.090059] [AOA] Measurement: 0,1629151804.274464,08:55:31:70:ff:0a,2,1,1,0,128,589,565,10,570,421,792,774,231,458,557,637,48,509,150,845,601,132,412,531,430,1015,809,897,745,829,275,817,118,685,878,340,270,71,63,61,45,77,76,69,40,29,35,34,66,65,31,61,20,70,76,57,64,66,72,72,54,59,42,55,65,77,67,70,66
[ 4166.133043] [AOA] Measurement: 0,1629151804.317448,08:55:31:70:ff:0a,2,1,1,0,128,127,793,537,815,1023,37,345,483,434,567,228,296,77,388,353,822,736,661,84,676,544,1019,373,923,425,546,831,117,320,119,424,285,67,55,57,43,75,74,66,39,24,30,30,62,62,27,61,16,71,70,56,63,65,71,70,54,55,36,51,64,78,61,72,64
[ 4166.183396] [AOA] Measurement: 0,1629151804.367800,08:55:31:70:ff:0a,2,1,1,0,128,93,796,494,806,1016,12,220,335,953,400,660,60,520,175,329,799,183,451,553,462,1014,839,514,1010,399,547,354,317,317,120,840,719,74,72,63,42,75,75,68,36,31,37,36,67,62,32,51,25,59,76,54,55,58,64,67,48,57,41,52,58,68,61,62,64
[ 4166.233719] [AOA] Measurement: 0,1629151804.418123,08:55:31:70:ff:0a,2,1,1,0,128,152,833,464,774,467,828,318,434,469,539,190,262,18,341,362,820,690,628,99,675,458,1015,869,727,879,324,356,317,253,72,372,166,76,69,65,46,79,79,71,39,32,37,36,68,65,32,57,24,65,75,58,59,63,70,73,52,61,45,53,63,74,66,68,68
[ 4166.272880] [AOA] Measurement: 0,1629151804.457291,08:55:31:70:ff:0a,2,1,1,0,128,150,797,515,777,925,969,844,226,487,561,156,250,77,399,350,813,745,663,86,651,608,64,429,986,373,543,379,358,289,70,19,910,75,72,65,45,76,76,71,39,32,38,38,69,64,32,56,25,65,77,57,59,62,68,72,51,60,44,53,62,72,64,65,67
[ 4166.317020] [AOA] Measurement: 0,1629151804.501431,08:55:31:70:ff:0a,2,1,1,0,128,593,621,65,626,994,1009,718,180,957,319,648,79,988,346,801,650,722,675,157,684,478,995,417,888,416,518,381,286,272,84,397,277,52,50,46,37,60,60,56,29,38,57,39,59,57,53,61,46,59,54,45,57,60,63,58,53,58,60,53,63,69,66,65,67
[ 4166.359670] [AOA] Measurement: 0,1629151804.544075,08:55:31:70:ff:0a,2,1,1,0,128,612,609,3,591,398,790,736,165,955,308,661,40,440,152,796,689,122,420,563,414,1018,820,872,686,800,317,831,66,726,906,677,827,62,61,57,44,64,65,63,31,37,57,45,65,59,51,59,43,60,64,49,58,59,62,63,55,56,56,50,58,60,58,57,62
[ 4166.398292] [AOA] Measurement: 0,1629151804.582702,08:55:31:70:ff:0a,2,1,1,0,128,95,782,68,646,982,1020,264,350,481,534,193,277,443,168,795,702,123,458,637,482,969,763,872,692,937,416,384,279,736,940,522,501,60,58,56,43,65,66,63,31,38,58,44,64,59,52,59,44,61,63,49,59,60,64,63,56,59,58,52,60,66,63,62,66
[ 4166.475675] [AOA] Measurement: 0,1629151804.660016,08:55:31:70:ff:0a,2,1,1,0,128,586,654,587,815,39,30,329,448,518,547,164,236,1010,383,296,818,744,696,103,642,9,834,881,696,939,364,384,303,251,75,941,860,61,60,61,48,67,66,63,36,43,61,47,66,62,54,61,46,64,66,57,61,62,65,66,58,60,60,57,63,68,66,63,67
[ 4166.543594] [AOA] Measurement: 0,1629151804.727999,08:55:31:70:ff:0a,2,1,1,0,128,158,804,602,816,341,731,804,213,964,326,726,126,30,404,341,828,735,667,223,695,496,996,459,952,424,560,398,313,251,71,247,58,59,59,52,41,66,67,61,31,40,61,44,66,60,53,62,47,63,64,51,60,63,65,63,56,60,60,54,63,67,65,65,68
[ 4166.593746] [AOA] Measurement: 0,1629151804.778153,08:55:31:70:ff:0a,2,1,1,0,128,580,584,952,523,526,836,334,444,487,571,230,281,27,420,306,788,699,620,541,433,1000,826,912,755,858,298,854,126,701,883,728,667,71,62,61,45,76,76,70,39,29,37,34,66,64,31,58,21,68,74,57,63,64,69,72,52,59,41,51,62,77,65,69,66
[ 4166.638273] [AOA] Measurement: 0,1629151804.822682,08:55:31:70:ff:0a,2,1,1,0,128,564,578,919,542,445,795,774,213,904,415,221,290,64,406,393,846,694,628,126,691,536,1016,400,943,418,561,372,338,299,87,910,735,63,46,53,42,69,68,62,39,21,28,26,56,57,23,59,11,67,66,51,61,64,66,67,50,48,33,47,60,73,55,73,56
[ 4166.682278] [AOA] Measurement: 0,1629151804.866690,08:55:31:70:ff:0a,2,1,1,0,128,70,752,917,529,465,818,746,203,880,305,646,41,509,136,869,643,195,465,115,686,972,795,457,957,421,562,354,332,304,115,1008,817,69,59,60,45,76,73,69,42,26,34,30,64,59,28,59,17,70,71,56,60,65,70,72,53,56,38,53,65,78,65,73,64
[ 4166.720757] [AOA] Measurement: 0,1629151804.905166,08:55:31:70:ff:0a,2,1,1,0,128,104,835,509,821,973,952,313,395,448,660,185,275,76,397,378,876,697,609,26,614,27,839,391,962,436,562,366,349,295,103,707,408,73,71,65,44,75,77,68,38,30,38,37,68,63,32,53,23,60,74,53,56,57,65,68,48,59,42,53,57,70,61,64,65
[ 4166.759093] [AOA] Measurement: 0,1629151804.943505,08:55:31:70:ff:0a,2,1,1,0,128,592,587,1008,579,436,780,760,202,909,310,688,74,481,152,825,662,719,627,167,652,550,1014,414,962,379,525,806,82,780,906,322,287,74,69,66,46,79,78,70,38,31,37,35,67,63,32,56,22,67,78,57,59,61,68,72,50,59,41,52,62,74,67,67,67
[ 4166.803817] [AOA] Measurement: 0,1629151804.988229,08:55:31:70:ff:0a,2,1,1,0,128,582,591,579,845,957,969,332,420,480,525,156,253,497,152,796,553,162,380,502,397,9,814,839,687,862,301,820,94,733,901,933,909,75,70,64,45,75,76,70,37,30,38,37,68,65,31,55,23,66,76,57,60,60,67,70,49,59,44,52,59,71,63,64,66
[ 4166.846218] [AOA] Measurement: 0,1629151805.030624,08:55:31:70:ff:0a,2,1,1,0,128,140,825,587,862,990,980,341,435,459,514,185,239,42,394,336,714,655,604,555,467,52,866,468,943,376,463,392,301,306,66,866,750,73,64,62,46,75,76,69,38,29,37,35,68,66,32,61,20,69,76,58,63,65,69,72,53,59,42,53,62,77,67,71,66
[ 4166.890247] [AOA] Measurement: 0,1629151805.074657,08:55:31:70:ff:0a,2,1,1,0,128,61,736,542,812,995,981,279,419,390,477,229,296,10,352,336,767,666,616,34,636,525,1008,421,946,367,502,381,327,270,95,915,702,71,62,61,46,77,76,69,41,27,34,32,66,65,29,59,18,71,73,56,62,66,72,71,55,56,39,53,64,79,63,73,63
[ 4166.933353] [AOA] Measurement: 0,1629151805.117763,08:55:31:70:ff:0a,2,1,1,0,128,153,808,531,784,992,1011,295,407,473,533,200,266,58,357,298,750,227,476,81,670,540,5,422,894,435,520,378,343,305,91,784,529,74,75,66,44,77,78,70,37,31,37,37,67,63,31,53,24,62,77,55,57,59,66,69,49,59,44,52,60,69,61,65,65
[ 4166.976756] [AOA] Measurement: 0,1629151805.161167,08:55:31:70:ff:0a,2,1,1,0,128,106,792,540,820,1000,1013,286,407,461,588,232,312,10,358,834,623,694,632,599,497,582,16,405,950,327,456,381,355,273,69,551,414,63,48,55,43,71,69,64,39,21,29,25,56,58,23,61,10,69,63,51,59,63,65,67,52,44,29,44,58,71,51,71,54
[ 4167.020360] [AOA] Measurement: 0,1629151805.204772,08:55:31:70:ff:0a,2,1,1,0,128,614,593,973,588,497,839,797,209,488,553,601,43,525,157,842,586,732,655,64,632,552,1011,380,925,400,510,839,168,744,913,122,56,74,66,64,46,77,76,70,40,31,38,36,70,64,32,58,22,66,76,59,61,63,69,71,51,59,42,53,62,73,64,66,65
[ 4167.059102] [AOA] Measurement: 0,1629151805.243510,08:55:31:70:ff:0a,2,1,1,0,128,160,817,513,810,1003,16,352,468,443,505,213,280,55,377,355,792,719,606,86,643,5,841,448,961,396,540,411,375,312,92,386,174,73,64,61,47,77,79,69,42,30,37,36,69,65,32,60,21,68,75,57,64,66,70,73,53,61,43,56,65,77,67,73,68
[ 4167.103841] [AOA] Measurement: 0,1629151805.288247,08:55:31:70:ff:0a,2,1,1,0,128,583,582,929,529,456,826,825,237,887,337,666,40,524,193,801,566,167,391,524,403,25,865,858,725,807,272,824,93,754,905,74,1019,76,69,63,45,78,79,69,38,32,39,36,68,64,31,54,22,63,76,54,60,60,68,70,49,58,43,52,61,70,63,64,64
[ 4167.153910] [AOA] Measurement: 0,1629151805.338316,08:55:31:70:ff:0a,2,1,1,0,128,593,602,1023,595,471,814,781,216,895,333,670,81,507,142,834,603,758,684,104,676,975,800,406,916,891,255,869,102,225,70,872,766,66,71,59,37,65,67,60,30,25,33,32,59,54,26,41,20,50,68,46,44,46,54,57,38,49,35,43,50,56,51,50,52
[ 4167.198191] [AOA] Measurement: 0,1629151805.382600,08:55:31:70:ff:0a,2,1,1,0,128,130,803,476,778,405,806,797,233,456,610,208,278,72,433,372,854,754,683,138,707,562,27,405,934,421,590,371,333,300,91,911,643,68,73,60,40,68,69,64,33,30,36,35,63,58,28,46,22,53,71,50,50,53,62,65,44,56,40,48,55,63,58,55,59
[ 4167.242218] [AOA] Measurement: 0,1629151805.426630,08:55:31:70:ff:0a,2,1,1,0,128,561,576,1000,579,497,870,744,206,448,508,664,63,496,164,377,818,740,673,58,633,543,998,454,967,303,439,305,271,282,53,981,855,71,70,64,43,75,76,69,36,31,37,36,66,61,31,53,23,62,75,54,58,58,63,67,46,57,42,51,57,65,59,59,59
[ 4167.292285] [AOA] Measurement: 0,1629151805.476690,08:55:31:70:ff:0a,2,1,1,0,128,575,572,945,568,481,822,827,226,884,334,679,79,1007,344,288,732,733,627,105,685,474,982,410,944,867,313,765,63,745,909,675,552,73,62,62,46,77,76,69,39,29,36,34,67,64,30,59,21,68,75,58,63,65,70,72,53,59,43,55,64,80,67,73,68
[ 4167.339298] [AOA] Measurement: 0,1629151805.523709,08:55:31:70:ff:0a,2,1,1,0,128,615,598,959,541,460,808,774,226,862,323,688,104,514,140,848,614,116,417,529,448,999,824,873,736,883,331,403,357,236,73,661,517,73,60,62,45,76,76,71,40,28,35,33,65,64,31,63,18,71,74,58,64,67,73,72,54,57,40,53,65,80,64,73,64
[ 4167.383379] [AOA] Measurement: 0,1629151805.567788,08:55:31:70:ff:0a,2,1,1,0,128,132,814,480,770,1016,4,338,414,406,537,698,124,36,360,392,823,740,666,100,693,567,38,386,932,327,499,803,114,305,88,335,94,76,69,66,46,81,78,72,39,31,39,38,69,65,32,57,23,67,78,57,63,64,69,73,51,61,44,53,63,74,66,69,68
[ 4167.425119] [AOA] Measurement: 0,1629151805.609523,08:55:31:70:ff:0a,2,1,1,0,128,112,767,527,816,998,1012,348,433,422,507,246,289,2,343,380,812,169,446,557,470,486,995,448,983,781,280,751,91,747,875,38,1022,73,63,63,45,77,76,70,41,29,34,34,67,65,31,62,20,70,73,59,65,68,73,73,56,59,42,54,65,78,66,73,66
[ 4167.469760] [AOA] Measurement: 0,1629151805.654171,08:55:31:70:ff:0a,2,1,1,0,128,647,618,1013,626,468,796,776,241,471,535,186,252,1011,303,799,556,104,399,536,457,1008,812,907,752,395,532,326,291,285,81,933,758,74,67,64,45,77,76,70,41,30,37,35,69,65,32,60,23,69,77,58,63,66,71,74,53,62,44,54,63,77,67,70,68
[ 4167.514327] [AOA] Measurement: 0,1629151805.698736,08:55:31:70:ff:0a,2,1,1,0,128,131,808,562,790,989,972,279,404,403,518,224,262,36,377,389,839,778,694,112,687,516,1009,402,978,365,540,383,311,328,96,119,943,67,71,58,38,65,66,61,31,27,34,35,61,55,26,41,21,50,71,46,45,46,54,60,41,52,36,43,51,56,50,51,53
[ 4167.557868] [AOA] Measurement: 0,1629151805.742280,08:55:31:70:ff:0a,2,1,1,0,128,536,576,976,593,422,815,749,217,941,320,196,307,454,120,914,647,719,652,81,643,494,950,454,960,365,505,772,98,293,71,928,817,75,74,67,43,76,78,70,36,31,39,38,66,62,31,53,23,60,75,54,58,59,65,69,48,59,44,53,59,69,62,63,64
[ 4167.601565] [AOA] Measurement: 0,1629151805.785969,08:55:31:70:ff:0a,2,1,1,0,128,172,813,557,808,997,988,738,195,926,327,640,47,515,161,363,797,747,662,123,692,504,1011,395,911,395,526,366,364,261,73,872,727,75,68,64,46,77,77,70,39,32,38,36,66,64,33,56,25,65,78,57,59,60,68,70,50,57,43,53,59,69,62,59,62
[ 4167.646879] [AOA] Measurement: 0,1629151805.831288,08:55:31:70:ff:0a,2,1,1,0,128,88,771,500,818,989,990,761,223,923,388,189,262,38,334,816,603,117,403,521,427,23,878,910,777,389,520,379,335,303,113,293,101,74,68,64,46,77,78,69,39,31,38,36,68,65,32,56,23,67,78,57,62,64,70,71,52,60,44,54,63,75,66,67,66
[ 4167.686338] [AOA] Measurement: 0,1629151805.870746,08:55:31:70:ff:0a,2,1,1,0,128,605,590,952,562,434,797,768,212,931,351,694,55,529,185,813,636,162,408,64,644,562,19,380,924,833,330,826,118,740,911,556,524,71,61,62,45,77,79,70,41,28,35,34,66,66,29,61,20,68,72,58,63,66,71,73,53,60,41,54,64,78,65,72,67
[ 4167.729975] [AOA] Measurement: 0,1629151805.914381,08:55:31:70:ff:0a,2,1,1,0,128,663,639,524,823,970,1002,302,420,446,509,148,273,1006,360,828,539,152,424,563,423,17,816,419,905,389,452,380,344,280,55,186,94,74,65,64,46,78,78,70,41,30,36,36,68,66,32,60,22,70,76,57,64,67,70,73,53,60,43,54,64,78,65,71,69
[ 4167.777497] [AOA] Measurement: 0,1629151805.961907,08:55:31:70:ff:0a,2,1,1,0,128,146,771,1001,611,422,783,747,205,865,262,675,65,536,166,376,819,750,664,126,668,525,1007,449,967,350,471,838,99,725,911,539,396,72,64,62,48,77,75,71,42,31,36,35,69,67,32,58,22,70,76,58,63,66,70,72,54,58,44,55,65,76,67,69,69
[ 4167.821952] [AOA] Measurement: 0,1629151806.006362,08:55:31:70:ff:0a,2,1,1,0,128,604,611,932,538,427,816,726,178,890,330,658,32,462,119,779,544,146,427,547,473,1013,819,910,758,892,382,839,141,772,935,966,925,75,71,66,46,77,78,71,39,33,39,38,70,64,33,55,23,62,78,57,58,61,67,70,48,60,43,53,60,71,65,64,64
[ 4167.864152] [AOA] Measurement: 0,1629151806.048556,08:55:31:70:ff:0a,2,1,1,0,128,105,773,905,539,393,784,809,198,897,355,711,82,58,389,350,825,743,646,93,711,483,975,900,750,831,306,851,118,760,895,606,536,74,71,64,44,78,79,70,39,31,40,37,69,64,34,56,23,64,76,57,60,61,67,71,51,61,42,54,61,71,63,67,68
[ 4167.908906] [AOA] Measurement: 0,1629151806.093316,08:55:31:70:ff:0a,2,1,1,0,128,175,830,573,845,983,989,289,398,423,553,240,313,1018,356,334,786,92,376,537,454,965,815,883,726,795,284,846,137,301,116,233,53,62,61,55,37,63,64,59,31,26,33,31,58,52,26,43,20,51,66,47,48,49,54,57,40,50,35,44,49,58,54,51,53
[ 4167.953489] [AOA] Measurement: 0,1629151806.137897,08:55:31:70:ff:0a,2,1,1,0,128,568,584,988,597,996,1010,744,197,904,429,683,110,509,207,369,823,745,685,99,668,477,981,454,950,309,499,346,344,248,88,465,348,68,54,57,45,75,74,67,40,25,33,29,60,62,27,60,17,68,71,54,63,66,70,71,54,55,38,52,64,79,62,72,64
[ 4168.003585] [AOA] Measurement: 0,1629151806.187990,08:55:31:70:ff:0a,2,1,1,0,128,619,581,1004,607,452,811,748,221,882,298,662,49,470,139,814,579,760,670,74,613,591,22,402,948,383,497,369,347,296,93,711,571,62,43,51,43,70,67,62,41,21,28,26,58,58,23,59,12,69,65,53,61,65,68,67,54,49,33,46,60,75,52,71,57
[ 4168.056488] [AOA] Measurement: 0,1629151806.240894,08:55:31:70:ff:0a,2,1,1,0,128,160,802,487,800,422,799,736,203,920,346,703,63,49,358,311,741,759,632,87,676,504,987,459,980,313,453,815,104,775,963,992,819,68,71,59,39,65,67,61,31,26,34,32,60,55,28,40,20,48,67,45,42,45,53,55,38,50,34,43,49,55,50,49,51
[ 4168.100980] [AOA] Measurement: 0,1629151806.285388,08:55:31:70:ff:0a,2,1,1,0,128,621,578,930,546,432,829,808,247,918,308,661,46,440,143,810,564,219,493,551,454,27,860,441,945,869,284,804,154,716,900,658,649,74,70,65,47,79,79,70,39,32,38,37,67,65,33,57,24,67,76,58,62,65,69,72,51,60,43,56,63,75,67,70,69
[ 4168.143705] [AOA] Measurement: 0,1629151806.328115,08:55:31:70:ff:0a,2,1,1,0,128,135,790,968,589,982,994,324,428,415,481,199,283,7,342,812,601,174,444,544,442,58,879,459,929,379,489,381,336,298,111,793,603,76,73,67,48,79,78,71,42,33,39,37,69,66,33,59,23,68,79,60,63,66,71,74,54,62,46,56,64,79,69,71,69
[ 4168.187309] [AOA] Measurement: 0,1629151806.371719,08:55:31:70:ff:0a,2,1,1,0,128,140,785,941,567,448,797,764,215,881,332,670,88,498,139,856,587,143,399,555,444,965,809,936,751,813,301,853,152,759,913,870,763,75,67,63,47,80,77,71,39,31,38,37,67,65,30,60,21,69,76,58,63,67,70,72,54,62,44,56,65,80,69,72,69
[ 4168.225751] [AOA] Measurement: 0,1629151806.410161,08:55:31:70:ff:0a,2,1,1,0,128,136,798,940,570,505,843,797,235,872,287,679,81,1022,353,324,776,196,488,57,601,535,6,403,946,345,453,846,118,337,108,2,858,75,63,64,45,79,78,71,42,31,37,35,68,65,32,60,22,69,77,58,63,66,70,73,53,61,43,54,63,77,67,69,66
[ 4168.269141] [AOA] Measurement: 0,1629151806.453548,08:55:31:70:ff:0a,2,1,1,0,128,568,587,965,586,418,778,820,242,429,547,220,296,522,157,388,821,680,658,124,675,589,47,405,953,346,479,336,314,328,129,530,372,69,55,60,45,75,73,69,41,27,34,31,64,62,30,60,17,71,74,57,65,67,69,72,54,55,40,53,63,77,64,72,67
[ 4168.312443] [AOA] Measurement: 0,1629151806.496850,08:55:31:70:ff:0a,2,1,1,0,128,80,765,487,777,988,975,255,358,435,569,715,99,485,178,410,905,719,632,37,630,557,32,462,993,410,580,369,357,257,71,304,165,72,73,63,42,73,74,67,35,31,38,35,66,59,30,48,23,55,73,50,50,53,61,63,43,55,39,49,54,63,56,56,58
[ 4168.359431] [AOA] Measurement: 0,1629151806.543841,08:55:31:70:ff:0a,2,1,1,0,128,98,799,484,755,430,799,762,205,469,546,646,83,1006,322,396,817,779,692,67,661,544,8,412,940,409,512,314,315,258,89,149,1016,74,67,64,47,78,77,70,41,31,36,37,68,65,33,59,24,67,77,58,61,65,70,72,51,61,43,54,62,76,65,68,66
[ 4168.397813] [AOA] Measurement: 0,1629151806.582223,08:55:31:70:ff:0a,2,1,1,0,128,192,858,550,833,5,8,357,453,490,540,264,314,62,403,414,851,771,656,51,654,521,1014,395,941,834,310,855,117,339,153,311,54,74,63,64,47,80,78,69,41,30,36,35,69,66,33,61,21,69,77,60,65,65,70,73,51,61,44,55,64,78,67,69,69
[ 4168.442478] [AOA] Measurement: 0,1629151806.626883,08:55:31:70:ff:0a,2,1,1,0,128,639,666,460,740,467,797,822,227,429,586,221,300,66,410,387,855,764,714,17,602,1002,818,364,929,421,570,387,361,305,106,404,229,69,59,60,45,76,75,69,42,29,35,33,64,66,30,60,18,70,75,57,64,65,71,73,54,60,43,56,65,79,65,70,65
[ 4168.492923] [AOA] Measurement: 0,1629151806.677330,08:55:31:70:ff:0a,2,1,1,0,128,143,811,461,745,35,1002,794,245,941,338,159,245,72,391,332,779,714,605,178,704,502,1007,372,931,408,486,315,270,752,918,58,1004,75,69,65,47,77,78,71,38,31,38,37,67,65,33,59,23,68,77,59,62,63,71,71,52,60,43,54,64,74,66,67,69
[ 4168.538347] [AOA] Measurement: 0,1629151806.722757,08:55:31:70:ff:0a,2,1,1,0,128,577,586,0,638,420,767,294,405,448,531,174,237,521,169,828,580,160,417,595,464,1014,807,867,710,839,281,819,145,785,927,110,1010,68,52,55,43,70,70,66,40,24,31,26,60,60,27,62,14,68,68,55,61,65,70,70,54,53,34,50,62,78,60,74,61
[ 4168.582993] [AOA] Measurement: 0,1629151806.767404,08:55:31:70:ff:0a,2,1,1,0,128,89,764,1022,608,952,965,321,393,444,592,222,278,92,451,382,889,740,643,126,739,477,1009,442,983,394,554,323,319,731,929,755,664,76,73,65,44,77,77,69,37,31,38,37,68,63,32,52,23,62,75,55,58,60,64,69,49,57,43,52,57,66,61,61,64
[ 4168.633878] [AOA] Measurement: 0,1629151806.818286,08:55:31:70:ff:0a,2,1,1,0,128,657,648,956,598,432,771,763,169,903,382,673,67,529,214,832,648,815,700,63,653,595,18,426,955,390,546,361,354,241,71,94,998,63,69,57,35,62,65,57,28,26,33,32,58,53,27,39,20,45,66,44,42,44,52,56,36,48,33,41,48,55,49,50,52
[ 4168.684080] [AOA] Measurement: 0,1629151806.868487,08:55:31:70:ff:0a,2,1,1,0,128,582,611,499,808,944,981,722,172,883,347,717,118,503,195,825,624,145,415,484,392,983,833,891,759,423,561,762,94,759,912,76,48,73,72,65,44,76,78,69,39,31,38,36,68,63,31,54,23,62,76,56,57,60,64,68,49,59,43,52,60,70,64,62,65
[ 4168.728379] [AOA] Measurement: 0,1629151806.912788,08:55:31:70:ff:0a,2,1,1,0,128,585,562,957,560,440,767,810,236,942,298,223,302,1006,332,398,773,771,644,573,456,557,18,402,901,369,481,349,283,299,67,258,94,76,67,65,48,78,79,72,40,30,36,37,68,67,32,61,22,71,76,60,64,68,72,73,54,59,42,53,65,82,66,73,69
[ 4168.772702] [AOA] Measurement: 0,1629151806.957107,08:55:31:70:ff:0a,2,1,1,0,128,576,565,954,581,399,756,793,221,883,317,694,87,465,169,836,628,128,415,533,438,11,837,409,962,871,346,841,106,768,916,275,180,74,72,63,42,73,73,69,35,31,39,37,65,61,32,50,23,59,74,53,53,54,62,66,46,55,40,50,54,63,57,56,59
[ 4168.822595] [AOA] Measurement: 0,1629151807.007000,08:55:31:70:ff:0a,2,1,1,0,128,557,543,981,586,480,837,765,192,454,515,234,303,29,353,340,782,720,632,574,457,551,1010,417,946,339,505,391,344,350,114,351,231,75,72,65,45,79,78,71,37,32,40,38,68,65,33,56,24,66,78,56,61,61,67,71,51,60,46,55,63,74,65,67,67
[ 4168.869057] [AOA] Measurement: 0,1629151807.053468,08:55:31:70:ff:0a,2,1,1,0,128,637,602,958,547,463,814,803,248,922,358,690,79,456,154,397,831,171,460,148,678,518,21,462,972,363,500,364,321,777,938,975,904,74,69,64,46,79,79,69,41,31,36,34,67,65,32,57,23,67,77,59,61,64,71,73,53,61,44,55,63,74,65,67,67
[ 4168.913262] [AOA] Measurement: 0,1629151807.097672,08:55:31:70:ff:0a,2,1,1,0,128,621,613,1021,604,476,822,312,446,488,590,214,276,35,376,328,805,805,704,158,696,529,7,388,917,391,503,365,340,317,112,329,199,75,71,64,43,76,76,71,37,32,38,37,68,63,32,54,25,64,76,55,59,61,67,71,51,61,45,53,62,74,64,65,66
[ 4168.964189] [AOA] Measurement: 0,1629151807.148594,08:55:31:70:ff:0a,2,1,1,0,128,188,793,502,752,427,782,295,410,432,491,195,264,5,328,851,584,165,434,487,400,993,832,894,734,824,252,866,124,807,937,376,270,77,69,65,46,78,80,71,40,32,39,36,69,66,34,57,24,67,76,58,62,63,68,72,51,61,43,55,63,76,66,70,68
[ 4169.011292] [AOA] Measurement: 0,1629151807.195702,08:55:31:70:ff:0a,2,1,1,0,128,86,795,533,821,15,9,359,451,442,611,198,272,507,187,381,847,744,667,46,678,531,1010,407,945,391,547,304,297,745,895,854,770,74,64,63,46,76,77,71,40,29,37,35,67,65,32,60,20,69,76,57,63,66,71,74,56,60,43,54,65,79,66,71,68
[ 4169.052368] [AOA] Measurement: 0,1629151807.236775,08:55:31:70:ff:0a,2,1,1,0,128,123,801,489,783,11,1005,291,433,426,505,677,102,440,115,862,598,193,452,133,652,536,1008,429,926,372,486,317,318,290,86,983,805,75,72,65,46,78,77,69,38,31,39,38,69,64,32,55,25,63,77,55,57,60,65,69,48,59,42,53,60,70,62,63,64
[ 4169.098675] [AOA] Measurement: 0,1629151807.283085,08:55:31:70:ff:0a,2,1,1,0,128,112,766,958,560,456,789,754,203,853,291,715,74,519,208,370,815,681,651,543,458,951,806,856,747,457,568,381,335,348,131,712,428,75,63,65,47,78,77,70,42,31,37,34,69,65,31,62,21,71,77,58,66,68,72,73,55,58,43,56,67,80,68,74,67
[ 4169.143565] [AOA] Measurement: 0,1629151807.327975,08:55:31:70:ff:0a,2,1,1,0,128,157,849,520,784,969,986,347,456,477,531,215,269,25,338,349,774,718,646,128,666,535,1010,444,933,404,507,300,259,306,88,425,277,75,67,65,47,80,80,73,41,33,38,37,70,66,33,60,22,67,76,56,63,63,70,73,54,60,45,55,64,74,66,69,69
[ 4169.187177] [AOA] Measurement: 0,1629151807.371584,08:55:31:70:ff:0a,2,1,1,0,128,176,842,480,795,20,26,315,435,410,589,184,256,95,451,396,865,768,638,107,666,527,999,377,909,384,561,347,335,261,43,115,981,73,63,62,46,78,76,70,41,30,35,34,67,65,31,61,21,71,77,58,64,67,71,74,55,60,41,55,64,79,69,72,68
[ 4169.230617] [AOA] Measurement: 0,1629151807.415023,08:55:31:70:ff:0a,2,1,1,0,128,618,617,465,788,38,5,271,430,927,339,192,262,1015,338,805,592,162,440,586,453,553,23,422,932,342,457,328,289,834,955,441,360,72,62,62,46,76,75,69,41,28,34,33,66,62,30,62,18,70,72,57,65,66,71,73,54,57,41,55,67,80,67,73,67
[ 4169.273841] [AOA] Measurement: 0,1629151807.458246,08:55:31:70:ff:0a,2,1,1,0,128,150,788,474,773,451,822,793,203,442,562,230,298,31,382,303,776,189,467,107,659,500,6,431,980,457,562,372,328,299,105,675,412,74,64,65,46,79,78,70,41,32,36,37,69,65,33,60,23,69,80,59,64,65,70,73,55,61,45,57,65,76,68,70,67
[ 4169.323847] [AOA] Measurement: 0,1629151807.508252,08:55:31:70:ff:0a,2,1,1,0,128,623,578,995,560,508,823,298,395,459,472,635,66,21,338,792,531,167,425,526,412,1007,803,883,666,924,318,353,328,277,50,463,321,74,75,65,44,74,75,67,36,31,39,38,67,62,31,51,25,60,75,54,55,58,64,66,46,58,43,51,58,69,60,59,62
[ 4169.364079] [AOA] Measurement: 0,1629151807.548489,08:55:31:70:ff:0a,2,1,1,0,128,109,798,513,770,997,993,308,415,424,549,676,68,511,187,359,867,716,623,91,675,535,1020,385,915,424,584,355,354,310,116,193,1003,76,72,67,45,79,79,73,40,33,40,38,69,67,34,54,25,65,77,57,60,62,70,71,51,62,45,56,60,72,65,65,66
[ 4169.410776] [AOA] Measurement: 0,1629151807.595183,08:55:31:70:ff:0a,2,1,1,0,128,560,550,941,579,431,776,810,231,897,312,205,283,996,346,289,757,180,418,113,657,517,998,407,931,788,287,298,296,752,903,901,780,74,66,63,46,78,78,70,42,30,37,35,69,67,32,62,21,71,77,59,64,67,71,73,54,60,43,55,66,79,65,72,68
[ 4169.461311] [AOA] Measurement: 0,1629151807.645718,08:55:31:70:ff:0a,2,1,1,0,128,628,628,18,648,965,976,362,493,462,559,671,75,532,219,817,585,159,413,519,432,959,796,844,726,829,268,859,162,831,969,988,762,73,69,66,47,79,79,71,40,32,38,37,70,65,33,57,24,66,77,59,62,64,69,73,51,62,42,55,64,76,65,67,67
[ 4169.503954] [AOA] Measurement: 0,1629151807.688363,08:55:31:70:ff:0a,2,1,1,0,128,141,779,922,550,505,848,735,230,895,330,658,77,12,370,825,567,188,440,559,463,5,823,920,777,429,532,349,301,290,102,896,697,75,67,65,47,78,79,72,43,32,38,36,68,65,33,61,22,70,77,59,64,66,72,74,55,61,43,55,66,78,67,71,68
[ 4169.547536] [AOA] Measurement: 0,1629151807.731946,08:55:31:70:ff:0a,2,1,1,0,128,546,550,990,575,437,756,751,183,966,360,648,83,509,179,860,596,198,438,562,471,974,804,401,927,425,553,365,332,351,124,77,962,72,63,62,46,78,78,68,42,29,37,35,67,66,32,61,20,72,75,59,64,69,72,74,55,58,40,53,65,79,66,75,66
[ 4169.585713] [AOA] Measurement: 0,1629151807.770123,08:55:31:70:ff:0a,2,1,1,0,128,635,660,528,844,989,1020,306,415,906,388,639,101,24,383,363,800,797,721,95,663,556,28,392,928,379,511,333,309,294,123,482,254,74,71,65,45,75,75,70,37,31,37,37,67,62,32,53,22,59,72,52,55,56,64,66,49,60,41,51,57,66,60,59,62
[ 4169.629889] [AOA] Measurement: 0,1629151807.814296,08:55:31:70:ff:0a,2,1,1,0,128,623,640,571,803,434,786,786,225,927,340,725,108,99,421,326,801,750,645,37,634,531,1021,400,941,372,474,372,314,308,86,864,754,76,75,66,46,77,79,71,40,33,40,37,70,65,32,57,24,65,78,58,61,64,70,73,51,62,45,56,65,76,66,69,69
[ 4169.673404] [AOA] Measurement: 0,1629151807.857811,08:55:31:70:ff:0a,2,1,1,0,128,133,829,568,838,1014,995,250,377,441,516,676,120,462,130,409,792,769,671,42,605,572,10,402,948,331,488,380,332,243,38,152,0,72,67,64,45,78,78,71,41,30,39,35,69,67,32,60,22,68,77,59,62,65,70,74,53,61,45,56,64,78,67,68,67
[ 4169.723665] [AOA] Measurement: 0,1629151807.908069,08:55:31:70:ff:0a,2,1,1,0,128,617,611,998,623,73,54,321,486,485,540,117,252,66,354,333,753,719,629,90,644,568,8,473,966,434,524,384,356,277,64,159,967,73,66,65,46,80,78,71,41,32,38,36,70,65,32,59,23,66,78,59,62,64,70,71,54,60,45,54,63,75,65,67,68
[ 4169.768184] [AOA] Measurement: 0,1629151807.952593,08:55:31:70:ff:0a,2,1,1,0,128,159,826,507,803,441,800,820,205,489,594,189,275,44,386,379,845,700,633,100,682,550,1012,391,937,394,532,296,295,728,901,251,155,75,73,66,45,78,79,70,40,33,39,39,70,66,34,57,24,66,76,59,62,63,70,72,54,61,45,55,62,75,67,70,68
[ 4169.812726] [AOA] Measurement: 0,1629151807.997133,08:55:31:70:ff:0a,2,1,1,0,128,92,761,514,794,6,1017,268,419,461,542,164,270,1003,358,824,614,181,459,159,728,520,24,433,998,403,553,395,342,380,118,135,908,73,64,63,47,79,78,70,40,29,37,34,67,65,33,61,20,71,76,59,64,67,70,73,53,60,43,55,62,77,62,70,67
[ 4169.862805] [AOA] Measurement: 0,1629151808.047211,08:55:31:70:ff:0a,2,1,1,0,128,116,772,502,814,1001,989,359,434,438,585,214,302,65,361,839,610,760,667,36,626,537,1023,385,955,787,293,355,322,346,118,202,898,74,66,65,48,80,80,70,42,30,36,35,69,67,32,62,21,71,76,59,65,67,72,74,55,60,43,55,67,80,65,73,67
[ 4169.918668] [AOA] Measurement: 0,1629151808.103073,08:55:31:70:ff:0a,2,1,1,0,128,105,777,531,814,998,1013,247,387,392,528,716,126,90,413,363,839,678,620,112,660,539,9,416,938,424,545,390,334,302,89,726,561,76,71,67,47,79,78,73,40,29,38,36,71,66,33,58,25,67,78,58,63,65,68,72,53,60,44,55,64,76,68,71,69
[ 4169.962119] [AOA] Measurement: 0,1629151808.146527,08:55:31:70:ff:0a,2,1,1,0,128,132,814,520,806,979,995,306,422,429,521,607,38,499,142,815,578,204,441,591,483,950,813,895,732,842,267,839,157,284,73,753,578,73,63,64,47,79,76,70,43,29,36,34,67,64,32,61,22,69,76,59,65,67,72,73,55,59,43,54,64,78,64,71,64
[ 4170.009831] [AOA] Measurement: 0,1629151808.194241,08:55:31:70:ff:0a,2,1,1,0,128,575,554,507,773,990,13,788,249,860,322,698,112,525,165,844,607,146,445,31,625,579,35,388,928,383,535,832,107,791,970,392,172,68,72,60,40,67,69,63,30,27,34,34,60,54,27,42,20,49,69,47,45,46,53,58,39,50,35,44,48,55,50,49,52
[ 4170.049330] [AOA] Measurement: 0,1629151808.233738,08:55:31:70:ff:0a,2,1,1,0,128,142,798,524,807,1002,1001,332,448,427,560,188,297,24,381,329,805,753,675,106,687,524,0,413,970,356,489,421,338,330,144,788,505,74,67,63,45,78,78,69,40,32,39,35,66,64,31,56,23,65,75,58,61,63,70,72,52,60,45,56,62,77,65,67,69
[ 4170.092664] [AOA] Measurement: 0,1629151808.277068,08:55:31:70:ff:0a,2,1,1,0,128,618,609,4,611,458,812,727,229,926,346,679,112,484,125,794,543,147,423,530,379,998,798,980,795,374,499,329,313,330,66,159,1004,74,72,64,44,75,76,68,36,31,38,35,65,60,32,50,23,59,75,54,55,59,64,67,47,58,41,51,58,68,61,61,61
[ 4170.142569] [AOA] Measurement: 0,1629151808.326976,08:55:31:70:ff:0a,2,1,1,0,128,599,587,1006,586,519,856,766,247,887,298,638,27,503,149,826,584,190,415,582,427,14,846,865,712,924,345,373,346,773,900,239,141,71,68,62,40,73,73,66,35,30,36,35,66,61,30,50,23,58,74,53,52,55,63,65,45,56,41,48,55,61,56,54,56
[ 4170.187917] [AOA] Measurement: 0,1629151808.372327,08:55:31:70:ff:0a,2,1,1,0,128,615,576,1004,590,419,791,737,208,938,398,714,146,29,392,775,614,198,445,110,691,497,1005,462,969,316,481,863,135,299,101,52,935,74,70,64,45,75,74,69,38,32,38,38,68,63,32,53,23,62,73,56,57,56,64,68,47,58,42,51,57,66,61,60,63
[ 4170.232701] [AOA] Measurement: 0,1629151808.417111,08:55:31:70:ff:0a,2,1,1,0,128,614,613,964,587,466,834,336,456,491,588,168,277,504,193,353,789,728,654,80,649,975,823,851,705,387,521,856,164,273,77,695,661,75,67,65,46,77,77,70,40,31,39,37,70,67,32,58,23,66,74,58,61,64,70,72,53,61,42,55,64,75,67,69,68
[ 4170.281816] [AOA] Measurement: 0,1629151808.466226,08:55:31:70:ff:0a,2,1,1,0,128,574,560,960,590,453,780,734,214,888,290,603,4,447,110,806,573,143,389,530,445,1015,845,873,705,824,295,857,132,718,881,923,860,70,58,60,44,75,75,69,41,27,35,32,65,65,29,62,18,69,73,57,64,67,70,71,53,58,40,53,64,80,65,75,67
[ 4170.321157] [AOA] Measurement: 0,1629151808.505565,08:55:31:70:ff:0a,2,1,1,0,128,630,653,963,595,520,860,282,411,455,549,184,233,44,348,400,796,171,446,88,638,943,754,857,727,821,273,838,100,803,949,30,972,76,69,65,46,80,78,72,40,33,39,37,70,67,33,60,22,68,77,59,62,64,71,72,52,60,43,54,62,78,68,69,67
[ 4170.363354] [AOA] Measurement: 0,1629151808.547766,08:55:31:70:ff:0a,2,1,1,0,128,105,809,543,815,987,17,256,402,897,344,683,101,7,360,308,735,742,603,539,435,8,817,422,927,389,495,379,357,302,98,394,159,69,71,60,39,68,70,61,31,28,34,32,61,54,27,42,21,46,64,44,43,42,53,57,39,49,35,45,47,54,47,48,49
[ 4170.411079] [AOA] Measurement: 0,1629151808.595488,08:55:31:70:ff:0a,2,1,1,0,128,143,787,967,592,1019,1004,279,394,470,541,151,236,516,171,772,581,125,402,608,486,968,805,926,768,418,567,340,331,263,72,97,14,62,45,54,43,69,66,62,40,22,29,27,58,60,25,61,14,69,65,53,60,65,67,69,53,53,35,49,64,78,61,73,62
[ 4170.455288] [AOA] Measurement: 0,1629151808.639700,08:55:31:70:ff:0a,2,1,1,0,128,117,753,517,813,1004,986,291,424,848,237,685,104,20,333,836,543,102,395,118,666,560,35,371,907,354,480,317,297,271,80,6,914,75,70,64,44,77,78,70,40,31,39,37,69,66,32,55,24,63,77,57,61,62,67,68,51,60,43,53,61,71,63,66,66
[ 4170.498890] [AOA] Measurement: 0,1629151808.683301,08:55:31:70:ff:0a,2,1,1,0,128,632,587,992,595,498,863,761,213,947,357,169,255,24,337,791,571,169,462,573,409,2,830,448,926,395,535,386,315,260,83,492,321,75,68,63,47,79,79,71,42,31,37,35,69,65,32,61,22,71,77,61,65,67,74,75,56,60,43,56,64,79,69,72,69
[ 4170.543117] [AOA] Measurement: 0,1629151808.727528,08:55:31:70:ff:0a,2,1,1,0,128,110,775,1009,608,361,745,752,219,849,275,698,78,415,146,860,641,86,384,589,502,967,798,936,808,373,514,384,354,272,98,464,206,75,73,65,43,77,78,69,41,33,39,37,69,66,34,57,25,66,79,59,62,63,71,70,51,60,45,55,62,75,65,67,67
[ 4170.587724] [AOA] Measurement: 0,1629151808.772135,08:55:31:70:ff:0a,2,1,1,0,128,90,772,980,587,448,789,773,260,951,384,664,61,523,185,353,812,707,659,92,676,558,38,423,935,353,480,405,395,327,92,678,529,74,75,66,45,75,75,69,38,32,39,38,68,62,33,52,24,60,78,55,57,58,66,69,48,59,42,54,59,70,62,61,64
[ 4170.631962] [AOA] Measurement: 0,1629151808.816367,08:55:31:70:ff:0a,2,1,1,0,128,582,579,961,566,483,816,766,222,972,358,627,73,453,101,844,602,181,446,588,486,552,1020,868,725,799,281,851,138,755,909,155,99,73,64,62,47,77,76,70,41,30,35,34,65,67,31,61,20,72,75,59,66,67,72,73,56,59,41,54,66,78,66,73,67
[ 4170.682585] [AOA] Measurement: 0,1629151808.866990,08:55:31:70:ff:0a,2,1,1,0,128,128,768,478,738,472,835,304,433,423,539,221,305,59,379,321,792,728,645,85,638,542,991,874,777,335,498,833,126,755,928,518,374,70,55,57,46,75,73,68,40,25,32,30,64,63,27,61,16,70,70,55,63,67,70,70,53,54,37,50,64,78,63,74,63
[ 4170.733680] [AOA] Measurement: 0,1629151808.918087,08:55:31:70:ff:0a,2,1,1,0,128,587,590,975,596,460,808,776,213,866,292,638,30,436,106,824,538,187,454,558,450,1004,801,452,959,384,521,342,313,179,46,72,1001,75,71,66,46,78,79,70,40,32,39,36,70,65,34,58,24,66,79,59,63,64,71,72,53,62,44,56,64,74,66,67,68
[ 4170.776748] [AOA] Measurement: 0,1629151808.961153,08:55:31:70:ff:0a,2,1,1,0,128,568,572,955,549,431,811,728,151,896,280,638,34,451,114,810,552,176,430,523,409,4,842,895,727,820,263,843,121,726,888,838,823,62,57,55,39,66,65,59,33,26,32,31,58,54,28,49,20,55,64,47,50,53,57,59,42,51,36,45,53,61,56,56,57
[ 4170.820807] [AOA] Measurement: 0,1629151809.005213,08:55:31:70:ff:0a,2,1,1,0,128,165,819,460,798,981,1000,282,383,385,530,677,111,40,402,361,786,774,674,91,677,524,1010,494,997,413,552,401,328,275,70,573,382,77,69,65,46,78,78,70,39,31,39,37,68,64,32,57,23,64,76,58,59,60,70,72,53,59,45,54,62,71,66,66,66
[ 4170.859506] [AOA] Measurement: 0,1629151809.043918,08:55:31:70:ff:0a,2,1,1,0,128,139,811,518,775,403,764,738,188,818,261,712,92,520,179,770,539,198,413,536,456,980,822,898,776,397,518,414,351,291,78,43,925,66,70,56,36,63,66,58,29,25,33,31,57,53,27,39,19,46,66,44,40,44,51,55,38,47,34,42,48,51,46,48,51
[ 4170.904128] [AOA] Measurement: 0,1629151809.088538,08:55:31:70:ff:0a,2,1,1,0,128,587,606,970,564,406,775,823,222,903,340,208,276,493,137,840,639,729,633,104,652,588,42,404,947,390,536,859,115,658,890,292,224,75,73,67,46,78,79,69,37,31,39,36,69,65,33,54,23,63,78,56,58,61,68,70,49,60,44,54,62,72,64,62,65
[ 4170.942685] [AOA] Measurement: 0,1629151809.127097,08:55:31:70:ff:0a,2,1,1,0,128,594,594,982,587,451,807,822,242,858,289,696,83,29,349,279,740,156,447,70,611,1006,841,885,725,811,242,825,80,751,880,840,816,75,71,66,45,77,79,71,38,33,38,39,70,66,33,58,25,65,78,57,59,64,68,69,49,61,44,55,63,73,66,68,67
[ 4170.992023] [AOA] Measurement: 0,1629151809.176435,08:55:31:70:ff:0a,2,1,1,0,128,128,818,964,608,401,769,794,220,895,292,710,81,80,374,333,780,795,717,132,682,522,7,395,937,418,539,375,327,273,67,570,363,63,46,54,42,70,66,64,40,22,28,26,58,59,24,59,13,70,66,54,63,68,67,67,53,51,34,49,61,78,60,74,58
[ 4171.030945] [AOA] Measurement: 0,1629151809.215349,08:55:31:70:ff:0a,2,1,1,0,128,125,775,490,768,419,823,787,184,887,390,215,311,28,419,359,832,749,653,555,487,965,808,954,807,855,330,853,169,308,108,526,397,75,73,65,44,76,77,69,37,32,38,37,67,64,32,54,25,64,79,57,58,60,68,68,49,60,45,52,60,71,65,65,63
[ 4171.073711] [AOA] Measurement: 0,1629151809.258122,08:55:31:70:ff:0a,2,1,1,0,128,179,814,485,806,33,2,386,481,391,621,193,289,50,415,297,853,774,657,61,655,519,1012,436,975,381,588,442,391,296,112,57,868,75,68,66,48,78,79,71,41,32,39,36,69,65,33,61,22,69,76,58,63,65,71,73,53,59,43,54,64,79,66,70,67
[ 4171.117786] [AOA] Measurement: 0,1629151809.302197,08:55:31:70:ff:0a,2,1,1,0,128,144,795,519,813,10,1007,353,502,467,549,239,283,0,345,309,774,756,683,54,634,529,0,461,987,327,481,870,173,357,144,326,22,75,71,65,44,76,77,70,40,31,38,37,69,64,34,58,25,66,79,57,62,63,69,72,52,62,45,53,63,72,67,64,66
[ 4171.165475] [AOA] Measurement: 0,1629151809.349881,08:55:31:70:ff:0a,2,1,1,0,128,131,813,486,767,450,837,746,203,537,579,215,255,1015,350,277,738,162,472,552,465,1003,817,385,925,373,508,357,307,337,105,652,389,75,66,64,46,78,79,70,42,31,37,35,69,66,32,59,24,67,78,59,64,66,69,71,54,61,44,55,65,77,66,68,68
[ 4171.204376] [AOA] Measurement: 0,1629151809.388787,08:55:31:70:ff:0a,2,1,1,0,128,601,599,934,590,415,792,799,221,485,567,203,280,49,361,364,753,123,431,511,391,950,794,929,727,853,296,433,370,260,82,171,988,73,65,62,47,78,77,70,42,31,37,37,68,66,33,58,23,68,76,58,63,67,71,73,53,61,44,56,63,78,67,70,68
[ 4171.243922] [AOA] Measurement: 0,1629151809.428333,08:55:31:70:ff:0a,2,1,1,0,128,549,550,983,568,328,762,778,210,938,326,707,109,496,154,791,535,171,447,536,449,576,1013,422,926,875,329,833,102,795,950,716,587,71,58,60,45,75,74,69,40,28,35,33,65,64,30,61,20,71,74,58,65,67,71,74,55,60,42,55,65,79,67,70,67
[ 4171.288760] [AOA] Measurement: 0,1629151809.473172,08:55:31:70:ff:0a,2,1,1,0,128,545,564,1008,589,479,828,779,230,955,360,679,97,46,355,401,797,759,681,104,655,542,1012,409,945,303,455,821,124,292,66,332,138,60,47,51,38,65,63,57,34,22,28,25,55,53,24,52,15,59,61,49,54,57,59,60,45,49,34,45,54,66,54,61,56
[ 4171.333645] [AOA] Measurement: 0,1629151809.518056,08:55:31:70:ff:0a,2,1,1,0,128,128,796,513,818,1006,997,312,449,459,537,202,251,13,310,396,831,719,628,130,693,526,19,404,927,387,532,360,328,238,47,479,358,72,59,62,46,77,77,68,41,28,35,33,67,64,29,63,17,71,70,56,64,66,71,72,54,55,38,52,65,78,63,72,64
[ 4171.376704] [AOA] Measurement: 0,1629151809.561109,08:55:31:70:ff:0a,2,1,1,0,128,192,788,998,615,451,820,741,195,459,529,100,190,986,306,849,573,110,413,563,455,1001,814,442,960,401,505,422,386,303,102,571,429,74,70,65,46,78,78,72,40,33,39,38,69,64,33,59,23,66,76,59,62,62,70,71,53,60,45,55,64,73,65,66,66
[ 4171.420850] [AOA] Measurement: 0,1629151809.605262,08:55:31:70:ff:0a,2,1,1,0,128,134,812,979,608,429,792,820,220,525,563,266,314,54,340,359,781,758,647,103,678,581,26,414,932,396,509,363,338,269,91,732,578,61,47,53,42,67,66,61,39,21,28,25,58,58,23,60,13,71,66,52,61,65,67,67,54,49,33,48,60,76,55,71,59
[ 4171.459507] [AOA] Measurement: 0,1629151809.643919,08:55:31:70:ff:0a,2,1,1,0,128,93,810,470,753,931,965,799,207,892,327,670,47,531,125,839,585,189,484,566,448,529,1009,408,913,414,494,339,319,269,45,770,683,74,72,66,47,76,78,71,39,30,38,37,67,64,33,55,23,63,77,58,60,62,68,72,50,62,45,55,64,74,67,66,67
[ 4171.504091] [AOA] Measurement: 0,1629151809.688499,08:55:31:70:ff:0a,2,1,1,0,128,638,646,461,755,454,826,791,210,463,600,225,264,67,408,355,818,766,697,60,694,539,13,421,966,327,512,368,349,267,86,430,284,74,68,65,45,78,80,73,41,33,38,37,67,67,32,58,24,67,80,58,62,63,69,71,51,62,45,55,62,72,65,65,66
[ 4171.547928] [AOA] Measurement: 0,1629151809.732340,08:55:31:70:ff:0a,2,1,1,0,128,607,586,17,639,433,817,787,265,457,539,635,60,547,171,754,562,146,406,520,428,984,799,872,704,782,208,811,102,827,945,172,1006,70,57,60,45,77,74,68,41,27,34,31,64,63,30,62,18,70,71,57,65,68,71,72,55,58,41,52,65,79,66,75,67
[ 4171.591335] [AOA] Measurement: 0,1629151809.775746,08:55:31:70:ff:0a,2,1,1,0,128,546,524,1006,626,460,806,321,398,503,553,189,249,1001,304,766,573,170,427,546,448,1004,795,888,695,784,273,877,176,762,903,288,133,73,72,64,42,74,73,64,36,32,37,38,65,60,31,50,24,57,75,52,53,53,62,65,46,58,42,50,57,65,60,59,60
[ 4171.631108] [AOA] Measurement: 0,1629151809.815514,08:55:31:70:ff:0a,2,1,1,0,128,645,640,993,602,1006,998,265,397,927,332,687,87,456,126,777,554,179,440,569,505,1001,842,902,720,925,330,850,145,674,861,469,423,72,69,65,47,78,77,71,41,32,37,36,68,64,32,57,23,66,78,57,62,64,68,71,53,62,43,55,62,72,64,67,67
[ 4171.673688] [AOA] Measurement: 0,1629151809.858096,08:55:31:70:ff:0a,2,1,1,0,128,211,834,1013,588,435,796,746,229,948,354,197,242,500,203,328,781,767,660,84,648,960,765,904,754,837,309,815,118,758,922,528,413,74,75,65,44,74,77,68,38,31,37,36,68,63,32,55,23,62,76,55,56,59,68,67,49,59,45,52,59,71,62,62,65
[ 4171.717894] [AOA] Measurement: 0,1629151809.902305,08:55:31:70:ff:0a,2,1,1,0,128,159,841,517,779,999,1021,290,416,393,574,207,296,88,405,336,782,180,396,547,446,956,804,873,736,838,357,378,347,275,110,782,468,74,69,67,47,77,78,71,39,32,38,37,69,66,34,59,22,68,79,59,63,64,71,73,53,61,45,57,64,76,67,70,69
[ 4171.764247] [AOA] Measurement: 0,1629151809.948653,08:55:31:70:ff:0a,2,1,1,0,128,137,806,983,619,1017,0,741,194,467,570,182,273,1019,310,373,812,713,648,95,664,559,16,436,964,436,546,325,326,283,96,502,287,74,67,64,47,79,75,69,41,30,38,35,69,64,32,58,23,68,75,57,62,65,70,72,54,62,43,56,62,76,66,69,67
[ 4171.810497] [AOA] Measurement: 0,1629151809.994908,08:55:31:70:ff:0a,2,1,1,0,128,596,565,955,564,473,847,314,410,443,506,127,212,451,127,338,761,164,443,581,468,5,840,457,931,893,323,813,134,716,881,82,1005,62,59,55,37,65,65,58,32,27,32,31,58,55,28,47,21,55,65,49,50,53,58,60,43,50,37,45,52,60,55,53,56
[ 4171.854368] [AOA] Measurement: 0,1629151810.038779,08:55:31:70:ff:0a,2,1,1,0,128,137,800,585,838,1020,1012,300,429,449,519,239,315,1023,354,313,784,755,685,101,639,553,30,461,989,393,538,346,292,269,81,819,547,72,61,61,46,76,75,70,42,30,36,33,67,64,31,60,20,70,76,60,64,67,71,73,55,60,43,56,65,80,66,74,69
[ 4171.898977] [AOA] Measurement: 0,1629151810.083381,08:55:31:70:ff:0a,2,1,1,0,128,568,573,959,570,513,839,295,418,495,595,190,261,1,335,820,630,131,413,567,431,1023,815,873,748,880,348,845,128,780,920,386,224,69,57,59,47,74,71,66,43,27,32,31,63,62,29,63,15,68,68,55,62,67,69,71,54,54,38,51,64,80,62,72,64
[ 4171.943057] [AOA] Measurement: 0,1629151810.127462,08:55:31:70:ff:0a,2,1,1,0,128,182,819,475,767,969,982,360,430,418,605,213,276,37,411,339,888,712,637,97,697,515,989,446,982,377,551,333,322,315,129,51,851,72,72,63,42,71,74,65,33,29,38,35,64,60,29,47,24,56,73,53,52,54,60,64,44,57,40,50,54,63,58,55,59
[ 4171.993804] [AOA] Measurement: 0,1629151810.178209,08:55:31:70:ff:0a,2,1,1,0,128,128,799,480,789,393,775,768,191,909,336,671,74,488,156,321,752,192,466,65,633,516,15,452,941,359,522,779,126,332,141,452,202,63,57,55,39,65,67,60,34,27,32,30,59,55,27,50,19,58,66,49,53,56,59,62,46,52,36,46,54,65,57,59,58
[ 4172.036498] [AOA] Measurement: 0,1629151810.220903,08:55:31:70:ff:0a,2,1,1,0,128,536,563,986,581,459,844,306,413,419,526,190,269,1,355,351,799,768,641,157,724,548,29,400,967,404,558,294,278,285,95,179,56,71,71,61,41,66,69,63,31,27,37,34,61,57,28,43,21,50,70,48,47,47,57,61,41,53,38,47,52,58,53,51,55
[ 4172.076540] [AOA] Measurement: 0,1629151810.260952,08:55:31:70:ff:0a,2,1,1,0,128,600,617,975,543,416,784,741,193,965,396,655,45,521,183,862,628,751,690,43,637,443,966,916,745,881,341,907,152,767,929,644,578,75,70,66,47,78,79,72,40,32,38,37,70,67,33,60,22,68,77,60,64,66,72,74,55,62,45,55,65,79,68,71,69
[ 4172.119988] [AOA] Measurement: 0,1629151810.304399,08:55:31:70:ff:0a,2,1,1,0,128,606,582,951,571,1005,1016,282,403,904,333,655,53,546,186,431,847,720,653,39,612,595,39,433,961,325,451,852,120,752,924,869,858,76,70,66,46,78,77,72,39,32,40,37,70,66,34,58,23,63,77,57,60,62,68,70,50,61,43,54,62,72,64,65,66
[ 4172.158806] [AOA] Measurement: 0,1629151810.343217,08:55:31:70:ff:0a,2,1,1,0,128,633,595,1007,607,430,786,800,251,924,343,642,38,485,159,805,587,161,436,561,483,950,767,876,753,802,254,819,59,743,923,359,228,76,67,63,47,80,80,72,41,32,39,36,70,67,34,60,23,69,77,58,63,68,71,73,55,61,43,55,64,77,69,71,69
[ 4172.205490] [AOA] Measurement: 0,1629151810.389895,08:55:31:70:ff:0a,2,1,1,0,128,87,781,1008,607,425,827,749,190,863,309,665,52,465,118,881,625,163,426,122,669,582,46,414,963,358,506,425,369,214,49,357,271,74,69,65,44,77,78,71,41,32,38,38,68,67,33,59,24,67,75,58,63,65,69,72,51,63,45,56,64,75,66,68,67
[ 4172.254321] [AOA] Measurement: 0,1629151810.438728,08:55:31:70:ff:0a,2,1,1,0,128,620,613,498,749,1020,1008,293,446,446,564,187,295,40,386,363,846,709,660,95,650,559,1008,863,723,850,300,884,123,810,940,915,740,74,73,64,44,74,75,67,35,31,37,36,65,62,30,50,24,58,75,53,54,56,65,67,48,58,41,51,58,67,59,60,62
[ 4172.305331] [AOA] Measurement: 0,1629151810.489736,08:55:31:70:ff:0a,2,1,1,0,128,141,787,487,799,1010,1009,236,378,383,593,704,85,488,162,802,672,135,402,587,508,1005,867,952,790,822,325,853,163,810,950,432,264,72,63,62,47,80,79,70,42,29,37,34,67,64,31,61,20,70,77,60,63,67,71,76,55,60,43,56,65,78,66,72,66
[ 4172.356800] [AOA] Measurement: 0,1629151810.541206,08:55:31:70:ff:0a,2,1,1,0,128,595,592,990,574,452,828,716,164,850,301,624,32,511,166,865,599,112,390,557,462,40,837,855,725,836,294,771,92,711,856,765,834,73,72,63,42,73,73,64,34,29,37,36,65,60,29,49,21,55,74,53,51,54,62,65,43,54,38,48,53,62,57,54,58
[ 4172.401285] [AOA] Measurement: 0,1629151810.585690,08:55:31:70:ff:0a,2,1,1,0,128,48,719,510,805,1001,997,309,420,860,320,250,327,1015,348,381,835,716,601,78,631,1012,817,398,960,889,391,814,135,251,79,389,309,67,52,57,45,72,70,67,40,25,33,29,60,61,26,62,13,70,67,54,62,68,70,72,55,54,37,50,63,78,63,73,62
[ 4172.449849] [AOA] Measurement: 0,1629151810.634261,08:55:31:70:ff:0a,2,1,1,0,128,644,618,517,785,1008,6,313,440,417,508,196,261,28,352,854,635,685,634,575,457,530,1023,383,944,812,273,855,130,733,887,97,964,75,69,66,46,79,80,71,40,33,38,36,67,65,33,59,23,66,78,59,62,66,70,73,53,63,44,56,63,75,67,69,67
[ 4172.488577] [AOA] Measurement: 0,1629151810.672989,08:55:31:70:ff:0a,2,1,1,0,128,564,574,984,617,986,1018,326,456,414,527,223,298,484,174,738,591,154,410,565,455,979,800,936,772,803,336,316,342,253,64,442,352,75,69,65,45,78,78,72,40,31,39,36,70,67,34,60,24,68,79,59,62,65,72,73,53,61,44,57,65,78,67,72,69
[ 4172.534608] [AOA] Measurement: 0,1629151810.719015,08:55:31:70:ff:0a,2,1,1,0,128,622,603,1021,587,446,809,768,186,885,309,675,77,487,119,795,524,227,469,86,620,551,4,431,944,895,329,322,289,691,886,1010,856,76,67,64,47,80,79,71,41,30,36,36,69,65,34,60,23,69,77,60,66,67,71,75,53,62,44,56,66,79,68,72,68
[ 4172.585463] [AOA] Measurement: 0,1629151810.769868,08:55:31:70:ff:0a,2,1,1,0,128,131,807,517,797,925,955,276,417,434,514,193,278,1004,329,388,839,773,671,77,652,599,39,367,940,350,536,412,361,297,121,640,408,76,68,64,46,77,78,71,41,32,37,38,69,66,33,59,23,66,79,59,62,63,69,70,51,60,42,54,63,76,68,66,67
[ 4172.630495] [AOA] Measurement: 0,1629151810.814907,08:55:31:70:ff:0a,2,1,1,0,128,564,539,34,623,390,763,791,207,938,318,673,51,424,104,752,509,78,375,561,445,1006,825,859,702,833,272,817,108,294,90,906,666,75,69,65,46,78,77,69,41,31,39,36,69,66,33,55,24,66,78,59,62,63,71,73,55,61,44,56,64,74,67,69,68
[ 4172.674584] [AOA] Measurement: 0,1629151810.858996,08:55:31:70:ff:0a,2,1,1,0,128,591,596,1014,599,8,1022,276,387,441,559,706,116,508,169,794,609,190,473,515,443,1009,818,911,770,883,345,839,138,304,118,984,834,56,60,49,33,56,58,52,26,23,29,28,52,47,22,36,18,42,59,41,39,41,48,50,34,42,31,39,44,51,46,45,47
[ 4172.719153] [AOA] Measurement: 0,1629151810.903558,08:55:31:70:ff:0a,2,1,1,0,128,636,608,953,581,453,822,758,236,428,509,642,2,521,207,869,615,730,648,514,437,1002,834,872,720,840,302,836,118,798,942,875,761,73,68,65,45,78,79,68,40,33,36,37,68,65,33,57,23,66,77,60,62,64,69,72,53,60,45,55,61,72,63,66,67
[ 4172.766294] [AOA] Measurement: 0,1629151810.950699,08:55:31:70:ff:0a,2,1,1,0,128,596,605,994,629,935,967,766,202,911,367,705,96,18,342,384,841,771,672,51,635,554,14,439,959,421,547,338,288,309,146,831,704,73,67,64,47,77,78,73,42,32,39,36,70,67,34,58,23,66,77,55,61,64,70,72,53,61,44,55,62,73,65,66,67
[ 4172.816807] [AOA] Measurement: 0,1629151811.001212,08:55:31:70:ff:0a,2,1,1,0,128,233,848,525,840,8,43,339,436,437,552,179,270,509,184,820,597,212,466,606,491,535,2,396,911,431,505,363,323,269,63,586,468,72,60,62,47,78,77,72,41,29,36,33,66,65,31,62,19,70,73,56,65,68,71,73,54,58,40,54,65,80,65,74,65
[ 4172.862550] [AOA] Measurement: 0,1629151811.046959,08:55:31:70:ff:0a,2,1,1,0,128,107,783,550,823,1008,1017,341,447,463,493,141,222,481,158,816,569,119,396,532,432,977,819,893,725,391,474,397,339,266,48,790,679,67,71,59,40,66,68,60,29,26,33,32,57,51,26,40,19,47,66,45,41,43,52,57,36,49,36,46,48,52,46,48,48
[ 4172.912994] [AOA] Measurement: 0,1629151811.097399,08:55:31:70:ff:0a,2,1,1,0,128,599,587,1006,625,12,1021,689,172,935,291,567,7,502,131,814,548,187,497,516,383,996,828,877,677,900,296,840,124,758,908,528,348,73,70,63,42,73,74,69,36,31,38,36,67,63,31,50,23,58,75,52,53,55,64,66,46,56,41,50,55,65,58,58,59
[ 4172.963804] [AOA] Measurement: 0,1629151811.148209,08:55:31:70:ff:0a,2,1,1,0,128,157,815,457,736,467,821,783,200,887,326,632,18,533,192,357,817,716,636,550,442,3,809,885,735,854,321,872,137,755,878,753,673,71,63,62,46,78,74,70,42,31,37,36,69,66,32,62,21,69,77,58,63,67,70,72,51,60,42,55,64,77,67,69,68
[ 4173.002766] [AOA] Measurement: 0,1629151811.187176,08:55:31:70:ff:0a,2,1,1,0,128,551,581,970,574,477,803,803,201,874,310,710,76,485,161,773,553,122,416,580,462,7,836,858,738,857,280,859,142,798,944,49,948,66,52,57,45,73,72,66,43,26,33,29,61,61,28,61,14,70,68,55,61,68,69,70,53,54,38,51,64,79,63,74,63
[ 4173.047236] [AOA] Measurement: 0,1629151811.231648,08:55:31:70:ff:0a,2,1,1,0,128,590,567,989,614,395,757,811,245,892,274,631,56,517,194,719,497,171,432,571,445,30,835,431,947,406,500,828,137,291,72,533,430,52,55,47,29,48,51,46,21,18,24,25,44,41,19,28,13,33,51,31,30,33,41,42,27,37,26,33,35,39,34,37,36
[ 4173.091743] [AOA] Measurement: 0,1629151811.276150,08:55:31:70:ff:0a,2,1,1,0,128,155,787,443,717,432,814,765,210,424,555,174,230,987,327,314,766,817,690,47,646,981,824,850,734,853,308,809,115,733,894,640,633,75,69,65,46,78,79,72,41,31,37,36,68,66,32,60,22,70,77,59,65,68,71,74,53,62,45,56,65,80,69,72,69
[ 4173.130376] [AOA] Measurement: 0,1629151811.314787,08:55:31:70:ff:0a,2,1,1,0,128,561,552,922,538,464,791,773,187,928,353,656,62,476,181,758,618,193,453,82,657,507,1020,410,922,361,512,861,147,291,104,305,94,75,73,66,46,78,77,70,39,31,37,36,69,64,31,55,23,65,77,57,59,61,67,68,49,60,43,55,61,73,64,64,66
[ 4173.169132] [AOA] Measurement: 0,1629151811.353544,08:55:31:70:ff:0a,2,1,1,0,128,624,611,981,579,402,788,675,118,878,325,622,1,520,171,789,581,240,481,518,434,1003,851,883,747,840,293,355,326,292,81,28,910,60,59,54,35,63,65,59,31,27,32,31,56,54,26,46,20,52,66,47,47,48,54,57,40,50,36,43,49,57,51,50,50
[ 4173.213696] [AOA] Measurement: 0,1629151811.398108,08:55:31:70:ff:0a,2,1,1,0,128,144,782,549,810,1023,3,365,479,486,565,228,285,59,369,297,723,207,460,52,628,571,20,405,942,381,528,346,322,290,67,254,32,72,58,59,46,75,75,70,41,28,35,32,66,66,32,62,20,71,73,58,64,67,72,73,56,58,41,54,65,79,65,73,68
[ 4173.256196] [AOA] Measurement: 0,1629151811.440601,08:55:31:70:ff:0a,2,1,1,0,128,567,567,36,604,470,831,772,235,917,355,169,269,9,322,851,631,163,443,83,635,557,15,437,1008,355,492,366,334,294,74,234,54,67,51,57,44,72,69,65,42,23,29,28,60,60,24,60,13,70,66,54,62,65,67,70,53,50,33,48,61,76,57,73,55
[ 4173.300253] [AOA] Measurement: 0,1629151811.484658,08:55:31:70:ff:0a,2,1,1,0,128,165,799,530,795,0,1008,318,410,411,599,157,223,45,379,375,846,739,638,83,655,532,25,439,945,451,558,316,332,259,58,862,722,63,57,55,38,66,65,59,33,25,31,30,58,54,27,48,20,56,65,46,51,53,56,59,43,51,36,45,53,61,53,53,53
[ 4173.343166] [AOA] Measurement: 0,1629151811.527577,08:55:31:70:ff:0a,2,1,1,0,128,162,834,505,774,22,17,344,434,536,590,188,286,22,382,361,800,703,616,533,470,476,977,413,919,362,503,354,322,258,69,106,1002,61,61,52,35,60,61,57,28,24,31,31,55,51,25,41,20,48,63,45,44,45,53,54,37,48,34,43,47,54,48,48,49
[ 4173.387023] [AOA] Measurement: 0,1629151811.571434,08:55:31:70:ff:0a,2,1,1,0,128,158,846,459,737,405,801,719,189,907,295,665,67,439,112,828,591,150,416,589,470,958,795,907,759,864,330,784,100,793,972,978,802,74,66,66,46,75,77,69,39,31,38,35,68,65,33,58,22,66,76,56,62,62,68,69,53,59,43,55,62,73,64,67,67
[ 4173.432416] [AOA] Measurement: 0,1629151811.616821,08:55:31:70:ff:0a,2,1,1,0,128,98,757,975,582,480,850,301,407,447,508,681,81,73,362,349,791,741,633,518,418,982,824,897,739,902,346,361,330,269,71,208,62,76,66,63,47,78,78,71,42,30,35,36,67,66,32,60,23,67,76,56,60,63,69,72,52,59,44,55,63,77,66,67,66
[ 4173.479406] [AOA] Measurement: 0,1629151811.663815,08:55:31:70:ff:0a,2,1,1,0,128,45,743,520,804,1002,981,357,445,460,561,297,336,13,354,345,787,714,663,65,637,988,831,899,765,891,340,850,152,733,903,840,676,67,55,57,47,76,74,67,42,26,33,31,63,63,27,61,17,69,70,58,62,67,71,72,54,56,38,51,64,79,62,73,63
[ 4173.520855] [AOA] Measurement: 0,1629151811.705260,08:55:31:70:ff:0a,2,1,1,0,128,604,614,997,563,446,780,744,194,897,308,676,111,401,87,777,568,186,449,582,498,1020,810,393,902,839,297,771,88,732,854,981,1001,75,70,65,47,78,79,71,39,31,39,37,69,64,34,59,24,67,77,58,61,62,69,71,53,60,44,56,64,74,65,66,66
[ 4173.571557] [AOA] Measurement: 0,1629151811.755962,08:55:31:70:ff:0a,2,1,1,0,128,104,798,990,612,429,774,758,179,902,344,648,67,512,158,857,636,171,423,551,511,545,6,409,926,374,523,401,353,273,95,438,296,74,68,64,47,80,78,72,42,32,39,36,69,65,32,59,24,67,77,58,64,66,71,72,54,61,44,56,64,79,67,72,69
[ 4173.614295] [AOA] Measurement: 0,1629151811.798707,08:55:31:70:ff:0a,2,1,1,0,128,74,753,519,783,463,785,757,218,903,349,589,12,531,152,800,587,112,379,581,455,1,849,416,965,802,275,835,123,316,102,477,355,69,53,57,46,75,72,65,41,25,32,28,61,61,27,62,14,70,67,54,63,67,70,70,54,52,34,48,62,77,59,73,61
[ 4173.657871] [AOA] Measurement: 0,1629151811.842280,08:55:31:70:ff:0a,2,1,1,0,128,552,527,963,585,398,793,814,254,870,315,637,75,462,111,814,609,126,371,571,427,955,811,842,751,935,372,344,319,315,111,951,755,76,69,66,48,79,79,72,40,32,38,36,69,66,34,60,23,69,78,61,63,66,70,74,53,61,44,58,66,77,67,73,69
[ 4173.701236] [AOA] Measurement: 0,1629151811.885648,08:55:31:70:ff:0a,2,1,1,0,128,156,800,543,837,27,38,322,431,438,560,157,211,32,347,332,810,741,605,36,614,497,1002,828,741,431,538,385,313,285,83,65,871,59,60,51,33,55,57,48,24,22,27,27,49,47,22,34,17,39,57,38,37,36,45,47,30,42,29,36,40,43,41,37,41
[ 4173.740044] [AOA] Measurement: 0,1629151811.924450,08:55:31:70:ff:0a,2,1,1,0,128,573,559,1011,588,464,827,755,209,954,323,690,100,79,358,347,812,720,662,79,704,521,1006,422,962,364,517,334,315,312,108,610,464,74,66,64,47,80,79,72,41,30,36,37,69,67,34,60,22,70,77,59,64,68,71,75,55,61,45,57,66,79,68,73,68
[ 4173.783169] [AOA] Measurement: 0,1629151811.967578,08:55:31:70:ff:0a,2,1,1,0,128,186,834,556,791,971,976,817,275,429,496,196,281,39,358,790,574,214,482,574,480,988,814,861,736,948,334,813,116,251,69,850,713,74,63,61,46,76,76,71,42,29,35,33,67,65,31,61,21,70,74,60,65,67,72,73,54,60,42,54,65,79,67,74,68
[ 4173.826686] [AOA] Measurement: 0,1629151812.011097,08:55:31:70:ff:0a,2,1,1,0,128,571,551,953,565,483,820,751,180,919,323,587,29,555,162,880,648,735,652,148,695,498,987,477,963,415,540,366,316,320,106,40,911,75,72,64,46,76,77,68,38,32,39,37,67,63,33,52,24,61,77,56,57,58,65,68,48,60,41,53,59,68,62,62,63
[ 4173.874624] [AOA] Measurement: 0,1629151812.059031,08:55:31:70:ff:0a,2,1,1,0,128,577,543,950,588,475,823,791,191,878,288,667,85,517,182,839,568,232,496,534,426,960,803,846,687,832,285,840,103,774,939,366,230,74,66,63,46,79,78,70,42,32,38,37,69,67,32,61,22,70,77,58,63,66,70,74,54,60,44,55,64,77,67,70,68
[ 4173.919728] [AOA] Measurement: 0,1629151812.104134,08:55:31:70:ff:0a,2,1,1,0,128,77,766,979,613,416,772,725,177,876,273,695,52,613,209,392,796,105,406,551,450,1010,791,450,963,398,538,349,282,309,113,940,785,72,61,61,47,77,76,69,41,28,35,34,66,65,31,62,19,71,76,58,64,66,72,73,55,57,41,55,67,79,66,73,68
[ 4173.963983] [AOA] Measurement: 0,1629151812.148387,08:55:31:70:ff:0a,2,1,1,0,128,170,815,450,757,1010,1011,818,218,453,580,219,286,81,365,315,760,211,470,567,474,1005,851,446,956,430,525,317,303,295,88,584,493,76,67,63,46,78,78,70,41,32,38,36,71,66,33,59,23,68,76,58,61,64,69,72,54,61,44,55,65,74,66,67,68
[ 4174.011944] [AOA] Measurement: 0,1629151812.196355,08:55:31:70:ff:0a,2,1,1,0,128,574,562,987,573,416,785,787,175,942,315,631,42,497,124,770,533,182,452,537,433,958,815,889,747,858,297,801,111,730,846,519,581,75,74,65,46,76,76,70,37,30,40,38,70,66,32,57,24,64,76,57,60,63,66,71,51,61,43,54,63,73,65,66,66
[ 4174.051220] [AOA] Measurement: 0,1629151812.235625,08:55:31:70:ff:0a,2,1,1,0,128,122,785,482,780,1000,1006,778,215,914,347,649,48,44,357,337,758,730,640,89,671,565,15,471,976,365,492,411,379,307,81,624,387,75,68,65,45,78,78,71,39,32,37,37,70,64,32,56,23,66,77,58,62,63,68,71,50,61,44,55,64,75,66,68,68
[ 4174.098933] [AOA] Measurement: 0,1629151812.283344,08:55:31:70:ff:0a,2,1,1,0,128,172,818,571,861,1003,977,316,426,821,246,623,17,478,126,766,498,192,445,584,464,947,772,914,754,868,328,851,130,327,101,869,700,73,67,64,46,78,76,70,40,33,39,36,67,66,33,58,24,65,79,57,62,62,68,70,54,62,44,54,64,75,67,69,68
[ 4174.140474] [AOA] Measurement: 0,1629151812.324880,08:55:31:70:ff:0a,2,1,1,0,128,156,788,526,807,1021,20,292,410,490,595,194,272,16,368,372,848,758,653,72,652,536,33,418,963,357,504,434,365,348,108,126,966,67,51,57,45,72,71,66,41,24,32,29,61,61,26,63,14,71,69,53,63,67,70,71,54,51,35,51,62,75,57,73,59
[ 4174.190654] [AOA] Measurement: 0,1629151812.375058,08:55:31:70:ff:0a,2,1,1,0,128,544,557,983,577,440,773,803,238,400,494,629,38,523,177,830,584,742,664,518,438,27,843,887,734,868,329,831,129,769,902,685,588,72,65,65,47,78,79,70,41,30,37,34,69,66,32,61,21,71,77,58,65,68,72,74,54,62,43,56,67,80,67,74,67
[ 4174.229733] [AOA] Measurement: 0,1629151812.414141,08:55:31:70:ff:0a,2,1,1,0,128,625,578,999,593,442,801,777,210,487,566,181,229,1021,359,821,612,117,392,524,439,992,806,865,707,823,287,815,86,733,892,202,242,72,62,63,47,78,77,72,41,29,36,35,67,66,32,61,20,69,73,60,65,67,72,73,55,60,41,54,65,80,66,71,67
[ 4174.274525] [AOA] Measurement: 0,1629151812.458937,08:55:31:70:ff:0a,2,1,1,0,128,129,777,504,824,987,989,383,475,417,533,687,104,487,159,818,603,752,617,104,660,990,825,365,927,369,513,311,310,761,923,682,571,75,70,65,46,76,77,72,39,32,39,39,68,66,32,57,23,63,76,56,60,60,68,70,51,62,45,53,61,72,64,66,67
[ 4174.319102] [AOA] Measurement: 0,1629151812.503507,08:55:31:70:ff:0a,2,1,1,0,128,615,593,1000,596,43,19,356,458,437,559,201,304,3,345,845,624,200,485,104,687,555,1021,436,1004,365,529,466,399,310,126,419,177,73,69,63,46,74,76,70,37,30,39,36,66,65,33,55,24,63,77,54,57,60,67,70,50,61,44,53,60,71,64,64,65
[ 4174.362893] [AOA] Measurement: 0,1629151812.547298,08:55:31:70:ff:0a,2,1,1,0,128,553,581,984,601,4,1006,811,273,950,361,677,44,503,194,862,601,151,420,550,467,979,801,925,747,357,490,343,326,262,66,871,630,75,68,65,47,81,78,72,40,33,39,37,67,66,33,59,23,68,78,59,62,65,72,74,52,61,44,56,64,76,68,70,67
[ 4174.413018] [AOA] Measurement: 0,1629151812.597423,08:55:31:70:ff:0a,2,1,1,0,128,167,813,540,822,19,1001,363,471,443,516,223,293,50,412,341,794,747,665,85,671,522,1016,463,975,410,531,411,367,295,107,993,810,73,60,61,45,77,76,68,42,30,35,34,67,65,30,62,19,67,75,58,64,65,71,73,54,59,39,54,63,79,66,75,67
[ 4174.459026] [AOA] Measurement: 0,1629151812.643437,08:55:31:70:ff:0a,2,1,1,0,128,628,616,512,766,471,798,769,222,890,277,637,52,470,142,913,641,705,625,97,631,516,974,421,930,424,506,363,329,243,48,649,475,74,68,64,47,77,78,71,40,33,39,37,69,64,33,59,23,66,78,57,60,60,69,71,50,60,44,54,62,72,65,64,63
[ 4174.503372] [AOA] Measurement: 0,1629151812.687782,08:55:31:70:ff:0a,2,1,1,0,128,566,607,937,551,475,813,785,209,928,334,666,57,497,167,808,565,191,454,496,388,1008,803,887,723,865,307,825,124,735,929,519,369,73,69,65,46,75,77,70,39,33,39,36,70,66,32,58,24,66,78,59,62,64,69,71,51,62,43,54,63,73,66,68,66
[ 4174.546660] [AOA] Measurement: 0,1629151812.731065,08:55:31:70:ff:0a,2,1,1,0,128,546,560,979,594,474,781,781,205,449,557,170,244,47,355,829,600,765,657,104,674,551,10,437,972,352,480,421,323,256,62,490,341,71,58,59,45,75,73,70,42,28,35,32,66,66,29,62,20,72,74,58,65,67,72,75,55,59,42,55,66,78,68,74,67
[ 4174.590305] [AOA] Measurement: 0,1629151812.774716,08:55:31:70:ff:0a,2,1,1,0,128,187,806,609,864,1020,998,272,431,392,452,620,40,443,115,787,581,158,437,93,639,538,1022,455,949,308,447,403,326,296,90,57,963,74,71,65,43,78,78,71,39,34,40,39,70,67,33,58,25,67,80,58,61,62,69,70,50,61,43,55,61,73,65,66,68
[ 4174.629135] [AOA] Measurement: 0,1629151812.813544,08:55:31:70:ff:0a,2,1,1,0,128,190,838,483,777,15,27,253,409,395,545,671,53,48,379,815,590,183,454,606,452,47,847,408,962,356,529,391,340,303,104,818,604,74,73,66,46,77,78,71,39,31,37,38,67,65,33,58,23,65,77,56,59,61,67,71,51,60,43,53,62,72,66,66,67
[ 4174.673160] [AOA] Measurement: 0,1629151812.857570,08:55:31:70:ff:0a,2,1,1,0,128,558,573,15,618,468,834,802,240,433,514,215,317,1001,327,339,754,751,627,73,647,1001,813,458,958,369,541,346,320,279,66,248,123,61,61,53,36,63,64,56,30,26,31,30,56,52,25,43,18,51,63,45,45,46,53,55,38,47,35,43,48,55,49,49,51
[ 4174.717479] [AOA] Measurement: 0,1629151812.901888,08:55:31:70:ff:0a,2,1,1,0,128,131,790,1008,630,18,1015,726,144,964,344,734,109,51,327,431,825,793,707,48,632,522,1018,884,702,818,265,874,128,723,868,784,660,63,55,54,38,68,67,60,33,26,32,30,57,55,27,51,19,58,65,50,52,55,58,61,44,52,37,47,54,64,55,59,59
[ 4174.761314] [AOA] Measurement: 0,1629151812.945723,08:55:31:70:ff:0a,2,1,1,0,128,117,787,919,539,453,774,784,215,908,321,675,66,506,139,789,587,750,659,577,455,555,1018,378,956,356,468,394,343,277,57,556,327,72,59,62,45,76,76,67,41,27,33,31,65,64,29,62,18,72,72,57,64,67,70,72,54,57,40,53,65,77,62,73,64
[ 4174.800050] [AOA] Measurement: 0,1629151812.984462,08:55:31:70:ff:0a,2,1,1,0,128,611,601,994,575,443,819,774,176,922,350,658,47,486,176,789,576,214,448,536,424,976,785,899,734,877,342,804,95,753,918,348,324,66,70,57,38,61,64,57,27,25,32,31,57,53,26,38,20,46,65,42,40,43,52,53,36,47,33,40,45,50,45,46,45
[ 4174.838639] [AOA] Measurement: 0,1629151813.023048,08:55:31:70:ff:0a,2,1,1,0,128,590,612,939,586,438,794,711,182,876,342,645,32,479,138,804,578,181,431,530,438,1009,840,457,973,352,505,380,320,330,90,828,664,73,74,64,43,75,76,66,33,30,38,35,65,59,30,48,22,57,73,51,53,54,62,65,44,55,39,49,55,64,59,59,61
[ 4174.882001] [AOA] Measurement: 0,1629151813.066407,08:55:31:70:ff:0a,2,1,1,0,128,103,777,584,839,1006,1019,301,428,463,574,138,235,72,401,391,820,714,654,98,640,540,1019,460,973,355,498,340,277,312,108,570,363,75,68,65,46,80,80,71,41,32,39,36,70,66,31,58,23,69,77,57,62,64,72,72,54,62,43,55,64,76,67,70,68
[ 4174.933572] [AOA] Measurement: 0,1629151813.117978,08:55:31:70:ff:0a,2,1,1,0,128,68,754,493,765,931,967,761,186,515,646,183,287,1020,382,362,884,687,619,102,701,574,43,408,980,369,566,350,323,337,159,458,241,76,70,66,47,78,79,72,41,33,37,38,72,65,33,56,25,65,75,58,62,62,68,70,53,61,44,54,63,74,67,65,68
[ 4174.976847] [AOA] Measurement: 0,1629151813.161252,08:55:31:70:ff:0a,2,1,1,0,128,575,551,962,574,434,787,705,178,904,319,617,1014,433,108,825,590,106,370,530,444,984,806,901,717,860,321,771,76,782,915,298,212,75,68,66,46,79,77,71,41,31,37,37,68,64,33,58,24,69,79,58,62,65,70,73,53,62,43,55,64,77,65,69,68
[ 4175.019684] [AOA] Measurement: 0,1629151813.204095,08:55:31:70:ff:0a,2,1,1,0,128,615,609,19,608,1017,1013,326,441,433,517,163,269,1001,300,376,802,715,640,126,664,495,995,469,963,364,507,363,331,285,89,190,976,67,49,54,44,74,70,65,41,21,28,28,58,61,25,62,12,69,63,53,61,64,65,68,53,45,30,45,59,76,52,72,54
[ 4175.064160] [AOA] Measurement: 0,1629151813.248572,08:55:31:70:ff:0a,2,1,1,0,128,614,614,537,796,975,993,329,462,397,494,651,65,526,171,835,621,189,443,530,429,999,818,915,787,804,276,863,163,277,101,861,596,63,57,53,39,65,66,60,34,25,31,30,58,55,28,49,19,57,64,49,52,54,58,61,44,51,37,47,53,65,56,58,58
[ 4175.108424] [AOA] Measurement: 0,1629151813.292835,08:55:31:70:ff:0a,2,1,1,0,128,554,547,954,553,460,829,783,202,471,558,193,241,478,140,343,762,725,647,97,661,1005,808,879,736,839,322,834,110,709,868,912,923,75,66,64,48,78,77,71,42,30,36,36,70,67,33,60,23,72,76,58,64,68,70,73,54,62,43,55,65,79,67,71,69
[ 4175.147084] [AOA] Measurement: 0,1629151813.331495,08:55:31:70:ff:0a,2,1,1,0,128,618,585,976,581,424,789,789,216,932,381,688,78,530,180,823,615,735,673,84,669,545,14,449,966,361,508,371,306,230,51,552,452,73,65,64,46,76,76,69,41,30,35,34,68,64,33,59,22,67,77,58,65,65,70,73,53,60,44,54,65,78,65,69,67
[ 4175.190163] [AOA] Measurement: 0,1629151813.374574,08:55:31:70:ff:0a,2,1,1,0,128,97,799,997,591,988,1008,779,221,917,311,569,18,439,93,861,594,133,452,514,429,999,881,849,705,825,260,404,360,736,909,674,531,75,69,65,46,79,80,72,40,32,40,36,71,66,34,55,24,68,77,57,60,62,70,73,51,60,44,54,60,74,65,68,67
[ 4175.228370] [AOA] Measurement: 0,1629151813.412779,08:55:31:70:ff:0a,2,1,1,0,128,116,781,949,566,431,796,770,224,888,313,192,265,42,358,402,809,753,654,100,657,489,988,437,934,361,520,335,287,225,45,45,5,70,54,60,45,77,75,68,41,24,33,30,62,63,29,63,17,72,70,56,64,66,70,71,55,56,38,52,64,78,63,75,65
[ 4175.272020] [AOA] Measurement: 0,1629151813.456429,08:55:31:70:ff:0a,2,1,1,0,128,134,814,915,544,390,798,716,175,858,300,722,133,26,337,823,614,122,404,616,514,960,815,932,736,834,313,850,135,252,98,112,948,73,64,63,46,77,77,71,41,30,35,36,67,65,31,61,22,69,77,59,64,67,71,74,54,61,43,55,64,78,68,70,70
[ 4175.310567] [AOA] Measurement: 0,1629151813.494980,08:55:31:70:ff:0a,2,1,1,0,128,130,795,488,771,1002,1004,330,422,412,523,212,252,37,344,792,601,774,653,555,461,11,856,421,947,301,471,403,376,263,95,555,439,75,69,66,46,78,79,69,39,31,38,36,70,66,33,59,22,67,79,58,62,65,71,73,53,60,45,54,65,76,67,68,68
[ 4175.349046] [AOA] Measurement: 0,1629151813.533458,08:55:31:70:ff:0a,2,1,1,0,128,619,621,535,781,1002,992,353,467,408,517,694,77,36,367,387,832,780,642,122,679,546,1011,427,989,422,556,407,363,271,60,834,561,71,55,59,45,77,76,66,41,29,35,33,65,63,28,62,17,71,72,57,64,67,71,72,56,57,40,54,64,81,65,74,67
[ 4175.393035] [AOA] Measurement: 0,1629151813.577444,08:55:31:70:ff:0a,2,1,1,0,128,601,597,0,609,993,996,314,452,403,516,254,319,0,345,355,830,121,407,548,435,998,844,967,804,857,321,837,138,290,131,1007,948,75,68,65,47,79,79,71,41,31,37,36,68,65,32,60,23,69,78,58,63,65,69,73,54,61,45,55,66,77,67,67,67
[ 4175.434949] [AOA] Measurement: 0,1629151813.619353,08:55:31:70:ff:0a,2,1,1,0,128,629,600,584,821,495,831,301,441,458,490,605,39,438,66,790,490,160,411,584,444,1009,808,422,910,873,302,346,323,307,79,16,893,68,55,57,44,74,71,68,41,24,31,28,61,62,25,62,15,70,68,55,62,67,68,69,54,51,33,49,64,78,59,72,60
[ 4175.479679] [AOA] Measurement: 0,1629151813.664090,08:55:31:70:ff:0a,2,1,1,0,128,120,776,478,775,433,790,783,208,930,373,664,74,1010,348,408,848,737,666,66,673,480,974,459,953,395,580,323,289,302,130,24,879,72,73,64,44,73,75,67,36,32,38,37,65,62,31,50,22,60,75,52,54,56,62,65,46,58,42,50,55,66,57,57,61
[ 4175.523679] [AOA] Measurement: 0,1629151813.708090,08:55:31:70:ff:0a,2,1,1,0,128,114,788,514,813,36,23,288,415,421,545,664,55,518,133,842,608,126,439,617,504,1014,834,904,757,346,479,900,205,216,62,316,149,73,68,64,48,80,78,71,40,32,37,36,67,63,32,57,23,67,75,58,63,66,70,74,53,62,44,56,66,76,67,68,69
[ 4175.566495] [AOA] Measurement: 0,1629151813.750900,08:55:31:70:ff:0a,2,1,1,0,128,639,625,932,559,390,765,735,200,900,361,703,96,56,364,376,851,186,441,531,447,926,781,927,761,846,294,788,113,746,895,865,793,72,61,62,46,78,77,70,41,30,36,35,67,67,31,61,20,71,76,60,63,68,70,74,54,59,42,56,65,79,66,74,68
[ 4175.610223] [AOA] Measurement: 0,1629151813.794629,08:55:31:70:ff:0a,2,1,1,0,128,592,624,961,564,439,819,787,207,879,367,675,76,549,219,397,827,714,658,1023,620,6,851,913,741,833,345,812,125,778,933,8,1001,73,70,66,44,76,76,70,38,33,39,37,69,63,32,55,24,62,76,57,59,59,67,68,50,60,43,52,59,70,64,62,65
[ 4175.653029] [AOA] Measurement: 0,1629151813.837434,08:55:31:70:ff:0a,2,1,1,0,128,619,625,547,783,1006,17,291,432,476,508,171,243,468,114,848,558,138,406,545,449,1022,824,922,766,397,505,395,318,254,64,979,730,71,56,60,46,75,72,69,41,26,34,30,64,64,29,62,18,72,70,56,65,67,72,72,56,55,38,53,66,79,63,74,62
[ 4175.703784] [AOA] Measurement: 0,1629151813.888191,08:55:31:70:ff:0a,2,1,1,0,128,594,602,595,854,1015,17,288,417,406,469,168,232,7,333,369,779,741,655,100,679,564,31,404,902,323,440,366,319,254,59,65,976,63,67,55,36,59,63,55,27,24,32,30,54,51,23,35,18,45,64,40,38,41,49,53,33,46,32,41,43,47,43,44,47
[ 4175.749355] [AOA] Measurement: 0,1629151813.933766,08:55:31:70:ff:0a,2,1,1,0,128,127,780,501,764,460,829,351,456,423,519,223,278,21,354,374,841,745,646,99,670,522,1013,874,741,855,309,838,115,271,78,217,99,73,68,65,44,76,76,69,38,32,39,37,68,64,33,52,23,63,78,56,60,60,65,69,50,58,44,51,59,69,62,61,62
[ 4175.793564] [AOA] Measurement: 0,1629151813.977975,08:55:31:70:ff:0a,2,1,1,0,128,610,638,966,578,489,827,803,238,414,482,214,281,15,348,322,784,772,720,81,648,527,0,408,890,410,494,382,343,250,63,31,831,73,73,62,42,72,75,65,34,31,37,36,66,60,31,48,24,55,73,50,52,53,60,64,44,55,40,48,52,62,54,53,55
[ 4175.838899] [AOA] Measurement: 0,1629151814.023303,08:55:31:70:ff:0a,2,1,1,0,128,598,610,524,758,982,1006,391,468,402,511,182,238,14,315,355,794,721,635,103,657,526,959,918,766,849,294,902,171,267,75,865,806,75,69,64,46,80,79,69,42,31,38,36,69,66,33,60,23,69,77,59,63,66,71,72,54,62,44,56,65,80,66,72,70
[ 4175.882597] [AOA] Measurement: 0,1629151814.067002,08:55:31:70:ff:0a,2,1,1,0,128,630,598,525,784,967,954,779,224,922,357,240,293,445,149,840,605,181,455,122,647,1013,837,409,923,804,295,861,157,786,900,708,669,65,49,56,45,70,69,65,42,23,30,27,59,60,24,61,13,70,65,54,60,64,66,67,53,50,33,48,62,77,58,73,58
[ 4175.933265] [AOA] Measurement: 0,1629151814.117669,08:55:31:70:ff:0a,2,1,1,0,128,175,827,516,831,1006,1018,250,384,472,562,159,247,41,393,394,808,770,677,81,644,531,1008,390,911,351,533,850,125,314,115,178,17,76,70,65,45,80,79,69,41,33,39,36,69,66,34,59,23,66,78,58,62,63,68,71,52,59,44,55,63,77,68,70,70
[ 4175.976452] [AOA] Measurement: 0,1629151814.160857,08:55:31:70:ff:0a,2,1,1,0,128,91,784,556,812,1007,983,299,469,401,483,186,289,1011,318,330,756,737,610,141,703,503,1009,505,939,418,527,371,350,349,121,317,41,74,67,63,46,79,80,72,41,32,38,36,70,65,32,60,22,69,74,59,63,66,70,74,52,61,43,57,63,76,67,70,69
[ 4176.019647] [AOA] Measurement: 0,1629151814.204052,08:55:31:70:ff:0a,2,1,1,0,128,629,612,511,783,956,989,319,422,466,529,653,71,517,163,332,780,196,474,134,741,583,33,427,956,371,522,323,331,330,109,861,746,74,70,65,46,77,78,69,39,32,39,38,67,60,32,56,25,62,77,58,59,60,67,70,50,59,43,53,61,72,64,63,65
[ 4176.063823] [AOA] Measurement: 0,1629151814.248234,08:55:31:70:ff:0a,2,1,1,0,128,110,804,544,791,986,979,773,203,904,355,663,57,496,173,818,632,181,461,524,476,14,887,435,949,377,503,358,331,757,914,409,183,73,59,60,47,77,75,69,43,27,33,31,64,63,29,62,17,72,71,57,64,67,71,72,55,55,36,52,64,81,62,75,63
[ 4176.106305] [AOA] Measurement: 0,1629151814.290710,08:55:31:70:ff:0a,2,1,1,0,128,653,632,598,848,19,1005,281,431,394,515,180,275,44,378,343,784,745,646,93,653,566,6,431,931,409,530,383,372,311,109,524,243,75,68,65,47,78,80,72,41,32,37,37,69,67,31,60,23,69,76,60,63,66,73,74,53,60,44,56,65,79,69,71,68
[ 4176.149860] [AOA] Measurement: 0,1629151814.334264,08:55:31:70:ff:0a,2,1,1,0,128,145,813,496,804,989,982,308,390,908,426,666,99,37,406,444,949,698,610,90,666,491,989,419,964,358,539,341,305,744,929,186,983,74,66,64,44,77,77,70,40,31,37,36,67,64,33,59,22,68,77,58,62,64,70,71,51,62,44,55,63,75,66,68,68
[ 4176.193223] [AOA] Measurement: 0,1629151814.377628,08:55:31:70:ff:0a,2,1,1,0,128,135,804,561,838,988,983,277,400,472,602,180,265,994,330,371,813,750,686,150,737,588,52,463,1005,376,552,404,355,317,140,665,289,75,65,64,47,79,80,72,41,31,37,35,68,66,33,62,20,70,76,58,64,67,72,74,54,61,44,56,66,79,66,73,69
[ 4176.235742] [AOA] Measurement: 0,1629151814.420153,08:55:31:70:ff:0a,2,1,1,0,128,623,596,532,780,443,840,764,190,925,350,707,71,538,154,848,600,201,431,550,452,982,806,393,909,821,240,843,109,746,920,49,988,71,61,60,46,76,76,67,41,29,36,34,66,66,29,61,21,72,73,60,66,67,72,73,55,59,43,54,66,79,65,72,66
[ 4176.280948] [AOA] Measurement: 0,1629151814.465351,08:55:31:70:ff:0a,2,1,1,0,128,694,619,509,757,420,793,782,205,870,371,736,121,33,383,811,621,138,416,544,470,1008,827,953,777,853,343,776,106,788,926,981,886,75,67,64,45,77,78,71,40,31,38,36,69,66,34,60,23,70,79,60,64,67,73,73,55,61,44,55,64,78,66,71,69
[ 4176.328642] [AOA] Measurement: 0,1629151814.513052,08:55:31:70:ff:0a,2,1,1,0,128,95,795,523,777,446,793,791,203,938,344,754,123,1015,364,341,807,757,653,115,679,534,0,347,915,864,316,854,180,240,83,909,839,64,54,53,38,66,66,60,35,24,31,29,56,55,26,53,16,60,63,49,55,57,60,62,47,48,33,44,55,67,54,63,54
[ 4176.376523] [AOA] Measurement: 0,1629151814.560928,08:55:31:70:ff:0a,2,1,1,0,128,188,813,530,839,919,977,290,423,451,560,188,287,18,335,398,791,730,619,553,463,991,807,923,763,417,521,371,318,275,68,256,28,67,52,57,44,73,71,65,42,25,31,29,61,62,27,62,15,71,70,56,63,68,70,71,54,56,38,53,64,79,61,76,63
[ 4176.420537] [AOA] Measurement: 0,1629151814.604948,08:55:31:70:ff:0a,2,1,1,0,128,605,610,549,805,477,834,350,449,396,517,174,248,62,328,341,763,174,437,581,475,995,801,884,760,859,262,827,106,326,98,833,584,72,61,61,47,77,77,69,41,29,36,35,68,67,31,62,18,71,73,58,64,67,71,73,55,59,40,54,67,79,66,75,67
[ 4176.464400] [AOA] Measurement: 0,1629151814.648812,08:55:31:70:ff:0a,2,1,1,0,128,640,660,5,630,425,792,354,451,407,533,164,234,33,374,374,761,814,712,93,659,24,852,823,686,867,323,375,356,294,80,93,973,66,49,56,44,69,68,66,40,23,29,28,61,61,24,60,15,70,68,52,62,65,68,69,53,52,35,49,61,75,59,72,62
[ 4176.506598] [AOA] Measurement: 0,1629151814.691003,08:55:31:70:ff:0a,2,1,1,0,128,572,588,978,566,477,799,736,185,907,307,730,92,11,321,312,792,690,612,593,480,504,1006,446,963,359,508,302,290,292,71,848,686,74,66,64,48,79,78,69,41,31,38,36,69,65,34,59,22,67,77,57,64,66,70,73,52,61,43,55,63,77,67,69,66
[ 4176.550159] [AOA] Measurement: 0,1629151814.734563,08:55:31:70:ff:0a,2,1,1,0,128,139,816,537,750,460,823,749,189,903,315,719,66,478,116,830,628,218,491,552,451,500,1000,422,941,342,501,349,336,248,58,607,431,63,57,55,39,67,66,61,34,27,33,31,57,54,26,46,20,55,65,49,51,53,57,61,43,51,37,46,53,63,56,55,57
[ 4176.593271] [AOA] Measurement: 0,1629151814.777676,08:55:31:70:ff:0a,2,1,1,0,128,530,566,964,579,400,803,827,249,421,504,648,58,504,134,847,612,184,439,540,432,564,14,406,951,379,512,354,316,320,87,391,329,76,72,65,47,76,77,72,39,32,40,38,71,67,33,58,24,65,79,58,62,65,71,74,52,62,45,57,64,77,68,69,69
[ 4176.637114] [AOA] Measurement: 0,1629151814.821525,08:55:31:70:ff:0a,2,1,1,0,128,595,606,1002,614,959,985,298,422,443,536,734,111,493,171,812,601,156,421,549,456,961,814,895,775,865,329,826,108,303,89,689,512,73,76,65,45,75,75,67,36,31,38,38,69,64,31,52,24,59,74,54,55,58,66,66,48,57,42,52,58,69,61,63,63
[ 4176.681347] [AOA] Measurement: 0,1629151814.865752,08:55:31:70:ff:0a,2,1,1,0,128,141,784,574,824,1021,994,296,397,438,555,231,300,70,388,331,756,771,683,89,670,521,991,405,959,429,559,349,337,289,110,744,538,72,58,59,45,77,76,70,43,28,35,33,66,66,30,62,18,71,75,59,63,68,71,73,55,59,41,56,65,80,67,73,68
[ 4176.728572] [AOA] Measurement: 0,1629151814.912983,08:55:31:70:ff:0a,2,1,1,0,128,139,779,539,823,1003,990,783,203,907,309,675,59,491,148,348,766,752,643,76,661,565,20,435,947,400,556,357,326,348,144,532,324,76,70,65,45,77,78,70,39,32,38,36,66,64,33,55,24,63,76,58,61,61,67,71,53,59,44,54,62,71,64,64,65
[ 4176.786104] [AOA] Measurement: 0,1629151814.970516,08:55:31:70:ff:0a,2,1,1,0,128,570,567,997,606,431,826,761,192,911,371,642,78,503,149,858,668,719,640,573,455,513,991,434,973,394,549,391,355,246,89,371,231,76,69,66,47,79,80,73,39,31,38,37,69,64,33,57,23,64,78,57,63,64,70,72,51,62,45,55,63,75,67,68,69
[ 4176.830208] [AOA] Measurement: 0,1629151815.014621,08:55:31:70:ff:0a,2,1,1,0,128,624,610,1000,587,0,1023,285,380,496,597,224,277,20,373,327,839,739,651,586,477,963,780,888,754,885,393,833,121,303,104,629,515,63,58,56,38,66,66,61,34,27,33,32,59,54,28,48,20,55,65,50,50,53,58,61,42,51,36,47,54,61,55,56,57
[ 4176.868809] [AOA] Measurement: 0,1629151815.053218,08:55:31:70:ff:0a,2,1,1,0,128,80,765,985,594,24,1015,329,410,466,553,165,233,474,164,321,757,219,469,585,470,0,840,881,751,912,347,306,252,337,119,265,97,73,63,64,46,80,80,73,41,31,37,36,67,66,32,59,23,68,77,57,63,64,70,71,53,61,43,55,65,77,68,70,70
[ 4176.914167] [AOA] Measurement: 0,1629151815.098572,08:55:31:70:ff:0a,2,1,1,0,128,170,834,477,792,1019,996,266,367,453,578,162,296,455,158,833,644,728,686,87,647,542,31,408,954,397,552,367,323,312,120,944,598,72,63,64,47,79,79,68,41,30,37,34,69,65,31,61,20,70,74,59,62,65,71,73,55,60,43,55,64,78,67,74,68
[ 4176.965104] [AOA] Measurement: 0,1629151815.149508,08:55:31:70:ff:0a,2,1,1,0,128,120,793,986,578,470,822,767,240,898,351,670,90,17,344,391,835,714,609,51,640,536,1022,467,971,375,531,381,342,318,109,157,997,73,69,64,47,79,79,70,41,32,38,36,68,64,32,60,23,70,77,58,63,66,72,73,54,60,43,56,65,79,67,71,68
[ 4177.009828] [AOA] Measurement: 0,1629151815.194234,08:55:31:70:ff:0a,2,1,1,0,128,621,614,962,567,448,782,833,253,917,376,190,259,65,397,329,772,760,678,111,683,577,43,411,958,358,506,358,327,318,138,754,607,72,62,61,46,77,78,69,42,29,36,33,68,65,30,61,20,72,74,59,65,69,72,74,56,58,40,55,65,79,65,73,65
[ 4177.053019] [AOA] Measurement: 0,1629151815.237424,08:55:31:70:ff:0a,2,1,1,0,128,145,827,518,803,402,779,814,252,859,260,660,73,472,154,856,577,231,460,540,448,526,2,366,908,409,534,416,387,271,86,156,960,68,53,59,45,77,73,67,43,26,33,30,65,64,28,61,16,69,69,56,61,65,71,71,55,53,35,50,62,78,58,73,61
[ 4177.103561] [AOA] Measurement: 0,1629151815.287968,08:55:31:70:ff:0a,2,1,1,0,128,594,596,1017,606,1013,6,778,190,915,387,692,98,26,357,826,636,737,610,529,478,508,971,885,751,452,574,322,309,295,85,770,681,73,65,63,46,79,79,71,42,30,36,35,67,66,31,61,22,68,76,58,63,65,71,73,54,60,44,54,63,78,66,71,68
[ 4177.154664] [AOA] Measurement: 0,1629151815.339068,08:55:31:70:ff:0a,2,1,1,0,128,637,619,977,604,460,840,295,420,905,320,616,58,59,341,811,628,737,672,534,460,984,828,906,799,345,493,303,294,279,83,621,446,74,71,64,45,75,75,70,36,30,37,37,67,63,31,53,23,60,75,53,55,58,65,67,47,59,42,51,59,68,61,61,62
[ 4177.197993] [AOA] Measurement: 0,1629151815.382398,08:55:31:70:ff:0a,2,1,1,0,128,637,596,7,602,418,785,761,223,938,354,160,255,495,183,759,547,174,414,569,466,1009,831,937,794,368,506,373,335,274,79,814,548,75,68,64,48,78,78,71,41,32,37,35,69,65,32,61,22,70,76,59,64,67,71,73,54,61,44,56,65,77,68,73,68
[ 4177.237459] [AOA] Measurement: 0,1629151815.421868,08:55:31:70:ff:0a,2,1,1,0,128,97,787,927,550,393,756,739,193,883,335,693,131,38,369,388,804,701,666,524,481,1011,837,522,993,359,476,398,361,313,101,33,891,74,68,64,47,79,78,70,41,32,37,35,68,67,33,58,24,68,78,58,61,64,71,72,53,60,43,56,63,79,68,69,68
[ 4177.280350] [AOA] Measurement: 0,1629151815.464755,08:55:31:70:ff:0a,2,1,1,0,128,116,779,567,844,20,1013,296,429,466,580,232,283,1020,350,363,788,696,635,78,637,543,38,391,929,410,527,339,316,284,98,921,712,63,56,55,38,67,66,61,34,25,29,29,57,54,27,49,19,56,65,50,54,54,60,62,43,52,37,45,53,65,56,58,57
[ 4177.325100] [AOA] Measurement: 0,1629151815.509510,08:55:31:70:ff:0a,2,1,1,0,128,639,615,519,751,451,818,754,223,881,309,665,102,83,391,314,742,746,628,86,657,548,3,397,926,359,445,356,324,293,118,338,188,73,62,63,47,78,78,72,42,29,34,33,66,64,30,62,19,70,73,59,64,67,70,72,55,56,41,54,66,80,64,73,66
[ 4177.368875] [AOA] Measurement: 0,1629151815.553280,08:55:31:70:ff:0a,2,1,1,0,128,538,550,947,558,455,817,730,171,884,350,705,94,554,191,360,809,772,705,123,661,507,1001,889,766,901,352,797,110,758,913,889,811,69,58,61,46,76,75,67,41,27,33,32,65,64,30,61,19,70,73,58,62,65,70,72,55,57,40,53,66,79,65,73,64
[ 4177.412721] [AOA] Measurement: 0,1629151815.597126,08:55:31:70:ff:0a,2,1,1,0,128,582,633,1004,619,453,803,712,180,933,316,678,62,425,96,804,573,156,410,555,459,968,775,888,745,810,257,810,105,748,889,89,955,73,63,63,47,75,76,68,40,28,35,34,66,65,31,63,20,69,73,59,64,68,71,73,55,58,40,56,63,79,67,73,67
[ 4177.463443] [AOA] Measurement: 0,1629151815.647847,08:55:31:70:ff:0a,2,1,1,0,128,588,565,1008,598,470,793,765,188,904,384,686,88,483,153,806,597,158,425,482,431,7,835,929,811,417,579,360,318,754,940,406,357,74,62,62,46,77,75,72,41,29,35,34,68,67,31,61,20,71,75,59,63,67,70,74,55,59,42,54,65,80,65,71,66
[ 4177.508420] [AOA] Measurement: 0,1629151815.692829,08:55:31:70:ff:0a,2,1,1,0,128,595,615,1007,601,410,750,731,172,939,335,581,4,465,124,884,636,157,400,521,427,980,803,883,736,835,248,850,151,738,904,773,684,71,58,60,47,75,73,67,41,26,32,31,62,61,28,61,16,71,70,57,63,67,70,72,53,55,37,52,66,79,61,74,63
[ 4177.552584] [AOA] Measurement: 0,1629151815.736990,08:55:31:70:ff:0a,2,1,1,0,128,176,830,445,758,990,6,271,416,873,296,721,110,29,380,338,783,758,669,46,626,523,1009,395,940,396,525,352,324,275,82,344,182,74,68,64,47,78,77,71,40,31,37,35,68,66,33,59,23,68,77,58,63,67,68,73,52,61,43,56,64,77,67,71,69
[ 4177.603707] [AOA] Measurement: 0,1629151815.788113,08:55:31:70:ff:0a,2,1,1,0,128,583,565,1000,615,450,801,788,222,915,357,673,53,476,132,788,566,123,399,484,385,12,831,897,735,858,308,872,177,279,83,591,427,75,70,64,46,78,78,71,39,31,38,36,65,63,33,55,23,66,78,56,60,61,69,72,51,60,44,54,61,73,65,67,66
[ 4177.653663] [AOA] Measurement: 0,1629151815.838068,08:55:31:70:ff:0a,2,1,1,0,128,161,823,542,809,448,798,768,217,946,367,671,52,495,171,354,774,717,661,84,619,520,1005,920,756,882,320,848,154,283,91,267,60,70,73,62,41,70,70,66,33,29,36,35,62,58,29,45,21,54,71,49,50,49,57,62,42,52,39,48,53,60,55,51,54
[ 4177.696308] [AOA] Measurement: 0,1629151815.880713,08:55:31:70:ff:0a,2,1,1,0,128,552,561,939,559,422,795,716,167,924,341,669,41,524,205,791,639,768,638,535,452,538,4,397,944,836,320,401,360,354,134,377,277,76,71,66,46,79,77,71,39,33,37,36,68,66,33,56,26,67,78,58,62,63,71,74,52,63,45,55,66,76,66,67,67
[ 4177.740454] [AOA] Measurement: 0,1629151815.924866,08:55:31:70:ff:0a,2,1,1,0,128,593,579,955,549,13,18,293,425,885,363,703,113,487,193,782,581,224,496,81,648,536,0,412,949,416,587,381,326,309,86,618,408,65,46,53,43,69,65,61,40,21,28,26,58,57,23,60,13,68,65,54,61,65,64,66,53,50,33,48,61,75,60,74,57
