
[ 9227.639025] [AOA] Measurement: 0,1627136845.015896,08:55:31:9b:05:29,2,1,2,0,128,894,28,205,465,899,945,130,90,378,925,801,680,149,912,940,709,156,662,434,697,671,112,407,255,123,29,1015,706,731,170,329,493,63,38,51,33,74,78,84,78,79,55,26,101,48,45,96,30,19,76,93,35,53,35,55,20,12,50,30,86,39,37,52,39
[ 9227.683258] [AOA] Measurement: 0,1627136845.060130,08:55:31:9b:05:29,2,1,2,0,128,370,197,241,453,960,15,682,257,334,896,170,444,169,895,957,730,713,864,964,867,235,399,1023,504,702,254,546,896,306,378,774,855,59,37,47,31,69,71,79,73,73,51,24,94,47,40,89,29,18,73,88,32,49,34,52,19,13,47,27,80,39,38,48,37
[ 9227.721869] [AOA] Measurement: 0,1627136845.098741,08:55:31:9b:05:29,2,1,2,0,128,303,125,673,200,368,783,185,104,367,915,820,711,228,916,454,906,683,822,425,696,686,146,501,264,93,61,568,888,323,370,724,981,62,37,49,32,72,76,82,78,76,56,26,102,51,44,96,29,20,77,93,35,53,36,57,20,13,49,31,86,39,36,50,36
[ 9227.766165] [AOA] Measurement: 0,1627136845.143035,08:55:31:9b:05:29,2,1,2,0,128,308,114,654,212,367,777,124,53,777,666,156,428,604,687,4,766,704,841,424,669,657,116,444,259,24,4,544,863,249,335,899,160,61,37,52,31,76,75,85,76,82,57,33,102,54,47,98,30,23,78,94,36,54,38,58,19,15,57,31,86,43,42,54,46
[ 9227.808674] [AOA] Measurement: 0,1627136845.185544,08:55:31:9b:05:29,2,1,2,0,128,798,970,615,180,373,804,108,69,841,763,139,452,150,883,928,743,726,877,942,829,233,344,982,486,645,260,478,857,685,98,629,906,55,37,46,29,66,67,79,72,71,52,30,94,48,40,87,30,19,72,88,34,50,35,55,17,15,49,29,81,42,39,52,44
[ 9227.846831] [AOA] Measurement: 0,1627136845.223702,08:55:31:9b:05:29,2,1,2,0,128,330,162,244,446,954,1019,577,192,832,746,141,417,679,740,948,759,179,659,467,701,678,131,383,249,27,1007,25,740,228,298,281,548,62,36,50,30,77,75,85,76,83,57,34,101,52,46,93,27,22,78,91,34,53,38,59,17,12,51,29,83,38,34,52,41
[ 9227.889413] [AOA] Measurement: 0,1627136845.266281,08:55:31:9b:05:29,2,1,2,0,128,828,997,201,401,908,977,653,271,369,923,757,645,187,874,461,890,695,849,961,852,223,377,985,463,599,234,571,886,287,357,460,583,58,34,48,29,72,71,80,71,78,53,31,96,50,43,90,26,22,73,89,34,50,35,55,16,12,50,29,82,38,36,50,43
[ 9227.928286] [AOA] Measurement: 0,1627136845.305153,08:55:31:9b:05:29,2,1,2,0,128,305,138,609,214,905,986,84,36,851,723,128,394,655,662,886,710,109,576,464,675,248,411,7,532,575,209,459,849,259,311,867,132,64,38,52,31,79,77,85,78,83,58,35,104,54,49,98,29,23,82,95,37,56,40,59,18,15,54,30,86,41,39,55,45
[ 9227.966717] [AOA] Measurement: 0,1627136845.343588,08:55:31:9b:05:29,2,1,2,0,128,820,974,659,200,355,782,119,37,853,717,237,481,653,687,969,666,158,661,432,638,698,120,451,207,90,39,994,692,720,138,77,515,60,35,47,28,72,70,78,72,80,53,32,94,51,45,88,25,22,73,84,34,51,35,55,17,13,49,28,80,37,34,49,40
[ 9228.010527] [AOA] Measurement: 0,1627136845.387398,08:55:31:9b:05:29,2,1,2,0,128,281,106,261,469,907,989,647,278,768,678,201,467,589,647,966,774,730,895,1014,928,199,343,999,457,564,197,563,853,757,145,358,602,58,38,48,30,67,69,79,73,72,51,31,93,49,41,87,30,20,74,89,36,51,38,56,17,16,52,29,82,41,40,52,41
[ 9228.054852] [AOA] Measurement: 0,1627136845.431723,08:55:31:9b:05:29,2,1,2,0,128,882,23,261,382,949,1013,643,268,379,960,753,700,691,712,950,677,188,674,473,696,710,153,470,226,122,38,12,682,817,226,8,283,50,25,43,22,65,60,68,59,74,47,31,79,45,41,76,18,21,64,72,26,42,31,46,14,6,39,22,62,25,21,36,29
[ 9228.101658] [AOA] Measurement: 0,1627136845.478525,08:55:31:9b:05:29,2,1,2,0,128,797,970,646,208,357,799,152,89,396,943,785,676,215,887,884,695,785,909,978,850,291,390,993,480,526,168,998,701,718,171,649,907,63,37,50,29,72,69,79,72,78,53,34,98,52,46,95,26,23,77,91,36,54,39,57,17,12,52,29,82,37,34,49,37
[ 9228.150186] [AOA] Measurement: 0,1627136845.527055,08:55:31:9b:05:29,2,1,2,0,128,306,166,158,363,889,960,142,127,815,742,189,436,643,674,1019,762,122,647,420,670,291,397,966,436,595,241,555,908,657,69,692,976,61,38,50,31,73,75,87,78,81,57,35,102,53,45,98,31,22,79,96,37,56,40,61,17,16,55,30,89,45,40,56,44
[ 9228.188675] [AOA] Measurement: 0,1627136845.565546,08:55:31:9b:05:29,2,1,2,0,128,419,204,244,462,981,3,633,255,266,888,725,634,203,921,410,893,151,686,397,665,670,135,445,308,56,82,627,934,285,367,522,577,61,40,51,32,73,71,84,78,72,56,32,99,51,43,94,32,23,77,96,36,55,39,60,18,16,56,31,90,48,45,56,48
[ 9228.233443] [AOA] Measurement: 0,1627136845.610309,08:55:31:9b:05:29,2,1,2,0,128,851,4,668,218,407,817,87,42,883,766,201,461,673,720,461,913,784,877,999,883,155,305,424,239,982,1014,970,645,694,132,684,948,57,37,47,30,68,69,78,73,70,53,30,93,47,39,86,31,19,69,88,35,50,35,55,17,16,50,27,80,45,41,52,45
[ 9228.287611] [AOA] Measurement: 0,1627136845.664482,08:55:31:9b:05:29,2,1,2,0,128,389,164,148,401,930,4,656,258,371,930,750,672,228,923,434,943,701,889,1006,864,242,368,987,452,592,189,531,883,242,342,214,425,57,37,47,31,70,70,81,73,73,55,32,95,48,42,91,30,21,72,88,35,51,35,56,17,15,52,29,82,42,40,53,44
[ 9228.331505] [AOA] Measurement: 0,1627136845.708375,08:55:31:9b:05:29,2,1,2,0,128,850,1020,661,224,898,978,45,1017,866,732,192,431,606,672,878,703,129,634,492,676,729,154,7,454,565,177,990,673,688,122,396,712,62,35,51,30,76,74,85,76,84,57,35,101,54,47,94,27,23,79,90,35,54,40,58,18,12,52,30,84,39,36,51,42
[ 9228.369997] [AOA] Measurement: 0,1627136845.746867,08:55:31:9b:05:29,2,1,2,0,128,763,947,691,209,363,792,159,77,362,945,740,660,215,901,495,977,681,816,980,808,242,390,922,398,23,20,1012,700,236,344,478,708,58,35,47,29,69,69,80,72,74,54,31,96,49,43,89,27,20,71,88,34,49,37,55,17,14,52,29,81,39,38,52,43
[ 9228.413951] [AOA] Measurement: 0,1627136845.790822,08:55:31:9b:05:29,2,1,2,0,128,376,145,249,446,895,972,76,50,857,734,187,492,644,699,893,740,757,847,424,680,756,217,967,426,597,235,594,910,324,390,835,13,63,39,51,31,73,74,86,79,81,58,34,101,52,47,96,30,22,79,96,35,55,39,60,18,14,56,30,87,44,40,54,44
[ 9228.455825] [AOA] Measurement: 0,1627136845.832693,08:55:31:9b:05:29,2,1,2,0,128,799,979,617,198,413,824,189,97,377,928,714,644,592,639,907,700,202,703,3,907,277,397,948,430,66,56,527,878,262,342,780,952,63,40,49,32,72,73,86,78,74,55,33,101,50,42,91,34,21,75,95,36,54,36,56,17,17,53,30,88,48,45,55,47
[ 9228.498520] [AOA] Measurement: 0,1627136845.875386,08:55:31:9b:05:29,2,1,2,0,128,292,139,194,420,930,994,733,300,366,911,709,644,211,936,501,971,738,869,978,879,227,367,972,453,647,292,572,926,238,350,536,763,59,37,48,29,69,70,82,74,74,54,31,96,50,43,92,30,22,75,91,35,51,37,56,17,14,52,29,82,42,40,52,43
[ 9228.541559] [AOA] Measurement: 0,1627136845.918424,08:55:31:9b:05:29,2,1,2,0,128,752,945,690,189,291,726,42,13,830,719,181,419,704,722,927,657,174,670,520,726,748,177,983,443,1006,11,981,676,734,146,307,563,61,40,51,32,76,75,87,80,80,58,33,103,54,45,96,33,23,78,96,36,54,38,59,19,15,56,31,87,46,44,57,47
[ 9228.584091] [AOA] Measurement: 0,1627136845.960962,08:55:31:9b:05:29,2,1,2,0,128,413,217,177,414,891,992,704,268,336,890,248,519,233,977,471,949,688,806,17,878,263,416,1009,505,575,250,579,954,289,356,502,681,63,40,52,31,73,73,87,79,79,56,34,101,51,45,96,32,22,78,98,38,55,39,60,19,15,57,32,90,48,45,56,47
[ 9228.627511] [AOA] Measurement: 0,1627136846.004383,08:55:31:9b:05:29,2,1,2,0,128,371,206,215,448,931,1006,659,263,456,4,747,677,174,909,459,918,714,821,1001,877,256,391,954,442,583,245,523,835,241,316,306,517,63,39,50,32,76,77,88,80,83,59,34,103,54,45,98,32,24,80,99,39,56,40,60,19,16,54,31,88,45,43,56,46
[ 9228.666295] [AOA] Measurement: 0,1627136846.043164,08:55:31:9b:05:29,2,1,2,0,128,322,161,633,216,324,771,83,14,797,700,155,427,669,740,436,879,172,662,969,853,722,158,446,261,27,34,65,737,720,134,810,82,61,38,50,31,77,76,85,77,82,58,34,100,55,48,97,28,23,78,92,36,55,38,58,17,14,53,31,84,41,36,52,42
[ 9228.708596] [AOA] Measurement: 0,1627136846.085466,08:55:31:9b:05:29,2,1,2,0,128,871,999,698,256,432,831,696,264,406,946,670,573,666,704,913,718,218,688,376,635,628,103,443,249,26,1019,26,706,707,150,227,712,59,34,48,28,70,70,77,71,78,53,33,93,50,43,90,26,22,72,86,34,51,36,55,16,12,49,27,78,36,33,48,38
[ 9228.747619] [AOA] Measurement: 0,1627136846.124489,08:55:31:9b:05:29,2,1,2,0,128,330,168,204,440,904,956,129,55,781,685,155,418,583,673,906,720,159,651,448,704,261,362,956,400,519,176,32,721,627,78,703,989,63,40,52,32,75,76,86,80,80,56,34,100,54,45,99,33,23,80,97,38,55,40,61,19,14,56,31,88,45,42,57,46
[ 9228.791477] [AOA] Measurement: 0,1627136846.168342,08:55:31:9b:05:29,2,1,2,0,128,289,136,624,240,366,780,694,267,408,938,745,701,173,862,524,1000,714,889,2,918,207,381,927,435,1007,7,530,895,713,130,230,520,62,38,50,32,76,74,86,78,82,57,33,102,52,47,97,31,22,80,96,37,56,41,61,18,14,55,31,89,44,40,56,45
[ 9228.834062] [AOA] Measurement: 0,1627136846.210932,08:55:31:9b:05:29,2,1,2,0,128,722,919,651,189,354,760,140,58,871,736,224,505,673,671,878,665,184,672,453,683,707,146,432,235,84,31,580,957,284,339,1018,153,58,34,46,29,69,68,78,73,74,54,31,94,50,42,89,29,22,74,89,33,52,37,56,16,14,51,28,81,39,38,50,41
[ 9228.877468] [AOA] Measurement: 0,1627136846.254339,08:55:31:9b:05:29,2,1,2,0,128,313,164,202,426,941,1005,615,241,813,679,229,492,160,880,928,692,154,654,501,694,257,361,0,419,584,209,976,670,729,128,206,515,59,38,48,30,69,69,80,73,75,54,33,96,50,42,89,31,20,73,90,36,51,37,56,17,14,53,29,83,44,40,54,44
[ 9228.915426] [AOA] Measurement: 0,1627136846.292296,08:55:31:9b:05:29,2,1,2,0,128,351,185,223,431,940,999,632,269,405,932,716,647,147,932,459,933,728,875,939,856,289,428,971,475,670,291,560,912,277,369,1018,31,60,39,51,33,73,75,86,80,77,59,34,103,51,46,97,33,21,78,94,38,55,40,60,18,17,55,31,89,47,43,57,48
[ 9228.958698] [AOA] Measurement: 0,1627136846.335568,08:55:31:9b:05:29,2,1,2,0,128,335,162,125,384,856,958,88,68,835,751,166,475,139,854,483,931,700,850,1023,910,247,377,922,454,542,169,536,877,238,309,800,1006,58,35,48,28,72,71,78,71,79,54,32,93,50,44,90,27,21,74,87,34,51,37,55,17,13,48,28,79,36,33,49,39
[ 9228.997111] [AOA] Measurement: 0,1627136846.373982,08:55:31:9b:05:29,2,1,2,0,128,845,1018,658,271,382,793,86,42,400,928,730,642,133,895,462,947,677,832,27,896,233,364,1015,489,571,214,527,836,678,121,6,285,60,35,47,30,72,72,80,73,78,54,33,95,50,45,90,25,21,72,86,35,51,37,55,15,12,51,28,79,37,32,48,39
[ 9229.040794] [AOA] Measurement: 0,1627136846.417664,08:55:31:9b:05:29,2,1,2,0,128,409,200,175,386,984,1002,569,196,853,726,167,442,654,705,983,759,704,848,464,716,257,366,39,466,594,219,535,883,311,390,619,765,59,35,48,30,71,70,81,73,77,53,33,96,49,43,90,27,23,74,89,34,49,36,53,18,14,49,27,81,39,37,52,42
[ 9229.083915] [AOA] Measurement: 0,1627136846.460786,08:55:31:9b:05:29,2,1,2,0,128,837,983,679,189,426,860,693,255,366,928,794,684,628,703,952,690,759,879,410,651,290,402,978,420,534,182,564,901,246,354,228,466,58,36,49,28,72,71,80,74,81,56,32,95,49,45,92,27,22,75,89,34,51,37,55,17,14,52,29,81,39,37,51,42
[ 9229.126220] [AOA] Measurement: 0,1627136846.503087,08:55:31:9b:05:29,2,1,2,0,128,309,161,188,408,936,1023,23,7,804,692,198,467,641,676,917,718,186,686,403,622,798,203,38,489,676,310,502,849,226,306,339,588,63,40,50,33,70,73,83,78,74,56,32,102,50,43,93,32,21,75,95,37,53,38,58,17,16,54,30,88,46,44,57,47
[ 9229.174983] [AOA] Measurement: 0,1627136846.551852,08:55:31:9b:05:29,2,1,2,2,128,309,161,188,408,936,1023,23,7,804,692,198,467,641,676,917,718,186,686,403,622,798,203,38,489,676,310,502,849,226,306,339,588,58,36,49,28,72,71,80,74,81,56,32,95,49,45,92,27,22,75,89,34,51,37,55,17,14,52,29,81,39,37,51,42
[ 9229.221245] [AOA] Measurement: 0,1627136846.598112,08:55:31:9b:05:29,2,1,2,0,128,342,145,643,206,386,816,97,15,909,797,719,640,654,689,913,711,717,858,1007,903,303,454,36,521,472,157,947,687,661,62,526,830,61,37,51,32,76,73,85,77,81,57,35,102,53,46,97,29,22,78,96,36,53,38,57,17,13,54,31,86,43,40,55,45
[ 9229.260170] [AOA] Measurement: 0,1627136846.637041,08:55:31:9b:05:29,2,1,2,2,128,342,145,643,206,386,816,97,15,909,797,719,640,654,689,913,711,717,858,1007,903,303,454,36,521,472,157,947,687,661,62,526,830,58,36,49,28,72,71,80,74,81,56,32,95,49,45,92,27,22,75,89,34,51,37,55,17,14,52,29,81,39,37,51,42
[ 9229.298279] [AOA] Measurement: 0,1627136846.675150,08:55:31:9b:05:29,2,1,2,0,128,796,986,647,185,377,795,128,75,851,752,732,687,107,857,518,976,674,880,25,930,253,398,12,490,683,266,495,858,660,85,249,700,60,38,48,31,71,73,84,77,75,54,26,100,48,44,92,31,19,75,92,33,52,34,55,19,13,48,28,84,42,40,50,38
[ 9229.344360] [AOA] Measurement: 0,1627136846.721226,08:55:31:9b:05:29,2,1,2,0,128,275,160,167,390,376,763,153,76,815,711,758,667,578,676,512,935,796,878,2,892,265,383,15,512,647,200,988,665,745,192,553,883,61,37,50,31,75,76,82,76,79,55,25,100,49,44,94,26,18,77,87,32,49,34,51,19,11,46,27,78,33,32,45,32
[ 9229.390273] [AOA] Measurement: 0,1627136846.767145,08:55:31:9b:05:29,2,1,2,0,128,842,1000,694,231,353,782,113,24,459,958,809,709,138,899,942,724,770,887,963,843,212,378,391,216,65,25,65,721,699,136,16,228,63,37,51,32,75,76,82,77,78,56,26,102,48,43,97,31,19,79,94,35,54,35,56,19,13,50,29,84,41,37,50,36
[ 9229.428334] [AOA] Measurement: 0,1627136846.805205,08:55:31:9b:05:29,2,1,2,0,128,855,993,198,371,910,976,666,274,370,900,769,682,137,898,434,910,736,872,997,887,252,380,416,272,565,242,500,861,679,87,31,381,62,39,50,32,73,74,85,78,80,58,33,103,52,45,97,30,23,78,94,35,53,37,59,17,14,55,30,87,44,41,56,47
[ 9229.471793] [AOA] Measurement: 0,1627136846.848663,08:55:31:9b:05:29,2,1,2,0,128,329,123,669,254,889,994,616,217,381,940,726,622,137,888,487,973,644,830,1018,895,268,428,15,515,550,222,565,913,296,367,596,726,63,37,49,31,72,74,86,78,77,56,32,101,51,45,96,31,22,77,98,36,54,39,57,17,16,55,31,88,47,43,56,45
[ 9229.515954] [AOA] Measurement: 0,1627136846.892824,08:55:31:9b:05:29,2,1,2,0,128,321,147,666,251,425,824,90,45,832,730,244,511,195,924,500,962,710,879,351,648,680,166,451,276,2,65,531,896,172,339,802,945,61,38,48,31,74,76,85,76,78,57,32,101,51,43,96,31,22,77,97,35,55,39,60,17,14,55,31,88,46,41,57,46
[ 9229.558727] [AOA] Measurement: 0,1627136846.935597,08:55:31:9b:05:29,2,1,2,0,128,365,196,206,397,950,1,629,222,745,648,195,446,634,657,918,683,744,885,984,854,691,183,997,407,611,246,948,667,699,142,358,695,63,39,48,32,71,70,83,77,76,56,32,103,52,43,93,32,22,79,95,37,54,36,58,19,17,54,30,89,47,45,56,47
[ 9229.596681] [AOA] Measurement: 0,1627136846.973552,08:55:31:9b:05:29,2,1,2,0,128,361,159,119,335,342,780,172,95,346,909,726,645,196,888,411,886,718,853,3,882,250,404,974,444,568,206,549,885,244,358,961,995,59,39,49,30,68,70,82,75,71,56,32,98,50,42,95,33,22,75,94,35,53,37,58,18,15,52,30,88,47,44,55,47
[ 9229.638501] [AOA] Measurement: 0,1627136847.015369,08:55:31:9b:05:29,2,1,2,0,128,780,967,702,254,407,832,136,118,817,679,168,472,609,675,886,733,130,639,1020,887,255,391,881,384,1009,13,991,691,744,159,786,970,58,39,46,30,63,66,78,73,67,52,29,95,47,39,90,31,21,71,91,35,50,36,56,17,17,53,28,84,47,43,54,45
[ 9229.682857] [AOA] Measurement: 0,1627136847.059727,08:55:31:9b:05:29,2,1,2,0,128,394,201,202,429,893,973,705,278,305,875,728,651,670,720,450,911,704,856,1003,880,216,349,1018,462,582,200,520,881,277,382,341,454,61,36,49,29,76,74,84,75,84,57,35,99,54,48,96,27,24,79,94,36,54,38,59,19,13,54,30,88,43,39,54,46
[ 9229.732167] [AOA] Measurement: 0,1627136847.109039,08:55:31:9b:05:29,2,1,2,0,128,309,151,187,405,961,1021,104,54,388,916,169,433,659,686,505,971,710,843,933,831,247,345,394,255,62,97,513,861,734,156,1004,280,62,39,52,30,75,76,86,77,79,58,34,102,51,44,95,32,22,78,93,37,53,40,58,18,17,55,30,89,47,44,56,47
[ 9229.778344] [AOA] Measurement: 0,1627136847.155210,08:55:31:9b:05:29,2,1,2,0,128,792,980,702,262,956,7,693,287,445,1002,715,623,603,660,514,968,705,847,991,872,713,207,996,452,533,241,450,818,672,88,600,934,63,38,52,31,78,76,87,79,83,58,35,104,54,48,97,29,23,81,96,36,55,40,60,19,14,54,32,88,44,41,57,46
[ 9229.823572] [AOA] Measurement: 0,1627136847.200442,08:55:31:9b:05:29,2,1,2,0,128,294,143,165,440,935,974,654,248,342,907,707,640,220,913,470,914,714,867,3,918,288,403,1016,532,658,309,577,922,272,330,343,366,62,37,50,31,76,73,83,77,80,57,34,101,52,45,96,28,22,78,93,35,54,38,56,17,13,52,30,83,39,35,51,41
[ 9229.863364] [AOA] Measurement: 0,1627136847.240236,08:55:31:9b:05:29,2,1,2,0,128,391,197,197,445,995,26,682,264,312,901,212,456,221,919,479,933,737,849,980,885,259,363,12,511,598,214,543,902,208,311,732,934,57,32,48,28,77,73,81,73,85,55,34,95,52,47,93,25,23,75,89,34,53,38,55,17,11,49,27,79,34,31,48,39
[ 9229.907114] [AOA] Measurement: 0,1627136847.283984,08:55:31:9b:05:29,2,1,2,0,128,833,977,717,247,883,978,149,59,390,970,719,641,165,867,501,930,727,898,29,950,266,409,929,402,602,229,515,872,220,311,973,170,59,39,49,32,70,71,81,77,70,56,32,96,50,40,91,33,21,73,93,36,53,38,58,18,16,55,30,87,47,45,58,48
[ 9229.951109] [AOA] Measurement: 0,1627136847.327979,08:55:31:9b:05:29,2,1,2,0,128,352,169,249,492,935,1021,695,250,396,984,847,700,143,896,487,943,742,835,12,896,304,448,4,509,612,227,579,909,272,358,662,842,62,38,47,33,71,73,82,75,79,56,27,102,51,45,97,29,20,76,92,33,52,35,55,19,11,47,29,83,35,35,47,34
[ 9229.994741] [AOA] Measurement: 0,1627136847.371611,08:55:31:9b:05:29,2,1,2,0,128,412,193,215,459,969,12,707,286,381,908,721,659,186,905,456,932,692,844,14,915,237,414,943,446,614,228,487,862,256,355,410,657,61,36,49,32,71,74,81,76,74,55,24,102,50,44,94,30,17,75,92,34,52,35,56,20,13,49,29,84,39,37,51,38
[ 9230.038399] [AOA] Measurement: 0,1627136847.415265,08:55:31:9b:05:29,2,1,2,0,128,789,935,699,212,368,787,116,63,916,800,153,480,182,908,925,701,132,650,401,627,758,212,454,260,90,32,1003,698,718,154,381,782,63,36,51,32,77,78,84,77,82,57,26,103,51,45,97,29,19,77,91,32,52,35,55,19,12,47,30,82,36,35,49,36
[ 9230.081587] [AOA] Measurement: 0,1627136847.458455,08:55:31:9b:05:29,2,1,2,0,128,350,174,267,484,900,964,653,265,340,927,699,622,166,880,452,924,677,819,452,717,265,429,1003,477,588,220,557,864,206,313,669,842,58,35,47,30,71,71,77,71,72,51,24,95,45,43,88,26,17,70,84,31,48,32,49,17,10,43,26,77,33,30,44,31
[ 9230.131806] [AOA] Measurement: 0,1627136847.508674,08:55:31:9b:05:29,2,1,2,0,128,357,142,234,475,925,1006,615,227,323,900,170,431,633,714,941,735,768,914,954,851,256,400,980,428,602,213,970,675,747,163,621,921,62,40,51,32,77,77,84,76,80,56,27,102,51,45,96,29,20,78,93,35,54,35,56,19,13,50,30,85,40,36,49,38
[ 9230.176797] [AOA] Measurement: 0,1627136847.553667,08:55:31:9b:05:29,2,1,2,0,128,363,176,157,371,420,807,681,266,337,914,169,435,635,736,504,961,723,880,29,906,294,429,23,496,713,275,554,892,254,335,556,856,60,36,50,32,74,76,83,77,80,55,26,98,50,44,96,27,19,77,90,34,52,36,55,20,11,49,29,83,36,34,47,35
[ 9230.218639] [AOA] Measurement: 0,1627136847.595504,08:55:31:9b:05:29,2,1,2,0,128,290,107,209,430,899,989,667,261,366,953,815,698,186,895,552,968,729,851,1018,912,274,388,35,525,610,240,553,893,274,355,470,594,60,37,46,30,68,69,78,73,70,51,26,93,46,40,90,28,17,71,87,32,49,32,53,17,12,47,27,78,38,36,48,36
[ 9230.257368] [AOA] Measurement: 0,1627136847.634239,08:55:31:9b:05:29,2,1,2,0,128,371,163,177,433,921,986,100,63,409,963,747,662,166,931,523,988,720,869,968,873,239,388,922,435,635,206,944,624,750,143,223,484,66,40,56,35,84,86,90,87,90,62,29,113,55,50,105,29,21,85,100,35,56,38,59,22,13,54,32,89,39,35,50,37
[ 9230.301763] [AOA] Measurement: 0,1627136847.678633,08:55:31:9b:05:29,2,1,2,0,128,401,208,147,399,372,794,122,74,836,730,234,483,623,687,967,743,207,679,490,733,758,204,473,263,67,7,91,744,657,139,899,161,59,36,47,31,70,73,79,75,74,53,25,96,48,41,89,26,19,72,87,32,47,34,52,18,12,46,28,81,36,35,46,35
[ 9230.345413] [AOA] Measurement: 0,1627136847.722284,08:55:31:9b:05:29,2,1,2,0,128,811,993,215,447,885,957,682,237,839,715,227,467,264,943,482,929,679,829,939,839,718,189,414,274,649,280,633,960,137,266,467,687,58,37,46,30,70,70,77,73,72,53,24,96,47,42,92,29,18,71,88,33,48,33,54,18,12,47,28,81,39,36,49,37
[ 9230.388305] [AOA] Measurement: 0,1627136847.765170,08:55:31:9b:05:29,2,1,2,0,128,320,128,263,479,918,1017,646,241,840,764,745,675,170,912,543,981,788,901,947,882,186,347,974,464,546,191,593,896,304,376,452,584,57,35,44,29,66,67,77,72,68,51,23,93,46,38,88,29,18,71,86,33,48,33,52,19,13,46,27,79,40,36,47,35
[ 9230.431158] [AOA] Measurement: 0,1627136847.808025,08:55:31:9b:05:29,2,1,2,0,128,389,131,226,440,944,990,99,53,809,702,176,437,597,674,934,718,205,695,19,940,257,403,990,463,543,165,1005,650,698,136,678,1006,58,36,44,30,66,70,79,71,70,52,25,94,46,41,89,30,17,71,86,33,48,33,51,19,12,46,25,79,38,37,48,37
[ 9230.473575] [AOA] Measurement: 0,1627136847.850445,08:55:31:9b:05:29,2,1,2,0,128,817,957,655,204,410,847,685,263,834,748,825,682,159,891,509,916,737,879,966,874,259,394,22,509,587,186,968,635,709,149,649,863,58,36,47,31,70,72,78,73,73,51,24,95,47,42,92,25,19,72,83,31,48,32,50,18,11,43,27,75,33,31,44,33
[ 9230.517046] [AOA] Measurement: 0,1627136847.893916,08:55:31:9b:05:29,2,1,2,0,128,394,188,215,413,377,817,94,29,825,705,245,460,208,932,495,912,759,892,2,889,735,197,380,175,9,1,1016,635,789,174,414,751,62,38,49,31,75,75,84,78,80,56,27,104,52,45,99,28,19,79,93,35,51,35,55,19,12,49,29,85,38,37,49,37
[ 9230.554801] [AOA] Measurement: 0,1627136847.931671,08:55:31:9b:05:29,2,1,2,0,128,369,177,287,491,944,1020,705,286,379,942,758,636,592,698,951,746,144,643,498,709,242,358,398,229,62,40,1002,708,768,174,361,605,62,38,49,32,74,77,83,78,77,55,26,102,50,43,96,31,19,77,92,35,52,35,56,20,13,51,30,84,41,38,50,38
[ 9230.597833] [AOA] Measurement: 0,1627136847.974701,08:55:31:9b:05:29,2,1,2,0,128,381,205,252,484,971,9,730,327,421,982,822,753,213,922,491,949,753,885,931,852,201,358,468,326,582,195,647,965,291,396,106,218,58,34,45,29,69,71,77,70,73,50,23,94,46,42,87,26,17,70,81,31,47,31,51,17,10,43,27,75,33,31,44,30
[ 9230.636153] [AOA] Measurement: 0,1627136848.013025,08:55:31:9b:05:29,2,1,2,0,128,329,173,232,462,914,995,601,210,381,924,207,446,688,745,981,738,714,858,16,926,303,445,1000,475,670,251,606,909,232,348,887,33,56,38,45,31,67,69,77,69,70,51,25,93,47,40,89,28,18,72,85,31,47,33,51,18,12,47,27,79,39,37,48,36
[ 9230.674167] [AOA] Measurement: 0,1627136848.051039,08:55:31:9b:05:29,2,1,2,0,128,377,144,235,466,939,1005,626,237,382,911,671,614,173,890,473,892,173,648,398,654,749,221,998,467,615,251,536,891,287,379,406,472,63,39,51,33,75,78,85,79,79,58,27,102,51,45,96,31,18,76,93,35,52,35,55,19,13,51,29,85,42,38,51,38
[ 9230.712825] [AOA] Measurement: 0,1627136848.089696,08:55:31:9b:05:29,2,1,2,0,128,481,265,244,480,937,998,694,238,402,986,691,619,208,948,476,952,802,911,1011,878,192,359,987,463,605,228,583,940,223,332,775,970,63,38,48,33,74,75,82,78,75,56,27,101,49,42,94,31,19,75,93,33,52,35,54,19,14,49,28,84,42,41,49,39
[ 9230.757105] [AOA] Measurement: 0,1627136848.133977,08:55:31:9b:05:29,2,1,2,0,128,330,139,192,419,390,798,112,107,319,874,196,461,707,724,415,875,210,701,466,710,266,408,947,430,634,233,616,948,622,89,740,13,58,36,46,31,69,71,79,73,72,52,24,95,46,41,90,29,18,71,86,32,50,34,52,18,12,47,27,79,40,36,49,37
[ 9230.801016] [AOA] Measurement: 0,1627136848.177888,08:55:31:9b:05:29,2,1,2,0,128,417,185,233,446,1023,1001,735,317,416,989,824,710,172,934,449,944,737,882,1017,866,261,400,3,510,597,195,548,890,309,392,567,759,64,39,51,34,74,78,84,79,78,57,26,103,51,45,97,31,20,76,93,35,52,34,56,21,13,51,29,85,43,42,51,38
[ 9230.845149] [AOA] Measurement: 0,1627136848.222022,08:55:31:9b:05:29,2,1,2,0,128,856,965,661,227,356,771,92,38,854,757,191,468,592,677,943,777,214,705,16,930,217,391,898,364,611,216,12,678,647,111,991,420,62,38,51,33,76,77,83,77,78,56,26,104,52,45,96,28,19,76,90,34,52,35,54,19,11,49,30,84,38,37,49,37
[ 9230.888670] [AOA] Measurement: 0,1627136848.265536,08:55:31:9b:05:29,2,1,2,0,128,313,137,229,449,919,999,122,70,339,917,718,660,145,894,472,969,708,867,1021,905,236,379,952,465,557,189,579,935,664,106,906,200,63,37,50,33,73,76,83,78,78,57,27,100,51,45,98,31,18,76,93,34,51,36,54,20,12,48,30,82,38,35,48,36
[ 9230.932180] [AOA] Measurement: 0,1627136848.309046,08:55:31:9b:05:29,2,1,2,0,128,379,127,249,434,940,1018,12,1022,806,668,209,448,654,720,897,701,743,852,986,870,216,306,438,266,91,25,63,749,753,162,183,481,57,34,45,30,70,72,78,72,74,53,24,96,47,41,89,27,18,72,86,31,48,33,52,16,11,45,28,75,35,33,44,32
[ 9230.979218] [AOA] Measurement: 0,1627136848.356090,08:55:31:9b:05:29,2,1,2,0,128,352,130,206,434,938,3,678,240,345,919,773,673,152,905,418,913,788,905,995,870,190,327,406,236,1022,1014,0,696,749,168,209,404,58,35,46,30,69,70,78,71,75,51,26,94,47,41,85,26,18,70,83,30,47,32,50,17,9,44,27,74,31,28,41,30
[ 9231.017242] [AOA] Measurement: 0,1627136848.394115,08:55:31:9b:05:29,2,1,2,0,128,798,951,693,224,364,792,178,85,810,741,758,649,251,946,537,981,701,856,1006,908,694,219,406,240,609,203,576,926,258,345,933,288,62,38,50,33,75,77,84,77,80,56,26,104,52,47,97,29,18,78,91,34,52,36,57,20,13,49,29,85,39,35,49,37
[ 9231.060839] [AOA] Measurement: 0,1627136848.437711,08:55:31:9b:05:29,2,1,2,0,128,811,966,609,141,335,756,96,1018,869,702,166,433,676,684,919,680,257,733,396,637,711,178,411,218,122,8,978,623,758,159,805,278,57,37,44,30,65,68,76,71,66,50,25,91,43,39,85,28,17,67,85,31,46,31,50,17,13,45,24,76,40,38,46,36
[ 9231.099123] [AOA] Measurement: 0,1627136848.475995,08:55:31:9b:05:29,2,1,2,0,128,910,0,652,166,394,843,143,88,880,771,827,671,166,922,938,664,191,668,458,697,655,157,403,217,86,48,1001,648,734,142,747,209,58,37,46,31,71,73,79,74,72,51,24,97,48,42,89,29,18,73,87,33,50,34,50,19,12,46,27,80,38,37,49,36
[ 9231.143734] [AOA] Measurement: 0,1627136848.520601,08:55:31:9b:05:29,2,1,2,0,128,825,986,684,239,975,3,674,273,342,927,821,745,181,933,485,959,743,903,909,788,733,213,423,251,9,20,39,718,226,327,918,173,60,40,49,33,71,74,84,77,73,54,26,99,48,42,93,32,18,73,92,35,50,34,55,19,14,50,29,84,43,40,52,41
[ 9231.197966] [AOA] Measurement: 0,1627136848.574838,08:55:31:9b:05:29,2,1,2,0,128,439,204,263,452,921,1018,725,323,369,938,210,486,598,675,984,735,155,688,997,898,225,367,950,419,634,282,610,911,238,368,35,300,62,38,50,32,73,75,83,77,78,56,26,103,50,44,98,31,18,77,94,35,54,36,56,21,14,52,31,86,40,37,51,38
[ 9231.242380] [AOA] Measurement: 0,1627136848.619251,08:55:31:9b:05:29,2,1,2,0,128,392,216,224,427,338,774,89,41,865,746,163,440,624,675,888,659,132,627,460,633,668,133,435,254,101,27,56,721,748,174,84,406,62,39,50,32,74,76,85,78,79,58,27,101,49,44,96,31,19,77,94,34,52,36,57,20,14,51,29,88,43,40,52,40
[ 9231.292172] [AOA] Measurement: 0,1627136848.669038,08:55:31:9b:05:29,2,1,2,0,128,343,157,154,384,411,822,95,58,823,716,256,490,612,652,928,720,132,643,444,729,675,130,393,234,132,112,614,906,251,336,290,557,53,34,41,29,58,61,73,68,61,48,23,88,41,36,81,28,16,66,81,31,47,32,51,18,14,45,26,78,41,38,46,36
[ 9231.342872] [AOA] Measurement: 0,1627136848.719738,08:55:31:9b:05:29,2,1,2,0,128,348,172,219,466,900,971,700,286,350,917,784,709,267,972,506,954,795,877,37,913,253,418,999,504,629,270,584,898,228,311,409,596,60,39,48,33,71,70,83,77,72,55,26,100,47,41,95,32,18,75,94,35,52,36,55,20,14,50,29,85,42,39,51,40
[ 9231.387224] [AOA] Measurement: 0,1627136848.764096,08:55:31:9b:05:29,2,1,2,0,128,311,117,674,213,996,9,671,233,323,869,162,449,620,688,967,755,167,670,427,703,321,447,1020,459,641,257,650,961,184,333,292,622,64,39,52,33,76,77,85,79,78,57,26,104,51,45,98,29,20,78,95,35,53,36,55,19,13,50,30,87,41,40,50,37
[ 9231.431295] [AOA] Measurement: 0,1627136848.808168,08:55:31:9b:05:29,2,1,2,0,128,370,145,685,192,392,795,144,62,811,743,216,494,245,968,545,965,720,843,997,887,244,383,1002,430,97,61,59,715,712,120,845,137,58,35,44,28,69,72,76,70,74,53,24,94,48,43,89,25,17,71,85,31,47,33,50,17,10,44,28,75,31,29,43,31
[ 9231.475152] [AOA] Measurement: 0,1627136848.852025,08:55:31:9b:05:29,2,1,2,0,128,334,164,177,433,905,966,129,82,341,940,771,709,202,888,482,904,784,917,958,856,266,474,993,496,612,195,532,876,257,359,997,132,59,35,47,30,69,72,76,72,72,52,24,95,47,42,89,27,19,73,85,32,48,33,52,16,11,46,28,78,36,34,45,34
[ 9231.518406] [AOA] Measurement: 0,1627136848.895276,08:55:31:9b:05:29,2,1,2,0,128,353,166,214,468,902,976,715,259,387,957,823,763,192,937,459,923,759,888,35,916,254,391,985,447,563,193,627,925,244,338,842,12,62,40,49,33,74,76,81,76,77,56,27,102,51,45,96,29,19,76,93,35,52,36,55,20,12,50,30,85,38,37,49,36
[ 9231.562114] [AOA] Measurement: 0,1627136848.938986,08:55:31:9b:05:29,2,1,2,0,128,352,152,201,421,398,822,148,71,379,957,794,741,233,936,555,1009,717,896,951,872,667,147,420,248,88,63,1015,711,727,173,34,259,62,38,51,31,75,77,84,77,82,56,26,103,50,47,96,28,18,77,90,34,50,35,53,20,10,47,30,80,35,33,47,35
[ 9231.600235] [AOA] Measurement: 0,1627136848.977108,08:55:31:9b:05:29,2,1,2,0,128,369,161,250,466,892,974,725,287,464,998,813,715,220,934,479,954,686,824,953,850,686,176,406,237,652,260,597,904,283,381,612,790,62,38,50,33,72,75,84,77,76,55,24,102,50,42,96,31,19,76,94,34,53,35,55,19,14,50,30,86,42,39,51,39
[ 9231.644650] [AOA] Measurement: 0,1627136849.021522,08:55:31:9b:05:29,2,1,2,0,128,872,1015,676,216,963,1011,658,282,366,926,744,637,194,905,489,899,156,675,412,654,686,162,345,152,104,58,1008,639,717,142,237,588,56,34,47,29,71,72,78,71,77,53,25,96,48,42,89,25,19,73,85,32,49,33,51,17,11,46,27,79,36,32,46,32
[ 9231.688574] [AOA] Measurement: 0,1627136849.065439,08:55:31:9b:05:29,2,1,2,0,128,364,177,225,468,945,986,633,251,357,933,730,659,207,929,530,942,762,897,1002,935,282,401,11,489,665,250,546,893,268,393,825,983,62,38,50,34,73,75,83,78,78,55,26,101,51,45,96,31,20,77,93,34,51,36,55,20,13,50,29,86,41,40,52,40
[ 9231.731679] [AOA] Measurement: 0,1627136849.108545,08:55:31:9b:05:29,2,1,2,0,128,399,173,213,478,874,951,695,209,373,928,169,458,205,916,949,759,667,838,21,937,290,452,992,469,618,226,524,859,242,353,251,458,55,33,44,30,68,69,73,68,72,51,24,92,48,42,89,24,19,71,82,31,48,32,51,19,10,45,27,75,33,29,42,30
[ 9231.781206] [AOA] Measurement: 0,1627136849.158071,08:55:31:9b:05:29,2,1,2,0,128,794,948,709,239,357,798,98,22,779,679,217,475,663,711,930,682,144,633,464,669,712,189,431,229,80,35,27,707,714,142,153,401,58,35,46,31,69,71,79,74,72,52,25,94,46,40,89,28,17,72,85,32,49,33,52,18,12,46,27,79,39,35,47,36
[ 9231.827849] [AOA] Measurement: 0,1627136849.204721,08:55:31:9b:05:29,2,1,2,0,128,359,161,311,514,945,997,695,286,350,917,817,704,190,952,470,992,681,870,990,882,210,329,953,442,654,250,562,912,252,347,488,620,62,36,50,31,75,78,84,76,83,56,26,100,50,46,93,26,19,74,88,33,52,35,53,18,10,47,29,79,33,30,44,31
[ 9231.874662] [AOA] Measurement: 0,1627136849.251528,08:55:31:9b:05:29,2,1,2,0,128,406,187,222,440,907,994,698,275,384,937,737,630,592,676,958,762,670,851,1007,860,354,463,982,482,668,237,579,919,282,403,345,448,62,40,52,33,74,75,84,79,77,57,26,103,52,45,98,31,20,78,94,36,54,35,57,19,14,49,30,84,42,38,51,38
[ 9231.913718] [AOA] Measurement: 0,1627136849.290589,08:55:31:9b:05:29,2,1,2,0,128,347,157,216,420,963,13,718,266,378,924,142,427,591,666,913,721,196,702,64,955,197,364,992,421,617,214,9,706,749,164,777,1018,60,37,45,31,67,71,80,73,72,52,26,95,48,41,90,30,17,71,87,33,48,32,53,18,13,47,27,80,40,39,49,37
[ 9231.955545] [AOA] Measurement: 0,1627136849.332411,08:55:31:9b:05:29,2,1,2,0,128,393,179,165,374,400,835,110,64,395,911,826,706,135,865,939,717,228,685,1014,869,266,404,940,468,621,223,560,899,752,135,30,277,60,39,49,32,71,74,82,77,71,53,27,99,49,42,93,32,17,74,93,34,52,35,56,19,15,50,29,85,44,41,51,40
[ 9232.000475] [AOA] Measurement: 0,1627136849.377348,08:55:31:9b:05:29,2,1,2,0,128,338,167,268,448,923,992,605,224,845,776,159,464,636,704,921,720,157,689,376,676,771,230,7,527,689,303,572,917,255,314,390,578,63,39,49,32,71,74,82,77,75,55,25,101,50,43,96,31,18,76,94,34,52,35,54,20,12,51,30,85,41,37,50,37
[ 9232.045228] [AOA] Measurement: 0,1627136849.422096,08:55:31:9b:05:29,2,1,2,0,128,403,201,213,420,953,980,106,60,799,712,217,434,621,673,932,687,165,647,436,662,746,203,994,464,657,248,587,914,325,407,545,877,62,38,50,32,73,77,83,78,78,56,26,101,51,42,96,29,20,78,93,34,51,36,55,18,13,50,29,83,39,37,51,37
[ 9232.095228] [AOA] Measurement: 0,1627136849.472097,08:55:31:9b:05:29,2,1,2,0,128,831,1000,224,460,371,798,154,87,373,938,783,660,197,936,462,929,755,889,1003,894,195,359,410,268,695,263,552,929,294,403,352,572,58,33,46,29,71,71,75,71,76,52,25,96,46,42,87,24,16,69,78,28,46,31,50,18,10,43,27,73,31,29,42,28
[ 9232.141786] [AOA] Measurement: 0,1627136849.518656,08:55:31:9b:05:29,2,1,2,0,128,811,990,243,460,919,983,130,77,389,940,157,446,649,679,507,890,725,856,968,862,259,430,995,478,661,257,554,896,224,315,685,38,62,39,50,33,72,77,83,79,76,56,26,102,50,45,96,30,18,76,94,35,53,35,56,20,14,51,29,87,43,40,52,39
[ 9232.179911] [AOA] Measurement: 0,1627136849.556782,08:55:31:9b:05:29,2,1,2,0,128,408,199,230,482,960,1013,695,292,320,907,181,419,669,747,525,971,681,836,412,703,268,388,958,474,656,283,540,894,258,315,163,363,63,37,49,31,73,78,84,77,79,56,26,103,51,46,96,28,18,77,89,32,52,35,54,19,11,48,29,82,35,33,46,34
[ 9232.218598] [AOA] Measurement: 0,1627136849.595469,08:55:31:9b:05:29,2,1,2,0,128,816,992,660,187,376,776,112,58,912,779,216,462,662,763,920,705,137,638,440,693,740,183,409,209,102,13,47,724,320,400,773,29,62,35,50,32,75,76,82,77,83,57,28,103,51,47,98,29,19,79,92,35,52,36,56,19,12,50,30,83,39,36,49,36
[ 9232.264028] [AOA] Measurement: 0,1627136849.640894,08:55:31:9b:05:29,2,1,2,0,128,824,949,676,235,389,802,109,56,821,708,175,464,648,718,514,972,127,657,436,679,730,212,7,497,654,258,566,882,744,146,678,979,62,38,49,32,74,76,82,76,77,54,27,100,50,46,97,28,20,76,92,33,50,34,55,19,11,46,29,81,36,32,47,34
[ 9232.317914] [AOA] Measurement: 0,1627136849.694784,08:55:31:9b:05:29,2,1,2,0,128,382,169,226,468,949,1003,104,46,366,933,191,460,676,729,490,928,699,857,1017,915,264,432,923,450,601,235,535,898,223,299,697,978,62,40,50,33,74,75,85,78,77,56,26,101,49,43,94,31,19,77,94,35,53,34,56,19,13,50,29,85,42,40,51,40
[ 9232.362239] [AOA] Measurement: 0,1627136849.739109,08:55:31:9b:05:29,2,1,2,0,128,363,171,249,417,933,996,153,111,397,963,782,657,222,928,569,982,719,847,988,893,281,383,956,434,610,197,52,734,306,385,268,552,63,37,49,31,73,76,84,79,78,56,27,102,50,44,94,30,19,76,93,34,51,34,56,20,12,49,29,84,40,39,49,37
[ 9232.412851] [AOA] Measurement: 0,1627136849.789717,08:55:31:9b:05:29,2,1,2,0,128,366,171,199,441,935,974,616,215,396,960,777,673,249,943,425,913,189,689,996,906,213,388,886,384,691,258,555,898,231,341,983,235,62,39,50,32,73,75,82,78,77,54,27,100,50,44,97,30,20,75,93,33,52,36,56,20,13,50,30,84,40,39,52,37
[ 9232.467530] [AOA] Measurement: 0,1627136849.844400,08:55:31:9b:05:29,2,1,2,0,128,407,153,230,485,913,996,668,294,363,931,756,695,243,950,526,962,756,900,1002,893,229,403,949,429,623,227,554,876,305,400,759,815,58,35,46,30,69,70,77,73,73,51,25,96,46,42,89,28,18,70,86,32,49,33,52,19,11,45,27,77,36,33,46,33
[ 9232.511561] [AOA] Measurement: 0,1627136849.888431,08:55:31:9b:05:29,2,1,2,0,128,383,174,253,522,891,987,664,249,360,938,765,669,148,872,483,941,712,871,924,872,199,349,962,458,665,252,576,950,234,330,350,527,62,39,49,32,71,73,83,78,75,54,25,100,49,42,94,31,19,74,90,34,50,34,56,19,13,50,29,87,43,40,52,40
[ 9232.550194] [AOA] Measurement: 0,1627136849.927065,08:55:31:9b:05:29,2,1,2,0,128,284,136,689,233,971,987,749,291,450,978,725,666,131,872,921,713,204,712,432,709,695,164,19,451,625,182,59,731,740,182,185,537,60,36,50,31,75,76,78,74,79,56,24,98,48,46,96,25,20,76,87,32,50,34,52,20,10,45,29,77,32,29,44,31
[ 9232.588267] [AOA] Measurement: 0,1627136849.965138,08:55:31:9b:05:29,2,1,2,0,128,876,1010,143,392,985,27,683,269,309,913,741,650,208,903,467,910,105,620,419,662,704,147,400,218,640,262,1022,713,700,138,281,632,63,39,49,32,71,73,82,75,74,54,26,99,49,42,93,31,18,73,90,34,50,34,54,19,13,48,28,83,42,42,50,38
[ 9232.632552] [AOA] Measurement: 0,1627136850.009424,08:55:31:9b:05:29,2,1,2,0,128,801,972,610,209,411,834,713,292,371,951,695,662,222,951,458,920,738,858,935,829,677,147,382,245,78,50,562,881,223,301,332,627,56,36,45,30,66,68,77,74,70,51,24,94,46,41,89,29,17,72,86,33,50,33,53,20,13,48,28,81,41,37,48,37
[ 9232.681392] [AOA] Measurement: 0,1627136850.058262,08:55:31:9b:05:29,2,1,2,0,128,382,187,271,498,928,3,736,317,392,946,706,641,171,893,887,750,167,678,391,639,674,145,405,239,651,240,599,946,328,386,779,872,62,37,50,32,76,78,83,77,83,56,27,102,51,45,97,28,19,76,90,33,51,35,53,18,10,47,28,81,36,32,46,34
[ 9232.720148] [AOA] Measurement: 0,1627136850.097014,08:55:31:9b:05:29,2,1,2,0,128,826,1019,300,498,966,1009,652,253,320,896,748,626,619,702,892,649,165,656,405,633,706,180,996,448,50,18,49,732,728,150,493,758,64,39,51,33,76,76,84,78,80,58,27,103,52,45,98,31,19,77,94,35,54,35,57,19,13,48,30,84,40,36,50,39
[ 9232.763342] [AOA] Measurement: 0,1627136850.140210,08:55:31:9b:05:29,2,1,2,0,128,846,1001,261,435,950,1004,676,265,387,968,748,650,170,894,519,931,795,891,935,838,738,229,426,274,660,263,516,861,229,337,912,13,61,38,50,32,74,76,82,78,78,56,28,102,51,44,97,28,20,78,92,34,51,35,55,20,11,50,30,82,36,32,47,34
[ 9232.813187] [AOA] Measurement: 0,1627136850.190055,08:55:31:9b:05:29,2,1,2,0,128,339,130,651,206,396,789,120,43,839,757,211,476,596,644,951,733,151,639,442,687,708,169,991,463,615,200,575,895,695,105,155,499,59,32,47,30,76,76,79,72,81,54,26,96,49,44,93,23,19,75,84,31,48,32,52,19,9,43,27,75,30,28,44,30
[ 9232.858842] [AOA] Measurement: 0,1627136850.235712,08:55:31:9b:05:29,2,1,2,0,128,365,156,143,367,431,797,70,3,881,744,190,471,186,920,859,665,210,710,465,724,301,398,1009,478,667,251,555,913,288,376,86,209,63,38,52,33,75,77,85,79,81,57,27,103,53,44,97,29,20,78,92,34,51,35,54,19,12,49,30,83,38,35,49,37
[ 9232.903738] [AOA] Measurement: 0,1627136850.280608,08:55:31:9b:05:29,2,1,2,0,128,361,178,266,458,894,976,760,308,380,931,712,653,213,927,492,963,756,912,930,838,188,351,410,247,55,58,582,862,197,328,579,754,57,36,47,31,67,68,76,69,67,50,23,93,47,40,88,29,16,70,86,33,48,32,52,18,13,46,27,80,39,37,48,36
[ 9232.945953] [AOA] Measurement: 0,1627136850.322820,08:55:31:9b:05:29,2,1,2,0,128,774,921,643,196,1010,0,661,282,297,901,196,475,586,647,987,791,135,640,389,642,732,201,425,254,660,259,572,879,668,124,92,436,63,37,50,33,74,77,83,79,80,56,28,102,51,45,98,29,19,79,95,34,53,34,56,20,12,50,31,85,38,38,49,38
[ 9232.988859] [AOA] Measurement: 0,1627136850.365729,08:55:31:9b:05:29,2,1,2,0,128,802,926,713,200,346,758,100,18,890,756,203,461,631,680,994,731,126,635,482,728,243,364,946,411,40,977,70,721,770,204,605,907,57,35,46,30,70,73,78,72,73,53,24,94,47,42,91,28,17,72,87,32,48,33,51,19,12,47,27,78,36,34,46,35
[ 9233.027249] [AOA] Measurement: 0,1627136850.404120,08:55:31:9b:05:29,2,1,2,0,128,347,165,205,428,960,993,106,70,828,713,204,428,698,750,483,935,743,871,1022,923,272,450,958,405,680,236,531,891,666,118,779,45,62,39,51,33,74,75,84,78,79,57,27,102,51,46,96,30,20,80,95,35,53,35,57,20,13,50,30,87,42,39,52,38
[ 9233.065804] [AOA] Measurement: 0,1627136850.442674,08:55:31:9b:05:29,2,1,2,0,128,839,989,704,213,953,993,103,30,862,759,716,615,709,773,486,969,721,863,13,896,227,384,373,185,100,53,37,695,729,153,351,737,60,38,49,33,73,77,85,79,79,59,27,104,52,46,95,30,19,76,91,35,52,35,57,21,12,51,29,86,40,38,52,37
[ 9233.107354] [AOA] Measurement: 0,1627136850.484222,08:55:31:9b:05:29,2,1,2,0,128,333,134,648,220,423,813,148,70,812,719,222,471,167,876,536,979,155,667,403,696,712,190,954,427,670,244,513,862,705,156,603,951,57,35,45,29,69,70,76,70,76,50,25,93,47,42,87,25,17,70,80,31,47,32,50,17,9,44,27,73,30,27,40,29
[ 9233.146046] [AOA] Measurement: 0,1627136850.522917,08:55:31:9b:05:29,2,1,2,0,128,456,242,194,465,879,967,648,216,377,903,732,624,656,716,951,742,667,849,1003,867,224,354,1009,456,591,196,552,896,229,306,429,645,57,36,46,31,65,67,77,72,67,50,24,92,46,39,86,30,17,69,86,30,48,32,51,19,13,48,27,81,41,38,47,37
[ 9233.186750] [AOA] Measurement: 0,1627136850.563619,08:55:31:9b:05:29,2,1,2,0,128,358,198,215,414,971,2,681,285,380,928,735,632,143,882,899,726,141,634,423,686,740,173,972,454,628,225,39,708,705,144,87,359,58,35,48,31,68,72,78,70,73,52,24,92,46,41,91,26,17,72,85,31,49,33,52,18,12,48,28,78,34,32,45,33
[ 9233.226615] [AOA] Measurement: 0,1627136850.603486,08:55:31:9b:05:29,2,1,2,0,128,357,179,186,425,906,987,664,234,357,924,782,673,157,866,974,720,198,725,410,665,740,170,403,259,712,264,509,841,712,129,141,530,58,37,47,30,66,70,77,72,70,50,25,92,47,40,90,28,18,71,87,33,49,33,52,19,12,47,28,80,38,36,47,35
[ 9233.266718] [AOA] Measurement: 0,1627136850.643585,08:55:31:9b:05:29,2,1,2,0,128,306,135,699,240,378,774,117,45,391,945,776,667,206,909,505,920,177,715,981,859,243,374,1011,462,14,1018,584,907,687,135,941,124,57,35,47,30,69,70,77,72,73,53,24,94,48,42,91,28,18,73,86,32,50,33,52,18,12,47,28,80,36,35,47,36
[ 9233.309597] [AOA] Measurement: 0,1627136850.686464,08:55:31:9b:05:29,2,1,2,0,128,372,192,229,454,887,936,156,109,809,707,760,682,610,697,936,694,249,714,419,691,702,209,410,232,121,58,1007,714,721,143,134,397,56,34,45,30,69,70,78,72,72,53,25,94,46,40,90,28,18,70,86,31,47,33,50,18,12,46,26,77,37,35,47,36
[ 9233.352376] [AOA] Measurement: 0,1627136850.729244,08:55:31:9b:05:29,2,1,2,0,128,878,997,689,222,423,845,117,33,887,737,226,457,707,749,937,702,181,667,473,674,728,179,1002,448,676,269,562,904,264,344,32,191,58,36,46,30,68,72,76,72,72,52,24,93,48,42,91,25,18,72,84,31,48,32,50,17,11,43,27,74,33,31,44,32
[ 9233.397901] [AOA] Measurement: 0,1627136850.774772,08:55:31:9b:05:29,2,1,2,0,128,351,119,596,190,395,820,82,46,384,946,756,655,198,917,493,949,752,885,1014,886,230,380,23,512,660,265,550,882,255,335,445,620,56,34,46,29,71,70,77,70,76,51,24,91,46,42,91,24,17,70,85,30,48,33,50,18,10,44,27,74,34,30,45,33
[ 9233.441801] [AOA] Measurement: 0,1627136850.818671,08:55:31:9b:05:29,2,1,2,0,128,421,196,178,422,881,936,208,107,398,930,727,655,148,893,513,962,670,825,971,860,335,458,1006,463,36,15,1004,683,677,136,627,1018,62,37,49,31,75,76,83,75,78,53,27,102,50,43,95,26,20,75,90,34,52,35,54,20,12,48,28,83,38,35,48,37
[ 9233.492701] [AOA] Measurement: 0,1627136850.869569,08:55:31:9b:05:29,2,1,2,0,128,345,175,209,458,999,18,633,221,380,915,723,622,167,899,932,720,121,638,489,742,245,396,997,460,663,247,534,866,260,337,902,180,64,39,49,32,71,73,83,78,73,54,26,100,47,40,93,31,18,74,91,34,50,33,54,18,14,49,28,84,46,41,50,40
[ 9233.547795] [AOA] Measurement: 0,1627136850.924665,08:55:31:9b:05:29,2,1,2,0,128,268,58,677,211,378,775,167,54,843,763,167,460,175,921,458,916,800,892,427,700,703,151,443,230,91,39,563,896,763,184,909,193,62,40,49,33,71,74,82,78,75,57,26,101,51,44,96,31,19,77,92,34,52,35,57,18,13,50,29,87,41,38,52,38
[ 9233.591407] [AOA] Measurement: 0,1627136850.968274,08:55:31:9b:05:29,2,1,2,0,128,818,1008,616,187,411,835,130,126,370,943,737,679,162,891,551,967,738,875,958,832,250,396,2,460,624,242,545,904,243,349,577,731,63,39,50,32,73,79,82,78,77,57,26,102,51,46,97,29,20,77,91,34,54,37,56,20,12,49,29,84,36,35,48,36
[ 9233.641638] [AOA] Measurement: 0,1627136851.018506,08:55:31:9b:05:29,2,1,2,0,128,357,177,229,439,943,4,632,245,415,966,789,695,112,833,918,745,736,885,996,903,261,416,951,469,591,210,656,972,248,354,608,699,57,32,44,28,69,70,73,69,76,51,24,92,46,43,87,24,18,71,81,30,46,31,49,17,10,43,27,72,32,28,42,30
[ 9233.688475] [AOA] Measurement: 0,1627136851.065346,08:55:31:9b:05:29,2,1,2,0,128,399,199,172,431,893,973,140,76,801,685,149,421,643,666,868,682,145,648,399,675,732,183,389,213,64,84,550,854,295,350,624,833,61,36,49,32,73,76,83,74,80,56,26,100,49,45,94,26,18,76,89,33,50,34,52,19,11,45,27,77,33,31,44,33
[ 9233.745487] [AOA] Measurement: 0,1627136851.122358,08:55:31:9b:05:29,2,1,2,0,128,882,998,209,470,880,977,708,286,437,989,800,699,195,905,477,944,719,856,385,657,724,190,446,288,606,201,592,902,263,359,1010,149,59,36,45,29,70,71,78,74,74,53,25,93,48,41,90,27,18,72,85,31,50,33,50,18,12,46,27,79,36,34,47,35
[ 9233.789422] [AOA] Measurement: 0,1627136851.166293,08:55:31:9b:05:29,2,1,2,0,128,338,154,216,416,936,973,687,251,387,965,203,465,633,669,997,758,184,659,402,645,697,177,464,226,109,81,584,895,741,191,489,881,58,33,45,29,68,70,76,70,75,52,24,92,45,43,87,25,17,69,81,30,47,32,49,18,10,42,26,73,31,28,42,30
[ 9233.827344] [AOA] Measurement: 0,1627136851.204214,08:55:31:9b:05:29,2,1,2,0,128,791,949,690,203,339,746,136,86,391,946,741,638,201,901,488,915,147,678,963,870,743,198,379,201,42,20,990,653,727,126,733,176,61,34,48,31,73,74,79,73,79,54,25,95,48,44,88,24,18,76,83,31,49,33,51,17,9,43,26,73,29,26,41,30
[ 9233.872388] [AOA] Measurement: 0,1627136851.249256,08:55:31:9b:05:29,2,1,2,0,128,303,116,235,453,846,966,103,42,362,914,761,704,198,889,453,926,767,917,928,854,263,392,1009,463,671,268,536,857,284,358,779,946,61,38,48,32,71,74,81,78,72,53,26,100,49,43,95,31,19,77,93,35,51,35,56,21,12,49,30,85,43,40,51,37
[ 9233.922595] [AOA] Measurement: 0,1627136851.299462,08:55:31:9b:05:29,2,1,2,0,128,870,1017,673,257,964,1003,712,258,443,970,669,588,655,680,910,687,175,651,465,702,296,446,430,272,59,19,999,665,721,132,689,905,58,34,45,28,68,68,74,70,75,51,24,92,46,42,87,24,17,71,84,31,48,32,50,18,10,45,27,74,33,31,44,32
[ 9233.967174] [AOA] Measurement: 0,1627136851.344045,08:55:31:9b:05:29,2,1,2,0,128,426,235,826,698,994,28,649,244,350,943,739,634,194,932,538,1001,808,891,999,880,269,393,1000,497,617,238,554,898,286,380,934,888,57,37,46,30,68,72,78,72,71,52,24,94,46,42,91,27,18,72,87,31,48,32,52,20,12,47,28,77,36,35,46,35
[ 9234.011526] [AOA] Measurement: 0,1627136851.388397,08:55:31:9b:05:29,2,1,2,0,128,827,974,695,223,353,788,160,103,413,948,737,645,145,854,955,731,167,700,481,732,652,157,500,278,650,233,560,857,343,438,292,506,60,37,49,31,75,76,81,74,80,55,25,101,49,46,97,28,20,76,92,33,51,35,54,19,11,48,30,81,34,31,48,34
[ 9234.061775] [AOA] Measurement: 0,1627136851.438645,08:55:31:9b:05:29,2,1,2,0,128,804,915,723,209,348,785,171,64,422,976,760,666,219,926,951,703,166,704,475,720,686,169,450,244,161,82,611,935,323,405,963,133,56,34,47,30,71,72,77,70,76,51,24,92,48,42,90,26,18,74,84,31,47,33,51,17,10,43,27,76,34,30,44,31
[ 9234.100760] [AOA] Measurement: 0,1627136851.477627,08:55:31:9b:05:29,2,1,2,0,128,313,99,648,235,354,775,97,24,882,783,153,426,207,914,506,964,760,879,1011,893,191,374,450,267,74,53,547,872,325,407,876,0,62,40,49,32,71,76,83,79,75,55,27,101,50,42,93,32,19,78,92,34,53,35,57,19,14,50,30,85,41,39,52,37
[ 9234.143244] [AOA] Measurement: 0,1627136851.520111,08:55:31:9b:05:29,2,1,2,0,128,872,7,247,426,917,1004,612,233,390,926,199,436,687,768,427,925,726,883,1,889,729,179,401,254,47,28,62,727,687,166,305,573,57,35,47,30,69,72,75,69,77,52,24,96,48,44,90,25,17,72,85,31,48,32,52,19,10,45,29,77,34,32,45,33
[ 9234.189546] [AOA] Measurement: 0,1627136851.566416,08:55:31:9b:05:29,2,1,2,0,128,362,164,172,401,947,996,662,223,838,723,302,549,152,898,516,970,755,894,984,869,652,161,422,248,116,60,591,888,721,122,926,216,63,39,50,32,76,76,82,76,80,56,26,99,51,46,98,29,20,76,92,35,53,36,56,18,12,47,30,84,39,36,48,36
[ 9234.227456] [AOA] Measurement: 0,1627136851.604327,08:55:31:9b:05:29,2,1,2,0,128,375,177,235,445,968,1001,81,20,822,709,214,478,179,902,930,680,213,661,467,709,700,164,403,223,80,18,38,717,768,188,143,508,58,33,47,28,71,72,70,70,77,50,24,93,47,44,88,20,18,69,77,29,46,32,48,17,8,41,25,71,25,24,37,26
[ 9234.266596] [AOA] Measurement: 0,1627136851.643464,08:55:31:9b:05:29,2,1,2,0,128,815,983,718,259,356,800,138,85,832,703,286,509,151,855,485,910,756,883,1010,942,171,325,436,265,657,261,577,888,710,112,798,252,63,37,50,33,75,78,82,79,80,55,27,102,50,45,96,29,19,78,93,33,52,35,54,19,11,49,29,82,37,36,49,36
[ 9234.310128] [AOA] Measurement: 0,1627136851.686995,08:55:31:9b:05:29,2,1,2,0,128,315,146,678,233,933,997,759,335,385,961,778,684,138,874,542,985,654,850,411,640,742,190,971,456,647,222,533,907,753,137,365,684,62,39,48,33,70,73,82,78,72,55,26,97,49,41,91,32,17,73,92,35,52,35,55,19,15,49,28,84,44,39,50,40
[ 9234.353391] [AOA] Measurement: 0,1627136851.730260,08:55:31:9b:05:29,2,1,2,0,128,309,164,650,238,421,838,151,95,327,886,209,451,632,722,473,906,665,878,37,951,179,372,985,454,582,221,542,901,249,322,826,26,62,38,49,33,75,78,83,77,81,57,25,100,50,45,98,27,20,78,89,34,52,34,53,20,11,47,30,80,36,34,47,34
[ 9234.402950] [AOA] Measurement: 0,1627136851.779818,08:55:31:9b:05:29,2,1,2,0,128,319,123,235,427,308,737,95,0,832,686,215,448,673,749,896,717,141,686,459,700,691,191,409,249,75,28,75,741,292,392,451,671,58,35,46,30,70,71,79,72,74,52,25,96,48,42,89,29,17,73,87,33,49,33,52,20,12,47,28,82,41,37,49,38
[ 9234.451066] [AOA] Measurement: 0,1627136851.827937,08:55:31:9b:05:29,2,1,2,0,128,764,963,634,195,360,755,80,31,843,748,189,455,664,703,941,722,136,639,375,627,764,188,441,265,54,1011,984,649,755,153,150,567,63,39,49,33,74,78,83,79,76,55,26,100,49,43,96,30,18,77,93,34,53,36,56,20,13,50,30,86,40,39,51,39
[ 9234.493856] [AOA] Measurement: 0,1627136851.870727,08:55:31:9b:05:29,2,1,2,0,128,358,143,158,400,343,751,156,69,389,891,192,472,641,672,953,732,749,866,439,689,244,391,1019,470,625,247,580,919,236,327,452,648,61,36,49,31,74,77,81,76,82,54,25,99,50,45,95,25,19,74,89,33,50,34,54,20,11,48,29,80,36,33,47,33
[ 9234.532394] [AOA] Measurement: 0,1627136851.909265,08:55:31:9b:05:29,2,1,2,0,128,390,170,154,409,329,816,147,69,820,714,177,425,659,733,443,915,125,646,465,724,765,215,1007,495,628,247,532,913,245,329,346,568,59,36,47,31,73,74,82,76,79,54,25,101,51,45,94,26,18,75,89,32,51,35,53,18,11,48,28,80,33,31,44,32
[ 9234.574898] [AOA] Measurement: 0,1627136851.951766,08:55:31:9b:05:29,2,1,2,0,128,396,175,172,406,901,982,62,61,836,712,214,475,159,902,496,933,723,894,994,880,247,413,373,207,76,17,42,704,746,146,705,896,58,36,47,30,68,70,76,72,72,52,25,94,47,41,88,26,16,70,83,31,47,32,50,18,10,44,27,74,34,30,44,31
[ 9234.626352] [AOA] Measurement: 0,1627136852.003222,08:55:31:9b:05:29,2,1,2,0,128,369,169,200,424,974,33,734,312,352,959,729,652,164,879,945,734,170,664,462,691,778,225,19,524,584,241,556,929,304,388,458,602,61,36,49,30,73,74,81,76,79,55,26,100,50,45,95,27,19,77,90,33,51,35,52,19,11,47,29,80,34,32,47,34
[ 9234.665679] [AOA] Measurement: 0,1627136852.042549,08:55:31:9b:05:29,2,1,2,0,128,453,227,238,423,960,21,635,219,335,914,219,482,659,695,987,759,747,881,1001,897,261,403,1010,499,626,241,565,912,248,335,445,619,64,37,50,33,76,79,83,78,82,56,27,103,52,46,98,28,20,76,90,33,52,36,56,20,13,50,30,85,39,37,50,37
[ 9234.704070] [AOA] Measurement: 0,1627136852.080940,08:55:31:9b:05:29,2,1,2,0,128,340,136,679,245,380,806,742,278,383,922,803,699,97,859,484,955,698,873,1004,887,213,366,985,445,649,229,528,882,275,368,153,350,59,36,46,28,68,71,79,72,75,53,25,96,48,43,91,28,18,72,85,32,48,34,51,19,11,46,27,77,37,35,47,35
[ 9234.747672] [AOA] Measurement: 0,1627136852.124543,08:55:31:9b:05:29,2,1,2,0,128,837,987,669,217,398,830,694,265,323,885,223,486,635,701,948,741,182,656,445,677,719,190,985,459,69,41,16,699,723,159,488,710,64,40,50,32,74,76,83,78,79,58,27,102,51,45,98,31,18,78,94,34,53,37,55,19,11,48,29,85,39,38,51,37
[ 9234.785637] [AOA] Measurement: 0,1627136852.162507,08:55:31:9b:05:29,2,1,2,0,128,298,110,687,226,436,846,138,92,356,910,193,452,649,698,916,703,744,851,0,888,296,425,1023,509,667,297,537,900,202,340,478,708,58,34,46,31,67,71,77,70,73,52,24,94,48,42,91,27,18,72,86,31,49,33,52,19,12,45,28,79,37,35,48,37
[ 9234.828117] [AOA] Measurement: 0,1627136852.204979,08:55:31:9b:05:29,2,1,2,0,128,409,220,216,426,909,2,731,320,408,995,756,665,206,910,476,941,675,827,406,671,263,370,990,466,664,276,555,944,273,353,38,120,59,36,46,31,67,69,78,72,72,53,26,98,47,43,90,28,17,72,87,32,49,34,51,19,11,47,28,77,38,34,47,37
[ 9234.866057] [AOA] Measurement: 0,1627136852.242928,08:55:31:9b:05:29,2,1,2,0,128,329,122,240,463,966,18,707,288,395,939,759,687,125,875,526,961,703,878,959,856,293,394,939,446,697,265,523,881,257,374,359,481,60,37,49,32,73,73,84,78,79,55,26,102,51,45,98,29,20,78,92,34,51,34,55,21,12,49,30,83,39,38,50,37
[ 9234.908753] [AOA] Measurement: 0,1627136852.285621,08:55:31:9b:05:29,2,1,2,0,128,343,181,206,455,947,6,761,314,481,11,697,634,646,694,937,727,217,697,502,730,225,374,972,477,705,248,600,959,267,353,505,619,62,38,51,33,76,77,84,78,79,56,25,102,51,45,98,28,18,78,92,34,51,35,56,21,11,49,30,81,37,35,47,34
[ 9234.946952] [AOA] Measurement: 0,1627136852.323823,08:55:31:9b:05:29,2,1,2,0,128,323,154,189,427,918,1004,707,261,781,686,194,427,662,697,919,734,129,667,1010,853,243,413,966,474,586,228,533,892,304,392,345,428,62,39,49,33,72,75,83,80,74,55,26,101,49,42,95,30,19,75,93,34,51,34,55,20,13,50,29,85,42,39,50,39
[ 9234.991994] [AOA] Measurement: 0,1627136852.368865,08:55:31:9b:05:29,2,1,2,0,128,275,105,666,205,368,791,146,81,865,764,193,457,633,684,483,940,700,837,13,897,255,381,952,426,56,8,981,669,686,140,122,468,58,35,46,28,69,71,78,71,76,52,24,92,46,42,88,26,18,71,82,29,47,33,51,18,9,46,28,76,34,32,44,33
[ 9235.029668] [AOA] Measurement: 0,1627136852.406539,08:55:31:9b:05:29,2,1,2,0,128,859,969,733,255,914,955,150,93,890,753,785,695,179,890,454,906,756,890,991,876,288,435,942,440,598,203,541,896,262,330,443,657,62,40,49,33,75,75,85,76,77,56,26,100,51,44,94,29,21,78,94,34,52,36,56,20,13,50,30,86,39,37,50,37
[ 9235.068123] [AOA] Measurement: 0,1627136852.444993,08:55:31:9b:05:29,2,1,2,0,128,364,178,209,443,944,1019,660,218,399,954,847,749,190,856,520,944,690,806,26,922,711,179,1020,465,719,306,587,943,272,375,716,913,62,36,50,33,75,77,81,75,77,54,25,102,50,45,96,28,19,77,88,34,50,36,54,19,11,46,28,77,34,33,47,33
[ 9235.106334] [AOA] Measurement: 0,1627136852.483205,08:55:31:9b:05:29,2,1,2,0,128,379,179,145,406,936,1003,92,38,847,746,164,420,641,727,491,924,133,643,420,662,736,188,436,293,85,52,1008,659,715,141,624,857,64,38,49,33,76,78,84,76,79,56,26,99,49,45,98,29,18,79,91,33,52,35,56,19,12,49,29,82,36,34,46,34
[ 9235.149329] [AOA] Measurement: 0,1627136852.526201,08:55:31:9b:05:29,2,1,2,0,128,358,166,637,221,427,855,129,59,832,757,185,484,206,931,480,918,770,924,1003,882,225,393,930,451,97,55,544,882,183,308,778,13,62,37,50,33,74,77,85,77,77,55,25,103,51,44,99,31,20,79,94,35,53,36,57,20,13,50,31,83,41,38,52,39
[ 9235.188240] [AOA] Measurement: 0,1627136852.565109,08:55:31:9b:05:29,2,1,2,0,128,840,958,708,299,957,1006,703,285,818,730,188,484,611,666,933,753,733,882,958,867,748,235,29,509,625,201,566,879,229,335,580,928,63,38,50,32,75,74,85,79,80,55,27,101,51,44,98,29,19,77,90,33,51,34,55,19,12,47,29,86,37,35,49,36
[ 9235.234926] [AOA] Measurement: 0,1627136852.611791,08:55:31:9b:05:29,2,1,2,0,128,884,3,198,416,948,1005,66,22,859,785,185,469,643,662,919,668,190,651,376,647,743,194,387,222,119,48,3,662,745,148,27,318,57,37,45,30,66,67,76,73,68,51,24,92,45,39,86,29,17,69,86,31,48,31,52,17,13,47,27,80,41,37,47,36
[ 9235.273139] [AOA] Measurement: 0,1627136852.650011,08:55:31:9b:05:29,2,1,2,0,128,360,191,232,483,947,1007,647,240,352,887,705,650,151,858,904,725,191,712,982,875,718,221,1004,467,652,246,587,925,222,321,690,908,58,36,46,29,69,70,76,71,73,52,24,95,47,42,87,26,19,72,86,32,48,33,53,18,12,46,28,77,36,34,46,34
[ 9235.314627] [AOA] Measurement: 0,1627136852.691493,08:55:31:9b:05:29,2,1,2,0,128,851,994,669,218,373,801,130,23,846,739,236,496,590,676,966,776,142,653,419,662,741,232,1019,473,588,219,540,864,218,325,390,674,61,39,50,31,72,75,83,77,77,55,26,101,51,44,97,30,19,76,92,34,52,35,53,19,13,49,31,84,40,37,50,37
[ 9235.360356] [AOA] Measurement: 0,1627136852.737229,08:55:31:9b:05:29,2,1,2,0,128,860,995,686,257,986,19,704,285,399,946,704,664,160,860,919,740,732,878,392,693,713,167,437,253,87,32,620,923,255,395,361,506,62,37,48,31,72,75,84,77,77,55,25,101,50,44,93,29,17,74,91,34,52,35,54,20,11,50,29,83,41,36,50,37
[ 9235.405635] [AOA] Measurement: 0,1627136852.782507,08:55:31:9b:05:29,2,1,2,0,128,304,129,247,439,891,945,152,107,312,843,195,442,676,720,969,707,152,660,464,696,681,178,449,263,146,69,541,857,765,200,798,988,62,38,49,33,72,76,84,78,82,55,25,99,49,46,94,28,18,76,89,34,52,35,53,20,10,48,30,83,35,33,48,35
[ 9235.455236] [AOA] Measurement: 0,1627136852.832102,08:55:31:9b:05:29,2,1,2,0,128,801,983,660,219,356,782,152,63,359,959,701,600,630,726,942,729,742,896,984,884,236,377,395,208,55,26,1021,652,721,134,941,226,60,36,49,32,74,76,83,76,81,56,27,102,50,45,97,28,19,75,89,33,51,35,55,20,11,48,29,83,35,35,48,35
[ 9235.504952] [AOA] Measurement: 0,1627136852.881817,08:55:31:9b:05:29,2,1,2,0,128,350,131,200,407,994,16,625,222,803,704,200,446,606,689,488,924,761,875,1004,876,262,389,962,445,677,268,499,865,286,389,528,732,62,37,49,32,77,76,83,77,82,55,26,103,51,47,98,27,20,78,89,35,53,36,54,19,11,47,29,82,37,33,49,36
[ 9235.548901] [AOA] Measurement: 0,1627136852.925767,08:55:31:9b:05:29,2,1,2,0,128,839,989,692,229,957,32,666,266,369,942,742,673,223,921,446,891,718,830,981,836,750,223,1021,523,629,234,629,961,259,347,169,347,58,34,44,30,66,68,76,71,68,50,25,92,46,39,87,29,18,71,86,32,49,33,50,18,11,47,27,80,39,37,48,37
[ 9235.591735] [AOA] Measurement: 0,1627136852.968601,08:55:31:9b:05:29,2,1,2,0,128,399,196,168,408,332,745,104,52,886,742,163,458,631,717,512,923,141,640,381,642,743,227,425,262,625,227,522,871,256,342,893,77,61,37,49,31,75,75,81,76,79,55,25,98,50,45,95,28,20,78,88,33,49,34,55,17,11,49,29,82,37,34,47,35
[ 9235.640309] [AOA] Measurement: 0,1627136853.017181,08:55:31:9b:05:29,2,1,2,0,128,354,152,613,190,360,814,99,26,777,708,214,483,642,694,973,754,151,644,996,907,245,428,973,465,651,247,636,921,266,341,544,747,62,38,49,33,71,76,84,77,77,56,26,102,50,44,98,32,19,78,94,35,54,36,55,20,13,49,29,84,41,40,51,39
[ 9235.679813] [AOA] Measurement: 0,1627136853.056685,08:55:31:9b:05:29,2,1,2,0,128,442,203,177,428,967,1013,736,272,366,933,792,695,194,921,479,951,726,868,999,836,305,430,1001,491,649,264,551,863,338,385,838,1009,61,39,48,32,71,74,82,77,73,55,27,100,50,44,95,31,18,77,92,35,51,35,55,20,14,50,29,86,41,37,50,38
[ 9235.718696] [AOA] Measurement: 0,1627136853.095561,08:55:31:9b:05:29,2,1,2,0,128,815,1012,170,395,922,1001,660,275,372,939,167,425,631,641,953,680,186,685,458,710,751,183,6,450,637,216,587,893,625,78,256,635,58,34,46,29,70,73,77,71,75,53,24,95,47,42,90,27,17,72,83,31,48,33,53,18,11,46,28,77,36,34,46,35
[ 9235.761833] [AOA] Measurement: 0,1627136853.138699,08:55:31:9b:05:29,2,1,2,0,128,417,175,160,401,388,823,125,96,311,900,163,452,194,920,469,910,773,897,949,840,702,188,986,436,113,64,538,913,275,331,678,869,61,37,50,32,76,78,83,77,81,55,24,99,49,45,96,27,18,75,90,33,50,34,52,20,10,46,28,80,35,32,45,33
[ 9235.809150] [AOA] Measurement: 0,1627136853.186023,08:55:31:9b:05:29,2,1,2,0,128,403,222,224,447,905,980,665,268,407,988,727,627,639,703,510,902,753,907,1008,869,652,121,447,241,102,56,76,720,736,174,118,462,62,38,49,32,74,76,83,79,78,56,27,102,50,45,98,29,19,77,93,34,51,36,54,20,13,49,29,85,40,38,51,37
[ 9235.847420] [AOA] Measurement: 0,1627136853.224293,08:55:31:9b:05:29,2,1,2,0,128,847,996,234,432,930,989,720,281,379,972,729,635,192,931,450,884,121,637,419,701,702,185,403,190,85,20,58,727,700,121,785,282,57,35,45,29,69,71,76,72,73,51,23,94,47,44,87,26,16,71,83,30,48,32,51,18,10,44,27,77,34,32,45,33
[ 9235.894434] [AOA] Measurement: 0,1627136853.271300,08:55:31:9b:05:29,2,1,2,0,128,317,117,273,438,894,994,653,243,815,700,222,466,620,684,29,777,810,931,975,859,304,401,1002,469,651,235,31,716,730,151,23,322,62,38,48,32,74,75,83,78,77,54,25,101,50,45,95,30,18,76,95,35,53,36,55,19,14,50,30,84,40,39,48,37
[ 9235.939808] [AOA] Measurement: 0,1627136853.316681,08:55:31:9b:05:29,2,1,2,0,128,393,163,237,422,939,965,800,345,367,927,797,716,211,892,496,932,687,835,997,847,251,400,955,448,582,195,595,862,274,352,319,359,62,39,50,32,74,77,81,77,75,54,25,102,50,45,97,29,19,77,91,35,49,34,55,20,12,48,30,85,39,37,50,37
[ 9235.986461] [AOA] Measurement: 0,1627136853.363333,08:55:31:9b:05:29,2,1,2,0,128,361,145,218,431,931,1007,604,226,336,945,683,643,139,876,934,738,120,656,474,719,705,187,435,296,567,207,572,927,214,296,830,1012,61,37,49,34,73,76,84,77,80,56,26,104,52,46,97,28,20,78,91,33,51,36,54,19,12,50,29,84,37,35,48,35
[ 9236.030273] [AOA] Measurement: 0,1627136853.407139,08:55:31:9b:05:29,2,1,2,0,128,404,196,273,503,931,1014,682,304,352,923,691,643,615,707,460,945,690,839,992,891,189,389,419,241,57,38,967,673,766,166,147,383,61,37,47,31,73,75,82,75,76,56,26,100,48,44,96,28,20,78,92,33,50,34,54,19,12,47,29,81,37,34,47,34
[ 9236.073545] [AOA] Measurement: 0,1627136853.450411,08:55:31:9b:05:29,2,1,2,0,128,375,184,180,420,895,960,140,74,877,767,215,496,683,740,511,958,772,859,1007,904,341,486,964,442,613,218,545,873,703,145,952,200,63,36,51,33,77,78,83,77,80,57,27,101,51,46,96,30,18,78,91,35,52,35,55,21,12,50,30,86,41,37,50,38
[ 9236.123419] [AOA] Measurement: 0,1627136853.500286,08:55:31:9b:05:29,2,1,2,0,128,830,957,648,210,385,811,115,30,882,760,172,488,664,734,949,721,135,650,471,715,288,357,937,416,75,34,37,686,668,115,144,423,57,34,45,30,67,69,77,70,74,52,25,94,46,42,90,25,17,70,82,30,47,32,49,17,9,44,27,74,32,31,43,33
[ 9236.167826] [AOA] Measurement: 0,1627136853.544697,08:55:31:9b:05:29,2,1,2,0,128,809,996,631,206,368,777,124,38,811,707,228,468,202,941,506,951,710,880,979,888,232,360,436,282,60,12,33,714,717,152,272,509,62,39,50,33,72,76,84,79,74,54,25,100,48,43,94,31,18,75,94,35,52,35,56,21,15,51,29,87,43,41,51,40
[ 9236.212201] [AOA] Measurement: 0,1627136853.589070,08:55:31:9b:05:29,2,1,2,0,128,452,198,196,450,946,973,678,222,838,729,819,682,189,917,480,924,691,856,992,923,238,373,376,196,115,39,974,706,717,159,94,452,57,33,46,29,69,72,76,70,75,53,23,95,48,42,90,25,19,70,84,31,46,33,49,17,10,44,28,76,32,31,44,32
[ 9236.260695] [AOA] Measurement: 0,1627136853.637568,08:55:31:9b:05:29,2,1,2,0,128,339,144,218,417,949,974,659,265,349,942,190,446,183,917,529,944,704,861,1023,891,280,407,1020,465,624,208,548,898,304,381,218,441,59,34,47,30,71,70,78,73,74,53,25,95,48,42,92,28,18,74,87,33,48,33,52,19,11,46,27,79,36,35,46,35
[ 9236.299029] [AOA] Measurement: 0,1627136853.675902,08:55:31:9b:05:29,2,1,2,0,128,400,185,225,463,910,981,677,281,373,953,687,602,626,648,934,722,233,713,974,876,323,453,972,479,610,228,501,866,745,136,986,202,59,37,46,31,68,71,78,73,71,53,25,95,47,42,88,29,18,73,87,33,50,33,53,19,12,47,27,79,39,36,47,36
[ 9236.337404] [AOA] Measurement: 0,1627136853.714276,08:55:31:9b:05:29,2,1,2,0,128,812,993,676,239,909,994,105,66,389,938,807,718,134,877,494,901,745,858,1012,917,224,387,973,430,26,6,1002,670,778,189,413,648,60,37,46,31,68,73,78,73,73,51,23,93,48,41,91,27,18,71,87,32,48,34,52,19,12,46,28,80,37,35,47,35
[ 9236.381687] [AOA] Measurement: 0,1627136853.758552,08:55:31:9b:05:29,2,1,2,0,128,786,968,679,236,946,1019,669,255,830,734,172,460,655,704,926,738,190,685,420,680,798,246,1021,474,664,283,629,935,311,410,815,995,59,36,46,29,69,71,79,74,72,51,25,96,45,41,88,29,18,70,86,33,50,33,51,19,12,48,28,80,38,36,46,35
[ 9236.429629] [AOA] Measurement: 0,1627136853.806502,08:55:31:9b:05:29,2,1,2,0,128,406,212,211,445,967,18,705,279,372,944,717,612,681,750,947,759,132,616,414,659,678,147,386,212,146,37,556,932,303,402,474,645,64,39,50,33,72,76,84,78,78,56,27,101,51,45,95,28,19,75,93,35,54,36,57,21,13,49,29,85,40,37,50,37
[ 9236.467467] [AOA] Measurement: 0,1627136853.844340,08:55:31:9b:05:29,2,1,2,0,128,302,135,240,461,878,976,710,283,329,926,711,640,153,911,506,923,705,876,926,840,338,440,1009,458,634,254,596,919,295,370,369,479,60,36,46,31,71,72,78,73,74,51,25,95,47,42,91,28,19,72,89,33,50,33,52,18,11,47,28,81,36,35,48,36
[ 9236.514280] [AOA] Measurement: 0,1627136853.891146,08:55:31:9b:05:29,2,1,2,0,128,834,979,248,439,983,1002,748,290,390,921,775,628,237,984,470,934,781,912,951,839,258,376,950,450,683,247,498,819,728,143,245,698,58,35,46,31,71,73,78,71,75,53,25,94,48,42,89,27,18,73,88,33,49,33,52,19,11,46,28,79,36,33,46,34
[ 9236.559936] [AOA] Measurement: 0,1627136853.936808,08:55:31:9b:05:29,2,1,2,0,128,812,959,682,228,425,851,680,270,365,946,771,676,146,903,935,718,154,653,979,896,249,375,1000,416,668,288,580,946,240,348,16,224,62,38,50,33,74,76,83,78,78,56,26,102,50,45,96,30,18,77,93,35,50,33,57,20,14,49,29,87,41,40,52,40
[ 9236.600834] [AOA] Measurement: 0,1627136853.977704,08:55:31:9b:05:29,2,1,2,0,128,355,153,151,431,901,978,153,61,476,1000,754,696,183,927,409,886,709,852,418,678,695,174,991,464,646,266,535,872,258,324,757,15,61,39,49,32,75,77,83,75,81,56,26,100,51,45,96,27,19,77,89,34,52,35,56,19,10,50,29,82,35,33,45,34
[ 9236.645084] [AOA] Measurement: 0,1627136854.021957,08:55:31:9b:05:29,2,1,2,0,128,346,164,688,242,921,1014,662,250,350,940,771,669,163,888,512,966,786,946,11,912,252,397,896,443,56,63,547,916,258,386,833,26,57,34,46,30,70,70,74,70,75,52,25,93,47,41,89,25,17,71,81,31,49,33,50,17,11,43,27,77,34,31,43,31
[ 9236.696084] [AOA] Measurement: 0,1627136854.072956,08:55:31:9b:05:29,2,1,2,0,128,377,176,208,434,947,1017,736,319,367,943,769,697,157,892,435,923,698,852,16,924,326,426,1006,502,564,198,519,881,159,315,972,90,61,37,49,31,76,77,84,79,80,56,26,103,50,45,96,28,18,75,89,35,51,36,54,20,11,49,30,84,36,34,47,36
[ 9236.739822] [AOA] Measurement: 0,1627136854.116695,08:55:31:9b:05:29,2,1,2,0,128,400,203,266,434,952,999,645,178,915,790,183,439,664,690,523,940,728,851,993,852,323,389,1012,462,655,255,560,906,315,402,805,914,62,39,49,33,75,75,84,79,81,57,25,104,52,46,95,29,20,77,92,36,52,36,56,20,11,50,29,83,38,35,48,38
[ 9236.779228] [AOA] Measurement: 0,1627136854.156094,08:55:31:9b:05:29,2,1,2,0,128,769,942,614,171,363,763,114,57,804,704,234,446,653,700,947,733,173,676,1007,904,709,171,940,399,107,39,550,897,723,163,148,420,56,34,44,28,63,67,76,72,68,50,24,94,45,40,88,29,17,69,84,31,48,31,50,17,12,46,27,77,38,36,48,36
[ 9236.822209] [AOA] Measurement: 0,1627136854.199075,08:55:31:9b:05:29,2,1,2,0,128,794,966,746,275,437,828,118,80,410,974,684,590,612,688,928,743,136,677,429,684,683,141,390,217,136,72,54,748,749,139,295,659,61,38,48,33,74,76,84,77,76,56,25,101,50,43,97,30,19,76,92,35,52,36,55,20,12,48,29,84,40,36,49,37
[ 9236.868811] [AOA] Measurement: 0,1627136854.245684,08:55:31:9b:05:29,2,1,2,0,128,872,7,678,245,432,833,679,288,343,909,730,652,168,914,405,878,196,669,429,644,619,122,388,203,76,26,1006,666,753,157,527,863,58,36,47,30,71,70,77,71,73,52,25,94,48,43,91,29,18,74,88,32,50,33,51,18,11,46,28,79,39,36,47,35
[ 9236.912375] [AOA] Measurement: 0,1627136854.289246,08:55:31:9b:05:29,2,1,2,0,128,397,172,237,425,961,986,669,214,430,962,793,694,238,949,462,932,749,905,1005,892,239,400,20,496,657,294,634,930,321,410,336,472,59,36,46,31,70,71,78,73,74,52,24,95,48,40,90,28,18,73,88,32,50,33,51,18,13,47,27,81,40,38,48,35
[ 9236.954096] [AOA] Measurement: 0,1627136854.330962,08:55:31:9b:05:29,2,1,2,0,128,823,983,751,253,402,845,144,59,394,973,771,701,234,980,459,899,718,872,933,828,700,161,451,231,107,14,8,690,787,218,0,141,63,40,48,33,74,75,84,78,75,55,26,100,50,43,96,31,20,78,93,35,50,35,55,20,14,51,30,86,42,40,51,38
[ 9236.998052] [AOA] Measurement: 0,1627136854.374916,08:55:31:9b:05:29,2,1,2,0,128,323,142,176,393,386,805,697,288,400,965,756,693,198,894,461,916,751,896,992,892,639,158,1005,463,38,1001,11,672,269,370,948,91,62,37,49,32,74,75,83,77,79,55,26,101,50,44,96,27,20,78,91,34,51,34,54,19,12,48,29,82,36,34,48,36
[ 9237.042049] [AOA] Measurement: 0,1627136854.418921,08:55:31:9b:05:29,2,1,2,0,128,355,165,645,185,423,818,135,108,862,728,229,487,656,713,528,951,733,892,900,802,735,208,946,434,591,171,996,668,724,158,549,873,62,38,48,31,70,72,83,77,73,54,26,99,50,42,94,31,19,74,91,34,51,35,55,18,14,49,29,85,42,40,50,39
[ 9237.093481] [AOA] Measurement: 0,1627136854.470348,08:55:31:9b:05:29,2,1,2,0,128,348,147,682,228,388,811,754,337,398,944,748,642,145,864,496,947,744,895,20,912,271,422,951,452,592,228,1008,703,734,147,41,383,58,36,46,31,70,71,77,73,74,52,24,96,47,41,90,30,17,73,89,32,50,33,53,18,12,46,28,81,39,36,48,36
[ 9237.147547] [AOA] Measurement: 0,1627136854.524420,08:55:31:9b:05:29,2,1,2,0,128,801,970,636,209,405,813,124,75,882,764,743,646,614,672,941,742,185,654,396,653,785,213,985,427,717,293,572,902,270,372,307,512,56,35,45,30,65,67,74,70,65,48,23,89,43,36,84,29,16,66,83,31,45,30,48,18,14,43,26,74,40,38,46,36
[ 9237.191845] [AOA] Measurement: 0,1627136854.568716,08:55:31:9b:05:29,2,1,2,0,128,310,133,246,445,367,784,75,1021,815,729,193,459,650,725,951,741,695,839,458,691,743,192,441,276,715,236,576,860,267,374,530,834,55,37,45,31,64,66,75,69,64,50,23,90,42,36,83,30,16,68,85,32,46,31,50,17,13,45,25,77,41,37,46,36
[ 9237.242338] [AOA] Measurement: 0,1627136854.619203,08:55:31:9b:05:29,2,1,2,0,128,340,129,663,208,402,809,138,56,877,767,746,661,236,900,452,975,708,843,993,917,221,368,1007,475,631,250,608,947,178,303,618,896,62,40,51,33,75,77,84,80,79,57,27,103,50,46,96,30,19,78,93,34,53,35,56,21,15,51,30,84,42,41,51,39
[ 9237.292568] [AOA] Measurement: 0,1627136854.669433,08:55:31:9b:05:29,2,1,2,0,128,338,171,153,398,376,789,128,81,355,901,229,488,187,916,486,960,758,895,24,939,224,405,983,477,636,229,512,864,250,359,557,805,65,37,49,31,73,77,83,80,80,57,27,105,50,47,99,30,19,79,93,35,53,35,55,19,13,49,30,85,40,36,49,37
[ 9237.336834] [AOA] Measurement: 0,1627136854.713706,08:55:31:9b:05:29,2,1,2,0,128,396,181,205,438,937,1005,679,246,400,927,836,701,173,883,994,724,197,708,970,869,217,358,459,261,656,224,1003,672,713,134,842,235,63,40,50,32,74,76,84,78,78,57,26,101,50,45,97,31,18,79,93,35,52,35,57,20,14,50,30,85,41,39,51,38
[ 9237.380827] [AOA] Measurement: 0,1627136854.757700,08:55:31:9b:05:29,2,1,2,0,128,825,982,607,175,405,810,144,81,316,903,696,591,650,696,943,687,186,656,481,724,783,257,979,419,89,54,1022,694,691,128,839,322,62,39,50,33,72,74,83,78,75,56,26,101,50,42,95,31,19,77,92,33,52,35,56,20,13,50,29,86,44,40,50,40
[ 9237.424603] [AOA] Measurement: 0,1627136854.801475,08:55:31:9b:05:29,2,1,2,0,128,883,1010,216,425,362,824,172,102,350,893,151,433,757,785,889,690,239,682,426,659,249,401,962,463,580,205,1020,686,735,120,359,730,61,40,49,33,72,75,85,79,74,55,27,103,50,43,94,31,18,75,93,34,52,35,55,21,14,52,30,86,43,41,52,40
[ 9237.476138] [AOA] Measurement: 0,1627136854.853010,08:55:31:9b:05:29,2,1,2,0,128,859,1004,696,249,401,849,116,74,863,745,233,480,628,730,477,916,751,881,421,668,284,405,2,460,655,207,18,682,697,116,683,74,62,40,48,33,72,72,83,78,72,55,26,98,48,42,91,31,18,74,91,34,51,34,54,20,14,50,28,83,46,40,51,40
[ 9237.522438] [AOA] Measurement: 0,1627136854.899310,08:55:31:9b:05:29,2,1,2,0,128,868,1001,159,395,369,810,137,63,865,740,234,449,656,718,958,704,218,687,45,933,251,386,980,454,649,235,489,884,352,424,193,480,61,39,49,32,71,74,82,77,72,55,26,100,49,43,93,32,17,76,93,34,51,35,56,20,13,49,30,86,43,40,51,41
[ 9237.568891] [AOA] Measurement: 0,1627136854.945756,08:55:31:9b:05:29,2,1,2,0,128,342,153,165,427,910,1006,54,30,892,762,777,674,134,847,473,951,750,889,1002,894,289,397,1004,491,626,232,542,888,697,127,617,67,57,35,47,29,70,71,78,71,76,53,24,94,48,43,91,25,19,71,81,30,46,32,50,18,10,43,26,73,31,29,42,31
[ 9237.608465] [AOA] Measurement: 0,1627136854.985336,08:55:31:9b:05:29,2,1,2,0,128,867,977,708,187,362,799,142,71,773,710,210,457,651,704,926,691,181,675,400,630,714,186,467,244,81,2,48,711,696,139,1000,275,59,36,46,31,69,71,78,73,72,52,25,94,46,40,90,29,19,73,88,32,49,33,52,19,11,47,28,81,37,35,47,36
[ 9237.699485] [AOA] Measurement: 0,1627136855.076358,08:55:31:9b:05:29,2,1,2,0,128,331,171,647,232,349,795,150,80,842,733,172,428,623,671,967,762,720,858,966,883,284,403,376,212,87,21,624,888,260,355,791,1003,62,38,50,33,75,77,81,77,80,56,25,102,50,47,96,28,19,79,92,35,52,35,55,20,12,49,30,82,36,36,48,34
[ 9237.737682] [AOA] Measurement: 0,1627136855.114554,08:55:31:9b:05:29,2,1,2,0,128,359,176,212,410,968,0,692,296,371,957,714,640,137,887,480,917,141,645,383,660,748,225,396,229,61,4,69,741,724,130,67,438,62,39,49,32,74,76,83,78,76,55,25,100,51,44,98,30,20,76,95,34,50,35,55,19,14,50,29,85,43,39,53,40
[ 9237.780682] [AOA] Measurement: 0,1627136855.157548,08:55:31:9b:05:29,2,1,2,0,128,362,157,660,213,948,988,117,33,811,705,187,472,619,684,948,737,113,610,512,734,704,205,3,467,659,243,595,920,206,336,547,860,61,38,49,31,71,75,83,78,75,56,26,101,50,42,95,32,19,77,93,34,52,35,56,20,13,49,29,84,43,38,51,40
[ 9237.822586] [AOA] Measurement: 0,1627136855.199458,08:55:31:9b:05:29,2,1,2,0,128,370,195,192,421,933,1003,739,296,376,943,785,692,188,888,495,972,798,915,1007,883,239,361,982,449,582,194,568,892,239,322,270,462,60,39,47,32,72,74,81,73,74,54,26,101,50,42,92,28,19,75,93,34,50,34,56,19,13,50,30,82,40,37,50,38
[ 9237.866603] [AOA] Measurement: 0,1627136855.243476,08:55:31:9b:05:29,2,1,2,0,128,367,146,199,441,961,2,707,274,386,953,724,650,610,669,923,704,229,684,419,624,716,176,477,307,650,239,540,908,249,360,870,123,61,35,49,32,75,77,83,79,82,57,26,103,51,47,95,28,20,76,89,31,52,34,55,18,11,48,30,80,36,33,48,36
[ 9237.909818] [AOA] Measurement: 0,1627136855.286688,08:55:31:9b:05:29,2,1,2,0,128,859,1005,612,209,427,852,621,197,390,930,753,646,189,902,926,727,746,857,415,649,691,164,466,274,62,24,19,694,244,344,490,756,63,37,51,31,74,76,82,77,79,56,25,102,50,46,96,29,20,77,93,34,51,34,54,20,13,49,29,86,40,36,51,39
[ 9237.948874] [AOA] Measurement: 0,1627136855.325739,08:55:31:9b:05:29,2,1,2,0,128,372,152,160,406,949,1,667,255,396,952,770,695,237,946,583,1005,743,866,917,812,748,211,990,470,590,234,558,896,237,352,643,892,62,39,48,34,74,76,84,78,76,55,26,102,49,44,98,30,20,75,93,36,53,36,56,20,12,51,31,87,42,40,53,40
[ 9237.992149] [AOA] Measurement: 0,1627136855.369015,08:55:31:9b:05:29,2,1,2,0,128,362,176,224,443,1021,3,701,275,408,973,746,680,203,917,469,923,773,901,1004,900,181,343,417,284,640,222,552,877,253,339,687,913,57,37,46,31,68,69,77,73,72,52,24,95,48,41,88,29,17,71,83,30,47,32,51,18,12,46,27,79,37,35,47,35
[ 9238.042668] [AOA] Measurement: 0,1627136855.419534,08:55:31:9b:05:29,2,1,2,0,128,360,165,665,228,394,819,118,29,369,962,730,653,183,906,434,925,772,890,37,921,266,394,966,443,49,27,1006,712,706,141,83,354,62,39,50,33,75,77,83,78,78,56,26,102,50,44,98,30,19,77,92,34,50,34,56,21,13,48,30,86,40,38,49,38
[ 9238.087182] [AOA] Measurement: 0,1627136855.464053,08:55:31:9b:05:29,2,1,2,0,128,340,154,250,484,989,30,664,257,316,903,708,634,154,893,439,911,715,846,479,698,276,421,985,468,668,249,614,962,258,358,479,620,63,39,49,33,75,77,82,79,79,54,27,102,52,44,98,31,18,77,92,34,52,36,56,19,13,50,30,85,41,36,50,36
[ 9238.132131] [AOA] Measurement: 0,1627136855.509002,08:55:31:9b:05:29,2,1,2,0,128,838,943,167,413,994,10,639,233,413,945,741,656,208,923,530,993,733,861,62,943,272,423,1017,472,615,245,502,830,653,89,506,852,57,35,46,29,70,72,79,71,77,52,25,95,47,43,90,26,17,71,84,30,48,33,51,19,10,46,28,78,34,31,45,33
[ 9238.180327] [AOA] Measurement: 0,1627136855.557199,08:55:31:9b:05:29,2,1,2,0,128,367,159,643,168,345,788,115,62,817,713,149,446,625,695,942,711,183,647,436,680,735,187,442,253,90,38,1,686,740,171,862,183,61,39,49,32,72,72,83,77,72,54,26,100,48,42,95,31,19,75,92,33,50,33,57,18,13,50,28,85,43,41,51,37
[ 9238.218237] [AOA] Measurement: 0,1627136855.595107,08:55:31:9b:05:29,2,1,2,0,128,356,169,203,385,905,998,140,93,388,949,803,691,173,904,965,740,788,915,2,888,296,399,962,441,627,226,534,871,257,352,752,947,61,38,48,32,75,77,83,76,78,55,25,101,50,45,96,28,19,77,91,33,50,34,54,20,12,49,29,82,38,34,48,34
[ 9238.261135] [AOA] Measurement: 0,1627136855.638007,08:55:31:9b:05:29,2,1,2,0,128,819,990,699,288,324,753,112,57,442,953,728,643,633,688,938,756,705,862,977,871,262,380,945,422,594,243,548,893,653,121,76,335,58,36,47,29,71,73,79,72,77,53,25,95,48,42,91,27,19,74,86,31,50,33,52,18,11,47,28,79,37,34,47,35
[ 9238.299443] [AOA] Measurement: 0,1627136855.676309,08:55:31:9b:05:29,2,1,2,0,128,786,948,225,451,958,1009,682,258,395,948,761,684,176,936,468,899,733,872,1000,899,331,462,1007,503,584,199,512,840,346,436,296,515,63,39,50,33,74,77,84,78,78,56,27,103,50,45,96,31,18,78,94,35,53,36,56,21,13,49,28,84,40,39,51,37
[ 9238.343147] [AOA] Measurement: 0,1627136855.720012,08:55:31:9b:05:29,2,1,2,0,128,382,237,143,416,905,987,694,259,359,926,697,653,597,686,998,783,717,852,958,860,207,364,975,459,690,274,593,912,236,324,272,495,63,38,51,33,75,77,85,79,80,56,27,102,51,45,97,31,18,78,91,35,51,36,55,19,13,49,30,85,41,39,50,39
[ 9238.393649] [AOA] Measurement: 0,1627136855.770513,08:55:31:9b:05:29,2,1,2,0,128,375,219,218,464,960,18,623,227,787,694,175,437,627,704,976,730,161,659,504,715,290,403,963,456,613,224,544,878,284,392,836,124,58,35,45,29,70,71,79,73,72,51,25,94,48,41,90,28,18,72,87,32,49,32,52,18,12,47,28,79,36,35,45,35
[ 9238.435269] [AOA] Measurement: 0,1627136855.812134,08:55:31:9b:05:29,2,1,2,0,128,357,162,193,451,933,1008,687,267,345,909,727,633,162,917,503,960,726,888,909,850,714,217,445,260,595,196,602,935,277,350,557,904,62,38,49,33,74,76,84,76,82,56,26,103,52,46,96,28,19,76,89,32,53,34,56,20,11,49,30,85,37,35,49,36
[ 9238.473940] [AOA] Measurement: 0,1627136855.850812,08:55:31:9b:05:29,2,1,2,0,128,846,997,633,198,920,994,751,301,340,941,691,593,159,893,931,689,177,707,429,677,706,169,452,235,145,51,998,678,775,180,439,636,62,37,50,31,76,78,81,76,80,55,26,101,51,46,98,28,20,77,89,33,49,34,53,19,9,46,29,80,34,32,45,33
[ 9238.514601] [AOA] Measurement: 0,1627136855.891467,08:55:31:9b:05:29,2,1,2,0,128,333,142,239,445,934,1012,705,251,347,916,758,669,163,897,967,728,684,864,391,659,705,182,394,220,142,82,591,912,274,366,773,1017,62,40,51,33,73,78,84,77,77,56,26,101,50,44,97,32,20,78,94,34,52,36,56,20,14,51,29,87,42,40,51,40
[ 9238.557743] [AOA] Measurement: 0,1627136855.934609,08:55:31:9b:05:29,2,1,2,0,128,347,181,217,478,341,816,121,59,393,940,740,632,624,699,928,783,717,901,28,952,237,373,915,407,620,236,583,891,687,153,224,489,57,35,44,29,66,69,77,73,70,50,24,94,46,38,87,29,18,70,86,31,46,31,50,18,12,46,26,79,40,37,47,37
[ 9238.601011] [AOA] Measurement: 0,1627136855.977877,08:55:31:9b:05:29,2,1,2,0,128,370,141,226,424,949,1006,747,290,357,925,163,460,604,695,947,696,155,684,1004,896,316,420,39,501,658,222,986,641,687,107,1019,389,62,36,49,31,74,76,82,74,80,53,27,100,50,46,97,25,20,78,90,34,52,35,52,20,11,47,28,77,33,32,45,33
[ 9238.648868] [AOA] Measurement: 0,1627136856.025738,08:55:31:9b:05:29,2,1,2,0,128,774,955,642,191,946,1007,130,48,386,972,764,673,188,902,486,928,687,847,15,903,222,362,410,232,54,11,34,720,751,175,217,509,63,39,51,32,76,77,85,79,82,58,25,103,51,46,96,28,20,78,91,35,52,35,56,20,13,50,31,85,40,37,50,38
[ 9238.692840] [AOA] Measurement: 0,1627136856.069709,08:55:31:9b:05:29,2,1,2,0,128,337,160,688,234,960,12,631,235,351,887,747,670,160,905,532,979,684,856,953,848,237,379,1008,480,582,216,971,682,677,149,450,888,57,35,46,31,70,72,75,71,73,52,24,95,47,43,88,25,18,73,82,30,46,32,49,18,10,43,28,75,32,31,42,31
[ 9238.743845] [AOA] Measurement: 0,1627136856.120713,08:55:31:9b:05:29,2,1,2,0,128,824,947,675,200,392,803,168,70,814,748,163,412,665,715,891,653,137,641,429,644,606,114,402,192,69,30,973,672,755,175,726,17,59,34,49,30,74,76,76,73,81,53,25,95,47,44,91,21,19,72,84,32,48,33,51,17,9,44,26,72,28,27,42,30
[ 9238.799730] [AOA] Measurement: 0,1627136856.176596,08:55:31:9b:05:29,2,1,2,0,128,807,969,718,214,974,23,679,251,397,943,740,625,633,707,941,734,738,878,968,882,276,392,940,400,116,16,5,685,764,179,212,564,59,36,47,31,70,71,76,72,73,52,24,96,48,42,88,27,18,72,88,33,49,33,52,18,12,46,28,79,38,35,47,35
[ 9238.842667] [AOA] Measurement: 0,1627136856.219540,08:55:31:9b:05:29,2,1,2,0,128,342,169,664,210,354,816,116,92,854,762,766,659,214,935,451,936,674,839,413,644,738,200,392,209,124,46,13,690,723,169,969,256,63,38,51,32,73,76,84,78,73,56,25,102,49,43,96,31,18,77,95,37,52,36,57,21,13,49,30,86,43,40,51,40
[ 9238.887258] [AOA] Measurement: 0,1627136856.264132,08:55:31:9b:05:29,2,1,2,0,128,367,122,643,164,392,792,135,28,824,733,238,483,170,917,937,725,143,646,422,660,737,165,408,205,106,39,580,920,254,369,84,314,58,35,46,30,68,71,76,71,73,51,24,95,47,43,91,25,18,73,86,32,49,33,52,19,11,46,27,78,36,34,47,35
[ 9238.930554] [AOA] Measurement: 0,1627136856.307425,08:55:31:9b:05:29,2,1,2,0,128,401,191,197,424,957,1,733,286,299,929,686,639,255,957,470,908,735,864,66,963,229,404,982,506,577,197,970,661,719,149,858,95,57,34,46,29,70,72,77,71,76,53,24,94,46,44,90,26,18,70,81,29,47,31,50,16,10,42,26,71,29,27,41,29
[ 9238.969124] [AOA] Measurement: 0,1627136856.345990,08:55:31:9b:05:29,2,1,2,0,128,418,208,333,523,952,1008,732,284,423,951,787,684,158,904,550,988,741,887,17,908,267,390,8,511,634,238,554,894,292,419,317,432,62,38,49,32,74,76,83,79,80,56,26,103,51,46,99,28,19,79,93,35,51,34,54,20,13,50,29,85,38,36,50,36
[ 9239.012565] [AOA] Measurement: 0,1627136856.389431,08:55:31:9b:05:29,2,1,2,0,128,387,180,226,447,916,955,685,255,824,734,184,465,536,665,869,700,112,614,424,641,782,227,1000,480,571,189,596,908,664,113,643,968,61,36,49,32,75,77,83,77,81,57,27,102,51,46,97,27,19,74,87,33,53,35,55,20,11,48,30,80,37,33,47,35
[ 9239.063056] [AOA] Measurement: 0,1627136856.439925,08:55:31:9b:05:29,2,1,2,0,128,768,924,656,185,381,798,78,36,829,754,226,443,628,668,960,742,182,663,448,671,645,137,395,166,99,18,72,739,267,358,42,343,63,39,50,32,76,79,85,79,82,56,27,105,51,46,98,28,20,77,94,34,52,35,57,20,12,51,30,85,40,37,52,39
[ 9239.107439] [AOA] Measurement: 0,1627136856.484309,08:55:31:9b:05:29,2,1,2,0,128,409,184,233,442,962,10,613,207,404,918,788,701,178,875,489,938,751,867,429,685,253,394,938,393,595,207,29,712,710,162,905,178,62,38,50,32,77,76,83,79,81,57,27,102,52,46,96,27,19,78,91,34,51,36,54,18,12,49,28,82,37,35,46,36
[ 9239.151601] [AOA] Measurement: 0,1627136856.528468,08:55:31:9b:05:29,2,1,2,0,128,369,175,209,406,390,788,136,66,842,722,202,470,572,686,931,707,121,628,382,641,747,200,31,478,674,260,589,894,257,388,994,136,62,37,49,32,75,75,84,78,81,57,27,103,51,45,98,29,20,79,94,35,53,35,56,18,12,48,30,84,37,36,50,37
[ 9239.194454] [AOA] Measurement: 0,1627136856.571324,08:55:31:9b:05:29,2,1,2,0,128,291,91,267,466,339,761,166,64,794,737,204,451,714,754,485,957,663,853,967,885,232,351,974,443,621,220,551,894,234,333,342,561,57,36,45,30,67,67,76,70,69,49,24,93,46,38,86,29,17,69,86,30,48,31,51,19,13,45,26,78,40,38,48,36
[ 9239.237511] [AOA] Measurement: 0,1627136856.614381,08:55:31:9b:05:29,2,1,2,0,128,335,148,669,238,365,788,48,1006,840,745,164,433,235,950,452,899,679,839,439,708,259,364,998,464,633,240,573,894,247,375,813,159,60,39,49,32,72,73,84,78,75,55,26,101,50,42,94,30,19,74,89,33,51,35,56,20,12,50,29,83,40,37,50,38
[ 9239.284217] [AOA] Measurement: 0,1627136856.661085,08:55:31:9b:05:29,2,1,2,0,128,337,140,220,429,849,956,84,42,907,776,804,709,195,960,428,900,764,900,998,868,274,429,1004,466,613,244,531,881,678,98,390,677,62,38,50,33,76,78,84,78,79,55,26,103,50,44,97,31,20,79,93,34,52,36,57,21,13,50,29,83,40,36,50,36
[ 9239.334544] [AOA] Measurement: 0,1627136856.711412,08:55:31:9b:05:29,2,1,2,0,128,372,145,184,458,891,962,109,62,341,918,789,681,178,897,537,969,706,867,26,915,238,384,984,448,612,228,582,903,278,362,472,612,56,36,44,30,66,69,76,73,69,52,25,93,45,39,88,28,17,70,86,32,49,33,51,19,11,46,27,79,38,36,49,35
[ 9239.378888] [AOA] Measurement: 0,1627136856.755756,08:55:31:9b:05:29,2,1,2,0,128,884,1016,708,242,953,28,690,267,356,927,216,476,177,962,496,924,173,673,433,683,275,392,1020,468,700,291,579,916,196,293,138,505,61,39,50,33,73,76,85,79,75,56,27,101,50,43,94,31,20,78,93,34,51,35,57,20,13,50,29,86,42,41,51,40
[ 9239.422387] [AOA] Measurement: 0,1627136856.799257,08:55:31:9b:05:29,2,1,2,0,128,882,17,255,465,0,1013,668,246,401,951,719,677,193,890,473,925,662,793,486,683,751,184,410,214,78,28,636,938,248,336,440,662,61,35,49,32,75,77,83,76,82,55,26,99,49,46,95,26,18,77,84,31,50,34,53,19,10,47,30,79,34,31,45,33
[ 9239.468109] [AOA] Measurement: 0,1627136856.844979,08:55:31:9b:05:29,2,1,2,0,128,301,133,690,229,393,827,719,294,355,927,770,657,153,888,503,949,715,886,426,667,692,157,446,282,627,229,533,883,783,148,714,1006,58,36,47,30,70,71,78,72,72,52,25,95,47,41,89,29,18,71,87,33,49,33,51,17,12,46,28,80,39,36,48,36
[ 9239.513090] [AOA] Measurement: 0,1627136856.889956,08:55:31:9b:05:29,2,1,2,0,128,378,187,205,459,958,1006,761,366,384,926,813,708,96,841,962,726,122,625,464,734,217,367,984,462,588,221,543,930,216,341,887,52,63,38,50,32,74,76,83,77,81,56,27,103,52,46,97,28,20,77,92,33,52,35,55,21,13,48,29,82,39,36,49,37
[ 9239.570612] [AOA] Measurement: 0,1627136856.947479,08:55:31:9b:05:29,2,1,2,0,128,411,196,276,486,976,1015,659,250,374,947,755,658,147,895,459,922,740,860,59,965,290,439,54,545,609,224,551,864,298,381,383,581,58,35,46,31,71,72,77,74,75,51,24,96,46,42,90,28,19,72,88,33,49,32,51,19,12,46,27,80,37,36,49,37
[ 9239.614053] [AOA] Measurement: 0,1627136856.990919,08:55:31:9b:05:29,2,1,2,0,128,826,948,615,153,383,802,160,95,841,757,131,417,617,702,903,673,145,665,399,651,749,174,347,188,146,67,48,711,728,176,888,278,62,36,50,31,78,77,82,76,82,56,27,102,50,46,95,27,18,78,87,32,52,35,54,20,11,47,29,80,36,33,48,35
[ 9239.664176] [AOA] Measurement: 0,1627136857.041043,08:55:31:9b:05:29,2,1,2,0,128,399,174,700,283,929,979,128,55,426,926,754,645,156,874,414,898,771,875,419,676,658,156,410,237,147,62,633,942,277,401,249,409,61,37,49,31,72,75,83,78,77,57,26,102,50,44,96,30,18,75,90,34,50,35,54,20,13,50,29,85,40,38,50,38
[ 9239.709616] [AOA] Measurement: 0,1627136857.086486,08:55:31:9b:05:29,2,1,2,0,128,871,975,634,224,441,840,737,274,357,923,741,683,167,884,425,888,701,900,1004,891,283,455,1010,517,592,215,620,937,235,316,693,864,63,39,51,34,72,74,84,77,78,55,27,102,53,45,97,31,19,77,95,35,53,36,55,19,13,51,29,86,40,36,49,36
[ 9239.753941] [AOA] Measurement: 0,1627136857.130812,08:55:31:9b:05:29,2,1,2,0,128,372,188,236,492,975,1014,621,240,346,923,728,668,136,905,458,922,726,851,974,896,275,395,1000,438,638,251,517,907,255,343,480,727,59,36,47,30,69,71,79,73,72,50,25,93,47,41,90,28,18,73,87,33,49,34,53,18,12,46,28,79,38,35,47,37
[ 9239.796872] [AOA] Measurement: 0,1627136857.173738,08:55:31:9b:05:29,2,1,2,0,128,339,151,179,431,890,973,111,33,382,952,721,634,592,668,989,748,735,881,399,649,658,152,485,270,668,224,573,893,693,104,74,408,61,35,50,31,75,76,81,75,81,55,24,102,50,46,95,27,20,75,89,33,50,34,53,18,9,47,29,80,35,32,45,35
[ 9239.840777] [AOA] Measurement: 0,1627136857.217643,08:55:31:9b:05:29,2,1,2,0,128,331,143,201,416,964,1012,727,282,419,964,750,647,148,892,942,747,160,645,457,686,709,150,446,287,54,1020,621,926,282,363,131,337,61,39,49,33,73,74,84,77,75,57,25,100,49,42,94,32,20,78,93,35,51,36,56,20,12,51,29,86,42,38,51,39
[ 9239.883264] [AOA] Measurement: 0,1627136857.260136,08:55:31:9b:05:29,2,1,2,0,128,363,169,197,454,954,29,686,256,450,1009,736,608,196,942,556,978,725,842,7,913,206,385,954,443,634,243,632,939,227,348,403,556,59,35,47,30,69,70,76,72,71,51,24,94,47,42,91,28,18,72,86,33,49,32,51,19,12,46,28,80,37,35,47,35
[ 9239.927324] [AOA] Measurement: 0,1627136857.304195,08:55:31:9b:05:29,2,1,2,0,128,765,928,650,200,410,797,144,74,789,660,245,467,176,899,477,935,684,852,356,655,770,191,363,143,76,16,27,710,654,98,206,464,59,36,47,30,69,70,79,74,71,52,24,93,46,39,88,28,17,71,88,31,49,33,52,18,11,47,28,81,38,37,48,36
[ 9239.974031] [AOA] Measurement: 0,1627136857.350896,08:55:31:9b:05:29,2,1,2,0,128,266,154,241,492,955,982,699,267,428,959,759,671,134,915,475,927,700,866,990,864,247,435,14,504,612,200,533,852,725,135,519,721,60,35,50,31,75,76,77,72,77,52,24,94,48,44,91,23,19,74,85,31,49,35,51,17,9,44,28,74,30,26,42,30
[ 9240.019485] [AOA] Measurement: 0,1627136857.396355,08:55:31:9b:05:29,2,1,2,0,128,348,184,200,417,973,15,674,271,380,936,741,670,159,899,506,972,673,860,386,639,291,397,4,510,632,285,549,935,201,343,263,471,60,37,50,31,75,76,83,78,80,57,26,101,51,45,95,28,18,76,92,34,51,35,53,20,11,48,29,82,37,35,47,36
[ 9240.063817] [AOA] Measurement: 0,1627136857.440688,08:55:31:9b:05:29,2,1,2,0,128,343,144,212,447,956,1017,693,269,399,947,794,703,166,946,470,930,163,689,426,689,709,196,989,456,37,1021,32,713,685,138,125,397,62,39,50,33,75,78,84,80,77,57,26,104,51,45,98,31,19,78,93,34,52,36,54,21,13,51,30,85,42,41,51,39
[ 9240.106596] [AOA] Measurement: 0,1627136857.483464,08:55:31:9b:05:29,2,1,2,0,128,374,162,185,374,310,777,113,71,875,804,724,653,213,926,416,875,753,875,368,604,712,169,399,191,84,41,995,678,720,149,812,132,57,35,46,30,71,73,77,72,76,52,25,94,47,42,87,25,19,70,81,30,47,33,50,18,10,45,26,76,34,31,43,32
[ 9240.149278] [AOA] Measurement: 0,1627136857.526149,08:55:31:9b:05:29,2,1,2,0,128,402,206,178,455,994,36,649,242,337,920,720,636,656,695,936,748,743,843,975,916,310,403,1000,482,671,255,596,937,230,334,84,389,61,40,48,32,69,72,82,75,71,54,25,97,47,41,92,32,18,74,91,34,50,33,54,19,14,49,28,86,44,41,50,39
[ 9240.187883] [AOA] Measurement: 0,1627136857.564754,08:55:31:9b:05:29,2,1,2,0,128,324,115,169,432,979,11,662,216,380,922,759,677,241,951,571,1017,730,887,955,861,280,452,9,508,643,246,520,897,673,108,948,159,57,37,46,30,67,70,78,72,70,54,24,94,46,41,89,30,17,71,88,32,48,32,50,19,13,47,27,81,38,37,47,38
[ 9240.232283] [AOA] Measurement: 0,1627136857.609151,08:55:31:9b:05:29,2,1,2,0,128,885,993,620,192,324,770,136,64,891,769,779,715,123,843,910,664,145,655,404,656,757,190,414,192,133,99,35,698,691,128,896,253,62,38,52,32,77,77,84,79,80,56,27,102,52,46,98,30,19,78,93,35,52,35,55,20,13,51,30,83,40,36,52,39
[ 9240.281921] [AOA] Measurement: 0,1627136857.658788,08:55:31:9b:05:29,2,1,2,0,128,328,153,270,491,929,1011,665,239,324,883,795,651,196,897,468,946,658,837,9,912,252,381,966,433,641,268,610,946,212,332,274,526,58,35,46,31,70,72,78,74,75,53,26,94,47,42,90,28,18,70,85,31,49,33,53,19,11,46,28,77,38,35,48,35
[ 9240.332452] [AOA] Measurement: 0,1627136857.709318,08:55:31:9b:05:29,2,1,2,0,128,808,965,710,252,377,810,140,98,390,973,761,694,228,926,475,948,677,815,1013,887,247,368,983,455,28,32,8,720,222,332,286,539,62,38,51,32,75,77,82,78,79,55,26,102,51,45,98,29,19,77,91,33,51,34,55,19,13,49,30,84,39,36,50,37
[ 9240.377355] [AOA] Measurement: 0,1627136857.754226,08:55:31:9b:05:29,2,1,2,0,128,320,170,164,417,901,935,112,91,835,749,189,441,676,757,941,731,695,856,25,962,202,393,344,213,51,1018,1004,660,760,149,736,116,57,35,45,30,67,68,76,72,74,52,24,94,48,43,91,27,19,71,87,32,50,33,52,18,12,46,27,79,38,36,47,34
[ 9240.420009] [AOA] Measurement: 0,1627136857.796876,08:55:31:9b:05:29,2,1,2,0,128,394,195,136,392,372,810,689,237,363,928,762,667,242,939,411,903,716,892,985,886,206,352,11,490,692,275,593,941,214,333,116,305,42,17,38,19,57,55,55,51,66,41,20,72,38,37,70,14,17,58,62,24,36,26,41,14,7,35,21,58,22,17,32,22
[ 9240.458494] [AOA] Measurement: 0,1627136857.835364,08:55:31:9b:05:29,2,1,2,0,128,841,989,664,224,424,815,113,69,409,923,760,689,206,911,499,944,697,831,1,894,279,448,1019,457,623,234,598,918,263,375,743,939,62,38,51,33,76,78,84,78,80,55,26,102,51,46,95,27,19,76,91,34,52,35,55,19,12,48,29,80,37,34,47,35
[ 9240.502735] [AOA] Measurement: 0,1627136857.879607,08:55:31:9b:05:29,2,1,2,0,128,783,966,612,182,341,764,187,85,896,776,803,709,113,866,898,682,143,652,429,621,751,238,370,256,636,242,1006,690,691,119,859,40,57,37,47,30,69,70,78,73,70,53,24,96,47,42,90,28,18,72,86,33,50,34,54,18,13,48,27,80,40,38,48,36
[ 9240.552940] [AOA] Measurement: 0,1627136857.929806,08:55:31:9b:05:29,2,1,2,0,128,332,142,237,410,952,1019,660,229,387,945,757,657,238,947,555,1003,764,888,20,935,226,406,953,419,19,988,58,761,193,262,355,590,60,36,49,33,75,77,84,78,78,57,26,101,50,44,95,29,19,77,92,34,51,35,54,21,13,49,31,85,40,38,50,38
[ 9240.608495] [AOA] Measurement: 0,1627136857.985365,08:55:31:9b:05:29,2,1,2,0,128,850,1016,649,252,933,1010,677,232,372,913,223,486,638,754,990,739,710,871,1023,897,236,360,997,487,58,31,993,684,668,143,519,882,58,37,46,31,69,70,78,72,70,51,25,95,46,40,88,28,18,70,87,32,48,33,52,19,12,47,28,79,37,37,48,36
[ 9240.652591] [AOA] Measurement: 0,1627136858.029461,08:55:31:9b:05:29,2,1,2,0,128,361,176,203,436,969,1023,677,251,365,948,733,636,140,883,950,738,144,644,451,679,720,181,28,471,587,212,561,885,314,419,0,256,61,36,47,32,75,74,81,77,78,55,27,100,49,45,95,27,20,77,90,34,50,35,53,20,11,48,30,82,37,34,48,34
[ 9240.696903] [AOA] Measurement: 0,1627136858.073769,08:55:31:9b:05:29,2,1,2,0,128,365,163,183,384,369,824,711,234,372,942,786,666,574,631,939,711,209,680,988,908,213,396,966,464,655,249,567,910,222,322,750,1020,62,38,47,31,71,73,82,77,73,56,26,100,49,44,92,32,18,75,91,34,50,34,55,19,14,50,29,86,43,41,51,40
[ 9240.741355] [AOA] Measurement: 0,1627136858.118221,08:55:31:9b:05:29,2,1,2,0,128,795,950,649,207,421,826,135,49,802,735,238,469,684,717,518,951,749,914,994,904,282,378,989,436,607,220,1013,659,697,112,31,415,63,38,48,32,73,74,84,78,78,57,25,101,52,46,98,30,19,78,94,36,52,36,57,20,13,49,31,88,41,39,51,38
[ 9240.792046] [AOA] Measurement: 0,1627136858.168912,08:55:31:9b:05:29,2,1,2,0,128,346,122,615,213,321,750,70,28,823,691,141,399,624,701,885,663,93,622,390,668,721,219,928,447,695,237,597,904,252,338,663,940,61,37,49,31,71,74,82,78,74,55,25,101,51,43,94,31,19,77,92,34,51,35,54,19,13,49,30,85,42,41,51,38
[ 9240.837029] [AOA] Measurement: 0,1627136858.213900,08:55:31:9b:05:29,2,1,2,0,128,363,141,138,407,400,808,166,71,348,921,746,671,197,915,492,951,710,856,968,891,216,364,991,446,617,248,532,896,702,153,575,842,62,39,48,32,71,73,81,78,73,53,25,98,48,40,92,32,19,75,91,34,51,33,53,20,14,48,28,84,45,42,52,40
