
[ 5666.730055] [AOA] Measurement: 0,1629169571.623926,08:55:31:70:ff:0a,2,1,1,0,128,399,201,724,401,386,834,741,965,389,576,166,186,528,404,871,901,57,224,360,331,643,49,241,944,906,818,404,312,831,212,479,713,59,45,63,40,77,77,60,50,49,83,51,65,63,45,72,71,63,66,68,54,58,80,61,52,45,85,40,59,83,74,76,86
[ 5666.772666] [AOA] Measurement: 0,1629169571.666544,08:55:31:70:ff:0a,2,1,1,0,128,404,251,252,623,400,834,828,1022,381,597,182,235,576,445,801,859,107,270,308,311,43,819,693,730,389,642,978,487,430,461,716,783,54,41,59,37,72,73,57,47,45,77,47,58,57,42,66,65,62,60,61,54,57,74,57,48,43,77,39,56,79,68,74,83
[ 5666.816400] [AOA] Measurement: 0,1629169571.710275,08:55:31:70:ff:0a,2,1,1,0,128,461,251,746,438,355,792,773,1015,979,800,744,412,30,610,405,54,648,494,880,514,591,14,243,950,907,855,921,461,380,390,910,1009,52,40,59,35,70,70,52,44,44,76,45,56,59,38,65,64,56,59,59,45,51,72,52,44,40,78,35,51,74,65,66,73
[ 5666.859977] [AOA] Measurement: 0,1629169571.753849,08:55:31:70:ff:0a,2,1,1,0,128,444,274,766,412,939,1011,305,168,342,555,258,236,477,371,796,848,79,199,373,335,1007,781,716,748,448,692,913,478,389,407,938,7,55,44,63,39,78,78,58,49,48,82,51,63,63,44,71,69,63,65,68,52,56,79,58,52,43,84,39,57,82,74,73,82
[ 5666.902927] [AOA] Measurement: 0,1629169571.796798,08:55:31:70:ff:0a,2,1,1,0,128,419,238,705,390,365,833,741,971,400,574,257,228,593,454,834,889,642,451,276,275,87,872,758,780,312,603,424,311,830,182,927,189,58,47,66,45,78,81,59,48,50,85,50,59,66,43,71,69,60,64,65,46,55,76,57,48,42,85,36,54,79,68,69,77
[ 5666.957454] [AOA] Measurement: 0,1629169571.851331,08:55:31:70:ff:0a,2,1,1,0,128,428,270,724,392,358,798,790,18,396,562,274,255,551,426,850,889,119,284,333,345,37,850,301,989,899,812,412,303,832,168,403,456,56,44,62,40,77,79,59,48,48,84,50,64,61,43,71,70,61,62,66,53,57,81,60,51,44,86,40,58,85,75,74,85
[ 5667.002608] [AOA] Measurement: 0,1629169571.896478,08:55:31:70:ff:0a,2,1,1,0,128,1020,450,316,673,952,986,316,161,345,562,277,267,72,646,838,915,655,444,905,560,62,896,272,987,444,686,994,482,375,396,495,620,59,46,68,43,79,82,60,50,51,86,53,66,67,44,73,73,63,67,67,51,58,78,59,49,44,85,39,57,83,72,74,82
[ 5667.052301] [AOA] Measurement: 0,1629169571.946172,08:55:31:70:ff:0a,2,1,1,0,128,1012,464,289,653,941,1004,326,181,997,809,761,459,73,619,407,75,643,470,912,557,529,1008,334,1006,935,835,7,512,389,416,616,659,58,47,65,41,77,78,60,48,48,82,51,64,64,46,72,71,64,65,67,54,57,83,61,53,45,87,42,57,83,73,77,86
[ 5667.102029] [AOA] Measurement: 0,1629169571.995899,08:55:31:70:ff:0a,2,1,1,0,128,467,258,717,388,343,829,850,7,390,570,797,389,106,622,844,906,80,234,900,533,571,17,251,960,972,856,953,487,802,164,342,455,42,29,50,33,55,65,36,31,41,64,33,39,55,28,49,49,36,47,36,16,35,51,25,24,25,62,21,40,55,39,39,46
[ 5667.146853] [AOA] Measurement: 0,1629169572.040728,08:55:31:70:ff:0a,2,1,1,0,128,479,282,295,660,913,987,775,1019,986,780,247,251,566,382,810,899,108,239,377,359,1014,772,755,803,445,704,983,480,358,397,779,959,59,46,67,43,79,81,59,50,52,87,51,64,66,42,69,70,58,64,63,46,52,76,54,46,41,84,37,54,79,66,68,75
[ 5667.189516] [AOA] Measurement: 0,1629169572.083386,08:55:31:70:ff:0a,2,1,1,0,128,457,245,731,394,375,809,757,979,372,559,267,233,529,407,899,955,597,438,368,354,25,829,725,800,408,673,400,263,858,213,406,591,58,46,64,40,77,77,58,49,49,85,51,64,63,45,73,71,62,65,68,54,59,80,61,53,45,87,40,58,84,74,77,84
[ 5667.227948] [AOA] Measurement: 0,1629169572.121822,08:55:31:70:ff:0a,2,1,1,0,128,969,435,199,541,339,775,770,1021,946,780,784,437,97,647,377,62,628,440,911,566,589,11,270,978,951,843,997,497,411,449,664,704,51,39,60,35,72,71,55,43,44,76,45,57,57,39,63,63,56,60,60,46,50,70,53,45,39,75,35,51,75,66,67,75
[ 5667.271898] [AOA] Measurement: 0,1629169572.165773,08:55:31:70:ff:0a,2,1,1,0,128,41,497,302,637,938,16,362,225,970,805,813,458,61,668,404,55,662,461,903,573,664,77,294,968,919,865,935,486,390,416,815,972,52,39,56,35,71,72,50,43,43,74,44,57,58,38,65,63,54,57,59,45,50,72,52,46,40,78,36,51,74,66,66,75
[ 5667.315562] [AOA] Measurement: 0,1629169572.209436,08:55:31:70:ff:0a,2,1,1,0,128,436,252,785,443,941,1014,784,979,1001,798,807,442,59,622,369,75,45,224,339,352,1000,799,733,789,395,649,372,255,403,444,99,330,58,46,66,40,79,80,60,50,49,84,51,65,65,44,73,72,64,68,68,54,58,80,60,52,44,86,40,57,83,74,73,81
[ 5667.358887] [AOA] Measurement: 0,1629169572.252758,08:55:31:70:ff:0a,2,1,1,0,128,1023,489,258,587,913,970,775,999,401,580,267,278,88,638,372,80,649,501,840,531,618,31,246,966,902,799,955,469,335,362,38,236,55,45,64,39,77,78,58,49,47,81,49,63,60,43,70,68,61,62,65,54,56,74,60,52,44,80,41,57,79,70,74,80
[ 5667.401713] [AOA] Measurement: 0,1629169572.295583,08:55:31:70:ff:0a,2,1,1,0,128,981,437,251,562,945,1004,276,102,926,795,811,461,84,623,361,69,653,467,895,564,592,14,263,963,889,798,963,441,816,150,929,91,59,44,66,42,78,84,57,48,52,86,48,57,66,41,68,68,55,61,59,39,49,71,46,40,38,81,33,50,75,62,63,70
[ 5667.451372] [AOA] Measurement: 0,1629169572.345242,08:55:31:70:ff:0a,2,1,1,0,128,1013,436,270,600,887,977,321,197,943,767,775,396,103,620,868,904,615,442,951,584,591,56,301,973,899,829,983,494,426,456,516,457,51,42,61,37,74,73,57,47,45,78,49,62,58,41,67,66,62,60,63,53,56,78,60,51,43,81,40,55,81,72,74,84
[ 5667.501459] [AOA] Measurement: 0,1629169572.395328,08:55:31:70:ff:0a,2,1,1,0,128,998,447,311,641,968,1015,303,174,958,797,808,459,133,681,414,91,640,446,927,570,610,21,273,956,943,860,986,505,415,410,436,492,56,46,65,40,78,79,59,51,48,83,50,65,63,45,70,71,62,65,64,51,59,76,60,51,45,87,40,57,83,72,76,84
[ 5667.545890] [AOA] Measurement: 0,1629169572.439766,08:55:31:70:ff:0a,2,1,1,0,128,484,283,284,609,946,1017,303,184,935,757,248,246,46,621,814,886,108,301,881,538,2,816,780,801,366,605,950,495,440,413,154,219,35,25,42,30,45,55,34,27,37,56,31,35,49,26,44,45,32,40,35,14,32,44,22,20,23,56,19,37,48,34,36,41
[ 5667.583822] [AOA] Measurement: 0,1629169572.477697,08:55:31:70:ff:0a,2,1,1,0,128,981,430,799,457,902,994,772,983,395,578,192,216,537,412,440,94,645,476,307,335,61,871,265,998,957,893,1021,518,381,423,883,890,55,44,63,39,78,77,59,49,47,79,48,62,61,45,70,70,62,63,69,52,58,78,60,50,44,83,40,57,81,73,75,81
[ 5667.621808] [AOA] Measurement: 0,1629169572.515683,08:55:31:70:ff:0a,2,1,1,0,128,478,287,332,668,917,1015,325,182,962,791,248,255,568,456,420,94,662,491,983,603,641,51,370,1009,944,857,911,452,413,473,588,644,58,45,65,40,80,81,60,49,48,85,50,64,65,43,72,72,62,65,68,52,58,81,60,52,45,86,40,58,83,73,76,86
[ 5667.662839] [AOA] Measurement: 0,1629169572.556709,08:55:31:70:ff:0a,2,1,1,0,128,984,401,712,402,933,1015,797,0,978,811,172,209,542,418,401,70,641,458,330,333,1,832,754,795,929,816,971,468,384,415,577,669,57,44,64,42,79,78,59,49,50,84,51,64,64,44,71,71,63,65,67,53,56,79,59,51,44,87,40,58,82,74,75,82
[ 5667.708669] [AOA] Measurement: 0,1629169572.602545,08:55:31:70:ff:0a,2,1,1,0,128,481,262,250,618,384,848,287,173,1023,854,786,449,84,597,880,929,653,483,868,541,611,6,300,984,936,855,399,266,883,237,120,285,49,38,55,33,69,67,51,41,41,72,42,57,54,37,61,63,55,55,60,46,50,69,53,45,39,74,35,51,72,64,67,74
[ 5667.752493] [AOA] Measurement: 0,1629169572.646369,08:55:31:70:ff:0a,2,1,1,0,128,1000,457,304,637,912,991,298,140,942,774,214,191,604,459,833,875,43,264,353,370,65,854,243,952,906,816,422,281,375,401,788,948,55,42,61,37,76,73,57,46,45,79,49,63,61,43,68,68,63,65,67,54,58,76,60,51,46,82,41,56,83,72,77,82
[ 5667.794580] [AOA] Measurement: 0,1629169572.688449,08:55:31:70:ff:0a,2,1,1,0,128,441,228,744,415,941,997,338,171,383,591,189,196,545,383,886,923,124,293,341,349,16,844,708,742,354,626,401,268,862,245,801,989,56,45,63,39,78,78,60,49,48,80,50,63,62,43,70,71,62,63,67,53,56,77,60,52,45,83,40,58,82,72,76,83
[ 5667.855463] [AOA] Measurement: 0,1629169572.749336,08:55:31:70:ff:0a,2,1,1,0,128,465,286,298,625,350,792,821,41,923,784,178,207,515,395,922,934,668,471,341,346,586,39,249,931,368,633,416,252,444,455,178,338,57,44,64,41,78,80,60,48,47,84,50,65,63,44,72,71,64,65,68,54,58,81,62,52,45,86,42,58,84,72,78,86
[ 5667.893497] [AOA] Measurement: 0,1629169572.787373,08:55:31:70:ff:0a,2,1,1,0,128,374,200,688,371,380,799,844,14,353,572,206,230,487,406,390,95,685,500,996,603,611,36,252,961,885,793,467,324,797,177,784,944,57,46,66,42,79,80,60,49,50,85,52,64,64,44,73,71,63,66,65,53,57,80,61,52,45,86,42,58,81,73,73,82
[ 5667.932421] [AOA] Measurement: 0,1629169572.826295,08:55:31:70:ff:0a,2,1,1,0,128,1,463,281,609,359,814,812,16,985,806,810,458,89,615,425,115,654,502,930,566,591,15,261,944,936,845,971,492,409,447,771,896,55,44,62,37,76,79,57,48,49,84,49,64,61,43,72,68,62,64,66,52,57,79,58,49,44,86,40,55,83,72,74,85
[ 5667.972997] [AOA] Measurement: 0,1629169572.866867,08:55:31:70:ff:0a,2,1,1,0,128,508,292,790,447,404,855,356,189,381,576,184,170,556,412,822,881,112,253,321,345,67,870,742,813,915,842,981,490,361,386,741,940,55,46,64,40,76,79,58,49,47,82,50,61,62,44,70,71,63,64,65,51,57,79,60,51,45,85,41,57,83,71,74,83
[ 5668.018745] [AOA] Measurement: 0,1629169572.912619,08:55:31:70:ff:0a,2,1,1,0,128,421,234,750,413,338,789,792,1000,998,803,821,475,13,600,840,887,64,266,932,570,586,0,725,758,352,617,451,319,816,215,183,271,56,46,64,41,76,78,58,48,48,85,50,64,65,44,73,72,61,64,67,52,56,79,59,51,45,87,41,56,81,71,74,80
[ 5668.062538] [AOA] Measurement: 0,1629169572.956413,08:55:31:70:ff:0a,2,1,1,0,128,941,430,319,632,404,806,773,986,438,609,783,426,539,442,836,887,71,267,317,345,43,866,761,794,376,637,476,291,855,227,774,921,55,45,64,42,77,79,60,51,49,82,49,63,62,44,71,70,62,62,65,53,58,78,59,51,45,83,39,57,81,73,75,85
[ 5668.104978] [AOA] Measurement: 0,1629169572.998852,08:55:31:70:ff:0a,2,1,1,0,128,11,429,729,395,400,818,723,947,361,551,118,147,475,330,868,868,113,291,303,310,17,824,732,765,966,833,926,473,375,377,760,943,53,42,63,41,72,78,52,44,48,79,46,53,65,39,63,65,50,58,57,34,47,67,43,37,36,78,30,50,71,57,60,66
[ 5668.149125] [AOA] Measurement: 0,1629169573.042999,08:55:31:70:ff:0a,2,1,1,0,128,984,423,293,610,357,806,812,1002,959,812,228,262,107,681,372,94,693,512,916,567,598,1,282,971,927,837,959,505,379,437,301,472,55,43,62,39,75,76,58,47,46,81,48,63,60,43,69,69,62,62,66,54,58,78,58,50,44,83,40,55,80,72,74,81
[ 5668.192362] [AOA] Measurement: 0,1629169573.086232,08:55:31:70:ff:0a,2,1,1,0,128,1006,443,259,613,369,843,310,184,1006,822,223,241,578,430,877,900,65,219,934,563,54,825,735,779,399,673,928,446,824,181,814,996,58,45,66,41,80,80,60,51,51,85,53,64,66,45,72,71,63,67,67,49,57,77,58,50,44,87,40,57,82,72,74,83
[ 5668.240268] [AOA] Measurement: 0,1629169573.134144,08:55:31:70:ff:0a,2,1,1,0,128,1023,480,293,634,863,965,789,16,962,811,211,205,545,420,447,126,631,460,878,538,617,45,263,961,931,843,950,470,411,417,60,94,54,42,60,39,72,74,58,46,47,79,50,63,60,42,70,70,63,64,65,55,59,79,60,52,43,82,41,56,80,75,73,83
[ 5668.278869] [AOA] Measurement: 0,1629169573.172744,08:55:31:70:ff:0a,2,1,1,0,128,970,433,705,397,371,814,736,973,355,563,252,189,489,417,840,898,1015,161,327,341,981,795,794,789,343,614,357,230,802,164,664,873,56,47,64,41,77,80,59,49,50,84,50,65,65,44,72,72,61,64,64,50,58,79,60,50,44,86,39,58,82,73,75,83
[ 5668.324577] [AOA] Measurement: 0,1629169573.218448,08:55:31:70:ff:0a,2,1,1,0,128,28,438,736,401,383,818,793,3,395,593,267,229,509,383,858,897,694,497,924,560,609,48,287,966,962,834,436,293,341,365,250,319,45,36,56,37,62,73,44,37,45,74,38,45,59,33,55,57,43,53,47,24,40,57,34,30,32,70,28,44,62,46,47,54
[ 5668.374532] [AOA] Measurement: 0,1629169573.268403,08:55:31:70:ff:0a,2,1,1,0,128,409,217,738,393,328,762,802,1005,389,580,269,264,78,628,366,42,612,438,891,570,561,994,708,747,359,635,388,263,373,371,123,254,48,37,53,32,63,64,49,42,39,69,43,55,52,38,61,59,53,55,57,46,49,69,50,45,38,74,34,49,71,63,64,73
[ 5668.418319] [AOA] Measurement: 0,1629169573.312196,08:55:31:70:ff:0a,2,1,1,0,128,447,249,759,411,312,767,771,958,448,595,188,202,560,409,847,911,74,224,928,537,41,818,714,767,365,589,440,309,368,388,103,176,59,45,65,42,79,80,60,51,50,85,50,64,63,45,72,71,64,65,68,51,57,78,60,51,45,84,41,58,83,74,74,84
[ 5668.462280] [AOA] Measurement: 0,1629169573.356157,08:55:31:70:ff:0a,2,1,1,0,128,431,238,806,440,323,778,770,1003,933,780,784,475,54,571,892,935,53,249,308,346,7,830,283,962,405,679,387,248,805,209,355,578,59,45,65,42,80,81,59,49,49,86,51,63,65,44,71,71,63,64,67,51,57,77,57,51,45,85,39,57,83,71,74,81
[ 5668.512043] [AOA] Measurement: 0,1629169573.405914,08:55:31:70:ff:0a,2,1,1,0,128,992,421,722,454,382,819,362,199,946,789,810,446,59,614,353,69,677,461,908,564,580,4,749,822,891,802,983,481,355,391,319,499,60,47,67,42,80,80,61,50,49,85,49,63,65,43,72,73,60,65,65,49,55,76,54,49,40,82,38,52,78,68,69,74
[ 5668.561909] [AOA] Measurement: 0,1629169573.455780,08:55:31:70:ff:0a,2,1,1,0,128,444,266,735,431,378,813,803,994,424,595,233,270,19,596,894,942,64,274,914,556,579,1008,282,972,938,839,365,251,877,242,21,196,57,46,65,42,78,79,61,49,48,84,50,64,63,44,70,71,63,66,66,51,58,79,61,50,43,85,40,58,84,72,75,81
[ 5668.606287] [AOA] Measurement: 0,1629169573.500161,08:55:31:70:ff:0a,2,1,1,0,128,958,428,737,451,960,2,323,177,7,845,815,447,28,596,465,127,612,427,906,564,652,23,242,953,924,843,1002,496,395,405,77,203,57,45,65,40,78,79,59,49,47,84,48,65,64,44,70,72,63,64,64,52,56,79,57,50,44,84,40,54,81,71,74,83
[ 5668.649800] [AOA] Measurement: 0,1629169573.543678,08:55:31:70:ff:0a,2,1,1,0,128,993,424,757,437,943,19,360,237,872,718,191,193,581,431,855,963,68,250,893,536,16,834,725,768,345,653,420,303,393,410,1005,13,53,43,59,40,75,75,59,47,46,82,50,63,60,44,69,69,63,61,67,53,57,77,60,51,46,84,41,59,83,73,77,84
[ 5668.692497] [AOA] Measurement: 0,1629169573.586367,08:55:31:70:ff:0a,2,1,1,0,128,421,217,765,410,417,829,340,150,1011,815,816,468,38,603,846,848,48,206,273,288,1000,802,778,778,407,654,370,282,421,416,885,11,56,44,62,39,77,78,57,47,47,82,49,62,61,44,71,71,62,65,69,52,58,80,60,52,45,88,41,58,83,75,76,86
[ 5668.740642] [AOA] Measurement: 0,1629169573.634517,08:55:31:70:ff:0a,2,1,1,0,128,457,219,775,464,421,823,249,116,980,794,716,404,523,403,858,908,73,253,318,304,13,841,789,759,370,611,416,304,906,237,1015,126,55,45,62,38,76,75,59,49,49,82,52,64,63,45,72,70,63,64,67,54,58,79,61,51,45,88,41,57,84,75,75,84
[ 5668.778475] [AOA] Measurement: 0,1629169573.672350,08:55:31:70:ff:0a,2,1,1,0,128,451,252,322,650,910,977,823,1004,929,772,191,235,514,390,832,884,143,302,908,546,617,26,728,815,932,845,943,423,850,176,251,507,55,44,65,40,79,80,58,51,49,84,49,63,63,44,70,71,61,64,66,52,56,78,58,51,46,86,39,56,83,72,73,82
[ 5668.823086] [AOA] Measurement: 0,1629169573.716958,08:55:31:70:ff:0a,2,1,1,0,128,0,457,301,623,902,1003,313,215,949,798,841,483,64,609,416,80,640,463,918,578,620,50,317,999,931,858,948,502,417,421,6,78,45,34,52,35,57,68,40,33,43,69,37,42,58,32,51,54,40,50,45,23,39,56,33,30,32,73,26,43,60,46,51,56
[ 5668.877520] [AOA] Measurement: 0,1629169573.771396,08:55:31:70:ff:0a,2,1,1,0,128,446,227,748,413,916,990,779,979,432,640,255,241,505,390,880,879,105,243,335,291,594,23,275,976,971,882,981,491,325,377,675,708,52,43,59,36,73,73,56,47,45,76,46,62,55,40,65,66,62,62,62,54,55,76,59,51,42,79,40,55,79,71,73,80
[ 5668.919735] [AOA] Measurement: 0,1629169573.813608,08:55:31:70:ff:0a,2,1,1,0,128,452,258,745,406,424,848,765,995,380,607,215,249,571,448,882,933,12,196,337,333,69,885,263,974,970,852,387,278,415,442,180,238,59,48,67,44,79,81,59,50,51,85,51,62,64,42,70,71,59,64,64,47,55,78,58,49,43,86,37,55,83,70,73,80
[ 5668.958166] [AOA] Measurement: 0,1629169573.852040,08:55:31:70:ff:0a,2,1,1,0,128,442,262,694,334,398,808,831,12,408,619,206,227,553,425,872,919,623,432,920,572,533,1023,271,976,953,875,935,468,384,453,530,609,53,38,61,40,69,75,49,41,49,81,44,52,63,37,63,62,48,58,52,31,46,66,40,37,35,74,28,47,68,54,57,62
[ 5669.005363] [AOA] Measurement: 0,1629169573.899235,08:55:31:70:ff:0a,2,1,1,0,128,423,209,718,398,418,834,796,984,436,590,259,277,48,587,412,84,609,429,890,578,583,26,244,958,906,839,387,260,385,456,504,623,56,44,62,39,77,76,58,49,46,79,48,62,60,43,67,68,62,63,67,54,57,78,58,50,43,83,40,57,82,73,73,83
[ 5669.054959] [AOA] Measurement: 0,1629169573.948830,08:55:31:70:ff:0a,2,1,1,0,128,392,219,717,393,402,793,758,1004,421,619,269,273,116,658,388,53,86,273,334,364,88,877,300,977,952,863,945,439,875,231,28,192,56,45,63,42,78,78,59,48,47,80,49,61,61,43,69,67,62,62,64,52,57,78,59,51,44,85,41,56,84,73,74,85
[ 5669.107049] [AOA] Measurement: 0,1629169574.000918,08:55:31:70:ff:0a,2,1,1,0,128,417,231,734,390,394,834,800,1012,921,765,199,187,605,475,371,90,595,438,881,527,537,987,241,941,953,844,375,226,838,198,334,561,53,41,59,37,74,75,55,46,45,78,48,62,59,42,68,67,62,61,65,53,56,75,59,49,43,79,40,55,80,70,74,84
[ 5669.150917] [AOA] Measurement: 0,1629169574.044787,08:55:31:70:ff:0a,2,1,1,0,128,937,390,754,432,918,1009,348,215,958,824,767,440,47,614,878,915,646,449,303,367,602,28,308,10,989,889,916,449,403,413,996,60,58,45,65,41,79,77,59,49,48,83,50,65,62,43,70,70,63,64,66,51,55,79,58,52,43,85,39,55,81,71,74,82
[ 5669.189342] [AOA] Measurement: 0,1629169574.083218,08:55:31:70:ff:0a,2,1,1,0,128,999,485,266,600,899,978,775,974,471,584,259,232,532,427,886,939,84,288,893,526,91,880,730,766,406,679,935,460,369,390,325,449,55,42,60,38,74,74,57,47,45,78,48,62,58,42,70,67,60,61,66,53,57,75,59,51,43,81,41,57,80,73,75,83
[ 5669.233206] [AOA] Measurement: 0,1629169574.127082,08:55:31:70:ff:0a,2,1,1,0,128,466,262,720,391,375,820,803,1009,386,603,261,218,68,625,336,39,643,484,323,305,597,25,272,969,866,772,364,244,816,188,690,967,56,41,61,38,77,77,57,49,46,77,49,62,58,43,69,69,61,61,65,53,56,78,59,51,44,84,40,57,80,72,73,83
[ 5669.282634] [AOA] Measurement: 0,1629169574.176506,08:55:31:70:ff:0a,2,1,1,0,128,12,461,264,607,966,1015,385,249,992,802,789,431,117,666,354,68,107,276,917,548,635,61,312,998,933,849,884,427,401,402,355,441,60,47,68,43,81,82,59,48,52,88,51,65,66,45,72,72,63,66,66,51,58,80,59,49,43,87,40,56,82,70,73,80
[ 5669.329452] [AOA] Measurement: 0,1629169574.223327,08:55:31:70:ff:0a,2,1,1,0,128,432,242,701,375,401,814,833,37,992,803,831,469,63,623,375,67,663,469,888,540,615,18,282,987,393,658,410,278,854,190,828,27,53,44,62,38,75,76,59,48,46,81,49,64,61,44,70,69,62,62,66,53,56,79,59,51,44,81,39,57,78,71,74,84
[ 5669.376337] [AOA] Measurement: 0,1629169574.270207,08:55:31:70:ff:0a,2,1,1,0,128,1014,447,246,623,953,1,781,1014,420,580,211,230,523,424,853,920,127,292,376,349,1020,820,307,978,956,882,955,488,338,389,844,933,51,40,56,35,72,70,55,44,42,71,47,59,55,39,65,64,59,59,60,52,53,73,57,50,43,79,40,55,76,71,74,83
[ 5669.420712] [AOA] Measurement: 0,1629169574.314587,08:55:31:70:ff:0a,2,1,1,0,128,997,450,251,571,891,954,817,964,331,508,260,255,78,572,828,892,59,231,901,554,612,18,224,919,896,814,967,546,410,406,750,809,57,44,64,39,77,76,59,49,47,79,51,63,62,43,68,68,64,64,65,52,57,78,60,51,42,80,41,56,79,71,75,84
[ 5669.464313] [AOA] Measurement: 0,1629169574.358187,08:55:31:70:ff:0a,2,1,1,0,128,998,436,816,443,412,826,778,1005,386,602,256,246,101,652,398,75,626,468,862,556,578,22,291,981,980,854,1007,544,364,402,383,402,56,43,60,38,76,78,57,47,45,81,48,62,60,43,70,70,63,64,68,52,56,80,59,52,42,83,38,57,83,73,75,83
[ 5669.506740] [AOA] Measurement: 0,1629169574.400611,08:55:31:70:ff:0a,2,1,1,0,128,24,448,300,656,924,0,290,181,980,852,753,456,520,377,384,73,641,462,860,521,587,13,252,932,929,831,1003,504,415,431,258,376,58,44,66,41,78,77,60,48,48,82,49,63,62,44,70,69,64,64,68,53,60,78,61,50,45,84,40,59,82,72,75,84
[ 5669.549097] [AOA] Measurement: 0,1629169574.442970,08:55:31:70:ff:0a,2,1,1,0,128,416,225,710,408,298,778,786,986,405,597,197,195,537,408,846,896,84,271,319,306,4,856,747,754,376,630,391,305,805,169,130,275,52,39,59,37,71,72,52,43,44,77,45,58,59,40,65,65,55,59,59,45,50,71,50,43,38,77,35,50,74,63,66,73
[ 5669.587196] [AOA] Measurement: 0,1629169574.481071,08:55:31:70:ff:0a,2,1,1,0,128,434,228,697,376,373,820,771,989,485,635,807,452,78,627,375,80,623,410,334,357,41,863,753,778,430,675,387,252,381,413,582,605,57,45,65,40,77,80,58,50,49,83,51,64,65,44,71,70,62,64,64,49,56,77,58,48,43,87,37,55,81,69,73,79
[ 5669.628285] [AOA] Measurement: 0,1629169574.522156,08:55:31:70:ff:0a,2,1,1,0,128,995,439,375,687,870,975,755,987,374,594,795,445,515,421,870,932,33,264,898,556,584,2,301,973,969,845,988,496,367,406,344,433,50,36,57,40,66,72,45,40,47,75,41,51,63,35,61,61,47,56,50,28,42,61,36,35,34,74,27,47,66,52,51,58
[ 5669.672575] [AOA] Measurement: 0,1629169574.566452,08:55:31:70:ff:0a,2,1,1,0,128,432,257,297,636,907,992,794,986,996,811,213,254,76,622,375,94,677,514,913,551,592,22,333,0,1000,887,979,462,453,450,514,544,58,46,66,43,77,81,58,50,50,86,52,64,65,44,74,72,61,65,66,48,56,78,57,49,43,86,39,56,81,68,72,79
[ 5669.714532] [AOA] Measurement: 0,1629169574.608403,08:55:31:70:ff:0a,2,1,1,0,128,1017,463,285,651,932,1003,309,159,978,835,825,441,540,435,922,940,588,372,961,570,599,11,320,1006,996,886,1014,560,411,463,860,878,56,44,63,39,75,79,58,49,47,81,50,63,61,42,71,70,63,65,68,52,58,78,60,53,44,85,40,56,80,72,72,82
[ 5669.757227] [AOA] Measurement: 0,1629169574.651098,08:55:31:70:ff:0a,2,1,1,0,128,8,483,717,402,364,776,843,11,962,784,242,240,16,611,352,55,683,493,925,583,561,23,260,978,993,870,922,482,407,447,6,66,56,45,64,40,80,78,58,49,49,84,51,64,63,44,73,70,62,63,66,50,57,78,59,50,44,86,41,57,80,71,73,80
[ 5669.800341] [AOA] Measurement: 0,1629169574.694215,08:55:31:70:ff:0a,2,1,1,0,128,997,432,331,647,926,1016,313,184,961,810,853,508,49,595,381,80,590,445,387,403,73,857,326,1002,912,830,12,588,414,458,219,238,54,41,59,39,73,74,57,47,45,77,48,62,59,42,66,64,59,60,64,53,56,79,61,52,44,82,42,56,80,72,75,83
[ 5669.844016] [AOA] Measurement: 0,1629169574.737891,08:55:31:70:ff:0a,2,1,1,0,128,430,262,724,405,350,806,354,207,923,768,773,470,149,711,338,88,659,484,897,572,584,5,298,991,969,877,953,476,417,433,3,72,57,43,64,40,79,80,60,49,49,82,51,64,64,42,71,70,61,65,64,51,56,77,58,49,43,86,38,56,81,71,72,81
[ 5669.885777] [AOA] Measurement: 0,1629169574.779648,08:55:31:70:ff:0a,2,1,1,0,128,452,242,695,353,405,839,321,221,933,826,759,422,91,635,386,96,689,484,943,575,565,1006,236,940,910,850,401,287,355,382,494,577,53,40,58,39,74,72,58,46,45,78,49,60,57,43,64,65,62,60,61,54,55,73,58,49,42,74,40,55,73,69,72,79
[ 5669.928226] [AOA] Measurement: 0,1629169574.822100,08:55:31:70:ff:0a,2,1,1,0,128,414,206,766,401,411,825,810,6,381,570,303,268,94,647,390,85,660,473,921,566,681,54,283,1019,883,817,840,412,819,209,395,644,57,44,62,39,76,76,57,46,47,82,49,64,62,42,71,71,64,64,67,56,57,81,61,52,44,83,41,59,83,74,75,82
[ 5669.966151] [AOA] Measurement: 0,1629169574.860026,08:55:31:70:ff:0a,2,1,1,0,128,397,193,729,387,323,804,836,1013,334,518,212,209,555,446,860,916,670,493,862,504,535,995,270,963,918,830,972,518,334,387,2,124,52,38,59,40,67,74,48,40,47,77,43,50,62,37,63,62,50,56,51,30,46,63,40,36,34,75,29,48,67,53,56,64
[ 5670.009883] [AOA] Measurement: 0,1629169574.903758,08:55:31:70:ff:0a,2,1,1,0,128,447,271,268,621,355,792,819,2,943,772,253,256,534,452,811,862,26,261,314,322,74,838,709,719,391,619,365,253,870,197,243,411,57,46,67,42,78,80,57,50,52,85,50,62,66,42,70,70,55,64,64,43,51,75,51,43,40,85,35,51,75,62,65,71
[ 5670.053713] [AOA] Measurement: 0,1629169574.947588,08:55:31:70:ff:0a,2,1,1,0,128,995,456,246,598,344,784,767,985,460,633,842,471,83,633,827,892,137,288,904,580,603,15,249,927,982,888,988,486,432,475,638,638,58,44,66,43,79,81,60,51,49,86,51,65,65,44,72,70,62,65,66,51,56,79,59,49,44,85,40,57,84,72,76,84
[ 5670.095738] [AOA] Measurement: 0,1629169574.989610,08:55:31:70:ff:0a,2,1,1,0,128,518,320,737,385,374,800,772,978,409,573,243,261,536,415,840,888,46,225,343,322,54,869,778,789,945,848,991,526,357,390,707,844,51,40,58,38,71,71,56,45,42,74,45,60,54,39,64,63,60,57,61,52,54,71,56,47,40,71,37,54,73,66,71,78
[ 5670.138612] [AOA] Measurement: 0,1629169575.032481,08:55:31:70:ff:0a,2,1,1,0,128,496,288,763,447,357,799,817,19,966,810,234,246,103,616,351,38,655,473,905,559,588,1,297,982,948,869,976,492,392,407,957,21,59,44,67,42,79,82,55,46,50,84,49,61,65,43,73,72,62,66,66,47,57,79,55,49,43,87,38,56,83,70,70,78
[ 5670.181273] [AOA] Measurement: 0,1629169575.075145,08:55:31:70:ff:0a,2,1,1,0,128,0,440,290,582,411,827,372,234,897,756,280,244,500,348,827,908,122,296,886,521,661,19,243,961,918,820,949,473,361,404,713,744,55,43,62,37,77,75,57,48,47,81,51,62,63,44,69,68,62,65,67,53,56,78,57,50,42,82,41,55,82,71,74,82
[ 5670.223851] [AOA] Measurement: 0,1629169575.117727,08:55:31:70:ff:0a,2,1,1,0,128,425,254,731,374,371,821,754,947,414,605,238,240,520,423,812,891,63,262,371,359,633,49,712,777,354,614,423,291,863,212,51,307,57,44,65,43,79,82,60,49,51,87,50,61,67,42,69,68,59,65,62,42,54,76,50,43,39,83,34,52,76,62,65,72
[ 5670.267414] [AOA] Measurement: 0,1629169575.161290,08:55:31:70:ff:0a,2,1,1,0,128,935,385,804,471,960,3,343,234,1014,817,854,492,71,612,390,60,641,477,885,540,605,18,251,982,860,773,352,226,849,216,911,67,58,45,63,41,77,77,59,48,47,83,50,63,63,43,71,71,64,62,65,53,59,78,60,51,44,84,39,56,83,74,74,84
[ 5670.310565] [AOA] Measurement: 0,1629169575.204436,08:55:31:70:ff:0a,2,1,1,0,128,0,470,295,627,340,786,770,1015,395,576,280,296,74,629,887,908,67,259,334,345,675,60,271,985,936,853,890,405,352,399,959,74,37,30,49,33,54,64,36,32,41,66,36,42,57,31,50,53,38,49,43,21,38,55,33,27,30,68,25,42,59,46,47,53
[ 5670.354452] [AOA] Measurement: 0,1629169575.248322,08:55:31:70:ff:0a,2,1,1,0,128,385,189,697,388,288,754,768,989,362,552,193,205,512,361,836,896,50,217,293,296,36,841,783,785,932,818,923,483,835,181,193,546,57,44,65,40,78,79,59,47,49,81,49,62,61,42,71,70,62,66,65,51,56,79,58,49,43,84,39,56,83,69,72,80
[ 5670.404137] [AOA] Measurement: 0,1629169575.298007,08:55:31:70:ff:0a,2,1,1,0,128,9,483,304,636,934,10,329,188,944,814,815,438,506,389,862,916,150,300,858,555,50,867,322,1003,957,852,984,540,380,407,833,886,53,42,60,36,74,72,57,45,45,77,49,62,58,41,66,64,61,59,64,52,54,76,57,51,45,80,38,56,77,71,74,82
[ 5670.449587] [AOA] Measurement: 0,1629169575.343462,08:55:31:70:ff:0a,2,1,1,0,128,499,317,274,589,917,989,336,172,358,580,220,214,585,441,904,943,632,462,890,551,622,75,232,976,916,831,958,484,322,353,694,877,58,47,66,43,79,81,59,50,50,87,51,64,65,43,71,71,60,64,68,49,56,76,57,50,44,86,38,56,81,72,72,80
[ 5670.487360] [AOA] Measurement: 0,1629169575.381235,08:55:31:70:ff:0a,2,1,1,0,128,493,296,740,440,919,1021,298,153,936,792,786,410,102,650,367,52,673,472,899,529,550,12,351,997,991,882,965,488,359,387,943,107,51,42,57,36,69,69,56,45,41,73,47,59,53,41,64,63,59,57,59,52,52,75,57,50,42,76,39,54,72,67,72,79
[ 5670.528434] [AOA] Measurement: 0,1629169575.422304,08:55:31:70:ff:0a,2,1,1,0,128,454,238,704,390,368,803,757,992,390,607,221,217,531,425,844,870,47,235,337,310,80,841,668,723,318,613,352,227,846,179,208,505,55,43,59,35,75,74,57,46,44,81,48,61,59,42,69,68,62,64,67,54,58,80,60,51,43,86,41,58,84,72,75,85
[ 5670.573472] [AOA] Measurement: 0,1629169575.467347,08:55:31:70:ff:0a,2,1,1,0,128,360,232,301,656,900,985,802,1012,428,616,245,205,544,414,915,962,600,450,922,566,548,1004,808,792,967,866,416,307,892,244,561,790,48,39,54,34,65,67,50,41,39,70,42,52,53,38,62,61,52,56,59,47,51,70,53,44,40,74,36,49,74,64,67,73
[ 5670.615777] [AOA] Measurement: 0,1629169575.509647,08:55:31:70:ff:0a,2,1,1,0,128,410,212,768,438,392,823,729,972,402,578,189,226,525,396,844,899,49,250,941,570,592,31,294,971,917,853,937,435,367,403,176,388,51,42,61,37,74,74,57,45,45,75,47,61,60,41,67,65,60,59,65,54,56,76,59,50,43,82,39,59,80,74,75,83
[ 5670.659667] [AOA] Measurement: 0,1629169575.553543,08:55:31:70:ff:0a,2,1,1,0,128,396,223,720,422,364,803,849,28,424,596,850,465,42,570,878,906,125,297,342,386,584,1,805,824,359,634,419,239,867,185,396,599,56,41,62,38,74,74,56,45,43,75,47,61,56,43,66,66,62,62,63,51,54,75,59,51,43,76,38,55,75,69,72,79
[ 5670.703632] [AOA] Measurement: 0,1629169575.597508,08:55:31:70:ff:0a,2,1,1,0,128,466,236,300,622,916,973,331,178,1018,831,784,406,162,705,358,81,624,403,882,534,563,1004,754,770,953,852,924,456,394,416,306,435,58,45,62,41,78,78,59,48,47,81,50,63,64,44,70,71,63,65,68,53,57,81,59,51,45,88,40,59,85,74,76,83
[ 5670.742023] [AOA] Measurement: 0,1629169575.635899,08:55:31:70:ff:0a,2,1,1,0,128,401,187,742,421,424,841,852,18,969,765,773,411,576,415,375,51,620,414,888,506,598,22,729,758,403,679,360,242,920,253,1013,140,59,44,66,42,78,80,55,48,50,86,50,61,65,42,67,70,58,64,62,44,51,73,53,46,41,83,37,53,77,64,67,76
[ 5670.783532] [AOA] Measurement: 0,1629169575.677406,08:55:31:70:ff:0a,2,1,1,0,128,993,448,246,575,901,988,806,1016,381,630,790,457,94,650,407,91,638,416,954,579,47,849,344,985,936,828,338,225,809,196,805,1010,55,45,61,40,74,74,58,48,46,79,49,63,62,44,70,69,63,61,66,55,58,78,60,52,44,84,41,57,80,72,75,85
[ 5670.827857] [AOA] Measurement: 0,1629169575.721732,08:55:31:70:ff:0a,2,1,1,0,128,987,439,328,666,871,965,770,1014,394,621,251,233,506,407,894,909,86,280,338,350,600,994,282,966,303,576,436,316,854,221,644,775,58,45,64,41,78,78,57,49,48,81,50,63,61,43,70,71,62,62,65,53,58,78,59,50,44,83,41,57,80,71,76,85
[ 5670.866295] [AOA] Measurement: 0,1629169575.760170,08:55:31:70:ff:0a,2,1,1,0,128,954,400,775,412,864,993,802,1004,1004,788,779,441,72,622,410,91,668,529,909,563,621,45,268,971,922,849,970,511,373,375,379,461,52,38,54,36,69,67,55,43,42,71,45,58,52,41,65,64,58,57,60,53,55,72,57,49,43,75,39,55,74,70,73,79
[ 5670.910284] [AOA] Measurement: 0,1629169575.804158,08:55:31:70:ff:0a,2,1,1,0,128,408,239,692,397,388,798,798,987,397,592,239,244,588,448,817,881,686,483,321,350,603,22,731,759,388,666,1015,504,434,431,410,472,51,39,59,35,70,70,54,42,40,72,45,58,55,39,64,62,59,56,61,50,53,72,57,48,42,76,38,54,74,70,72,82
[ 5670.954473] [AOA] Measurement: 0,1629169575.848349,08:55:31:70:ff:0a,2,1,1,0,128,42,529,266,624,887,987,782,988,963,798,811,467,70,650,393,86,670,494,914,578,560,1003,262,994,953,870,990,520,402,445,1003,973,55,45,64,40,77,76,58,49,46,80,49,62,60,42,69,70,64,64,66,53,57,76,60,51,45,83,41,55,81,71,73,83
[ 5670.998683] [AOA] Measurement: 0,1629169575.892558,08:55:31:70:ff:0a,2,1,1,0,128,459,260,773,449,330,829,318,165,925,770,835,470,568,458,378,129,34,219,291,319,54,871,721,732,369,635,446,288,382,405,488,561,57,45,65,39,78,80,59,50,49,85,51,64,64,45,72,71,64,65,67,52,58,78,61,51,44,85,39,56,82,73,75,85
[ 5671.042386] [AOA] Measurement: 0,1629169575.936261,08:55:31:70:ff:0a,2,1,1,0,128,40,463,728,418,330,748,776,985,422,606,232,264,483,383,876,919,31,248,358,338,72,847,773,766,416,670,411,278,828,197,65,324,56,46,65,40,78,78,60,50,48,84,52,64,63,43,72,70,62,64,64,53,56,77,59,51,45,86,40,57,84,73,76,82
[ 5671.091305] [AOA] Measurement: 0,1629169575.985181,08:55:31:70:ff:0a,2,1,1,0,128,483,282,315,626,377,823,725,985,987,817,814,439,107,650,378,67,668,502,880,539,568,1013,726,758,394,630,956,478,791,153,865,14,57,45,65,41,81,81,59,48,48,84,50,63,64,43,72,71,62,64,67,50,58,78,57,48,44,86,38,56,83,71,73,81
[ 5671.129828] [AOA] Measurement: 0,1629169576.023698,08:55:31:70:ff:0a,2,1,1,0,128,950,417,754,433,913,944,326,181,950,809,760,404,100,664,376,82,614,426,981,622,614,52,314,1006,965,876,934,473,317,385,128,209,55,45,62,39,77,75,60,48,47,79,49,63,60,43,70,70,64,64,65,54,58,78,60,52,44,84,40,57,81,74,77,83
[ 5671.172946] [AOA] Measurement: 0,1629169576.066816,08:55:31:70:ff:0a,2,1,1,0,128,16,494,260,575,863,941,833,20,999,794,257,237,564,488,799,849,103,253,377,388,1013,827,784,787,390,654,393,276,813,178,184,336,56,45,65,40,76,80,60,49,49,85,51,65,63,43,71,70,61,64,66,52,55,76,60,50,42,85,38,56,80,71,75,82
[ 5671.222538] [AOA] Measurement: 0,1629169576.116410,08:55:31:70:ff:0a,2,1,1,0,128,459,295,276,602,330,800,772,974,432,615,238,233,472,389,867,938,649,467,263,309,52,847,755,785,408,638,365,234,849,206,360,528,50,42,60,37,71,72,55,46,44,77,47,62,57,41,68,66,62,61,65,54,58,77,59,52,43,80,39,56,80,73,75,82
[ 5671.267420] [AOA] Measurement: 0,1629169576.161295,08:55:31:70:ff:0a,2,1,1,0,128,1013,444,252,616,939,18,782,1008,330,543,234,277,532,384,872,912,646,467,923,535,50,871,746,796,398,656,406,293,916,236,352,541,44,32,55,36,59,69,42,34,45,72,37,45,57,30,53,55,40,49,41,21,37,50,27,25,29,64,22,41,56,40,42,48
[ 5671.306010] [AOA] Measurement: 0,1629169576.199884,08:55:31:70:ff:0a,2,1,1,0,128,388,190,732,400,348,819,771,973,421,588,167,195,585,456,810,914,93,270,356,371,15,827,746,765,384,642,366,265,875,243,370,558,49,38,53,33,67,65,49,42,38,68,42,55,53,37,61,59,53,54,60,48,49,69,52,45,39,74,36,49,70,64,67,74
[ 5671.350040] [AOA] Measurement: 0,1629169576.243915,08:55:31:70:ff:0a,2,1,1,0,128,1,459,281,633,893,991,343,212,396,597,258,248,43,598,446,109,664,501,852,514,595,7,293,995,335,647,418,286,891,239,392,542,58,47,66,43,78,80,60,51,51,84,49,61,64,41,70,68,59,64,63,46,56,76,56,47,41,85,37,52,78,67,68,75
[ 5671.394217] [AOA] Measurement: 0,1629169576.288092,08:55:31:70:ff:0a,2,1,1,0,128,489,270,311,662,366,804,777,996,345,544,179,176,484,377,793,873,72,230,328,322,23,816,781,798,387,663,369,286,871,213,676,815,56,43,60,40,73,76,58,45,46,79,49,62,61,44,71,69,63,64,66,52,56,79,59,51,44,83,39,59,82,73,72,83
[ 5671.437870] [AOA] Measurement: 0,1629169576.331745,08:55:31:70:ff:0a,2,1,1,0,128,414,225,793,452,887,1003,771,1004,401,589,258,240,99,627,872,919,625,431,327,318,10,841,702,765,957,851,952,474,396,430,73,175,51,40,56,35,72,71,54,44,42,72,45,60,54,40,62,61,59,58,62,52,52,73,56,51,43,75,39,53,72,67,71,77
[ 5671.475934] [AOA] Measurement: 0,1629169576.369810,08:55:31:70:ff:0a,2,1,1,0,128,1020,460,316,657,917,992,302,192,938,776,809,446,118,664,382,41,691,483,888,590,607,43,285,997,909,828,987,488,430,460,452,434,58,47,65,41,77,80,59,50,50,84,50,65,65,44,72,72,62,65,66,49,57,77,59,49,45,86,40,56,83,72,74,83
[ 5671.520082] [AOA] Measurement: 0,1629169576.413957,08:55:31:70:ff:0a,2,1,1,0,128,476,268,732,416,374,785,767,964,389,576,219,193,521,393,882,909,52,233,380,367,31,857,272,978,901,814,434,294,814,180,54,230,53,41,60,37,73,73,55,44,43,73,46,60,54,42,65,65,59,60,62,52,54,74,56,50,44,76,40,56,77,69,73,79
[ 5671.564655] [AOA] Measurement: 0,1629169576.458530,08:55:31:70:ff:0a,2,1,1,0,128,19,508,309,642,941,1012,307,176,892,752,764,398,530,438,871,941,645,461,316,343,625,33,279,941,971,889,956,515,406,430,175,205,47,37,55,32,67,65,51,41,40,71,42,56,53,37,60,59,53,54,57,46,50,69,52,44,38,72,35,50,73,64,66,73
[ 5671.607866] [AOA] Measurement: 0,1629169576.501741,08:55:31:70:ff:0a,2,1,1,0,128,475,253,679,356,323,804,748,989,370,581,241,221,491,375,855,899,74,233,326,323,27,861,744,796,390,661,929,470,389,416,795,884,59,46,67,42,79,81,60,49,49,82,51,63,63,44,71,71,62,65,65,53,57,78,59,50,43,85,39,57,83,72,75,81
[ 5671.650725] [AOA] Measurement: 0,1629169576.544599,08:55:31:70:ff:0a,2,1,1,0,128,478,257,791,457,956,1001,324,190,952,780,774,461,472,373,388,91,616,509,871,537,583,12,294,1007,960,847,879,439,384,427,359,420,60,46,67,42,81,83,60,50,51,86,51,64,64,44,72,72,60,65,67,50,56,79,57,51,44,87,39,56,81,70,73,81
[ 5671.689653] [AOA] Measurement: 0,1629169576.583524,08:55:31:70:ff:0a,2,1,1,0,128,345,173,765,422,389,817,322,194,902,779,726,384,475,410,869,955,617,478,895,524,606,1007,306,1008,907,786,398,268,810,193,538,755,50,40,55,35,68,68,51,41,40,72,44,56,53,38,60,60,54,56,58,47,51,70,53,45,40,71,36,51,70,64,66,74
[ 5671.732890] [AOA] Measurement: 0,1629169576.626760,08:55:31:70:ff:0a,2,1,1,0,128,472,259,245,597,871,1006,283,151,918,782,732,401,531,444,794,855,25,228,312,316,31,841,729,740,400,645,414,290,897,242,137,338,54,43,62,38,76,75,58,48,46,78,48,63,59,42,66,68,61,60,65,51,56,76,59,52,45,82,41,57,80,72,76,85
[ 5671.782432] [AOA] Measurement: 0,1629169576.676302,08:55:31:70:ff:0a,2,1,1,0,128,428,253,301,585,350,779,807,5,930,757,823,455,69,591,873,935,106,263,289,309,70,858,765,819,962,894,974,481,313,404,407,611,56,45,65,40,77,77,57,48,47,78,51,63,62,43,71,70,62,63,64,51,56,79,60,52,44,85,39,56,81,72,72,81
[ 5671.827032] [AOA] Measurement: 0,1629169576.720907,08:55:31:70:ff:0a,2,1,1,0,128,378,210,729,360,313,767,794,1014,339,532,289,276,508,378,845,889,59,230,867,495,63,852,773,806,383,646,438,298,863,215,1004,160,59,46,64,42,79,81,60,50,50,86,52,65,65,44,70,71,62,65,67,52,56,79,60,49,44,85,39,55,82,72,74,81
[ 5671.872466] [AOA] Measurement: 0,1629169576.766336,08:55:31:70:ff:0a,2,1,1,0,128,1001,459,242,596,962,998,794,993,371,554,254,253,614,501,827,883,677,484,899,536,591,11,755,795,985,889,937,469,437,429,968,3,57,45,64,40,78,80,61,50,48,84,51,64,63,45,72,70,62,63,67,53,57,79,59,52,44,85,40,57,82,71,74,83
[ 5671.915732] [AOA] Measurement: 0,1629169576.809607,08:55:31:70:ff:0a,2,1,1,0,128,465,246,276,603,900,982,323,170,347,549,186,197,534,380,839,901,65,248,340,359,585,9,271,953,894,802,991,495,357,352,331,399,54,41,58,37,74,74,56,45,44,79,48,63,59,43,69,67,63,63,65,54,56,79,60,53,45,82,41,57,81,74,76,85
[ 5671.958679] [AOA] Measurement: 0,1629169576.852554,08:55:31:70:ff:0a,2,1,1,0,128,459,233,713,374,353,823,756,978,399,604,209,226,492,410,395,87,613,438,889,502,554,1003,719,777,902,824,950,457,404,416,163,269,58,45,65,40,80,78,60,48,49,84,50,65,65,44,72,71,61,64,67,52,59,78,59,51,44,85,38,56,83,71,75,83
[ 5672.003180] [AOA] Measurement: 0,1629169576.897050,08:55:31:70:ff:0a,2,1,1,0,128,399,189,742,400,318,766,776,985,387,570,242,253,505,387,898,931,609,448,374,341,36,883,229,938,386,649,7,503,401,405,1013,153,58,45,65,41,78,82,60,50,49,87,50,63,64,44,70,71,63,65,65,51,54,76,56,48,43,84,39,57,82,72,73,83
[ 5672.057608] [AOA] Measurement: 0,1629169576.951484,08:55:31:70:ff:0a,2,1,1,0,128,435,243,767,424,373,806,857,41,959,844,218,211,95,619,807,911,126,312,341,348,54,858,766,756,414,660,458,309,391,424,627,776,56,44,64,40,77,77,60,48,48,83,50,63,63,44,71,71,61,62,66,52,56,79,60,52,45,83,41,57,82,72,76,84
[ 5672.099986] [AOA] Measurement: 0,1629169576.993856,08:55:31:70:ff:0a,2,1,1,0,128,1000,456,734,409,372,799,812,1,913,787,828,472,55,601,407,72,627,446,319,349,545,974,273,962,907,842,430,280,850,205,911,1015,58,45,66,42,77,80,58,49,50,86,53,63,66,45,71,71,60,65,66,46,52,73,53,44,40,80,36,52,77,66,67,73
[ 5672.138275] [AOA] Measurement: 0,1629169577.032152,08:55:31:70:ff:0a,2,1,1,0,128,996,453,255,617,370,799,803,1016,917,768,265,218,557,455,849,897,54,286,347,355,616,33,276,966,892,793,961,448,424,424,566,623,57,45,65,41,78,79,60,50,50,85,52,64,64,45,72,69,61,66,66,51,57,78,57,50,43,83,38,56,82,72,74,83
[ 5672.181739] [AOA] Measurement: 0,1629169577.075614,08:55:31:70:ff:0a,2,1,1,0,128,992,414,305,608,859,966,767,1004,1011,834,778,429,68,613,383,87,95,287,934,538,626,66,293,974,970,857,915,454,391,434,444,589,55,42,63,38,77,77,58,49,46,83,49,63,62,43,70,72,63,65,67,54,57,78,60,52,44,83,41,57,83,72,76,86
[ 5672.225661] [AOA] Measurement: 0,1629169577.119536,08:55:31:70:ff:0a,2,1,1,0,128,948,404,726,395,367,825,329,177,405,597,232,217,505,400,368,48,625,452,351,355,54,858,353,13,882,836,988,509,411,425,974,115,56,43,62,40,75,77,58,48,47,79,49,62,60,43,69,67,62,63,66,54,57,77,61,51,45,82,40,58,81,72,75,84
[ 5672.274109] [AOA] Measurement: 0,1629169577.167984,08:55:31:70:ff:0a,2,1,1,0,128,1023,457,241,643,931,1018,365,225,937,753,806,422,547,419,868,949,628,435,931,555,602,47,744,801,961,890,898,444,856,232,304,430,57,43,66,41,79,80,60,50,50,86,51,63,67,44,73,72,61,67,66,51,56,80,57,50,43,84,39,56,80,70,73,81
[ 5672.318218] [AOA] Measurement: 0,1629169577.212093,08:55:31:70:ff:0a,2,1,1,0,128,31,541,265,625,933,992,333,165,1012,817,804,432,65,617,396,96,680,483,928,616,553,10,295,978,915,847,943,434,373,417,619,735,55,45,64,38,78,78,58,47,47,81,48,63,63,43,72,70,64,65,67,54,58,79,59,49,45,84,39,57,83,72,74,83
[ 5672.364155] [AOA] Measurement: 0,1629169577.258028,08:55:31:70:ff:0a,2,1,1,0,128,436,235,739,428,347,779,793,987,949,784,763,425,89,616,825,885,100,270,330,320,558,1021,726,779,358,648,424,316,396,402,206,401,59,45,63,41,78,78,59,49,49,86,51,63,62,45,72,70,63,66,66,51,57,78,61,50,44,84,41,56,85,73,75,83
[ 5672.409893] [AOA] Measurement: 0,1629169577.303767,08:55:31:70:ff:0a,2,1,1,0,128,445,243,819,452,377,853,760,6,398,578,241,227,590,450,863,908,108,286,316,349,9,823,731,742,414,648,416,295,887,252,700,861,58,46,64,41,78,80,58,47,48,83,51,62,65,45,71,70,63,64,67,51,57,77,59,49,43,85,40,56,79,70,71,80
[ 5672.453666] [AOA] Measurement: 0,1629169577.347541,08:55:31:70:ff:0a,2,1,1,0,128,0,492,269,589,928,998,332,182,963,804,813,398,99,663,803,901,44,245,365,379,27,838,329,1001,944,835,983,474,367,386,176,348,57,45,65,41,81,80,60,48,50,86,52,65,66,43,71,70,63,64,64,50,55,78,58,51,43,86,40,56,82,72,74,82
[ 5672.495567] [AOA] Measurement: 0,1629169577.389439,08:55:31:70:ff:0a,2,1,1,0,128,955,415,298,642,920,979,327,188,360,586,219,244,568,436,877,919,683,514,930,581,542,0,268,962,910,829,954,471,416,438,169,189,56,45,62,40,77,78,60,48,49,83,50,64,64,44,71,72,62,65,68,53,57,80,60,53,45,85,39,57,82,73,74,82
[ 5672.537953] [AOA] Measurement: 0,1629169577.431823,08:55:31:70:ff:0a,2,1,1,0,128,423,223,708,381,362,787,762,978,432,601,234,216,549,422,838,870,84,261,342,361,634,6,230,949,328,617,345,258,843,182,279,508,59,45,66,41,81,83,59,50,52,85,52,64,66,45,72,70,60,64,67,51,57,80,58,49,43,84,40,56,80,70,75,82
[ 5672.576036] [AOA] Measurement: 0,1629169577.469910,08:55:31:70:ff:0a,2,1,1,0,128,417,245,270,605,924,999,269,165,988,835,816,461,107,655,335,42,42,254,347,366,41,823,740,768,351,620,405,263,440,462,723,806,55,44,65,38,77,77,58,47,47,81,51,64,62,44,68,69,62,62,65,53,56,79,60,53,45,82,40,56,81,73,73,83
[ 5672.619642] [AOA] Measurement: 0,1629169577.513516,08:55:31:70:ff:0a,2,1,1,0,128,427,259,746,426,332,777,846,23,904,760,220,236,89,620,350,30,597,446,862,469,21,817,750,752,974,864,398,286,897,250,818,954,55,44,62,38,76,76,59,48,44,82,49,64,61,42,69,68,63,64,64,51,57,77,60,51,45,82,40,59,82,73,75,85
[ 5672.663497] [AOA] Measurement: 0,1629169577.557372,08:55:31:70:ff:0a,2,1,1,0,128,422,226,704,380,268,748,780,976,431,602,194,212,571,409,844,917,77,283,330,355,607,38,758,769,348,590,428,294,845,202,859,1016,53,41,60,37,74,74,56,45,44,77,47,62,58,42,67,66,59,59,62,52,55,74,58,51,44,78,40,56,78,69,75,82
[ 5672.705302] [AOA] Measurement: 0,1629169577.599173,08:55:31:70:ff:0a,2,1,1,0,128,431,238,732,408,336,784,835,32,906,772,765,460,66,607,420,90,622,439,891,512,21,825,745,761,387,668,953,478,341,370,941,89,58,43,65,42,77,78,58,50,50,84,51,62,67,42,70,71,60,63,65,47,54,76,55,47,42,86,36,52,79,64,69,76
[ 5672.747486] [AOA] Measurement: 0,1629169577.641358,08:55:31:70:ff:0a,2,1,1,0,128,462,243,783,418,405,830,316,139,425,580,230,211,493,379,814,888,59,233,351,368,592,55,263,962,859,788,958,496,368,432,918,88,53,42,61,36,73,73,57,45,46,78,49,62,61,44,70,69,62,64,64,53,56,77,59,50,43,84,39,57,83,73,76,83
[ 5672.793460] [AOA] Measurement: 0,1629169577.687334,08:55:31:70:ff:0a,2,1,1,0,128,488,259,784,447,370,822,828,14,919,762,239,265,74,607,818,895,701,484,877,516,570,40,290,957,932,851,950,484,373,388,643,772,54,42,60,36,76,75,58,48,47,80,48,63,61,43,68,68,62,62,63,54,56,78,60,51,42,81,40,56,78,70,72,81
[ 5672.843089] [AOA] Measurement: 0,1629169577.736959,08:55:31:70:ff:0a,2,1,1,0,128,430,241,300,625,352,813,733,973,401,602,268,264,529,396,856,904,70,250,902,545,612,46,290,984,926,835,336,279,874,203,654,852,55,43,62,39,76,77,58,48,45,81,50,64,60,44,69,67,60,61,64,53,57,78,60,49,44,83,40,57,81,70,75,83
[ 5672.897533] [AOA] Measurement: 0,1629169577.791407,08:55:31:70:ff:0a,2,1,1,0,128,434,239,773,441,868,969,286,148,943,771,767,407,553,426,806,871,123,232,318,333,85,909,712,780,406,675,906,470,352,401,631,697,59,46,67,43,80,83,58,49,50,85,50,63,67,43,71,70,59,63,65,48,55,76,57,49,43,85,38,54,80,69,70,80
[ 5672.939825] [AOA] Measurement: 0,1629169577.833695,08:55:31:70:ff:0a,2,1,1,0,128,1015,466,277,642,914,1015,324,156,908,757,822,456,46,644,410,75,645,470,882,540,644,55,324,1015,944,848,973,498,385,421,710,754,57,43,64,40,79,78,59,49,49,85,51,65,63,46,72,70,63,65,66,50,58,78,60,53,44,84,41,58,82,74,74,83
[ 5672.979257] [AOA] Measurement: 0,1629169577.873133,08:55:31:70:ff:0a,2,1,1,0,128,980,442,284,629,868,955,360,215,944,756,232,231,485,368,852,898,72,248,905,579,558,1023,273,954,962,861,982,519,351,374,368,509,52,40,59,36,74,73,55,44,44,72,47,61,57,41,67,66,61,62,63,52,55,76,58,50,42,77,39,55,78,72,73,80
[ 5673.023356] [AOA] Measurement: 0,1629169577.917230,08:55:31:70:ff:0a,2,1,1,0,128,411,244,803,458,391,852,314,177,4,828,752,437,1,563,369,62,99,239,308,311,68,868,743,784,933,842,1013,516,382,412,560,508,57,46,65,41,78,80,58,49,49,83,51,63,63,43,72,70,60,65,67,53,57,80,59,50,44,87,40,56,81,72,73,84
[ 5673.065025] [AOA] Measurement: 0,1629169577.958896,08:55:31:70:ff:0a,2,1,1,0,128,542,282,715,388,402,824,799,0,922,762,294,257,551,420,354,55,78,256,415,388,31,834,750,772,344,632,456,315,342,385,571,672,60,46,67,42,78,80,57,50,50,86,50,63,67,44,71,71,61,67,65,48,55,78,56,49,42,86,37,55,79,69,71,77
[ 5673.106962] [AOA] Measurement: 0,1629169578.000833,08:55:31:70:ff:0a,2,1,1,0,128,463,262,326,661,886,981,787,990,1019,811,801,483,1015,597,863,922,90,272,842,491,26,846,719,763,333,615,439,285,835,181,805,961,58,44,64,40,78,78,61,49,48,82,51,63,63,46,71,69,63,64,66,53,57,79,60,51,45,85,42,56,83,72,76,84
[ 5673.151235] [AOA] Measurement: 0,1629169578.045110,08:55:31:70:ff:0a,2,1,1,0,128,456,257,790,448,892,974,742,1001,472,630,801,459,113,651,339,80,653,473,890,554,568,3,275,976,912,816,420,293,410,422,937,30,54,42,60,38,73,73,55,46,44,78,48,62,58,43,68,65,62,62,64,54,57,75,60,51,44,81,40,57,80,73,74,83
[ 5673.194909] [AOA] Measurement: 0,1629169578.088787,08:55:31:70:ff:0a,2,1,1,0,128,420,256,304,626,984,34,322,212,919,773,735,403,551,452,884,930,613,453,866,513,1020,818,792,828,372,612,399,288,840,179,647,848,57,44,63,41,76,77,60,49,47,81,49,62,62,44,68,67,63,63,68,54,57,79,60,53,46,82,40,57,80,72,74,84
[ 5673.237413] [AOA] Measurement: 0,1629169578.131285,08:55:31:70:ff:0a,2,1,1,0,128,436,250,738,420,361,793,792,961,444,621,228,242,502,409,856,899,84,263,335,334,599,9,332,987,952,870,964,473,372,428,472,567,51,39,57,35,75,74,57,46,42,76,48,60,56,42,66,63,61,61,62,53,52,75,56,50,41,75,38,55,76,69,72,82
[ 5673.281533] [AOA] Measurement: 0,1629169578.175408,08:55:31:70:ff:0a,2,1,1,0,128,452,202,691,332,360,791,829,1006,384,575,192,184,527,391,858,909,70,229,326,324,43,816,205,937,407,658,375,266,858,220,322,504,58,47,67,42,82,81,61,51,52,87,52,63,66,45,73,72,62,67,67,53,58,79,60,52,45,86,40,57,82,72,75,82
[ 5673.325140] [AOA] Measurement: 0,1629169578.219015,08:55:31:70:ff:0a,2,1,1,0,128,511,309,318,651,926,987,812,1017,939,756,838,484,1021,587,419,81,629,449,372,406,60,836,282,1009,911,830,374,261,797,165,796,44,59,45,67,42,81,83,57,49,50,87,50,62,66,43,71,71,60,63,64,46,55,75,55,45,41,83,36,54,79,67,68,76
[ 5673.367809] [AOA] Measurement: 0,1629169578.261679,08:55:31:70:ff:0a,2,1,1,0,128,975,413,298,613,940,1001,319,210,889,768,233,257,91,628,856,905,594,411,881,561,574,1011,301,1000,898,849,1022,493,361,398,410,473,52,42,60,36,74,70,56,46,45,76,47,60,58,43,68,67,63,63,64,55,57,77,58,51,43,80,39,56,78,72,74,82
[ 5673.411372] [AOA] Measurement: 0,1629169578.305243,08:55:31:70:ff:0a,2,1,1,0,128,465,271,731,391,425,849,752,971,364,556,188,201,487,395,800,868,109,257,307,311,38,858,724,741,411,650,360,253,881,200,531,705,55,42,59,38,74,74,55,45,43,75,47,61,59,43,68,67,60,58,64,53,55,74,57,50,43,78,39,57,78,71,73,82
[ 5673.453115] [AOA] Measurement: 0,1629169578.346990,08:55:31:70:ff:0a,2,1,1,0,128,453,273,281,617,853,973,789,983,332,507,223,204,527,433,892,914,662,490,913,565,587,7,261,962,330,611,369,247,795,189,14,218,55,43,62,38,73,75,59,48,45,80,49,63,60,43,68,67,62,60,65,53,56,77,59,51,43,77,41,55,79,71,74,81
[ 5673.497464] [AOA] Measurement: 0,1629169578.391340,08:55:31:70:ff:0a,2,1,1,0,128,993,456,248,623,952,1,308,183,424,602,262,252,53,579,376,82,593,407,928,564,552,27,290,977,940,844,38,535,429,453,266,334,57,45,66,42,78,79,60,50,48,83,50,63,63,43,70,70,63,66,68,55,58,78,59,52,45,86,41,59,82,72,74,85
[ 5673.541080] [AOA] Measurement: 0,1629169578.434956,08:55:31:70:ff:0a,2,1,1,0,128,500,276,720,372,332,782,741,980,360,574,199,188,559,432,845,915,656,474,898,550,578,42,258,972,901,847,976,497,394,436,611,713,56,46,65,40,76,78,57,50,48,82,49,64,61,43,72,69,61,62,68,54,57,77,61,51,44,83,40,58,82,73,76,84
[ 5673.579273] [AOA] Measurement: 0,1629169578.473150,08:55:31:70:ff:0a,2,1,1,0,128,436,267,759,422,913,998,302,179,357,589,266,265,540,433,854,899,684,501,890,564,641,30,303,985,951,826,999,523,406,444,725,746,46,34,51,38,58,68,42,36,44,71,39,45,60,34,57,58,43,52,46,23,40,57,34,30,29,69,26,44,59,47,49,54
[ 5673.617524] [AOA] Measurement: 0,1629169578.511402,08:55:31:70:ff:0a,2,1,1,0,128,488,273,295,663,413,830,802,1,960,819,248,231,522,404,372,57,611,461,879,536,570,10,277,982,938,840,424,260,364,374,929,38,56,45,62,39,77,76,58,49,48,82,50,64,63,44,72,69,64,65,66,54,59,78,60,50,44,83,41,57,81,71,75,84
[ 5673.663891] [AOA] Measurement: 0,1629169578.557737,08:55:31:70:ff:0a,2,1,1,0,128,18,540,323,618,964,1021,293,196,964,812,861,495,86,629,386,64,645,430,915,582,597,29,286,955,975,903,1008,519,405,451,588,573,55,43,62,37,76,76,57,47,47,82,48,64,62,43,69,67,62,64,67,52,57,76,59,51,45,83,40,55,82,73,75,83
[ 5673.720616] [AOA] Measurement: 0,1629169578.614487,08:55:31:70:ff:0a,2,1,1,0,128,505,288,756,420,363,793,767,1009,364,554,262,253,570,446,827,867,121,292,338,355,618,25,337,1019,906,801,970,477,392,402,228,362,47,37,52,32,62,64,50,40,39,67,41,52,50,37,61,57,51,52,55,46,49,66,52,43,37,73,34,51,72,64,66,73
[ 5673.763494] [AOA] Measurement: 0,1629169578.657366,08:55:31:70:ff:0a,2,1,1,0,128,976,465,323,613,848,958,305,218,982,803,737,423,86,627,403,84,582,415,904,542,545,1010,721,757,381,612,417,277,876,238,434,540,59,45,66,42,79,82,57,49,52,88,51,65,67,45,73,72,63,67,67,49,57,78,58,50,44,86,39,55,83,70,73,80
[ 5673.812215] [AOA] Measurement: 0,1629169578.706092,08:55:31:70:ff:0a,2,1,1,0,128,430,237,728,399,337,804,781,969,372,590,240,258,558,434,863,942,688,479,866,533,580,4,295,980,932,876,949,497,435,420,599,715,59,44,65,41,78,78,57,48,50,82,49,64,65,44,71,72,61,64,66,51,57,79,58,50,42,85,37,57,81,70,72,80
[ 5673.850976] [AOA] Measurement: 0,1629169578.744848,08:55:31:70:ff:0a,2,1,1,0,128,475,265,268,590,907,997,336,193,1000,847,826,486,174,725,364,97,665,460,904,576,573,16,246,961,981,883,981,500,435,478,458,477,53,42,59,35,72,72,56,45,43,76,47,61,56,42,67,66,60,61,64,53,57,75,58,51,44,78,38,55,78,71,74,81
[ 5673.901050] [AOA] Measurement: 0,1629169578.794924,08:55:31:70:ff:0a,2,1,1,0,128,455,264,736,400,388,807,325,168,907,779,765,417,124,693,837,913,105,290,903,532,582,5,333,1001,919,817,928,481,406,462,6,140,57,44,63,41,76,78,57,48,46,83,51,63,64,43,71,72,63,64,68,54,57,80,59,51,45,86,40,57,82,69,74,81
[ 5673.951106] [AOA] Measurement: 0,1629169578.844976,08:55:31:70:ff:0a,2,1,1,0,128,11,467,298,665,953,991,300,153,958,790,225,217,537,413,925,940,112,250,924,593,569,19,277,959,369,675,353,230,902,254,645,744,49,40,56,34,71,69,55,43,43,71,46,59,53,40,63,64,60,59,62,52,57,74,57,50,43,78,40,55,78,70,72,82
[ 5673.993644] [AOA] Measurement: 0,1629169578.887519,08:55:31:70:ff:0a,2,1,1,0,128,972,401,293,659,399,873,287,165,969,788,800,432,528,436,824,898,111,276,900,569,44,835,310,996,944,855,376,271,869,244,83,170,57,44,65,41,78,81,58,47,49,86,49,61,65,41,71,70,59,64,67,46,55,78,55,48,42,88,36,55,83,68,70,80
[ 5674.036768] [AOA] Measurement: 0,1629169578.930644,08:55:31:70:ff:0a,2,1,1,0,128,478,223,717,433,336,779,781,965,387,550,285,270,538,399,842,916,22,184,291,281,28,826,755,772,327,628,345,221,862,194,550,783,57,43,62,40,76,76,59,48,47,81,48,63,63,44,70,69,65,63,66,53,57,77,60,52,43,84,41,56,80,71,75,81
[ 5674.080674] [AOA] Measurement: 0,1629169578.974549,08:55:31:70:ff:0a,2,1,1,0,128,30,483,324,661,929,1008,751,993,390,567,207,245,519,414,807,864,103,271,316,329,52,853,737,760,374,642,416,297,407,455,490,558,57,46,64,41,76,81,53,47,49,86,48,60,66,42,70,69,57,64,62,43,53,73,50,44,40,83,35,52,77,64,65,72
[ 5674.118787] [AOA] Measurement: 0,1629169579.012662,08:55:31:70:ff:0a,2,1,1,0,128,976,440,335,664,859,978,318,191,924,778,798,431,101,623,816,893,73,230,316,311,58,862,322,964,935,844,1022,522,400,418,52,177,59,45,67,43,80,82,59,49,51,86,52,64,66,46,74,71,60,65,68,49,55,79,58,50,44,86,38,54,81,70,72,79
[ 5674.163306] [AOA] Measurement: 0,1629169579.057179,08:55:31:70:ff:0a,2,1,1,0,128,38,476,266,607,924,1004,796,1016,402,628,787,407,506,382,845,897,90,265,287,301,681,70,236,950,847,751,424,292,386,406,681,813,56,43,63,41,77,77,57,49,48,82,49,62,66,43,70,70,60,65,66,49,56,78,57,50,44,85,37,56,82,69,70,78
[ 5674.217862] [AOA] Measurement: 0,1629169579.111737,08:55:31:70:ff:0a,2,1,1,0,128,475,280,276,617,936,990,330,180,333,521,288,252,99,643,405,93,627,446,949,561,645,59,277,992,942,876,982,492,394,439,176,203,52,40,62,39,68,76,49,42,47,78,44,51,64,37,61,64,49,58,54,31,45,64,41,34,34,74,28,46,67,55,54,59
[ 5674.261344] [AOA] Measurement: 0,1629169579.155215,08:55:31:70:ff:0a,2,1,1,0,128,470,267,287,598,902,992,348,168,915,768,222,237,95,589,403,88,665,489,906,535,569,29,291,996,955,859,968,490,314,352,88,339,55,42,62,41,76,80,58,48,51,86,50,62,66,43,71,71,61,63,66,48,56,76,55,47,42,85,37,55,80,67,69,77
[ 5674.303200] [AOA] Measurement: 0,1629169579.197077,08:55:31:70:ff:0a,2,1,1,0,128,489,271,298,601,391,805,329,150,430,597,271,261,123,643,838,911,105,293,872,536,596,18,259,918,947,840,987,494,370,372,857,941,59,46,65,40,80,80,60,50,49,86,51,65,66,44,73,72,64,66,67,52,57,80,60,51,44,87,41,58,84,73,75,85
[ 5674.346877] [AOA] Measurement: 0,1629169579.240753,08:55:31:70:ff:0a,2,1,1,0,128,439,194,701,341,402,820,741,958,402,558,158,208,546,378,859,871,131,316,880,490,5,825,762,753,349,593,375,253,892,245,71,147,57,45,64,41,78,78,58,47,48,81,49,64,63,44,71,70,64,65,67,53,59,79,59,52,44,84,41,59,83,74,73,83
[ 5674.390966] [AOA] Measurement: 0,1629169579.284841,08:55:31:70:ff:0a,2,1,1,0,128,986,422,233,574,395,782,749,977,413,571,232,222,560,479,374,86,644,460,845,510,21,834,691,765,365,641,426,287,336,407,966,141,54,42,62,39,76,76,57,49,46,79,49,62,61,44,68,68,62,63,67,53,58,78,60,52,45,85,39,58,83,74,77,87
[ 5674.431861] [AOA] Measurement: 0,1629169579.325737,08:55:31:70:ff:0a,2,1,1,0,128,1000,451,256,593,973,1023,323,183,911,761,809,484,31,610,362,77,688,517,938,548,650,29,336,1016,905,816,974,469,359,417,474,549,52,40,58,35,72,72,57,46,43,75,47,62,58,42,65,65,60,60,63,54,55,75,60,51,43,80,40,55,79,71,74,82
[ 5674.475466] [AOA] Measurement: 0,1629169579.369341,08:55:31:70:ff:0a,2,1,1,0,128,444,242,733,398,311,775,767,956,393,584,247,224,1023,594,864,915,73,257,850,468,66,866,758,779,362,614,381,224,829,226,1018,180,55,41,59,38,75,74,57,47,44,76,47,62,58,43,68,69,62,62,66,52,57,77,58,51,43,82,39,58,79,72,77,82
[ 5674.518877] [AOA] Measurement: 0,1629169579.412754,08:55:31:70:ff:0a,2,1,1,0,128,461,256,782,428,946,1002,346,217,959,793,229,229,489,394,868,905,103,296,210,245,37,813,778,785,365,629,418,296,397,429,994,120,50,38,60,39,67,75,47,42,47,79,44,52,61,38,62,63,47,56,50,28,42,60,37,33,32,73,27,45,65,51,52,57
[ 5674.565279] [AOA] Measurement: 0,1629169579.459152,08:55:31:70:ff:0a,2,1,1,0,128,490,318,725,402,394,858,291,166,998,820,756,446,121,678,348,80,630,484,854,513,594,1017,281,978,916,820,992,552,388,432,647,611,42,33,52,35,58,67,41,34,44,70,37,43,59,32,54,54,40,50,44,22,39,55,29,27,28,66,24,41,56,43,46,51
[ 5674.604543] [AOA] Measurement: 0,1629169579.498420,08:55:31:70:ff:0a,2,1,1,0,128,421,227,681,383,422,829,829,991,987,808,837,466,543,424,817,897,67,213,289,273,82,848,710,777,344,602,396,234,858,193,357,573,55,45,62,38,76,78,58,48,46,80,49,63,60,44,71,69,63,64,66,53,56,78,61,51,44,84,39,59,85,75,75,85
[ 5674.643056] [AOA] Measurement: 0,1629169579.536931,08:55:31:70:ff:0a,2,1,1,0,128,389,219,729,402,384,798,889,69,908,763,241,232,533,396,431,133,577,404,914,549,1004,805,747,780,304,562,432,281,839,225,982,111,55,43,61,38,77,77,58,48,45,80,48,64,60,44,68,67,62,61,62,52,54,77,58,50,44,79,40,56,80,73,74,83
[ 5674.689935] [AOA] Measurement: 0,1629169579.583808,08:55:31:70:ff:0a,2,1,1,0,128,954,435,219,581,937,1018,786,1000,342,572,219,235,604,441,863,946,71,281,888,533,590,22,751,800,959,863,402,283,876,231,911,1021,56,45,64,41,76,78,57,48,48,83,50,64,63,45,72,69,61,64,66,53,56,79,61,52,44,85,41,57,81,72,72,83
[ 5674.729495] [AOA] Measurement: 0,1629169579.623371,08:55:31:70:ff:0a,2,1,1,0,128,416,227,683,387,387,806,803,1008,349,518,178,171,524,423,807,861,94,260,351,348,64,859,711,729,411,690,1012,547,777,151,585,924,59,47,69,42,79,84,59,50,50,88,51,65,67,42,74,71,63,65,69,48,57,79,59,48,43,88,38,58,83,72,72,82
[ 5674.773914] [AOA] Measurement: 0,1629169579.667789,08:55:31:70:ff:0a,2,1,1,0,128,1001,442,268,607,409,828,806,13,942,788,870,473,63,636,370,103,612,459,916,542,558,4,805,801,360,600,388,268,379,393,499,622,56,43,59,39,73,74,58,49,46,77,48,63,62,42,70,70,62,62,67,54,57,80,62,53,46,84,41,56,80,72,75,84
[ 5674.815288] [AOA] Measurement: 0,1629169579.709163,08:55:31:70:ff:0a,2,1,1,0,128,440,257,315,652,891,970,350,215,973,816,790,434,78,610,892,957,646,468,857,500,28,839,312,992,994,914,989,509,373,443,603,660,54,41,57,36,73,73,54,46,43,77,49,62,61,43,67,68,62,63,65,53,54,77,59,51,44,80,41,57,78,70,74,83
[ 5674.859619] [AOA] Measurement: 0,1629169579.753496,08:55:31:70:ff:0a,2,1,1,0,128,448,269,272,597,316,783,810,1005,420,611,243,234,495,384,868,933,627,460,387,368,592,24,692,719,435,668,418,295,857,217,524,630,53,43,60,37,74,74,59,48,46,79,50,62,59,44,68,68,60,62,66,52,56,77,59,51,45,82,42,58,82,73,75,84
[ 5674.904401] [AOA] Measurement: 0,1629169579.798279,08:55:31:70:ff:0a,2,1,1,0,128,418,233,753,421,365,795,806,1009,392,575,188,191,543,416,903,937,69,258,935,580,594,1022,754,797,378,642,991,491,388,391,1022,43,59,46,67,41,80,80,62,51,50,87,51,65,65,45,72,71,64,67,67,53,59,80,60,51,45,87,39,57,83,72,73,83
[ 5674.948263] [AOA] Measurement: 0,1629169579.842139,08:55:31:70:ff:0a,2,1,1,0,128,994,432,255,596,374,861,307,170,946,815,191,232,540,404,867,903,98,270,890,556,612,22,276,979,926,830,941,463,854,213,509,700,57,45,66,40,79,78,60,50,48,83,50,64,65,45,71,71,63,66,67,52,57,79,59,51,44,84,41,55,82,70,73,82
[ 5674.991110] [AOA] Measurement: 0,1629169579.884986,08:55:31:70:ff:0a,2,1,1,0,128,1014,443,233,602,904,978,324,151,935,782,802,436,62,609,369,65,634,461,934,541,560,8,248,920,381,643,408,306,366,411,560,781,58,45,65,40,78,78,60,50,48,84,50,63,64,45,71,70,64,67,68,52,58,79,59,50,42,86,39,55,83,72,75,82
[ 5675.029507] [AOA] Measurement: 0,1629169579.923380,08:55:31:70:ff:0a,2,1,1,0,128,1011,435,765,434,371,802,750,974,413,598,205,235,538,399,866,896,126,259,356,322,27,828,741,783,371,644,334,230,829,193,640,906,52,42,58,37,70,70,56,45,44,74,47,62,57,41,65,67,60,60,63,53,55,75,57,50,42,78,40,57,79,71,73,81
[ 5675.072084] [AOA] Measurement: 0,1629169579.965960,08:55:31:70:ff:0a,2,1,1,0,128,471,234,725,402,335,772,698,928,399,553,226,250,525,416,882,941,62,216,363,356,5,838,784,782,414,665,391,288,823,177,21,260,58,46,63,41,78,80,58,49,50,84,51,66,63,43,73,72,62,65,66,51,56,78,58,51,43,85,38,53,82,71,72,81
[ 5675.110440] [AOA] Measurement: 0,1629169580.004311,08:55:31:70:ff:0a,2,1,1,0,128,1014,499,226,600,958,10,813,1023,411,600,268,260,571,452,388,82,599,452,956,591,608,40,215,941,1004,865,404,300,388,390,739,961,57,46,66,41,76,80,58,48,46,82,50,63,63,44,71,71,62,65,66,51,59,77,61,51,45,86,41,57,82,72,75,85
[ 5675.153360] [AOA] Measurement: 0,1629169580.047232,08:55:31:70:ff:0a,2,1,1,0,128,445,244,742,396,398,835,721,971,430,625,210,204,561,410,850,892,62,250,366,372,65,818,741,751,374,619,396,311,878,203,39,274,59,45,65,41,80,81,59,49,48,84,50,65,63,44,70,72,63,63,67,54,58,80,60,51,45,82,39,57,82,72,74,83
[ 5675.203092] [AOA] Measurement: 0,1629169580.096965,08:55:31:70:ff:0a,2,1,1,0,128,1008,468,241,595,939,1023,289,185,931,782,779,388,573,433,808,877,71,223,358,388,26,873,240,938,922,829,972,477,376,379,395,501,58,45,65,42,79,79,60,49,50,85,50,64,67,43,72,71,64,66,66,52,58,79,58,53,46,86,40,57,84,74,72,84
[ 5675.257964] [AOA] Measurement: 0,1629169580.151840,08:55:31:70:ff:0a,2,1,1,0,128,1008,469,301,630,960,2,343,191,978,821,900,493,132,659,375,100,644,455,894,567,589,36,301,995,943,836,321,193,870,249,264,445,58,46,66,42,78,79,61,51,50,85,52,63,67,44,72,72,62,64,68,52,59,79,59,50,44,85,40,57,83,71,74,83
[ 5675.300822] [AOA] Measurement: 0,1629169580.194694,08:55:31:70:ff:0a,2,1,1,0,128,491,244,297,615,887,1017,788,3,454,606,266,203,535,419,824,892,143,300,336,343,580,37,766,786,920,821,387,238,895,225,955,170,50,39,56,34,68,69,52,42,41,73,44,55,53,37,61,59,54,56,57,44,50,69,52,43,39,75,35,48,75,62,66,75
[ 5675.343206] [AOA] Measurement: 0,1629169580.237082,08:55:31:70:ff:0a,2,1,1,0,128,405,189,713,381,383,783,767,987,417,584,223,228,550,415,836,880,109,233,380,370,597,17,262,961,962,862,955,461,352,405,81,180,56,44,63,41,74,75,56,47,46,80,50,62,61,44,71,70,62,64,65,53,58,78,60,51,44,84,40,55,82,72,74,82
[ 5675.386116] [AOA] Measurement: 0,1629169580.279990,08:55:31:70:ff:0a,2,1,1,0,128,460,261,735,378,369,819,746,991,353,580,230,230,506,388,901,916,650,502,902,562,563,10,279,985,891,831,910,444,339,385,432,689,57,45,64,40,77,79,60,49,49,83,50,63,63,43,69,71,62,65,66,52,57,79,59,52,46,86,40,56,82,71,74,85
[ 5675.430224] [AOA] Measurement: 0,1629169580.324094,08:55:31:70:ff:0a,2,1,1,0,128,392,179,743,387,381,792,763,990,401,563,224,262,478,371,861,909,119,263,341,319,16,823,710,763,339,602,315,248,908,222,54,307,60,45,66,43,76,80,58,50,50,86,53,64,67,45,71,71,59,65,66,48,57,75,58,47,42,86,37,55,82,71,72,79
[ 5675.473453] [AOA] Measurement: 0,1629169580.367324,08:55:31:70:ff:0a,2,1,1,0,128,458,237,794,491,932,985,286,191,928,814,247,227,123,630,401,94,601,449,900,559,625,39,253,941,942,852,407,260,354,412,907,60,59,45,65,41,80,79,60,49,48,85,50,65,66,43,72,71,65,66,67,52,57,80,61,52,44,85,42,59,86,73,76,85
[ 5675.523620] [AOA] Measurement: 0,1629169580.417490,08:55:31:70:ff:0a,2,1,1,0,128,494,282,310,655,391,815,813,1000,1019,848,242,284,35,625,403,112,642,455,315,330,56,846,757,798,372,590,430,306,818,198,927,116,58,46,65,40,80,81,59,50,50,87,50,63,64,44,71,71,63,65,68,51,59,80,60,50,43,86,39,58,83,73,75,83
[ 5675.567642] [AOA] Measurement: 0,1629169580.461512,08:55:31:70:ff:0a,2,1,1,0,128,14,477,278,624,892,943,767,1013,921,761,815,460,46,597,868,914,64,240,332,353,24,863,282,990,905,801,943,442,407,442,936,956,50,40,57,35,70,67,54,44,41,72,47,60,55,43,67,65,60,58,62,51,53,74,56,51,44,79,39,57,79,69,74,83
[ 5675.610392] [AOA] Measurement: 0,1629169580.504262,08:55:31:70:ff:0a,2,1,1,0,128,20,464,267,618,945,997,331,174,939,772,254,275,577,431,832,904,101,277,330,328,590,32,295,1020,944,844,932,463,415,398,864,848,55,43,61,37,72,72,57,46,45,79,48,61,60,42,68,66,60,61,63,54,56,75,58,50,42,79,41,55,79,72,73,81
[ 5675.654066] [AOA] Measurement: 0,1629169580.547940,08:55:31:70:ff:0a,2,1,1,0,128,379,168,783,445,344,799,821,17,349,566,263,247,581,439,795,864,122,258,338,351,981,788,701,782,369,625,406,283,341,381,169,264,59,45,64,40,78,80,59,50,50,85,49,65,62,43,69,69,64,64,65,54,58,77,60,50,45,85,40,57,82,74,75,83
[ 5675.696305] [AOA] Measurement: 0,1629169580.590176,08:55:31:70:ff:0a,2,1,1,0,128,1004,494,278,574,901,989,805,997,957,767,762,430,25,569,356,61,26,231,885,548,595,5,285,979,980,879,991,531,385,407,667,695,51,41,57,36,72,71,55,45,43,74,46,61,55,40,67,66,61,59,60,52,54,75,57,50,42,77,39,58,77,70,74,82
[ 5675.740106] [AOA] Measurement: 0,1629169580.633976,08:55:31:70:ff:0a,2,1,1,0,128,440,229,733,406,349,765,772,984,421,570,204,199,559,451,867,914,86,261,875,519,9,817,284,956,381,667,356,241,841,228,710,863,51,39,56,35,69,70,52,43,42,72,43,55,56,38,63,62,56,58,59,47,50,69,52,45,39,75,35,50,73,65,66,73
[ 5675.782449] [AOA] Measurement: 0,1629169580.676324,08:55:31:70:ff:0a,2,1,1,0,128,18,474,285,628,945,1015,285,188,982,814,817,468,51,593,460,132,644,499,900,557,552,991,252,947,886,790,19,545,385,422,102,95,60,46,66,43,82,81,59,49,52,87,52,65,67,45,73,71,63,66,67,51,58,79,60,49,43,86,39,57,81,72,73,82
[ 5675.826149] [AOA] Measurement: 0,1629169580.720025,08:55:31:70:ff:0a,2,1,1,0,128,16,475,353,670,936,12,322,194,885,753,769,411,92,675,394,104,641,449,872,511,74,871,274,982,881,815,963,472,413,416,340,488,56,46,65,40,77,80,60,50,50,84,50,65,65,44,71,70,63,65,68,52,59,78,60,50,46,84,40,58,83,74,76,85
[ 5675.870410] [AOA] Measurement: 0,1629169580.764284,08:55:31:70:ff:0a,2,1,1,0,128,485,311,284,614,967,1020,329,168,989,811,731,428,41,597,379,61,643,445,335,327,608,13,275,980,924,789,426,309,419,366,797,983,58,45,68,41,81,82,59,49,50,86,50,65,66,44,71,72,60,66,66,49,54,79,55,48,44,87,39,57,84,71,71,81
[ 5675.909111] [AOA] Measurement: 0,1629169580.802985,08:55:31:70:ff:0a,2,1,1,0,128,445,238,735,420,957,1005,765,1000,973,808,272,266,73,654,337,47,627,498,857,539,1022,862,748,772,350,659,941,466,875,219,677,884,60,45,66,43,80,84,58,49,49,88,50,63,67,42,71,70,59,64,64,46,56,74,54,45,41,86,35,53,80,68,65,74
[ 5675.947993] [AOA] Measurement: 0,1629169580.841863,08:55:31:70:ff:0a,2,1,1,0,128,982,428,325,669,924,990,333,211,990,801,837,496,62,635,401,114,626,462,842,528,602,10,273,984,949,835,922,449,338,377,696,781,57,44,63,40,76,77,61,49,47,81,49,64,62,44,70,70,63,64,68,53,57,78,61,51,45,83,41,56,81,72,74,82
[ 5675.992219] [AOA] Measurement: 0,1629169580.886089,08:55:31:70:ff:0a,2,1,1,0,128,993,471,223,549,376,807,767,1018,893,747,842,440,61,638,444,146,692,506,917,566,599,1013,327,995,927,832,931,429,884,257,680,781,55,43,63,39,76,77,59,49,47,82,51,62,60,44,71,68,61,64,67,52,57,79,60,51,45,84,40,58,82,72,74,85
[ 5676.042660] [AOA] Measurement: 0,1629169580.936530,08:55:31:70:ff:0a,2,1,1,0,128,483,273,751,449,404,801,815,1010,415,601,811,465,71,620,405,105,642,448,372,339,83,902,278,985,936,851,962,459,864,223,16,222,58,46,67,42,78,81,59,49,51,86,52,63,66,44,71,69,59,63,62,47,54,78,55,48,42,85,35,52,79,68,69,78
[ 5676.087427] [AOA] Measurement: 0,1629169580.981301,08:55:31:70:ff:0a,2,1,1,0,128,478,266,775,455,398,828,778,1006,959,775,820,486,117,681,370,65,629,460,877,544,550,2,274,974,947,873,952,481,414,427,480,547,52,42,63,36,75,76,59,48,45,81,48,60,60,43,69,68,60,63,64,51,56,75,60,51,43,83,39,58,83,73,76,84
[ 5676.131666] [AOA] Measurement: 0,1629169581.025540,08:55:31:70:ff:0a,2,1,1,0,128,981,462,246,596,932,26,312,149,950,822,859,471,100,639,874,923,17,217,326,321,69,871,265,977,940,856,906,441,403,446,383,482,56,45,65,41,77,78,59,50,48,84,53,65,62,45,72,70,62,63,67,53,58,78,61,51,46,84,43,57,83,72,77,85
[ 5676.172759] [AOA] Measurement: 0,1629169581.066634,08:55:31:70:ff:0a,2,1,1,0,128,451,242,231,595,393,807,808,1001,416,605,198,198,514,409,891,946,612,441,911,557,566,16,296,988,904,834,940,470,378,400,679,832,56,43,62,40,76,76,59,49,47,80,50,64,59,44,70,69,64,65,66,54,58,77,61,51,45,83,41,57,79,72,76,84
[ 5676.222999] [AOA] Measurement: 0,1629169581.116869,08:55:31:70:ff:0a,2,1,1,0,128,441,241,726,395,336,758,746,945,391,523,198,184,530,418,845,908,47,227,274,281,83,877,237,949,395,669,973,477,830,177,357,627,43,31,53,34,57,67,40,34,42,67,36,41,58,31,52,53,41,50,41,21,36,52,29,26,28,64,24,41,53,41,41,48
[ 5676.279465] [AOA] Measurement: 0,1629169581.173336,08:55:31:70:ff:0a,2,1,1,0,128,483,265,734,424,953,1007,358,239,917,777,790,460,106,658,382,79,585,420,897,535,576,1020,755,787,909,861,925,451,805,195,226,392,55,43,64,40,77,77,60,49,47,80,50,63,61,45,70,70,63,65,66,53,57,79,59,52,44,83,40,55,81,72,74,84
[ 5676.322749] [AOA] Measurement: 0,1629169581.216619,08:55:31:70:ff:0a,2,1,1,0,128,441,226,306,603,346,797,709,962,441,638,245,207,598,442,412,93,628,441,368,380,612,8,288,981,928,821,940,455,346,361,939,71,45,32,54,35,59,67,39,35,44,71,39,44,58,34,55,55,42,52,47,26,39,57,33,31,31,70,28,46,62,49,52,56
[ 5676.371498] [AOA] Measurement: 0,1629169581.265374,08:55:31:70:ff:0a,2,1,1,0,128,437,232,723,396,380,823,758,967,411,593,263,262,522,419,883,919,627,431,378,372,38,855,302,965,872,822,356,258,809,166,500,564,55,40,60,39,74,75,58,48,47,79,49,63,59,44,68,69,63,63,66,53,57,78,59,51,44,84,40,57,84,72,76,86
[ 5676.410647] [AOA] Measurement: 0,1629169581.304517,08:55:31:70:ff:0a,2,1,1,0,128,378,200,726,409,388,826,835,29,964,792,752,449,31,604,338,50,625,417,295,291,973,793,760,764,998,853,438,320,396,402,45,144,57,46,67,43,78,81,57,50,52,85,50,61,65,42,69,70,58,64,63,45,54,74,54,44,41,83,35,51,79,64,64,70
[ 5676.460320] [AOA] Measurement: 0,1629169581.354190,08:55:31:70:ff:0a,2,1,1,0,128,446,234,686,348,368,806,778,991,380,576,253,226,559,397,813,886,622,482,945,553,574,24,248,963,995,863,932,479,818,201,782,990,58,44,65,40,80,80,58,50,49,86,51,66,66,43,73,71,63,65,67,50,58,79,60,52,44,87,41,59,84,75,77,84
[ 5676.505125] [AOA] Measurement: 0,1629169581.398998,08:55:31:70:ff:0a,2,1,1,0,128,480,267,687,373,326,792,830,23,944,782,772,442,114,654,383,92,626,449,923,570,598,6,213,935,338,621,430,313,856,202,70,276,58,45,66,40,79,81,57,47,49,89,50,65,64,45,74,71,62,65,67,49,56,81,59,48,44,89,41,57,83,70,73,83
[ 5676.543202] [AOA] Measurement: 0,1629169581.437076,08:55:31:70:ff:0a,2,1,1,0,128,438,200,751,426,438,837,778,989,401,607,271,268,101,657,369,68,63,272,923,571,578,15,709,727,363,662,379,241,905,266,316,519,56,45,65,40,80,80,61,49,48,84,50,65,62,44,71,70,62,64,66,51,57,80,60,52,45,85,40,57,83,73,76,86
[ 5676.585102] [AOA] Measurement: 0,1629169581.478973,08:55:31:70:ff:0a,2,1,1,0,128,1004,427,333,677,933,985,307,172,993,823,809,484,60,641,404,111,654,509,872,551,598,38,266,964,908,866,1012,499,359,376,176,288,54,43,60,38,73,73,59,47,44,75,49,61,59,42,68,68,63,62,65,54,57,77,59,50,43,80,40,55,80,71,75,84
[ 5676.623904] [AOA] Measurement: 0,1629169581.517778,08:55:31:70:ff:0a,2,1,1,0,128,954,447,262,645,353,797,768,994,388,531,202,230,469,386,826,938,19,210,400,372,1020,799,747,814,350,631,1003,526,404,417,675,652,58,44,65,40,80,80,59,50,49,82,50,63,64,43,70,67,61,65,63,48,55,80,57,49,43,84,38,53,80,70,72,80
[ 5676.662610] [AOA] Measurement: 0,1629169581.556483,08:55:31:70:ff:0a,2,1,1,0,128,975,462,272,620,921,1014,278,172,967,765,810,433,0,593,882,901,71,255,359,339,603,11,709,750,341,625,389,260,840,191,599,782,54,43,61,38,76,77,59,48,46,81,49,62,60,42,69,69,62,61,67,54,55,77,60,49,42,82,40,59,81,72,73,83
[ 5676.708394] [AOA] Measurement: 0,1629169581.602263,08:55:31:70:ff:0a,2,1,1,0,128,414,201,803,477,892,1,297,161,948,815,823,439,78,606,868,910,68,231,283,325,20,864,756,796,897,820,352,249,889,225,765,919,57,46,64,41,81,81,59,49,49,83,51,64,65,44,72,72,63,66,67,54,57,80,59,51,45,85,39,57,83,73,75,84
[ 5676.753619] [AOA] Measurement: 0,1629169581.647492,08:55:31:70:ff:0a,2,1,1,0,128,950,408,280,610,922,1005,310,183,919,781,770,410,35,588,375,87,640,439,876,567,584,9,825,824,933,832,939,473,399,397,775,902,56,44,63,40,75,77,59,49,48,80,49,63,63,43,70,70,62,64,65,53,56,78,59,52,45,84,39,56,80,72,74,82
[ 5676.795355] [AOA] Measurement: 0,1629169581.689225,08:55:31:70:ff:0a,2,1,1,0,128,457,252,778,414,397,827,755,988,424,605,227,243,568,449,858,914,91,277,267,299,45,830,743,773,385,615,362,284,383,435,288,399,56,45,64,41,78,78,59,48,47,81,49,63,60,43,70,69,63,65,66,53,57,81,60,52,45,83,41,57,82,73,74,83
[ 5676.834425] [AOA] Measurement: 0,1629169581.728300,08:55:31:70:ff:0a,2,1,1,0,128,982,459,261,636,960,1008,321,191,922,740,245,234,541,416,836,856,114,268,946,548,574,7,275,946,950,816,420,242,856,199,990,158,56,42,61,40,76,74,58,48,48,81,50,61,63,43,69,69,61,63,66,52,56,79,59,50,42,85,40,56,80,72,72,82
[ 5676.872885] [AOA] Measurement: 0,1629169581.766762,08:55:31:70:ff:0a,2,1,1,0,128,1016,485,722,396,402,834,758,980,1000,822,831,478,72,626,444,171,629,469,955,598,618,46,244,963,930,880,911,456,372,410,150,235,57,45,64,41,78,78,59,48,49,82,51,63,63,45,73,72,63,66,67,51,57,79,58,51,44,86,38,54,81,70,73,81
[ 5676.917493] [AOA] Measurement: 0,1629169581.811366,08:55:31:70:ff:0a,2,1,1,0,128,465,249,707,415,311,780,802,1015,382,583,219,204,480,380,830,883,39,235,343,330,88,862,742,746,386,624,348,242,890,241,731,917,58,45,65,40,78,80,59,50,50,84,49,65,64,45,71,70,61,63,65,51,55,75,59,51,44,84,39,57,82,74,73,84
[ 5676.961769] [AOA] Measurement: 0,1629169581.855643,08:55:31:70:ff:0a,2,1,1,0,128,418,243,745,420,369,829,302,183,933,749,195,193,618,479,424,121,686,524,923,546,575,3,715,726,359,657,417,270,803,191,115,360,41,29,50,33,54,65,36,31,40,65,35,40,55,29,49,51,38,47,40,19,36,51,27,27,29,63,23,41,55,40,42,45
[ 5677.005352] [AOA] Measurement: 0,1629169581.899227,08:55:31:70:ff:0a,2,1,1,0,128,437,246,724,369,331,767,831,3,427,595,222,195,560,403,415,69,598,404,319,337,53,885,266,960,947,862,916,481,813,182,970,144,55,44,63,40,78,77,58,49,50,84,51,66,63,44,73,71,61,64,65,52,57,77,61,51,44,83,40,57,83,71,75,83
[ 5677.049311] [AOA] Measurement: 0,1629169581.943182,08:55:31:70:ff:0a,2,1,1,0,128,978,453,281,647,941,995,314,214,991,841,797,449,43,597,432,96,655,478,918,599,565,1012,306,992,946,845,389,248,380,416,1021,999,59,46,66,43,80,80,59,49,50,87,50,62,68,42,70,70,60,64,63,46,56,76,57,48,41,84,38,56,82,68,71,80
[ 5677.094243] [AOA] Measurement: 0,1629169581.988118,08:55:31:70:ff:0a,2,1,1,0,128,426,239,696,382,334,781,776,999,450,654,827,460,59,613,362,50,677,500,858,534,601,1008,716,771,364,632,352,250,848,200,401,580,58,44,63,40,80,79,59,50,49,83,52,65,65,44,72,73,62,63,65,52,57,78,60,53,45,86,42,57,82,73,75,85
[ 5677.137435] [AOA] Measurement: 0,1629169582.031310,08:55:31:70:ff:0a,2,1,1,0,128,412,209,720,390,404,816,777,986,395,573,304,277,103,644,427,96,650,449,915,572,9,855,747,781,356,592,359,240,800,176,667,948,55,43,63,37,77,79,58,46,47,81,50,63,61,43,70,69,63,61,66,52,57,78,60,52,44,85,41,56,82,74,76,86
[ 5677.183583] [AOA] Measurement: 0,1629169582.077453,08:55:31:70:ff:0a,2,1,1,0,128,975,442,738,418,390,808,282,157,397,602,195,207,491,389,858,949,61,280,289,285,25,836,293,969,12,911,977,496,403,420,927,998,52,43,60,36,72,71,58,48,46,78,48,61,56,43,69,64,62,61,63,53,55,77,60,51,45,79,41,56,78,72,73,81
[ 5677.226670] [AOA] Measurement: 0,1629169582.120539,08:55:31:70:ff:0a,2,1,1,0,128,460,246,274,596,353,808,803,1007,377,557,187,207,566,445,855,915,64,270,907,551,623,22,331,995,963,881,914,433,847,195,682,894,57,47,66,41,79,82,58,49,48,85,50,66,64,42,72,70,63,66,67,51,58,80,62,51,43,86,40,57,84,75,76,83
[ 5677.269568] [AOA] Measurement: 0,1629169582.163439,08:55:31:70:ff:0a,2,1,1,0,128,0,454,768,403,365,806,825,1017,975,783,795,487,68,585,343,74,658,471,878,500,578,8,287,993,929,821,28,527,387,408,391,357,54,41,61,39,75,76,57,47,45,78,49,62,63,44,69,69,63,65,64,53,55,78,59,50,42,82,40,55,83,70,76,83
[ 5677.308661] [AOA] Measurement: 0,1629169582.202536,08:55:31:70:ff:0a,2,1,1,0,128,1022,463,328,673,899,989,254,150,926,774,246,257,611,480,442,101,577,408,994,622,650,99,287,1002,963,893,977,477,409,471,287,334,39,27,48,34,53,63,38,31,41,66,35,38,54,29,48,51,37,44,39,19,35,47,24,22,26,61,22,39,51,37,39,45
[ 5677.353023] [AOA] Measurement: 0,1629169582.246897,08:55:31:70:ff:0a,2,1,1,0,128,982,461,266,592,937,1006,801,20,995,786,252,259,579,451,385,69,667,480,865,540,581,48,244,933,426,681,425,300,366,387,380,439,58,44,66,41,81,79,59,47,48,83,50,63,64,43,71,70,63,65,67,52,58,79,61,51,44,87,40,58,84,73,74,83
[ 5677.397306] [AOA] Measurement: 0,1629169582.291182,08:55:31:70:ff:0a,2,1,1,0,128,472,281,262,630,371,787,786,16,408,592,303,280,57,620,401,107,634,469,882,528,64,873,326,979,968,877,944,485,368,414,461,523,54,42,61,36,74,75,57,46,44,77,49,65,58,43,69,68,61,62,64,52,55,77,59,50,45,80,41,58,80,72,73,81
[ 5677.440042] [AOA] Measurement: 0,1629169582.333913,08:55:31:70:ff:0a,2,1,1,0,128,471,264,747,420,304,784,776,998,374,530,187,160,542,430,796,854,95,259,348,349,54,876,724,737,401,633,427,308,757,140,539,825,58,45,66,40,78,80,58,50,46,82,49,59,62,42,71,71,61,63,67,52,57,79,58,50,45,83,40,57,83,73,72,82
[ 5677.484100] [AOA] Measurement: 0,1629169582.377975,08:55:31:70:ff:0a,2,1,1,0,128,980,435,244,582,945,12,223,129,955,780,235,256,86,620,384,58,665,503,874,537,639,30,273,993,904,827,988,495,391,433,108,136,57,45,64,40,79,79,60,50,49,83,52,65,62,44,73,70,63,65,67,53,57,78,60,53,46,85,42,57,80,73,76,83
[ 5677.526022] [AOA] Measurement: 0,1629169582.419895,08:55:31:70:ff:0a,2,1,1,0,128,429,231,699,374,336,781,829,1010,374,559,257,243,539,444,817,911,63,256,914,515,26,864,755,763,403,669,973,464,347,424,123,185,55,43,61,38,74,76,59,48,47,80,49,62,61,44,68,69,61,62,66,55,57,77,60,51,44,81,41,57,80,71,74,83
[ 5677.569691] [AOA] Measurement: 0,1629169582.463564,08:55:31:70:ff:0a,2,1,1,0,128,449,219,718,380,393,841,764,994,350,561,243,230,544,438,799,876,48,237,294,271,1015,833,739,747,361,617,323,227,812,174,307,599,57,44,62,41,76,77,58,49,48,83,50,64,63,43,71,69,64,65,66,52,57,78,59,51,44,83,40,57,83,72,75,85
[ 5677.613091] [AOA] Measurement: 0,1629169582.506960,08:55:31:70:ff:0a,2,1,1,0,128,471,258,717,374,431,843,835,0,453,644,813,477,110,638,874,917,51,269,342,366,65,860,338,981,901,846,905,450,872,233,456,665,58,46,67,43,79,81,60,49,49,84,50,64,64,43,71,72,64,64,67,54,57,79,61,53,44,87,41,58,83,73,75,83
[ 5677.662812] [AOA] Measurement: 0,1629169582.556686,08:55:31:70:ff:0a,2,1,1,0,128,387,229,813,457,937,27,320,185,988,802,803,447,43,598,351,68,74,233,349,369,64,873,363,1023,980,840,971,467,375,417,933,46,58,46,66,41,77,78,60,50,50,84,50,64,62,45,71,71,63,66,67,52,58,79,60,52,47,87,42,58,83,73,76,84
[ 5677.708674] [AOA] Measurement: 0,1629169582.602549,08:55:31:70:ff:0a,2,1,1,0,128,1020,454,300,638,877,975,743,948,428,587,166,206,520,373,867,945,86,239,386,390,606,10,283,973,996,862,971,489,358,401,474,539,57,45,64,40,77,78,57,47,48,82,49,64,63,44,69,68,62,64,67,53,58,78,60,52,44,84,39,57,80,72,75,84
[ 5677.752599] [AOA] Measurement: 0,1629169582.646475,08:55:31:70:ff:0a,2,1,1,0,128,1021,482,300,591,369,799,814,38,328,524,221,212,541,437,836,912,54,265,333,355,1010,798,718,755,377,649,380,240,366,406,319,415,59,44,65,40,79,79,60,50,49,86,51,64,64,44,72,71,63,65,67,53,59,79,59,52,43,89,40,57,84,73,74,84
[ 5677.795021] [AOA] Measurement: 0,1629169582.688892,08:55:31:70:ff:0a,2,1,1,0,128,423,242,752,410,405,826,366,224,978,814,796,449,73,610,413,99,587,427,936,574,605,19,261,989,940,858,942,438,370,420,776,778,57,46,66,42,79,82,58,48,50,84,50,62,66,44,71,70,62,65,67,50,56,77,58,49,44,85,40,55,85,73,73,83
[ 5677.838878] [AOA] Measurement: 0,1629169582.732754,08:55:31:70:ff:0a,2,1,1,0,128,422,228,716,379,415,833,805,3,402,620,300,303,117,656,372,45,27,205,352,357,55,835,762,750,388,669,404,248,880,279,184,308,57,46,67,42,82,83,59,49,49,85,50,62,66,42,73,73,61,64,68,49,57,76,58,49,43,87,39,56,84,71,72,82
[ 5677.882284] [AOA] Measurement: 0,1629169582.776160,08:55:31:70:ff:0a,2,1,1,0,128,1015,464,273,617,966,17,329,187,936,786,256,226,92,598,418,94,588,407,913,549,604,28,287,991,395,665,415,284,846,198,70,155,53,44,62,39,76,75,58,47,45,77,49,61,58,43,67,68,61,62,65,54,57,77,60,53,46,84,41,55,82,74,73,83
[ 5677.931938] [AOA] Measurement: 0,1629169582.825810,08:55:31:70:ff:0a,2,1,1,0,128,496,257,286,641,957,17,295,184,944,808,241,242,563,442,428,122,611,442,962,576,527,995,758,817,374,652,972,461,409,411,504,568,53,42,62,36,73,71,56,45,43,73,48,60,55,42,66,67,60,59,62,53,55,74,57,50,44,79,40,57,77,69,73,81
[ 5677.981427] [AOA] Measurement: 0,1629169582.875301,08:55:31:70:ff:0a,2,1,1,0,128,961,410,232,543,400,812,799,995,350,529,240,268,527,428,384,60,63,227,333,317,562,19,700,735,373,644,394,305,805,191,483,683,54,42,62,40,77,77,59,50,47,81,50,64,63,44,69,69,61,63,67,54,56,80,59,52,44,83,41,56,80,73,78,85
[ 5678.026740] [AOA] Measurement: 0,1629169582.920617,08:55:31:70:ff:0a,2,1,1,0,128,428,250,710,382,400,843,814,1012,982,793,820,438,94,649,816,891,701,465,872,528,606,54,280,961,926,848,977,478,402,426,564,599,50,40,59,35,70,70,51,43,42,73,45,57,55,39,63,63,55,57,60,47,51,71,53,44,40,75,35,52,73,65,67,76
[ 5678.064685] [AOA] Measurement: 0,1629169582.958561,08:55:31:70:ff:0a,2,1,1,0,128,1020,449,291,602,906,975,306,175,923,761,823,457,56,622,384,64,624,441,907,586,576,1015,255,926,932,834,999,523,360,394,341,477,52,43,58,38,73,73,57,46,46,78,49,61,55,41,67,67,60,62,64,52,55,75,59,50,45,83,41,58,80,73,75,83
[ 5678.103434] [AOA] Measurement: 0,1629169582.997308,08:55:31:70:ff:0a,2,1,1,0,128,30,502,300,631,956,1021,267,164,946,801,754,443,64,630,384,55,686,475,944,577,643,50,288,970,888,804,429,312,804,169,175,396,54,44,63,40,77,78,59,50,48,83,50,64,63,43,71,69,61,64,66,50,56,77,60,51,44,85,40,56,83,71,75,83
[ 5678.147150] [AOA] Measurement: 0,1629169583.041027,08:55:31:70:ff:0a,2,1,1,0,128,1009,459,218,578,905,987,742,998,400,604,247,272,490,377,909,929,100,267,914,588,27,836,735,788,915,843,912,433,399,452,504,584,55,44,61,37,74,75,58,48,44,78,49,62,59,43,68,66,62,63,64,52,56,78,60,51,45,80,42,56,81,71,73,82
[ 5678.191345] [AOA] Measurement: 0,1629169583.085222,08:55:31:70:ff:0a,2,1,1,0,128,446,267,291,610,903,979,328,176,958,807,758,395,547,434,379,88,612,433,917,560,617,29,314,997,977,874,955,515,425,416,972,964,54,43,62,39,78,75,60,48,46,82,50,64,62,43,70,68,63,65,66,53,55,79,61,53,44,85,40,57,82,73,76,84
[ 5678.234929] [AOA] Measurement: 0,1629169583.128805,08:55:31:70:ff:0a,2,1,1,0,128,399,210,814,459,911,1005,787,978,368,550,155,208,532,440,875,923,627,428,869,484,49,836,239,924,939,847,344,272,860,213,918,184,58,46,66,42,79,82,59,48,51,85,50,63,68,44,73,72,62,67,66,51,56,78,58,48,42,86,39,57,82,69,73,79
[ 5678.286225] [AOA] Measurement: 0,1629169583.180101,08:55:31:70:ff:0a,2,1,1,0,128,978,470,271,561,369,785,741,936,362,549,143,217,551,389,364,60,94,283,850,502,90,869,293,996,898,821,1023,552,384,434,690,726,57,44,64,41,78,80,59,49,49,84,49,64,62,43,71,68,61,61,66,52,55,76,59,51,46,84,40,56,82,73,74,85
[ 5678.330012] [AOA] Measurement: 0,1629169583.223887,08:55:31:70:ff:0a,2,1,1,0,128,1003,452,344,705,899,991,287,179,945,792,769,441,506,386,886,942,644,439,891,542,577,9,286,971,942,840,952,504,377,396,415,494,57,46,66,43,80,82,58,50,51,88,52,62,68,45,72,70,60,64,65,47,56,77,55,48,43,87,38,55,80,67,70,79
[ 5678.368971] [AOA] Measurement: 0,1629169583.262844,08:55:31:70:ff:0a,2,1,1,0,128,6,500,318,649,933,1019,303,194,372,581,250,237,108,635,421,68,619,448,876,550,572,10,290,956,938,872,431,306,848,220,590,722,55,46,64,41,80,80,59,49,50,83,52,64,65,44,72,73,62,64,68,52,57,79,59,51,45,86,40,57,84,72,73,82
[ 5678.411624] [AOA] Measurement: 0,1629169583.305495,08:55:31:70:ff:0a,2,1,1,0,128,475,254,731,344,347,789,847,996,316,535,192,273,552,404,858,919,117,300,316,309,73,866,721,779,349,586,421,276,838,162,84,333,39,27,48,33,50,62,36,29,37,60,33,37,51,27,46,46,35,43,35,14,33,45,23,21,25,56,21,36,48,32,35,43
[ 5678.468248] [AOA] Measurement: 0,1629169583.362126,08:55:31:70:ff:0a,2,1,1,0,128,965,424,333,650,890,995,766,997,366,558,223,215,514,374,889,915,96,245,370,371,572,3,704,767,415,678,946,443,394,409,320,466,55,42,62,40,77,76,59,48,48,82,51,63,63,44,70,68,62,64,65,52,57,77,60,51,45,85,41,56,81,71,76,82
[ 5678.512309] [AOA] Measurement: 0,1629169583.406184,08:55:31:70:ff:0a,2,1,1,0,128,992,447,274,628,944,1005,316,201,374,587,240,250,542,442,810,887,102,278,933,566,634,51,271,972,973,900,980,485,382,425,713,813,60,44,65,40,78,79,59,48,49,85,50,63,67,44,72,74,64,67,68,52,57,80,58,49,43,83,39,54,81,72,73,80
[ 5678.562432] [AOA] Measurement: 0,1629169583.456303,08:55:31:70:ff:0a,2,1,1,0,128,421,236,665,319,363,793,758,956,422,610,286,282,37,579,383,86,636,463,933,566,568,1017,776,788,363,617,377,260,850,186,454,647,58,43,65,41,80,80,60,50,50,84,50,62,63,44,72,71,61,65,65,51,58,78,57,49,43,85,39,55,82,72,73,80
[ 5678.609305] [AOA] Measurement: 0,1629169583.503182,08:55:31:70:ff:0a,2,1,1,0,128,428,175,676,372,343,796,786,992,431,623,265,239,531,412,927,940,99,268,286,314,49,865,708,729,318,591,468,290,876,261,676,881,48,38,55,35,68,68,52,44,41,72,43,57,55,37,61,62,55,55,57,47,50,69,53,45,38,75,35,50,73,63,66,73
[ 5678.656954] [AOA] Measurement: 0,1629169583.550826,08:55:31:70:ff:0a,2,1,1,0,128,460,273,755,400,416,835,792,1020,333,524,244,223,472,342,790,847,25,193,318,328,1014,783,757,760,447,658,395,299,831,228,681,907,56,43,64,39,78,79,58,48,48,83,50,64,62,43,68,68,60,63,65,53,56,79,59,50,45,85,40,57,83,72,74,82
[ 5678.699536] [AOA] Measurement: 0,1629169583.593411,08:55:31:70:ff:0a,2,1,1,0,128,416,213,759,451,939,994,332,200,946,804,765,419,506,396,862,883,122,260,287,288,33,830,766,764,438,693,997,476,841,198,529,710,47,38,53,33,67,65,52,40,39,71,42,56,53,37,61,60,55,55,57,45,48,68,51,45,38,73,36,50,72,63,63,72
[ 5678.743574] [AOA] Measurement: 0,1629169583.637450,08:55:31:70:ff:0a,2,1,1,0,128,524,353,302,636,307,774,778,1014,437,627,776,426,502,408,853,898,37,200,329,310,36,835,760,747,397,610,450,328,382,427,352,382,58,46,66,40,78,80,61,49,49,84,50,64,63,44,75,73,63,65,67,52,58,80,60,52,46,85,40,57,84,73,76,84
[ 5678.796807] [AOA] Measurement: 0,1629169583.690677,08:55:31:70:ff:0a,2,1,1,0,128,444,215,729,452,362,793,795,1014,420,604,203,218,568,453,880,908,645,441,347,325,4,823,797,780,373,631,358,280,791,173,109,250,53,40,58,37,72,71,56,45,43,75,47,59,55,42,66,64,60,58,61,53,54,75,57,50,43,77,41,55,76,69,74,80
[ 5678.846595] [AOA] Measurement: 0,1629169583.740468,08:55:31:70:ff:0a,2,1,1,0,128,1017,460,697,441,924,1004,339,219,885,728,237,234,544,427,873,934,60,271,364,432,1009,828,271,985,908,808,967,468,806,155,826,52,49,38,57,35,69,68,51,41,41,73,42,54,55,36,65,63,55,57,59,46,51,70,52,45,40,76,35,49,72,63,65,73
[ 5678.889006] [AOA] Measurement: 0,1629169583.782879,08:55:31:70:ff:0a,2,1,1,0,128,992,451,236,548,927,972,812,1003,916,766,689,403,548,416,839,868,51,237,279,304,56,853,716,773,943,835,394,269,878,210,58,198,56,45,63,39,78,79,59,50,50,84,52,62,63,45,72,69,59,64,66,51,58,80,59,51,44,85,41,56,80,71,73,79
[ 5678.933252] [AOA] Measurement: 0,1629169583.827128,08:55:31:70:ff:0a,2,1,1,0,128,482,285,679,376,378,794,791,1002,341,556,228,226,534,380,801,874,61,244,328,301,599,47,722,756,926,807,400,293,334,351,659,819,53,40,58,36,75,75,57,46,45,78,49,62,57,41,67,67,61,62,65,51,58,76,60,50,44,85,40,59,81,72,76,83
[ 5678.983046] [AOA] Measurement: 0,1629169583.876918,08:55:31:70:ff:0a,2,1,1,0,128,976,415,343,653,1000,25,318,203,921,745,768,415,74,611,382,88,680,469,937,578,660,61,311,997,914,824,956,485,441,477,79,109,58,45,66,43,80,80,60,50,50,84,52,64,64,45,72,70,63,65,65,52,56,77,56,50,43,85,36,53,81,70,72,82
[ 5679.039898] [AOA] Measurement: 0,1629169583.933769,08:55:31:70:ff:0a,2,1,1,0,128,992,478,315,612,980,20,349,195,959,791,771,420,518,404,413,105,608,446,875,541,16,819,295,961,907,822,1002,528,357,417,790,964,59,46,65,42,80,79,60,49,49,83,51,63,65,45,72,72,61,65,64,50,55,78,57,50,42,86,38,56,81,70,73,79
[ 5679.082768] [AOA] Measurement: 0,1629169583.976641,08:55:31:70:ff:0a,2,1,1,0,128,18,470,223,568,432,863,754,951,374,556,184,179,554,428,857,902,81,245,328,334,27,854,319,1023,960,830,1019,533,355,423,962,986,59,45,66,40,78,80,60,49,50,85,51,65,67,43,72,73,61,64,67,51,58,80,59,50,43,87,41,57,84,72,75,82
[ 5679.132762] [AOA] Measurement: 0,1629169584.026633,08:55:31:70:ff:0a,2,1,1,0,128,931,381,279,614,964,10,296,148,923,764,763,437,97,634,410,150,595,420,920,572,525,25,265,1007,899,821,924,477,366,397,261,372,59,45,66,41,79,81,59,49,50,86,49,64,65,43,71,72,60,66,65,50,57,79,60,49,43,85,37,56,82,71,72,83
[ 5679.178204] [AOA] Measurement: 0,1629169584.072081,08:55:31:70:ff:0a,2,1,1,0,128,382,204,694,387,388,805,766,993,413,598,241,266,528,421,846,889,58,266,297,314,1018,780,726,770,363,618,376,235,863,238,397,577,56,44,63,39,76,76,60,49,47,84,50,63,63,44,69,70,63,64,66,54,57,76,59,52,44,83,41,56,82,72,75,84
[ 5679.222964] [AOA] Measurement: 0,1629169584.116839,08:55:31:70:ff:0a,2,1,1,0,128,29,477,266,606,912,1009,310,165,940,773,230,265,544,417,906,928,636,486,892,560,585,44,258,966,953,845,969,511,391,419,572,549,56,43,62,38,77,76,57,46,47,81,49,63,63,43,68,67,64,64,66,55,58,78,60,50,45,83,40,59,82,73,74,84
[ 5679.272449] [AOA] Measurement: 0,1629169584.166324,08:55:31:70:ff:0a,2,1,1,0,128,428,230,764,448,365,805,305,157,427,610,196,205,80,632,829,923,83,250,341,346,38,850,719,778,917,822,912,440,402,404,402,608,56,43,61,38,77,79,59,47,48,81,50,64,60,43,72,69,63,65,68,54,59,79,60,51,45,85,38,55,80,72,73,85
[ 5679.322579] [AOA] Measurement: 0,1629169584.216451,08:55:31:70:ff:0a,2,1,1,0,128,460,250,802,496,343,776,799,1011,388,598,807,410,36,582,416,104,649,463,377,361,66,897,291,995,856,797,9,521,353,395,845,1007,59,47,66,43,78,83,58,51,50,84,51,63,66,44,72,71,59,63,65,49,58,77,57,49,44,85,39,55,82,70,73,80
[ 5679.367027] [AOA] Measurement: 0,1629169584.260902,08:55:31:70:ff:0a,2,1,1,0,128,448,283,707,375,338,765,841,11,361,555,226,259,591,451,876,934,76,221,337,289,19,800,752,765,375,672,346,211,832,198,754,3,57,46,64,38,80,79,58,49,48,85,50,65,63,44,72,70,63,66,67,54,59,81,61,50,46,87,41,58,85,73,76,85
[ 5679.410599] [AOA] Measurement: 0,1629169584.304474,08:55:31:70:ff:0a,2,1,1,0,128,452,245,750,427,371,787,805,1022,367,597,220,210,516,398,795,878,100,267,301,310,61,839,278,975,862,784,438,322,314,351,406,581,50,39,56,35,69,71,51,42,41,74,43,56,57,37,64,62,56,58,58,46,49,71,53,45,38,75,36,51,74,65,66,73
[ 5679.454986] [AOA] Measurement: 0,1629169584.348862,08:55:31:70:ff:0a,2,1,1,0,128,1010,467,320,645,890,1016,286,134,900,746,772,410,563,440,399,104,599,449,872,497,589,1018,233,950,922,829,905,434,395,393,275,448,59,46,66,42,77,81,59,49,51,85,52,63,65,43,70,70,61,65,65,49,55,77,55,47,41,86,36,55,82,69,67,75
[ 5679.498979] [AOA] Measurement: 0,1629169584.392850,08:55:31:70:ff:0a,2,1,1,0,128,1015,485,321,677,895,997,309,184,986,807,816,454,148,665,413,129,668,512,868,527,619,32,272,952,920,821,958,478,407,389,540,652,51,42,58,36,71,70,55,46,43,74,46,60,57,42,66,65,61,60,63,55,55,75,57,52,44,81,41,54,78,71,74,82
[ 5679.542060] [AOA] Measurement: 0,1629169584.435934,08:55:31:70:ff:0a,2,1,1,0,128,480,258,749,470,365,818,314,152,971,794,270,245,602,469,871,903,625,467,934,600,569,28,271,991,357,627,399,253,847,206,77,254,54,41,60,37,73,72,58,47,45,75,48,59,57,42,67,68,60,62,65,53,54,76,60,52,44,78,40,58,78,70,74,84
[ 5679.590540] [AOA] Measurement: 0,1629169584.484415,08:55:31:70:ff:0a,2,1,1,0,128,988,421,272,649,889,1001,279,148,941,772,846,483,70,625,407,86,685,495,906,538,41,850,742,788,363,642,403,225,860,188,904,62,59,45,66,41,80,82,60,50,51,86,52,64,63,46,72,71,63,65,68,52,57,78,60,51,44,85,39,57,84,72,74,84
[ 5679.628708] [AOA] Measurement: 0,1629169584.522584,08:55:31:70:ff:0a,2,1,1,0,128,1021,467,770,418,386,804,743,992,377,553,248,227,64,640,393,105,658,497,893,520,577,3,297,983,939,825,947,476,404,460,550,710,57,42,66,42,74,82,55,47,51,85,48,59,67,43,67,68,56,63,61,41,51,72,50,43,39,83,35,53,76,64,64,70
[ 5679.673229] [AOA] Measurement: 0,1629169584.567100,08:55:31:70:ff:0a,2,1,1,0,128,20,446,745,397,398,829,768,996,431,615,218,235,497,401,816,873,87,283,265,306,73,866,719,754,324,609,350,283,785,161,994,260,57,45,64,41,76,78,60,50,49,82,51,63,62,45,72,69,63,65,68,54,58,81,62,51,43,86,40,59,83,73,74,85
[ 5679.728294] [AOA] Measurement: 0,1629169584.622170,08:55:31:70:ff:0a,2,1,1,0,128,466,240,747,424,913,974,763,973,401,602,269,266,52,617,404,72,654,457,889,542,581,10,249,927,918,849,398,248,383,419,188,355,58,46,65,43,79,80,60,49,48,86,50,66,63,43,71,70,61,63,66,51,57,77,61,51,45,86,41,56,83,72,74,83
[ 5679.772324] [AOA] Measurement: 0,1629169584.666200,08:55:31:70:ff:0a,2,1,1,0,128,988,456,328,634,966,18,291,183,953,799,884,469,158,677,468,139,707,531,969,646,589,20,337,27,917,879,1012,488,462,491,887,883,57,46,67,42,80,81,60,52,49,86,51,64,66,43,71,72,62,65,66,49,55,79,58,50,45,88,39,56,83,71,73,83
[ 5679.822582] [AOA] Measurement: 0,1629169584.716456,08:55:31:70:ff:0a,2,1,1,0,128,419,221,719,386,350,792,760,1007,967,758,246,244,543,406,812,843,16,186,321,295,11,816,701,743,333,592,397,266,824,178,738,936,60,47,66,43,81,82,61,50,49,87,50,65,68,45,74,71,63,67,67,52,57,81,61,51,45,88,41,55,85,72,75,84
[ 5679.869374] [AOA] Measurement: 0,1629169584.763249,08:55:31:70:ff:0a,2,1,1,0,128,433,243,311,624,365,819,785,991,348,547,176,203,534,400,868,907,82,237,319,328,35,854,753,769,393,666,415,293,886,215,678,830,58,45,64,39,78,77,59,50,47,83,50,64,62,44,72,70,62,64,64,51,56,78,59,51,46,85,39,57,83,73,75,84
[ 5679.907432] [AOA] Measurement: 0,1629169584.801308,08:55:31:70:ff:0a,2,1,1,0,128,483,258,273,610,969,1010,333,162,966,800,806,483,41,624,356,57,633,480,335,324,572,1001,286,970,877,836,950,510,351,410,144,335,41,30,50,34,54,64,38,31,41,65,34,40,54,28,47,49,36,46,38,17,35,52,25,23,27,62,24,39,52,39,41,46
[ 5679.955068] [AOA] Measurement: 0,1629169584.848940,08:55:31:70:ff:0a,2,1,1,0,128,451,276,702,370,365,771,794,1015,393,585,229,244,613,470,820,912,655,459,317,358,611,23,748,774,961,865,996,505,836,212,816,955,58,46,66,39,79,79,58,48,48,85,51,63,62,42,72,70,62,66,66,53,58,80,59,52,45,85,41,58,85,74,75,84
