
[ 1437.221389] [AOA] Measurement: 0,1627115113.356878,08:55:31:9b:0a:1b,2,1,2,0,128,501,828,589,183,828,985,745,798,556,510,729,999,108,876,688,599,1004,810,944,138,569,882,269,496,184,798,950,120,669,684,104,268,101,86,91,79,72,84,37,79,103,104,82,93,57,71,90,103,71,80,109,82,57,58,51,51,100,83,97,74,51,81,53,43
[ 1437.272799] [AOA] Measurement: 0,1627115113.408287,08:55:31:9b:0a:1b,2,1,2,0,128,15,1013,564,156,226,819,205,613,69,335,654,926,612,706,712,599,931,788,963,171,554,874,214,468,187,784,902,106,576,661,951,89,100,85,88,82,71,81,39,75,101,102,83,94,59,70,92,106,73,81,107,84,56,62,53,50,105,86,98,82,56,85,60,48
[ 1437.316463] [AOA] Measurement: 0,1627115113.451951,08:55:31:9b:0a:1b,2,1,2,0,128,531,812,544,133,759,959,251,619,39,304,656,972,77,836,139,344,420,601,425,1008,550,844,667,242,661,573,444,964,125,529,814,971,99,83,88,80,73,85,40,76,101,104,83,95,57,72,91,104,74,80,106,84,57,63,54,51,104,84,99,80,53,84,57,47
[ 1437.367028] [AOA] Measurement: 0,1627115113.502517,08:55:31:9b:0a:1b,2,1,2,0,128,77,1023,63,373,768,997,792,785,539,474,183,755,540,623,177,368,1007,795,425,990,1012,648,674,278,196,784,372,898,121,501,311,502,102,87,88,81,73,87,39,78,104,106,85,96,59,73,92,107,74,83,107,85,56,62,55,53,106,88,101,83,57,86,61,50
[ 1437.411613] [AOA] Measurement: 0,1627115113.547101,08:55:31:9b:0a:1b,2,1,2,0,128,68,1019,140,401,797,998,830,826,525,475,137,775,101,853,732,587,996,803,948,132,566,849,275,525,276,864,940,133,648,709,476,548,100,86,86,79,70,82,40,75,100,103,83,94,59,73,91,103,73,80,109,85,57,62,54,52,105,87,101,78,54,82,60,47
[ 1437.463045] [AOA] Measurement: 0,1627115113.598534,08:55:31:9b:0a:1b,2,1,2,0,128,65,8,81,372,768,998,736,788,571,540,724,966,40,843,685,554,955,775,984,180,575,866,180,441,174,787,911,95,681,700,35,167,100,86,88,82,71,82,39,78,101,102,84,93,60,73,92,107,72,84,110,86,58,61,53,53,105,87,101,81,53,82,59,46
[ 1437.508663] [AOA] Measurement: 0,1627115113.644159,08:55:31:9b:0a:1b,2,1,2,0,128,43,3,92,349,829,1011,747,810,22,325,77,734,537,649,681,550,4,822,7,181,15,658,672,229,670,566,957,141,601,658,567,801,100,89,91,78,70,82,36,79,101,102,83,93,58,70,88,105,68,82,108,79,57,58,53,50,104,84,97,77,50,78,53,43
[ 1437.553141] [AOA] Measurement: 0,1627115113.688629,08:55:31:9b:0a:1b,2,1,2,0,128,68,1006,89,322,224,811,843,847,543,483,682,945,29,813,727,589,983,799,932,147,50,680,616,244,232,787,915,114,597,679,534,624,100,88,93,80,70,83,36,80,103,104,82,90,59,71,88,104,70,82,107,80,57,58,52,49,102,85,97,77,49,82,52,42
[ 1437.603950] [AOA] Measurement: 0,1627115113.739439,08:55:31:9b:0a:1b,2,1,2,0,128,525,810,522,163,760,977,262,619,638,580,720,962,21,818,159,347,990,792,11,162,557,826,668,256,685,600,956,123,653,656,676,784,100,86,88,80,72,82,39,74,101,104,85,96,59,73,93,108,75,84,109,86,58,62,54,53,105,87,101,81,56,85,60,49
[ 1437.658391] [AOA] Measurement: 0,1627115113.793880,08:55:31:9b:0a:1b,2,1,2,0,128,1017,1001,48,275,264,847,786,790,29,336,751,973,579,648,165,400,483,597,480,11,582,852,193,439,190,756,370,920,104,492,78,292,102,89,93,80,74,84,38,80,102,105,85,94,60,70,90,106,71,82,110,82,58,60,53,50,105,85,97,79,52,84,55,44
[ 1437.702866] [AOA] Measurement: 0,1627115113.838356,08:55:31:9b:0a:1b,2,1,2,0,128,516,832,84,325,747,980,781,807,570,537,717,997,4,812,127,330,400,580,473,1009,609,901,236,456,210,778,914,125,604,638,876,1014,100,90,91,81,71,85,38,79,101,104,83,91,59,71,90,106,71,82,107,83,56,59,54,50,105,84,99,79,52,84,58,46
[ 1437.754141] [AOA] Measurement: 0,1627115113.889630,08:55:31:9b:0a:1b,2,1,2,0,128,46,998,110,348,210,774,226,625,25,289,175,777,551,695,651,533,445,622,464,1021,519,825,181,448,206,780,936,113,617,678,386,537,100,87,88,81,73,83,39,78,102,106,87,96,59,73,92,109,74,85,110,85,57,61,54,51,104,86,100,78,53,83,60,49
[ 1437.799497] [AOA] Measurement: 0,1627115113.934987,08:55:31:9b:0a:1b,2,1,2,0,128,74,1017,567,192,730,949,243,598,74,338,755,988,38,818,637,500,996,803,1006,180,568,858,659,240,164,722,441,1004,15,455,490,708,100,88,94,81,70,84,35,78,100,104,84,93,58,71,90,106,70,83,108,80,56,58,53,49,101,83,94,75,49,81,53,43
[ 1437.843996] [AOA] Measurement: 0,1627115113.979485,08:55:31:9b:0a:1b,2,1,2,0,128,526,853,96,341,208,792,811,810,562,527,680,944,120,828,672,575,1018,843,961,202,610,873,173,447,645,540,391,934,676,698,484,678,99,89,90,81,70,84,38,79,101,104,83,94,59,72,93,107,70,83,109,81,57,62,54,50,102,85,97,78,52,84,56,45
[ 1437.895343] [AOA] Measurement: 0,1627115114.030833,08:55:31:9b:0a:1b,2,1,2,0,128,91,10,82,387,831,983,846,845,595,468,721,951,117,841,645,539,1011,830,992,153,579,856,186,456,202,786,914,95,670,690,936,1003,101,84,92,81,72,83,38,78,101,104,84,93,59,71,90,105,73,81,109,83,58,60,52,51,104,86,99,80,51,82,58,45
[ 1437.941672] [AOA] Measurement: 0,1627115114.077166,08:55:31:9b:0a:1b,2,1,2,0,128,14,992,77,315,748,981,229,637,14,289,145,747,528,622,152,371,394,558,399,957,60,710,618,216,683,590,403,948,101,486,623,854,99,89,92,79,71,85,35,80,102,104,80,87,56,68,85,102,63,80,107,75,55,54,51,47,98,81,90,72,45,76,46,39
[ 1437.992142] [AOA] Measurement: 0,1627115114.127631,08:55:31:9b:0a:1b,2,1,2,0,128,66,1019,603,184,773,978,800,838,557,484,171,786,555,673,148,378,441,579,505,26,555,853,614,233,191,771,971,108,75,510,436,650,102,89,93,82,73,86,37,81,102,104,84,92,57,69,91,105,71,84,110,82,57,59,54,52,105,85,97,79,52,84,55,47
[ 1438.043569] [AOA] Measurement: 0,1627115114.179060,08:55:31:9b:0a:1b,2,1,2,0,128,525,804,537,181,259,812,850,830,555,470,637,928,496,628,125,373,19,813,983,166,595,890,198,437,178,737,348,957,88,445,113,323,99,89,95,79,71,84,37,80,102,103,83,92,58,68,88,106,70,82,109,83,57,58,54,50,104,85,97,79,51,82,52,45
[ 1438.092160] [AOA] Measurement: 0,1627115114.227652,08:55:31:9b:0a:1b,2,1,2,0,128,539,842,550,155,262,855,220,609,7,282,119,731,554,625,136,365,471,608,482,1016,577,874,677,289,680,607,354,911,13,408,373,558,99,83,89,81,73,84,39,76,103,104,85,96,60,73,93,107,75,81,107,84,57,63,54,52,104,87,101,79,55,85,62,49
[ 1438.143054] [AOA] Measurement: 0,1627115114.278542,08:55:31:9b:0a:1b,2,1,2,0,128,44,1016,65,323,195,793,771,781,12,296,175,773,567,658,138,333,427,604,433,984,56,691,678,234,277,840,907,110,640,691,716,864,100,90,96,79,72,83,34,81,103,103,83,94,57,70,86,103,69,82,108,80,56,57,51,48,100,84,94,74,48,80,50,42
[ 1438.198212] [AOA] Measurement: 0,1627115114.333706,08:55:31:9b:0a:1b,2,1,2,0,128,58,1012,558,146,242,779,283,637,20,298,95,711,600,666,157,359,460,608,454,990,544,817,211,469,254,801,949,117,599,629,196,427,102,88,93,80,71,85,37,79,103,104,83,91,60,71,91,105,71,82,108,83,56,59,51,51,103,85,100,80,52,84,56,46
[ 1438.243659] [AOA] Measurement: 0,1627115114.379154,08:55:31:9b:0a:1b,2,1,2,0,128,55,1023,548,117,269,804,804,827,536,488,201,815,508,627,125,357,500,627,444,992,540,865,164,439,210,809,917,120,659,672,240,399,99,87,90,82,70,84,39,80,102,104,85,96,60,72,91,109,72,81,110,84,58,60,53,51,105,88,101,79,54,83,58,47
[ 1438.289985] [AOA] Measurement: 0,1627115114.425474,08:55:31:9b:0a:1b,2,1,2,0,128,63,1011,130,393,819,40,759,797,583,489,700,940,592,681,115,347,1006,824,440,1004,596,903,196,456,263,799,930,119,611,655,780,828,102,86,89,82,73,83,40,74,100,103,85,95,62,71,93,105,74,82,106,87,57,64,55,51,106,89,103,84,58,86,63,50
[ 1438.333717] [AOA] Measurement: 0,1627115114.469212,08:55:31:9b:0a:1b,2,1,2,0,128,86,1022,34,314,738,1002,826,846,575,550,648,937,555,677,106,366,491,668,926,132,587,877,177,418,242,824,338,932,125,505,232,476,98,89,93,80,71,82,34,80,102,103,84,92,56,71,90,105,70,82,109,82,57,56,54,49,103,84,96,76,51,83,53,45
[ 1438.378116] [AOA] Measurement: 0,1627115114.513608,08:55:31:9b:0a:1b,2,1,2,0,128,495,798,572,160,224,808,189,556,13,289,149,756,559,657,141,331,964,803,448,1010,38,674,663,235,692,599,380,919,84,462,539,790,101,84,91,81,72,84,41,76,101,105,86,97,61,73,93,106,75,83,107,84,57,63,55,51,106,88,102,82,58,85,65,49
[ 1438.425083] [AOA] Measurement: 0,1627115114.560571,08:55:31:9b:0a:1b,2,1,2,0,128,15,975,532,147,222,817,245,620,83,333,704,936,506,632,645,532,1011,807,997,173,560,860,190,474,191,788,432,977,82,472,886,51,98,85,89,80,74,84,39,79,102,104,82,92,57,71,92,105,71,82,111,82,58,58,53,51,103,85,97,76,48,82,52,44
[ 1438.472395] [AOA] Measurement: 0,1627115114.607891,08:55:31:9b:0a:1b,2,1,2,0,128,94,36,83,350,110,740,293,636,38,324,207,825,74,837,682,549,459,620,996,152,539,820,691,252,665,553,394,953,35,418,675,917,99,83,87,80,73,83,41,73,100,103,84,96,60,72,92,105,74,80,108,87,56,63,53,53,107,87,102,83,58,84,62,51
[ 1438.522781] [AOA] Measurement: 0,1627115114.658270,08:55:31:9b:0a:1b,2,1,2,0,128,64,1017,45,349,724,981,258,621,71,349,750,978,75,857,661,543,433,603,410,970,18,674,745,272,203,756,991,144,613,619,885,1022,101,88,92,81,74,84,39,81,102,105,85,94,58,71,92,107,71,84,112,83,58,63,54,51,106,86,97,79,53,84,58,47
[ 1438.579540] [AOA] Measurement: 0,1627115114.715030,08:55:31:9b:0a:1b,2,1,2,0,128,66,1002,89,378,798,11,772,790,598,529,703,973,82,842,677,550,993,826,417,1,583,869,670,271,243,834,941,103,644,658,276,387,99,85,87,79,72,85,39,77,100,103,83,93,60,71,92,107,72,83,108,84,58,59,53,51,105,84,99,79,52,81,57,46
[ 1438.623594] [AOA] Measurement: 0,1627115114.759085,08:55:31:9b:0a:1b,2,1,2,0,128,490,800,557,155,281,828,228,606,2,339,138,741,529,660,102,332,513,631,4,184,530,872,157,432,245,791,387,961,70,504,828,1017,98,81,87,82,72,83,42,74,99,101,84,96,59,72,95,106,74,81,105,86,57,63,54,52,105,86,99,82,59,87,64,51
[ 1438.674365] [AOA] Measurement: 0,1627115114.809853,08:55:31:9b:0a:1b,2,1,2,0,128,508,831,499,128,248,831,778,773,597,541,707,947,533,628,128,341,981,772,444,976,37,727,183,436,223,792,935,115,669,691,704,914,100,84,88,80,72,83,40,74,98,102,83,95,59,73,93,106,72,82,107,84,56,60,53,51,104,84,99,78,55,84,59,47
[ 1438.722347] [AOA] Measurement: 0,1627115114.857839,08:55:31:9b:0a:1b,2,1,2,0,128,520,835,534,159,817,1018,274,628,40,349,686,968,56,846,695,573,966,780,438,1021,546,806,682,255,206,771,387,949,102,531,797,917,99,80,87,79,71,83,40,73,101,102,84,95,58,70,90,102,71,79,105,82,58,62,53,51,103,84,95,79,54,83,60,49
[ 1438.773403] [AOA] Measurement: 0,1627115114.908892,08:55:31:9b:0a:1b,2,1,2,0,128,54,1010,608,193,808,1004,845,849,597,566,736,979,83,858,622,521,5,789,984,158,579,867,183,460,181,771,873,89,628,661,283,423,103,86,94,79,72,85,37,79,102,105,85,92,58,71,92,107,72,83,108,82,55,59,52,49,103,87,97,77,49,81,54,43
[ 1438.824090] [AOA] Measurement: 0,1627115114.959578,08:55:31:9b:0a:1b,2,1,2,0,128,500,789,565,165,202,768,273,612,8,280,188,768,592,657,722,548,370,534,412,992,631,901,175,404,193,764,415,960,681,672,714,881,99,93,95,79,70,86,34,82,105,104,84,91,59,71,90,106,70,84,111,83,57,59,54,51,103,86,97,77,53,84,58,46
[ 1438.868368] [AOA] Measurement: 0,1627115115.003862,08:55:31:9b:0a:1b,2,1,2,0,128,89,1015,85,348,809,991,776,842,601,574,696,954,95,856,636,550,966,796,418,1011,1023,645,256,518,189,790,899,103,585,649,690,893,101,88,92,82,73,84,39,78,101,106,86,95,58,72,93,106,73,81,111,84,57,62,55,52,105,88,99,81,54,84,61,48
[ 1438.913463] [AOA] Measurement: 0,1627115115.048958,08:55:31:9b:0a:1b,2,1,2,0,128,487,820,147,376,772,964,228,610,7,327,143,768,552,692,109,296,469,600,412,1008,1011,664,707,249,673,603,470,968,600,666,47,246,100,87,92,78,71,85,37,77,102,103,85,91,59,72,92,107,73,82,107,85,58,61,53,50,105,86,96,79,54,84,58,48
[ 1438.958603] [AOA] Measurement: 0,1627115115.094097,08:55:31:9b:0a:1b,2,1,2,0,128,89,7,491,87,207,784,273,630,83,341,699,970,46,843,690,555,1006,773,446,1001,31,640,160,430,201,759,397,933,690,702,671,846,99,87,92,80,71,84,39,78,102,103,83,94,58,71,91,103,71,83,107,82,56,60,53,50,101,85,95,77,50,82,55,42
[ 1439.003347] [AOA] Measurement: 0,1627115115.138835,08:55:31:9b:0a:1b,2,1,2,0,128,497,816,581,193,159,775,305,658,541,477,166,786,547,628,717,552,1014,801,473,1003,572,854,637,264,654,550,386,932,51,427,148,368,99,91,97,77,71,85,33,80,100,100,82,90,57,71,87,104,66,81,107,78,56,56,50,49,101,84,96,77,48,80,49,41
[ 1439.054674] [AOA] Measurement: 0,1627115115.190163,08:55:31:9b:0a:1b,2,1,2,0,128,522,820,532,137,741,936,288,620,599,496,127,758,573,674,137,345,451,578,437,977,39,660,650,249,669,592,916,93,668,688,553,758,99,85,90,80,72,85,39,77,103,106,84,95,59,73,91,107,71,83,107,81,58,59,53,51,103,84,95,79,50,81,56,46
[ 1439.105301] [AOA] Measurement: 0,1627115115.240790,08:55:31:9b:0a:1b,2,1,2,0,128,551,821,535,132,258,838,801,774,573,476,138,776,562,673,694,576,487,622,424,990,32,673,202,422,665,606,965,119,56,428,935,120,100,88,91,81,74,85,40,79,101,104,85,94,60,72,93,107,74,83,109,83,58,62,53,52,107,88,100,79,56,84,60,47
[ 1439.150240] [AOA] Measurement: 0,1627115115.285730,08:55:31:9b:0a:1b,2,1,2,0,128,1014,956,554,158,265,817,234,594,12,311,141,764,61,832,133,353,995,801,445,1002,642,904,164,456,205,762,908,72,623,646,370,506,98,83,87,77,70,81,36,75,97,100,81,91,56,70,89,102,71,78,106,81,54,59,52,49,101,82,94,73,51,80,57,45
[ 1439.193220] [AOA] Measurement: 0,1627115115.328715,08:55:31:9b:0a:1b,2,1,2,0,128,26,1015,88,369,796,975,799,823,44,323,696,959,124,887,645,509,49,850,966,166,588,866,296,522,226,816,948,115,664,679,399,519,97,88,91,77,69,81,33,77,99,98,81,89,55,67,86,103,63,79,102,75,52,52,52,46,99,79,90,71,47,77,47,40
[ 1439.237086] [AOA] Measurement: 0,1627115115.372582,08:55:31:9b:0a:1b,2,1,2,0,128,1023,985,543,163,234,807,807,830,576,498,699,971,20,797,730,564,991,813,1017,193,517,808,135,408,267,823,918,119,672,708,71,142,97,83,88,77,69,80,36,76,100,101,81,90,57,69,89,104,71,80,105,81,54,59,53,50,102,85,95,77,52,80,58,46
[ 1439.284055] [AOA] Measurement: 0,1627115115.419546,08:55:31:9b:0a:1b,2,1,2,0,128,51,17,57,319,807,999,776,766,68,362,187,799,122,897,47,288,446,567,450,1014,554,836,155,417,171,733,947,120,672,697,831,1000,96,81,86,79,69,80,38,76,98,100,81,91,56,71,90,105,70,78,105,83,54,60,52,50,104,83,97,77,55,82,58,46
[ 1439.330607] [AOA] Measurement: 0,1627115115.466102,08:55:31:9b:0a:1b,2,1,2,0,128,15,956,592,213,823,6,199,569,19,322,168,765,592,690,110,333,998,764,438,14,583,890,193,430,174,728,447,1019,63,473,839,2,100,85,90,81,70,83,38,77,102,102,82,94,58,72,90,104,72,81,108,84,55,62,54,50,105,84,99,80,55,85,60,49
[ 1439.374284] [AOA] Measurement: 0,1627115115.509780,08:55:31:9b:0a:1b,2,1,2,0,128,2,995,70,376,758,983,816,849,590,557,659,916,544,646,201,376,3,799,995,180,535,833,197,495,286,806,945,123,680,691,971,1004,100,86,92,81,71,86,36,77,102,103,81,93,59,73,90,106,71,80,106,80,55,57,53,49,103,84,96,78,49,79,54,46
[ 1439.418337] [AOA] Measurement: 0,1627115115.553824,08:55:31:9b:0a:1b,2,1,2,0,128,3,1012,55,348,226,785,365,660,546,465,694,963,97,866,701,569,1011,799,512,24,37,690,662,256,203,790,948,120,104,510,220,429,96,91,95,78,70,83,34,80,101,100,82,88,56,68,86,101,65,79,105,76,55,54,50,47,99,80,91,72,45,78,49,40
[ 1439.461669] [AOA] Measurement: 0,1627115115.597166,08:55:31:9b:0a:1b,2,1,2,0,128,32,997,580,169,754,984,204,601,29,324,166,793,53,800,155,341,992,803,977,145,598,887,219,456,196,772,373,900,110,491,383,531,99,90,92,79,71,84,35,79,102,101,82,91,57,69,89,104,69,82,109,81,58,59,53,49,102,85,97,76,49,82,57,44
[ 1439.500141] [AOA] Measurement: 0,1627115115.635636,08:55:31:9b:0a:1b,2,1,2,0,128,9,1006,64,337,748,974,799,793,581,493,137,760,87,872,650,502,1022,814,475,1016,566,837,195,449,155,728,1002,136,637,688,896,978,99,89,89,78,70,82,37,78,102,102,80,91,57,69,86,102,65,80,107,75,56,54,52,46,98,81,92,70,46,79,49,39
[ 1439.538995] [AOA] Measurement: 0,1627115115.674490,08:55:31:9b:0a:1b,2,1,2,0,128,52,1020,173,418,771,978,816,815,578,498,738,972,102,836,705,577,939,740,438,969,79,655,697,278,224,780,931,108,623,665,463,593,99,87,88,80,70,83,36,75,98,101,82,93,56,71,90,104,71,77,107,83,56,59,51,50,102,84,97,79,51,84,57,44
[ 1439.584692] [AOA] Measurement: 0,1627115115.720188,08:55:31:9b:0a:1b,2,1,2,0,128,26,1005,99,327,785,995,852,852,550,481,695,959,121,858,684,523,942,806,985,146,565,845,660,254,688,603,939,130,617,681,856,30,97,88,91,79,69,82,34,80,102,101,81,88,56,69,90,104,68,80,108,78,56,57,51,48,99,83,94,74,47,79,51,43
[ 1439.628757] [AOA] Measurement: 0,1627115115.764246,08:55:31:9b:0a:1b,2,1,2,0,128,44,993,61,329,783,979,822,803,40,330,107,718,535,634,150,375,419,620,454,19,5,666,212,463,196,806,914,70,75,468,814,961,98,89,94,80,71,84,37,80,101,102,81,90,58,69,87,104,69,82,105,78,55,56,52,48,101,84,94,74,49,78,53,43
[ 1439.672192] [AOA] Measurement: 0,1627115115.807681,08:55:31:9b:0a:1b,2,1,2,0,128,41,992,67,339,191,757,233,574,46,331,666,954,75,862,655,554,1003,792,1008,172,33,700,681,227,678,583,399,952,635,645,97,162,100,90,94,78,70,84,36,78,100,104,82,92,58,71,91,105,69,81,108,80,58,59,53,48,104,83,96,75,50,83,56,45
[ 1439.722833] [AOA] Measurement: 0,1627115115.858322,08:55:31:9b:0a:1b,2,1,2,0,128,459,799,584,174,830,994,752,771,556,485,118,740,551,611,177,379,487,630,442,995,10,692,211,456,238,798,425,931,73,480,637,738,95,77,83,77,71,80,41,70,96,101,81,95,59,71,93,103,76,81,104,87,58,65,54,53,106,86,98,80,56,82,63,50
[ 1439.768114] [AOA] Measurement: 0,1627115115.903607,08:55:31:9b:0a:1b,2,1,2,0,128,4,963,103,338,213,808,247,626,624,525,674,939,588,679,723,577,1008,832,988,197,531,860,178,429,212,760,373,951,108,513,78,272,98,86,89,79,71,82,38,74,101,101,83,93,59,71,90,104,72,82,109,81,56,59,52,50,101,82,93,74,50,80,53,44
[ 1439.812277] [AOA] Measurement: 0,1627115115.947770,08:55:31:9b:0a:1b,2,1,2,0,128,508,829,567,168,817,1005,222,579,50,332,694,968,568,675,146,359,16,848,942,120,52,720,637,205,696,592,361,923,55,464,436,689,98,89,91,81,72,84,37,79,100,103,82,91,56,69,87,104,69,81,109,79,56,59,52,49,103,86,96,75,50,79,52,44
[ 1439.862397] [AOA] Measurement: 0,1627115115.997886,08:55:31:9b:0a:1b,2,1,2,0,128,59,1018,93,369,712,975,273,641,570,515,670,940,44,831,737,572,14,851,459,1012,550,837,669,281,747,643,908,82,630,670,809,896,100,86,89,80,70,83,37,77,101,103,82,92,58,71,90,104,71,80,107,84,57,61,53,51,104,84,96,77,54,83,58,46
[ 1439.909636] [AOA] Measurement: 0,1627115116.045131,08:55:31:9b:0a:1b,2,1,2,0,128,38,6,98,369,774,1004,802,824,985,258,726,955,36,830,140,342,19,828,953,124,981,616,625,203,647,555,440,983,34,454,467,552,99,83,89,79,72,81,39,75,99,101,85,95,58,71,92,105,72,81,108,83,57,61,54,52,105,85,100,81,55,84,61,47
[ 1439.948751] [AOA] Measurement: 0,1627115116.084240,08:55:31:9b:0a:1b,2,1,2,0,128,54,1012,85,366,255,800,284,629,47,322,720,953,572,698,640,526,35,847,966,168,609,908,179,413,214,793,400,935,55,447,690,869,100,89,94,78,70,83,34,79,100,101,82,89,57,71,85,105,68,81,108,77,56,56,52,49,101,83,95,75,48,79,51,43
[ 1439.992327] [AOA] Measurement: 0,1627115116.127816,08:55:31:9b:0a:1b,2,1,2,0,128,16,987,71,345,232,823,761,787,63,349,689,955,531,650,687,538,413,608,410,1003,11,652,628,221,679,595,426,990,76,475,16,241,101,87,90,79,68,83,37,79,100,102,82,91,57,70,91,107,71,82,108,81,58,60,52,49,102,85,95,76,50,80,53,44
[ 1440.042276] [AOA] Measurement: 0,1627115116.177766,08:55:31:9b:0a:1b,2,1,2,0,128,34,1008,11,294,738,962,764,788,601,507,742,967,114,885,576,512,994,792,1006,180,532,821,195,462,297,822,1010,136,612,686,76,210,96,91,94,78,68,82,33,81,102,100,81,86,55,67,85,99,63,78,106,75,51,51,49,46,96,81,90,71,42,74,45,38
[ 1440.087070] [AOA] Measurement: 0,1627115116.222566,08:55:31:9b:0a:1b,2,1,2,0,128,536,837,117,374,797,979,816,845,639,547,699,938,100,846,137,357,1005,794,983,140,516,833,663,247,224,794,372,935,661,682,476,650,100,87,91,80,71,82,37,78,99,100,83,93,59,70,89,105,69,82,108,80,56,57,52,50,102,83,97,78,51,82,56,45
[ 1440.131992] [AOA] Measurement: 0,1627115116.267488,08:55:31:9b:0a:1b,2,1,2,0,128,487,782,92,387,730,973,768,802,18,317,769,998,64,839,159,377,977,809,455,999,519,857,244,475,235,802,890,92,117,501,640,780,98,89,94,77,69,84,33,80,100,99,80,86,56,69,83,101,65,81,106,73,56,54,49,46,97,81,90,71,43,74,47,36
[ 1440.180873] [AOA] Measurement: 0,1627115116.316368,08:55:31:9b:0a:1b,2,1,2,0,128,1018,980,586,172,749,951,212,593,18,335,176,748,61,803,696,587,432,615,462,1021,12,679,706,269,219,807,1011,169,576,617,725,795,98,86,91,78,72,85,39,74,101,105,84,95,60,73,92,106,71,81,109,82,56,61,54,51,104,86,97,77,52,84,60,47
[ 1440.220200] [AOA] Measurement: 0,1627115116.355688,08:55:31:9b:0a:1b,2,1,2,0,128,515,816,512,127,253,807,273,614,608,522,680,948,72,848,764,625,1021,843,990,179,529,864,174,409,197,787,961,110,677,680,732,850,100,85,89,79,73,83,39,76,102,104,84,93,57,71,90,106,71,82,109,81,55,60,52,50,103,84,93,76,51,79,55,44
[ 1440.263111] [AOA] Measurement: 0,1627115116.398606,08:55:31:9b:0a:1b,2,1,2,0,128,36,991,32,334,777,992,828,806,588,522,691,934,91,836,126,370,954,770,940,171,562,830,181,419,254,818,931,131,633,658,650,851,101,89,93,80,71,84,38,79,101,104,83,93,57,72,91,106,73,83,109,83,58,61,53,51,104,84,97,78,52,82,56,46
[ 1440.306903] [AOA] Measurement: 0,1627115116.442398,08:55:31:9b:0a:1b,2,1,2,0,128,25,1015,88,325,786,977,802,783,533,465,704,951,68,850,659,537,411,583,446,1011,1019,619,704,266,183,787,409,976,662,685,1018,101,100,84,86,80,71,82,39,73,97,102,84,95,60,71,92,107,73,81,105,84,59,63,54,52,105,87,102,82,59,85,63,50
[ 1440.353587] [AOA] Measurement: 0,1627115116.489079,08:55:31:9b:0a:1b,2,1,2,0,128,525,820,530,115,214,760,246,616,1000,262,144,810,555,696,81,299,527,639,436,6,16,628,676,252,649,549,365,911,127,520,365,560,96,86,88,79,69,83,37,75,101,101,84,91,57,70,89,106,70,81,106,79,54,58,51,49,101,83,94,75,49,79,53,44
[ 1440.399822] [AOA] Measurement: 0,1627115116.535318,08:55:31:9b:0a:1b,2,1,2,0,128,13,1005,533,155,775,980,786,790,34,314,682,943,54,840,97,353,445,611,432,1001,23,717,196,464,236,805,973,78,639,695,50,212,99,86,90,79,71,83,37,76,103,105,82,92,57,71,90,106,71,80,110,82,57,61,52,50,100,83,96,73,52,81,53,46
[ 1440.438369] [AOA] Measurement: 0,1627115116.573864,08:55:31:9b:0a:1b,2,1,2,0,128,1001,968,573,159,780,1023,215,605,27,322,723,946,551,639,177,379,982,755,463,1016,602,855,675,225,690,569,939,115,130,520,328,464,97,89,92,78,69,83,32,80,101,101,82,88,53,67,83,101,66,80,106,77,54,54,50,46,99,80,92,73,45,78,49,40
[ 1440.497349] [AOA] Measurement: 0,1627115116.632846,08:55:31:9b:0a:1b,2,1,2,0,128,1008,981,560,168,265,837,776,792,621,543,681,952,112,861,627,512,27,815,419,1000,616,866,668,258,211,752,433,993,646,675,893,112,100,90,91,79,71,83,36,80,103,103,84,93,58,71,88,105,70,81,109,80,56,55,51,48,103,85,94,73,48,78,52,42
[ 1440.544566] [AOA] Measurement: 0,1627115116.680054,08:55:31:9b:0a:1b,2,1,2,0,128,470,807,575,192,819,20,750,753,24,329,651,982,63,842,122,387,1005,769,5,183,968,591,681,235,695,654,397,936,680,697,915,54,100,88,89,80,70,81,38,77,100,102,84,93,57,72,87,105,72,82,108,84,57,59,54,52,104,86,99,79,53,83,59,46
[ 1440.590584] [AOA] Measurement: 0,1627115116.726079,08:55:31:9b:0a:1b,2,1,2,0,128,53,9,84,358,257,801,802,808,596,511,716,934,87,842,697,554,483,632,431,1013,48,682,180,450,630,537,426,942,654,710,631,790,99,87,91,79,71,83,36,76,101,105,84,94,58,70,91,104,73,80,108,84,58,61,53,50,104,87,101,80,54,82,59,47
[ 1440.629460] [AOA] Measurement: 0,1627115116.764955,08:55:31:9b:0a:1b,2,1,2,0,128,97,17,65,350,780,993,770,798,522,479,735,992,68,862,727,588,934,746,1009,186,501,809,679,269,203,786,447,976,607,663,986,65,101,84,87,80,72,82,39,74,100,103,84,94,59,72,93,107,74,84,109,84,57,62,52,51,104,86,101,79,57,85,63,48
[ 1440.673837] [AOA] Measurement: 0,1627115116.809332,08:55:31:9b:0a:1b,2,1,2,0,128,18,994,528,124,779,976,214,588,55,327,162,790,555,650,114,340,461,621,465,1012,983,664,688,247,196,799,366,942,47,411,692,953,100,86,88,79,72,84,38,76,101,105,84,93,58,73,92,107,74,82,110,83,58,62,53,52,106,86,99,79,53,84,60,48
[ 1440.712825] [AOA] Measurement: 0,1627115116.848318,08:55:31:9b:0a:1b,2,1,2,0,128,532,791,614,196,763,966,235,585,38,312,152,782,48,805,102,349,991,793,472,17,1011,662,680,268,222,799,384,948,698,720,65,128,102,88,91,82,72,84,39,76,103,104,86,94,60,72,94,108,73,82,107,85,58,62,55,51,106,87,99,79,55,85,61,49
[ 1440.757460] [AOA] Measurement: 0,1627115116.892955,08:55:31:9b:0a:1b,2,1,2,0,128,57,1015,127,380,858,13,740,800,565,504,687,951,120,877,762,631,943,779,497,14,617,895,167,455,238,805,994,150,596,675,281,380,97,89,92,77,70,85,33,81,102,102,80,89,57,68,87,104,67,80,109,76,55,58,51,48,102,85,96,75,50,82,55,44
[ 1440.801913] [AOA] Measurement: 0,1627115116.937409,08:55:31:9b:0a:1b,2,1,2,0,128,565,827,121,364,706,965,806,811,547,536,685,963,5,797,136,374,430,616,1002,162,547,836,672,240,661,582,394,941,674,668,951,43,98,89,94,78,68,82,34,77,100,101,82,89,56,70,86,104,70,82,108,80,56,56,50,50,101,85,94,75,49,80,52,42
[ 1440.856238] [AOA] Measurement: 0,1627115116.991727,08:55:31:9b:0a:1b,2,1,2,0,128,91,23,31,328,798,25,775,795,579,494,686,949,66,813,118,352,8,799,980,209,576,839,196,449,229,799,953,155,639,693,688,739,99,89,91,78,70,84,36,78,101,103,82,92,58,72,90,105,69,83,109,83,55,58,53,49,102,85,94,76,49,81,54,43
[ 1440.901853] [AOA] Measurement: 0,1627115117.037348,08:55:31:9b:0a:1b,2,1,2,0,128,575,872,28,325,774,998,763,797,555,507,707,974,66,854,119,339,385,572,449,5,566,826,212,433,249,844,919,142,600,658,945,36,98,83,89,80,70,82,39,77,100,102,83,95,59,71,90,106,71,80,107,83,58,61,53,50,105,85,98,80,55,85,60,48
[ 1440.951340] [AOA] Measurement: 0,1627115117.086833,08:55:31:9b:0a:1b,2,1,2,0,128,57,11,69,341,772,949,258,602,25,316,177,796,547,626,687,499,451,618,405,982,976,602,684,247,753,645,921,95,79,495,399,595,100,86,92,80,72,85,38,80,101,103,82,94,59,71,92,105,70,83,106,81,57,59,52,50,104,85,96,78,49,82,55,43
[ 1440.990456] [AOA] Measurement: 0,1627115117.125944,08:55:31:9b:0a:1b,2,1,2,0,128,528,848,551,164,770,996,807,815,568,504,82,694,572,669,694,553,470,606,454,1005,0,664,663,226,658,591,444,981,680,681,279,380,100,85,90,81,72,86,37,77,101,103,83,94,57,71,92,106,71,83,105,83,57,59,52,52,104,88,99,81,54,84,59,46
[ 1441.033166] [AOA] Measurement: 0,1627115117.168659,08:55:31:9b:0a:1b,2,1,2,0,128,510,779,584,200,752,966,843,832,3,248,107,729,540,618,161,372,430,625,452,998,559,820,178,380,689,598,438,980,58,456,857,72,97,86,90,76,68,81,33,76,99,100,81,88,56,69,85,101,67,79,103,77,54,55,50,47,98,81,93,72,45,77,48,41
[ 1441.076859] [AOA] Measurement: 0,1627115117.212354,08:55:31:9b:0a:1b,2,1,2,0,128,536,842,582,180,735,972,223,602,31,332,147,755,558,622,98,329,405,589,449,3,529,848,657,235,217,776,911,115,604,651,745,926,99,90,94,79,70,82,35,80,101,101,82,92,58,69,88,105,67,81,110,80,56,55,53,48,99,84,92,75,48,78,50,42
[ 1441.123913] [AOA] Measurement: 0,1627115117.259401,08:55:31:9b:0a:1b,2,1,2,0,128,539,828,572,133,249,780,281,636,16,288,180,763,578,678,168,377,420,547,449,1022,971,601,665,269,701,597,408,950,650,675,808,1004,100,85,90,80,72,84,35,77,103,104,83,94,58,73,91,106,71,81,107,83,56,59,54,51,104,87,99,81,53,83,57,47
[ 1441.170347] [AOA] Measurement: 0,1627115117.305843,08:55:31:9b:0a:1b,2,1,2,0,128,548,856,57,346,792,1020,790,777,521,507,128,772,573,651,182,369,999,798,1009,205,586,866,209,476,208,796,992,151,608,690,393,512,101,86,90,78,70,81,37,76,103,103,85,94,59,71,90,106,70,81,107,83,57,58,54,50,103,84,95,77,51,83,57,45
[ 1441.214923] [AOA] Measurement: 0,1627115117.350419,08:55:31:9b:0a:1b,2,1,2,0,128,557,831,563,150,205,777,230,599,15,312,737,978,82,814,146,395,967,773,452,1015,1023,614,665,279,201,765,960,128,674,686,972,158,99,91,91,79,69,85,34,78,101,101,82,91,56,70,87,102,67,81,109,78,56,54,51,48,100,81,91,74,47,79,49,42
[ 1441.272027] [AOA] Measurement: 0,1627115117.407522,08:55:31:9b:0a:1b,2,1,2,0,128,563,867,541,146,768,984,177,567,56,327,660,960,39,820,159,358,959,754,466,1010,1018,646,676,270,711,606,464,989,641,666,611,732,100,89,94,78,70,83,34,80,103,104,83,93,58,72,91,105,70,83,108,79,56,57,52,49,100,85,95,76,51,81,56,43
[ 1441.317127] [AOA] Measurement: 0,1627115117.452623,08:55:31:9b:0a:1b,2,1,2,0,128,495,830,604,165,232,805,252,615,29,298,709,974,103,868,726,557,17,791,980,151,597,873,670,269,629,572,491,997,86,486,556,805,99,83,87,78,71,82,39,73,100,103,82,91,57,70,91,104,71,80,106,83,57,61,53,51,101,85,96,77,53,82,56,46
[ 1441.361601] [AOA] Measurement: 0,1627115117.497089,08:55:31:9b:0a:1b,2,1,2,0,128,86,13,131,380,821,1020,735,795,553,463,703,935,10,800,682,528,986,799,471,1015,582,856,151,427,282,856,943,94,593,678,667,788,100,93,95,79,73,83,35,80,99,102,81,88,56,68,86,102,65,81,109,79,56,56,52,48,99,82,93,72,46,77,48,38
[ 1441.413354] [AOA] Measurement: 0,1627115117.548843,08:55:31:9b:0a:1b,2,1,2,0,128,17,987,502,133,789,1007,196,614,10,290,183,779,536,632,105,357,484,595,452,990,551,802,719,294,678,560,404,935,72,474,705,975,98,81,90,80,71,81,37,77,102,105,84,92,59,71,92,105,72,82,107,85,57,63,53,51,105,87,99,79,54,84,60,47
[ 1441.456401] [AOA] Measurement: 0,1627115117.591890,08:55:31:9b:0a:1b,2,1,2,0,128,504,787,578,165,804,1009,759,800,1003,293,698,920,574,672,655,534,966,777,1005,196,535,857,656,274,194,766,415,965,575,625,822,957,98,86,91,80,71,84,38,77,100,102,81,92,58,71,91,105,71,82,107,84,57,59,51,49,105,85,96,77,52,82,58,45
[ 1441.496676] [AOA] Measurement: 0,1627115117.632171,08:55:31:9b:0a:1b,2,1,2,0,128,511,819,541,153,246,806,224,581,83,330,184,796,85,821,117,339,483,613,987,192,505,808,685,269,219,739,949,142,612,660,1011,183,102,87,90,80,73,83,38,75,102,104,84,93,59,71,94,107,74,83,106,84,58,62,53,52,106,86,97,80,52,85,61,49
[ 1441.538327] [AOA] Measurement: 0,1627115117.673815,08:55:31:9b:0a:1b,2,1,2,0,128,15,1020,1016,327,756,974,202,582,38,331,133,770,87,834,631,513,1012,815,992,185,510,843,206,478,164,770,430,981,653,657,968,112,99,87,93,79,70,84,36,80,103,103,81,93,57,69,89,104,70,82,108,80,57,56,50,48,99,81,94,73,47,78,50,41
[ 1441.584139] [AOA] Measurement: 0,1627115117.719635,08:55:31:9b:0a:1b,2,1,2,0,128,66,987,122,358,802,1005,764,805,615,516,725,994,38,853,668,534,10,851,960,169,557,858,705,290,204,770,996,125,661,662,1009,79,101,88,91,81,71,84,36,81,102,105,84,93,59,71,93,105,73,82,110,82,57,58,53,50,105,85,97,78,52,85,58,48
[ 1441.629223] [AOA] Measurement: 0,1627115117.764712,08:55:31:9b:0a:1b,2,1,2,0,128,519,824,576,151,238,799,775,801,510,464,728,987,25,819,654,524,997,796,458,1014,584,868,204,459,220,795,380,970,113,519,182,362,101,83,88,78,71,82,39,76,100,102,83,94,59,71,91,105,71,81,107,82,56,59,51,49,100,83,95,75,52,82,55,46
[ 1441.675395] [AOA] Measurement: 0,1627115117.810884,08:55:31:9b:0a:1b,2,1,2,0,128,479,804,530,154,254,824,220,605,8,314,152,760,532,659,145,357,960,752,430,979,31,711,618,252,270,819,942,115,655,650,560,753,100,89,94,78,70,84,36,77,102,101,81,92,58,70,88,104,70,80,105,78,56,58,52,48,103,86,94,76,48,82,54,44
[ 1441.722344] [AOA] Measurement: 0,1627115117.857837,08:55:31:9b:0a:1b,2,1,2,0,128,50,1019,116,377,777,996,208,573,26,288,153,796,521,636,171,338,456,606,429,1011,536,865,158,424,246,819,975,98,64,443,110,256,101,88,92,81,70,84,36,79,101,104,84,93,59,71,90,107,70,83,109,82,57,60,54,52,105,87,101,79,55,85,58,47
[ 1441.766992] [AOA] Measurement: 0,1627115117.902488,08:55:31:9b:0a:1b,2,1,2,0,128,510,806,574,161,771,983,223,614,1,325,153,768,513,602,99,381,449,614,453,997,8,657,635,243,655,550,419,939,106,440,431,703,97,84,93,79,71,84,39,79,102,103,82,94,58,69,91,105,71,80,106,85,57,61,53,51,105,86,98,78,53,83,56,47
[ 1441.809574] [AOA] Measurement: 0,1627115117.945063,08:55:31:9b:0a:1b,2,1,2,0,128,515,797,534,145,259,816,774,798,625,563,684,930,503,622,135,358,437,643,470,3,30,676,178,424,264,822,315,902,126,506,119,278,100,86,91,79,72,84,38,77,99,101,84,93,58,69,90,105,71,82,109,84,56,61,55,49,105,86,97,78,54,82,57,48
[ 1441.848208] [AOA] Measurement: 0,1627115117.983700,08:55:31:9b:0a:1b,2,1,2,0,128,525,814,518,131,205,793,283,620,28,310,703,948,518,617,156,379,956,760,385,963,974,622,705,273,207,786,938,112,638,655,665,750,101,89,94,80,73,83,37,79,103,103,82,92,56,69,89,103,69,81,110,81,56,57,51,49,101,84,90,72,47,78,51,42
[ 1441.893229] [AOA] Measurement: 0,1627115118.028723,08:55:31:9b:0a:1b,2,1,2,0,128,50,979,93,321,802,996,812,804,631,557,638,914,51,815,686,514,998,791,443,1002,550,845,221,475,226,802,992,159,567,630,480,644,101,85,89,80,72,82,39,77,101,100,84,93,60,73,90,107,71,82,109,82,58,59,53,50,103,85,98,77,54,84,56,47
[ 1441.936632] [AOA] Measurement: 0,1627115118.072121,08:55:31:9b:0a:1b,2,1,2,0,128,59,1009,52,334,741,961,775,788,622,523,650,927,99,843,758,619,1009,818,946,123,55,699,668,232,184,731,375,946,633,679,472,547,100,87,88,80,71,82,36,77,102,104,84,90,57,72,89,102,69,82,110,82,57,58,53,50,103,85,96,76,52,83,57,45
[ 1441.982575] [AOA] Measurement: 0,1627115118.118070,08:55:31:9b:0a:1b,2,1,2,0,128,1019,968,77,356,781,1000,794,789,584,492,666,935,69,869,695,552,1010,823,974,137,540,842,172,439,269,835,863,94,603,651,730,916,98,88,91,76,71,83,34,77,101,99,80,88,55,69,86,103,67,79,106,78,57,57,50,47,101,81,93,74,50,80,52,42
[ 1442.026697] [AOA] Measurement: 0,1627115118.162193,08:55:31:9b:0a:1b,2,1,2,0,128,536,833,90,340,748,955,275,644,537,470,697,925,512,625,155,360,1011,778,439,992,622,886,143,379,245,782,376,949,68,462,441,617,100,87,90,78,72,84,38,78,101,103,82,92,58,70,90,105,72,82,108,81,56,58,51,49,100,82,95,74,49,81,51,43
[ 1442.074191] [AOA] Measurement: 0,1627115118.209679,08:55:31:9b:0a:1b,2,1,2,0,128,1017,991,574,195,777,988,247,631,52,308,154,739,113,848,695,536,21,818,979,145,621,889,166,428,215,806,466,1014,624,667,880,892,98,93,94,79,69,83,35,80,101,102,79,87,57,68,86,101,65,79,109,76,54,54,50,46,97,80,92,70,43,76,47,41
[ 1442.122152] [AOA] Measurement: 0,1627115118.257648,08:55:31:9b:0a:1b,2,1,2,0,128,41,987,40,339,749,971,798,796,562,501,723,1000,78,861,651,545,960,813,998,209,555,854,186,436,233,811,950,143,670,713,536,656,97,84,89,79,72,84,39,79,100,103,83,93,60,72,92,106,72,83,108,81,57,59,53,51,104,84,96,77,52,83,56,45
[ 1442.171946] [AOA] Measurement: 0,1627115118.307435,08:55:31:9b:0a:1b,2,1,2,0,128,529,806,485,68,262,819,808,800,526,456,728,984,35,846,638,540,1001,813,358,962,562,860,280,485,171,757,421,974,124,520,165,297,98,87,92,78,70,81,36,75,98,100,82,90,55,70,89,103,69,79,109,80,55,57,53,49,101,84,94,77,52,78,55,45
[ 1442.222568] [AOA] Measurement: 0,1627115118.358056,08:55:31:9b:0a:1b,2,1,2,0,128,565,840,535,129,218,786,292,626,31,321,716,966,500,654,146,376,403,544,462,1008,31,633,644,201,664,570,423,1004,76,449,30,264,99,79,86,77,72,79,40,72,98,101,83,95,58,70,92,105,75,79,104,85,56,62,53,51,103,86,98,81,57,83,62,49
[ 1442.267058] [AOA] Measurement: 0,1627115118.402553,08:55:31:9b:0a:1b,2,1,2,0,128,57,1020,121,400,753,961,799,777,1010,308,127,730,538,678,95,329,462,598,469,10,559,844,238,496,172,793,931,122,609,682,859,17,99,86,92,80,71,85,36,79,102,101,82,90,57,70,88,103,69,83,108,81,55,59,53,49,102,85,96,75,50,81,52,43
[ 1442.312193] [AOA] Measurement: 0,1627115118.447681,08:55:31:9b:0a:1b,2,1,2,0,128,19,1015,60,335,216,782,752,804,565,553,680,930,79,836,683,544,971,792,460,1012,565,886,212,446,202,779,353,946,613,638,82,236,100,87,91,80,70,84,36,78,103,104,84,93,58,72,92,106,72,82,109,82,58,60,51,51,103,86,97,79,53,82,57,45
[ 1442.361132] [AOA] Measurement: 0,1627115118.496628,08:55:31:9b:0a:1b,2,1,2,0,128,527,829,524,166,817,999,784,792,574,469,690,940,506,620,111,353,977,772,496,29,569,841,679,250,702,609,387,934,24,434,808,24,99,87,92,80,70,81,37,77,99,100,82,90,59,68,88,105,70,82,107,82,57,58,53,49,101,83,94,77,50,81,54,43
[ 1442.400609] [AOA] Measurement: 0,1627115118.536097,08:55:31:9b:0a:1b,2,1,2,0,128,997,964,98,340,248,807,244,628,48,317,121,755,41,815,168,370,1,846,1015,197,578,847,175,423,208,782,405,945,642,670,799,899,97,83,86,80,72,82,40,72,99,102,83,94,59,73,91,104,76,81,103,84,57,65,54,52,105,86,101,82,59,86,66,50
[ 1442.452018] [AOA] Measurement: 0,1627115118.587507,08:55:31:9b:0a:1b,2,1,2,0,128,39,986,109,350,753,954,261,608,561,504,691,930,104,868,706,591,989,810,3,163,575,865,702,276,202,796,962,133,665,667,865,982,100,83,87,81,74,86,39,75,104,107,86,96,60,72,90,103,73,81,106,83,58,62,53,52,105,88,100,81,55,83,61,48
[ 1442.497019] [AOA] Measurement: 0,1627115118.632514,08:55:31:9b:0a:1b,2,1,2,0,128,498,805,601,206,256,794,308,633,14,322,732,971,493,615,142,338,456,596,431,996,1,648,679,263,197,758,373,941,87,480,454,727,101,86,87,78,72,83,40,78,102,101,83,95,59,73,92,105,73,82,108,85,57,59,53,53,102,86,99,81,53,83,60,47
[ 1442.541408] [AOA] Measurement: 0,1627115118.676903,08:55:31:9b:0a:1b,2,1,2,0,128,49,1003,58,314,226,817,240,585,12,306,689,939,514,655,156,364,501,659,997,136,1,649,662,234,691,585,428,904,114,488,2,174,99,89,91,78,70,84,34,79,100,102,80,91,57,69,87,102,69,81,107,78,56,56,51,49,102,81,92,74,47,80,52,41
[ 1442.586185] [AOA] Measurement: 0,1627115118.721679,08:55:31:9b:0a:1b,2,1,2,0,128,83,998,55,340,765,996,835,867,542,486,727,978,63,835,766,598,953,758,990,193,536,834,202,489,242,810,951,115,637,652,91,231,100,86,92,80,69,83,37,78,102,103,83,91,56,69,87,106,68,81,109,80,57,58,51,49,103,84,95,76,51,81,54,45
[ 1442.630007] [AOA] Measurement: 0,1627115118.765495,08:55:31:9b:0a:1b,2,1,2,0,128,496,810,539,168,222,801,219,611,6,270,124,735,569,691,637,507,995,782,27,200,536,818,674,255,220,809,394,947,124,493,77,234,100,86,92,79,71,84,36,78,102,102,84,92,59,71,91,105,71,82,109,82,57,59,52,50,103,85,97,78,52,81,57,45
[ 1442.673496] [AOA] Measurement: 0,1627115118.808984,08:55:31:9b:0a:1b,2,1,2,0,128,21,1008,511,112,265,848,757,769,57,317,125,769,575,694,95,316,428,601,478,1002,12,671,683,256,678,565,434,965,684,695,197,286,98,86,92,79,70,81,36,80,97,101,82,89,58,70,89,105,69,81,109,78,57,57,52,48,99,83,94,75,49,79,52,44
[ 1442.723693] [AOA] Measurement: 0,1627115118.859182,08:55:31:9b:0a:1b,2,1,2,0,128,502,784,561,145,258,828,784,824,540,506,127,749,583,628,101,335,1009,851,405,987,15,651,699,276,692,606,346,912,101,482,718,892,99,91,93,80,70,83,34,81,101,101,82,90,57,69,88,104,67,81,108,79,57,55,53,49,101,84,96,75,49,81,53,43
[ 1442.769943] [AOA] Measurement: 0,1627115118.905439,08:55:31:9b:0a:1b,2,1,2,0,128,34,990,121,344,828,8,749,834,589,496,731,955,73,850,692,533,948,800,972,144,566,865,194,437,196,772,904,98,609,599,773,905,99,85,89,80,72,83,38,75,99,104,84,94,59,73,92,105,71,81,108,84,56,60,53,53,103,85,98,78,52,82,57,46
[ 1442.808174] [AOA] Measurement: 0,1627115118.943668,08:55:31:9b:0a:1b,2,1,2,0,128,483,826,579,162,226,827,272,610,22,299,94,720,564,671,156,368,403,580,374,954,28,688,696,257,718,611,967,144,652,676,550,783,100,86,90,82,72,86,38,77,102,103,83,93,58,69,90,107,71,83,107,84,58,60,53,51,104,86,99,80,51,83,57,46
[ 1442.852391] [AOA] Measurement: 0,1627115118.987884,08:55:31:9b:0a:1b,2,1,2,0,128,89,1,121,395,763,977,819,818,562,513,682,968,38,841,102,341,12,799,971,172,629,912,231,469,228,831,941,115,649,677,645,777,97,87,91,79,71,84,36,79,100,101,82,93,59,69,88,103,69,82,107,82,56,59,53,49,104,82,94,76,50,81,52,44
[ 1442.895005] [AOA] Measurement: 0,1627115119.030495,08:55:31:9b:0a:1b,2,1,2,0,128,4,980,551,157,199,820,809,814,590,496,708,966,17,813,705,558,6,844,1023,166,503,806,176,447,695,595,911,124,623,638,544,756,98,89,93,80,70,83,35,79,102,101,84,90,58,71,87,104,69,83,107,79,56,57,53,49,101,83,96,77,49,82,53,44
[ 1442.938957] [AOA] Measurement: 0,1627115119.074445,08:55:31:9b:0a:1b,2,1,2,0,128,42,1004,159,412,740,972,797,847,593,506,684,930,532,622,747,596,1000,778,458,8,602,878,153,441,209,770,912,111,60,455,399,602,100,87,92,79,71,85,37,79,102,104,86,94,61,70,91,105,71,83,109,83,57,61,53,51,103,85,95,79,50,85,57,47
[ 1442.982649] [AOA] Measurement: 0,1627115119.118138,08:55:31:9b:0a:1b,2,1,2,0,128,127,36,41,329,721,1015,250,626,76,379,142,760,554,635,727,589,981,797,438,1002,996,640,617,223,678,581,426,944,73,463,672,847,100,89,93,79,74,84,38,79,103,105,85,93,59,73,91,107,73,82,110,82,58,59,54,48,103,86,98,78,52,83,55,46
[ 1443.033253] [AOA] Measurement: 0,1627115119.168743,08:55:31:9b:0a:1b,2,1,2,0,128,546,826,542,125,276,803,231,590,8,310,196,764,540,647,112,306,475,626,469,18,13,650,721,280,201,741,367,894,98,492,707,834,100,87,93,80,71,83,36,79,103,102,83,92,59,71,90,105,70,82,108,82,57,59,53,51,104,84,99,77,52,81,57,46
[ 1443.076478] [AOA] Measurement: 0,1627115119.211966,08:55:31:9b:0a:1b,2,1,2,0,128,36,988,102,366,779,7,754,780,585,477,693,930,499,589,167,373,1020,824,981,156,536,850,183,425,192,802,996,139,643,672,335,416,98,89,92,78,70,84,34,81,100,101,82,89,56,68,89,104,66,81,107,78,55,56,51,48,99,81,91,75,48,76,51,42
[ 1443.116801] [AOA] Measurement: 0,1627115119.252293,08:55:31:9b:0a:1b,2,1,2,0,128,39,1008,25,307,800,988,763,800,552,496,707,941,127,858,657,516,996,830,404,965,998,661,646,218,242,798,401,961,656,720,356,490,99,88,92,79,72,83,35,76,99,103,81,91,58,70,88,104,70,82,108,82,56,58,54,49,103,85,97,76,52,82,53,43
[ 1443.159771] [AOA] Measurement: 0,1627115119.295266,08:55:31:9b:0a:1b,2,1,2,0,128,18,968,83,340,781,1000,225,615,532,472,692,929,529,649,660,573,969,733,437,994,588,886,206,446,201,773,965,155,614,677,974,982,98,90,94,81,72,84,36,81,101,102,80,91,56,69,87,104,67,82,108,78,56,55,51,46,101,81,91,72,46,78,47,41
[ 1443.198861] [AOA] Measurement: 0,1627115119.334357,08:55:31:9b:0a:1b,2,1,2,0,128,502,803,155,416,784,973,826,823,7,298,116,734,510,628,170,367,464,631,971,135,572,869,161,399,187,773,939,128,42,451,544,708,97,89,92,79,71,84,35,79,101,102,84,88,57,69,87,103,66,80,105,76,55,56,51,47,98,82,93,73,45,78,49,41
[ 1443.237557] [AOA] Measurement: 0,1627115119.373053,08:55:31:9b:0a:1b,2,1,2,0,128,29,1017,83,348,764,990,834,804,601,524,676,934,579,661,681,535,978,810,982,176,1006,639,632,269,195,790,976,132,623,697,60,95,97,91,94,79,69,84,35,81,104,101,82,89,57,68,89,103,67,82,110,79,57,57,52,47,100,82,95,73,49,79,50,43
[ 1443.285235] [AOA] Measurement: 0,1627115119.420724,08:55:31:9b:0a:1b,2,1,2,0,128,101,15,98,369,776,996,799,813,556,466,108,719,554,628,101,337,475,645,386,976,34,681,655,251,246,828,953,153,630,663,770,883,98,88,90,81,73,85,36,76,102,103,84,95,60,73,93,108,71,83,109,82,56,60,55,52,104,85,98,79,55,84,58,47
[ 1443.331485] [AOA] Measurement: 0,1627115119.466978,08:55:31:9b:0a:1b,2,1,2,0,128,549,832,621,192,734,957,851,835,526,487,706,948,69,836,73,329,440,611,414,1003,12,666,666,267,703,621,897,70,569,637,686,788,100,91,95,81,71,84,36,81,102,103,83,92,56,71,89,104,70,83,110,82,57,58,52,49,102,86,100,77,50,83,53,45
[ 1443.381456] [AOA] Measurement: 0,1627115119.516950,08:55:31:9b:0a:1b,2,1,2,0,128,61,32,107,368,774,996,804,851,589,532,679,941,115,872,640,568,989,778,1005,187,549,857,220,483,179,779,915,95,652,671,570,685,98,87,92,79,70,84,35,77,103,103,84,94,59,71,91,106,70,82,109,82,55,57,51,50,100,85,91,74,52,83,55,45
[ 1443.421277] [AOA] Measurement: 0,1627115119.556765,08:55:31:9b:0a:1b,2,1,2,0,128,499,810,524,110,779,997,272,601,46,319,186,792,574,665,660,499,494,637,423,978,12,670,620,252,680,572,440,954,609,654,723,950,99,87,90,79,71,84,36,78,101,101,83,91,58,71,88,105,68,79,108,79,56,58,53,49,102,85,96,75,51,83,53,44
[ 1443.469637] [AOA] Measurement: 0,1627115119.605132,08:55:31:9b:0a:1b,2,1,2,0,128,58,35,58,319,771,1002,813,839,550,530,692,957,106,826,631,503,10,805,968,144,595,892,190,465,241,783,938,99,692,717,480,517,96,92,92,81,71,83,35,80,101,102,83,92,59,71,88,104,68,82,109,78,56,56,52,49,100,82,94,73,46,78,51,43
[ 1443.508812] [AOA] Measurement: 0,1627115119.644308,08:55:31:9b:0a:1b,2,1,2,0,128,33,977,126,376,776,998,245,650,6,310,703,922,71,833,130,365,1007,842,410,1013,548,888,174,453,190,798,894,87,637,672,443,623,100,87,89,80,72,82,39,77,102,102,84,94,58,71,90,106,72,81,108,85,58,61,53,51,103,85,98,76,53,82,60,47
[ 1443.550658] [AOA] Measurement: 0,1627115119.686147,08:55:31:9b:0a:1b,2,1,2,0,128,24,995,541,169,763,975,851,834,625,515,694,976,55,826,665,535,968,741,479,13,619,893,193,425,226,771,963,156,630,675,768,846,100,86,91,81,72,85,37,76,101,102,82,93,59,70,90,105,69,82,107,83,58,61,53,52,104,86,99,80,56,82,59,48
[ 1443.597377] [AOA] Measurement: 0,1627115119.732872,08:55:31:9b:0a:1b,2,1,2,0,128,494,819,558,147,241,777,278,625,27,309,128,736,523,621,119,361,450,588,440,1023,550,864,220,472,149,771,403,972,586,638,45,197,99,88,92,78,70,84,35,78,98,100,81,89,56,69,85,104,67,80,107,78,55,56,51,47,97,82,93,73,46,79,50,41
[ 1443.636290] [AOA] Measurement: 0,1627115119.771785,08:55:31:9b:0a:1b,2,1,2,0,128,1012,987,139,391,814,994,848,860,509,463,705,941,55,833,75,329,407,596,438,1007,549,835,700,289,681,606,431,958,631,677,254,354,100,85,89,81,74,85,40,76,101,104,84,95,61,72,93,105,75,82,107,84,56,63,55,53,105,88,101,82,58,86,63,51
[ 1443.681566] [AOA] Measurement: 0,1627115119.817061,08:55:31:9b:0a:1b,2,1,2,0,128,27,1009,580,169,253,801,848,841,563,546,663,932,48,821,709,582,429,603,477,986,594,823,710,269,666,612,891,83,689,700,147,347,101,84,88,80,72,83,41,76,101,104,83,95,59,72,92,107,74,82,105,84,57,63,54,52,107,87,101,82,57,86,64,49
[ 1443.731584] [AOA] Measurement: 0,1627115119.867078,08:55:31:9b:0a:1b,2,1,2,0,128,483,782,526,100,276,804,221,558,1023,281,144,750,554,680,129,350,998,774,431,1010,1019,642,661,218,673,559,405,977,670,697,778,947,101,89,91,82,72,83,37,78,102,103,84,90,59,71,91,105,72,84,111,83,56,60,53,51,101,83,95,76,51,83,54,45
[ 1443.776177] [AOA] Measurement: 0,1627115119.911665,08:55:31:9b:0a:1b,2,1,2,0,128,36,1017,7,299,777,996,732,782,53,349,736,977,514,653,75,332,463,617,455,1001,51,698,180,452,188,762,924,85,106,497,754,867,103,87,92,79,71,86,38,79,101,103,85,93,59,72,92,106,70,82,109,83,56,61,53,50,106,85,97,78,51,84,58,45
[ 1443.819541] [AOA] Measurement: 0,1627115119.955034,08:55:31:9b:0a:1b,2,1,2,0,128,30,1011,598,185,794,995,238,600,22,247,187,796,471,612,132,325,463,606,418,977,560,830,721,286,214,774,945,105,662,687,48,194,100,88,92,81,71,84,36,77,102,102,83,93,58,72,90,107,73,82,107,82,58,60,51,51,104,86,98,79,53,84,58,48
[ 1443.858398] [AOA] Measurement: 0,1627115119.993893,08:55:31:9b:0a:1b,2,1,2,0,128,53,1016,55,348,207,795,792,825,600,535,726,962,100,881,653,536,962,779,997,174,566,848,179,432,217,797,950,83,650,681,462,583,96,91,93,77,67,83,35,79,100,103,82,88,56,69,82,100,66,81,107,77,55,54,49,46,96,81,91,71,43,75,47,39
[ 1443.904928] [AOA] Measurement: 0,1627115120.040419,08:55:31:9b:0a:1b,2,1,2,0,128,54,988,555,129,290,838,786,814,24,320,677,932,74,868,618,528,6,808,974,178,551,833,201,450,691,602,979,163,641,722,772,944,95,87,91,77,69,82,35,81,100,100,81,86,55,68,86,103,65,79,107,76,57,54,50,46,100,82,92,72,45,77,50,39
[ 1443.947829] [AOA] Measurement: 0,1627115120.083317,08:55:31:9b:0a:1b,2,1,2,0,128,108,15,73,361,832,6,790,823,560,521,699,951,82,854,100,353,985,813,495,35,560,862,173,412,269,831,968,148,649,685,758,875,100,88,91,80,72,85,35,80,102,105,84,95,60,70,90,106,68,81,109,83,57,60,53,52,104,85,101,79,52,82,59,47
[ 1443.986551] [AOA] Measurement: 0,1627115120.122045,08:55:31:9b:0a:1b,2,1,2,0,128,60,1005,82,378,775,996,760,750,574,543,717,953,34,788,155,378,426,591,423,992,54,641,655,259,257,797,932,88,613,642,10,181,101,85,91,80,73,83,38,78,102,102,84,93,58,73,90,104,72,83,109,81,57,59,54,50,102,86,97,78,53,85,58,45
[ 1444.031704] [AOA] Measurement: 0,1627115120.167199,08:55:31:9b:0a:1b,2,1,2,0,128,100,1010,598,178,248,797,190,579,1022,282,152,770,551,672,663,518,480,628,418,987,63,697,648,247,662,597,961,160,79,461,871,154,100,81,87,81,71,83,41,73,99,104,82,96,62,73,93,107,73,80,108,85,57,63,55,52,106,87,100,82,56,85,63,50
[ 1444.082369] [AOA] Measurement: 0,1627115120.217858,08:55:31:9b:0a:1b,2,1,2,0,128,488,795,605,192,186,797,771,789,598,562,684,939,43,824,108,334,998,825,991,169,588,837,194,443,226,808,394,931,60,461,697,854,99,87,90,79,72,83,36,79,102,103,82,91,56,68,89,103,68,78,109,77,55,56,51,48,101,82,93,74,46,79,53,41
[ 1444.133242] [AOA] Measurement: 0,1627115120.268731,08:55:31:9b:0a:1b,2,1,2,0,128,522,781,640,180,212,818,776,787,1010,290,120,731,570,661,111,308,997,827,428,1005,524,825,163,436,655,574,410,960,143,514,228,395,100,90,93,80,72,83,37,79,102,104,84,91,57,70,90,105,69,82,110,81,56,58,53,50,102,86,95,77,50,80,54,45
[ 1444.178618] [AOA] Measurement: 0,1627115120.314112,08:55:31:9b:0a:1b,2,1,2,0,128,567,831,563,144,828,1015,772,783,628,531,137,730,536,623,126,394,1013,780,989,151,556,834,203,490,216,769,915,82,151,511,282,481,101,87,91,81,70,84,38,78,101,101,85,92,59,71,91,105,71,81,107,84,56,59,53,51,104,86,97,79,53,84,58,44
[ 1444.224765] [AOA] Measurement: 0,1627115120.360255,08:55:31:9b:0a:1b,2,1,2,0,128,553,823,165,404,747,983,818,822,7,311,707,916,566,640,656,527,989,789,405,1008,1008,645,698,254,677,561,412,978,670,705,500,658,96,85,89,79,71,83,35,77,101,101,80,91,59,69,88,104,67,81,108,80,56,57,53,49,102,83,95,75,50,79,51,43
[ 1444.268985] [AOA] Measurement: 0,1627115120.404474,08:55:31:9b:0a:1b,2,1,2,0,128,50,1,41,350,815,1021,871,828,569,528,748,969,75,856,652,540,956,779,995,173,568,870,190,459,252,851,940,110,653,692,658,802,99,90,93,78,71,84,36,80,101,102,84,91,58,70,89,103,68,81,107,81,57,56,53,50,101,85,96,78,51,81,54,45
[ 1444.312925] [AOA] Measurement: 0,1627115120.448414,08:55:31:9b:0a:1b,2,1,2,0,128,16,952,515,106,228,793,761,772,40,275,681,966,52,820,182,400,2,821,461,1006,578,865,719,267,678,602,399,954,105,499,116,225,98,83,87,81,72,83,41,75,98,103,83,93,59,72,92,103,73,80,106,84,56,63,55,53,106,87,101,82,58,84,63,50
[ 1444.363111] [AOA] Measurement: 0,1627115120.498600,08:55:31:9b:0a:1b,2,1,2,0,128,78,1008,62,344,766,1014,773,811,549,492,659,879,550,621,115,331,997,795,375,990,46,698,151,421,245,808,976,138,521,588,160,319,99,90,92,77,68,82,35,79,100,99,82,90,57,70,86,102,68,82,106,78,55,57,52,48,101,82,92,72,46,80,49,42
[ 1444.405510] [AOA] Measurement: 0,1627115120.540998,08:55:31:9b:0a:1b,2,1,2,0,128,18,994,147,388,778,990,233,618,616,514,687,967,39,841,650,550,2,814,960,163,570,836,200,452,243,823,931,87,107,481,403,522,99,85,88,79,70,83,38,78,101,102,83,92,57,70,88,105,70,81,106,81,56,57,52,48,103,84,96,75,50,80,56,45
[ 1444.450976] [AOA] Measurement: 0,1627115120.586471,08:55:31:9b:0a:1b,2,1,2,0,128,54,1001,66,362,777,1,731,757,85,353,685,961,547,649,95,324,441,598,452,1016,30,706,246,507,154,746,955,121,656,712,211,346,100,89,90,80,70,85,37,79,101,104,84,94,59,72,91,105,72,83,111,84,55,58,53,51,102,85,98,77,50,80,54,46
[ 1444.495768] [AOA] Measurement: 0,1627115120.631261,08:55:31:9b:0a:1b,2,1,2,0,128,487,782,614,159,191,765,235,605,32,301,123,742,79,827,148,345,414,597,459,985,47,664,671,230,704,625,945,86,626,700,256,368,100,87,90,80,70,83,38,79,100,102,84,92,59,71,91,105,72,83,109,82,56,59,53,51,104,85,98,78,52,84,56,46
[ 1444.542775] [AOA] Measurement: 0,1627115120.678263,08:55:31:9b:0a:1b,2,1,2,0,128,532,835,614,176,221,785,213,597,0,273,157,766,587,655,153,360,23,811,451,975,11,651,676,274,211,774,987,155,598,671,336,582,100,89,93,78,73,85,35,79,102,102,82,91,56,69,88,104,66,81,109,79,55,56,51,49,100,82,94,74,49,79,51,43
[ 1444.592863] [AOA] Measurement: 0,1627115120.728352,08:55:31:9b:0a:1b,2,1,2,0,128,39,0,493,107,265,821,831,822,553,501,646,926,595,686,740,565,973,766,440,999,5,643,243,478,662,582,417,1001,600,652,934,80,98,87,91,77,69,84,34,79,101,102,81,89,57,68,88,102,66,79,108,79,56,57,53,47,98,80,92,73,46,77,50,41
[ 1444.637510] [AOA] Measurement: 0,1627115120.773005,08:55:31:9b:0a:1b,2,1,2,0,128,91,3,91,397,791,11,706,763,10,292,683,941,88,857,693,544,13,825,944,168,556,882,170,420,178,786,963,129,586,605,448,644,83,74,79,67,60,70,30,69,87,87,69,75,48,58,73,84,56,69,92,66,47,47,43,40,83,67,77,63,39,67,41,34
[ 1444.682090] [AOA] Measurement: 0,1627115120.817579,08:55:31:9b:0a:1b,2,1,2,0,128,37,1017,83,338,765,988,826,829,605,554,673,934,68,850,153,357,1000,801,1020,217,553,845,284,490,190,752,931,110,633,683,154,286,97,87,92,78,69,82,34,78,101,100,81,89,54,69,84,100,68,80,107,78,54,56,50,49,98,81,92,71,45,77,47,41
[ 1444.731234] [AOA] Measurement: 0,1627115120.866727,08:55:31:9b:0a:1b,2,1,2,0,128,477,792,561,162,261,806,262,574,14,304,103,724,513,638,147,381,13,801,473,993,32,673,609,213,679,574,384,949,671,676,340,530,99,86,87,77,70,83,37,75,101,104,84,94,57,72,93,108,72,81,107,83,57,61,51,49,104,86,98,79,53,84,57,45
[ 1444.770527] [AOA] Measurement: 0,1627115120.906015,08:55:31:9b:0a:1b,2,1,2,0,128,56,13,94,393,765,975,759,807,523,502,664,977,25,847,90,325,419,567,425,987,1022,671,219,454,182,767,925,130,680,711,378,522,96,88,92,78,71,83,34,79,99,100,82,89,56,68,86,103,65,80,107,78,53,54,49,46,99,82,93,75,47,78,52,41
[ 1444.821285] [AOA] Measurement: 0,1627115120.956773,08:55:31:9b:0a:1b,2,1,2,0,128,20,1009,87,390,779,990,798,807,570,508,724,945,549,671,672,511,997,804,476,49,540,821,198,487,662,581,466,984,691,668,1015,220,98,87,90,80,72,84,36,78,102,104,82,94,58,71,93,105,72,83,110,84,58,60,53,50,103,85,98,78,52,82,57,46
[ 1444.867143] [AOA] Measurement: 0,1627115121.002638,08:55:31:9b:0a:1b,2,1,2,0,128,11,1022,58,374,755,987,801,846,597,534,745,997,60,872,701,551,988,783,998,172,12,650,671,254,187,783,345,937,78,463,407,538,100,89,91,80,72,84,38,75,102,104,84,93,58,71,90,106,72,83,109,83,57,60,54,51,104,85,97,78,51,81,57,45
[ 1444.905934] [AOA] Measurement: 0,1627115121.041430,08:55:31:9b:0a:1b,2,1,2,0,128,8,972,104,377,737,1004,795,804,608,535,648,917,82,852,646,549,8,827,960,169,572,853,157,411,163,771,415,976,673,690,187,364,102,83,87,80,72,83,40,74,96,101,85,96,58,73,94,106,75,81,106,85,57,63,54,52,104,87,101,83,57,85,64,50
[ 1444.944598] [AOA] Measurement: 0,1627115121.080093,08:55:31:9b:0a:1b,2,1,2,0,128,525,798,108,378,778,981,792,771,537,516,675,929,562,646,80,321,442,585,442,1007,42,635,717,268,688,592,383,932,681,691,90,366,98,86,92,78,68,83,35,80,100,102,83,90,56,70,88,103,67,79,107,77,53,54,51,46,98,81,91,72,44,76,49,40
[ 1444.983219] [AOA] Measurement: 0,1627115121.118715,08:55:31:9b:0a:1b,2,1,2,0,128,492,803,565,172,229,789,783,829,497,460,697,977,36,786,142,371,498,632,395,975,42,699,662,216,641,574,403,935,113,492,77,342,101,89,92,81,70,84,37,79,101,105,85,93,59,72,93,106,72,83,109,84,56,59,53,51,104,86,97,77,54,82,58,46
[ 1445.029984] [AOA] Measurement: 0,1627115121.165474,08:55:31:9b:0a:1b,2,1,2,0,128,1017,965,513,160,751,968,239,607,542,496,708,928,86,851,126,347,439,605,498,20,536,822,648,232,666,588,414,949,76,456,276,553,98,89,93,79,70,83,35,79,100,101,82,87,56,73,89,107,67,83,109,78,56,56,51,47,101,82,94,76,49,81,51,43
[ 1445.080287] [AOA] Measurement: 0,1627115121.215776,08:55:31:9b:0a:1b,2,1,2,0,128,556,798,564,168,796,989,227,586,12,333,136,741,546,646,763,610,1011,782,455,1012,567,860,149,439,248,811,912,99,646,632,325,407,100,86,88,80,72,84,38,77,101,102,82,92,58,71,90,105,71,81,107,82,58,60,54,48,105,86,98,79,52,81,55,45
[ 1445.124461] [AOA] Measurement: 0,1627115121.259950,08:55:31:9b:0a:1b,2,1,2,0,128,57,20,105,381,745,956,274,633,47,352,676,947,62,832,675,548,1009,806,441,1013,592,876,133,415,670,608,362,918,120,514,306,444,100,86,89,81,71,83,39,75,99,102,82,94,60,73,91,107,74,83,107,85,57,62,54,52,106,86,99,79,56,83,61,48
[ 1445.174955] [AOA] Measurement: 0,1627115121.310442,08:55:31:9b:0a:1b,2,1,2,0,128,85,13,18,362,716,957,272,623,560,514,729,965,67,840,134,353,436,583,420,989,3,662,618,247,685,598,383,934,651,687,635,742,98,88,93,79,71,84,34,80,103,104,84,91,57,71,88,105,70,82,110,81,55,56,54,49,102,84,94,74,49,80,50,43
[ 1445.217892] [AOA] Measurement: 0,1627115121.353381,08:55:31:9b:0a:1b,2,1,2,0,128,57,1000,68,346,783,961,218,552,93,352,697,961,73,831,715,548,937,757,445,975,7,664,648,232,694,609,434,975,641,667,770,903,99,89,90,77,70,83,36,81,101,104,83,92,58,70,88,105,67,80,107,78,57,58,53,48,101,83,94,76,48,78,51,42
[ 1445.259404] [AOA] Measurement: 0,1627115121.394898,08:55:31:9b:0a:1b,2,1,2,0,128,88,12,40,342,279,814,201,592,25,326,687,964,518,659,175,410,939,770,467,9,535,822,651,248,201,771,941,127,681,693,21,158,101,87,90,80,72,83,38,74,100,105,83,94,58,72,93,108,74,82,109,83,57,61,53,51,104,87,97,79,55,83,59,47
[ 1445.303502] [AOA] Measurement: 0,1627115121.438996,08:55:31:9b:0a:1b,2,1,2,0,128,69,4,95,344,666,914,246,625,65,362,692,975,10,801,707,592,989,771,1001,174,992,641,657,245,639,580,381,933,135,493,774,949,99,90,93,79,70,82,35,79,102,102,84,91,58,69,88,106,68,81,108,79,56,57,52,48,101,84,95,73,48,80,52,42
[ 1445.348353] [AOA] Measurement: 0,1627115121.483847,08:55:31:9b:0a:1b,2,1,2,0,128,83,9,92,390,753,983,285,612,590,549,696,947,83,842,648,563,10,801,347,938,39,667,645,225,234,832,418,968,665,674,494,585,101,87,92,81,72,84,39,78,101,102,85,94,60,71,92,107,72,84,108,83,56,62,53,51,105,86,98,78,56,84,60,48
[ 1445.392376] [AOA] Measurement: 0,1627115121.527871,08:55:31:9b:0a:1b,2,1,2,0,128,537,833,108,375,753,953,259,612,599,550,718,974,5,801,755,563,935,769,458,1003,1008,630,740,290,240,842,951,137,695,710,390,558,99,88,92,80,71,86,37,77,102,101,83,91,58,70,89,105,68,81,106,79,56,56,52,49,100,83,94,75,49,81,51,42
[ 1445.443562] [AOA] Measurement: 0,1627115121.579051,08:55:31:9b:0a:1b,2,1,2,0,128,519,825,558,125,745,1015,207,599,9,305,126,766,594,693,701,589,1013,836,930,146,549,874,634,257,253,807,919,122,591,594,275,455,96,90,93,78,68,84,34,79,102,100,81,87,57,68,84,102,65,79,105,75,54,52,50,45,97,81,90,71,44,74,49,41
[ 1445.490493] [AOA] Measurement: 0,1627115121.625988,08:55:31:9b:0a:1b,2,1,2,0,128,23,1015,102,341,769,975,822,865,554,522,775,1007,44,852,700,576,1006,823,18,187,558,821,685,278,667,591,459,988,631,679,841,998,99,83,87,81,71,83,38,74,101,101,82,94,59,71,92,106,73,82,108,86,58,62,56,53,105,87,99,82,56,84,60,48
[ 1445.529647] [AOA] Measurement: 0,1627115121.665142,08:55:31:9b:0a:1b,2,1,2,0,128,436,782,123,392,724,983,748,770,31,303,62,712,52,837,138,379,934,727,420,992,583,869,149,394,702,591,421,994,65,470,260,443,101,89,92,81,73,85,37,78,101,106,83,94,60,74,92,106,73,83,107,85,56,59,52,50,105,85,98,77,53,85,58,48
[ 1445.568291] [AOA] Measurement: 0,1627115121.703784,08:55:31:9b:0a:1b,2,1,2,0,128,489,773,547,167,263,810,195,608,1013,275,149,782,97,857,720,563,976,798,942,155,1013,641,620,201,723,612,423,964,23,426,313,548,99,89,90,77,70,84,33,79,102,101,81,89,56,69,86,103,65,80,107,77,55,55,51,47,99,82,91,72,46,77,49,41
[ 1445.614986] [AOA] Measurement: 0,1627115121.750476,08:55:31:9b:0a:1b,2,1,2,0,128,29,1002,562,148,248,799,241,619,1016,284,725,953,74,834,123,389,492,631,945,152,15,688,742,301,147,735,412,945,43,435,188,357,99,89,94,80,72,85,35,79,103,102,82,90,57,70,88,104,67,80,111,80,57,57,52,50,100,84,92,73,47,77,50,42
[ 1445.660548] [AOA] Measurement: 0,1627115121.796042,08:55:31:9b:0a:1b,2,1,2,0,128,19,1021,534,174,220,821,268,606,1016,338,148,788,553,613,119,348,419,590,448,993,9,653,654,201,739,610,394,925,664,701,711,844,98,90,95,78,70,84,35,79,100,102,81,91,57,69,86,102,67,79,109,79,56,54,52,48,98,83,93,74,47,78,50,41
[ 1445.706090] [AOA] Measurement: 0,1627115121.841582,08:55:31:9b:0a:1b,2,1,2,0,128,70,6,113,384,786,1021,808,809,536,512,695,985,67,825,684,553,1013,818,31,205,573,873,100,402,212,800,982,135,599,672,420,483,98,90,93,78,71,84,34,80,101,100,81,91,57,71,90,106,68,82,107,78,55,57,52,49,102,84,96,76,48,79,50,44
[ 1445.749504] [AOA] Measurement: 0,1627115121.884997,08:55:31:9b:0a:1b,2,1,2,0,128,521,792,84,354,744,989,751,795,43,317,173,764,577,682,646,549,473,618,450,1009,570,887,183,442,212,819,944,132,617,699,705,889,100,87,89,81,72,84,39,76,100,103,84,93,58,71,90,106,74,81,108,84,57,60,52,52,104,86,100,81,55,85,61,48
[ 1445.788695] [AOA] Measurement: 0,1627115121.924184,08:55:31:9b:0a:1b,2,1,2,0,128,32,995,85,341,748,971,824,852,602,537,691,971,35,806,676,560,400,569,442,1012,962,611,722,292,658,586,405,937,55,467,753,903,93,89,94,74,65,77,30,80,99,97,78,83,53,65,80,97,60,75,105,71,51,50,47,43,91,77,87,65,42,75,45,38
[ 1445.832288] [AOA] Measurement: 0,1627115121.967777,08:55:31:9b:0a:1b,2,1,2,0,128,21,978,62,378,710,970,294,662,1023,285,212,795,82,818,143,376,935,780,459,4,592,884,659,262,261,821,982,159,602,660,254,398,97,88,91,79,72,84,35,79,100,102,83,91,58,69,86,103,68,81,107,78,56,57,52,48,100,84,94,73,49,79,51,43
[ 1445.882515] [AOA] Measurement: 0,1627115122.018004,08:55:31:9b:0a:1b,2,1,2,0,128,493,820,566,135,220,804,821,819,608,532,656,920,532,616,131,328,434,584,449,996,641,910,214,443,245,801,939,108,150,512,750,888,96,88,92,78,69,82,35,81,103,102,80,89,55,69,84,103,64,80,106,75,55,54,51,46,97,82,92,71,46,78,49,41
[ 1445.927920] [AOA] Measurement: 0,1627115122.063416,08:55:31:9b:0a:1b,2,1,2,0,128,477,817,623,196,185,755,280,612,28,310,701,990,42,807,698,570,449,622,473,42,545,866,239,453,163,708,346,906,68,486,749,956,99,84,86,78,71,83,41,75,101,103,86,93,59,72,93,104,72,81,106,84,56,62,54,50,104,87,100,82,56,84,62,49
[ 1445.972311] [AOA] Measurement: 0,1627115122.107804,08:55:31:9b:0a:1b,2,1,2,0,128,517,808,123,369,221,820,842,832,543,510,711,966,63,833,657,562,404,587,522,27,997,625,261,457,680,570,337,933,90,485,364,608,100,86,90,81,72,84,39,76,103,106,87,96,61,73,93,106,75,82,108,85,56,63,55,53,106,87,101,80,57,85,63,50
[ 1446.022874] [AOA] Measurement: 0,1627115122.158363,08:55:31:9b:0a:1b,2,1,2,0,128,54,35,86,359,798,1018,713,766,565,535,741,1001,45,857,704,543,3,792,960,195,607,882,613,241,619,563,353,935,134,496,561,577,99,91,93,77,69,83,34,79,102,102,81,90,57,70,87,103,67,81,108,79,56,55,52,47,98,82,92,73,45,76,47,38
[ 1446.072963] [AOA] Measurement: 0,1627115122.208452,08:55:31:9b:0a:1b,2,1,2,0,128,44,18,22,290,239,819,209,552,12,260,196,806,513,609,152,407,445,589,441,1016,18,655,665,216,682,558,381,912,83,457,489,733,99,84,88,80,71,83,39,77,101,102,82,93,57,70,91,105,72,78,107,84,55,60,54,51,102,83,98,78,54,83,58,47
[ 1446.117367] [AOA] Measurement: 0,1627115122.252862,08:55:31:9b:0a:1b,2,1,2,0,128,515,807,66,302,748,948,224,577,41,295,735,952,68,808,134,337,481,642,986,160,572,857,244,463,163,743,373,945,80,493,789,922,100,86,91,81,72,85,38,78,101,103,84,94,59,70,91,107,72,83,110,85,58,61,54,53,104,87,99,80,55,84,60,49
[ 1446.162006] [AOA] Measurement: 0,1627115122.297495,08:55:31:9b:0a:1b,2,1,2,0,128,537,820,552,164,221,785,786,776,1012,289,681,955,602,648,719,577,424,585,476,1012,519,834,660,256,209,773,403,972,60,449,959,86,99,82,88,78,70,84,40,77,100,102,84,94,59,73,92,107,71,80,110,82,56,60,53,49,101,85,94,78,51,82,56,44
[ 1446.211264] [AOA] Measurement: 0,1627115122.346757,08:55:31:9b:0a:1b,2,1,2,0,128,41,984,568,164,212,785,228,605,586,494,705,954,110,889,696,560,459,649,461,1013,14,652,193,452,194,745,896,82,71,460,920,122,98,84,88,79,70,82,38,78,101,101,83,93,58,71,92,104,71,80,105,83,57,60,53,50,104,84,98,78,52,81,57,44
[ 1446.251091] [AOA] Measurement: 0,1627115122.386580,08:55:31:9b:0a:1b,2,1,2,0,128,29,991,99,367,724,969,776,778,593,498,168,759,547,608,689,586,14,863,952,150,988,613,221,487,134,722,443,988,111,516,20,217,99,90,92,77,71,84,35,79,103,103,84,91,57,71,88,104,68,82,108,79,56,55,53,49,100,82,93,73,47,78,51,41
[ 1446.298398] [AOA] Measurement: 0,1627115122.433891,08:55:31:9b:0a:1b,2,1,2,0,128,536,824,91,354,741,988,179,576,1002,251,157,760,574,661,728,571,25,804,962,148,556,883,177,435,223,802,987,148,595,638,446,657,99,83,89,80,72,84,39,74,102,103,85,95,58,72,91,104,74,82,106,83,55,62,54,52,103,86,99,79,57,85,63,51
[ 1446.343275] [AOA] Measurement: 0,1627115122.478771,08:55:31:9b:0a:1b,2,1,2,0,128,9,961,530,147,177,790,270,636,1018,299,167,755,100,869,702,548,998,790,453,1006,1013,624,691,250,698,595,420,959,653,679,429,583,100,87,91,81,70,85,37,76,102,105,84,94,58,73,93,106,74,84,106,84,57,60,54,50,104,85,98,81,54,85,58,47
[ 1446.388055] [AOA] Measurement: 0,1627115122.523547,08:55:31:9b:0a:1b,2,1,2,0,128,39,1002,107,356,813,996,764,787,572,507,701,946,81,847,680,563,992,788,986,171,545,883,243,512,179,775,945,115,672,705,165,268,98,91,93,79,72,83,36,79,100,101,83,91,57,70,88,105,70,81,109,82,58,56,53,48,104,83,95,75,50,80,53,42
[ 1446.426966] [AOA] Measurement: 0,1627115122.562461,08:55:31:9b:0a:1b,2,1,2,0,128,4,976,95,342,771,995,788,810,603,512,110,694,563,654,173,364,987,805,11,205,553,839,234,507,180,746,397,929,146,485,231,461,100,88,93,80,72,84,36,81,103,102,84,92,57,69,89,106,69,80,109,80,58,59,52,49,103,83,97,76,50,82,53,44
[ 1446.471560] [AOA] Measurement: 0,1627115122.607056,08:55:31:9b:0a:1b,2,1,2,0,128,73,993,569,125,315,844,275,653,613,536,733,938,63,840,684,564,972,784,405,998,562,854,633,256,716,623,919,107,94,510,792,1019,99,83,84,80,71,83,40,75,101,102,84,96,59,73,95,105,76,81,104,85,57,62,55,53,105,87,101,83,59,86,62,50
[ 1446.521174] [AOA] Measurement: 0,1627115122.656668,08:55:31:9b:0a:1b,2,1,2,0,128,35,1001,75,352,226,778,828,828,578,533,728,975,81,883,652,581,1002,810,429,1011,564,849,248,516,155,765,972,145,690,710,510,603,100,86,88,81,72,85,38,76,101,103,84,95,60,72,92,107,73,83,110,84,57,60,52,50,105,85,101,79,55,83,58,48
[ 1446.562184] [AOA] Measurement: 0,1627115122.697673,08:55:31:9b:0a:1b,2,1,2,0,128,56,1004,490,175,209,783,238,610,24,334,147,735,508,641,116,307,497,612,984,157,30,673,237,456,200,752,954,136,73,457,420,623,99,91,92,78,71,84,35,80,103,103,83,92,56,69,88,106,69,83,108,78,55,55,51,47,100,83,96,74,48,80,49,43
[ 1446.609219] [AOA] Measurement: 0,1627115122.744714,08:55:31:9b:0a:1b,2,1,2,0,128,563,824,565,140,232,819,283,608,956,247,194,793,537,648,119,378,462,564,479,1022,608,903,147,390,724,625,895,53,160,499,881,68,100,87,89,79,70,82,37,77,101,103,82,92,58,71,90,106,71,82,109,84,57,60,54,50,104,85,96,78,52,83,56,46
[ 1446.648238] [AOA] Measurement: 0,1627115122.783731,08:55:31:9b:0a:1b,2,1,2,0,128,500,831,536,163,727,939,283,640,20,313,718,976,77,829,683,557,473,619,478,19,526,832,187,444,132,737,964,117,4,434,776,956,99,85,89,79,72,83,38,76,101,103,84,94,58,72,90,104,71,80,109,82,57,59,53,51,102,86,97,77,51,82,56,45
[ 1446.694852] [AOA] Measurement: 0,1627115122.830341,08:55:31:9b:0a:1b,2,1,2,0,128,473,779,113,361,787,1002,810,832,586,512,759,1011,81,865,710,585,1008,790,972,126,580,844,669,251,678,568,428,992,646,705,247,387,100,90,93,79,71,84,36,79,101,104,83,91,58,70,86,106,70,80,110,81,58,59,53,52,102,85,98,76,50,82,54,45
[ 1446.734155] [AOA] Measurement: 0,1627115122.869650,08:55:31:9b:0a:1b,2,1,2,0,128,40,1005,531,136,762,964,817,825,561,483,192,800,542,614,100,344,432,606,1001,151,637,880,142,412,250,809,971,94,77,469,510,701,96,90,94,81,70,84,36,80,102,102,84,90,57,70,89,104,68,82,108,78,55,57,51,49,102,84,95,76,50,80,53,45
[ 1446.773064] [AOA] Measurement: 0,1627115122.908559,08:55:31:9b:0a:1b,2,1,2,0,128,38,991,526,134,180,801,261,623,34,312,126,755,567,667,182,373,432,640,24,181,594,847,137,414,228,795,986,135,581,598,985,138,100,83,90,80,73,85,39,76,102,105,84,96,59,74,93,106,74,81,111,85,57,63,56,53,105,87,101,82,55,83,60,48
[ 1446.817841] [AOA] Measurement: 0,1627115122.953336,08:55:31:9b:0a:1b,2,1,2,0,128,528,816,74,368,727,960,841,839,592,522,641,924,46,816,154,353,456,599,413,984,10,653,649,218,223,786,947,102,101,474,383,603,101,91,94,80,71,85,35,77,101,104,85,90,58,71,92,106,72,83,112,82,57,59,52,50,105,85,99,80,51,81,56,46
[ 1446.862434] [AOA] Measurement: 0,1627115122.997927,08:55:31:9b:0a:1b,2,1,2,0,128,65,29,33,318,802,993,803,793,1020,280,183,764,505,635,170,400,447,617,399,969,19,690,668,266,227,809,954,130,598,647,2,178,102,87,91,80,73,85,36,79,100,102,82,90,57,71,90,103,70,82,108,82,55,56,52,49,101,84,96,76,50,81,57,45
[ 1446.912930] [AOA] Measurement: 0,1627115123.048418,08:55:31:9b:0a:1b,2,1,2,0,128,477,842,107,380,765,949,200,604,4,312,721,951,132,886,658,528,462,630,469,13,526,873,182,432,250,817,874,59,106,493,458,643,100,84,90,80,71,84,36,76,100,103,82,93,57,70,90,104,70,81,106,83,56,61,54,50,104,83,97,75,53,82,59,45
[ 1446.963421] [AOA] Measurement: 0,1627115123.098909,08:55:31:9b:0a:1b,2,1,2,0,128,22,1004,69,332,767,998,790,815,558,492,158,783,548,650,692,563,998,777,959,154,954,636,684,293,231,823,924,140,620,678,292,458,98,90,93,78,71,85,35,81,101,102,83,89,57,69,89,102,67,80,108,78,55,55,51,47,99,79,94,74,47,80,50,41
[ 1447.006441] [AOA] Measurement: 0,1627115123.141929,08:55:31:9b:0a:1b,2,1,2,0,128,531,819,608,184,246,824,790,809,616,496,714,977,530,630,674,567,978,773,461,13,540,830,713,319,252,827,949,118,681,697,864,979,99,86,89,81,69,84,38,79,102,104,85,92,59,71,90,107,70,82,109,84,57,58,54,51,101,85,96,78,52,84,57,47
[ 1447.049755] [AOA] Measurement: 0,1627115123.185244,08:55:31:9b:0a:1b,2,1,2,0,128,37,996,104,368,784,1005,271,629,23,332,672,956,54,822,152,350,444,587,997,202,7,638,140,410,198,772,426,941,98,518,122,242,99,86,93,80,72,85,36,80,102,101,84,91,59,73,91,105,71,81,110,83,57,58,53,49,102,84,97,76,50,82,54,44
[ 1447.094400] [AOA] Measurement: 0,1627115123.229893,08:55:31:9b:0a:1b,2,1,2,0,128,131,25,76,346,781,983,771,799,585,521,92,716,543,670,699,575,944,790,470,2,985,629,677,257,209,798,938,120,646,705,86,202,99,85,85,78,69,82,38,76,101,104,83,93,59,71,91,104,71,82,109,83,58,60,51,51,103,87,97,78,54,83,59,47
[ 1447.139550] [AOA] Measurement: 0,1627115123.275045,08:55:31:9b:0a:1b,2,1,2,0,128,519,798,510,130,175,749,293,606,52,338,770,962,519,658,133,358,425,593,1008,189,530,893,192,427,195,744,406,983,631,637,401,580,101,85,89,80,72,83,39,76,100,104,85,95,60,74,93,106,72,82,107,83,59,62,54,51,105,87,100,82,57,85,61,49
[ 1447.183752] [AOA] Measurement: 0,1627115123.319245,08:55:31:9b:0a:1b,2,1,2,0,128,64,8,68,334,841,1003,796,832,552,483,708,974,49,812,92,383,424,622,433,1004,575,870,188,428,218,798,934,127,24,508,761,916,100,89,91,81,71,85,39,78,99,105,85,95,59,72,91,109,72,83,108,84,57,61,53,51,103,87,99,81,53,84,59,48
[ 1447.223809] [AOA] Measurement: 0,1627115123.359299,08:55:31:9b:0a:1b,2,1,2,0,128,495,829,545,137,802,1006,780,813,548,501,692,948,67,839,696,527,1000,762,1,203,528,840,168,432,186,744,977,147,630,663,723,883,97,86,91,80,69,81,38,75,98,103,82,93,58,70,91,103,72,83,109,84,57,59,52,50,104,85,98,78,54,84,57,46
[ 1447.274666] [AOA] Measurement: 0,1627115123.410157,08:55:31:9b:0a:1b,2,1,2,0,128,40,1012,598,192,801,1006,807,767,538,462,131,759,88,858,75,315,980,790,452,1009,549,877,227,466,213,781,360,916,145,527,226,430,99,87,91,78,71,84,36,79,103,102,81,90,59,70,89,104,68,81,108,81,57,59,53,49,103,83,96,76,50,83,54,44
[ 1447.321075] [AOA] Measurement: 0,1627115123.456570,08:55:31:9b:0a:1b,2,1,2,0,128,509,798,122,370,759,987,829,822,574,515,739,963,55,829,705,563,1008,780,479,1017,551,834,153,454,197,748,6,166,639,651,254,401,99,85,89,79,71,84,37,76,100,103,83,93,58,72,92,103,72,81,107,83,56,62,54,51,103,84,98,79,53,82,60,46
[ 1447.367339] [AOA] Measurement: 0,1627115123.502831,08:55:31:9b:0a:1b,2,1,2,0,128,48,3,77,340,748,943,777,796,543,499,716,1000,31,784,144,393,445,605,487,8,556,851,193,465,185,792,926,136,615,676,499,708,99,88,89,78,71,82,35,76,101,102,84,91,58,71,92,105,70,82,106,81,57,58,52,49,100,84,96,78,51,83,54,46
[ 1447.411400] [AOA] Measurement: 0,1627115123.546890,08:55:31:9b:0a:1b,2,1,2,0,128,44,991,556,189,792,983,768,789,562,489,133,746,81,844,719,542,1015,832,987,171,545,806,712,273,214,802,928,116,617,681,594,787,99,86,89,79,71,84,37,76,100,101,80,90,57,68,88,103,68,81,110,78,57,57,53,47,101,84,93,75,48,79,50,42
[ 1447.462822] [AOA] Measurement: 0,1627115123.598311,08:55:31:9b:0a:1b,2,1,2,0,128,68,2,534,113,212,785,215,588,92,365,179,775,84,843,686,555,1002,785,421,983,98,709,637,235,694,586,391,960,695,692,964,80,99,88,91,77,69,83,35,76,103,102,82,91,59,69,89,104,69,81,108,83,55,57,52,49,101,83,95,77,51,81,54,43
[ 1447.507489] [AOA] Measurement: 0,1627115123.642983,08:55:31:9b:0a:1b,2,1,2,0,128,113,32,51,371,167,764,241,627,560,517,106,727,74,866,664,546,930,781,1007,210,566,868,176,438,147,763,933,132,617,675,896,988,98,84,89,78,72,83,37,77,102,104,83,91,58,71,90,105,71,83,109,80,56,58,53,51,101,82,95,73,49,79,54,44
[ 1447.552436] [AOA] Measurement: 0,1627115123.687928,08:55:31:9b:0a:1b,2,1,2,0,128,525,788,577,179,207,770,257,608,34,340,101,749,559,638,174,367,1005,826,445,1001,555,875,679,281,198,800,970,142,590,651,554,715,99,87,89,79,72,83,40,77,100,103,82,94,58,73,92,105,70,82,109,83,55,60,54,50,103,85,98,79,53,84,60,47
[ 1447.604806] [AOA] Measurement: 0,1627115123.740295,08:55:31:9b:0a:1b,2,1,2,0,128,58,1004,86,342,788,1012,793,837,39,322,671,940,558,671,716,554,995,788,450,5,553,919,174,439,141,747,979,117,49,455,749,926,98,83,88,78,70,82,38,75,102,105,85,94,59,72,91,105,74,81,107,85,57,63,54,51,102,87,100,82,54,83,59,48
[ 1447.648787] [AOA] Measurement: 0,1627115123.784276,08:55:31:9b:0a:1b,2,1,2,0,128,56,996,107,340,229,801,271,588,6,298,153,780,65,828,733,547,408,590,436,1005,13,667,677,259,246,816,361,933,71,476,537,743,99,89,93,80,70,83,36,78,100,101,82,88,57,70,87,102,68,82,108,77,56,55,51,47,100,83,93,74,47,80,51,42
[ 1447.688452] [AOA] Measurement: 0,1627115123.823946,08:55:31:9b:0a:1b,2,1,2,0,128,16,1000,44,303,754,974,789,811,547,493,652,969,108,833,676,566,996,795,456,4,528,848,621,216,647,562,440,952,680,722,542,682,99,85,90,79,69,84,37,78,100,101,83,90,57,70,93,107,71,83,108,82,57,59,53,51,103,86,97,76,53,83,56,45
[ 1447.733409] [AOA] Measurement: 0,1627115123.868899,08:55:31:9b:0a:1b,2,1,2,0,128,507,842,566,170,238,808,247,614,48,359,727,967,511,641,77,372,991,801,997,181,999,620,700,295,683,608,1003,144,646,667,185,328,99,86,91,80,70,83,36,80,102,103,82,92,59,71,89,106,70,82,109,82,55,59,52,49,102,84,95,76,52,81,55,46
[ 1447.777225] [AOA] Measurement: 0,1627115123.912715,08:55:31:9b:0a:1b,2,1,2,0,128,0,1002,532,150,773,990,195,562,57,339,709,950,575,655,127,335,413,589,412,995,990,625,680,281,184,784,371,924,100,477,720,836,99,85,91,80,72,84,39,75,99,105,81,93,59,73,93,106,74,81,109,84,57,61,55,52,105,87,100,81,55,85,62,47
[ 1447.820986] [AOA] Measurement: 0,1627115123.956475,08:55:31:9b:0a:1b,2,1,2,0,128,36,1007,54,330,805,1,235,620,983,272,146,771,518,626,151,379,1011,773,448,1010,96,705,670,251,659,571,384,940,657,664,376,524,98,85,89,77,67,81,35,77,98,102,81,92,58,69,87,102,69,78,107,77,54,56,51,49,98,83,95,74,49,79,51,43
[ 1447.863861] [AOA] Measurement: 0,1627115123.999354,08:55:31:9b:0a:1b,2,1,2,0,128,49,11,73,370,770,977,795,829,577,518,717,988,122,883,109,354,450,601,5,205,519,853,197,418,251,806,932,80,702,684,115,261,98,83,89,80,68,83,39,76,99,102,82,91,57,67,89,106,72,81,108,80,56,59,53,50,100,83,95,76,51,81,54,44
[ 1447.907385] [AOA] Measurement: 0,1627115124.042881,08:55:31:9b:0a:1b,2,1,2,0,128,11,1011,514,149,784,994,762,791,581,449,729,990,54,820,167,381,424,601,405,994,1,681,641,241,235,803,970,97,602,612,243,394,98,84,87,81,72,83,39,75,99,101,84,96,59,72,90,106,74,81,107,83,58,63,56,53,104,86,101,80,56,85,62,49
[ 1447.950917] [AOA] Measurement: 0,1627115124.086409,08:55:31:9b:0a:1b,2,1,2,0,128,80,7,82,348,749,1007,816,858,555,500,175,769,558,657,141,353,500,628,465,3,589,863,172,430,203,757,398,930,118,487,300,505,99,86,93,79,72,83,36,78,100,102,83,92,59,70,90,106,71,82,108,80,57,59,53,50,102,84,98,78,51,82,55,47
[ 1447.989815] [AOA] Measurement: 0,1627115124.125305,08:55:31:9b:0a:1b,2,1,2,0,128,546,797,571,187,206,793,834,813,13,297,688,949,54,843,692,561,417,574,430,986,63,663,686,247,264,824,912,89,649,666,996,86,99,88,91,78,70,84,36,78,101,102,82,89,57,67,88,102,67,82,109,79,55,55,53,48,102,84,93,73,48,79,51,43
[ 1448.033366] [AOA] Measurement: 0,1627115124.168853,08:55:31:9b:0a:1b,2,1,2,0,128,493,802,551,150,750,965,222,613,1020,291,704,932,543,630,93,298,450,643,482,2,602,885,186,454,223,822,326,912,125,491,390,604,99,86,88,80,72,83,40,74,103,103,84,96,59,73,92,107,76,83,105,86,58,62,55,51,104,87,101,80,57,86,63,49
[ 1448.081819] [AOA] Measurement: 0,1627115124.217314,08:55:31:9b:0a:1b,2,1,2,0,128,38,985,95,353,814,2,791,786,535,502,647,939,68,834,158,350,1023,810,978,169,604,899,193,462,151,766,987,133,610,636,399,598,100,90,92,78,71,83,34,81,101,100,81,89,56,68,85,105,66,81,108,77,56,55,50,47,99,80,90,71,44,77,47,38
[ 1448.121155] [AOA] Measurement: 0,1627115124.256644,08:55:31:9b:0a:1b,2,1,2,0,128,49,1016,107,353,753,981,780,801,657,549,706,960,75,837,708,536,976,798,28,168,556,858,202,485,175,785,908,64,664,681,991,125,97,91,96,77,68,82,33,81,99,101,80,86,53,66,83,101,65,81,104,76,54,52,50,45,96,80,90,71,43,76,47,37
[ 1448.177846] [AOA] Measurement: 0,1627115124.313341,08:55:31:9b:0a:1b,2,1,2,0,128,17,990,624,185,756,986,770,788,555,521,659,963,550,634,745,559,18,837,1022,213,522,877,179,430,225,812,939,137,650,666,583,656,100,87,93,79,72,83,35,80,102,103,84,91,58,70,90,105,69,81,109,80,57,59,52,50,100,82,96,77,50,81,53,44
[ 1448.222778] [AOA] Measurement: 0,1627115124.358274,08:55:31:9b:0a:1b,2,1,2,0,128,25,1015,65,331,832,1018,790,815,591,499,732,941,537,650,671,546,4,802,417,985,609,873,219,501,649,568,408,938,81,466,891,9,100,89,94,80,72,86,36,78,102,104,83,92,57,71,92,105,71,81,109,83,56,59,52,50,101,85,99,76,51,82,56,46
[ 1448.265927] [AOA] Measurement: 0,1627115124.401416,08:55:31:9b:0a:1b,2,1,2,0,128,20,988,39,328,803,982,802,831,574,509,669,957,523,644,106,324,449,626,494,1017,1002,611,742,304,222,823,924,114,673,690,810,948,100,86,89,81,73,83,42,76,103,103,86,97,59,72,92,105,72,82,107,85,56,65,53,53,106,87,100,81,56,85,62,48
[ 1448.310671] [AOA] Measurement: 0,1627115124.446166,08:55:31:9b:0a:1b,2,1,2,0,128,549,838,108,402,801,1001,825,814,582,520,728,993,23,823,666,539,971,782,410,997,548,872,218,469,204,790,906,105,617,651,162,332,97,87,92,79,69,84,37,76,101,100,82,91,57,69,88,104,67,81,108,81,56,59,53,50,104,83,94,75,50,81,54,44
[ 1448.349521] [AOA] Measurement: 0,1627115124.485015,08:55:31:9b:0a:1b,2,1,2,0,128,59,1008,556,168,251,809,217,609,62,372,689,949,621,702,654,527,451,594,494,1005,1018,683,644,203,711,607,413,906,132,488,279,512,99,87,91,79,70,82,36,77,102,103,84,90,58,71,89,106,69,79,108,79,56,57,51,48,102,85,93,75,50,80,52,44
[ 1448.394084] [AOA] Measurement: 0,1627115124.529578,08:55:31:9b:0a:1b,2,1,2,0,128,511,800,562,148,794,1017,757,797,592,521,686,948,1011,788,139,409,6,791,454,15,559,866,206,453,214,769,437,972,652,697,249,427,100,89,91,79,73,83,37,78,102,103,83,93,60,71,90,106,70,83,110,80,56,59,52,50,102,84,96,75,51,80,55,46
[ 1448.438204] [AOA] Measurement: 0,1627115124.573697,08:55:31:9b:0a:1b,2,1,2,0,128,500,822,95,353,813,8,784,764,499,466,146,759,555,649,741,564,1007,794,947,143,1006,628,647,248,266,799,428,979,137,517,327,446,98,87,92,81,72,83,37,80,102,105,84,93,57,69,90,103,69,84,110,82,58,61,55,51,103,84,96,78,53,83,57,46
[ 1448.482898] [AOA] Measurement: 0,1627115124.618388,08:55:31:9b:0a:1b,2,1,2,0,128,75,1011,549,156,774,983,756,804,572,523,636,903,116,884,105,320,447,602,941,201,577,859,180,476,150,735,375,915,641,662,31,131,100,89,91,79,70,84,34,78,100,102,82,91,57,71,89,105,67,79,108,80,57,56,52,47,101,84,91,73,47,78,51,42
[ 1448.536372] [AOA] Measurement: 0,1627115124.671861,08:55:31:9b:0a:1b,2,1,2,0,128,56,1020,48,314,783,1005,722,748,66,364,710,940,78,829,111,358,435,627,984,163,553,835,224,494,130,731,1011,139,652,678,865,970,98,86,89,80,72,82,37,75,100,102,83,91,59,70,90,105,72,81,107,83,57,60,53,50,104,84,99,77,52,84,58,44
[ 1448.581326] [AOA] Measurement: 0,1627115124.716820,08:55:31:9b:0a:1b,2,1,2,0,128,54,999,131,364,779,1014,776,812,604,509,690,931,558,671,652,500,999,805,987,163,620,897,227,468,219,796,983,109,693,731,243,380,100,89,93,77,69,84,35,80,103,102,81,88,54,68,87,103,68,80,107,77,55,54,51,48,97,82,91,70,46,78,47,41
[ 1448.620119] [AOA] Measurement: 0,1627115124.755613,08:55:31:9b:0a:1b,2,1,2,0,128,506,804,580,187,826,6,737,746,5,251,142,757,498,628,177,437,14,855,405,966,1,671,209,430,250,802,961,132,599,651,146,312,99,85,90,79,70,83,37,77,100,101,83,90,56,70,90,106,69,81,108,82,55,58,53,49,103,84,96,77,49,82,55,43
[ 1448.664216] [AOA] Measurement: 0,1627115124.799711,08:55:31:9b:0a:1b,2,1,2,0,128,26,999,118,355,775,994,834,844,552,481,142,738,125,869,705,565,989,803,448,1015,29,690,203,457,176,750,418,943,99,470,150,290,100,88,89,81,72,84,38,77,103,101,82,93,59,71,91,106,71,82,110,82,58,61,53,51,103,87,99,77,51,84,56,45
[ 1448.716619] [AOA] Measurement: 0,1627115124.852113,08:55:31:9b:0a:1b,2,1,2,0,128,37,983,566,146,249,839,738,790,581,505,729,960,59,846,653,545,456,636,445,984,1000,657,697,274,286,832,945,143,612,661,425,487,97,88,90,79,69,80,35,79,99,102,83,90,57,71,87,105,67,82,106,79,55,57,51,48,100,83,94,76,49,80,50,41
[ 1448.760521] [AOA] Measurement: 0,1627115124.896014,08:55:31:9b:0a:1b,2,1,2,0,128,13,980,534,152,172,766,259,610,584,537,669,972,62,853,679,540,1002,790,1003,197,563,845,154,387,203,776,363,921,110,499,917,55,98,85,88,81,70,84,39,78,100,104,83,95,58,71,91,104,72,83,108,83,58,62,55,52,103,86,96,78,52,83,59,48
[ 1448.804966] [AOA] Measurement: 0,1627115124.940460,08:55:31:9b:0a:1b,2,1,2,0,128,12,998,70,337,215,781,243,614,19,317,147,727,513,618,140,348,497,643,446,984,20,683,718,281,177,814,358,898,79,447,758,917,99,89,92,78,71,84,35,79,103,102,83,91,57,70,87,102,68,81,108,79,55,56,50,48,99,82,93,75,47,77,50,41
[ 1448.848345] [AOA] Measurement: 0,1627115124.983839,08:55:31:9b:0a:1b,2,1,2,0,128,521,799,113,340,800,1004,180,567,51,336,658,942,70,823,117,365,443,610,361,991,31,661,627,254,626,542,396,983,645,662,967,124,100,89,92,80,69,81,37,80,103,102,83,90,58,71,88,104,68,83,108,80,56,56,52,49,102,86,96,75,49,81,54,42
[ 1448.896747] [AOA] Measurement: 0,1627115125.032237,08:55:31:9b:0a:1b,2,1,2,0,128,7,969,584,176,779,994,204,570,995,301,211,788,63,815,100,326,488,648,402,977,545,875,644,254,672,559,426,961,960,358,359,640,95,89,94,76,67,81,31,82,98,99,80,83,54,66,83,97,59,78,105,71,52,49,44,43,91,76,87,67,41,75,43,37
[ 1448.940926] [AOA] Measurement: 0,1627115125.076420,08:55:31:9b:0a:1b,2,1,2,0,128,56,34,30,332,708,953,784,799,582,499,120,733,581,696,711,563,1,810,985,171,597,911,179,449,213,760,948,108,652,692,362,484,101,89,95,79,73,85,36,80,102,104,84,93,59,72,93,105,73,82,111,84,57,61,53,50,104,86,98,79,52,84,59,47
[ 1448.985549] [AOA] Measurement: 0,1627115125.121041,08:55:31:9b:0a:1b,2,1,2,0,128,48,19,524,171,811,5,773,781,52,308,112,765,548,657,148,320,986,782,974,166,580,908,154,415,235,805,962,111,674,703,1021,164,98,89,93,80,70,82,36,79,100,100,82,89,58,70,87,103,67,80,108,79,56,56,51,49,99,83,94,73,48,80,50,42
[ 1449.029670] [AOA] Measurement: 0,1627115125.165159,08:55:31:9b:0a:1b,2,1,2,0,128,595,842,501,161,276,820,258,606,549,464,168,794,532,670,146,349,445,609,431,981,70,683,197,455,691,611,897,82,110,505,949,74,99,82,86,80,73,81,40,74,99,100,83,95,60,72,92,106,75,82,108,85,58,62,54,52,104,87,100,82,57,86,62,49
[ 1449.073466] [AOA] Measurement: 0,1627115125.208955,08:55:31:9b:0a:1b,2,1,2,0,128,27,979,131,376,802,1005,236,593,36,303,151,731,78,837,703,553,429,590,436,1002,48,661,647,265,692,601,413,966,53,487,6,224,99,89,92,82,72,85,37,81,102,105,82,94,58,72,91,104,73,82,108,83,59,61,55,50,106,87,99,79,55,84,58,47
[ 1449.123476] [AOA] Measurement: 0,1627115125.258965,08:55:31:9b:0a:1b,2,1,2,0,128,568,826,510,134,225,790,261,626,1002,313,153,761,45,830,133,353,986,806,414,990,1010,625,696,251,647,598,350,931,667,672,552,746,98,85,90,78,71,83,38,76,102,103,84,92,58,71,90,103,73,80,108,82,57,61,54,51,103,86,99,79,55,82,60,47
[ 1449.168552] [AOA] Measurement: 0,1627115125.304047,08:55:31:9b:0a:1b,2,1,2,0,128,18,992,110,379,765,965,843,853,610,554,610,917,542,658,164,358,1018,801,466,7,566,874,197,441,185,786,992,100,646,675,737,877,99,84,89,79,71,83,39,79,103,102,82,93,59,70,89,104,70,82,109,81,58,60,52,51,101,85,99,78,52,82,57,46
[ 1449.213149] [AOA] Measurement: 0,1627115125.348642,08:55:31:9b:0a:1b,2,1,2,0,128,56,16,40,328,787,1011,250,595,43,302,196,796,66,840,756,606,946,743,466,1010,1013,668,245,471,220,792,969,118,628,659,813,964,99,86,88,80,72,83,37,79,101,102,82,94,57,71,91,106,72,82,109,82,57,60,54,51,104,86,97,79,53,81,56,46
[ 1449.257299] [AOA] Measurement: 0,1627115125.392795,08:55:31:9b:0a:1b,2,1,2,0,128,58,1009,31,330,190,768,777,788,587,482,115,736,564,656,140,328,432,647,981,162,506,817,666,240,241,786,408,943,619,671,288,463,100,85,88,80,71,82,39,74,99,101,83,94,58,72,91,105,72,82,109,83,57,61,52,51,103,82,98,78,54,82,58,47
[ 1449.301313] [AOA] Measurement: 0,1627115125.436809,08:55:31:9b:0a:1b,2,1,2,0,128,18,992,615,215,800,981,775,818,584,533,676,910,547,623,99,321,465,605,1021,182,1000,685,662,257,690,566,396,923,98,474,160,371,99,86,90,82,72,83,38,79,100,103,84,95,58,71,92,104,71,83,111,84,58,59,53,51,103,86,99,78,51,82,54,46
[ 1449.345001] [AOA] Measurement: 0,1627115125.480464,08:55:31:9b:0a:1b,2,1,2,0,128,58,1015,45,335,827,7,762,798,611,537,726,979,43,829,641,494,445,615,421,989,619,854,201,450,174,781,977,123,652,675,7,119,100,87,92,80,70,82,37,77,101,104,84,91,59,72,89,105,70,81,107,79,55,59,53,49,103,83,94,77,50,82,56,46
[ 1449.396283] [AOA] Measurement: 0,1627115125.531777,08:55:31:9b:0a:1b,2,1,2,0,128,538,803,541,187,193,748,236,595,41,308,138,734,494,599,140,370,433,618,980,165,1016,667,664,234,688,586,454,988,77,471,408,609,98,81,85,79,70,80,42,73,100,102,84,97,58,72,94,104,75,81,106,85,58,64,54,52,104,87,100,82,56,83,62,48
[ 1449.439441] [AOA] Measurement: 0,1627115125.574929,08:55:31:9b:0a:1b,2,1,2,0,128,500,834,511,139,182,764,320,682,519,481,722,928,56,807,120,359,458,587,445,1005,16,666,208,472,195,749,383,941,676,692,1018,110,101,90,93,80,70,84,35,77,103,103,83,93,59,71,88,106,68,80,107,81,54,58,52,48,103,85,95,76,47,79,51,42
[ 1449.478555] [AOA] Measurement: 0,1627115125.614050,08:55:31:9b:0a:1b,2,1,2,0,128,506,818,574,139,230,786,254,632,997,290,142,754,516,636,98,325,517,641,416,971,44,689,700,246,213,784,356,925,171,498,77,278,98,86,89,78,71,82,37,77,100,102,79,92,57,70,90,104,70,82,106,82,55,58,52,49,101,84,94,76,51,80,55,45
[ 1449.522974] [AOA] Measurement: 0,1627115125.658469,08:55:31:9b:0a:1b,2,1,2,0,128,530,841,545,140,176,795,887,861,41,333,713,953,519,650,766,604,1004,812,965,146,5,650,711,249,685,575,897,107,676,655,670,874,100,90,91,79,70,81,36,77,102,103,82,91,56,70,89,103,70,80,106,80,57,58,51,48,101,85,94,75,52,82,54,43
[ 1449.567513] [AOA] Measurement: 0,1627115125.703003,08:55:31:9b:0a:1b,2,1,2,0,128,516,778,550,120,226,811,800,825,589,523,679,956,30,811,134,341,464,585,418,974,24,654,630,226,658,585,389,933,636,672,333,534,102,89,92,79,71,84,37,80,102,102,82,93,58,73,89,104,72,81,108,82,57,61,53,50,103,86,96,79,53,83,55,47
[ 1449.611698] [AOA] Measurement: 0,1627115125.747188,08:55:31:9b:0a:1b,2,1,2,0,128,0,969,589,169,829,1017,821,820,534,499,151,761,559,619,736,545,970,791,466,998,624,875,166,429,192,769,397,956,673,698,953,128,98,85,89,80,71,80,37,77,100,103,83,93,59,71,90,104,71,81,109,81,56,59,52,51,99,85,96,77,49,79,53,42
[ 1449.659040] [AOA] Measurement: 0,1627115125.794534,08:55:31:9b:0a:1b,2,1,2,0,128,45,19,64,353,230,794,311,653,588,530,145,757,48,817,682,534,1011,800,973,147,544,843,655,265,263,829,919,104,588,629,1016,192,100,87,90,81,71,84,38,78,102,102,82,94,60,72,92,106,70,80,109,81,55,61,53,51,105,86,98,79,54,84,57,45
[ 1449.699630] [AOA] Measurement: 0,1627115125.835119,08:55:31:9b:0a:1b,2,1,2,0,128,527,805,560,154,776,982,302,635,32,323,164,729,556,660,123,357,445,612,424,975,4,649,704,277,177,794,373,962,600,645,908,1003,100,89,90,80,72,84,38,76,102,105,83,95,60,72,90,105,73,80,107,83,57,61,54,50,105,85,98,80,54,83,59,48
[ 1449.750338] [AOA] Measurement: 0,1627115125.885826,08:55:31:9b:0a:1b,2,1,2,0,128,27,978,531,121,222,795,262,605,1009,279,129,729,547,627,174,346,416,633,476,1005,25,655,622,247,715,583,434,966,85,474,911,128,99,89,92,78,70,83,35,77,100,101,82,90,56,69,88,103,70,80,107,79,54,57,51,47,100,82,94,74,47,80,50,42
[ 1449.802173] [AOA] Measurement: 0,1627115125.937661,08:55:31:9b:0a:1b,2,1,2,0,128,71,986,59,374,764,978,739,784,17,294,717,963,111,878,709,569,1002,792,992,192,588,864,217,433,206,768,406,998,605,661,6,206,101,90,93,79,70,82,34,80,102,102,82,90,56,70,89,103,69,80,110,80,57,55,51,48,103,84,93,75,46,81,49,41
[ 1449.845753] [AOA] Measurement: 0,1627115125.981248,08:55:31:9b:0a:1b,2,1,2,0,128,529,826,535,135,207,774,260,662,560,465,742,979,102,853,649,578,1010,810,480,995,1012,621,638,221,667,542,395,969,92,478,357,603,99,88,92,77,69,82,34,77,100,101,79,90,56,70,86,103,67,80,108,78,56,57,52,48,98,83,92,73,47,78,49,42
[ 1449.889617] [AOA] Measurement: 0,1627115126.025110,08:55:31:9b:0a:1b,2,1,2,0,128,30,1,138,407,770,973,730,770,41,308,727,950,464,578,164,388,479,613,427,995,563,894,140,411,663,582,474,1012,559,607,880,63,98,84,89,79,69,84,37,79,99,101,83,92,59,69,89,106,69,81,107,79,57,58,52,48,102,82,96,78,52,82,54,46
[ 1449.928280] [AOA] Measurement: 0,1627115126.063774,08:55:31:9b:0a:1b,2,1,2,0,128,53,1021,522,138,242,845,832,807,592,502,115,760,624,689,707,582,1015,807,8,200,541,864,167,448,209,767,966,120,99,483,70,196,101,87,88,80,71,84,38,77,100,104,83,94,60,72,94,105,73,83,108,85,57,62,53,52,105,87,99,81,54,85,60,49
[ 1449.971734] [AOA] Measurement: 0,1627115126.107230,08:55:31:9b:0a:1b,2,1,2,0,128,100,13,38,330,806,0,757,771,584,508,133,761,82,865,679,542,992,816,435,986,47,686,719,274,218,798,417,964,658,694,125,269,99,85,91,80,73,84,38,78,101,103,83,93,58,70,90,106,69,81,108,83,58,61,53,50,104,86,99,78,52,82,57,47
[ 1450.010228] [AOA] Measurement: 0,1627115126.145718,08:55:31:9b:0a:1b,2,1,2,0,128,43,7,551,130,750,1003,219,606,591,495,684,935,557,633,143,350,419,569,385,1003,50,704,246,497,222,832,975,142,99,523,17,132,99,91,92,78,70,82,33,83,102,103,81,89,57,67,88,105,67,81,109,79,55,56,51,47,100,83,94,75,48,80,51,44
[ 1450.053811] [AOA] Measurement: 0,1627115126.189299,08:55:31:9b:0a:1b,2,1,2,0,128,506,835,576,157,193,795,235,582,41,293,148,759,547,703,90,324,468,612,468,993,554,863,666,251,203,779,953,111,608,634,869,1014,98,91,96,79,72,83,34,80,102,101,83,89,56,70,88,106,66,81,108,77,56,57,51,49,100,84,93,73,46,78,49,43
[ 1450.104846] [AOA] Measurement: 0,1627115126.240334,08:55:31:9b:0a:1b,2,1,2,0,128,479,787,558,174,238,817,751,786,1022,322,134,722,592,647,135,367,459,566,440,1005,968,599,685,260,224,792,958,152,648,680,576,694,100,86,93,80,72,84,36,78,102,103,83,92,58,73,92,105,69,82,108,82,57,60,52,49,102,83,97,76,51,81,51,44
[ 1450.148882] [AOA] Measurement: 0,1627115126.284371,08:55:31:9b:0a:1b,2,1,2,0,128,37,1019,54,308,793,1013,230,618,25,310,757,1003,74,897,632,535,993,827,997,205,553,866,149,408,714,592,938,141,642,675,778,952,99,88,91,79,69,83,35,79,103,101,81,91,57,71,89,105,70,81,107,79,57,57,53,48,99,84,91,72,49,80,52,42
[ 1450.187514] [AOA] Measurement: 0,1627115126.323009,08:55:31:9b:0a:1b,2,1,2,0,128,37,1006,127,356,817,981,764,769,81,390,102,733,571,649,130,322,398,579,426,974,31,666,207,433,188,794,932,119,54,471,571,808,99,86,91,78,71,85,36,76,100,103,80,91,57,72,92,107,72,82,110,84,57,59,52,49,105,84,97,77,53,81,56,47
[ 1450.232099] [AOA] Measurement: 0,1627115126.367594,08:55:31:9b:0a:1b,2,1,2,0,128,68,1014,68,351,768,989,811,847,496,451,691,958,101,895,726,576,1004,805,27,179,537,851,201,460,252,853,951,116,594,663,773,972,100,86,87,80,70,82,39,74,102,102,85,95,59,73,93,106,74,81,106,84,56,60,54,51,104,87,98,80,57,84,61,47
[ 1450.282524] [AOA] Measurement: 0,1627115126.418012,08:55:31:9b:0a:1b,2,1,2,0,128,87,998,106,354,777,973,761,769,618,582,645,914,587,669,130,338,490,636,419,988,577,859,651,258,235,782,372,924,584,621,600,814,98,89,91,77,70,83,37,79,102,104,82,91,57,71,88,103,69,81,109,82,57,58,52,49,102,82,94,77,49,80,56,45
[ 1450.337451] [AOA] Measurement: 0,1627115126.472946,08:55:31:9b:0a:1b,2,1,2,0,128,49,1013,94,366,731,951,798,794,30,314,705,962,84,835,97,347,469,610,527,44,544,868,236,470,201,782,345,932,699,712,181,314,100,90,94,79,70,84,34,80,103,104,85,90,58,73,87,105,69,81,111,80,56,57,52,49,100,84,94,76,47,79,49,41
[ 1450.381213] [AOA] Measurement: 0,1627115126.516702,08:55:31:9b:0a:1b,2,1,2,0,128,78,1011,95,355,738,997,726,769,66,306,699,927,66,832,121,368,964,816,975,157,556,844,189,440,223,792,1001,168,565,686,403,485,96,90,94,76,68,82,31,81,99,99,81,86,56,67,83,101,63,77,105,75,55,53,49,45,95,78,90,70,43,75,47,37
[ 1450.428609] [AOA] Measurement: 0,1627115126.564102,08:55:31:9b:0a:1b,2,1,2,0,128,36,1016,101,372,797,1018,767,786,577,521,690,907,70,868,731,602,24,815,21,175,540,864,257,508,213,818,942,137,652,651,694,822,100,86,88,77,72,84,37,77,99,102,83,92,57,68,89,103,70,81,107,82,57,60,53,50,104,84,96,77,52,85,56,44
[ 1450.467128] [AOA] Measurement: 0,1627115126.602623,08:55:31:9b:0a:1b,2,1,2,0,128,48,38,100,346,778,1016,744,775,575,479,711,942,83,858,719,570,960,771,965,172,577,852,208,443,187,790,432,993,595,664,143,317,100,89,93,80,71,83,37,77,102,103,85,95,59,73,91,105,73,82,110,83,59,60,53,51,105,86,100,79,54,85,59,48
[ 1450.513882] [AOA] Measurement: 0,1627115126.649371,08:55:31:9b:0a:1b,2,1,2,0,128,501,798,555,139,759,976,268,631,611,520,686,945,522,629,143,357,992,791,1010,161,569,877,179,450,184,800,423,970,671,691,83,251,98,85,90,78,70,83,36,80,102,99,82,90,57,68,88,104,68,81,106,80,54,55,52,49,102,84,94,75,48,81,53,41
[ 1450.560148] [AOA] Measurement: 0,1627115126.695642,08:55:31:9b:0a:1b,2,1,2,0,128,64,18,42,325,800,977,826,833,105,369,668,947,54,840,702,568,466,609,457,2,533,851,209,421,240,812,964,126,618,676,258,432,100,89,93,78,70,83,36,78,102,102,82,89,57,70,89,104,67,81,107,79,56,58,53,49,103,84,95,75,49,81,53,43
[ 1450.604711] [AOA] Measurement: 0,1627115126.740206,08:55:31:9b:0a:1b,2,1,2,0,128,495,796,603,200,735,963,222,589,549,481,157,759,594,656,187,384,986,791,958,139,517,818,690,273,222,793,987,114,644,660,309,478,96,85,89,80,71,82,36,77,102,104,83,90,59,71,91,106,70,82,109,83,56,58,51,48,101,85,97,76,51,83,55,45
[ 1450.649226] [AOA] Measurement: 0,1627115126.784715,08:55:31:9b:0a:1b,2,1,2,0,128,530,895,110,386,808,6,761,801,570,502,715,975,124,892,698,569,20,806,454,1005,547,814,645,245,681,586,393,925,92,485,535,649,100,86,88,80,73,85,38,77,102,103,85,95,58,73,92,108,71,82,108,84,57,62,53,53,103,85,98,79,53,83,57,47
[ 1450.692054] [AOA] Measurement: 0,1627115126.827550,08:55:31:9b:0a:1b,2,1,2,0,128,63,15,106,342,771,1017,763,801,543,487,720,969,529,638,678,531,1016,834,909,137,583,858,156,413,705,625,357,929,134,503,130,319,100,88,92,80,70,84,37,75,102,104,84,94,61,72,92,107,73,82,110,84,58,62,54,52,105,86,101,80,53,84,58,48
[ 1450.735685] [AOA] Measurement: 0,1627115126.871179,08:55:31:9b:0a:1b,2,1,2,0,128,22,1015,65,356,787,979,777,818,23,290,111,738,553,638,194,372,470,617,445,13,603,864,671,261,657,619,436,972,122,463,489,634,101,89,92,80,71,85,36,79,100,103,84,94,59,71,90,103,71,82,107,83,57,60,53,50,102,85,98,77,51,83,50,43
[ 1450.780760] [AOA] Measurement: 0,1627115126.916248,08:55:31:9b:0a:1b,2,1,2,0,128,47,994,519,134,169,779,764,773,42,304,131,736,589,657,114,363,448,599,412,991,61,702,180,422,180,737,478,1003,642,641,855,1003,100,90,92,78,71,82,35,77,100,101,79,86,56,66,80,99,64,78,107,75,57,53,50,45,95,80,87,71,43,77,45,39
