
[ 1277.119128] [AOA] Measurement: 0,1629148915.303565,08:55:31:70:ff:0a,2,1,1,0,128,784,945,203,691,380,827,855,494,412,946,353,952,801,1023,600,211,369,875,507,844,506,1013,588,989,905,160,926,104,126,797,554,351,74,73,66,67,76,80,77,62,72,72,74,80,77,74,71,65,63,67,63,60,68,69,79,50,79,77,74,63,84,82,82,86
[ 1277.163614] [AOA] Measurement: 0,1629148915.348050,08:55:31:70:ff:0a,2,1,1,0,128,296,96,827,900,973,27,404,725,945,103,867,74,881,34,135,417,929,21,480,842,532,1005,620,989,913,140,983,140,247,858,960,533,77,74,66,67,79,82,76,64,74,75,78,80,78,75,69,67,57,64,60,57,65,65,76,45,80,79,73,61,79,82,78,84
[ 1277.207042] [AOA] Measurement: 0,1629148915.391479,08:55:31:70:ff:0a,2,1,1,0,128,766,905,309,768,360,813,903,530,424,922,300,893,278,804,651,249,843,999,464,794,559,1018,639,2,896,168,931,112,103,794,86,931,75,72,68,68,76,78,77,62,69,69,75,79,73,73,71,66,64,65,64,63,67,69,79,50,81,78,75,64,86,82,83,85
[ 1277.250595] [AOA] Measurement: 0,1629148915.435031,08:55:31:70:ff:0a,2,1,1,2,128,766,905,309,768,360,813,903,530,424,922,300,893,278,804,651,249,843,999,464,794,559,1018,639,2,896,168,931,112,103,794,86,931,0,0,0,0,0,0,0,0,0,0,0,0,0,0,0,0,0,0,0,0,0,0,0,0,0,0,0,0,0,0,0,0
[ 1277.291242] [AOA] Measurement: 0,1629148915.475678,08:55:31:70:ff:0a,2,1,1,2,128,766,905,309,768,360,813,903,530,424,922,300,893,278,804,651,249,843,999,464,794,559,1018,639,2,896,168,931,112,103,794,86,931,75,72,68,68,76,78,77,62,69,69,75,79,73,73,71,66,64,65,64,63,67,69,79,50,81,78,75,64,86,82,83,85
[ 1277.329764] [AOA] Measurement: 0,1629148915.514194,08:55:31:70:ff:0a,2,1,1,0,128,350,163,962,968,921,995,907,564,460,883,823,62,801,970,64,374,2,205,581,837,525,1007,138,810,393,945,26,33,173,831,282,40,66,61,61,61,63,65,66,60,62,57,64,68,66,63,61,56,64,54,56,62,64,63,68,55,60,60,54,64,69,66,67,68
[ 1277.372790] [AOA] Measurement: 0,1629148915.557218,08:55:31:70:ff:0a,2,1,1,0,128,292,39,825,916,350,805,926,522,470,935,847,87,869,1018,104,377,898,14,484,814,562,1,613,975,934,191,960,104,183,844,490,250,73,70,65,64,75,77,72,57,65,64,69,76,71,69,69,62,67,65,64,62,66,68,79,49,74,72,72,63,85,82,85,86
[ 1277.420371] [AOA] Measurement: 0,1629148915.604806,08:55:31:70:ff:0a,2,1,1,0,128,367,128,829,920,964,1020,353,672,955,87,342,955,253,841,601,186,308,806,896,558,1011,802,94,840,930,188,989,154,88,755,487,215,74,69,66,63,75,77,77,60,69,70,74,79,73,72,69,65,62,67,62,61,66,67,77,46,78,77,73,61,82,80,79,82
[ 1277.458794] [AOA] Measurement: 0,1629148915.643228,08:55:31:70:ff:0a,2,1,1,0,128,301,106,817,922,935,1020,438,746,984,123,800,52,286,813,135,396,356,854,921,549,40,851,605,992,373,973,944,113,95,790,779,608,68,64,61,58,69,71,71,55,64,64,69,73,71,67,69,61,66,67,65,61,67,68,76,50,73,73,72,64,83,79,82,84
[ 1277.503932] [AOA] Measurement: 0,1629148915.688361,08:55:31:70:ff:0a,2,1,1,0,128,338,94,290,731,939,989,453,715,396,932,311,909,316,847,663,236,890,32,497,800,504,949,562,953,945,160,960,110,570,544,816,653,72,70,64,63,72,76,73,58,66,67,70,74,72,67,70,60,66,65,65,63,66,69,78,48,75,74,75,63,84,80,83,84
[ 1277.558456] [AOA] Measurement: 0,1629148915.742892,08:55:31:70:ff:0a,2,1,1,0,128,292,111,775,894,389,835,364,661,421,935,838,104,861,1001,117,382,309,839,943,623,532,1013,599,994,365,960,416,958,604,594,771,628,72,70,64,64,74,77,72,58,64,63,70,75,73,69,69,62,67,67,64,64,66,69,77,51,75,73,73,64,83,81,82,82
[ 1277.602782] [AOA] Measurement: 0,1629148915.787218,08:55:31:70:ff:0a,2,1,1,0,128,775,904,244,729,351,775,851,458,424,970,267,894,292,818,666,237,330,821,986,604,11,815,68,795,388,1008,430,959,602,617,615,376,73,71,67,66,75,78,74,60,69,70,71,77,72,71,68,62,62,66,62,62,67,67,80,49,81,76,76,65,86,85,83,86
[ 1277.652981] [AOA] Measurement: 0,1629148915.837411,08:55:31:70:ff:0a,2,1,1,0,128,819,911,263,709,358,803,915,502,403,878,320,917,269,824,580,161,360,861,501,807,537,9,624,1004,974,183,951,123,101,773,289,46,75,70,67,65,76,77,75,59,65,66,72,78,73,70,68,63,65,65,64,63,67,70,78,49,79,78,74,64,85,82,85,86
[ 1277.708149] [AOA] Measurement: 0,1629148915.892582,08:55:31:70:ff:0a,2,1,1,0,128,781,911,244,741,343,794,828,478,437,944,260,886,290,814,618,224,333,821,948,601,14,819,48,813,335,983,429,936,602,617,220,78,75,72,66,66,77,79,74,61,69,68,73,78,74,71,71,63,65,66,65,62,67,68,79,48,78,76,76,64,84,82,83,85
[ 1277.752295] [AOA] Measurement: 0,1629148915.936730,08:55:31:70:ff:0a,2,1,1,0,128,794,957,827,918,403,802,871,498,393,924,308,948,849,14,619,224,887,18,907,551,964,757,29,767,409,1015,408,941,610,594,1021,887,72,70,67,64,75,76,72,58,65,64,69,75,72,68,71,60,66,66,65,63,64,69,78,50,73,71,72,64,83,80,83,80
[ 1277.802491] [AOA] Measurement: 0,1629148915.986921,08:55:31:70:ff:0a,2,1,1,0,128,806,1009,423,769,944,994,441,753,972,44,885,85,242,831,126,433,973,183,631,871,530,1008,645,951,420,985,4,36,154,741,325,102,73,70,66,71,69,73,74,68,69,66,70,75,73,69,66,62,70,60,61,69,72,70,75,64,69,67,58,70,75,72,75,73
[ 1277.853012] [AOA] Measurement: 0,1629148916.037441,08:55:31:70:ff:0a,2,1,1,0,128,809,914,843,914,390,816,376,657,405,931,335,938,299,847,613,227,868,2,958,617,537,987,66,816,422,996,387,916,596,601,418,267,70,67,62,63,72,75,73,57,65,66,69,75,72,65,68,62,64,64,62,62,65,67,79,48,75,74,74,63,85,79,83,86
[ 1277.897684] [AOA] Measurement: 0,1629148916.082120,08:55:31:70:ff:0a,2,1,1,0,128,266,60,813,908,364,799,858,479,450,998,842,68,303,856,182,481,868,3,500,785,544,1018,631,1002,931,192,977,110,158,800,284,37,75,74,65,65,78,80,76,59,69,71,74,78,76,74,70,63,63,66,64,60,67,68,77,48,78,77,71,64,85,83,83,86
[ 1277.941689] [AOA] Measurement: 0,1629148916.126120,08:55:31:70:ff:0a,2,1,1,0,128,799,929,810,886,936,991,874,518,397,913,817,58,287,818,171,399,877,14,502,759,508,973,33,841,346,971,370,930,653,590,208,964,73,68,66,63,74,75,72,58,64,64,70,75,73,66,70,62,66,65,64,62,67,68,77,49,76,75,74,64,84,82,81,84
[ 1277.979972] [AOA] Measurement: 0,1629148916.164408,08:55:31:70:ff:0a,2,1,1,0,128,773,933,304,720,410,826,836,499,982,84,294,934,858,2,544,164,310,824,966,632,15,819,41,776,383,971,932,91,167,811,908,630,74,69,65,65,73,77,74,61,67,67,74,78,73,68,69,62,64,66,62,61,69,69,79,49,78,78,74,64,84,83,83,84
[ 1278.023867] [AOA] Measurement: 0,1629148916.208302,08:55:31:70:ff:0a,2,1,1,0,128,740,867,361,806,944,1007,393,748,949,114,873,87,812,11,152,381,907,50,480,818,544,1004,665,1008,911,162,380,921,618,631,498,394,70,65,62,58,70,71,67,54,61,62,66,71,69,64,69,60,66,64,64,62,63,68,78,49,72,72,73,63,83,78,82,82
[ 1278.068142] [AOA] Measurement: 0,1629148916.252575,08:55:31:70:ff:0a,2,1,1,2,128,740,867,361,806,944,1007,393,748,949,114,873,87,812,11,152,381,907,50,480,818,544,1004,665,1008,911,162,380,921,618,631,498,394,74,69,65,65,73,77,74,61,67,67,74,78,73,68,69,62,64,66,62,61,69,69,79,49,78,78,74,64,84,83,83,84
[ 1278.106879] [AOA] Measurement: 0,1629148916.291315,08:55:31:70:ff:0a,2,1,1,0,128,352,167,821,919,441,826,885,578,459,929,875,108,803,1005,53,366,965,105,562,874,573,1017,628,972,395,943,1019,72,167,791,317,94,72,69,65,68,70,71,72,66,69,62,72,75,74,71,67,64,72,61,64,70,70,71,77,63,68,67,62,69,77,75,76,76
[ 1278.148984] [AOA] Measurement: 0,1629148916.333413,08:55:31:70:ff:0a,2,1,1,0,128,363,194,939,960,7,26,447,794,18,81,887,97,814,1004,75,361,942,142,601,872,497,998,668,957,955,96,16,92,120,763,753,590,72,68,66,68,71,71,73,66,68,65,72,74,75,72,66,58,71,62,63,70,71,70,75,63,69,68,59,69,76,72,75,75
[ 1278.187218] [AOA] Measurement: 0,1629148916.371654,08:55:31:70:ff:0a,2,1,1,0,128,784,923,825,950,903,1019,383,670,401,941,850,96,867,45,139,411,917,10,498,795,1021,833,593,987,925,187,395,944,118,797,716,408,66,62,62,60,67,72,69,54,62,64,66,74,71,67,67,59,63,63,61,62,65,66,77,46,73,73,72,60,83,80,80,83
[ 1278.233985] [AOA] Measurement: 0,1629148916.418422,08:55:31:70:ff:0a,2,1,1,2,128,784,923,825,950,903,1019,383,670,401,941,850,96,867,45,139,411,917,10,498,795,1021,833,593,987,925,187,395,944,118,797,716,408,72,68,66,68,71,71,73,66,68,65,72,74,75,72,66,58,71,62,63,70,71,70,75,63,69,68,59,69,76,72,75,75
[ 1278.330234] [AOA] Measurement: 0,1629148916.514501,08:55:31:70:ff:0a,2,1,1,0,128,336,163,951,989,926,1015,429,759,981,55,863,102,845,1021,55,347,908,83,69,716,563,27,606,930,925,104,483,947,62,756,661,491,69,66,66,64,65,67,69,62,66,59,71,71,71,69,68,61,72,61,63,70,71,70,75,62,70,66,58,67,76,72,75,74
[ 1278.379334] [AOA] Measurement: 0,1629148916.563763,08:55:31:70:ff:0a,2,1,1,0,128,367,201,1003,967,962,1012,407,774,984,65,890,107,841,2,68,350,941,100,41,702,535,1013,683,993,1012,166,41,77,123,795,415,107,75,70,67,74,74,75,74,71,66,66,72,75,75,70,66,60,71,61,63,69,73,72,75,65,67,67,54,67,74,72,73,71
[ 1278.422410] [AOA] Measurement: 0,1629148916.606847,08:55:31:70:ff:0a,2,1,1,0,128,858,1021,962,928,998,5,437,772,23,80,938,114,845,1003,86,385,1005,179,573,814,1000,783,150,816,926,113,51,77,132,798,930,599,74,69,61,72,74,76,73,70,61,68,66,76,73,70,63,56,68,59,58,64,69,69,69,63,60,67,48,65,70,66,69,68
[ 1278.466125] [AOA] Measurement: 0,1629148916.650562,08:55:31:70:ff:0a,2,1,1,0,128,331,170,841,952,933,979,836,556,407,883,336,905,294,828,579,187,409,976,996,646,1008,805,592,940,420,1003,422,909,613,599,228,999,72,69,68,68,68,69,72,65,71,63,74,74,71,70,69,64,72,61,66,72,68,71,75,64,72,69,67,70,77,75,75,77
[ 1278.510266] [AOA] Measurement: 0,1629148916.694696,08:55:31:70:ff:0a,2,1,1,0,128,890,1,911,970,936,21,385,728,986,83,792,48,257,807,116,393,906,61,59,654,34,850,672,977,946,136,374,859,559,577,655,512,72,67,68,65,67,68,70,64,69,60,71,72,70,66,68,65,73,61,66,72,68,71,78,63,74,66,68,70,77,74,76,76
[ 1278.559843] [AOA] Measurement: 0,1629148916.744272,08:55:31:70:ff:0a,2,1,1,0,128,830,962,351,747,423,795,872,548,460,917,325,928,230,789,579,204,338,893,57,722,972,815,68,768,398,952,414,875,588,575,732,545,68,61,50,68,69,69,65,66,45,64,54,64,63,59,51,42,57,52,47,49,64,60,55,53,42,58,32,54,58,55,58,55
[ 1278.599618] [AOA] Measurement: 0,1629148916.784055,08:55:31:70:ff:0a,2,1,1,0,128,773,956,307,738,421,831,831,553,445,934,867,84,244,800,538,138,333,898,17,628,10,829,32,760,390,928,449,917,597,585,45,917,67,64,65,61,64,65,67,60,70,57,72,71,69,66,66,63,70,60,66,70,66,69,74,62,74,65,67,68,74,73,74,77
[ 1278.637370] [AOA] Measurement: 0,1629148916.821806,08:55:31:70:ff:0a,2,1,1,0,128,822,982,351,753,406,839,845,562,432,924,312,923,315,835,584,197,901,115,551,859,537,959,678,992,937,113,3,99,169,812,797,491,65,58,48,65,69,66,63,65,43,62,52,63,61,60,49,40,57,51,48,49,64,58,57,53,42,59,34,55,59,56,59,59
[ 1278.683576] [AOA] Measurement: 0,1629148916.868005,08:55:31:70:ff:0a,2,1,1,0,128,336,155,904,932,973,1022,401,731,978,72,875,72,837,1020,79,378,928,123,622,887,545,11,669,1003,959,135,964,81,107,783,482,124,75,72,68,72,72,73,75,67,68,65,71,76,75,71,66,62,71,61,64,69,72,72,75,65,67,69,59,68,77,74,76,75
[ 1278.723842] [AOA] Measurement: 0,1629148916.908279,08:55:31:70:ff:0a,2,1,1,0,128,785,971,452,805,409,817,886,611,449,877,342,985,814,991,539,197,395,974,127,702,974,819,113,742,448,974,510,907,584,576,650,507,62,60,60,59,59,62,63,57,61,54,63,65,63,61,59,56,64,53,57,64,61,65,67,56,64,60,56,62,67,67,69,69
[ 1278.767640] [AOA] Measurement: 0,1629148916.952077,08:55:31:70:ff:0a,2,1,1,0,128,774,944,339,776,429,808,833,530,408,882,302,906,239,786,596,199,385,936,988,626,537,996,102,809,960,140,409,894,613,583,536,356,68,66,66,62,65,66,70,62,69,58,71,72,69,67,67,63,70,59,65,71,69,69,75,62,73,67,66,69,75,75,75,77
[ 1278.806202] [AOA] Measurement: 0,1629148916.990638,08:55:31:70:ff:0a,2,1,1,0,128,325,158,859,960,895,1010,899,570,441,951,285,891,298,794,606,222,909,86,586,878,538,998,645,971,927,144,969,79,118,799,102,858,74,68,60,72,73,71,70,68,55,65,64,74,70,67,59,53,64,57,55,59,68,65,64,59,52,65,42,62,67,64,67,64
[ 1278.849915] [AOA] Measurement: 0,1629148917.034351,08:55:31:70:ff:0a,2,1,1,0,128,306,128,904,967,950,1021,430,799,970,60,844,76,803,987,627,187,401,921,44,690,38,856,611,962,935,126,957,78,171,822,627,359,70,68,69,66,68,69,70,61,70,60,73,71,71,68,68,63,71,60,65,72,69,71,76,62,73,68,66,69,75,75,75,77
[ 1278.889382] [AOA] Measurement: 0,1629148917.073810,08:55:31:70:ff:0a,2,1,1,0,128,829,1009,404,746,367,822,417,744,1005,84,798,62,299,857,98,376,1008,166,610,841,960,784,163,795,997,136,105,121,166,837,636,363,76,70,63,74,76,74,73,71,61,67,70,75,73,70,64,58,69,60,60,65,71,69,72,62,61,69,50,67,73,69,73,71
[ 1278.942986] [AOA] Measurement: 0,1629148917.127416,08:55:31:70:ff:0a,2,1,1,0,128,813,1002,307,708,435,816,879,561,407,893,317,954,869,29,113,378,958,109,634,893,563,1020,699,985,935,133,978,57,83,751,757,525,61,53,42,61,65,64,57,59,37,58,44,56,54,52,40,34,48,48,43,40,56,52,46,44,32,52,29,43,48,43,48,45
[ 1278.988475] [AOA] Measurement: 0,1629148917.172908,08:55:31:70:ff:0a,2,1,1,0,128,848,1002,343,741,392,792,904,553,433,901,277,895,297,789,124,370,971,150,568,833,534,1021,668,1007,982,153,938,62,547,561,702,479,71,69,68,67,65,68,69,64,69,60,73,73,71,68,68,63,70,61,64,71,70,69,76,64,72,68,66,69,76,74,74,77
[ 1279.031801] [AOA] Measurement: 0,1629148917.216231,08:55:31:70:ff:0a,2,1,1,0,128,839,1001,903,955,454,844,403,766,1006,69,879,110,850,1019,133,409,975,143,535,823,550,1000,622,957,960,129,1023,78,129,766,283,997,59,54,41,60,63,61,56,61,35,57,43,54,53,53,43,33,49,47,42,40,57,52,45,45,31,51,29,45,49,44,49,44
[ 1279.082580] [AOA] Measurement: 0,1629148917.267009,08:55:31:70:ff:0a,2,1,1,0,128,794,1011,371,761,380,800,433,740,984,79,887,111,807,982,115,401,909,73,535,838,530,992,668,1000,901,104,1000,65,77,765,454,207,74,68,62,72,75,73,73,69,59,67,66,73,73,69,62,53,67,57,56,61,68,65,67,60,53,64,43,62,67,62,67,65
[ 1279.132943] [AOA] Measurement: 0,1629148917.317373,08:55:31:70:ff:0a,2,1,1,0,128,777,960,332,733,376,790,843,543,359,875,279,895,270,803,528,146,379,928,23,654,1020,837,697,1012,945,157,989,71,65,732,72,924,73,68,68,68,70,68,72,64,67,62,71,74,72,71,69,63,73,62,64,69,70,71,76,64,69,68,60,69,77,74,75,76
[ 1279.177727] [AOA] Measurement: 0,1629148917.362163,08:55:31:70:ff:0a,2,1,1,0,128,842,1019,448,803,915,969,830,511,472,874,313,904,217,757,563,140,443,1004,63,635,6,808,183,825,937,67,611,925,169,814,458,202,71,68,67,64,66,66,69,63,69,60,71,71,70,67,69,64,71,59,64,72,67,69,74,64,74,67,66,70,76,75,75,77
[ 1279.221909] [AOA] Measurement: 0,1629148917.406343,08:55:31:70:ff:0a,2,1,1,0,128,356,160,886,975,913,972,405,746,432,932,875,106,243,810,91,380,917,95,530,845,469,951,124,824,916,89,21,122,108,796,776,649,67,62,61,62,63,63,65,59,61,57,63,66,66,63,61,57,65,54,58,65,63,65,68,58,63,62,57,64,71,67,69,69
[ 1279.272387] [AOA] Measurement: 0,1629148917.456818,08:55:31:70:ff:0a,2,1,1,0,128,753,952,296,720,346,778,847,525,391,890,277,874,257,826,566,192,363,900,47,669,44,848,616,953,388,972,482,938,549,522,980,797,60,56,44,63,68,63,59,60,36,57,47,58,55,53,43,35,51,48,43,42,56,53,46,47,33,53,29,43,49,43,50,47
[ 1279.322838] [AOA] Measurement: 0,1629148917.507268,08:55:31:70:ff:0a,2,1,1,0,128,869,1011,945,944,376,841,437,774,1009,82,869,80,812,1009,72,398,1023,188,623,855,539,992,70,771,415,947,541,944,604,593,523,233,72,69,66,69,71,72,72,69,68,65,73,75,75,71,69,62,73,62,63,72,71,73,75,65,67,69,58,70,75,74,76,73
[ 1279.367676] [AOA] Measurement: 0,1629148917.552111,08:55:31:70:ff:0a,2,1,1,0,128,850,19,948,978,948,992,871,582,441,868,923,104,785,1002,583,212,1014,173,651,902,507,1018,668,954,402,943,110,96,581,576,275,33,69,67,66,63,64,66,68,60,68,59,70,70,66,66,68,63,71,59,66,69,66,70,73,61,73,65,69,70,75,74,74,75
[ 1279.412176] [AOA] Measurement: 0,1629148917.596605,08:55:31:70:ff:0a,2,1,1,0,128,784,954,338,766,322,762,815,507,467,914,311,915,275,789,529,184,374,903,992,611,1013,813,120,786,355,921,368,886,587,569,383,253,70,67,67,65,69,69,70,63,68,62,73,73,71,68,68,64,71,60,66,70,69,71,74,63,69,66,65,68,76,74,75,76
[ 1279.462925] [AOA] Measurement: 0,1629148917.647355,08:55:31:70:ff:0a,2,1,1,0,128,382,196,896,924,944,966,874,575,464,889,879,71,878,14,588,215,385,979,43,679,978,787,689,973,385,917,537,922,568,526,961,796,72,70,68,68,69,69,73,66,67,64,73,75,71,72,68,62,73,62,65,71,72,72,76,65,68,68,59,71,76,73,75,75
[ 1279.518107] [AOA] Measurement: 0,1629148917.702540,08:55:31:70:ff:0a,2,1,1,0,128,785,946,337,740,351,785,846,539,456,850,315,912,343,877,151,434,937,116,637,870,495,982,653,975,965,135,47,60,526,537,739,647,67,64,65,62,63,63,69,62,69,59,71,71,70,66,68,64,73,62,66,71,67,69,75,64,74,67,67,67,75,73,74,76
[ 1279.562232] [AOA] Measurement: 0,1629148917.746668,08:55:31:70:ff:0a,2,1,1,0,128,836,990,381,763,430,844,411,753,10,48,344,946,264,774,483,156,444,0,614,880,40,845,694,1017,960,92,541,916,61,744,1014,911,59,54,43,62,65,62,60,61,38,58,49,58,57,56,43,37,51,48,44,43,59,54,50,49,36,54,30,47,51,48,52,50
[ 1279.605015] [AOA] Measurement: 0,1629148917.789444,08:55:31:70:ff:0a,2,1,1,0,128,861,999,844,927,966,1015,407,753,1022,87,879,98,799,980,117,371,997,145,582,858,557,997,656,970,891,119,394,897,574,578,265,40,74,67,67,69,70,71,73,67,70,64,74,76,74,71,68,63,72,61,65,71,71,70,74,64,72,68,63,68,73,74,77,78
[ 1279.648983] [AOA] Measurement: 0,1629148917.833411,08:55:31:70:ff:0a,2,1,1,0,128,819,992,309,737,944,989,882,564,415,909,804,56,840,1007,566,193,933,80,586,865,582,32,630,923,948,154,24,130,131,824,570,306,72,65,56,72,74,73,70,70,53,67,60,71,69,65,57,49,61,55,52,55,68,63,60,56,49,64,37,59,63,60,62,60
[ 1279.692035] [AOA] Measurement: 0,1629148917.876465,08:55:31:70:ff:0a,2,1,1,0,128,406,208,949,958,355,808,383,788,1008,75,821,69,789,990,549,189,351,930,104,685,986,817,711,1019,971,144,48,71,151,774,160,730,76,73,65,73,74,72,75,71,61,68,68,75,74,67,62,57,70,59,60,67,71,71,73,62,62,69,52,66,71,71,73,70
[ 1279.740229] [AOA] Measurement: 0,1629148917.924666,08:55:31:70:ff:0a,2,1,1,0,128,840,999,307,713,388,811,918,559,997,83,341,946,813,989,79,403,955,163,575,850,587,32,698,1013,930,139,402,891,567,548,588,499,60,59,59,57,57,59,61,55,62,52,63,63,62,59,60,56,62,53,59,64,60,61,69,56,66,58,59,62,67,68,66,69
[ 1279.778484] [AOA] Measurement: 0,1629148917.962916,08:55:31:70:ff:0a,2,1,1,0,128,810,976,902,928,405,801,465,766,362,848,300,890,211,789,600,170,951,87,981,620,1020,797,71,767,481,1004,985,90,150,811,407,61,74,67,69,70,71,72,71,65,67,64,71,75,73,70,69,64,71,62,65,71,72,72,77,64,70,70,61,70,77,75,77,75
[ 1279.823317] [AOA] Measurement: 0,1629148918.007746,08:55:31:70:ff:0a,2,1,1,0,128,827,967,365,774,405,808,434,754,981,70,833,66,840,36,62,361,977,118,587,871,562,16,656,980,986,149,4,89,133,773,618,383,75,70,66,73,73,73,75,70,67,67,72,77,76,71,67,60,72,62,65,69,72,72,75,65,68,69,57,68,76,73,76,75
[ 1279.877471] [AOA] Measurement: 0,1629148918.061907,08:55:31:70:ff:0a,2,1,1,0,128,771,993,301,730,408,832,852,545,978,54,336,953,759,972,562,182,405,949,50,668,995,816,75,789,421,927,435,872,639,587,389,234,67,65,67,65,64,67,69,61,70,60,73,71,70,68,69,63,72,61,66,73,69,69,75,62,72,68,67,68,77,75,74,76
[ 1279.921047] [AOA] Measurement: 0,1629148918.105476,08:55:31:70:ff:0a,2,1,1,0,128,698,903,337,756,342,780,911,586,18,116,898,101,775,991,53,345,953,109,974,618,5,805,146,791,392,991,976,70,110,750,942,734,76,70,61,74,75,75,73,70,58,68,66,73,71,68,60,52,67,59,57,60,71,68,68,60,56,66,46,63,69,65,69,68
[ 1279.967577] [AOA] Measurement: 0,1629148918.152006,08:55:31:70:ff:0a,2,1,1,0,128,847,996,278,736,379,811,879,550,414,873,297,921,240,792,610,185,951,127,565,857,576,1011,630,968,941,163,934,67,588,559,402,212,67,63,64,61,65,66,68,61,68,57,72,72,71,67,68,64,72,60,66,72,67,70,74,63,73,68,66,69,75,74,74,76
[ 1280.014678] [AOA] Measurement: 0,1629148918.199112,08:55:31:70:ff:0a,2,1,1,0,128,290,115,321,755,424,817,885,561,432,903,315,892,303,828,57,359,946,87,519,825,14,802,54,737,390,975,409,902,624,601,640,512,71,68,68,64,65,66,70,62,68,59,74,72,70,69,69,63,71,61,66,73,70,72,76,64,73,69,66,70,76,76,75,76
[ 1280.053018] [AOA] Measurement: 0,1629148918.237453,08:55:31:70:ff:0a,2,1,1,0,128,802,1008,372,731,400,825,901,564,499,908,880,96,790,989,81,398,919,108,602,861,562,22,659,955,935,138,46,103,57,729,827,568,70,68,67,67,67,66,70,64,68,60,72,72,72,68,69,63,71,61,66,72,71,72,77,65,72,67,65,69,77,75,78,76
[ 1280.098994] [AOA] Measurement: 0,1629148918.283424,08:55:31:70:ff:0a,2,1,1,0,128,320,129,308,748,333,757,904,569,374,894,274,897,259,789,542,190,369,941,994,650,18,823,673,987,976,169,414,921,137,785,256,13,68,62,49,67,70,68,67,66,46,63,54,65,65,61,51,43,58,53,51,53,65,61,60,55,44,60,33,55,60,57,61,59
[ 1280.138720] [AOA] Measurement: 0,1629148918.323157,08:55:31:70:ff:0a,2,1,1,0,128,835,1000,329,752,378,795,889,535,437,879,304,911,263,817,626,254,912,95,589,821,1018,824,56,744,340,885,395,874,589,579,405,317,63,56,47,65,69,68,61,64,43,62,53,61,60,58,47,38,54,49,46,47,61,58,52,49,38,56,32,52,55,50,52,53
[ 1280.185325] [AOA] Measurement: 0,1629148918.369755,08:55:31:70:ff:0a,2,1,1,0,128,368,184,944,990,991,5,358,722,992,86,832,77,281,789,562,184,903,65,572,875,566,1021,666,976,960,145,1005,110,111,762,789,467,66,63,65,61,60,63,66,60,67,54,71,69,69,64,66,64,69,60,63,71,66,68,76,62,74,66,66,67,75,74,76,76
[ 1280.230143] [AOA] Measurement: 0,1629148918.414579,08:55:31:70:ff:0a,2,1,1,0,128,413,212,860,935,988,991,446,754,990,84,302,910,221,755,543,133,385,946,38,672,1019,807,91,776,963,143,957,79,127,784,390,215,59,52,43,60,65,62,59,60,36,58,48,58,54,51,43,36,50,49,45,45,60,53,52,47,35,54,30,48,55,51,53,53
[ 1280.274140] [AOA] Measurement: 0,1629148918.458577,08:55:31:70:ff:0a,2,1,1,0,128,333,125,937,956,898,975,416,794,998,107,867,108,841,9,120,384,953,141,575,885,523,1000,617,957,351,917,459,929,107,723,757,491,75,71,69,71,70,71,75,69,69,63,72,74,75,70,69,62,74,63,67,71,70,71,77,64,71,69,64,70,76,75,76,76
[ 1280.319577] [AOA] Measurement: 0,1629148918.504007,08:55:31:70:ff:0a,2,1,1,0,128,783,949,367,777,385,787,846,540,399,845,286,901,236,750,619,203,334,922,23,632,1019,805,110,807,941,115,946,57,119,766,903,798,77,72,66,71,74,73,74,69,66,65,72,74,76,70,67,60,71,62,62,69,71,72,75,64,65,69,54,67,75,72,72,72
[ 1280.361765] [AOA] Measurement: 0,1629148918.546202,08:55:31:70:ff:0a,2,1,1,0,128,336,137,926,962,973,1007,389,737,25,92,914,108,810,1023,105,394,939,121,620,856,555,1012,646,973,363,958,426,917,103,735,278,113,57,53,41,58,61,59,54,57,33,56,41,53,52,51,40,32,46,45,41,39,53,48,44,43,30,47,27,42,45,41,43,41
[ 1280.400588] [AOA] Measurement: 0,1629148918.585024,08:55:31:70:ff:0a,2,1,1,0,128,787,968,334,794,419,883,858,522,438,910,266,903,214,787,545,163,368,921,2,667,977,811,40,739,413,950,435,928,580,592,110,47,67,63,57,66,67,68,67,63,57,60,63,69,67,63,59,53,63,55,55,59,64,65,66,56,56,62,47,61,67,63,66,63
[ 1280.438826] [AOA] Measurement: 0,1629148918.623262,08:55:31:70:ff:0a,2,1,1,0,128,861,998,390,785,281,755,874,538,432,922,259,888,295,826,527,140,370,921,48,685,18,829,118,796,378,956,448,897,579,561,1018,838,76,70,67,73,72,74,74,67,67,68,71,75,73,69,66,61,72,61,63,67,72,71,73,64,65,70,54,67,76,71,74,74
[ 1280.483114] [AOA] Measurement: 0,1629148918.667548,08:55:31:70:ff:0a,2,1,1,0,128,330,157,893,941,927,980,413,732,455,913,912,138,778,972,593,162,383,913,8,647,1012,819,103,777,956,121,472,920,172,805,996,789,72,69,68,67,68,69,75,67,68,63,72,74,74,70,68,61,72,62,65,71,72,74,75,63,68,69,59,71,77,73,76,76
[ 1280.533717] [AOA] Measurement: 0,1629148918.718147,08:55:31:70:ff:0a,2,1,1,0,128,322,152,977,962,917,979,890,583,48,96,890,91,830,979,137,403,947,193,591,873,565,1015,720,1006,950,115,36,80,103,797,995,729,75,71,67,72,73,74,72,69,68,66,72,76,76,71,69,63,73,63,64,71,71,74,76,64,69,68,59,71,76,75,76,77
[ 1280.584031] [AOA] Measurement: 0,1629148918.768460,08:55:31:70:ff:0a,2,1,1,0,128,796,952,370,754,379,809,868,523,448,932,833,91,809,981,108,429,909,65,587,862,505,1005,599,919,367,936,468,966,568,596,63,944,73,69,66,67,68,69,72,66,68,64,71,74,73,70,67,62,70,62,65,69,72,71,75,64,69,68,58,69,75,73,74,74
[ 1280.627938] [AOA] Measurement: 0,1629148918.812373,08:55:31:70:ff:0a,2,1,1,0,128,406,218,902,942,401,808,904,571,421,850,281,868,284,791,579,196,399,986,639,885,541,997,676,976,949,106,85,84,149,809,80,829,69,67,67,63,63,66,68,63,69,59,71,71,71,69,67,63,73,60,65,72,70,70,76,63,71,68,62,69,75,73,76,74
[ 1280.671982] [AOA] Measurement: 0,1629148918.856416,08:55:31:70:ff:0a,2,1,1,0,128,327,140,326,771,357,785,910,597,453,935,848,67,212,770,562,136,377,939,995,656,42,840,655,985,906,70,447,950,111,777,201,85,69,66,67,63,64,66,68,60,68,57,72,70,69,66,67,64,70,59,66,71,66,69,74,61,73,66,69,67,73,73,73,75
[ 1280.722118] [AOA] Measurement: 0,1629148918.906550,08:55:31:70:ff:0a,2,1,1,0,128,298,125,924,977,992,25,415,785,1020,115,849,79,764,973,569,198,363,918,49,695,541,1018,675,995,382,964,979,87,79,761,558,374,60,56,41,61,64,63,58,61,36,57,44,58,56,53,40,34,51,48,42,42,56,53,47,47,34,53,30,46,51,45,48,48
[ 1280.769309] [AOA] Measurement: 0,1629148918.953745,08:55:31:70:ff:0a,2,1,1,0,128,779,926,326,775,4,21,413,769,966,46,841,102,730,933,586,176,353,889,1005,644,991,788,41,763,311,891,475,925,571,563,781,738,70,66,65,61,60,64,68,61,68,58,70,69,68,65,67,63,71,58,64,71,65,67,73,60,72,64,69,69,73,74,73,77
[ 1280.809508] [AOA] Measurement: 0,1629148918.993937,08:55:31:70:ff:0a,2,1,1,0,128,860,1018,334,753,396,817,389,767,1004,84,261,908,226,775,525,187,385,974,69,708,584,1008,686,1002,962,153,49,92,198,814,704,467,75,70,69,72,72,73,73,70,69,65,73,77,73,70,67,62,71,63,65,71,72,73,75,64,70,68,58,71,78,73,75,75
[ 1280.860033] [AOA] Measurement: 0,1629148919.044462,08:55:31:70:ff:0a,2,1,1,0,128,800,956,387,794,391,817,908,593,381,905,319,955,806,1001,607,212,952,108,589,890,496,977,615,939,964,119,992,81,191,822,173,903,72,66,59,71,74,74,73,71,56,68,63,72,71,67,59,52,67,58,57,61,71,68,68,60,55,67,43,63,69,64,68,65
[ 1280.910794] [AOA] Measurement: 0,1629148919.095225,08:55:31:70:ff:0a,2,1,1,0,128,334,134,922,952,899,948,897,566,432,890,861,63,251,829,638,216,422,991,27,672,1016,811,130,804,353,938,484,916,613,586,378,172,72,70,68,68,68,70,73,65,70,62,72,72,72,68,70,65,72,62,67,71,69,70,75,64,73,68,66,69,77,76,77,77
[ 1280.953665] [AOA] Measurement: 0,1629148919.138099,08:55:31:70:ff:0a,2,1,1,0,128,333,168,817,929,374,789,887,599,959,80,867,80,797,1003,103,332,917,90,617,893,573,21,619,945,946,110,983,88,143,780,295,976,67,63,60,62,62,64,65,60,62,58,64,65,64,64,61,56,65,56,57,62,63,65,68,57,62,62,51,62,65,64,66,66
[ 1280.997597] [AOA] Measurement: 0,1629148919.182032,08:55:31:70:ff:0a,2,1,1,0,128,280,122,895,953,989,1016,864,580,978,75,867,53,868,23,54,357,940,125,577,832,518,995,637,946,465,990,985,87,77,791,322,153,66,61,49,67,71,68,65,66,43,62,52,64,62,58,47,40,55,52,48,50,62,58,56,52,40,60,32,52,57,54,57,54
[ 1281.041277] [AOA] Measurement: 0,1629148919.225707,08:55:31:70:ff:0a,2,1,1,0,128,786,955,347,748,368,785,915,564,400,910,318,908,251,793,546,179,384,938,992,609,1022,800,95,741,403,973,417,884,570,570,651,564,75,70,68,69,69,73,73,66,69,65,72,75,73,70,69,63,71,61,63,72,72,74,75,65,72,70,62,70,77,74,77,76
[ 1281.093357] [AOA] Measurement: 0,1629148919.277786,08:55:31:70:ff:0a,2,1,1,0,128,359,159,928,970,929,969,384,744,1002,54,299,931,248,821,118,407,944,114,529,834,561,10,645,975,958,186,989,75,161,815,586,371,71,68,56,72,74,72,70,70,54,67,63,70,69,66,60,49,63,57,52,56,68,63,63,57,50,64,39,61,65,60,65,63
[ 1281.137844] [AOA] Measurement: 0,1629148919.322280,08:55:31:70:ff:0a,2,1,1,0,128,843,985,349,772,434,804,903,586,407,900,361,969,797,961,600,192,375,890,38,699,1001,807,102,768,430,986,951,74,153,786,835,572,61,56,44,62,66,65,61,62,38,59,48,61,57,55,46,36,51,51,46,46,60,55,51,50,35,56,30,50,54,51,52,50
[ 1281.181851] [AOA] Measurement: 0,1629148919.366284,08:55:31:70:ff:0a,2,1,1,0,128,860,974,938,997,967,1008,393,781,1018,103,849,51,837,1016,71,381,994,151,604,869,620,28,634,961,1015,189,42,150,89,766,690,427,67,63,62,62,63,65,67,61,64,57,66,67,68,65,62,58,64,56,59,64,64,66,68,57,65,61,58,62,67,67,67,67
[ 1281.231969] [AOA] Measurement: 0,1629148919.416401,08:55:31:70:ff:0a,2,1,1,0,128,819,980,986,956,422,800,434,810,479,929,793,26,900,1015,61,374,943,162,583,858,1018,812,86,775,984,122,77,87,102,778,336,74,70,66,66,66,66,67,68,61,69,59,72,73,70,68,68,63,72,60,66,72,69,71,77,65,75,68,67,70,77,76,75,78
[ 1281.279058] [AOA] Measurement: 0,1629148919.463494,08:55:31:70:ff:0a,2,1,1,0,128,806,998,966,960,386,845,803,510,429,892,311,871,288,842,549,173,388,937,546,835,549,0,702,1001,925,163,952,43,563,588,820,590,75,72,68,72,72,72,74,70,69,66,72,77,76,71,69,63,73,62,65,72,72,71,77,64,71,68,63,70,77,75,77,77
[ 1281.322390] [AOA] Measurement: 0,1629148919.506824,08:55:31:70:ff:0a,2,1,1,0,128,783,989,366,756,462,835,862,566,1013,84,839,105,800,996,504,151,427,957,1013,617,8,809,616,942,395,957,437,887,602,573,347,133,73,68,68,68,72,71,73,66,70,63,74,74,74,69,67,62,72,60,64,71,69,70,76,63,72,68,65,70,76,73,75,76
[ 1281.370914] [AOA] Measurement: 0,1629148919.555344,08:55:31:70:ff:0a,2,1,1,0,128,759,934,395,785,424,837,848,584,409,902,268,932,275,815,583,182,999,167,560,823,563,1007,624,964,911,105,976,36,93,749,468,327,69,63,53,70,71,70,67,68,49,65,57,68,66,63,54,44,59,52,50,52,64,60,58,54,42,61,36,55,58,53,59,53
[ 1281.414798] [AOA] Measurement: 0,1629148919.599233,08:55:31:70:ff:0a,2,1,1,0,128,809,955,375,775,405,807,897,538,485,932,313,915,831,2,128,391,967,114,1021,656,547,979,676,959,346,918,463,915,593,567,124,983,65,63,63,59,61,62,65,57,66,55,70,70,68,65,67,62,68,58,65,69,65,67,73,60,72,65,67,66,71,72,73,76
[ 1281.458661] [AOA] Measurement: 0,1629148919.643090,08:55:31:70:ff:0a,2,1,1,0,128,390,210,895,928,416,837,387,765,979,28,253,888,286,803,572,213,387,958,61,675,553,1005,689,1009,936,117,12,82,96,786,723,502,74,69,67,69,68,71,71,66,68,65,74,75,74,70,67,63,71,61,63,70,71,73,74,64,70,69,59,70,75,73,77,76
[ 1281.502964] [AOA] Measurement: 0,1629148919.687393,08:55:31:70:ff:0a,2,1,1,0,128,874,21,286,675,322,738,837,488,422,862,283,885,244,777,585,215,375,974,27,642,991,833,117,781,404,933,564,962,109,778,408,254,76,71,67,73,73,73,76,69,67,66,73,77,75,72,65,62,71,61,63,70,71,71,75,64,68,70,57,71,75,73,76,75
[ 1281.549948] [AOA] Measurement: 0,1629148919.734382,08:55:31:70:ff:0a,2,1,1,0,128,786,963,336,763,430,847,412,785,463,937,312,939,242,770,629,252,916,94,583,875,560,27,621,951,944,160,998,98,146,808,132,772,73,68,62,70,72,73,73,70,61,66,68,75,73,68,65,57,70,60,57,63,71,68,68,60,56,65,45,62,68,63,69,66
[ 1281.588492] [AOA] Measurement: 0,1629148919.772925,08:55:31:70:ff:0a,2,1,1,0,128,815,955,371,801,342,802,869,531,492,948,304,884,853,11,122,425,958,121,539,866,536,1009,613,937,956,171,991,76,126,808,23,860,74,70,68,71,71,73,74,67,69,65,73,75,74,71,70,65,73,62,66,72,70,72,78,64,72,69,64,69,76,75,78,76
[ 1281.634595] [AOA] Measurement: 0,1629148919.819024,08:55:31:70:ff:0a,2,1,1,0,128,793,950,336,748,403,815,896,586,441,906,387,979,826,999,141,428,870,85,557,879,545,1008,651,986,972,143,960,81,124,765,698,530,75,71,67,74,74,76,76,71,69,68,74,77,75,72,68,61,72,63,64,70,74,71,75,66,69,69,57,69,77,74,76,75
[ 1281.681152] [AOA] Measurement: 0,1629148919.865586,08:55:31:70:ff:0a,2,1,1,0,128,360,178,399,756,921,972,885,589,1011,70,825,57,866,1007,581,234,960,171,589,857,551,1016,660,965,914,76,69,103,121,753,914,800,74,70,66,70,71,71,72,69,66,63,68,73,73,69,65,60,71,60,62,67,73,71,72,63,65,69,53,66,71,69,71,69
[ 1281.726276] [AOA] Measurement: 0,1629148919.910712,08:55:31:70:ff:0a,2,1,1,0,128,827,1007,965,994,967,13,415,778,959,55,808,76,796,958,556,181,976,165,562,829,517,989,669,975,402,959,479,941,93,753,970,705,78,71,65,74,76,77,76,70,66,67,73,76,74,72,66,61,71,61,63,70,73,73,74,64,67,70,56,69,76,72,76,75
[ 1281.771032] [AOA] Measurement: 0,1629148919.955463,08:55:31:70:ff:0a,2,1,1,0,128,837,1017,384,769,948,994,907,596,414,878,348,924,277,797,564,176,404,943,552,829,29,820,696,1012,911,111,8,92,154,804,548,323,74,69,58,71,74,74,72,69,54,68,65,73,71,67,59,52,65,56,56,59,69,69,67,60,53,67,44,64,69,66,67,64
[ 1281.813681] [AOA] Measurement: 0,1629148919.998114,08:55:31:70:ff:0a,2,1,1,0,128,787,936,369,765,349,763,892,550,440,912,278,880,249,796,581,178,380,929,995,632,24,835,100,801,419,993,0,93,624,612,15,825,70,66,68,67,66,65,69,62,70,59,71,72,71,68,68,63,71,59,66,70,68,69,76,63,75,68,69,69,75,75,74,76
[ 1281.857181] [AOA] Measurement: 0,1629148920.041615,08:55:31:70:ff:0a,2,1,1,0,128,835,997,889,961,977,1020,401,779,991,94,877,133,837,5,112,376,898,66,589,847,1014,808,709,1018,911,94,433,916,151,805,12,855,74,71,65,72,71,74,74,68,65,67,70,77,76,72,66,58,72,60,62,66,72,72,72,64,64,69,51,67,72,70,71,70
[ 1281.896013] [AOA] Measurement: 0,1629148920.080450,08:55:31:70:ff:0a,2,1,1,0,128,333,162,867,948,917,965,929,585,964,56,296,948,268,835,592,227,380,931,596,857,16,817,640,952,926,120,973,94,137,787,210,995,62,54,42,60,64,61,58,60,35,55,43,54,56,52,40,33,47,46,42,39,54,50,44,43,30,50,27,43,46,41,44,41
[ 1281.939880] [AOA] Measurement: 0,1629148920.124315,08:55:31:70:ff:0a,2,1,1,0,128,836,999,378,787,421,831,883,574,448,927,866,84,874,29,40,352,946,93,574,868,574,4,687,996,896,100,990,76,169,818,515,206,59,53,43,60,66,62,58,61,36,57,46,58,57,53,42,35,49,47,42,41,56,52,47,47,34,51,28,44,48,44,49,45
[ 1281.977622] [AOA] Measurement: 0,1629148920.162057,08:55:31:70:ff:0a,2,1,1,0,128,807,981,912,959,373,801,873,548,483,923,256,878,303,847,590,182,371,897,12,658,989,794,68,790,461,978,989,84,130,803,233,1000,58,51,42,60,62,60,55,57,32,56,40,53,53,51,39,31,46,46,42,36,53,48,44,43,28,48,26,41,45,39,45,42
[ 1282.020950] [AOA] Measurement: 0,1629148920.205386,08:55:31:70:ff:0a,2,1,1,0,128,814,966,369,796,962,1015,844,528,447,890,336,935,282,825,535,193,947,124,973,643,28,855,634,958,951,132,408,895,128,773,352,166,59,54,44,59,64,62,55,59,35,57,43,55,55,51,40,32,48,47,43,39,55,50,45,44,30,51,29,43,45,42,48,44
[ 1282.059654] [AOA] Measurement: 0,1629148920.244090,08:55:31:70:ff:0a,2,1,1,0,128,825,974,393,829,953,1007,430,773,983,83,907,99,783,968,179,458,922,92,578,862,558,993,613,930,453,973,437,906,646,620,428,149,59,52,43,60,64,62,58,58,35,59,42,56,55,51,41,33,49,47,43,40,55,52,47,47,33,50,30,45,52,45,50,46
[ 1282.100360] [AOA] Measurement: 0,1629148920.284763,08:55:31:70:ff:0a,2,1,1,0,128,822,960,366,768,369,771,931,581,1003,94,806,44,753,993,622,220,939,84,564,841,591,1004,633,950,418,1005,999,93,172,842,748,516,57,51,41,58,62,59,55,57,33,57,44,54,54,52,40,32,47,47,41,39,55,52,47,47,33,53,29,46,48,43,48,45
[ 1282.153990] [AOA] Measurement: 0,1629148920.338426,08:55:31:70:ff:0a,2,1,1,0,128,303,138,874,944,933,981,888,593,410,871,251,901,232,788,560,188,360,923,64,668,1021,847,135,781,972,105,76,124,114,752,128,901,76,70,67,73,76,75,74,69,64,67,69,76,74,71,66,59,70,60,61,67,71,71,72,63,63,69,52,67,74,70,74,71
[ 1282.192396] [AOA] Measurement: 0,1629148920.376830,08:55:31:70:ff:0a,2,1,1,0,128,360,192,906,962,958,18,402,768,984,82,936,141,856,15,102,409,954,132,538,814,558,971,730,19,976,138,1018,115,153,826,410,58,71,68,67,67,69,70,70,65,65,62,71,72,72,69,66,62,73,61,63,68,71,71,75,63,70,69,60,68,74,73,74,74
[ 1282.230875] [AOA] Measurement: 0,1629148920.415311,08:55:31:70:ff:0a,2,1,1,0,128,356,158,934,987,1004,8,425,760,945,40,310,924,256,782,547,119,388,937,1009,608,993,800,139,809,369,943,1000,48,649,636,279,90,60,54,43,64,65,62,60,61,36,59,46,59,58,55,44,35,50,48,43,45,59,53,49,47,34,54,29,47,52,47,52,49
[ 1282.269338] [AOA] Measurement: 0,1629148920.453774,08:55:31:70:ff:0a,2,1,1,0,128,372,189,867,927,973,1020,466,783,410,887,888,107,802,1016,116,406,931,90,548,839,565,1010,686,978,920,139,959,76,136,781,265,46,59,52,44,62,64,63,56,59,36,57,43,55,51,51,36,32,44,46,39,36,52,46,40,41,27,45,27,38,41,37,41,39
[ 1282.308171] [AOA] Measurement: 0,1629148920.492603,08:55:31:70:ff:0a,2,1,1,0,128,785,976,371,790,5,17,428,785,1004,70,837,67,768,981,499,129,383,916,26,659,13,821,735,1010,429,999,464,915,130,792,735,510,60,56,43,64,66,64,60,62,37,60,47,59,57,55,43,37,51,49,45,43,59,54,49,48,34,54,31,47,52,48,52,50
[ 1282.355602] [AOA] Measurement: 0,1629148920.540038,08:55:31:70:ff:0a,2,1,1,0,128,817,976,323,757,435,813,904,579,400,891,320,922,297,829,585,216,929,99,38,689,990,778,123,769,383,945,438,905,618,566,123,15,70,68,67,67,67,68,71,64,68,63,73,73,70,70,67,63,73,62,66,71,69,73,77,65,72,69,63,70,75,73,75,76
[ 1282.398828] [AOA] Measurement: 0,1629148920.583264,08:55:31:70:ff:0a,2,1,1,0,128,797,997,330,764,375,784,882,576,420,894,297,904,814,1011,510,123,379,916,1020,663,58,833,652,972,946,108,984,81,112,762,186,915,73,70,66,68,70,71,72,67,69,63,74,75,72,69,68,63,73,62,67,72,70,72,77,63,73,70,64,70,77,76,77,77
[ 1282.442639] [AOA] Measurement: 0,1629148920.627076,08:55:31:70:ff:0a,2,1,1,0,128,833,981,894,921,397,814,843,542,465,918,364,952,815,980,562,203,387,925,564,874,998,793,129,803,379,964,463,914,548,541,12,927,72,68,66,65,66,70,70,64,71,60,71,73,72,69,69,63,73,62,64,72,70,70,76,64,74,70,66,70,77,76,77,77
[ 1282.481363] [AOA] Measurement: 0,1629148920.665800,08:55:31:70:ff:0a,2,1,1,0,128,826,980,337,755,950,1015,518,842,993,77,824,50,823,981,132,419,900,58,20,675,1005,847,85,806,390,973,1011,66,106,764,582,386,73,69,67,68,68,69,69,65,69,61,73,74,72,69,68,63,72,62,65,72,70,72,77,64,73,68,64,69,75,74,76,77
[ 1282.522361] [AOA] Measurement: 0,1629148920.706790,08:55:31:70:ff:0a,2,1,1,0,128,406,209,918,960,2,48,466,805,989,73,868,125,815,19,115,405,951,151,560,856,581,1022,656,986,968,116,61,146,146,818,569,226,76,70,67,69,72,73,73,66,68,64,71,76,74,70,68,62,72,62,65,70,71,74,75,64,69,68,60,69,77,74,77,76
[ 1282.568229] [AOA] Measurement: 0,1629148920.752663,08:55:31:70:ff:0a,2,1,1,0,128,834,985,345,757,428,844,845,561,438,932,831,67,231,783,572,178,405,961,1020,674,1023,833,663,992,356,959,423,912,577,586,488,365,71,67,66,65,66,67,70,62,67,60,71,71,69,67,68,63,72,61,67,72,68,68,75,62,72,67,65,68,76,74,74,77
[ 1282.612514] [AOA] Measurement: 0,1629148920.796949,08:55:31:70:ff:0a,2,1,1,0,128,315,163,321,741,419,817,378,724,418,928,236,887,833,1008,110,415,950,119,571,871,608,7,593,905,950,127,437,929,162,796,111,881,70,66,66,64,66,67,70,62,69,61,71,70,70,68,67,62,70,61,66,71,69,73,77,64,74,69,64,70,77,74,77,76
[ 1282.655020] [AOA] Measurement: 0,1629148920.839450,08:55:31:70:ff:0a,2,1,1,0,128,336,187,913,971,963,1022,426,762,961,60,844,75,798,951,114,404,998,129,634,889,581,1011,667,1015,952,136,1016,109,156,806,958,653,76,71,66,73,75,74,75,70,65,66,73,77,75,71,68,61,73,61,63,70,72,72,73,64,66,70,54,67,74,71,74,72
[ 1282.699342] [AOA] Measurement: 0,1629148920.883771,08:55:31:70:ff:0a,2,1,1,0,128,352,190,935,942,393,837,868,597,481,908,852,92,804,1004,119,423,918,127,612,893,551,1023,710,21,941,119,458,882,123,764,775,626,66,59,49,67,70,68,66,64,46,63,55,64,64,60,49,41,57,53,49,50,65,60,55,54,43,58,34,55,60,56,60,57
[ 1282.742254] [AOA] Measurement: 0,1629148920.926690,08:55:31:70:ff:0a,2,1,1,0,128,856,985,361,771,464,884,357,759,431,903,962,134,799,1003,77,384,940,125,534,842,4,830,629,957,919,104,1001,102,116,748,252,1012,75,70,62,73,74,74,72,71,59,68,66,74,74,67,60,54,66,59,56,61,72,69,68,59,57,65,45,63,70,65,69,67
[ 1282.787814] [AOA] Measurement: 0,1629148920.972243,08:55:31:70:ff:0a,2,1,1,0,128,861,1004,945,950,405,798,904,574,525,923,334,895,837,1003,76,351,974,165,36,643,31,826,138,784,374,931,73,116,150,788,269,125,52,46,38,54,57,56,52,54,34,52,41,51,52,50,39,31,46,44,38,36,50,47,43,42,32,47,24,40,44,40,46,43
[ 1282.834763] [AOA] Measurement: 0,1629148921.019193,08:55:31:70:ff:0a,2,1,1,0,128,875,1008,350,750,365,776,888,552,413,890,338,928,302,800,577,189,415,965,593,861,609,10,656,980,917,115,936,48,548,563,386,260,72,71,68,69,71,71,73,66,70,64,72,74,74,69,66,60,71,62,64,71,71,71,76,65,69,70,61,71,76,74,76,78
[ 1282.885187] [AOA] Measurement: 0,1629148921.069616,08:55:31:70:ff:0a,2,1,1,0,128,834,994,368,785,441,833,423,738,449,940,882,132,784,1000,72,350,945,115,578,846,613,1005,661,979,299,940,1014,74,616,618,250,130,73,71,66,72,74,73,75,70,67,66,70,75,73,70,66,61,70,61,61,68,72,73,74,63,65,69,55,67,76,71,72,71
[ 1282.929854] [AOA] Measurement: 0,1629148921.114284,08:55:31:70:ff:0a,2,1,1,0,128,794,931,333,765,501,878,383,740,462,936,830,62,280,792,568,197,365,952,623,872,580,3,627,980,982,159,16,85,129,759,918,692,76,71,65,73,73,74,74,71,63,68,71,78,76,72,65,60,71,62,63,69,72,71,73,63,64,69,53,67,74,70,75,72
[ 1282.973226] [AOA] Measurement: 0,1629148921.157655,08:55:31:70:ff:0a,2,1,1,0,128,370,166,875,947,914,1004,311,651,456,917,305,895,268,829,130,381,952,87,566,864,568,25,683,1011,979,156,0,104,112,777,486,209,70,70,65,65,67,69,70,63,68,62,72,73,71,69,66,62,71,61,64,70,69,71,76,64,72,68,64,70,76,75,77,76
[ 1283.023544] [AOA] Measurement: 0,1629148921.207973,08:55:31:70:ff:0a,2,1,1,0,128,323,184,873,930,978,1011,411,791,1003,100,868,120,810,1016,101,426,982,143,602,870,548,973,699,1009,919,108,1021,103,58,705,150,1016,74,69,66,69,69,70,72,67,68,62,71,76,74,72,69,64,72,62,66,72,72,74,75,63,69,70,60,69,75,74,75,74
[ 1283.071310] [AOA] Measurement: 0,1629148921.255747,08:55:31:70:ff:0a,2,1,1,0,128,785,961,388,759,413,827,403,740,982,63,270,899,806,996,566,164,403,941,1009,600,48,846,631,977,388,978,1013,112,119,792,1014,750,73,67,67,67,65,69,72,66,68,63,72,75,74,71,68,62,74,62,64,70,70,72,73,65,69,70,59,69,77,73,75,74
[ 1283.112572] [AOA] Measurement: 0,1629148921.297002,08:55:31:70:ff:0a,2,1,1,0,128,341,155,892,953,1008,1022,455,813,1004,77,868,96,842,1014,125,408,955,113,547,834,542,3,602,948,971,161,1017,92,108,762,518,310,70,68,67,65,64,66,69,61,68,57,71,73,70,68,66,64,71,61,66,71,66,69,75,62,73,67,68,69,75,76,76,77
[ 1283.159749] [AOA] Measurement: 0,1629148921.344185,08:55:31:70:ff:0a,2,1,1,0,128,789,949,930,989,885,994,430,791,1000,78,286,930,803,979,585,176,368,926,91,678,41,808,85,782,427,923,1021,53,110,783,618,410,59,53,43,59,64,62,58,58,36,57,45,55,54,52,42,33,47,47,41,39,53,48,45,44,30,48,27,40,45,39,43,41
[ 1283.203811] [AOA] Measurement: 0,1629148921.388248,08:55:31:70:ff:0a,2,1,1,0,128,302,155,967,1001,904,989,465,769,962,84,850,75,798,1014,96,386,965,122,969,629,500,973,670,977,931,135,979,87,98,773,268,111,68,62,51,70,70,68,68,64,47,62,56,66,64,61,50,44,57,54,47,49,62,59,55,52,40,58,33,52,55,51,57,53
[ 1283.246327] [AOA] Measurement: 0,1629148921.430755,08:55:31:70:ff:0a,2,1,1,0,128,845,1009,859,962,400,822,410,785,433,945,310,942,278,816,598,200,940,82,562,840,14,826,650,967,421,962,423,925,149,825,995,772,75,70,67,67,69,71,72,64,69,63,74,76,73,70,66,63,72,60,64,70,70,69,75,63,70,67,60,70,77,74,75,75
[ 1283.289954] [AOA] Measurement: 0,1629148921.474384,08:55:31:70:ff:0a,2,1,1,0,128,313,133,935,974,956,1009,417,762,990,100,874,99,832,1007,93,415,969,136,553,851,598,27,678,4,1017,166,1018,127,167,795,826,383,74,71,68,70,69,69,73,66,70,64,72,75,72,69,68,64,72,63,66,71,71,72,76,65,71,70,61,70,77,75,75,77
[ 1283.333099] [AOA] Measurement: 0,1629148921.517531,08:55:31:70:ff:0a,2,1,1,0,128,819,987,366,743,409,806,889,577,465,883,353,943,251,760,567,142,430,989,72,664,1002,805,85,748,418,923,524,908,640,612,76,932,57,51,41,56,60,57,54,53,35,53,43,51,50,49,37,32,45,42,39,37,50,45,42,41,30,47,27,42,45,39,41,43
[ 1283.383174] [AOA] Measurement: 0,1629148921.567604,08:55:31:70:ff:0a,2,1,1,0,128,798,974,434,778,455,843,891,595,457,870,266,883,227,780,600,203,970,188,498,788,32,829,131,785,371,939,563,937,598,572,463,253,67,65,65,61,62,64,67,59,69,57,72,69,67,67,67,63,71,60,65,72,66,67,74,62,74,65,70,68,74,72,73,74
[ 1283.437728] [AOA] Measurement: 0,1629148921.622165,08:55:31:70:ff:0a,2,1,1,0,128,361,191,872,924,963,1022,414,766,1001,60,898,127,834,1007,50,327,917,108,551,805,41,834,128,808,391,951,25,86,111,769,634,383,73,69,68,69,71,71,71,65,69,64,72,75,72,70,69,62,72,61,67,71,71,72,74,63,69,68,64,70,76,75,76,73
[ 1283.481627] [AOA] Measurement: 0,1629148921.666063,08:55:31:70:ff:0a,2,1,1,0,128,335,162,855,929,957,6,399,751,923,11,310,891,254,789,134,414,959,116,547,841,513,985,629,946,906,102,1004,101,117,777,550,356,76,72,67,73,73,75,75,69,67,65,71,76,73,70,66,60,70,61,63,67,73,72,75,65,66,70,56,69,76,73,75,75
[ 1283.519928] [AOA] Measurement: 0,1629148921.704363,08:55:31:70:ff:0a,2,1,1,0,128,848,1014,343,760,478,856,379,728,426,925,305,913,257,787,576,178,369,899,4,612,13,849,78,765,432,994,992,81,575,578,431,295,76,72,65,74,76,75,75,72,65,67,71,76,76,70,66,60,72,61,63,67,72,71,73,65,67,69,56,69,76,72,74,74
[ 1283.563967] [AOA] Measurement: 0,1629148921.748403,08:55:31:70:ff:0a,2,1,1,0,128,271,89,355,788,4,38,422,760,1016,99,887,90,816,1001,66,354,985,141,591,875,594,1012,710,1001,944,117,981,69,89,769,106,969,73,70,67,70,71,73,73,69,69,66,73,76,76,71,67,62,70,61,63,69,71,73,75,64,68,70,55,70,75,73,74,73
[ 1283.606282] [AOA] Measurement: 0,1629148921.790712,08:55:31:70:ff:0a,2,1,1,0,128,840,17,948,957,941,0,434,763,1022,104,854,110,874,8,121,405,955,156,624,894,525,996,653,980,980,132,59,103,84,759,332,154,66,64,68,61,62,65,67,62,70,58,71,70,69,67,68,64,69,60,65,69,68,70,75,61,73,67,66,69,77,74,76,76
[ 1283.649725] [AOA] Measurement: 0,1629148921.834156,08:55:31:70:ff:0a,2,1,1,0,128,812,985,297,708,413,821,914,598,447,896,885,99,255,806,598,246,968,132,616,857,572,1000,715,1018,997,174,6,95,132,777,461,263,77,72,65,74,74,73,75,70,62,65,70,75,72,67,65,58,70,61,60,66,72,72,73,63,60,68,51,66,73,69,73,71
[ 1283.692546] [AOA] Measurement: 0,1629148921.876980,08:55:31:70:ff:0a,2,1,1,0,128,791,994,379,757,408,817,900,573,436,887,350,976,814,1012,601,220,406,969,87,690,4,821,122,786,434,962,65,94,164,795,836,589,59,53,42,61,64,63,59,60,35,58,45,56,55,52,42,33,50,49,44,42,56,49,46,45,30,49,28,43,48,40,46,42
[ 1283.736319] [AOA] Measurement: 0,1629148921.920756,08:55:31:70:ff:0a,2,1,1,0,128,807,1006,356,723,407,851,884,573,406,891,315,937,255,842,550,188,929,110,586,907,513,1002,644,964,368,959,414,918,624,599,716,636,66,64,64,62,61,65,65,62,70,58,70,68,65,65,66,61,68,59,65,69,66,69,73,63,72,65,67,69,75,75,77,75
[ 1283.779957] [AOA] Measurement: 0,1629148921.964393,08:55:31:70:ff:0a,2,1,1,0,128,378,154,864,947,967,7,364,762,999,98,807,71,286,846,111,371,980,130,554,864,583,4,628,953,947,148,994,79,114,760,552,248,71,67,68,65,66,67,70,64,69,61,72,72,71,69,67,63,72,61,65,71,70,72,77,65,73,67,64,70,75,75,76,76
[ 1283.818194] [AOA] Measurement: 0,1629148922.002623,08:55:31:70:ff:0a,2,1,1,0,128,844,969,893,957,431,817,855,541,452,905,317,920,305,851,132,387,967,109,567,887,537,1018,632,993,369,968,416,900,619,591,677,536,73,66,57,72,74,73,70,68,52,65,62,70,69,65,59,50,64,56,52,57,68,64,62,57,49,63,40,59,65,61,66,63
[ 1283.866159] [AOA] Measurement: 0,1629148922.050595,08:55:31:70:ff:0a,2,1,1,0,128,768,945,331,747,417,803,962,618,998,97,853,58,233,793,527,165,359,921,998,603,1005,814,94,782,382,920,447,888,613,567,128,28,74,69,68,72,71,71,73,66,68,63,72,75,74,72,70,64,73,61,66,73,69,71,75,65,71,70,63,70,75,75,76,76
[ 1283.909359] [AOA] Measurement: 0,1629148922.093793,08:55:31:70:ff:0a,2,1,1,0,128,803,981,333,786,367,835,899,559,484,966,851,123,784,1001,53,318,919,90,568,851,535,1001,677,990,940,126,984,94,96,761,266,117,71,66,55,71,74,72,69,66,50,67,60,69,66,62,55,45,60,53,51,54,65,62,59,54,46,61,37,56,63,56,60,59
[ 1283.947537] [AOA] Measurement: 0,1629148922.131973,08:55:31:70:ff:0a,2,1,1,0,128,886,1014,354,771,351,806,843,547,392,859,283,911,314,812,526,170,352,860,16,655,23,813,80,771,954,137,992,83,189,813,533,257,59,53,43,60,65,62,57,58,35,57,43,55,53,50,41,31,47,45,40,37,54,48,45,43,29,48,27,41,44,38,44,43
[ 1283.993685] [AOA] Measurement: 0,1629148922.178115,08:55:31:70:ff:0a,2,1,1,0,128,809,951,340,718,369,786,859,524,354,828,315,894,321,805,542,172,379,913,1021,644,18,821,83,749,360,932,412,874,138,773,556,302,69,63,58,67,67,68,67,64,57,62,63,68,67,64,59,53,64,55,54,61,64,64,66,57,57,61,48,60,67,64,66,66
[ 1284.033841] [AOA] Measurement: 0,1629148922.218277,08:55:31:70:ff:0a,2,1,1,0,128,372,205,885,964,967,13,422,789,981,73,867,113,822,1021,63,355,953,120,543,874,553,1022,609,940,376,963,998,96,104,785,427,105,68,62,50,69,73,70,68,68,47,64,56,67,66,63,52,44,59,52,49,52,62,60,57,54,45,60,33,54,62,55,60,60
[ 1284.079993] [AOA] Measurement: 0,1629148922.264422,08:55:31:70:ff:0a,2,1,1,0,128,293,142,915,974,921,983,899,573,414,882,285,931,322,828,140,406,357,926,583,893,521,982,574,926,349,931,475,909,588,583,340,121,76,72,67,72,73,74,75,71,67,66,71,77,74,73,67,62,73,62,64,69,74,72,75,63,67,69,55,68,76,72,76,71
[ 1284.119871] [AOA] Measurement: 0,1629148922.304307,08:55:31:70:ff:0a,2,1,1,0,128,856,1016,902,971,1011,13,388,776,1016,126,880,105,801,1005,79,348,951,117,562,839,579,4,673,993,399,967,349,871,616,611,452,281,74,69,65,71,72,74,74,70,66,66,70,75,74,71,68,62,72,63,65,70,72,73,75,64,67,69,58,70,75,72,75,75
[ 1284.158364] [AOA] Measurement: 0,1629148922.342798,08:55:31:70:ff:0a,2,1,1,0,128,798,971,883,933,419,837,383,768,944,48,879,81,804,995,78,397,935,128,607,891,600,1023,633,936,934,130,15,102,98,794,901,578,75,66,61,75,75,73,73,70,61,67,68,76,72,69,63,57,70,59,56,62,71,70,70,61,58,66,46,64,70,67,69,68
[ 1284.204777] [AOA] Measurement: 0,1629148922.389206,08:55:31:70:ff:0a,2,1,1,0,128,823,1007,333,781,415,814,855,540,415,882,276,903,260,797,565,203,344,879,16,642,980,815,149,799,402,977,394,889,640,583,946,760,67,65,66,61,60,65,68,58,69,56,70,69,68,67,67,64,70,60,65,71,66,68,75,61,71,66,67,67,74,75,75,77
[ 1284.243640] [AOA] Measurement: 0,1629148922.428077,08:55:31:70:ff:0a,2,1,1,0,128,382,169,368,775,367,788,897,581,454,890,283,897,242,854,515,125,339,890,985,587,65,853,145,823,385,956,991,86,103,753,722,458,74,69,68,68,72,72,74,67,67,64,72,73,73,71,68,64,71,63,65,71,71,73,77,64,70,69,59,70,76,73,77,74
[ 1284.285654] [AOA] Measurement: 0,1629148922.470083,08:55:31:70:ff:0a,2,1,1,0,128,837,997,331,775,393,830,880,541,382,873,271,897,242,786,535,162,366,915,39,651,1017,797,654,951,403,946,994,115,86,762,475,284,77,71,63,75,76,76,73,71,64,68,69,76,75,70,64,60,69,61,62,66,73,72,74,64,63,70,52,69,74,71,74,72
[ 1284.330376] [AOA] Measurement: 0,1629148922.514813,08:55:31:70:ff:0a,2,1,1,0,128,791,962,271,697,410,822,893,547,440,903,325,917,300,819,569,176,380,921,1021,677,12,821,145,813,368,940,445,909,166,819,327,81,63,57,47,64,66,65,60,62,41,61,49,60,60,56,46,40,53,50,44,46,60,55,50,49,36,55,31,50,53,48,51,50
[ 1284.374076] [AOA] Measurement: 0,1629148922.558512,08:55:31:70:ff:0a,2,1,1,0,128,345,165,402,800,374,789,454,792,1011,44,863,130,730,948,77,425,934,145,605,861,969,816,139,815,956,138,533,938,574,563,349,162,68,65,66,61,62,64,68,60,68,56,71,71,69,67,67,62,70,59,66,69,67,69,75,63,73,66,68,67,73,74,74,75
[ 1284.416571] [AOA] Measurement: 0,1629148922.601001,08:55:31:70:ff:0a,2,1,1,0,128,272,133,900,979,943,1020,388,745,973,107,807,26,858,42,54,377,376,930,1012,651,1005,770,169,825,982,182,958,58,122,771,18,809,72,68,65,68,71,72,73,68,68,66,71,74,75,71,67,61,71,62,63,70,72,71,76,65,67,69,55,69,75,73,74,72
[ 1284.460145] [AOA] Measurement: 0,1629148922.644575,08:55:31:70:ff:0a,2,1,1,0,128,350,199,866,971,982,28,429,765,989,80,843,75,902,59,53,356,913,95,616,914,582,35,671,996,993,192,998,91,148,825,738,316,67,63,67,61,61,64,67,59,69,57,70,68,68,67,66,63,71,59,65,70,67,70,74,61,74,67,68,69,75,75,74,77
[ 1284.503021] [AOA] Measurement: 0,1629148922.687451,08:55:31:70:ff:0a,2,1,1,0,128,803,966,338,767,392,784,861,517,438,925,831,76,243,798,545,136,425,948,0,628,1011,800,69,764,415,966,423,918,597,565,221,29,75,70,67,69,69,70,72,66,68,64,73,73,73,70,67,64,71,61,64,72,71,72,76,65,70,68,60,70,75,72,75,76
[ 1284.553185] [AOA] Measurement: 0,1629148922.737614,08:55:31:70:ff:0a,2,1,1,0,128,783,978,317,760,389,784,897,586,428,897,351,961,805,981,532,146,408,958,1001,594,1008,807,107,778,390,969,987,90,81,764,279,40,71,67,67,65,65,65,69,64,69,60,72,71,70,67,68,64,69,61,66,72,69,70,77,64,73,66,66,67,75,73,77,76
[ 1284.599086] [AOA] Measurement: 0,1629148922.783521,08:55:31:70:ff:0a,2,1,1,0,128,340,159,352,752,383,819,852,546,443,868,308,917,353,863,100,399,961,139,605,881,498,997,693,991,921,95,542,919,175,781,978,704,67,61,49,69,72,70,67,67,47,66,56,67,66,61,51,43,59,53,49,51,65,60,59,54,46,60,35,55,60,54,60,55
[ 1284.643524] [AOA] Measurement: 0,1629148922.827958,08:55:31:70:ff:0a,2,1,1,0,128,772,989,414,780,367,809,888,578,481,869,886,93,802,978,74,375,985,162,613,855,600,1,642,963,951,110,67,86,96,726,249,65,60,54,44,62,65,62,58,59,37,56,46,57,56,53,44,35,49,48,44,43,56,52,47,47,34,51,29,45,50,45,49,47
[ 1284.685405] [AOA] Measurement: 0,1629148922.869834,08:55:31:70:ff:0a,2,1,1,0,128,345,168,905,964,997,15,391,758,433,897,329,925,866,1023,42,370,961,173,661,913,471,968,168,817,1016,154,493,916,162,811,109,913,76,69,65,73,74,73,73,70,65,67,71,75,73,70,65,59,70,61,62,66,71,72,73,63,63,68,52,68,73,71,71,70
[ 1284.729488] [AOA] Measurement: 0,1629148922.913918,08:55:31:70:ff:0a,2,1,1,0,128,774,934,358,728,397,821,893,534,457,878,349,936,257,812,145,399,977,196,572,819,614,10,650,952,938,92,28,13,587,566,703,592,72,68,67,69,71,71,73,66,69,65,73,73,74,71,68,63,73,62,66,71,71,72,77,64,73,69,63,70,77,75,76,77
[ 1284.772812] [AOA] Measurement: 0,1629148922.957241,08:55:31:70:ff:0a,2,1,1,0,128,766,940,363,765,404,817,837,522,440,904,320,921,812,1016,6,322,946,121,10,638,7,837,105,761,412,974,438,909,588,568,881,789,71,67,66,67,69,70,72,66,68,63,71,73,74,67,67,62,73,61,63,70,70,70,75,61,69,68,60,71,76,74,76,75
[ 1284.823099] [AOA] Measurement: 0,1629148923.007527,08:55:31:70:ff:0a,2,1,1,0,128,374,170,889,927,382,784,859,547,482,891,345,959,829,980,157,448,893,115,558,849,1012,773,116,784,375,932,525,906,605,573,316,79,74,70,66,70,70,70,72,67,67,65,73,75,74,72,68,63,73,61,65,70,73,72,76,64,68,71,59,70,76,73,75,75
[ 1284.869546] [AOA] Measurement: 0,1629148923.053981,08:55:31:70:ff:0a,2,1,1,0,128,385,161,888,978,964,1018,428,763,1011,101,917,141,851,38,128,401,983,113,538,814,526,1016,639,1004,988,169,24,93,116,792,63,793,74,70,64,73,76,75,74,73,63,69,68,77,75,69,64,56,71,60,60,66,72,72,72,63,64,70,52,66,73,68,72,69
[ 1284.913922] [AOA] Measurement: 0,1629148923.098358,08:55:31:70:ff:0a,2,1,1,0,128,375,167,905,973,977,13,377,751,964,92,813,45,273,801,573,158,348,890,1023,633,1019,794,52,731,406,980,520,947,91,763,714,474,75,73,66,73,72,73,75,70,67,65,73,76,72,71,67,60,72,63,63,70,72,72,76,64,68,70,59,70,77,74,76,77
[ 1284.956491] [AOA] Measurement: 0,1629148923.140920,08:55:31:70:ff:0a,2,1,1,0,128,816,1009,421,737,429,795,943,615,992,32,902,96,874,1016,35,379,380,983,27,665,1016,815,149,780,460,954,501,859,584,587,8,955,73,70,69,69,70,70,73,66,70,62,73,73,73,70,68,64,71,61,66,70,70,70,76,64,72,69,66,70,77,75,76,76
[ 1285.000235] [AOA] Measurement: 0,1629148923.184664,08:55:31:70:ff:0a,2,1,1,0,128,798,968,397,784,437,844,927,597,480,900,275,892,315,818,581,213,416,983,53,674,4,849,77,766,402,931,511,934,556,528,45,902,74,69,66,70,72,73,73,67,69,65,74,75,76,70,69,63,74,61,64,72,73,73,75,65,68,70,58,71,77,74,76,75
[ 1285.042899] [AOA] Measurement: 0,1629148923.227328,08:55:31:70:ff:0a,2,1,1,0,128,350,174,894,953,1008,4,389,781,941,56,844,81,842,1005,175,425,957,115,514,851,8,823,110,779,388,962,475,928,572,539,521,317,74,70,67,72,73,74,73,70,69,65,73,74,74,69,66,63,72,60,64,70,72,72,74,63,69,70,58,70,76,75,76,74
[ 1285.093190] [AOA] Measurement: 0,1629148923.277620,08:55:31:70:ff:0a,2,1,1,0,128,313,123,889,962,434,830,381,776,994,116,847,76,769,990,536,154,394,913,7,679,29,808,691,1019,915,99,956,38,594,573,918,662,77,71,66,73,74,76,76,72,69,67,70,76,73,71,66,60,70,61,62,68,72,72,74,65,64,68,56,68,76,71,76,74
[ 1285.138708] [AOA] Measurement: 0,1629148923.323144,08:55:31:70:ff:0a,2,1,1,0,128,780,968,315,754,383,805,889,546,458,919,298,898,260,824,634,196,377,926,602,841,33,846,659,989,935,97,422,907,584,582,627,479,74,71,69,71,70,72,73,68,68,64,72,74,75,70,68,63,73,61,64,69,70,72,76,64,69,70,61,68,76,74,74,75
[ 1285.183146] [AOA] Measurement: 0,1629148923.367582,08:55:31:70:ff:0a,2,1,1,0,128,817,983,311,774,935,998,405,736,38,130,820,102,774,988,537,156,959,116,561,859,1007,806,700,992,964,135,6,111,86,789,451,115,74,69,66,69,72,71,72,67,68,65,71,72,72,69,64,62,72,59,61,68,71,69,73,62,66,70,55,67,74,72,74,74
[ 1285.233412] [AOA] Measurement: 0,1629148923.417842,08:55:31:70:ff:0a,2,1,1,0,128,818,1000,891,951,974,8,365,700,446,897,900,138,776,994,91,391,352,904,605,860,534,990,665,971,937,131,1001,132,160,825,360,96,67,66,66,62,64,66,67,63,67,59,70,73,72,68,67,63,72,62,66,71,69,70,76,64,72,68,62,69,73,74,75,76
[ 1285.287807] [AOA] Measurement: 0,1629148923.472242,08:55:31:70:ff:0a,2,1,1,0,128,803,978,286,716,380,794,895,535,423,877,291,904,267,797,537,161,399,938,32,628,1010,810,73,754,377,953,475,906,167,823,963,729,66,64,65,62,63,66,69,60,67,58,71,69,67,67,68,63,71,61,66,71,69,68,75,65,72,68,64,70,77,76,76,77
[ 1285.331605] [AOA] Measurement: 0,1629148923.516033,08:55:31:70:ff:0a,2,1,1,0,128,337,144,879,963,916,995,388,758,325,865,323,912,267,829,585,182,956,87,593,857,598,1022,681,1004,916,114,439,910,584,591,964,730,73,68,67,68,69,68,71,64,69,63,72,73,71,71,68,63,73,61,65,71,70,71,76,64,68,67,62,69,75,72,74,74
[ 1285.379524] [AOA] Measurement: 0,1629148923.563960,08:55:31:70:ff:0a,2,1,1,0,128,825,997,925,949,946,973,866,595,445,878,311,950,770,986,536,189,332,902,87,693,537,1018,63,779,975,133,52,127,83,764,665,487,72,69,66,68,66,70,70,65,69,64,73,75,74,70,67,61,72,62,64,68,72,71,75,65,68,70,57,70,74,74,74,73
[ 1285.419331] [AOA] Measurement: 0,1629148923.603759,08:55:31:70:ff:0a,2,1,1,0,128,827,993,425,743,438,803,910,575,458,913,298,920,233,811,552,197,1011,192,615,840,569,15,670,982,970,138,36,57,158,783,276,953,76,71,65,74,74,75,73,68,61,64,67,74,73,71,64,59,69,61,59,67,71,72,72,63,62,69,51,67,72,68,74,69
[ 1285.462698] [AOA] Measurement: 0,1629148923.647128,08:55:31:70:ff:0a,2,1,1,0,128,863,12,369,765,419,813,929,611,479,890,859,79,887,15,18,368,972,168,630,871,539,1021,651,970,973,154,53,72,131,791,332,41,75,70,64,70,72,71,75,69,67,65,71,76,75,69,67,59,70,61,62,67,71,70,72,62,64,69,52,67,73,71,75,71
[ 1285.512915] [AOA] Measurement: 0,1629148923.697345,08:55:31:70:ff:0a,2,1,1,0,128,401,184,886,952,899,1003,856,572,1000,74,878,98,831,1004,56,346,947,79,551,858,15,826,693,998,908,64,447,906,136,786,992,783,74,69,67,67,68,69,72,66,69,64,72,74,71,69,69,65,73,61,65,72,70,72,77,63,73,68,64,69,76,75,75,77
[ 1285.557772] [AOA] Measurement: 0,1629148923.742207,08:55:31:70:ff:0a,2,1,1,0,128,828,967,394,782,418,798,871,575,421,908,311,940,146,742,541,138,434,1007,2,626,1018,800,121,802,374,972,20,96,106,756,468,219,67,63,60,61,61,63,63,58,62,56,65,66,64,61,62,57,65,56,60,64,62,65,68,57,65,61,59,63,69,67,69,69
[ 1285.601746] [AOA] Measurement: 0,1629148923.786181,08:55:31:70:ff:0a,2,1,1,0,128,307,123,942,1017,947,1017,377,735,0,74,293,901,835,6,86,379,928,98,590,875,531,1011,631,970,927,131,952,46,124,752,725,523,73,69,69,68,67,70,73,64,70,63,72,74,72,67,68,62,71,61,64,70,69,71,76,63,72,69,64,69,76,75,75,77
[ 1285.639795] [AOA] Measurement: 0,1629148923.824231,08:55:31:70:ff:0a,2,1,1,0,128,815,980,314,749,413,798,892,570,428,932,283,896,219,751,547,158,334,900,1018,667,562,1011,73,761,409,987,959,87,644,606,953,770,62,56,46,65,67,66,63,63,40,61,51,60,60,55,46,39,53,50,44,45,58,56,51,49,37,54,30,49,52,50,55,51
[ 1285.683955] [AOA] Measurement: 0,1629148923.868391,08:55:31:70:ff:0a,2,1,1,0,128,822,980,341,753,398,814,848,551,395,878,322,918,840,1007,84,386,991,133,555,873,590,2,677,1012,943,128,970,65,81,758,1016,924,64,57,51,66,65,66,63,62,48,59,53,62,62,58,49,43,54,50,45,50,60,56,54,50,43,55,31,50,56,51,56,53
[ 1285.726506] [AOA] Measurement: 0,1629148923.910936,08:55:31:70:ff:0a,2,1,1,0,128,319,150,875,941,398,799,876,552,387,890,338,904,825,1011,126,377,952,115,556,856,525,1009,673,974,974,155,995,103,77,728,530,259,67,64,66,61,62,65,67,59,68,57,70,70,68,66,67,63,71,60,65,73,66,69,73,62,72,65,66,67,74,72,74,75
[ 1285.770282] [AOA] Measurement: 0,1629148923.954712,08:55:31:70:ff:0a,2,1,1,0,128,393,221,869,967,925,1015,840,490,395,879,290,902,332,880,508,158,372,927,39,679,17,848,667,1003,940,133,1008,123,98,757,488,245,70,67,67,65,65,68,70,65,69,59,73,71,70,67,67,63,70,60,66,71,68,70,76,64,73,65,66,68,75,74,75,78
[ 1285.814134] [AOA] Measurement: 0,1629148923.998563,08:55:31:70:ff:0a,2,1,1,0,128,737,945,389,816,378,804,916,597,449,932,318,912,291,854,117,407,926,99,600,909,567,12,646,980,922,111,972,37,558,555,808,709,73,67,58,73,75,74,72,68,54,66,64,72,69,66,59,53,66,58,55,59,69,66,65,59,51,64,43,62,68,64,68,63
[ 1285.864363] [AOA] Measurement: 0,1629148924.048795,08:55:31:70:ff:0a,2,1,1,0,128,756,942,310,737,354,793,854,557,433,909,340,915,811,980,575,183,390,920,31,670,39,848,131,788,416,947,477,937,575,572,446,299,72,70,67,71,70,71,73,66,67,65,75,75,75,70,67,63,73,62,65,69,72,72,76,65,70,69,60,69,76,73,77,77
[ 1285.910305] [AOA] Measurement: 0,1629148924.094741,08:55:31:70:ff:0a,2,1,1,0,128,344,165,920,969,406,806,821,534,1011,93,873,97,778,973,568,183,922,130,592,885,619,41,690,1020,985,138,32,133,79,758,826,631,74,70,67,66,68,70,72,64,71,62,72,74,72,68,69,64,73,61,66,72,68,72,75,62,73,67,67,69,76,76,76,78
[ 1285.948691] [AOA] Measurement: 0,1629148924.133127,08:55:31:70:ff:0a,2,1,1,0,128,799,965,362,757,372,818,958,604,467,916,294,903,198,771,590,205,385,914,21,651,1012,783,159,810,428,962,20,118,162,813,295,38,69,66,67,64,66,68,71,62,71,60,72,71,72,68,68,64,70,62,66,73,69,71,76,63,72,67,67,70,76,75,77,76
[ 1285.992734] [AOA] Measurement: 0,1629148924.177170,08:55:31:70:ff:0a,2,1,1,0,128,364,179,909,966,962,10,375,777,978,76,280,917,272,828,143,438,921,94,569,858,579,9,617,963,940,129,951,21,112,753,624,408,74,70,67,68,68,69,73,64,68,61,71,72,73,70,69,63,71,62,65,71,71,72,77,64,72,69,64,70,76,75,74,74
[ 1286.034985] [AOA] Measurement: 0,1629148924.219417,08:55:31:70:ff:0a,2,1,1,0,128,779,969,397,754,483,893,399,751,400,904,246,874,279,813,609,215,397,933,2,638,6,831,66,726,405,985,486,919,570,584,891,661,62,60,59,55,59,58,60,54,61,54,62,65,63,60,61,58,63,55,58,64,62,61,67,56,66,60,58,61,68,67,68,69
[ 1286.073320] [AOA] Measurement: 0,1629148924.257757,08:55:31:70:ff:0a,2,1,1,0,128,798,966,351,779,356,797,828,531,439,921,812,40,272,788,551,166,378,917,1007,626,1021,818,145,798,391,975,448,915,599,572,202,999,74,71,67,72,73,75,73,68,67,65,70,72,72,69,65,60,71,60,63,67,72,71,75,64,66,68,55,70,75,72,76,73
[ 1286.118320] [AOA] Measurement: 0,1629148924.302756,08:55:31:70:ff:0a,2,1,1,0,128,330,162,891,995,995,3,434,799,986,53,870,110,845,1008,113,399,970,110,557,884,524,1013,672,1006,977,173,1010,68,122,774,472,205,67,65,66,62,63,64,67,60,68,58,71,70,71,67,68,63,71,60,65,72,68,68,75,62,73,66,68,67,76,73,74,75
[ 1286.162949] [AOA] Measurement: 0,1629148924.347385,08:55:31:70:ff:0a,2,1,1,0,128,368,173,922,982,989,51,410,763,8,73,894,102,841,34,122,409,910,77,576,879,505,980,657,976,956,152,1011,102,163,804,103,745,65,59,48,65,68,68,64,61,39,61,52,60,60,57,47,36,53,50,45,45,59,56,51,48,35,54,30,48,52,48,52,49
[ 1286.213353] [AOA] Measurement: 0,1629148924.397782,08:55:31:70:ff:0a,2,1,1,0,128,897,20,998,976,932,998,398,732,475,872,352,962,818,1012,79,389,933,148,82,666,18,826,80,740,425,941,551,919,548,527,366,178,72,68,68,68,67,71,73,66,71,64,72,75,72,71,69,63,74,62,66,71,70,72,75,64,73,69,64,69,75,75,76,74
[ 1286.269156] [AOA] Measurement: 0,1629148924.453587,08:55:31:70:ff:0a,2,1,1,0,128,829,974,391,757,446,843,839,547,448,892,879,99,211,746,582,214,368,945,19,652,618,1018,638,966,952,144,925,45,163,785,222,970,72,68,66,71,71,72,73,66,67,62,71,74,73,70,67,61,72,61,62,69,72,71,74,63,66,68,55,70,75,71,72,73
[ 1286.312254] [AOA] Measurement: 0,1629148924.496684,08:55:31:70:ff:0a,2,1,1,0,128,308,151,920,945,458,877,370,752,955,38,841,66,777,977,581,183,927,58,612,869,962,780,97,778,376,931,433,887,135,775,838,594,76,72,67,74,74,74,75,71,66,68,71,76,74,71,66,61,72,62,62,68,73,72,75,64,66,69,55,70,75,72,73,74
[ 1286.362601] [AOA] Measurement: 0,1629148924.547031,08:55:31:70:ff:0a,2,1,1,0,128,874,1018,305,759,403,834,382,739,1012,98,769,25,810,993,468,98,363,921,33,672,41,827,107,779,404,939,484,944,147,785,740,477,72,67,59,72,75,74,72,71,59,69,65,73,72,69,61,53,65,58,55,61,70,65,66,60,54,67,45,63,69,66,68,67
[ 1286.408756] [AOA] Measurement: 0,1629148924.593193,08:55:31:70:ff:0a,2,1,1,0,128,817,976,373,789,401,811,938,585,429,875,334,916,829,991,47,354,374,965,619,888,506,993,122,761,414,934,557,941,614,614,563,355,67,63,62,61,63,64,65,60,60,59,66,69,67,65,61,56,65,56,57,60,64,64,68,57,61,62,53,62,66,65,66,65
[ 1286.453146] [AOA] Measurement: 0,1629148924.637579,08:55:31:70:ff:0a,2,1,1,0,128,804,980,359,772,933,945,481,789,1001,82,853,108,865,33,29,359,946,96,575,861,996,796,63,741,404,945,409,891,602,585,995,879,69,67,66,64,63,66,69,62,69,60,71,71,70,68,69,62,69,60,65,71,66,68,74,63,73,67,67,69,75,73,74,77
[ 1286.502960] [AOA] Measurement: 0,1629148924.687390,08:55:31:70:ff:0a,2,1,1,0,128,826,990,409,788,404,831,429,805,986,38,286,922,309,840,572,224,400,976,623,892,608,26,623,950,928,93,34,74,131,767,580,355,68,68,67,67,65,68,69,65,68,60,71,74,73,70,69,63,72,61,66,71,70,71,77,63,72,69,65,69,76,74,76,75
[ 1286.552926] [AOA] Measurement: 0,1629148924.737356,08:55:31:70:ff:0a,2,1,1,0,128,345,123,879,974,959,0,475,800,1002,101,779,41,841,1009,79,370,933,109,584,853,532,971,659,975,938,98,12,89,139,777,229,1021,73,70,67,68,68,70,72,67,71,63,73,75,74,69,69,64,73,62,66,71,70,70,75,63,68,67,63,69,76,74,74,76
[ 1286.597551] [AOA] Measurement: 0,1629148924.781987,08:55:31:70:ff:0a,2,1,1,0,128,349,147,947,1004,937,999,872,548,397,867,310,912,824,1018,115,405,7,165,584,889,568,5,676,967,941,112,444,931,99,748,1020,811,74,69,65,71,72,73,73,69,66,66,70,75,73,70,67,61,70,61,62,67,71,70,72,62,63,68,52,68,73,69,73,71
[ 1286.641642] [AOA] Measurement: 0,1629148924.826079,08:55:31:70:ff:0a,2,1,1,0,128,369,198,924,918,985,8,415,768,12,72,830,87,840,1,52,380,912,134,63,670,1004,810,161,798,430,943,547,927,643,618,208,24,74,69,66,69,71,71,73,68,66,65,71,75,72,70,66,60,71,59,62,69,72,70,76,64,67,71,55,69,76,71,73,74
[ 1286.685490] [AOA] Measurement: 0,1629148924.869927,08:55:31:70:ff:0a,2,1,1,0,128,827,975,309,741,437,811,847,541,474,942,296,922,811,0,538,173,960,89,6,628,1017,816,126,790,325,943,441,912,619,616,926,872,65,62,61,63,64,66,65,60,61,59,66,67,67,64,61,56,65,56,58,63,64,65,67,58,63,62,55,63,68,66,68,67
[ 1286.729724] [AOA] Measurement: 0,1629148924.914154,08:55:31:70:ff:0a,2,1,1,0,128,379,168,884,955,1001,21,417,772,998,86,824,62,820,1005,60,379,948,133,565,859,563,1017,693,971,952,148,430,896,572,576,576,421,69,67,66,63,66,67,68,61,70,60,71,69,68,66,67,64,69,59,64,70,66,69,74,61,74,66,68,67,73,74,74,76
[ 1286.772864] [AOA] Measurement: 0,1629148924.957296,08:55:31:70:ff:0a,2,1,1,0,128,341,175,881,959,962,989,476,792,998,82,878,105,779,1013,128,434,928,86,518,861,578,1020,688,984,959,123,16,113,82,786,379,56,74,67,61,75,74,75,74,70,58,68,67,73,72,68,60,55,64,58,55,60,71,69,69,60,56,66,45,63,69,63,68,66
[ 1286.823456] [AOA] Measurement: 0,1629148925.007888,08:55:31:70:ff:0a,2,1,1,0,128,821,969,352,770,401,816,839,546,447,893,290,866,288,844,459,122,366,943,978,621,968,749,111,772,367,909,448,872,507,520,605,577,77,73,67,73,74,74,75,70,64,65,69,76,74,70,66,60,70,60,63,68,74,71,72,63,66,70,56,68,75,72,74,73
[ 1286.873779] [AOA] Measurement: 0,1629148925.058211,08:55:31:70:ff:0a,2,1,1,0,128,348,176,870,952,929,998,459,789,959,67,846,90,846,1020,131,397,904,87,1018,675,14,802,48,737,408,1000,466,953,545,589,658,521,75,68,63,75,74,75,73,70,62,67,68,73,70,69,61,54,67,57,57,63,70,68,70,61,58,67,46,65,70,68,70,68
[ 1286.916842] [AOA] Measurement: 0,1629148925.101273,08:55:31:70:ff:0a,2,1,1,0,128,747,923,373,759,393,803,901,541,470,893,336,929,239,826,505,125,366,935,22,692,12,818,91,788,376,942,464,914,627,584,929,740,73,69,64,72,75,73,73,71,62,67,69,75,73,71,64,58,67,60,59,65,71,69,70,62,59,67,50,66,72,67,71,70
[ 1286.960338] [AOA] Measurement: 0,1629148925.144767,08:55:31:70:ff:0a,2,1,1,0,128,841,993,891,935,427,827,449,779,949,62,843,114,828,1022,93,362,963,124,601,875,562,16,712,25,952,157,966,40,141,823,150,958,71,66,67,65,67,68,70,65,69,62,73,74,72,70,66,63,72,61,66,72,70,70,77,65,72,69,63,70,76,74,76,77
[ 1287.003825] [AOA] Measurement: 0,1629148925.188262,08:55:31:70:ff:0a,2,1,1,0,128,835,996,325,754,998,25,410,742,1006,91,820,92,833,1011,70,364,389,926,1015,604,1010,841,17,727,392,924,453,915,604,571,70,915,70,67,68,67,67,69,72,66,69,63,74,74,72,69,68,63,72,62,65,71,71,70,76,64,73,68,61,69,75,74,75,78
[ 1287.048491] [AOA] Measurement: 0,1629148925.232921,08:55:31:70:ff:0a,2,1,1,0,128,860,1020,865,960,400,831,451,806,355,900,249,865,253,832,541,163,400,930,991,658,3,792,76,758,364,948,446,904,631,607,749,640,70,66,66,63,64,64,69,62,69,59,73,72,72,69,69,63,73,62,66,72,71,70,77,63,73,67,64,70,73,71,73,76
[ 1287.091592] [AOA] Measurement: 0,1629148925.276020,08:55:31:70:ff:0a,2,1,1,0,128,826,962,369,775,405,821,405,786,416,907,328,939,290,811,584,192,379,922,32,668,38,842,694,999,371,926,455,917,547,534,547,498,75,70,67,68,67,68,73,65,69,63,72,73,73,70,69,63,73,62,66,71,71,72,77,65,74,69,65,71,78,74,75,76
[ 1287.138549] [AOA] Measurement: 0,1629148925.322986,08:55:31:70:ff:0a,2,1,1,0,128,365,197,942,971,918,955,853,567,480,922,278,862,285,803,549,169,452,6,619,876,608,31,710,980,14,171,68,122,136,785,496,157,73,70,66,68,70,70,73,66,69,62,72,75,74,69,67,63,72,62,65,70,71,73,75,64,69,68,59,70,76,74,77,74
[ 1287.195863] [AOA] Measurement: 0,1629148925.380299,08:55:31:70:ff:0a,2,1,1,0,128,806,952,357,728,367,766,843,501,452,890,303,917,255,810,575,184,411,934,602,870,13,842,144,815,423,975,507,905,116,751,667,556,56,52,39,58,61,58,53,54,30,53,38,47,47,44,35,25,39,43,36,32,47,42,37,38,24,42,26,33,37,34,37,34
[ 1287.242143] [AOA] Measurement: 0,1629148925.426573,08:55:31:70:ff:0a,2,1,1,0,128,348,163,882,965,946,988,826,527,488,922,304,924,838,1022,578,208,936,120,595,892,552,10,639,988,917,156,954,52,177,798,687,409,71,67,67,68,68,71,70,65,68,64,72,74,72,71,68,62,72,62,65,71,71,71,73,62,68,69,58,69,74,74,76,75
[ 1287.282329] [AOA] Measurement: 0,1629148925.466765,08:55:31:70:ff:0a,2,1,1,0,128,805,964,302,715,372,796,882,521,430,893,332,930,811,994,514,163,422,983,515,802,1011,837,161,839,914,127,5,97,546,542,826,747,70,65,54,70,74,72,69,68,52,66,61,70,69,65,57,50,64,57,54,54,68,65,63,57,52,65,40,60,65,61,67,63
[ 1287.329736] [AOA] Measurement: 0,1629148925.514165,08:55:31:70:ff:0a,2,1,1,0,128,798,963,312,764,369,775,859,538,438,901,293,913,235,803,557,174,389,966,993,648,1001,799,132,797,377,964,484,915,166,796,182,954,60,59,59,56,56,57,60,54,62,51,63,62,60,58,60,55,63,51,60,62,59,61,66,55,66,56,62,58,65,66,65,67
[ 1287.380055] [AOA] Measurement: 0,1629148925.564492,08:55:31:70:ff:0a,2,1,1,0,128,353,178,868,964,976,1018,440,779,1002,119,844,128,782,1011,136,443,942,94,530,849,539,2,664,998,968,116,1022,123,106,769,821,515,59,54,43,61,64,64,58,60,36,57,47,57,55,54,45,37,50,49,44,44,59,56,50,49,34,55,30,47,51,47,53,51
[ 1287.418747] [AOA] Measurement: 0,1629148925.603176,08:55:31:70:ff:0a,2,1,1,0,128,403,187,893,961,19,30,393,780,1002,99,850,87,805,1013,154,419,1013,150,585,871,550,8,677,964,985,179,962,86,106,771,558,306,65,61,60,60,62,61,64,59,62,55,65,65,64,61,61,57,64,54,59,64,62,64,68,56,67,61,60,62,67,67,68,68
[ 1287.462257] [AOA] Measurement: 0,1629148925.646686,08:55:31:70:ff:0a,2,1,1,0,128,808,977,366,783,418,826,886,565,461,895,347,932,211,767,585,208,374,910,21,620,15,819,118,787,363,931,428,896,602,590,520,377,75,68,65,68,70,71,72,67,67,65,72,74,75,70,68,62,73,62,63,69,72,74,75,63,67,69,56,69,75,73,75,73
[ 1287.510308] [AOA] Measurement: 0,1629148925.694743,08:55:31:70:ff:0a,2,1,1,0,128,835,1014,326,758,971,1016,362,733,443,889,362,928,768,983,90,380,955,141,523,846,563,998,704,1003,984,162,462,920,580,592,84,962,76,70,67,72,73,74,73,68,65,65,70,76,73,71,67,61,72,61,62,70,73,73,74,64,64,67,54,68,73,71,73,72
[ 1287.549029] [AOA] Measurement: 0,1629148925.733466,08:55:31:70:ff:0a,2,1,1,0,128,819,1019,388,802,411,810,486,810,990,80,924,177,787,977,76,345,936,111,32,645,25,819,645,976,451,997,1009,100,547,574,484,271,58,52,43,61,65,61,59,59,36,59,47,57,55,53,42,34,50,48,44,42,55,51,47,45,34,53,29,46,48,45,50,48
[ 1287.594145] [AOA] Measurement: 0,1629148925.778573,08:55:31:70:ff:0a,2,1,1,0,128,796,956,342,761,370,825,895,567,494,949,839,65,808,986,566,175,360,923,3,659,39,833,146,842,367,944,500,950,114,768,588,343,74,68,68,69,68,69,71,67,71,65,73,76,73,70,68,64,72,61,65,72,71,72,75,65,72,67,61,68,75,73,75,76
[ 1287.648175] [AOA] Measurement: 0,1629148925.832602,08:55:31:70:ff:0a,2,1,1,0,128,773,956,290,681,367,778,877,572,494,956,296,904,295,798,601,197,391,943,35,683,22,818,77,761,411,962,417,894,125,731,463,283,70,68,66,67,69,69,71,66,70,63,73,74,72,69,69,63,74,61,66,72,71,72,77,65,71,68,64,70,77,75,76,77
[ 1287.691744] [AOA] Measurement: 0,1629148925.876174,08:55:31:70:ff:0a,2,1,1,0,128,831,1022,356,776,391,806,853,550,1022,110,827,75,842,995,97,364,368,917,20,630,1002,817,64,759,399,970,458,913,156,766,356,121,74,70,64,71,74,74,73,68,64,66,73,76,74,69,65,59,70,63,61,67,72,71,74,63,63,67,54,67,74,71,75,71
[ 1287.739404] [AOA] Measurement: 0,1629148925.923839,08:55:31:70:ff:0a,2,1,1,0,128,838,1005,346,757,400,791,939,571,445,876,283,891,336,835,81,370,963,152,22,658,982,799,70,773,371,916,538,885,643,608,450,275,76,71,67,73,73,74,75,69,68,66,71,76,73,71,67,62,71,63,63,70,72,72,74,64,67,66,54,70,73,71,74,74
[ 1287.777868] [AOA] Measurement: 0,1629148925.962305,08:55:31:70:ff:0a,2,1,1,0,128,840,990,389,796,949,996,901,572,446,890,324,895,274,826,631,233,420,984,96,712,541,1013,738,1015,939,118,35,82,119,810,844,599,65,57,46,65,67,65,60,60,39,59,49,60,58,55,46,39,53,50,45,46,59,55,51,50,36,55,31,48,53,48,54,51
[ 1287.824288] [AOA] Measurement: 0,1629148926.008720,08:55:31:70:ff:0a,2,1,1,0,128,827,1018,1004,968,971,19,322,722,41,78,866,95,845,1020,116,401,1001,187,598,867,587,4,668,968,958,100,116,99,139,795,783,499,69,66,66,66,67,68,71,64,67,63,72,73,73,69,67,63,72,61,63,71,69,71,75,64,70,69,63,71,75,73,75,75
[ 1287.870749] [AOA] Measurement: 0,1629148926.055184,08:55:31:70:ff:0a,2,1,1,0,128,789,976,330,773,390,817,874,593,436,899,836,56,793,1023,529,170,378,907,76,689,1008,792,141,781,408,966,450,910,602,576,760,625,75,69,61,74,75,74,74,70,57,68,65,73,73,69,62,56,69,59,58,64,72,67,71,62,59,68,49,66,73,70,73,71
[ 1287.915253] [AOA] Measurement: 0,1629148926.099690,08:55:31:70:ff:0a,2,1,1,0,128,384,201,951,998,940,1017,501,820,1002,135,824,54,282,822,518,167,401,938,530,796,550,994,149,821,1007,179,970,28,201,859,963,633,74,70,68,72,72,72,72,69,68,66,72,75,76,72,67,63,72,62,64,69,72,71,75,62,66,68,57,68,73,72,74,73
[ 1287.959389] [AOA] Measurement: 0,1629148926.143818,08:55:31:70:ff:0a,2,1,1,0,128,363,174,858,915,370,761,913,556,473,901,849,111,835,13,65,392,917,100,5,673,551,12,615,948,380,943,1,69,586,578,76,952,75,71,67,71,71,72,74,70,68,65,73,76,74,72,69,62,72,60,64,70,70,71,77,64,71,68,62,69,78,73,77,76
[ 1288.002423] [AOA] Measurement: 0,1629148926.186853,08:55:31:70:ff:0a,2,1,1,0,128,796,983,391,805,386,805,442,745,1006,99,842,92,873,1020,48,357,955,108,533,848,591,27,669,968,359,968,463,918,593,584,180,1014,69,65,66,63,64,66,68,62,67,60,72,70,69,69,68,62,70,60,65,69,70,71,75,63,72,68,64,69,76,75,75,77
[ 1288.052584] [AOA] Measurement: 0,1629148926.237013,08:55:31:70:ff:0a,2,1,1,0,128,856,1022,888,931,400,806,914,589,438,923,840,95,795,970,585,192,890,97,1015,669,20,787,118,803,389,945,467,945,119,785,150,909,72,68,66,68,69,70,71,66,68,64,73,73,73,69,68,63,71,61,65,72,72,72,77,65,70,68,62,70,76,75,78,77
[ 1288.098540] [AOA] Measurement: 0,1629148926.282975,08:55:31:70:ff:0a,2,1,1,0,128,842,976,354,751,434,853,849,558,414,899,323,920,247,784,541,182,427,939,25,640,82,861,677,977,996,187,958,66,56,717,959,791,58,53,41,59,64,61,58,59,34,55,44,55,56,55,41,35,48,47,43,41,55,51,46,46,33,51,29,43,48,44,46,46
[ 1288.142818] [AOA] Measurement: 0,1629148926.327254,08:55:31:70:ff:0a,2,1,1,0,128,359,145,891,964,442,844,433,783,947,114,805,54,246,782,83,374,365,908,1011,644,982,784,127,790,446,987,1019,91,122,793,21,770,70,67,67,67,67,69,69,64,69,62,72,74,72,70,68,63,69,60,65,69,69,71,77,62,71,68,64,70,75,75,76,76
[ 1288.185677] [AOA] Measurement: 0,1629148926.370107,08:55:31:70:ff:0a,2,1,1,0,128,837,987,312,736,419,819,871,571,423,894,250,891,221,760,632,252,344,911,42,680,522,1001,56,809,388,953,434,907,588,556,38,878,75,70,67,69,72,73,74,68,68,64,73,76,74,70,68,63,72,59,65,70,71,74,77,64,69,68,60,71,75,74,77,74
[ 1288.230400] [AOA] Measurement: 0,1629148926.414831,08:55:31:70:ff:0a,2,1,1,0,128,338,139,900,957,940,961,413,760,429,908,286,911,246,786,606,196,380,937,19,662,612,1018,685,1013,986,148,917,52,88,754,249,995,62,58,59,57,56,58,63,55,61,51,64,65,63,61,61,57,65,54,59,64,63,63,68,56,65,61,57,63,67,67,68,70
[ 1288.273280] [AOA] Measurement: 0,1629148926.457715,08:55:31:70:ff:0a,2,1,1,0,128,794,938,349,767,386,808,856,525,1013,102,843,65,805,994,97,381,910,76,6,673,32,863,653,993,357,932,994,95,581,556,550,345,74,70,67,67,69,71,72,65,71,64,73,73,73,69,68,65,74,63,65,72,70,72,77,64,73,70,64,71,76,75,75,76
[ 1288.316905] [AOA] Measurement: 0,1629148926.501338,08:55:31:70:ff:0a,2,1,1,0,128,833,1005,352,779,379,810,858,576,507,927,292,899,283,808,148,442,910,55,591,877,983,799,179,830,372,954,476,929,563,589,868,716,72,68,67,66,68,68,72,66,70,62,72,74,70,68,67,63,72,61,62,69,69,70,77,65,72,69,66,68,76,73,74,76
[ 1288.365109] [AOA] Measurement: 0,1629148926.549539,08:55:31:70:ff:0a,2,1,1,0,128,778,940,377,777,343,758,861,565,357,884,328,894,259,808,612,251,887,49,992,621,569,5,642,963,945,159,27,105,77,739,210,962,61,55,45,61,67,64,61,61,40,62,50,62,61,57,47,37,53,51,45,48,62,56,53,50,39,57,31,51,55,50,54,50
[ 1288.411121] [AOA] Measurement: 0,1629148926.595555,08:55:31:70:ff:0a,2,1,1,0,128,743,925,389,802,430,830,424,790,931,51,884,89,268,858,114,412,978,92,542,824,548,0,601,964,892,98,449,925,607,577,322,145,73,69,67,68,68,68,72,67,68,63,73,73,71,69,68,63,72,60,63,69,70,71,76,63,71,68,59,70,77,74,75,76
[ 1288.455126] [AOA] Measurement: 0,1629148926.639561,08:55:31:70:ff:0a,2,1,1,0,128,328,148,914,991,966,1009,408,769,4,120,884,106,853,27,135,425,937,89,564,861,543,1021,648,962,934,150,995,103,149,819,546,177,58,50,42,59,64,59,55,56,34,56,43,53,52,50,41,32,45,46,42,37,51,50,44,42,29,49,28,41,46,41,47,44
[ 1288.498252] [AOA] Measurement: 0,1629148926.682681,08:55:31:70:ff:0a,2,1,1,0,128,839,1001,434,782,945,991,891,561,980,68,870,89,255,800,608,203,984,161,610,860,959,824,682,990,916,85,35,73,120,753,569,259,71,67,68,65,67,67,69,62,69,61,72,71,70,67,68,64,70,61,65,70,67,70,76,63,72,66,65,68,75,74,75,76
[ 1288.542321] [AOA] Measurement: 0,1629148926.726751,08:55:31:70:ff:0a,2,1,1,0,128,761,921,288,714,350,792,860,534,393,882,272,898,251,778,533,169,331,869,12,665,10,823,106,753,346,910,486,922,553,537,820,757,71,68,67,66,67,68,69,64,68,61,72,72,71,69,68,63,71,61,66,70,68,70,75,64,71,67,63,69,74,74,76,76
[ 1288.592790] [AOA] Measurement: 0,1629148926.777223,08:55:31:70:ff:0a,2,1,1,0,128,335,166,862,900,382,860,394,755,394,917,288,946,827,1016,109,421,941,107,595,871,513,990,642,975,882,101,437,921,607,582,1002,840,70,65,66,64,64,65,68,62,69,57,70,71,68,67,67,63,71,59,64,70,65,68,74,61,74,64,68,69,73,73,75,77
[ 1288.639364] [AOA] Measurement: 0,1629148926.823799,08:55:31:70:ff:0a,2,1,1,0,128,420,208,876,964,889,990,825,562,991,83,926,116,868,8,169,449,934,100,589,862,609,30,624,956,961,161,974,87,146,809,889,600,72,68,68,66,65,66,69,63,70,62,72,73,70,67,66,62,70,61,65,71,68,70,77,63,74,68,66,69,78,75,75,77
[ 1288.683582] [AOA] Measurement: 0,1629148926.868015,08:55:31:70:ff:0a,2,1,1,0,128,383,178,924,962,934,985,841,553,470,926,252,897,297,860,574,229,372,926,1,639,982,780,119,773,396,960,1023,122,81,783,844,575,58,53,43,62,65,61,58,58,35,57,44,55,56,52,40,35,49,47,41,38,53,50,46,44,31,49,29,43,47,44,48,44
[ 1288.726818] [AOA] Measurement: 0,1629148926.911248,08:55:31:70:ff:0a,2,1,1,0,128,874,1006,905,957,383,825,854,540,436,899,835,95,782,962,557,199,938,123,581,871,969,785,63,756,422,1010,1004,103,110,769,530,274,75,70,64,70,73,72,72,68,64,66,68,75,74,68,65,58,70,59,59,64,70,68,71,59,59,66,47,65,69,67,70,70
[ 1288.773372] [AOA] Measurement: 0,1629148926.957802,08:55:31:70:ff:0a,2,1,1,0,128,780,968,333,727,423,829,767,469,481,914,295,919,273,832,540,191,947,80,1017,652,2,836,84,766,393,960,442,892,572,586,170,42,74,70,66,71,73,71,74,69,64,64,71,76,73,69,66,61,73,59,62,68,71,72,73,64,64,69,54,68,74,70,72,73
[ 1288.823931] [AOA] Measurement: 0,1629148927.008362,08:55:31:70:ff:0a,2,1,1,0,128,764,960,351,771,438,846,382,743,943,39,891,107,815,15,75,389,950,105,555,793,9,804,94,772,337,957,479,955,135,801,658,467,75,70,66,73,72,70,73,67,66,66,70,76,74,72,67,60,71,61,63,68,72,73,74,65,67,70,57,70,76,73,75,76
[ 1288.866768] [AOA] Measurement: 0,1629148927.051197,08:55:31:70:ff:0a,2,1,1,0,128,791,951,306,752,353,766,890,529,410,907,237,891,292,818,579,187,378,904,1011,649,30,830,63,741,432,976,1008,88,142,787,930,783,59,54,42,59,63,62,58,57,35,58,44,55,53,49,41,34,49,46,41,39,54,51,46,44,31,49,29,43,48,41,46,44
[ 1288.912500] [AOA] Measurement: 0,1629148927.096936,08:55:31:70:ff:0a,2,1,1,0,128,827,984,418,788,985,7,405,775,1015,93,808,38,779,956,95,402,1009,172,571,868,508,996,107,782,377,937,467,933,91,753,971,833,55,50,39,58,61,60,54,55,32,52,38,50,49,48,36,29,44,45,40,34,50,46,40,40,28,47,27,39,44,38,43,41
[ 1288.963137] [AOA] Measurement: 0,1629148927.147571,08:55:31:70:ff:0a,2,1,1,0,128,370,198,348,745,372,786,394,763,14,59,861,111,859,22,154,436,922,115,629,868,570,14,635,956,386,922,599,924,142,769,403,251,74,71,66,71,72,73,74,69,67,67,73,76,75,70,66,60,71,61,63,68,71,73,75,64,67,68,56,70,75,71,75,74
[ 1289.007050] [AOA] Measurement: 0,1629148927.191484,08:55:31:70:ff:0a,2,1,1,0,128,280,130,367,782,439,825,926,577,422,913,876,87,307,847,554,195,434,929,996,618,15,811,87,756,401,989,481,968,125,760,486,141,59,53,42,61,65,63,57,59,35,58,46,58,54,53,42,34,50,48,43,40,56,50,48,47,31,51,29,45,50,46,50,47
[ 1289.048168] [AOA] Measurement: 0,1629148927.232597,08:55:31:70:ff:0a,2,1,1,0,128,804,958,908,943,381,819,866,564,460,925,291,922,242,777,590,172,343,928,1008,628,13,832,90,750,381,915,405,890,583,561,314,188,71,67,68,64,67,67,71,64,69,61,71,73,70,69,68,62,70,61,64,71,67,68,74,63,71,65,65,68,76,75,76,76
[ 1289.094180] [AOA] Measurement: 0,1629148927.278615,08:55:31:70:ff:0a,2,1,1,0,128,825,997,368,753,970,1005,358,723,997,104,866,86,826,1011,93,375,1009,151,574,854,609,4,684,968,933,116,9,113,82,774,832,603,71,69,68,65,68,70,71,64,69,60,71,73,72,69,68,64,72,62,67,72,70,71,75,65,73,69,64,69,77,74,75,74
[ 1289.133243] [AOA] Measurement: 0,1629148927.317678,08:55:31:70:ff:0a,2,1,1,0,128,883,1020,916,988,377,807,862,549,422,859,275,894,290,829,575,146,440,963,596,868,535,1005,95,742,418,939,443,935,141,787,227,994,58,52,42,59,61,61,56,58,35,56,42,54,51,50,40,30,47,45,41,37,53,49,43,42,30,49,28,39,47,42,46,44
[ 1289.178465] [AOA] Measurement: 0,1629148927.362900,08:55:31:70:ff:0a,2,1,1,0,128,376,204,853,923,391,796,947,618,992,99,846,73,822,1016,60,372,926,110,1007,623,2,822,117,823,421,977,990,86,128,775,270,935,70,64,53,69,72,73,68,68,48,65,59,67,65,63,55,46,58,52,50,51,66,61,58,55,46,62,34,54,60,56,61,58
[ 1289.223126] [AOA] Measurement: 0,1629148927.407561,08:55:31:70:ff:0a,2,1,1,0,128,316,124,898,965,964,977,895,579,426,942,287,920,838,2,588,190,962,98,582,868,506,982,124,794,417,960,449,914,182,814,563,311,75,69,68,72,72,73,74,69,67,65,70,75,74,69,67,59,71,61,64,68,72,73,75,64,64,67,55,69,75,72,75,73
[ 1289.265905] [AOA] Measurement: 0,1629148927.450337,08:55:31:70:ff:0a,2,1,1,0,128,748,907,355,760,346,784,806,534,456,923,312,899,280,814,570,169,389,932,1004,640,46,839,655,983,947,151,1018,96,164,776,748,515,69,66,64,67,68,70,71,64,67,61,71,72,71,69,67,62,69,61,63,69,71,71,75,65,69,70,57,69,75,73,74,73
[ 1289.309365] [AOA] Measurement: 0,1629148927.493799,08:55:31:70:ff:0a,2,1,1,0,128,412,189,900,958,1011,21,420,777,8,113,791,30,264,814,555,142,362,943,33,640,1014,798,135,814,951,120,56,108,82,742,549,438,56,53,41,58,62,59,56,58,35,54,41,53,51,51,38,32,46,45,41,38,54,50,45,44,33,50,28,43,47,40,48,44
[ 1289.347723] [AOA] Measurement: 0,1629148927.532157,08:55:31:70:ff:0a,2,1,1,0,128,844,1001,351,751,392,787,880,575,425,940,267,908,262,823,153,400,953,98,625,902,993,797,654,963,386,966,3,91,124,768,339,94,71,67,66,66,67,70,71,66,69,63,74,74,73,71,68,65,71,61,66,71,69,70,76,64,73,69,64,70,76,75,75,76
[ 1289.388347] [AOA] Measurement: 0,1629148927.572781,08:55:31:70:ff:0a,2,1,1,0,128,340,121,911,925,960,1021,827,518,438,893,325,929,806,999,87,378,360,940,551,868,33,826,639,979,918,110,980,77,155,803,725,451,74,70,66,71,72,73,72,69,68,65,72,76,74,71,67,62,74,60,65,69,72,72,75,64,69,69,59,69,76,73,75,75
[ 1289.433152] [AOA] Measurement: 0,1629148927.617585,08:55:31:70:ff:0a,2,1,1,0,128,349,146,905,989,936,998,848,533,443,894,319,941,824,997,92,382,973,96,961,607,33,834,650,975,921,96,964,58,155,787,4,747,76,70,66,74,74,74,73,70,64,67,69,75,75,70,65,59,71,60,62,66,73,71,71,62,61,68,50,67,73,70,73,69
[ 1289.476685] [AOA] Measurement: 0,1629148927.661120,08:55:31:70:ff:0a,2,1,1,0,128,354,160,892,933,963,1001,407,755,994,104,777,29,814,994,65,355,920,81,554,846,602,0,653,962,937,130,942,77,108,759,781,526,73,70,67,68,69,70,73,64,67,64,72,75,73,71,68,62,72,62,63,68,72,70,74,65,67,68,55,67,74,72,73,75
[ 1289.520572] [AOA] Measurement: 0,1629148927.705002,08:55:31:70:ff:0a,2,1,1,0,128,333,132,824,899,425,808,856,582,428,900,280,882,239,818,584,217,357,897,32,660,1008,824,123,805,375,944,1008,82,172,803,977,759,74,70,68,70,71,72,73,67,68,64,72,75,74,70,67,61,73,61,64,67,73,72,77,64,67,70,58,68,75,72,75,74
[ 1289.571516] [AOA] Measurement: 0,1629148927.755946,08:55:31:70:ff:0a,2,1,1,0,128,357,184,898,919,942,969,861,597,473,905,894,100,870,61,83,410,925,136,1002,607,35,816,145,811,444,986,490,921,584,590,406,271,72,70,68,68,68,71,73,66,68,64,72,75,73,70,67,63,71,59,63,67,71,71,77,64,68,68,59,69,76,73,76,75
[ 1289.614178] [AOA] Measurement: 0,1629148927.798609,08:55:31:70:ff:0a,2,1,1,0,128,797,966,340,742,439,844,912,569,408,875,285,887,307,851,598,214,885,87,523,821,541,960,97,772,358,924,421,911,599,581,29,838,72,69,66,67,68,71,70,67,68,63,73,73,71,70,66,61,72,62,64,71,69,71,71,62,67,66,56,69,72,71,76,74
[ 1289.659244] [AOA] Measurement: 0,1629148927.843679,08:55:31:70:ff:0a,2,1,1,0,128,372,147,842,931,941,988,857,534,415,891,332,916,835,998,564,201,928,85,560,867,53,863,643,962,380,964,430,880,516,504,817,697,71,68,66,66,68,70,71,63,68,62,72,74,72,69,67,61,72,62,65,70,70,70,77,62,71,68,61,68,76,75,74,76
[ 1289.703544] [AOA] Measurement: 0,1629148927.887978,08:55:31:70:ff:0a,2,1,1,0,128,767,950,363,765,392,820,856,560,479,961,831,62,281,802,597,201,968,112,607,871,572,1,708,1001,924,116,3,102,130,797,259,76,65,58,47,64,70,68,63,61,43,62,49,62,61,57,46,38,56,51,43,46,61,56,51,49,38,55,31,48,54,50,53,50
[ 1289.747413] [AOA] Measurement: 0,1629148927.931848,08:55:31:70:ff:0a,2,1,1,0,128,825,985,813,893,422,812,427,780,39,128,873,132,839,995,76,372,962,99,526,813,605,23,662,954,949,160,435,929,135,786,771,515,72,65,57,69,72,72,69,68,54,66,62,70,69,65,56,49,64,57,51,56,68,64,62,57,49,63,39,58,61,59,61,60
[ 1289.791053] [AOA] Measurement: 0,1629148927.975488,08:55:31:70:ff:0a,2,1,1,0,128,807,996,348,765,947,1014,389,744,487,963,908,120,829,1013,101,404,918,60,29,662,32,827,651,994,912,134,978,62,571,548,686,536,73,71,67,70,72,71,73,67,69,65,71,76,74,71,66,64,72,62,64,69,69,73,76,63,70,68,62,71,76,73,74,77
[ 1289.829735] [AOA] Measurement: 0,1629148928.014169,08:55:31:70:ff:0a,2,1,1,0,128,821,985,398,775,971,1020,435,811,970,87,799,81,766,996,141,393,445,946,550,818,561,7,643,974,949,135,1012,95,81,758,469,209,60,55,44,64,68,64,59,62,37,60,49,59,57,54,44,38,49,49,44,42,59,54,48,47,35,55,30,46,50,46,51,47
[ 1289.868609] [AOA] Measurement: 0,1629148928.053042,08:55:31:70:ff:0a,2,1,1,0,128,801,966,379,781,367,838,397,752,970,69,814,52,277,826,557,178,396,932,45,686,566,1008,662,974,945,144,966,83,151,799,561,283,60,55,43,60,65,63,58,58,36,56,42,54,52,52,39,32,46,47,38,38,53,48,42,42,27,48,27,40,45,40,44,41
[ 1289.912003] [AOA] Measurement: 0,1629148928.096435,08:55:31:70:ff:0a,2,1,1,0,128,847,3,377,762,909,967,876,569,462,880,341,945,240,801,607,198,964,162,600,866,556,994,683,979,982,122,91,84,122,771,543,342,62,57,48,64,68,67,64,63,42,61,52,61,61,58,48,38,55,49,45,46,62,57,52,50,37,55,31,52,53,48,53,52
[ 1289.961277] [AOA] Measurement: 0,1629148928.145711,08:55:31:70:ff:0a,2,1,1,0,128,823,1004,333,749,402,772,859,541,374,835,315,904,212,777,558,154,367,924,31,680,33,836,683,997,959,131,989,101,61,751,21,846,73,69,62,68,71,70,72,69,64,67,68,75,74,69,65,58,72,61,61,65,73,72,73,63,63,69,51,67,74,70,73,72
[ 1290.002147] [AOA] Measurement: 0,1629148928.186583,08:55:31:70:ff:0a,2,1,1,0,128,336,171,410,771,384,799,863,570,3,32,918,116,841,1018,42,362,369,966,77,695,582,2,663,993,984,109,72,104,103,750,886,702,77,70,63,73,75,75,73,72,61,64,67,74,72,67,64,56,70,60,60,66,72,70,71,62,62,68,51,66,71,69,74,70
[ 1290.045809] [AOA] Measurement: 0,1629148928.230243,08:55:31:70:ff:0a,2,1,1,0,128,408,196,921,997,958,1013,392,771,984,47,860,107,847,1014,106,404,964,114,580,872,571,1004,679,964,968,171,999,122,86,767,780,608,59,53,41,59,63,60,54,58,33,55,42,53,52,51,40,30,47,47,41,38,54,49,43,42,31,49,27,39,46,40,43,40
[ 1290.089765] [AOA] Measurement: 0,1629148928.274198,08:55:31:70:ff:0a,2,1,1,0,128,328,175,854,957,394,791,927,560,432,911,286,904,253,781,528,182,426,949,482,769,1014,826,77,781,987,155,482,916,183,825,770,625,75,70,65,73,73,72,75,69,67,65,71,74,75,70,66,60,70,62,63,70,73,72,76,65,67,68,56,69,78,72,74,74
[ 1290.128809] [AOA] Measurement: 0,1629148928.313243,08:55:31:70:ff:0a,2,1,1,0,128,766,983,311,741,429,817,870,550,348,878,322,925,260,828,550,211,398,950,615,882,566,1012,638,979,934,130,961,77,121,759,554,230,77,71,67,71,72,73,73,69,69,65,72,75,75,71,68,62,72,62,65,72,70,73,77,64,72,68,64,70,76,75,77,74
[ 1290.170673] [AOA] Measurement: 0,1629148928.355105,08:55:31:70:ff:0a,2,1,1,0,128,814,980,371,786,393,796,873,552,410,930,247,885,294,850,538,173,375,938,20,649,43,823,107,772,396,956,460,882,556,553,80,911,74,70,68,68,71,71,74,67,68,64,72,74,74,70,66,63,71,62,63,70,70,70,74,63,69,67,59,71,77,72,76,76
[ 1290.220693] [AOA] Measurement: 0,1629148928.405125,08:55:31:70:ff:0a,2,1,1,0,128,822,999,339,762,386,794,879,551,452,901,304,922,207,789,587,224,394,914,567,857,563,1005,679,1008,379,971,361,820,630,580,953,868,75,70,66,73,74,73,75,70,66,66,70,76,75,71,65,60,71,61,61,66,72,70,73,63,63,69,52,68,73,72,73,71
[ 1290.260048] [AOA] Measurement: 0,1629148928.444483,08:55:31:70:ff:0a,2,1,1,0,128,822,967,356,741,428,817,413,762,960,56,337,925,220,781,561,154,363,908,991,623,44,820,91,778,986,166,987,100,102,771,662,325,63,60,60,57,58,60,62,57,62,52,63,63,62,59,60,57,64,53,58,63,59,62,67,56,65,58,61,60,65,66,66,69
[ 1290.304340] [AOA] Measurement: 0,1629148928.488774,08:55:31:70:ff:0a,2,1,1,0,128,358,167,865,926,429,832,837,544,416,854,310,934,790,988,85,332,330,913,39,656,541,1014,704,986,1012,171,947,34,132,803,208,13,61,56,45,62,66,65,61,61,38,60,49,59,57,53,45,38,52,50,44,41,58,53,49,47,35,53,29,48,50,45,50,48
[ 1290.348631] [AOA] Measurement: 0,1629148928.533066,08:55:31:70:ff:0a,2,1,1,0,128,868,985,401,790,941,1006,369,716,399,898,297,872,266,806,548,184,404,949,31,661,1015,807,153,795,380,952,388,866,592,553,39,1017,68,66,66,65,66,67,70,63,69,61,72,73,72,69,66,62,70,58,63,69,70,71,73,62,70,68,62,69,77,74,74,76
[ 1290.387557] [AOA] Measurement: 0,1629148928.571991,08:55:31:70:ff:0a,2,1,1,0,128,854,1021,914,977,976,1006,897,591,6,108,896,155,805,1000,519,161,466,934,1020,643,26,819,99,777,434,988,449,923,142,794,355,78,73,70,67,69,70,71,71,66,68,63,72,74,73,71,66,63,72,62,64,73,72,73,76,62,69,69,60,68,76,73,75,76
[ 1290.431483] [AOA] Measurement: 0,1629148928.615914,08:55:31:70:ff:0a,2,1,1,0,128,792,960,342,767,468,841,466,789,24,96,873,129,809,1006,47,338,436,1007,73,684,989,790,147,777,328,924,540,927,127,803,874,566,57,53,43,60,64,61,56,60,36,57,42,55,54,51,41,34,49,48,43,41,54,51,47,46,33,52,29,47,51,47,51,49
[ 1290.470699] [AOA] Measurement: 0,1629148928.655133,08:55:31:70:ff:0a,2,1,1,0,128,334,161,942,998,956,998,439,770,12,116,866,91,842,6,123,398,934,100,603,882,586,3,696,1004,943,163,1009,124,145,832,189,796,58,52,39,58,63,59,56,55,33,55,43,52,53,50,37,31,45,45,41,36,53,49,44,44,29,48,28,41,46,37,43,41
[ 1290.514882] [AOA] Measurement: 0,1629148928.699316,08:55:31:70:ff:0a,2,1,1,0,128,328,111,368,759,961,987,839,540,403,872,341,926,286,815,106,436,969,115,650,921,585,12,632,992,916,117,997,68,116,777,2,796,72,66,66,67,68,69,72,66,67,63,74,75,73,70,68,62,71,61,65,70,70,71,76,64,70,69,62,69,75,75,76,78
