
[ 9178.481576] [AOA] Measurement: 0,1627136795.858444,08:55:31:9b:05:29,2,1,2,0,128,387,224,241,442,936,1008,629,231,842,725,214,432,658,739,924,738,164,666,411,668,779,268,990,466,677,248,538,891,697,133,291,576,68,44,54,36,81,83,89,84,84,62,28,108,56,49,102,33,22,84,101,38,58,39,62,23,13,56,34,93,47,44,56,43
[ 9178.533718] [AOA] Measurement: 0,1627136795.910589,08:55:31:9b:05:29,2,1,2,0,128,896,1005,726,252,361,789,141,68,862,749,768,698,112,882,466,911,766,912,360,645,727,179,436,222,48,9,1020,660,783,165,24,375,69,41,55,36,84,84,89,85,90,62,29,111,55,51,106,31,21,81,99,37,57,38,61,21,14,55,32,90,43,39,54,41
[ 9178.575569] [AOA] Measurement: 0,1627136795.952435,08:55:31:9b:05:29,2,1,2,0,128,345,138,216,458,837,916,145,64,909,798,775,676,157,887,498,925,142,653,449,671,656,180,15,465,639,225,605,899,243,345,935,124,60,36,48,32,76,78,85,79,81,54,25,110,48,45,104,26,18,78,97,33,50,34,53,20,11,47,27,85,35,32,47,35
[ 9178.621600] [AOA] Measurement: 0,1627136795.998471,08:55:31:9b:05:29,2,1,2,0,128,363,149,666,214,924,993,687,271,326,915,689,609,667,724,961,724,140,647,416,656,720,214,1005,477,596,237,1019,695,238,299,422,730,62,39,50,31,75,80,87,79,82,55,26,112,51,45,104,30,18,78,99,35,51,34,57,20,12,49,27,87,41,38,49,37
[ 9178.672998] [AOA] Measurement: 0,1627136796.049863,08:55:31:9b:05:29,2,1,2,0,128,854,986,720,248,953,994,671,253,833,709,256,488,618,711,969,746,175,677,14,892,263,403,978,450,682,265,639,968,235,349,640,901,63,38,49,31,77,79,86,80,82,57,27,112,50,44,106,29,18,81,102,34,51,34,56,18,13,48,30,90,40,37,50,37
[ 9178.727394] [AOA] Measurement: 0,1627136796.104263,08:55:31:9b:05:29,2,1,2,0,128,388,183,144,358,924,959,105,38,898,750,185,420,673,734,506,934,773,905,25,947,295,454,1020,486,671,273,523,890,259,332,514,857,63,38,51,32,78,80,87,81,84,56,25,112,49,45,102,28,18,81,97,33,51,36,56,19,11,48,29,89,38,35,50,36
[ 9178.772160] [AOA] Measurement: 0,1627136796.149025,08:55:31:9b:05:29,2,1,2,0,128,361,149,234,434,943,989,680,259,316,878,797,685,205,940,494,959,684,794,979,886,256,381,970,438,673,247,573,892,235,368,656,10,63,39,48,33,74,78,85,79,79,55,25,111,49,44,103,31,19,81,100,34,51,34,55,20,12,50,29,89,42,39,50,38
[ 9178.821891] [AOA] Measurement: 0,1627136796.198761,08:55:31:9b:05:29,2,1,2,0,128,371,168,172,414,374,802,155,74,815,712,197,444,559,679,967,771,181,658,490,690,270,376,969,451,85,53,630,930,317,382,311,450,61,34,50,31,77,77,83,77,83,55,25,108,49,45,102,24,17,78,89,31,48,33,50,18,9,44,27,78,31,28,42,31
[ 9178.861426] [AOA] Measurement: 0,1627136796.238290,08:55:31:9b:05:29,2,1,2,0,128,366,151,166,425,990,21,731,306,316,898,741,699,230,941,464,918,742,867,971,867,207,360,972,435,637,220,593,927,256,365,967,74,63,37,50,33,77,79,84,80,83,57,26,111,50,44,104,28,17,79,98,32,49,34,55,20,11,48,29,87,36,34,48,33
[ 9178.909417] [AOA] Measurement: 0,1627136796.286286,08:55:31:9b:05:29,2,1,2,0,128,417,213,311,486,936,989,717,301,396,934,803,688,218,961,536,971,708,854,978,863,209,369,968,441,69,47,544,885,233,297,510,721,61,39,50,33,75,80,87,79,81,55,26,112,50,45,104,29,17,81,99,33,51,34,55,19,12,49,29,86,38,35,48,35
[ 9178.949136] [AOA] Measurement: 0,1627136796.326004,08:55:31:9b:05:29,2,1,2,0,128,338,124,708,229,354,770,140,75,877,759,769,698,174,916,426,902,725,878,1019,862,228,389,1020,452,619,267,618,908,245,382,998,164,61,37,49,32,76,79,84,79,80,55,24,109,50,44,102,28,17,80,96,32,50,32,54,19,11,47,29,86,36,34,48,35
[ 9178.988409] [AOA] Measurement: 0,1627136796.365279,08:55:31:9b:05:29,2,1,2,0,128,369,193,231,455,917,1005,687,272,418,961,830,774,213,922,456,904,722,865,1010,903,185,338,969,447,654,244,559,919,222,320,141,299,60,36,48,31,77,80,83,76,84,53,26,105,48,45,101,24,19,77,89,31,49,32,51,19,9,44,28,80,31,28,43,30
[ 9179.034884] [AOA] Measurement: 0,1627136796.411753,08:55:31:9b:05:29,2,1,2,0,128,396,205,267,423,957,12,678,316,390,958,776,698,160,914,440,912,106,606,416,649,700,150,457,276,705,277,596,892,712,148,79,324,60,35,49,31,77,78,85,76,82,55,25,111,49,45,100,26,18,77,93,33,50,35,54,18,10,46,27,84,32,31,45,33
[ 9179.085682] [AOA] Measurement: 0,1627136796.462548,08:55:31:9b:05:29,2,1,2,0,128,334,177,190,391,936,1000,84,29,893,779,704,651,196,921,447,910,775,882,1007,909,214,377,939,416,653,234,626,881,720,143,823,33,63,39,49,32,73,77,87,80,78,55,26,112,50,43,101,30,17,80,99,35,53,35,55,20,13,50,30,89,42,39,51,39
[ 9179.130618] [AOA] Measurement: 0,1627136796.507484,08:55:31:9b:05:29,2,1,2,0,128,731,940,720,275,385,776,225,139,280,899,189,419,618,689,969,711,165,677,444,684,693,112,391,203,101,1022,5,675,691,148,336,768,63,38,49,32,76,80,86,81,84,55,26,111,49,46,103,28,19,80,98,33,52,33,55,19,12,48,29,88,39,36,50,36
[ 9179.173240] [AOA] Measurement: 0,1627136796.550110,08:55:31:9b:05:29,2,1,2,0,128,320,124,663,238,422,799,699,251,400,929,738,635,606,686,928,743,155,646,475,713,277,386,16,501,661,246,586,923,282,367,805,994,59,34,48,31,73,76,83,79,78,54,25,109,49,44,98,24,17,74,91,31,48,33,50,18,9,43,26,76,29,26,39,29
[ 9179.217311] [AOA] Measurement: 0,1627136796.594183,08:55:31:9b:05:29,2,1,2,0,128,350,158,196,431,944,984,729,301,407,980,736,651,168,888,455,926,123,646,966,857,695,195,448,252,664,235,640,930,256,342,99,303,62,36,49,30,74,79,83,79,83,55,24,112,49,44,103,26,18,79,97,32,50,33,52,19,11,47,28,83,34,32,46,34
[ 9179.263414] [AOA] Measurement: 0,1627136796.640282,08:55:31:9b:05:29,2,1,2,0,128,846,972,686,235,378,780,89,35,838,691,250,530,182,911,935,721,727,866,5,877,730,175,12,502,632,238,22,710,707,139,846,212,60,35,48,31,76,79,86,78,84,55,26,108,48,43,99,25,18,77,92,32,48,33,49,17,9,44,27,79,33,29,46,32
[ 9179.317725] [AOA] Measurement: 0,1627136796.694596,08:55:31:9b:05:29,2,1,2,0,128,362,179,198,434,952,998,704,259,352,895,141,412,681,704,988,789,787,925,927,857,226,368,1011,489,613,207,575,895,671,120,890,86,60,34,50,31,76,80,85,76,84,55,25,108,49,44,98,24,18,75,91,31,47,32,52,17,10,46,29,83,32,29,43,31
[ 9179.362351] [AOA] Measurement: 0,1627136796.739222,08:55:31:9b:05:29,2,1,2,0,128,405,215,202,444,878,948,72,16,892,724,163,465,697,715,542,954,696,856,941,851,730,184,448,277,71,44,572,908,266,366,307,524,66,41,53,34,82,83,88,83,86,61,29,106,56,51,104,31,21,84,97,37,55,40,59,21,12,53,32,89,40,37,54,38
[ 9179.412736] [AOA] Measurement: 0,1627136796.789605,08:55:31:9b:05:29,2,1,2,0,128,837,1005,622,174,328,768,109,31,760,701,201,402,645,681,892,646,194,689,472,684,256,383,992,482,628,228,49,731,696,138,162,491,61,36,48,31,76,80,83,76,83,54,24,109,50,45,103,27,18,79,95,33,49,33,53,18,10,47,28,84,33,31,45,31
[ 9179.467161] [AOA] Measurement: 0,1627136796.844034,08:55:31:9b:05:29,2,1,2,0,128,367,151,622,241,392,828,109,26,401,930,199,506,166,926,937,758,718,878,982,881,227,385,1011,502,660,249,594,899,287,366,409,497,63,39,49,32,76,78,86,80,83,56,26,111,50,43,104,29,19,80,98,33,51,34,55,20,13,49,28,88,39,37,49,36
[ 9179.511788] [AOA] Measurement: 0,1627136796.888657,08:55:31:9b:05:29,2,1,2,0,128,335,85,631,157,379,795,127,62,866,757,798,690,209,923,429,826,132,609,450,671,679,153,423,224,132,44,130,792,242,344,919,245,64,38,49,32,75,79,86,78,77,56,25,111,48,42,103,29,19,76,97,34,50,33,56,19,12,49,28,90,39,38,50,37
[ 9179.564495] [AOA] Measurement: 0,1627136796.941363,08:55:31:9b:05:29,2,1,2,0,128,842,1000,690,220,323,761,147,64,820,719,268,502,213,965,498,914,676,854,976,851,274,398,1022,465,581,183,37,705,699,144,449,758,60,33,46,30,72,77,80,77,83,55,24,108,50,44,99,25,16,76,88,30,49,31,52,18,7,44,27,77,28,27,41,29
[ 9179.607762] [AOA] Measurement: 0,1627136796.984631,08:55:31:9b:05:29,2,1,2,0,128,361,134,251,430,886,977,147,75,366,894,163,446,608,644,976,758,212,685,983,866,250,401,967,431,621,192,550,900,734,167,57,406,63,38,49,32,76,80,87,80,83,56,24,111,49,43,103,27,19,77,96,34,52,33,55,20,12,49,28,88,37,36,49,37
[ 9179.651151] [AOA] Measurement: 0,1627136797.028017,08:55:31:9b:05:29,2,1,2,0,128,838,971,689,211,418,814,122,65,910,767,821,705,138,851,901,663,122,650,405,654,716,181,420,215,98,25,62,733,717,147,140,560,61,36,50,32,76,79,86,79,82,56,25,111,49,44,103,27,20,82,99,31,51,35,55,18,12,48,29,86,36,35,46,36
[ 9179.696548] [AOA] Measurement: 0,1627136797.073419,08:55:31:9b:05:29,2,1,2,0,128,879,998,702,235,975,1020,666,259,400,938,759,668,209,946,870,696,185,692,464,706,756,195,983,445,573,208,600,909,216,321,195,442,62,38,50,33,76,78,86,79,81,55,27,111,50,44,104,29,18,81,99,33,52,34,55,19,12,49,30,88,39,36,50,36
[ 9179.741264] [AOA] Measurement: 0,1627136797.118130,08:55:31:9b:05:29,2,1,2,0,128,318,147,195,450,900,991,670,243,390,985,783,722,197,942,477,946,713,838,973,878,255,424,966,443,641,292,625,944,247,355,234,367,62,37,49,32,79,79,85,78,84,57,25,112,51,45,104,28,19,79,97,32,51,34,52,18,11,46,28,85,36,33,46,34
[ 9179.784736] [AOA] Measurement: 0,1627136797.161608,08:55:31:9b:05:29,2,1,2,0,128,450,201,250,466,972,1020,697,265,389,933,729,655,142,870,22,797,722,852,1012,904,256,406,962,437,642,216,13,656,784,181,20,446,60,33,48,30,73,76,81,75,84,54,24,106,49,44,96,23,18,73,86,29,48,33,48,17,9,44,27,77,30,26,40,28
[ 9179.829924] [AOA] Measurement: 0,1627136797.206792,08:55:31:9b:05:29,2,1,2,0,128,382,151,299,503,925,986,706,297,450,2,823,732,199,923,519,944,663,810,397,645,754,232,446,224,79,41,542,896,247,320,276,460,59,34,47,29,76,79,83,76,82,54,25,104,48,41,97,25,19,76,91,31,49,31,49,17,10,44,26,77,29,27,41,31
[ 9179.881417] [AOA] Measurement: 0,1627136797.258284,08:55:31:9b:05:29,2,1,2,0,128,440,194,234,429,1011,23,628,221,358,924,674,645,173,901,475,934,776,911,954,844,241,353,396,268,50,33,54,760,185,294,342,622,62,37,49,33,77,79,86,80,82,55,26,112,50,44,104,29,19,80,99,33,50,35,54,18,11,49,29,88,40,38,50,37
[ 9179.926382] [AOA] Measurement: 0,1627136797.303253,08:55:31:9b:05:29,2,1,2,0,128,361,189,201,466,983,11,693,286,354,949,791,700,147,879,471,961,691,861,58,929,286,462,22,521,568,183,561,875,187,306,173,321,68,43,55,37,82,85,90,84,86,63,29,112,55,52,105,32,21,84,101,39,57,39,59,21,13,53,34,90,42,40,53,41
[ 9179.973947] [AOA] Measurement: 0,1627136797.350816,08:55:31:9b:05:29,2,1,2,0,128,376,182,158,392,910,979,129,57,367,914,166,408,704,769,486,935,708,861,998,884,207,398,973,466,584,168,30,722,238,351,577,708,62,36,50,31,76,80,85,80,84,56,25,112,49,46,103,26,18,81,93,32,50,34,53,18,11,47,28,85,35,32,45,33
[ 9180.025469] [AOA] Measurement: 0,1627136797.402336,08:55:31:9b:05:29,2,1,2,0,128,377,189,154,345,374,804,113,47,815,731,773,649,617,689,994,737,153,658,437,688,705,191,468,290,62,52,639,958,254,384,833,80,63,38,49,32,74,79,84,79,78,54,25,109,48,43,103,30,18,79,100,33,52,34,55,20,13,49,28,89,39,35,50,37
[ 9180.071594] [AOA] Measurement: 0,1627136797.448466,08:55:31:9b:05:29,2,1,2,0,128,437,231,275,489,983,23,704,264,411,939,796,714,224,972,532,997,759,895,964,863,264,427,959,470,552,196,603,912,247,344,1005,136,60,34,48,31,76,77,85,76,81,55,24,111,49,44,102,28,19,76,98,33,50,33,55,17,11,47,28,86,37,34,47,34
[ 9180.121334] [AOA] Measurement: 0,1627136797.498205,08:55:31:9b:05:29,2,1,2,0,128,782,912,666,190,421,808,111,0,826,714,255,479,642,736,998,680,178,649,389,625,676,141,476,248,107,9,48,716,724,161,483,896,59,34,49,30,77,77,85,79,84,54,25,110,49,45,102,26,18,77,94,32,50,34,52,17,10,45,28,83,34,31,45,32
[ 9180.160104] [AOA] Measurement: 0,1627136797.536969,08:55:31:9b:05:29,2,1,2,0,128,800,965,660,176,391,803,129,51,784,657,213,449,634,697,909,668,253,720,971,836,251,374,414,253,72,4,14,654,702,147,754,233,59,35,49,29,75,79,80,77,82,55,24,108,49,43,101,25,16,76,89,32,48,33,51,17,10,46,27,80,30,29,42,31
[ 9180.203869] [AOA] Measurement: 0,1627136797.580736,08:55:31:9b:05:29,2,1,2,0,128,882,1016,640,213,410,807,112,48,869,741,216,466,602,670,939,714,173,678,445,698,756,180,1015,473,635,253,550,878,278,333,288,549,62,37,49,33,77,81,87,80,83,57,26,111,51,45,104,28,18,80,95,33,51,34,54,19,12,48,30,87,38,37,49,35
[ 9180.254614] [AOA] Measurement: 0,1627136797.631479,08:55:31:9b:05:29,2,1,2,0,128,836,971,715,282,933,999,733,280,381,940,790,693,127,870,910,703,107,623,387,632,775,225,447,292,704,280,571,919,251,353,770,918,60,34,47,31,77,78,83,77,85,55,24,108,50,44,102,25,17,77,92,31,45,31,51,17,9,44,26,78,31,28,42,29
[ 9180.299398] [AOA] Measurement: 0,1627136797.676268,08:55:31:9b:05:29,2,1,2,0,128,818,967,731,268,357,780,130,38,881,760,777,690,242,970,426,883,724,850,385,694,740,162,456,255,686,261,589,917,242,382,380,621,61,37,49,30,78,78,85,78,83,55,26,110,50,45,102,26,20,80,93,31,50,34,51,19,10,46,28,83,34,30,46,31
[ 9180.343885] [AOA] Measurement: 0,1627136797.720756,08:55:31:9b:05:29,2,1,2,0,128,377,155,219,466,981,8,715,268,379,929,748,670,192,933,407,907,694,821,449,675,713,209,999,493,597,239,545,851,276,343,410,735,62,36,50,32,78,79,87,78,83,55,25,110,51,44,102,26,18,79,94,31,51,34,55,18,10,47,28,83,36,31,45,34
[ 9180.387941] [AOA] Measurement: 0,1627136797.764811,08:55:31:9b:05:29,2,1,2,0,128,348,140,688,231,404,808,151,109,849,756,754,667,656,745,497,940,797,911,1001,892,317,451,986,461,633,228,562,883,227,351,514,819,61,36,48,29,75,78,85,78,84,53,25,107,49,45,103,28,18,78,92,32,49,33,52,19,11,47,27,85,34,33,45,33
[ 9180.431542] [AOA] Measurement: 0,1627136797.808412,08:55:31:9b:05:29,2,1,2,0,128,833,971,606,140,366,789,107,52,823,723,154,433,692,742,497,963,699,840,971,865,196,324,456,279,638,243,593,913,184,323,332,662,59,37,47,31,72,75,85,80,74,54,25,107,48,41,99,30,19,77,98,33,51,33,53,18,12,48,28,88,41,38,50,38
[ 9180.470788] [AOA] Measurement: 0,1627136797.847657,08:55:31:9b:05:29,2,1,2,0,128,368,142,736,266,947,987,122,18,382,947,796,717,147,899,484,978,771,910,981,846,749,238,987,450,56,23,13,740,699,130,845,172,61,35,49,31,75,77,86,79,81,55,25,112,50,45,102,25,18,77,95,31,50,33,53,18,10,46,29,83,35,32,46,33
[ 9180.513839] [AOA] Measurement: 0,1627136797.890705,08:55:31:9b:05:29,2,1,2,0,128,373,187,202,400,431,823,134,82,383,931,833,666,203,914,404,855,122,623,420,677,740,179,13,498,638,244,569,920,259,353,993,204,62,37,50,32,74,80,85,81,81,56,24,110,49,43,102,29,19,79,97,34,50,34,54,17,12,48,29,87,38,37,49,36
[ 9180.564914] [AOA] Measurement: 0,1627136797.941780,08:55:31:9b:05:29,2,1,2,0,128,787,960,660,234,392,786,150,62,853,748,181,463,666,709,986,761,197,724,450,703,745,201,446,258,107,50,18,704,701,149,182,556,61,38,48,31,77,80,84,79,80,54,25,109,51,44,103,28,18,79,97,34,52,34,54,19,11,48,29,86,35,33,48,34
[ 9180.615512] [AOA] Measurement: 0,1627136797.992378,08:55:31:9b:05:29,2,1,2,0,128,336,160,179,411,912,996,669,212,826,730,792,690,173,903,475,895,210,709,952,860,755,231,414,235,127,60,42,737,763,165,827,44,62,35,47,31,72,77,81,76,84,54,24,107,48,44,100,25,20,79,94,32,50,34,53,18,9,46,27,83,33,30,44,31
[ 9180.659444] [AOA] Measurement: 0,1627136798.036310,08:55:31:9b:05:29,2,1,2,0,128,866,1019,702,244,414,801,142,88,817,722,293,539,657,738,934,682,715,887,426,683,769,216,421,236,102,59,562,894,252,359,188,491,62,34,49,31,76,78,86,77,83,55,26,110,49,44,102,26,17,78,94,33,51,34,52,17,10,46,26,84,35,32,47,34
[ 9180.702624] [AOA] Measurement: 0,1627136798.079497,08:55:31:9b:05:29,2,1,2,0,128,360,179,307,494,962,1018,751,321,436,959,774,686,221,944,477,964,137,609,453,677,733,214,48,524,599,207,534,896,239,303,83,407,60,35,49,29,75,79,83,77,83,55,26,111,50,45,104,26,20,80,95,33,49,33,54,17,10,46,28,81,33,31,45,32
[ 9180.746705] [AOA] Measurement: 0,1627136798.123578,08:55:31:9b:05:29,2,1,2,0,128,407,209,202,405,346,806,180,65,839,702,188,453,610,681,916,676,207,683,1002,892,234,369,1007,454,132,61,627,940,242,381,640,845,64,41,52,35,77,81,90,83,82,62,29,110,54,48,101,33,21,82,100,38,56,38,61,22,14,53,32,91,44,42,56,43
[ 9180.792976] [AOA] Measurement: 0,1627136798.169848,08:55:31:9b:05:29,2,1,2,0,128,792,950,687,253,412,830,702,284,322,910,768,659,610,696,473,938,667,846,992,894,174,380,960,479,591,208,559,925,195,329,324,476,59,34,46,29,76,76,83,76,83,52,24,107,50,42,99,25,18,76,93,32,49,33,53,17,10,46,27,81,33,31,43,32
[ 9180.851246] [AOA] Measurement: 0,1627136798.228113,08:55:31:9b:05:29,2,1,2,0,128,347,156,205,445,974,4,655,211,384,971,805,721,199,907,544,1008,667,820,988,881,260,423,955,418,641,266,523,890,307,390,210,359,62,38,50,31,75,79,86,78,81,56,25,112,50,44,99,29,18,79,98,32,51,34,54,19,11,48,28,83,37,34,47,35
[ 9180.894791] [AOA] Measurement: 0,1627136798.271664,08:55:31:9b:05:29,2,1,2,0,128,305,118,712,217,387,768,113,57,933,789,787,645,221,923,475,945,768,880,36,909,271,402,984,465,681,252,589,935,263,372,567,878,62,36,50,31,77,79,86,79,81,56,24,108,49,44,104,29,18,80,98,33,50,34,53,20,12,49,30,88,38,35,50,36
[ 9180.938882] [AOA] Measurement: 0,1627136798.315753,08:55:31:9b:05:29,2,1,2,0,128,351,177,208,505,899,973,640,237,884,750,194,469,654,699,907,720,157,683,424,662,219,364,950,452,647,225,600,906,235,343,716,966,61,38,49,32,75,78,85,80,80,54,24,110,48,43,103,30,18,79,101,34,52,34,55,18,13,48,27,88,41,39,51,37
[ 9180.978545] [AOA] Measurement: 0,1627136798.355412,08:55:31:9b:05:29,2,1,2,0,128,355,156,214,395,892,982,85,54,431,952,755,670,220,956,446,911,711,853,975,889,235,417,907,385,111,65,532,877,225,310,320,560,59,37,47,32,70,74,81,77,74,54,24,109,49,40,98,30,17,76,98,33,50,32,53,19,12,48,27,88,40,39,50,36
[ 9181.026405] [AOA] Measurement: 0,1627136798.403276,08:55:31:9b:05:29,2,1,2,0,128,362,156,227,423,919,978,690,257,331,904,773,666,674,685,957,717,172,669,428,678,767,214,937,378,100,1013,986,672,774,144,859,242,62,38,50,32,77,80,87,82,84,56,25,112,49,43,102,29,19,81,99,33,52,35,55,18,12,48,29,88,39,37,50,37
[ 9181.074528] [AOA] Measurement: 0,1627136798.451393,08:55:31:9b:05:29,2,1,2,0,128,925,18,747,235,362,785,149,80,841,692,143,408,616,684,947,693,164,672,456,698,687,148,407,227,134,17,24,701,740,148,741,36,62,38,48,31,74,77,87,80,78,55,26,110,50,42,102,29,18,79,100,35,51,34,54,20,13,47,28,88,41,38,50,37
[ 9181.117464] [AOA] Measurement: 0,1627136798.494330,08:55:31:9b:05:29,2,1,2,0,128,862,988,243,466,939,996,673,275,339,915,190,520,682,729,410,860,210,683,368,639,708,171,377,237,121,34,33,716,299,367,681,972,68,42,55,35,79,82,89,84,85,59,29,108,55,50,103,34,21,84,99,37,56,39,62,23,14,54,33,90,45,42,57,42
[ 9181.156324] [AOA] Measurement: 0,1627136798.533194,08:55:31:9b:05:29,2,1,2,0,128,339,169,155,383,392,813,698,277,407,950,824,703,178,902,487,945,756,892,406,681,751,206,964,448,655,262,537,897,691,142,562,753,61,36,48,32,75,78,85,81,81,55,26,110,50,45,102,29,19,81,98,32,51,34,56,19,12,49,28,90,39,37,49,37
[ 9181.198555] [AOA] Measurement: 0,1627136798.575422,08:55:31:9b:05:29,2,1,2,0,128,824,995,272,470,921,992,618,220,816,742,157,415,641,740,981,743,762,853,1013,908,251,404,969,469,615,233,545,891,236,347,828,106,60,38,47,31,69,73,83,79,71,51,23,103,46,39,97,30,16,74,96,32,49,32,53,18,15,47,27,86,43,40,49,39
[ 9181.243480] [AOA] Measurement: 0,1627136798.620349,08:55:31:9b:05:29,2,1,2,0,128,769,956,310,482,988,25,725,328,363,893,772,670,242,922,492,955,827,926,22,960,255,431,40,507,669,256,583,933,326,417,134,277,62,37,50,31,77,81,86,80,82,55,26,110,49,45,104,29,18,80,99,33,52,35,57,18,12,50,28,90,40,38,50,37
[ 9181.286197] [AOA] Measurement: 0,1627136798.663062,08:55:31:9b:05:29,2,1,2,0,128,345,141,701,231,380,755,117,38,809,708,314,519,198,918,520,948,686,839,27,930,305,415,965,442,681,253,536,880,280,377,287,617,63,37,49,31,75,79,86,78,83,56,25,111,49,45,102,27,18,77,98,33,51,35,54,19,12,48,29,86,36,34,48,35
[ 9181.330489] [AOA] Measurement: 0,1627136798.707354,08:55:31:9b:05:29,2,1,2,0,128,397,189,237,453,893,978,109,30,855,721,205,437,681,725,961,766,735,853,435,668,289,426,979,425,649,236,980,661,735,180,702,78,60,35,49,30,77,79,86,79,84,56,25,111,50,46,103,27,19,78,96,33,51,34,54,19,10,47,28,86,36,34,46,34
[ 9181.381153] [AOA] Measurement: 0,1627136798.758018,08:55:31:9b:05:29,2,1,2,0,128,365,179,153,378,953,1001,633,224,395,951,717,656,183,929,501,950,708,883,19,974,284,403,987,417,658,273,574,926,291,381,292,405,62,37,48,32,77,79,85,80,80,56,26,112,50,46,103,29,18,78,96,32,52,34,54,18,12,48,28,86,38,37,48,36
[ 9181.429018] [AOA] Measurement: 0,1627136798.805887,08:55:31:9b:05:29,2,1,2,0,128,388,189,187,430,956,995,727,287,352,945,739,681,136,890,446,911,194,682,382,656,689,170,496,281,638,241,526,824,220,351,947,168,67,40,54,36,82,82,88,83,87,60,29,108,55,50,103,29,20,81,94,34,54,37,57,21,12,53,33,88,40,38,52,39
[ 9181.473769] [AOA] Measurement: 0,1627136798.850639,08:55:31:9b:05:29,2,1,2,0,128,339,121,691,256,367,793,164,75,808,705,868,740,187,911,523,943,803,940,987,904,270,377,983,472,640,202,540,893,767,166,493,787,63,38,49,32,76,80,86,80,81,56,25,113,50,43,103,30,18,79,98,32,51,34,54,18,12,48,28,88,41,38,49,38
[ 9181.515857] [AOA] Measurement: 0,1627136798.892721,08:55:31:9b:05:29,2,1,2,0,128,353,187,170,452,884,1003,626,238,324,894,135,395,634,697,936,730,181,678,920,873,226,378,986,446,629,250,543,874,221,345,795,62,67,41,53,34,78,81,87,81,86,59,29,108,54,49,103,31,21,82,96,36,53,37,56,20,12,51,32,88,38,35,50,37
[ 9181.559633] [AOA] Measurement: 0,1627136798.936498,08:55:31:9b:05:29,2,1,2,0,128,369,194,214,444,364,787,70,2,859,761,230,502,166,909,469,912,713,870,392,661,729,163,459,270,638,213,579,924,724,192,803,142,62,37,48,31,74,80,87,82,80,55,25,109,51,43,100,29,19,77,98,33,50,33,53,18,12,48,29,86,38,35,47,37
[ 9181.598747] [AOA] Measurement: 0,1627136798.975616,08:55:31:9b:05:29,2,1,2,0,128,826,991,305,491,877,948,202,119,408,959,233,499,188,905,494,930,764,931,904,827,281,388,981,441,89,52,29,678,723,197,566,882,63,39,49,31,74,78,86,79,78,53,25,109,49,42,102,30,18,78,97,34,50,34,54,18,12,50,29,90,41,38,50,37
[ 9181.643352] [AOA] Measurement: 0,1627136799.020221,08:55:31:9b:05:29,2,1,2,0,128,315,165,264,473,963,20,690,280,324,887,744,650,585,661,987,764,727,873,22,962,190,360,971,422,594,206,1007,724,261,344,746,993,61,35,48,30,73,77,85,79,80,54,25,106,49,43,104,27,19,78,96,33,50,34,54,19,12,49,29,86,36,33,48,34
[ 9181.686591] [AOA] Measurement: 0,1627136799.063456,08:55:31:9b:05:29,2,1,2,0,128,330,160,196,391,972,1022,19,1017,861,738,753,664,635,658,1010,785,164,632,445,685,278,426,980,455,636,231,484,847,690,137,235,600,62,39,48,32,74,76,85,81,76,55,25,110,49,41,100,31,17,77,96,34,51,32,55,18,14,49,28,89,41,40,51,39
[ 9181.731100] [AOA] Measurement: 0,1627136799.107972,08:55:31:9b:05:29,2,1,2,0,128,461,259,290,514,988,1022,705,260,406,975,674,600,199,912,458,933,745,900,999,875,289,415,1,541,661,251,625,991,308,375,368,299,67,39,53,34,81,83,86,83,88,61,28,109,55,49,102,29,21,82,98,36,55,38,59,21,12,51,32,87,38,37,50,37
[ 9181.770027] [AOA] Measurement: 0,1627136799.146897,08:55:31:9b:05:29,2,1,2,0,128,401,179,211,405,937,1019,655,241,406,951,765,651,133,901,961,741,718,853,1006,898,273,414,997,472,637,238,627,929,244,315,889,97,62,36,49,31,77,77,83,78,83,54,25,110,49,45,101,25,19,75,92,32,49,33,51,18,10,46,27,80,33,29,43,30
[ 9181.816372] [AOA] Measurement: 0,1627136799.193241,08:55:31:9b:05:29,2,1,2,0,128,780,939,698,237,960,1008,751,317,407,963,771,693,191,931,478,929,657,856,386,634,641,130,441,280,58,2,55,746,246,366,435,726,59,36,49,31,75,78,87,78,85,55,24,112,49,45,102,27,19,78,95,31,50,34,53,18,10,47,28,83,34,32,48,34
[ 9181.866468] [AOA] Measurement: 0,1627136799.243333,08:55:31:9b:05:29,2,1,2,0,128,370,176,254,449,1003,11,661,200,817,673,249,488,162,868,502,939,678,844,948,889,310,442,1002,495,651,274,470,861,713,126,777,81,62,39,49,32,76,79,86,80,82,55,24,111,50,44,104,28,18,79,97,33,52,34,55,19,13,50,29,90,40,36,50,36
[ 9181.918789] [AOA] Measurement: 0,1627136799.295655,08:55:31:9b:05:29,2,1,2,0,128,811,967,244,451,952,4,730,277,367,981,745,666,155,920,544,975,704,875,951,881,218,332,405,252,71,26,41,730,712,131,574,826,66,40,54,35,82,82,86,82,85,60,28,108,54,48,101,29,22,82,97,36,55,38,58,21,11,53,33,87,40,36,52,37
[ 9181.963086] [AOA] Measurement: 0,1627136799.339952,08:55:31:9b:05:29,2,1,2,0,128,847,1005,729,233,933,960,741,299,362,955,709,630,556,656,851,638,77,533,413,628,713,142,418,218,66,1014,13,712,712,111,276,670,67,42,52,35,76,79,89,84,85,61,29,108,53,47,101,31,21,81,98,36,58,38,60,22,14,53,32,89,44,41,54,40
[ 9182.013691] [AOA] Measurement: 0,1627136799.390557,08:55:31:9b:05:29,2,1,2,0,128,407,205,271,408,921,997,753,299,372,926,736,659,208,893,968,700,207,715,470,707,718,176,1004,453,656,221,626,906,274,370,436,713,62,39,50,32,77,80,85,80,80,57,26,111,50,42,103,29,18,78,99,34,52,34,56,18,13,49,28,88,42,39,50,38
[ 9182.064137] [AOA] Measurement: 0,1627136799.441003,08:55:31:9b:05:29,2,1,2,0,128,398,181,637,176,955,1003,710,279,397,944,817,732,232,945,472,906,720,873,1005,899,699,166,438,248,92,41,43,709,298,386,37,282,63,36,49,31,76,78,85,80,81,57,25,111,50,42,100,29,18,78,97,33,50,35,55,19,12,48,28,88,39,37,49,37
[ 9182.109418] [AOA] Measurement: 0,1627136799.486288,08:55:31:9b:05:29,2,1,2,0,128,376,188,148,448,1,23,658,257,370,915,733,647,206,896,482,942,706,871,974,890,756,224,1021,500,617,219,628,962,265,378,700,780,61,36,47,31,75,76,84,80,77,56,26,110,48,42,99,29,18,76,96,34,50,34,54,19,12,48,29,88,41,38,49,37
[ 9182.153539] [AOA] Measurement: 0,1627136799.530409,08:55:31:9b:05:29,2,1,2,0,128,416,188,202,420,978,1020,653,251,441,978,783,682,208,933,546,961,792,939,19,926,271,408,943,437,611,209,589,873,720,177,455,692,62,37,49,32,76,80,87,81,82,56,25,112,49,44,104,27,17,78,98,32,51,33,53,17,12,48,30,85,37,34,47,36
[ 9182.196718] [AOA] Measurement: 0,1627136799.573583,08:55:31:9b:05:29,2,1,2,0,128,848,1002,658,211,939,977,110,64,825,735,208,454,637,701,900,697,165,661,455,682,735,207,467,283,89,34,17,700,755,177,753,128,60,35,49,31,76,77,85,78,79,54,26,111,49,43,102,28,17,77,97,33,50,35,54,19,11,48,27,86,40,35,49,38
[ 9182.240299] [AOA] Measurement: 0,1627136799.617171,08:55:31:9b:05:29,2,1,2,0,128,386,168,239,411,370,820,678,239,346,921,777,651,234,898,908,673,227,672,458,697,730,216,996,426,642,223,552,873,279,402,443,630,62,36,49,31,77,80,84,77,83,56,25,112,51,44,105,28,18,77,97,33,50,33,53,20,12,48,28,88,38,35,49,37
[ 9182.279146] [AOA] Measurement: 0,1627136799.656015,08:55:31:9b:05:29,2,1,2,0,128,849,993,675,255,382,802,162,80,370,901,226,455,630,690,969,752,738,844,1,902,262,393,427,225,117,94,563,920,700,133,706,992,66,41,54,35,81,82,89,83,85,60,29,108,56,48,101,30,20,81,98,36,56,40,59,20,12,51,33,85,40,36,51,37
[ 9182.323270] [AOA] Measurement: 0,1627136799.700139,08:55:31:9b:05:29,2,1,2,0,128,391,175,207,403,934,1000,635,250,833,731,203,465,599,663,995,766,730,875,1014,899,242,424,926,405,60,35,25,709,703,138,599,915,62,35,48,31,77,79,83,77,83,55,25,108,50,44,104,25,19,79,98,33,51,34,53,18,11,48,30,87,36,34,49,36
[ 9182.366459] [AOA] Measurement: 0,1627136799.743324,08:55:31:9b:05:29,2,1,2,0,128,413,173,199,417,942,977,121,47,843,728,228,465,165,886,552,1006,654,851,991,911,317,429,1003,466,619,209,656,938,278,368,237,393,61,37,48,31,74,76,86,78,80,53,24,109,49,42,99,29,18,79,97,33,51,33,55,18,12,48,27,88,39,36,50,35
[ 9182.410531] [AOA] Measurement: 0,1627136799.787401,08:55:31:9b:05:29,2,1,2,0,128,857,986,685,259,941,994,647,278,323,894,157,443,664,699,874,681,211,692,460,646,740,174,440,214,117,54,54,737,739,205,598,859,62,37,49,31,75,80,85,78,80,56,25,111,49,43,103,29,18,77,98,33,51,33,55,18,12,47,27,85,38,36,48,35
[ 9182.449377] [AOA] Measurement: 0,1627136799.826248,08:55:31:9b:05:29,2,1,2,0,128,807,968,774,242,359,774,112,55,827,706,231,475,697,713,979,750,695,838,424,678,725,187,383,218,139,45,645,976,298,385,471,624,62,38,50,32,76,79,86,80,81,55,26,112,50,43,103,30,18,79,99,34,50,34,53,19,13,48,29,89,41,38,50,37
[ 9182.493917] [AOA] Measurement: 0,1627136799.870786,08:55:31:9b:05:29,2,1,2,0,128,786,941,705,215,430,824,167,94,843,778,192,460,632,661,988,728,234,707,436,740,312,395,978,440,603,192,580,927,262,337,238,430,59,35,48,30,74,76,81,75,82,54,24,109,49,43,101,25,19,79,92,31,49,33,53,18,11,46,27,83,34,31,46,33
[ 9182.538294] [AOA] Measurement: 0,1627136799.915164,08:55:31:9b:05:29,2,1,2,0,128,771,954,693,241,397,802,173,96,333,896,218,466,175,893,478,933,761,878,969,862,685,167,466,272,126,42,1,703,782,215,2,186,62,37,50,32,75,78,85,79,79,56,24,111,48,42,102,30,18,78,99,34,50,35,55,18,12,48,28,88,39,37,49,37
[ 9182.583037] [AOA] Measurement: 0,1627136799.959903,08:55:31:9b:05:29,2,1,2,0,128,799,956,692,221,994,27,671,267,399,956,765,629,136,879,497,942,710,851,954,871,707,218,958,447,89,60,12,665,777,183,519,820,61,36,48,31,77,78,87,78,81,55,26,110,50,45,103,28,18,77,98,33,51,34,56,20,12,48,28,88,38,35,49,37
[ 9182.635627] [AOA] Measurement: 0,1627136800.012494,08:55:31:9b:05:29,2,1,2,0,128,323,151,246,480,947,1013,674,256,354,885,142,410,231,954,462,912,749,848,1009,859,269,402,975,477,57,6,31,730,721,150,607,987,61,34,48,31,75,78,86,80,81,56,25,113,50,43,103,28,20,78,98,33,51,33,54,18,11,48,28,88,39,37,49,35
[ 9182.682030] [AOA] Measurement: 0,1627136800.058899,08:55:31:9b:05:29,2,1,2,0,128,840,983,717,245,396,812,661,254,862,764,260,504,644,739,936,707,211,701,970,872,700,186,430,244,635,199,539,888,732,149,964,276,67,42,53,35,79,82,89,84,84,60,28,108,55,50,103,31,21,83,96,38,56,39,59,21,13,53,32,91,41,36,52,37
[ 9182.726439] [AOA] Measurement: 0,1627136800.103309,08:55:31:9b:05:29,2,1,2,0,128,358,166,636,216,360,797,740,316,342,901,719,614,623,681,992,770,725,876,1009,878,260,402,946,455,645,262,558,920,305,384,601,740,62,37,49,31,75,78,86,79,80,53,24,109,50,45,101,27,18,78,94,32,51,33,54,18,11,47,27,84,34,34,45,32
[ 9182.769320] [AOA] Measurement: 0,1627136800.146186,08:55:31:9b:05:29,2,1,2,0,128,405,207,218,401,891,963,704,311,367,957,709,641,227,936,512,975,774,885,979,870,235,380,983,472,605,178,1003,647,764,164,198,525,61,37,50,31,75,79,86,80,81,56,25,109,48,42,104,29,17,78,99,33,49,34,55,18,12,49,28,89,40,37,50,37
[ 9182.808282] [AOA] Measurement: 0,1627136800.185155,08:55:31:9b:05:29,2,1,2,0,128,382,194,209,400,972,9,752,296,360,950,764,670,207,933,517,992,717,886,990,879,319,442,946,470,588,227,530,881,203,285,703,974,57,31,47,27,74,74,79,69,82,51,23,104,47,44,95,20,18,72,83,28,47,30,45,16,7,40,25,74,25,23,39,27
[ 9182.852355] [AOA] Measurement: 0,1627136800.229223,08:55:31:9b:05:29,2,1,2,0,128,371,147,194,428,970,1017,652,258,374,949,777,690,209,933,446,909,737,886,440,693,707,157,996,459,666,288,605,919,234,359,823,85,64,37,49,31,76,77,85,79,82,55,26,113,50,46,105,27,19,79,98,34,52,34,55,18,12,48,29,85,38,36,49,38
[ 9182.903042] [AOA] Measurement: 0,1627136800.279907,08:55:31:9b:05:29,2,1,2,0,128,360,160,202,462,947,969,739,310,405,962,771,703,122,842,470,964,658,816,967,891,268,379,982,490,599,231,496,842,286,352,493,619,67,43,53,36,77,80,87,84,80,60,28,107,54,47,102,34,21,81,99,37,55,37,60,21,16,54,31,91,47,43,55,44
[ 9182.957403] [AOA] Measurement: 0,1627136800.334272,08:55:31:9b:05:29,2,1,2,0,128,366,168,237,441,946,998,722,241,341,908,179,457,628,686,974,760,681,858,976,857,241,384,931,427,628,212,635,943,247,357,531,692,62,37,49,32,74,80,85,79,82,55,25,112,50,44,103,29,17,79,98,33,51,34,54,19,12,49,29,90,39,35,50,37
[ 9183.000806] [AOA] Measurement: 0,1627136800.377675,08:55:31:9b:05:29,2,1,2,0,128,790,966,254,436,954,12,717,277,335,926,775,683,130,890,923,699,202,701,8,927,228,404,990,456,644,267,561,856,699,93,831,193,62,38,49,32,75,79,87,80,80,55,24,109,48,42,100,30,17,78,99,32,50,34,55,18,12,49,28,90,41,38,51,37
[ 9183.039584] [AOA] Measurement: 0,1627136800.416449,08:55:31:9b:05:29,2,1,2,0,128,399,225,248,465,940,997,692,285,404,965,759,691,95,830,443,912,717,884,994,895,183,353,1012,509,612,231,579,918,297,322,493,701,58,38,48,32,71,73,86,77,75,54,24,107,46,37,95,30,16,73,94,31,49,32,53,18,12,47,28,88,42,38,49,37
[ 9183.082735] [AOA] Measurement: 0,1627136800.459605,08:55:31:9b:05:29,2,1,2,0,128,849,1001,670,219,404,805,154,81,846,724,180,476,644,721,936,690,202,688,456,699,687,146,401,216,83,21,1014,702,771,208,964,151,61,36,47,31,74,76,83,78,80,54,25,105,48,43,101,27,18,76,90,31,47,32,52,19,11,47,28,83,34,32,44,32
[ 9183.126382] [AOA] Measurement: 0,1627136800.503252,08:55:31:9b:05:29,2,1,2,0,128,382,179,132,387,398,828,61,0,867,721,236,469,184,918,911,721,168,665,462,705,707,193,466,308,627,223,524,858,324,405,418,644,60,35,48,31,74,77,84,79,79,55,25,109,49,44,101,27,19,78,93,33,52,36,54,18,12,48,28,84,36,33,44,33
[ 9183.170788] [AOA] Measurement: 0,1627136800.547657,08:55:31:9b:05:29,2,1,2,0,128,820,996,725,221,390,783,204,100,828,712,307,509,229,892,541,971,789,887,966,881,228,358,462,266,686,245,612,947,271,374,0,232,60,35,47,31,74,78,84,78,83,54,26,110,49,43,100,27,19,78,97,33,51,34,54,18,10,48,27,85,37,34,48,36
[ 9183.209683] [AOA] Measurement: 0,1627136800.586554,08:55:31:9b:05:29,2,1,2,0,128,779,954,709,247,354,768,140,67,744,664,146,382,627,683,944,719,190,647,513,716,211,385,436,226,143,49,17,685,779,185,633,940,60,34,48,29,77,78,83,76,82,55,24,106,48,44,102,25,17,78,91,33,49,32,51,17,9,45,28,82,32,29,44,31
[ 9183.250596] [AOA] Measurement: 0,1627136800.627463,08:55:31:9b:05:29,2,1,2,0,128,843,1007,714,283,929,1008,125,56,808,674,155,411,617,667,972,753,194,677,475,730,226,403,967,440,663,237,1021,717,664,121,39,509,61,35,48,31,76,77,85,79,81,55,26,112,50,45,102,29,18,79,95,32,50,34,55,19,12,48,29,86,38,35,49,36
[ 9183.301199] [AOA] Measurement: 0,1627136800.678064,08:55:31:9b:05:29,2,1,2,0,128,356,177,293,481,978,1022,704,299,421,983,797,719,195,917,471,941,786,930,927,854,223,382,936,423,42,8,26,714,281,361,128,296,62,36,49,31,76,79,83,78,82,54,25,109,48,44,101,27,19,80,97,33,50,34,54,18,11,47,28,84,34,33,47,33
[ 9183.346427] [AOA] Measurement: 0,1627136800.723296,08:55:31:9b:05:29,2,1,2,0,128,844,976,665,212,361,788,154,86,865,755,227,471,643,712,979,713,228,705,438,693,672,173,392,207,104,9,617,906,257,359,509,798,62,37,49,33,75,79,87,81,82,56,25,112,50,44,104,28,18,79,96,33,49,34,54,19,12,49,29,87,38,37,49,37
[ 9183.389055] [AOA] Measurement: 0,1627136800.765920,08:55:31:9b:05:29,2,1,2,0,128,385,180,182,422,387,822,652,248,357,928,770,672,200,900,527,950,742,878,1012,871,179,353,966,425,94,35,580,922,236,338,160,475,60,38,47,31,71,74,85,79,75,54,24,110,49,41,101,29,18,76,97,33,51,33,55,19,12,48,28,88,39,37,49,37
[ 9183.428202] [AOA] Measurement: 0,1627136800.805071,08:55:31:9b:05:29,2,1,2,0,128,846,982,256,444,954,1010,684,260,438,976,770,725,199,926,453,870,695,864,412,706,750,225,1000,451,628,206,547,867,251,335,177,406,61,35,50,31,78,79,86,79,83,56,25,112,50,44,103,29,17,81,99,33,51,35,56,19,12,49,29,89,39,36,51,37
[ 9183.473337] [AOA] Measurement: 0,1627136800.850207,08:55:31:9b:05:29,2,1,2,0,128,355,154,196,425,347,828,106,64,825,733,191,494,173,902,471,916,775,926,994,857,727,165,446,307,125,21,560,864,291,390,952,161,60,35,48,30,75,77,83,78,80,53,24,106,48,42,100,25,19,78,95,32,49,32,53,18,10,46,28,84,34,32,45,31
[ 9183.528788] [AOA] Measurement: 0,1627136800.905629,08:55:31:9b:05:29,2,1,2,0,128,352,131,717,272,952,997,104,26,873,728,241,508,128,910,520,972,726,846,2,908,267,389,946,405,630,234,24,722,209,334,969,179,60,36,48,30,75,78,82,77,81,54,25,109,49,44,101,25,18,78,93,31,49,32,52,18,11,46,27,82,34,32,46,32
[ 9183.578265] [AOA] Measurement: 0,1627136800.955134,08:55:31:9b:05:29,2,1,2,0,128,328,124,684,231,387,811,90,10,806,707,214,467,579,680,951,700,191,659,414,658,769,194,413,229,118,29,41,728,754,195,833,92,67,43,54,36,78,81,89,84,80,59,28,105,53,46,100,34,20,79,96,36,56,38,61,21,16,54,32,90,47,45,55,42
[ 9183.623135] [AOA] Measurement: 0,1627136801.000005,08:55:31:9b:05:29,2,1,2,0,128,800,974,678,225,324,772,119,28,859,770,241,474,677,724,935,689,126,666,369,633,714,171,448,281,670,264,563,892,286,356,416,625,63,37,50,32,78,79,86,80,81,55,24,113,50,45,103,29,19,79,97,32,51,35,54,19,11,49,29,85,38,36,49,36
[ 9183.667143] [AOA] Measurement: 0,1627136801.044012,08:55:31:9b:05:29,2,1,2,0,128,403,237,166,447,951,1015,724,285,393,981,781,679,221,936,472,976,703,870,1005,914,303,450,1012,499,629,212,576,896,198,305,254,445,59,40,46,32,64,69,79,75,63,51,26,92,47,39,90,32,18,74,93,35,53,35,57,21,16,51,30,87,47,45,55,43
[ 9183.705749] [AOA] Measurement: 0,1627136801.082619,08:55:31:9b:05:29,2,1,2,0,128,421,210,173,462,926,974,751,294,319,916,774,666,191,907,890,675,199,662,508,703,270,363,427,244,681,255,617,915,277,361,256,484,64,38,52,33,78,81,85,77,87,58,28,106,54,49,102,28,20,82,92,35,54,36,56,20,11,50,31,82,36,34,50,36
[ 9183.749400] [AOA] Measurement: 0,1627136801.126270,08:55:31:9b:05:29,2,1,2,0,128,804,1017,238,460,932,980,678,233,425,962,775,665,207,929,440,890,694,840,400,700,737,183,412,245,70,41,565,874,281,346,549,690,62,36,49,31,78,79,86,80,83,56,27,112,50,44,103,27,19,81,94,32,50,33,54,18,11,48,28,87,34,34,48,34
[ 9183.788258] [AOA] Measurement: 0,1627136801.165128,08:55:31:9b:05:29,2,1,2,0,128,350,188,222,430,887,978,117,73,843,724,210,499,242,929,421,892,697,840,959,836,281,401,995,457,642,260,540,901,240,321,793,36,61,38,47,32,72,77,87,78,77,53,26,113,49,42,102,30,17,78,98,33,50,34,54,18,13,49,27,90,41,38,50,38
[ 9183.832138] [AOA] Measurement: 0,1627136801.209004,08:55:31:9b:05:29,2,1,2,0,128,795,945,666,190,384,807,202,131,358,935,716,633,135,909,474,913,730,862,27,908,188,325,394,261,39,7,39,755,265,344,122,253,58,32,47,28,75,76,79,73,83,53,23,105,48,43,95,23,17,75,86,31,48,32,50,17,8,43,26,76,29,25,43,29
[ 9183.882484] [AOA] Measurement: 0,1627136801.259348,08:55:31:9b:05:29,2,1,2,0,128,351,150,207,407,936,1001,662,275,295,902,144,412,645,707,908,707,132,659,479,677,786,224,400,194,128,47,1012,653,686,127,369,670,61,37,48,30,75,77,85,79,81,54,25,111,50,43,103,29,17,79,99,33,52,34,55,18,11,49,28,88,40,37,51,37
[ 9183.929098] [AOA] Measurement: 0,1627136801.305968,08:55:31:9b:05:29,2,1,2,0,128,404,190,145,394,381,803,92,63,894,755,789,702,167,844,500,977,684,845,942,863,730,210,934,447,668,233,593,880,274,372,188,223,63,37,49,33,76,78,85,80,78,55,24,107,50,42,98,29,18,79,96,33,50,34,53,18,13,49,28,87,39,37,49,36
[ 9183.973165] [AOA] Measurement: 0,1627136801.350035,08:55:31:9b:05:29,2,1,2,0,128,415,198,177,376,405,786,158,65,864,758,202,451,663,702,907,658,217,683,397,666,672,155,438,254,166,95,556,912,773,220,182,469,61,37,48,32,75,77,85,78,81,54,24,111,48,43,105,29,19,79,98,33,52,34,55,18,12,49,29,88,38,37,49,38
[ 9184.025020] [AOA] Measurement: 0,1627136801.401886,08:55:31:9b:05:29,2,1,2,0,128,326,154,177,403,418,802,124,65,325,894,163,426,628,674,1010,734,740,889,948,890,237,399,930,376,45,38,974,650,753,166,627,915,62,37,49,31,75,81,86,78,85,56,25,108,47,43,101,27,19,79,94,31,49,34,51,18,11,46,28,83,33,32,45,32
[ 9184.071830] [AOA] Measurement: 0,1627136801.448702,08:55:31:9b:05:29,2,1,2,0,128,328,133,205,415,973,1008,721,318,377,937,725,640,623,670,479,918,132,611,515,736,275,418,993,467,611,215,565,923,213,325,74,376,61,36,50,31,75,79,86,79,82,55,24,111,50,44,103,27,18,79,97,32,50,33,54,18,10,49,28,83,36,34,47,36
[ 9184.114190] [AOA] Measurement: 0,1627136801.491057,08:55:31:9b:05:29,2,1,2,0,128,832,1008,695,213,403,807,122,62,405,1003,720,636,160,879,923,655,200,674,1007,909,339,449,930,445,643,210,571,897,229,341,462,710,60,36,47,30,73,73,84,78,79,54,25,110,49,43,103,29,18,76,99,34,51,33,53,18,13,48,29,88,40,38,50,38
[ 9184.159143] [AOA] Measurement: 0,1627136801.536014,08:55:31:9b:05:29,2,1,2,0,128,375,176,258,433,955,1012,639,241,450,986,748,649,170,915,414,870,179,686,473,719,249,407,406,229,148,56,37,730,781,208,484,737,61,36,49,32,76,79,86,78,81,56,25,111,49,44,103,28,19,78,98,33,51,34,54,18,11,47,27,85,37,35,48,36
[ 9184.203704] [AOA] Measurement: 0,1627136801.580576,08:55:31:9b:05:29,2,1,2,0,128,834,1010,201,411,919,979,691,263,414,963,153,435,655,725,507,945,759,894,964,887,278,393,970,438,610,213,1016,699,742,158,614,923,62,37,50,31,76,80,86,80,81,55,25,111,50,44,103,27,18,79,98,33,50,33,55,18,11,48,30,87,35,34,48,34
[ 9184.247711] [AOA] Measurement: 0,1627136801.624582,08:55:31:9b:05:29,2,1,2,0,128,803,974,687,260,391,803,124,77,900,773,186,457,640,684,920,718,152,644,419,663,685,152,359,181,48,6,11,687,674,106,413,852,65,42,53,36,78,81,89,84,81,61,28,108,53,47,103,33,21,82,100,38,55,38,59,23,16,53,32,92,46,44,56,42
[ 9184.291037] [AOA] Measurement: 0,1627136801.667908,08:55:31:9b:05:29,2,1,2,0,128,358,179,308,498,977,1017,705,285,402,929,773,688,101,854,496,937,743,905,1013,915,252,423,1023,523,716,299,522,892,279,367,317,452,62,37,49,31,74,78,85,80,79,55,25,110,49,43,103,30,17,79,99,33,51,34,56,18,13,51,29,91,43,38,51,37
[ 9184.335566] [AOA] Measurement: 0,1627136801.712437,08:55:31:9b:05:29,2,1,2,0,128,388,192,226,469,831,903,123,51,803,711,194,409,633,693,969,724,223,753,21,931,213,359,429,266,136,70,33,727,273,369,857,109,61,37,48,31,73,77,85,79,79,54,26,111,50,41,102,30,17,79,99,33,50,35,55,19,13,49,29,87,41,39,51,39
[ 9184.379272] [AOA] Measurement: 0,1627136801.756143,08:55:31:9b:05:29,2,1,2,0,128,372,167,653,227,365,764,125,49,773,686,156,402,603,700,920,692,161,670,462,696,711,202,408,241,112,24,605,905,749,176,296,534,65,42,53,36,76,81,89,83,81,59,28,104,52,45,101,35,20,80,97,37,56,38,59,21,15,53,32,91,45,41,54,42
[ 9184.419567] [AOA] Measurement: 0,1627136801.796433,08:55:31:9b:05:29,2,1,2,0,128,442,207,240,443,930,968,678,264,374,940,780,677,158,919,415,893,223,711,961,857,238,386,409,256,659,237,548,883,291,374,106,220,62,36,48,31,74,78,84,77,81,54,25,109,50,44,102,28,19,80,95,32,50,34,53,18,11,48,27,86,34,33,47,36
[ 9184.467385] [AOA] Measurement: 0,1627136801.844255,08:55:31:9b:05:29,2,1,2,0,128,385,212,121,381,390,816,687,293,376,942,738,653,199,911,535,970,761,923,21,938,252,458,972,474,696,294,578,932,286,369,37,145,59,33,47,29,75,76,81,74,84,55,24,107,49,45,99,22,17,76,88,30,47,32,51,17,9,44,27,78,31,28,42,31
[ 9184.514995] [AOA] Measurement: 0,1627136801.891861,08:55:31:9b:05:29,2,1,2,0,128,373,197,216,451,961,1008,701,297,325,918,721,603,185,876,427,892,111,643,414,674,718,191,995,443,40,15,1,682,259,339,809,58,61,38,48,32,72,75,83,80,78,54,24,110,49,41,102,30,18,77,97,32,50,34,55,18,11,48,29,89,41,37,49,38
[ 9184.559103] [AOA] Measurement: 0,1627136801.935972,08:55:31:9b:05:29,2,1,2,0,128,362,160,204,414,933,998,655,238,364,938,775,720,189,907,896,666,234,710,411,671,687,125,424,269,40,1019,61,739,752,183,156,460,62,36,48,30,76,80,85,77,85,55,26,110,50,44,102,25,19,77,92,32,50,34,52,17,10,45,28,82,34,30,46,32
[ 9184.602355] [AOA] Measurement: 0,1627136801.979227,08:55:31:9b:05:29,2,1,2,0,128,342,152,175,442,897,986,725,286,418,937,732,667,146,866,492,930,718,885,993,917,279,412,53,543,586,246,628,949,177,242,548,854,61,36,49,32,76,78,86,79,81,55,25,111,50,43,104,29,19,79,97,33,50,33,54,18,12,49,28,86,39,35,49,36
[ 9184.646011] [AOA] Measurement: 0,1627136802.022882,08:55:31:9b:05:29,2,1,2,0,128,402,194,208,461,938,1000,679,265,436,981,698,613,209,911,490,956,697,828,30,905,252,432,1011,480,642,240,549,910,223,331,722,953,61,38,47,32,74,75,86,80,77,55,24,109,48,42,99,30,18,76,100,33,51,34,54,18,13,48,29,89,41,39,50,37
[ 9184.689858] [AOA] Measurement: 0,1627136802.066729,08:55:31:9b:05:29,2,1,2,0,128,806,972,664,210,389,820,705,249,781,683,221,454,662,718,513,951,167,654,335,593,784,240,970,455,15,15,53,725,761,168,728,980,62,36,49,30,75,78,84,80,83,55,24,109,48,45,103,27,18,79,96,33,50,33,54,19,11,48,28,85,36,34,48,34
[ 9184.729160] [AOA] Measurement: 0,1627136802.106029,08:55:31:9b:05:29,2,1,2,0,128,370,148,203,427,911,1007,690,254,349,919,770,694,211,947,474,950,799,922,1013,934,258,395,1007,478,680,269,611,928,273,360,746,900,60,34,48,31,76,78,83,76,80,51,25,108,48,44,100,24,18,77,90,31,47,31,52,19,9,44,28,80,31,28,42,32
[ 9184.777564] [AOA] Measurement: 0,1627136802.154435,08:55:31:9b:05:29,2,1,2,0,128,370,170,185,415,321,763,95,27,828,711,171,397,636,674,889,679,148,604,377,648,736,203,436,272,86,2,50,711,252,363,755,997,66,41,54,34,81,83,87,82,85,62,29,110,55,48,105,30,21,82,97,37,56,37,57,21,12,50,32,84,37,36,50,37
[ 9184.825174] [AOA] Measurement: 0,1627136802.202040,08:55:31:9b:05:29,2,1,2,0,128,835,995,257,469,947,985,674,256,385,921,816,720,259,963,456,886,128,656,524,743,738,216,407,221,125,45,1015,658,700,107,337,609,60,35,48,32,74,79,86,78,79,55,25,109,49,45,103,27,20,80,96,33,51,33,55,19,11,47,28,84,35,34,47,34
[ 9184.869947] [AOA] Measurement: 0,1627136802.246819,08:55:31:9b:05:29,2,1,2,0,128,375,147,187,336,350,782,146,63,918,769,184,437,600,623,929,718,142,651,421,664,775,211,456,250,49,7,2,679,763,208,166,522,61,33,47,29,77,77,83,77,81,54,23,109,49,44,102,26,17,75,91,31,49,33,51,17,11,43,28,81,33,29,45,31
[ 9184.913867] [AOA] Measurement: 0,1627136802.290739,08:55:31:9b:05:29,2,1,2,0,128,403,182,251,464,947,990,88,56,319,875,204,456,629,661,946,710,195,656,438,661,736,214,434,252,89,38,585,894,264,383,926,1017,65,41,52,34,77,80,91,82,83,59,29,107,55,48,101,33,20,82,101,37,57,38,60,22,15,55,33,91,44,43,56,43
[ 9184.952381] [AOA] Measurement: 0,1627136802.329250,08:55:31:9b:05:29,2,1,2,0,128,766,982,201,415,902,972,684,258,362,957,743,648,105,904,512,939,711,858,979,879,305,438,36,508,676,263,574,900,257,342,546,691,60,35,49,30,77,80,84,79,82,53,25,107,49,44,101,25,17,74,88,29,49,34,52,17,9,46,27,82,33,31,44,33
[ 9184.994521] [AOA] Measurement: 0,1627136802.371385,08:55:31:9b:05:29,2,1,2,0,128,345,148,296,463,971,999,686,266,398,927,758,629,164,886,470,927,747,881,15,923,294,437,29,498,659,212,585,889,196,296,545,799,61,34,49,30,75,78,81,75,80,53,24,107,48,43,98,22,18,74,88,28,47,31,47,17,8,43,26,77,30,26,43,30
[ 9185.039287] [AOA] Measurement: 0,1627136802.416155,08:55:31:9b:05:29,2,1,2,0,128,782,972,632,135,326,773,87,25,876,736,162,439,690,751,488,938,175,681,476,761,244,400,991,456,657,219,578,892,740,180,622,896,62,36,50,32,77,79,86,80,84,56,25,112,50,45,101,27,18,78,95,30,51,33,53,19,10,47,28,87,35,33,46,33
[ 9185.083788] [AOA] Measurement: 0,1627136802.460660,08:55:31:9b:05:29,2,1,2,0,128,363,177,290,513,938,996,609,198,877,758,188,424,601,669,952,755,135,628,427,679,666,134,484,283,698,261,545,887,734,158,222,489,61,35,48,30,75,78,83,77,83,54,24,109,49,43,102,26,18,78,95,34,49,32,52,18,10,46,27,84,35,34,46,34
[ 9185.126970] [AOA] Measurement: 0,1627136802.503836,08:55:31:9b:05:29,2,1,2,0,128,815,960,731,252,923,980,756,298,410,983,706,623,183,937,885,668,197,688,978,896,292,459,963,482,655,213,550,894,229,331,23,146,67,42,51,34,77,79,87,84,82,59,29,108,54,48,100,33,19,82,100,37,56,38,59,21,14,52,32,89,45,44,55,42
[ 9185.172173] [AOA] Measurement: 0,1627136802.549043,08:55:31:9b:05:29,2,1,2,0,128,881,997,704,230,946,988,712,292,428,1000,763,656,272,995,427,911,766,869,996,883,226,390,955,426,74,14,56,726,792,222,995,265,60,36,48,31,75,77,84,77,83,54,24,109,50,44,101,25,19,79,95,31,49,34,53,19,10,46,28,83,34,32,46,32
[ 9185.216598] [AOA] Measurement: 0,1627136802.593468,08:55:31:9b:05:29,2,1,2,0,128,387,178,218,423,957,1007,724,303,330,921,806,676,149,891,1000,734,782,906,1023,906,236,363,962,470,694,266,512,874,704,159,422,738,61,37,49,30,74,78,85,79,79,53,25,110,47,42,102,29,19,78,97,33,51,33,55,20,13,48,28,88,41,39,50,37
[ 9185.260953] [AOA] Measurement: 0,1627136802.637824,08:55:31:9b:05:29,2,1,2,0,128,341,162,202,424,943,994,133,99,381,971,750,640,180,931,477,910,748,904,962,865,284,416,973,447,664,202,1011,689,724,127,336,714,63,37,50,31,74,80,86,79,80,55,25,109,50,42,104,28,18,78,97,33,51,34,54,18,11,47,29,88,38,35,48,37
[ 9185.300508] [AOA] Measurement: 0,1627136802.677377,08:55:31:9b:05:29,2,1,2,0,128,834,1004,226,405,965,1006,669,282,383,946,760,680,209,893,496,918,751,850,489,701,267,417,1011,457,681,312,602,917,284,397,701,788,59,34,48,31,76,79,84,77,83,55,25,106,49,41,102,26,18,78,92,32,47,33,51,17,10,45,28,81,34,29,44,32
[ 9185.348552] [AOA] Measurement: 0,1627136802.725424,08:55:31:9b:05:29,2,1,2,0,128,389,170,697,190,351,792,150,58,852,743,212,426,606,649,981,733,148,653,438,680,336,452,1001,435,83,31,5,723,767,172,309,540,62,38,49,32,75,78,85,79,78,56,26,110,48,44,103,30,19,77,100,34,52,35,54,18,12,49,29,88,40,37,49,37
[ 9185.406153] [AOA] Measurement: 0,1627136802.783023,08:55:31:9b:05:29,2,1,2,0,128,328,143,216,452,993,1023,587,206,375,904,717,637,175,932,459,921,751,906,992,895,224,350,978,478,618,236,595,920,272,402,586,723,58,34,48,30,74,76,82,76,83,54,24,108,50,44,100,24,18,80,92,32,49,32,51,18,8,43,27,81,30,28,41,30
[ 9185.449741] [AOA] Measurement: 0,1627136802.826612,08:55:31:9b:05:29,2,1,2,0,128,354,147,634,217,376,765,58,38,790,697,144,461,643,683,918,670,185,681,440,688,725,182,416,248,60,58,1019,691,296,367,912,88,61,36,46,31,75,79,86,79,78,55,23,109,49,43,101,30,18,77,100,33,50,34,55,18,12,48,29,87,39,37,49,38
[ 9185.489150] [AOA] Measurement: 0,1627136802.866015,08:55:31:9b:05:29,2,1,2,0,128,795,989,234,451,935,985,705,261,797,731,234,510,173,902,480,912,767,899,962,826,247,386,989,503,566,202,548,903,302,356,625,826,61,33,48,29,77,78,82,76,83,53,25,109,49,45,102,24,18,79,93,31,50,33,52,20,11,45,27,80,34,31,46,33
[ 9185.537227] [AOA] Measurement: 0,1627136802.914097,08:55:31:9b:05:29,2,1,2,0,128,340,148,224,472,874,995,64,37,356,890,194,451,632,690,918,717,727,876,963,901,203,349,1006,452,681,287,585,920,183,289,653,865,61,37,48,32,76,78,88,82,82,55,26,109,50,42,104,30,19,79,98,33,52,34,56,18,14,50,29,88,39,38,50,37
[ 9185.585157] [AOA] Measurement: 0,1627136802.962022,08:55:31:9b:05:29,2,1,2,0,128,780,973,789,283,393,813,157,70,802,694,146,435,606,673,963,724,122,624,452,657,738,187,417,237,133,56,44,695,722,161,603,992,65,41,53,35,79,81,88,83,83,61,27,109,55,48,102,31,21,82,100,36,56,37,59,22,13,52,33,90,41,38,51,40
[ 9185.629841] [AOA] Measurement: 0,1627136803.006712,08:55:31:9b:05:29,2,1,2,0,128,807,962,685,204,393,827,148,61,375,930,815,730,202,935,420,876,764,861,976,864,251,401,971,433,640,242,505,853,747,183,454,615,58,32,48,28,77,76,77,72,81,51,24,102,47,43,95,21,18,71,80,27,45,30,47,15,6,40,25,72,26,23,38,26
[ 9185.673771] [AOA] Measurement: 0,1627136803.050643,08:55:31:9b:05:29,2,1,2,0,128,340,146,673,250,385,814,155,61,420,948,171,456,665,707,950,760,736,876,378,641,652,142,437,257,89,48,34,717,707,142,801,87,66,42,53,35,78,81,89,83,83,60,29,110,54,47,102,32,20,80,100,37,57,38,60,23,14,53,33,90,44,42,56,41
[ 9185.718278] [AOA] Measurement: 0,1627136803.095149,08:55:31:9b:05:29,2,1,2,0,128,394,197,240,387,1004,1012,674,239,369,916,804,731,216,941,482,937,723,869,978,886,300,407,982,490,613,233,541,892,305,382,165,362,64,36,50,33,77,79,85,79,81,55,25,109,49,44,102,28,18,80,99,33,51,35,54,20,12,49,29,88,38,37,50,37
[ 9185.763627] [AOA] Measurement: 0,1627136803.140492,08:55:31:9b:05:29,2,1,2,0,128,417,193,275,501,868,969,688,260,382,911,767,675,630,693,466,897,770,878,986,896,257,376,980,439,662,233,600,907,257,362,732,835,63,39,48,31,75,79,87,79,80,53,25,110,50,45,102,28,18,79,94,32,50,33,55,18,12,49,30,86,36,33,49,34
[ 9185.815027] [AOA] Measurement: 0,1627136803.191892,08:55:31:9b:05:29,2,1,2,0,128,349,175,186,392,922,986,152,67,374,901,226,464,658,697,932,723,106,654,450,692,735,192,460,269,589,247,996,690,732,181,770,97,61,37,48,32,72,75,86,79,82,55,25,111,49,45,104,29,19,79,97,33,51,33,54,18,11,47,28,87,38,36,49,35
[ 9185.859712] [AOA] Measurement: 0,1627136803.236577,08:55:31:9b:05:29,2,1,2,0,128,792,990,670,221,421,807,196,113,398,946,702,627,181,883,929,699,203,673,510,728,285,413,965,434,665,250,536,884,770,175,308,636,60,37,48,31,75,78,84,80,80,56,25,110,49,43,101,28,18,80,99,33,51,34,55,18,11,47,29,86,38,35,48,35
[ 9185.903041] [AOA] Measurement: 0,1627136803.279914,08:55:31:9b:05:29,2,1,2,0,128,323,156,718,225,362,768,123,57,785,712,270,524,630,738,1016,760,731,877,952,854,708,209,391,191,135,38,57,733,734,181,282,646,61,34,48,29,74,78,83,77,83,53,25,107,49,45,99,25,19,77,90,30,47,32,49,17,10,44,27,80,30,29,43,31
[ 9185.946886] [AOA] Measurement: 0,1627136803.323756,08:55:31:9b:05:29,2,1,2,0,128,831,1008,228,430,943,984,100,44,851,742,213,448,653,729,959,723,176,641,450,699,725,196,410,236,109,43,639,929,202,305,775,955,61,36,49,31,77,77,83,77,83,54,26,109,50,44,103,27,18,77,94,32,49,33,54,18,11,47,29,84,34,32,47,35
[ 9185.993771] [AOA] Measurement: 0,1627136803.370638,08:55:31:9b:05:29,2,1,2,0,128,808,993,653,220,373,788,117,15,900,761,199,460,716,753,494,929,726,895,10,954,243,417,1019,478,645,252,609,915,250,364,677,986,63,37,50,32,77,80,86,80,84,55,25,112,49,44,101,27,18,79,95,32,49,35,52,17,10,47,28,84,35,33,48,35
[ 9186.040421] [AOA] Measurement: 0,1627136803.417293,08:55:31:9b:05:29,2,1,2,0,128,373,195,259,482,957,991,647,240,328,900,741,650,634,690,405,870,749,900,996,889,278,409,1014,486,694,276,593,937,326,373,318,454,65,39,52,33,76,80,83,80,85,58,29,107,54,49,102,29,21,81,95,36,55,36,56,20,10,50,31,83,36,34,47,35
[ 9186.084986] [AOA] Measurement: 0,1627136803.461859,08:55:31:9b:05:29,2,1,2,0,128,368,199,215,429,915,985,153,112,408,938,776,671,145,889,478,934,704,870,23,923,235,406,951,451,647,275,557,886,312,385,20,320,61,36,49,32,76,76,85,78,81,55,25,109,49,43,104,27,20,78,97,33,51,33,54,17,11,48,28,86,36,33,49,34
[ 9186.129810] [AOA] Measurement: 0,1627136803.506679,08:55:31:9b:05:29,2,1,2,0,128,340,174,266,517,963,1013,675,278,390,922,739,691,254,960,525,992,728,908,46,950,270,404,16,527,653,282,585,964,332,379,793,787,62,35,49,31,77,78,83,76,83,52,25,110,50,45,101,27,19,80,95,32,51,34,53,19,10,47,30,84,36,32,48,33
[ 9186.173039] [AOA] Measurement: 0,1627136803.549906,08:55:31:9b:05:29,2,1,2,0,128,334,153,225,459,932,1022,692,249,377,938,801,706,146,909,891,710,210,696,449,683,278,404,946,432,629,267,582,919,246,370,333,572,62,35,48,29,75,78,85,76,83,54,25,108,49,43,101,26,18,78,92,30,48,32,52,18,10,45,28,82,31,30,45,30
[ 9186.224402] [AOA] Measurement: 0,1627136803.601269,08:55:31:9b:05:29,2,1,2,0,128,335,144,634,198,415,824,86,15,846,731,198,444,644,721,528,975,725,846,416,664,284,412,929,431,638,241,574,904,257,339,768,924,62,36,48,31,77,78,83,78,81,57,25,110,49,45,102,27,20,78,95,33,49,32,51,19,10,47,28,83,33,32,43,33
[ 9186.271062] [AOA] Measurement: 0,1627136803.647933,08:55:31:9b:05:29,2,1,2,0,128,835,995,634,199,421,780,106,24,813,731,141,444,637,682,0,778,710,877,1020,900,705,175,343,168,68,17,26,725,705,170,850,57,60,35,49,30,75,78,81,75,83,51,23,103,47,43,99,23,18,76,91,29,49,31,52,18,8,44,27,79,30,28,41,31
[ 9186.314885] [AOA] Measurement: 0,1627136803.691757,08:55:31:9b:05:29,2,1,2,0,128,371,165,270,469,901,1021,685,259,826,726,131,440,696,711,894,711,763,896,986,859,282,396,978,448,576,217,523,882,259,348,887,966,62,37,49,33,73,77,88,79,80,55,25,112,49,43,103,30,18,80,99,33,50,34,53,18,13,47,28,87,42,39,51,39
[ 9186.359694] [AOA] Measurement: 0,1627136803.736563,08:55:31:9b:05:29,2,1,2,0,128,384,202,186,382,362,780,130,21,907,773,220,495,636,723,919,686,167,673,446,681,758,199,938,417,43,10,19,707,759,197,942,320,58,38,43,31,67,70,83,77,70,52,23,104,45,40,95,31,17,74,94,33,47,32,52,18,13,49,27,86,41,40,49,38
[ 9186.402898] [AOA] Measurement: 0,1627136803.779769,08:55:31:9b:05:29,2,1,2,0,128,829,994,244,429,375,799,681,257,452,972,759,654,211,948,547,987,776,896,38,937,170,351,986,467,58,22,556,899,694,107,611,866,60,36,48,31,74,76,83,78,79,54,24,108,49,43,103,28,18,79,98,33,50,33,53,18,10,47,27,85,37,34,46,35
[ 9186.447084] [AOA] Measurement: 0,1627136803.823955,08:55:31:9b:05:29,2,1,2,0,128,429,238,170,405,892,988,653,236,369,899,164,440,691,726,497,925,737,860,963,880,344,459,1018,479,679,277,560,916,288,382,1022,136,62,38,49,32,76,79,86,79,81,55,26,109,50,44,104,29,18,80,98,33,51,34,56,20,12,49,29,87,37,34,49,36
[ 9186.494301] [AOA] Measurement: 0,1627136803.871165,08:55:31:9b:05:29,2,1,2,0,128,862,5,199,464,967,18,711,278,410,957,722,644,190,947,500,922,716,846,944,831,699,200,409,229,41,1021,13,669,722,156,920,229,61,34,48,30,76,78,85,78,83,55,26,110,50,44,102,28,19,76,94,31,50,33,55,19,10,48,29,86,37,34,48,34
[ 9186.540657] [AOA] Measurement: 0,1627136803.917528,08:55:31:9b:05:29,2,1,2,0,128,829,975,207,437,955,1018,717,283,374,927,760,690,189,923,463,915,677,835,480,737,245,379,1013,488,625,244,566,918,293,380,438,476,62,35,49,31,76,81,86,79,83,54,25,111,50,44,103,27,18,81,98,33,49,34,54,18,11,48,28,87,36,34,48,34
[ 9186.585359] [AOA] Measurement: 0,1627136803.962227,08:55:31:9b:05:29,2,1,2,0,128,387,166,637,188,371,770,46,14,888,740,253,466,639,754,919,694,199,649,432,676,249,360,968,423,94,39,31,714,705,131,1015,321,62,37,49,32,76,80,86,81,84,56,25,113,52,45,105,28,19,79,97,32,48,34,53,17,12,48,30,87,38,37,48,37
[ 9186.629596] [AOA] Measurement: 0,1627136804.006465,08:55:31:9b:05:29,2,1,2,0,128,471,255,262,482,924,1014,657,251,425,975,710,635,284,955,436,936,734,874,985,873,249,400,983,483,530,170,583,904,261,386,11,174,66,43,52,35,78,81,88,84,83,61,28,108,55,48,102,34,20,83,98,38,57,39,60,22,15,53,32,91,46,44,55,42
[ 9186.672482] [AOA] Measurement: 0,1627136804.049351,08:55:31:9b:05:29,2,1,2,0,128,827,12,723,231,410,798,714,246,413,940,154,418,615,695,944,757,792,897,1023,928,228,383,969,419,570,186,27,676,740,170,591,869,62,36,47,31,75,77,86,78,81,56,25,113,49,44,104,28,19,78,96,33,51,35,54,18,13,49,29,88,39,39,49,37
[ 9186.717292] [AOA] Measurement: 0,1627136804.094165,08:55:31:9b:05:29,2,1,2,0,128,820,945,701,189,356,752,157,52,838,737,228,460,618,684,917,682,114,638,471,677,738,153,970,422,677,207,4,676,756,173,100,528,62,35,49,30,76,77,84,78,83,54,25,110,49,45,102,27,19,80,96,32,51,34,54,18,11,47,28,85,35,33,46,35
[ 9186.763828] [AOA] Measurement: 0,1627136804.140693,08:55:31:9b:05:29,2,1,2,0,128,855,1006,229,406,415,823,117,25,412,978,764,645,216,964,427,855,750,885,432,679,625,128,437,270,623,205,518,859,668,88,661,1011,62,37,49,32,74,78,86,79,77,53,26,109,50,43,104,29,18,80,98,33,51,35,55,20,12,49,29,89,41,38,51,39
[ 9186.810698] [AOA] Measurement: 0,1627136804.187569,08:55:31:9b:05:29,2,1,2,0,128,808,954,683,209,390,790,190,60,378,915,207,458,659,709,975,684,172,693,412,669,797,218,399,214,163,22,77,738,781,203,505,896,61,34,48,30,76,77,83,76,83,54,25,109,49,43,103,27,19,79,95,33,49,33,52,20,11,47,29,86,36,35,48,36
[ 9186.855161] [AOA] Measurement: 0,1627136804.232031,08:55:31:9b:05:29,2,1,2,0,128,863,996,667,229,409,828,677,285,374,936,727,667,139,883,484,948,683,812,424,678,272,427,1016,504,601,233,519,856,277,366,757,957,61,37,48,31,74,77,85,80,79,54,24,109,47,41,101,29,17,79,98,34,51,33,55,19,12,48,29,87,40,39,49,39
[ 9186.907099] [AOA] Measurement: 0,1627136804.283970,08:55:31:9b:05:29,2,1,2,0,128,379,148,227,476,883,980,628,252,412,969,759,671,241,929,529,938,773,888,973,879,282,410,7,503,605,231,583,924,294,412,535,627,62,39,47,31,70,75,84,79,76,54,25,108,48,41,102,31,18,78,98,33,51,34,56,19,14,48,28,88,41,39,49,38
[ 9186.953907] [AOA] Measurement: 0,1627136804.330772,08:55:31:9b:05:29,2,1,2,0,128,322,106,682,251,420,817,640,218,494,1001,787,704,151,946,504,944,727,856,8,876,217,372,997,447,662,238,548,878,235,337,966,189,61,34,47,31,74,78,83,77,83,54,26,109,49,45,103,26,17,79,94,33,48,34,52,19,10,47,28,84,35,32,46,33
[ 9187.000582] [AOA] Measurement: 0,1627136804.377453,08:55:31:9b:05:29,2,1,2,0,128,855,1005,241,459,399,799,656,219,353,916,245,490,180,946,511,921,716,852,455,712,283,394,3,486,592,202,571,910,691,116,152,567,61,37,46,33,73,77,85,81,79,56,25,111,50,43,103,29,18,80,98,33,52,33,55,17,12,49,29,88,39,36,49,36
[ 9187.045046] [AOA] Measurement: 0,1627136804.421917,08:55:31:9b:05:29,2,1,2,0,128,786,974,664,179,416,839,78,4,831,705,189,425,655,704,480,917,723,867,407,650,680,162,423,208,141,30,58,699,723,198,259,609,60,35,48,30,76,78,82,76,83,54,25,109,49,45,102,25,17,78,92,31,49,32,50,17,9,44,28,77,31,29,42,30
[ 9187.089457] [AOA] Measurement: 0,1627136804.466325,08:55:31:9b:05:29,2,1,2,0,128,310,115,235,414,896,948,170,56,475,981,782,688,197,935,452,902,712,840,374,617,655,119,424,230,742,261,597,885,308,386,899,111,60,33,48,29,76,79,81,75,84,53,25,109,48,44,101,24,19,77,90,29,48,32,51,17,8,42,27,78,31,26,41,30
[ 9187.133915] [AOA] Measurement: 0,1627136804.510785,08:55:31:9b:05:29,2,1,2,0,128,428,175,256,436,940,989,143,72,402,932,256,521,561,630,870,629,138,642,397,615,688,152,390,192,73,37,29,707,752,173,405,760,63,36,49,32,76,77,87,81,79,55,24,112,48,43,103,29,19,78,98,34,51,34,55,19,12,47,28,85,38,35,48,36
[ 9187.177428] [AOA] Measurement: 0,1627136804.554300,08:55:31:9b:05:29,2,1,2,0,128,384,151,245,448,918,1010,689,271,365,935,821,721,180,935,471,946,762,913,933,865,227,328,48,510,597,221,570,895,278,388,219,375,59,37,47,31,70,74,82,76,76,53,25,107,47,40,98,29,18,75,96,31,50,32,54,17,13,47,27,87,41,38,50,38
[ 9187.224658] [AOA] Measurement: 0,1627136804.601523,08:55:31:9b:05:29,2,1,2,0,128,780,979,692,207,371,814,708,253,346,916,746,640,690,693,458,910,698,826,970,875,213,350,413,235,24,987,28,708,807,162,934,306,61,37,46,31,72,75,84,77,73,53,24,107,47,38,99,30,18,75,96,33,49,34,53,20,13,47,27,84,41,40,49,39
[ 9187.270817] [AOA] Measurement: 0,1627136804.647689,08:55:31:9b:05:29,2,1,2,0,128,353,192,205,428,876,986,707,263,383,984,770,652,141,883,472,927,730,876,19,926,272,403,954,459,648,254,585,913,257,384,118,277,68,41,53,35,82,84,88,83,86,61,29,109,55,50,105,32,22,84,100,37,56,39,60,22,13,53,33,89,41,38,55,42
[ 9187.315192] [AOA] Measurement: 0,1627136804.692063,08:55:31:9b:05:29,2,1,2,0,128,823,968,671,220,343,804,150,84,325,935,195,446,652,728,538,952,712,889,975,850,208,381,987,453,93,32,1018,696,773,176,883,160,60,38,47,32,73,74,84,79,77,54,25,109,48,40,100,29,17,77,93,32,50,34,54,19,11,49,29,88,39,37,49,36
[ 9187.359974] [AOA] Measurement: 0,1627136804.736841,08:55:31:9b:05:29,2,1,2,0,128,846,952,790,318,911,972,147,51,394,953,701,653,644,703,522,968,742,899,47,893,261,375,970,439,626,228,528,885,329,400,913,124,59,32,47,29,72,76,78,72,80,51,23,102,46,42,97,23,19,75,90,30,47,31,50,17,8,43,26,77,28,26,39,27
[ 9187.404108] [AOA] Measurement: 0,1627136804.780974,08:55:31:9b:05:29,2,1,2,0,128,329,144,161,405,404,862,724,261,392,965,850,753,230,960,489,953,723,867,980,871,245,379,429,282,21,4,10,692,259,341,589,874,60,37,49,31,75,76,82,78,82,54,25,109,49,43,100,25,18,78,95,32,49,32,53,18,12,46,28,86,35,33,47,35
[ 9187.454908] [AOA] Measurement: 0,1627136804.831772,08:55:31:9b:05:29,2,1,2,0,128,857,962,284,394,961,1001,703,272,418,951,818,688,168,927,534,891,829,949,990,909,256,418,994,440,694,259,636,933,277,361,974,350,62,37,48,31,74,78,86,80,80,55,26,110,49,43,102,30,19,76,95,34,50,33,54,19,11,47,29,85,38,34,48,35
[ 9187.498210] [AOA] Measurement: 0,1627136804.875076,08:55:31:9b:05:29,2,1,2,0,128,420,202,299,510,979,10,649,250,387,944,736,646,175,888,428,906,673,817,472,715,284,437,984,461,606,217,538,859,309,394,686,845,59,33,49,28,74,75,82,75,83,54,24,106,48,43,101,25,18,78,94,33,50,33,52,17,10,46,27,82,33,29,46,32
[ 9187.538351] [AOA] Measurement: 0,1627136804.915223,08:55:31:9b:05:29,2,1,2,0,128,396,200,203,459,901,986,684,265,372,949,758,688,154,881,439,946,750,869,999,928,288,435,10,502,618,230,533,860,709,131,979,286,60,35,49,32,77,79,85,79,81,55,24,109,48,43,101,26,18,78,96,32,50,32,53,18,10,46,29,85,37,34,47,34
[ 9187.598196] [AOA] Measurement: 0,1627136804.975063,08:55:31:9b:05:29,2,1,2,0,128,399,209,252,463,976,1022,50,5,403,950,163,437,634,685,1005,790,248,736,1020,873,239,393,986,445,643,248,502,862,696,114,994,292,62,38,49,31,75,78,88,79,81,55,24,111,50,44,102,28,17,79,97,33,51,35,56,19,11,49,28,88,38,37,49,36
[ 9187.642317] [AOA] Measurement: 0,1627136805.019186,08:55:31:9b:05:29,2,1,2,0,128,815,973,645,198,401,794,122,51,797,683,194,416,609,710,924,718,229,705,433,721,273,379,997,457,671,242,552,881,751,182,970,276,66,44,52,36,76,81,88,82,81,60,29,107,53,46,101,34,21,82,99,39,56,38,61,21,15,55,32,91,46,44,55,43
[ 9187.693402] [AOA] Measurement: 0,1627136805.070268,08:55:31:9b:05:29,2,1,2,0,128,360,181,245,442,916,969,117,24,850,771,270,507,232,940,453,895,760,925,39,934,247,358,923,369,147,89,587,909,203,290,525,880,65,38,52,32,79,83,86,81,88,60,29,106,54,50,97,29,22,81,92,35,54,37,57,22,10,50,31,83,34,32,47,35
[ 9187.738213] [AOA] Measurement: 0,1627136805.115083,08:55:31:9b:05:29,2,1,2,0,128,772,947,696,240,383,793,127,39,427,917,771,674,191,925,478,930,714,853,495,711,721,149,458,223,86,4,990,677,782,176,720,0,60,36,49,32,78,80,86,80,82,55,26,112,51,44,103,28,19,80,98,33,50,35,56,19,13,48,27,88,40,37,49,36
[ 9187.782638] [AOA] Measurement: 0,1627136805.159509,08:55:31:9b:05:29,2,1,2,0,128,822,985,240,469,912,962,688,265,376,899,794,713,165,909,444,907,704,876,21,922,287,426,963,488,608,235,623,947,238,315,726,819,59,36,47,31,71,74,86,78,76,53,25,109,46,41,100,30,19,75,96,33,50,33,53,18,12,47,28,87,40,38,48,38
[ 9187.826911] [AOA] Measurement: 0,1627136805.203782,08:55:31:9b:05:29,2,1,2,0,128,387,162,220,450,940,981,714,275,421,973,727,621,207,916,462,922,782,892,966,864,284,436,929,413,84,39,27,727,193,295,914,230,55,29,45,27,71,73,74,70,80,50,23,100,46,43,95,21,19,73,82,29,45,30,47,16,8,40,26,71,28,23,40,26
[ 9187.871703] [AOA] Measurement: 0,1627136805.248569,08:55:31:9b:05:29,2,1,2,0,128,804,969,665,192,404,822,96,47,847,747,231,437,657,700,954,684,140,660,448,692,742,147,981,463,652,216,10,688,729,187,332,624,62,35,49,31,76,78,84,79,82,55,24,108,50,45,102,26,19,78,95,32,50,33,53,19,10,45,27,81,34,31,45,34
[ 9187.922424] [AOA] Measurement: 0,1627136805.299290,08:55:31:9b:05:29,2,1,2,0,128,839,994,622,193,337,765,187,69,349,902,175,415,662,718,936,686,189,688,465,692,646,121,354,214,71,5,995,645,752,144,627,24,56,29,46,26,72,71,76,68,80,50,24,99,45,41,91,19,17,73,80,27,43,29,45,15,8,38,24,70,26,22,37,26
[ 9187.967578] [AOA] Measurement: 0,1627136805.344449,08:55:31:9b:05:29,2,1,2,0,128,836,970,688,230,7,21,706,270,399,938,146,458,604,650,976,766,164,649,481,714,227,371,982,439,86,67,556,918,307,383,630,805,62,37,50,32,76,79,84,79,82,54,25,112,48,44,103,27,19,79,97,33,50,34,54,19,10,47,28,85,39,35,48,36
[ 9188.006508] [AOA] Measurement: 0,1627136805.383378,08:55:31:9b:05:29,2,1,2,0,128,275,125,699,212,430,829,716,260,390,936,175,421,664,736,955,722,133,670,424,676,703,175,342,173,143,64,41,699,717,169,103,398,60,36,47,31,76,77,83,79,82,55,25,109,49,44,102,25,17,78,95,33,50,34,50,18,9,48,29,85,35,32,47,33
[ 9188.048734] [AOA] Measurement: 0,1627136805.425603,08:55:31:9b:05:29,2,1,2,0,128,878,4,658,217,444,828,145,48,369,910,241,476,223,938,477,951,705,863,990,892,692,173,992,462,666,238,614,933,254,343,752,888,62,37,49,31,76,78,86,80,82,55,25,111,49,44,105,29,19,80,97,33,51,34,54,20,11,48,28,87,36,35,47,36
[ 9188.087486] [AOA] Measurement: 0,1627136805.464356,08:55:31:9b:05:29,2,1,2,0,128,341,140,626,195,395,818,186,110,346,920,710,642,177,859,922,716,773,877,884,811,204,349,420,275,651,250,531,861,734,162,797,46,62,38,49,31,73,76,86,78,80,55,25,111,48,43,102,30,18,78,99,35,51,35,55,19,12,49,28,88,41,36,50,37
[ 9188.132535] [AOA] Measurement: 0,1627136805.509407,08:55:31:9b:05:29,2,1,2,0,128,910,27,675,209,415,836,193,110,818,708,249,519,186,936,433,880,728,903,1019,924,245,383,977,438,614,228,27,707,732,147,531,800,57,29,44,27,74,75,77,69,81,51,24,98,44,41,92,20,17,70,79,27,43,29,47,16,6,40,24,69,26,21,37,26
[ 9188.184187] [AOA] Measurement: 0,1627136805.561054,08:55:31:9b:05:29,2,1,2,0,128,378,182,199,368,359,757,155,78,406,957,154,443,154,894,445,863,147,700,990,900,351,464,990,463,633,254,614,904,260,368,28,212,61,36,50,31,76,77,82,77,83,56,25,109,50,43,101,26,18,78,98,33,51,34,53,18,11,48,28,86,35,33,47,35
[ 9188.237857] [AOA] Measurement: 0,1627136805.614726,08:55:31:9b:05:29,2,1,2,0,128,358,142,641,214,369,809,138,86,437,1004,766,669,208,907,462,919,721,873,978,869,263,400,989,472,35,3,10,692,659,104,727,109,63,36,48,31,76,77,84,77,84,55,25,110,49,44,101,25,19,79,93,32,49,33,52,18,10,46,28,82,34,32,46,33
[ 9188.282147] [AOA] Measurement: 0,1627136805.659017,08:55:31:9b:05:29,2,1,2,0,128,802,946,677,251,384,776,83,22,855,740,203,481,668,722,548,973,760,902,1021,877,287,448,978,471,597,199,570,906,674,136,903,259,59,34,47,30,73,76,83,76,83,54,24,108,48,44,99,23,17,73,87,30,47,30,49,18,8,42,25,77,29,25,41,28
[ 9188.325501] [AOA] Measurement: 0,1627136805.702370,08:55:31:9b:05:29,2,1,2,0,128,302,135,245,430,956,1011,674,254,377,945,688,652,197,938,480,965,811,957,18,927,240,425,8,491,632,230,554,865,231,334,848,39,65,40,51,34,80,82,86,79,85,59,28,109,54,51,104,30,22,84,96,36,55,37,58,21,12,51,32,86,36,36,51,37
[ 9188.370034] [AOA] Measurement: 0,1627136805.746904,08:55:31:9b:05:29,2,1,2,0,128,870,998,715,202,351,785,41,998,897,713,260,502,681,721,471,907,145,665,414,631,722,192,491,253,44,18,27,664,714,158,172,579,58,34,48,29,74,78,82,76,80,55,25,109,48,43,100,25,19,78,95,33,51,33,52,17,11,46,27,83,35,33,46,34
[ 9188.408667] [AOA] Measurement: 0,1627136805.785538,08:55:31:9b:05:29,2,1,2,0,128,384,168,224,460,979,990,649,260,325,900,159,456,215,900,528,927,811,917,1001,896,281,413,945,431,556,184,491,842,184,273,691,951,60,38,48,32,73,77,84,79,81,54,25,110,50,44,102,28,19,80,97,33,52,35,54,19,11,47,28,84,36,33,47,35
[ 9188.453248] [AOA] Measurement: 0,1627136805.830117,08:55:31:9b:05:29,2,1,2,0,128,388,165,176,440,933,1004,646,257,416,975,762,669,167,893,559,1022,754,921,35,938,143,349,964,473,600,194,583,934,310,407,383,439,60,37,46,31,73,76,84,80,78,54,25,109,48,43,102,28,17,78,97,33,50,34,55,18,12,48,28,85,39,35,48,35
[ 9188.496936] [AOA] Measurement: 0,1627136805.873807,08:55:31:9b:05:29,2,1,2,0,128,376,189,149,371,923,963,136,26,795,693,130,426,645,700,448,878,729,872,8,935,250,399,973,460,617,235,574,878,214,312,242,595,62,37,50,32,77,79,85,80,82,57,25,111,50,45,103,28,18,79,97,34,50,34,54,19,11,48,28,87,38,36,48,35
[ 9188.544999] [AOA] Measurement: 0,1627136805.921863,08:55:31:9b:05:29,2,1,2,0,128,388,197,236,465,945,1013,643,262,381,931,835,725,192,938,472,951,663,853,390,619,741,198,3,444,646,250,562,903,243,328,180,446,63,36,50,31,76,77,85,78,81,55,25,110,47,44,103,28,19,81,97,34,50,34,55,17,11,47,28,87,38,35,49,36
[ 9188.588739] [AOA] Measurement: 0,1627136805.965606,08:55:31:9b:05:29,2,1,2,0,128,379,185,216,457,916,1011,755,301,388,943,695,615,216,924,495,962,746,890,958,847,221,351,962,460,626,219,512,861,267,371,777,931,62,37,49,31,75,79,85,78,82,55,25,110,51,43,103,28,17,79,96,33,51,34,55,19,12,49,29,86,36,34,47,34
[ 9188.627935] [AOA] Measurement: 0,1627136806.004804,08:55:31:9b:05:29,2,1,2,0,128,393,169,221,432,920,995,97,32,864,733,282,513,162,890,921,701,206,697,3,930,264,391,1004,479,677,274,511,888,302,377,846,133,61,37,48,31,73,75,84,77,76,53,25,109,47,41,100,29,18,75,98,34,50,33,54,19,12,49,28,88,40,37,50,36
[ 9188.672594] [AOA] Measurement: 0,1627136806.049466,08:55:31:9b:05:29,2,1,2,0,128,816,972,674,249,928,1012,736,294,434,957,803,688,175,896,471,916,725,866,1013,931,219,384,970,417,47,1014,970,633,694,102,90,420,61,36,50,32,76,80,86,80,81,54,25,107,49,43,100,28,19,77,95,33,52,33,54,18,11,46,28,86,36,34,47,35
[ 9188.716616] [AOA] Measurement: 0,1627136806.093481,08:55:31:9b:05:29,2,1,2,0,128,358,130,244,432,979,1016,628,236,327,920,792,683,634,694,877,691,154,689,989,905,263,405,1000,466,646,252,516,865,250,361,697,803,66,41,54,34,79,80,87,82,83,59,27,109,54,49,102,31,21,80,96,37,55,36,57,20,13,53,32,87,40,37,53,37
[ 9188.771788] [AOA] Measurement: 0,1627136806.148654,08:55:31:9b:05:29,2,1,2,0,128,797,986,653,212,377,831,225,155,349,962,754,632,713,771,926,735,189,682,381,688,708,178,475,290,124,73,43,727,707,141,157,505,68,42,54,35,79,83,89,82,85,61,29,109,54,48,102,33,20,81,100,36,56,37,59,22,15,52,32,91,45,41,55,41
[ 9188.818378] [AOA] Measurement: 0,1627136806.195248,08:55:31:9b:05:29,2,1,2,0,128,878,17,668,215,377,766,174,60,379,952,180,442,604,718,881,674,220,716,492,702,168,328,421,253,43,7,60,725,693,128,576,988,60,35,47,31,75,78,84,78,82,54,24,108,49,43,99,27,17,78,96,32,49,33,52,17,11,48,28,86,37,34,47,35
[ 9188.862638] [AOA] Measurement: 0,1627136806.239507,08:55:31:9b:05:29,2,1,2,0,128,844,991,694,196,372,772,135,66,372,916,177,461,668,715,942,712,251,725,1001,894,188,365,1005,432,685,203,520,884,285,396,636,834,62,37,48,32,75,79,85,81,81,56,26,111,49,44,103,28,17,80,97,34,51,33,55,18,12,49,29,87,38,35,49,37
[ 9188.905675] [AOA] Measurement: 0,1627136806.282540,08:55:31:9b:05:29,2,1,2,0,128,328,151,157,412,978,1005,72,63,330,892,726,678,218,911,533,990,733,883,974,872,277,446,1007,489,570,204,519,862,712,129,935,190,66,43,53,35,78,82,87,83,83,61,29,110,54,49,102,33,20,81,101,37,55,39,60,21,14,53,32,91,45,40,54,41
[ 9188.949217] [AOA] Measurement: 0,1627136806.326083,08:55:31:9b:05:29,2,1,2,0,128,811,974,690,203,396,791,126,56,817,743,183,433,645,664,942,685,173,667,435,673,794,218,406,244,126,73,52,739,292,363,326,523,63,39,48,32,75,77,87,82,78,56,25,110,48,41,99,28,19,80,99,34,51,34,55,18,12,50,28,87,41,37,50,37
[ 9188.992916] [AOA] Measurement: 0,1627136806.369781,08:55:31:9b:05:29,2,1,2,0,128,316,131,607,186,349,775,150,78,876,765,206,492,656,701,992,709,225,726,1004,878,260,385,388,234,118,57,593,916,295,378,58,311,60,37,48,32,76,78,85,79,82,55,25,111,49,44,100,27,18,76,94,31,49,33,53,17,11,48,28,85,37,34,47,34
[ 9189.043452] [AOA] Measurement: 0,1627136806.420317,08:55:31:9b:05:29,2,1,2,0,128,361,148,269,471,928,1008,679,217,871,748,239,474,204,906,461,909,702,866,450,701,262,394,947,399,71,39,612,908,293,410,499,759,62,37,48,32,76,78,85,80,78,54,24,111,48,43,100,28,18,77,97,33,50,34,55,19,11,48,28,86,38,36,48,38
[ 9189.086865] [AOA] Measurement: 0,1627136806.463730,08:55:31:9b:05:29,2,1,2,0,128,902,2,220,443,960,14,673,259,387,971,726,652,156,898,450,944,744,902,987,878,156,320,435,266,64,19,981,689,758,158,717,888,66,40,54,36,78,81,88,82,83,58,28,106,53,49,102,32,21,83,98,36,57,39,59,22,14,54,33,88,40,38,52,38
[ 9189.129612] [AOA] Measurement: 0,1627136806.506477,08:55:31:9b:05:29,2,1,2,0,128,863,0,227,438,947,995,695,265,356,899,734,622,661,709,469,917,740,874,468,698,752,207,955,422,635,245,538,883,757,186,766,954,62,37,49,31,77,78,86,77,82,57,26,112,49,44,104,29,17,79,99,31,51,34,55,18,11,49,28,88,38,36,49,36
[ 9189.174128] [AOA] Measurement: 0,1627136806.550999,08:55:31:9b:05:29,2,1,2,0,128,391,218,266,454,970,1006,738,302,388,916,791,673,121,879,934,718,752,877,973,857,199,357,1015,457,626,202,560,900,287,380,978,45,62,37,49,31,75,77,85,80,79,53,25,109,48,41,102,28,17,78,97,33,50,31,54,18,12,48,29,87,37,35,49,36
[ 9189.218905] [AOA] Measurement: 0,1627136806.595774,08:55:31:9b:05:29,2,1,2,0,128,832,964,620,166,345,744,151,73,860,748,186,427,652,736,955,727,193,688,410,684,730,187,997,440,633,236,591,931,280,340,527,989,61,36,47,31,77,78,85,77,82,56,25,110,50,45,102,25,18,79,94,32,50,33,52,18,10,45,28,83,33,31,45,33
[ 9189.263730] [AOA] Measurement: 0,1627136806.640601,08:55:31:9b:05:29,2,1,2,0,128,826,998,707,254,944,976,115,69,355,915,215,451,641,704,947,717,192,675,3,925,676,183,380,213,70,8,40,720,749,185,625,924,63,36,49,30,75,79,85,76,82,55,25,111,50,45,104,28,20,79,97,33,51,34,55,19,12,48,30,86,39,35,48,36
[ 9189.305983] [AOA] Measurement: 0,1627136806.682850,08:55:31:9b:05:29,2,1,2,0,128,308,109,180,425,922,1000,711,305,431,979,762,671,157,937,478,897,726,885,892,824,682,190,1001,454,680,266,553,876,257,390,125,383,59,33,47,28,73,75,79,75,79,50,23,103,47,42,95,22,18,73,84,28,44,31,48,17,8,39,25,72,28,23,38,27
[ 9189.348897] [AOA] Measurement: 0,1627136806.725762,08:55:31:9b:05:29,2,1,2,0,128,384,183,217,438,940,1000,681,269,388,953,762,662,190,921,483,940,731,851,994,872,272,390,994,421,83,58,587,947,251,352,135,426,63,37,49,32,73,78,86,78,80,54,25,110,49,42,103,29,19,79,98,33,51,33,55,19,12,48,29,88,39,38,50,37
[ 9189.387870] [AOA] Measurement: 0,1627136806.764741,08:55:31:9b:05:29,2,1,2,0,128,348,172,254,446,968,1008,678,264,791,711,202,441,633,682,983,795,731,871,993,888,299,430,40,527,619,188,435,799,708,105,403,832,58,34,46,30,74,77,83,77,83,55,24,108,49,43,101,26,17,76,93,31,50,33,52,17,10,44,28,80,31,30,44,31
[ 9189.432568] [AOA] Measurement: 0,1627136806.809437,08:55:31:9b:05:29,2,1,2,0,128,374,180,227,473,931,1004,689,309,381,948,779,695,191,892,459,898,705,858,997,900,218,397,408,270,16,28,51,702,749,195,151,388,61,33,49,30,75,77,80,73,81,53,24,106,48,44,96,24,18,76,92,31,49,33,51,18,9,44,26,75,31,27,42,29
[ 9189.475856] [AOA] Measurement: 0,1627136806.852726,08:55:31:9b:05:29,2,1,2,0,128,439,181,262,475,912,992,651,242,415,940,777,701,198,930,478,903,144,628,468,721,698,171,406,224,116,74,569,890,283,359,394,682,59,32,47,29,75,77,82,74,83,52,23,106,48,41,96,23,18,73,87,30,47,32,50,18,9,45,26,80,30,29,40,30
[ 9189.520379] [AOA] Measurement: 0,1627136806.897245,08:55:31:9b:05:29,2,1,2,0,128,379,160,251,475,1020,1019,656,242,418,984,642,596,636,691,995,743,690,856,986,842,259,396,986,487,678,262,574,925,359,424,825,900,59,35,47,30,74,76,83,77,79,54,24,111,50,43,105,29,17,79,97,34,51,34,53,17,12,48,28,86,40,37,48,36
[ 9189.568427] [AOA] Measurement: 0,1627136806.945297,08:55:31:9b:05:29,2,1,2,0,128,336,157,665,228,380,802,130,64,831,736,185,464,183,930,429,916,828,956,947,868,267,407,1010,463,78,18,50,757,762,204,480,627,61,38,49,30,75,78,85,77,80,56,27,111,48,43,104,31,18,79,100,34,52,34,54,19,13,49,29,89,41,39,49,37
[ 9189.626392] [AOA] Measurement: 0,1627136807.003262,08:55:31:9b:05:29,2,1,2,0,128,363,147,664,217,372,780,145,48,813,732,144,400,658,704,966,736,704,862,993,929,272,407,940,479,654,233,545,903,692,154,582,915,62,38,49,31,75,79,86,79,80,55,25,110,50,44,102,29,18,79,99,33,51,34,56,18,12,48,28,86,38,37,48,36
[ 9189.664906] [AOA] Measurement: 0,1627136807.041776,08:55:31:9b:05:29,2,1,2,0,128,349,189,193,434,943,995,687,272,364,948,785,679,180,894,445,903,728,883,993,872,279,418,0,485,612,224,540,897,281,363,538,712,60,36,49,30,75,78,83,78,80,54,24,109,49,43,104,26,19,78,94,33,49,32,51,18,9,47,28,84,34,32,46,32
[ 9189.703458] [AOA] Measurement: 0,1627136807.080327,08:55:31:9b:05:29,2,1,2,0,128,395,203,223,454,941,983,692,271,347,928,817,722,170,892,944,754,738,903,1017,896,238,398,1008,479,591,221,541,875,744,168,989,145,62,36,49,29,76,77,83,76,81,53,24,109,49,44,102,26,18,78,93,31,50,34,53,18,11,47,28,83,36,32,46,33
[ 9189.754465] [AOA] Measurement: 0,1627136807.131329,08:55:31:9b:05:29,2,1,2,0,128,365,176,202,449,396,799,159,82,413,986,791,685,202,932,484,939,701,881,1011,895,255,393,947,420,101,63,579,913,382,395,320,493,63,38,49,32,74,78,87,79,77,57,24,111,48,43,100,29,18,79,99,33,51,33,54,20,12,50,28,88,42,41,51,38
[ 9189.804401] [AOA] Measurement: 0,1627136807.181273,08:55:31:9b:05:29,2,1,2,0,128,825,963,666,184,327,784,128,52,851,728,192,445,627,669,901,652,118,597,374,640,667,168,406,195,23,989,46,718,729,129,749,71,62,36,48,30,74,78,86,80,79,54,24,109,49,43,100,28,17,79,98,33,51,34,55,18,12,49,29,89,40,36,51,36
[ 9189.848338] [AOA] Measurement: 0,1627136807.225208,08:55:31:9b:05:29,2,1,2,0,128,370,142,654,244,409,834,709,275,418,979,796,711,155,895,423,926,715,872,970,876,672,161,407,236,9,10,25,709,698,145,292,545,62,38,49,32,73,76,87,78,74,53,24,109,48,42,102,31,19,78,97,33,50,34,55,20,12,48,28,88,42,39,50,37
[ 9189.891506] [AOA] Measurement: 0,1627136807.268379,08:55:31:9b:05:29,2,1,2,0,128,330,144,236,458,915,1016,623,232,439,948,752,697,191,930,473,978,708,869,982,891,248,426,1005,518,552,201,559,874,254,319,58,281,61,38,49,31,75,78,87,79,79,54,26,110,49,43,102,30,17,78,98,33,51,34,53,19,13,49,29,89,41,36,49,38
[ 9189.930439] [AOA] Measurement: 0,1627136807.307309,08:55:31:9b:05:29,2,1,2,0,128,422,196,229,460,908,992,684,253,759,667,145,434,605,662,946,733,735,863,12,915,224,376,1012,460,590,207,563,916,238,313,992,204,59,31,47,28,75,75,77,70,80,49,24,100,45,43,93,21,17,74,80,30,45,31,47,16,8,38,24,71,24,22,37,26
[ 9189.969382] [AOA] Measurement: 0,1627136807.346251,08:55:31:9b:05:29,2,1,2,0,128,367,169,202,439,953,1005,123,87,398,942,690,620,651,711,532,954,730,858,997,897,264,395,932,382,82,45,993,643,729,157,404,681,60,37,48,31,76,79,85,78,78,55,25,110,48,43,102,28,18,80,99,33,51,34,54,19,12,48,29,87,38,35,46,36
[ 9190.013831] [AOA] Measurement: 0,1627136807.390701,08:55:31:9b:05:29,2,1,2,0,128,358,164,255,480,959,5,664,220,365,913,776,707,205,928,452,922,782,866,28,932,166,353,378,231,58,20,600,941,277,358,34,132,62,39,47,32,71,75,83,78,73,51,26,109,48,41,101,29,17,76,99,33,51,34,54,18,13,48,28,88,41,39,50,38
[ 9190.056607] [AOA] Measurement: 0,1627136807.433472,08:55:31:9b:05:29,2,1,2,0,128,323,164,273,451,978,1000,746,293,417,979,761,642,147,909,958,766,741,875,1008,889,649,158,417,278,88,69,574,899,204,348,348,413,62,39,48,32,73,78,86,80,76,54,25,109,49,42,101,30,16,76,98,33,50,34,54,19,14,49,28,88,42,38,50,38
[ 9190.100536] [AOA] Measurement: 0,1627136807.477407,08:55:31:9b:05:29,2,1,2,0,128,372,191,222,413,960,991,141,68,365,943,810,691,181,916,443,917,686,846,1,931,251,391,993,458,596,198,56,749,285,386,862,1008,61,34,49,30,75,78,82,77,81,52,24,106,48,42,99,26,18,75,94,32,48,32,51,19,10,45,28,83,33,31,46,34
[ 9190.139021] [AOA] Measurement: 0,1627136807.515891,08:55:31:9b:05:29,2,1,2,0,128,877,994,730,224,398,823,204,125,422,970,779,699,108,871,466,914,749,888,401,647,768,230,3,483,633,169,53,701,678,126,146,584,59,34,49,29,74,76,82,76,83,54,24,109,50,45,100,24,19,76,91,31,47,33,50,17,8,44,27,80,32,29,45,32
[ 9190.183339] [AOA] Measurement: 0,1627136807.560209,08:55:31:9b:05:29,2,1,2,0,128,384,158,663,202,450,842,62,44,947,795,720,638,177,921,437,910,110,613,488,738,313,417,1000,479,639,244,603,897,284,368,52,365,61,38,47,32,74,77,85,80,76,55,26,111,49,41,103,30,18,77,99,33,50,33,54,18,14,49,27,88,41,39,51,39
[ 9190.234719] [AOA] Measurement: 0,1627136807.611585,08:55:31:9b:05:29,2,1,2,0,128,869,995,204,423,389,809,679,254,373,924,760,654,116,864,471,917,790,905,980,898,234,368,1005,477,618,208,609,914,325,404,926,58,60,37,47,31,76,78,85,80,82,56,24,109,48,45,100,26,18,79,92,31,48,32,51,18,10,46,26,81,32,30,44,31
[ 9190.285176] [AOA] Measurement: 0,1627136807.662041,08:55:31:9b:05:29,2,1,2,0,128,363,173,667,250,937,963,96,64,828,702,217,467,198,925,457,919,643,836,445,694,229,369,460,300,1019,26,1023,696,742,157,94,407,59,36,48,32,76,77,83,78,81,53,24,106,48,42,100,27,17,77,92,32,50,32,52,18,11,47,29,83,34,32,45,32
[ 9190.324124] [AOA] Measurement: 0,1627136807.700994,08:55:31:9b:05:29,2,1,2,0,128,824,967,688,234,398,817,126,45,886,734,184,433,608,707,960,758,198,692,419,669,715,194,456,246,57,2,71,758,695,143,354,718,61,36,47,32,73,77,85,78,82,53,24,111,50,44,103,26,17,77,94,31,48,33,51,17,10,46,27,80,32,29,43,32
[ 9190.365557] [AOA] Measurement: 0,1627136807.742422,08:55:31:9b:05:29,2,1,2,0,128,349,140,663,217,360,761,155,79,845,729,713,633,186,938,477,952,724,855,1011,883,279,398,932,391,602,179,10,694,709,106,201,410,60,36,49,30,76,79,85,79,82,56,25,110,48,44,101,26,18,80,96,33,49,33,53,19,11,46,29,86,38,33,47,36
[ 9190.406194] [AOA] Measurement: 0,1627136807.783066,08:55:31:9b:05:29,2,1,2,0,128,357,202,235,472,989,9,631,226,342,886,156,440,634,696,919,661,182,719,409,662,739,142,434,246,131,35,637,923,257,347,479,740,61,35,48,31,76,78,84,79,84,55,25,112,48,45,102,26,18,79,95,32,51,33,54,18,10,47,28,86,36,33,46,34
[ 9190.449461] [AOA] Measurement: 0,1627136807.826331,08:55:31:9b:05:29,2,1,2,0,128,816,979,632,175,427,798,173,108,367,980,839,743,183,914,444,885,737,865,385,674,729,198,390,243,135,93,556,902,738,229,441,676,62,37,50,31,76,79,85,76,82,55,25,111,50,45,103,27,17,81,96,33,51,34,53,19,12,48,28,85,37,36,48,36
[ 9190.488409] [AOA] Measurement: 0,1627136807.865278,08:55:31:9b:05:29,2,1,2,0,128,820,957,675,227,358,806,652,257,342,894,760,654,668,700,936,721,707,861,956,809,285,403,970,497,658,228,558,897,264,370,836,947,61,34,47,29,74,77,82,74,82,54,24,105,48,44,99,24,18,75,91,29,48,32,51,18,10,44,26,79,31,29,43,32
[ 9190.535329] [AOA] Measurement: 0,1627136807.912192,08:55:31:9b:05:29,2,1,2,0,128,375,191,198,408,389,826,691,276,399,952,773,691,196,900,484,897,174,669,410,695,693,184,437,252,113,22,559,900,242,342,108,389,60,39,48,32,71,75,87,80,76,54,25,107,48,42,101,30,17,77,97,33,50,34,55,18,13,48,29,88,42,40,51,38
[ 9190.580335] [AOA] Measurement: 0,1627136807.957204,08:55:31:9b:05:29,2,1,2,0,128,860,986,685,255,962,15,668,262,288,881,208,441,700,759,943,734,192,680,408,670,721,207,964,425,69,21,20,704,266,389,657,764,62,35,49,31,77,79,87,80,83,56,25,111,50,44,105,27,20,81,97,34,49,34,54,18,11,48,29,85,37,34,47,34
[ 9190.624272] [AOA] Measurement: 0,1627136808.001142,08:55:31:9b:05:29,2,1,2,0,128,367,199,265,466,976,1,655,269,401,955,723,637,220,959,470,940,754,886,4,905,178,369,1002,487,642,229,551,864,218,333,664,1008,62,37,49,31,74,79,85,79,78,54,24,109,49,44,101,28,19,80,98,34,52,35,54,18,13,48,28,85,39,36,49,37
[ 9190.669108] [AOA] Measurement: 0,1627136808.045977,08:55:31:9b:05:29,2,1,2,0,128,290,154,201,447,980,18,699,269,408,928,691,628,133,873,477,913,722,843,453,679,243,384,1021,510,656,279,598,946,352,454,745,723,62,36,50,30,76,80,86,80,83,56,25,109,50,44,104,29,18,80,100,33,52,35,55,18,11,47,29,89,39,36,49,37
[ 9190.713973] [AOA] Measurement: 0,1627136808.090843,08:55:31:9b:05:29,2,1,2,0,128,426,219,179,409,926,983,118,62,437,969,802,687,196,930,452,903,715,867,16,932,342,456,1016,518,658,266,531,891,204,358,574,780,62,38,49,32,76,77,85,78,81,55,25,110,50,45,102,27,18,78,95,33,50,34,52,19,12,48,28,86,37,35,49,35
[ 9190.759027] [AOA] Measurement: 0,1627136808.135896,08:55:31:9b:05:29,2,1,2,0,128,798,977,680,248,908,998,665,252,377,957,769,672,199,898,513,976,691,836,1001,858,709,184,367,217,99,18,39,675,763,186,414,632,68,43,55,36,79,83,91,84,85,61,29,111,54,49,102,32,21,82,99,37,56,38,60,21,14,53,32,89,44,42,54,41
[ 9190.804327] [AOA] Measurement: 0,1627136808.181191,08:55:31:9b:05:29,2,1,2,0,128,845,976,668,231,377,792,137,39,867,719,197,420,708,731,450,910,705,850,433,682,667,134,462,212,112,65,9,717,655,104,790,60,59,35,49,31,75,79,84,79,82,54,26,110,50,45,101,26,19,77,93,31,48,33,52,17,10,46,27,82,34,31,44,31
[ 9190.854655] [AOA] Measurement: 0,1627136808.231520,08:55:31:9b:05:29,2,1,2,0,128,380,199,226,483,935,1016,640,239,321,871,734,635,659,713,948,742,744,860,986,883,279,411,975,494,611,272,605,932,271,382,403,405,62,37,49,32,77,80,87,80,81,56,26,114,49,44,102,28,18,80,99,33,52,34,55,20,13,49,28,90,40,37,50,36
[ 9190.897409] [AOA] Measurement: 0,1627136808.274274,08:55:31:9b:05:29,2,1,2,0,128,382,201,128,384,959,6,693,282,378,947,801,709,200,931,500,994,742,893,983,878,278,417,7,510,632,264,604,974,266,397,896,960,66,39,51,35,80,83,88,81,85,61,29,107,55,49,100,30,21,83,98,38,56,38,59,22,12,53,31,86,42,39,52,38
[ 9190.940593] [AOA] Measurement: 0,1627136808.317457,08:55:31:9b:05:29,2,1,2,0,128,796,982,689,222,350,804,182,96,840,740,227,485,176,890,456,904,713,835,429,684,237,400,938,407,110,30,52,728,310,414,826,69,59,35,48,30,76,79,85,78,84,56,25,112,50,46,103,26,18,79,96,33,49,34,52,19,10,45,29,84,35,32,46,34
[ 9190.980893] [AOA] Measurement: 0,1627136808.357762,08:55:31:9b:05:29,2,1,2,0,128,367,162,258,507,918,989,638,227,344,877,185,429,623,707,401,873,768,932,982,891,285,417,996,493,592,225,591,937,230,310,319,458,61,36,50,31,77,80,87,81,84,57,25,111,50,44,100,26,18,80,96,33,50,34,53,19,11,48,29,84,34,33,45,33
[ 9191.019888] [AOA] Measurement: 0,1627136808.396760,08:55:31:9b:05:29,2,1,2,0,128,365,177,264,480,960,9,667,272,405,941,704,625,673,677,974,740,683,829,987,894,326,448,59,534,684,306,613,932,306,361,219,271,61,36,48,31,74,79,85,79,79,56,26,111,49,43,104,27,19,79,95,32,51,34,56,20,11,49,28,87,36,34,47,35
[ 9191.058351] [AOA] Measurement: 0,1627136808.435221,08:55:31:9b:05:29,2,1,2,0,128,344,189,263,507,929,1015,695,270,385,922,755,700,119,847,930,701,149,667,501,750,251,428,948,421,544,195,36,711,688,113,498,780,62,37,49,32,73,76,85,80,79,54,25,109,48,41,99,28,17,79,97,33,50,33,54,18,12,47,27,86,38,36,49,35
[ 9191.101963] [AOA] Measurement: 0,1627136808.478832,08:55:31:9b:05:29,2,1,2,0,128,341,171,168,409,973,1011,676,272,376,961,695,654,246,949,507,941,732,869,963,876,239,377,973,457,654,226,575,891,294,396,150,292,60,36,49,30,76,79,86,79,82,54,26,111,50,44,103,26,18,80,98,33,50,34,54,19,12,45,28,85,36,34,48,35
[ 9191.140827] [AOA] Measurement: 0,1627136808.517699,08:55:31:9b:05:29,2,1,2,0,128,735,927,758,237,404,804,148,34,866,786,830,712,162,894,513,978,652,872,1022,882,696,171,350,181,163,63,583,901,260,378,834,72,58,33,47,28,76,76,81,71,80,52,24,103,47,41,95,21,17,72,86,30,45,32,47,16,8,42,26,78,30,27,42,28
[ 9191.179598] [AOA] Measurement: 0,1627136808.556463,08:55:31:9b:05:29,2,1,2,0,128,766,979,721,279,317,773,127,31,825,726,264,519,145,840,496,951,778,926,354,603,770,218,428,216,38,2,51,766,225,328,98,279,63,37,47,32,74,76,85,79,81,54,24,111,50,44,105,29,18,79,100,33,52,34,55,20,12,49,29,87,38,35,50,36
[ 9191.223180] [AOA] Measurement: 0,1627136808.600046,08:55:31:9b:05:29,2,1,2,0,128,319,131,668,230,343,756,115,18,816,713,152,399,732,764,944,708,106,644,464,749,189,379,980,466,620,221,533,847,694,108,240,497,61,36,50,31,76,79,88,80,82,55,26,113,50,44,103,28,18,81,96,31,49,34,53,19,12,46,28,85,38,35,48,34
[ 9191.274126] [AOA] Measurement: 0,1627136808.650992,08:55:31:9b:05:29,2,1,2,0,128,831,976,675,187,364,777,178,108,380,934,789,696,135,894,502,912,778,886,962,835,652,144,372,219,119,53,999,663,757,180,499,865,61,36,47,31,75,78,84,76,83,54,25,108,48,44,98,26,17,74,93,31,50,33,53,18,10,45,27,80,31,31,44,31
[ 9191.320043] [AOA] Measurement: 0,1627136808.696913,08:55:31:9b:05:29,2,1,2,0,128,422,226,273,473,997,30,722,310,391,948,781,700,179,915,497,945,707,853,433,679,279,404,943,432,681,229,552,886,233,331,61,167,60,37,49,31,72,77,86,81,78,55,27,109,50,43,100,31,18,78,97,34,50,34,56,18,12,48,26,87,40,39,49,37
[ 9191.359007] [AOA] Measurement: 0,1627136808.735876,08:55:31:9b:05:29,2,1,2,0,128,770,944,608,175,384,800,158,53,843,727,156,415,689,771,498,959,721,859,1000,886,233,360,428,261,84,42,59,722,738,159,441,781,63,37,50,31,77,79,86,80,80,55,25,110,50,44,103,29,19,81,99,35,50,34,55,18,12,49,28,88,40,37,51,38
[ 9191.403548] [AOA] Measurement: 0,1627136808.780418,08:55:31:9b:05:29,2,1,2,0,128,826,984,697,264,966,1000,588,215,363,914,221,471,605,701,917,695,155,624,423,663,728,169,455,256,613,250,609,912,310,355,935,104,61,37,48,31,76,78,87,80,81,56,25,111,49,44,102,28,17,78,97,34,50,32,55,19,12,49,29,87,39,36,49,36
[ 9191.446732] [AOA] Measurement: 0,1627136808.823597,08:55:31:9b:05:29,2,1,2,0,128,358,170,216,443,348,770,191,151,354,915,714,609,661,726,477,931,726,860,948,841,675,196,394,254,100,53,521,842,694,139,82,472,47,20,41,21,63,62,64,57,72,43,21,85,38,37,79,15,15,64,66,24,37,26,39,13,4,33,20,60,18,16,29,20
[ 9191.490818] [AOA] Measurement: 0,1627136808.867683,08:55:31:9b:05:29,2,1,2,0,128,353,153,114,378,957,1009,690,252,466,988,731,623,157,865,926,717,170,630,456,701,726,193,986,457,697,261,591,924,238,333,926,147,62,35,49,31,76,79,84,78,82,54,24,108,50,45,102,26,18,79,91,32,49,33,52,19,9,46,28,84,35,33,45,33
[ 9191.534334] [AOA] Measurement: 0,1627136808.911203,08:55:31:9b:05:29,2,1,2,0,128,827,977,709,261,340,765,141,23,876,739,777,705,206,930,549,981,713,848,959,868,647,180,418,228,82,52,631,923,691,100,991,216,60,34,47,30,75,79,85,78,80,56,25,111,51,44,103,28,18,79,98,33,51,35,54,19,11,47,28,86,37,35,49,35
[ 9191.578230] [AOA] Measurement: 0,1627136808.955099,08:55:31:9b:05:29,2,1,2,0,128,852,966,636,197,366,795,92,46,821,676,215,425,615,684,904,709,221,697,453,678,667,150,448,258,71,1003,1014,675,748,183,196,576,61,37,49,31,76,77,86,79,81,56,24,110,49,43,101,28,17,79,98,34,50,34,55,19,12,47,28,84,37,33,47,34
[ 9191.625120] [AOA] Measurement: 0,1627136809.001989,08:55:31:9b:05:29,2,1,2,0,128,862,1000,716,268,375,781,147,42,390,933,785,730,170,894,412,870,733,897,9,888,688,168,513,292,674,286,595,928,223,322,448,749,62,37,48,31,72,75,82,78,76,53,25,107,48,42,100,30,18,75,96,33,49,32,53,18,12,49,27,88,39,37,50,37
[ 9191.671496] [AOA] Measurement: 0,1627136809.048366,08:55:31:9b:05:29,2,1,2,0,128,786,963,653,203,390,772,144,32,914,753,772,651,628,693,8,770,682,815,429,686,649,134,405,236,115,69,16,732,286,395,763,10,63,38,48,32,75,78,86,79,78,54,25,111,49,43,102,28,17,79,99,34,52,34,56,19,12,49,28,87,39,38,49,38
[ 9191.715794] [AOA] Measurement: 0,1627136809.092663,08:55:31:9b:05:29,2,1,2,0,128,416,220,204,437,883,966,126,45,918,765,786,662,238,938,544,982,766,905,7,928,232,373,958,462,633,240,603,916,257,338,782,58,57,32,48,29,76,76,80,73,83,53,24,105,47,42,96,21,18,77,87,29,46,32,50,18,9,42,26,76,29,25,42,29
[ 9191.772767] [AOA] Measurement: 0,1627136809.149636,08:55:31:9b:05:29,2,1,2,0,128,379,142,193,447,957,1014,685,271,416,1016,826,738,167,912,514,962,774,939,979,841,222,378,983,476,651,264,574,903,237,315,302,553,63,37,49,32,75,77,87,79,80,55,26,112,50,44,104,28,18,79,97,34,49,34,55,19,13,48,29,86,39,35,49,36
[ 9191.817985] [AOA] Measurement: 0,1627136809.194854,08:55:31:9b:05:29,2,1,2,0,128,820,971,203,442,957,974,681,310,399,958,722,653,135,891,438,911,669,826,1009,870,699,185,439,272,652,264,595,914,252,318,454,706,60,36,47,32,73,75,84,78,80,53,25,111,48,42,103,28,19,79,99,33,49,34,53,18,12,47,28,86,38,37,48,36
[ 9191.862943] [AOA] Measurement: 0,1627136809.239810,08:55:31:9b:05:29,2,1,2,0,128,796,944,701,219,355,815,141,91,863,740,788,687,206,933,447,901,145,644,411,677,751,191,430,203,79,8,30,691,742,176,31,475,62,37,49,31,75,78,83,78,82,54,24,111,49,43,102,26,17,78,95,32,51,34,53,19,11,48,28,84,37,35,46,35
[ 9191.911935] [AOA] Measurement: 0,1627136809.288804,08:55:31:9b:05:29,2,1,2,0,128,820,958,711,215,369,815,178,101,375,926,119,393,643,669,987,729,173,664,429,690,766,242,424,244,92,5,25,751,291,363,787,19,61,37,47,32,76,77,85,78,78,55,24,110,49,42,103,30,17,77,97,33,50,33,55,19,13,49,28,87,40,36,48,36
[ 9191.954065] [AOA] Measurement: 0,1627136809.330931,08:55:31:9b:05:29,2,1,2,0,128,843,1007,693,156,376,780,161,52,824,718,235,448,626,704,930,641,156,661,407,641,696,165,354,167,167,34,23,707,784,179,932,360,62,34,49,30,77,79,86,78,83,56,25,112,49,43,104,28,18,80,99,33,52,35,56,19,11,48,29,86,38,36,50,36
