
[ 7080.591264] [AOA] Measurement: 0,1627120756.726707,08:55:31:9b:05:29,2,1,2,0,128,592,53,127,879,618,1008,605,314,999,395,43,386,480,651,142,400,1008,825,126,717,851,898,883,569,711,794,948,485,271,39,947,704,65,63,58,63,63,63,59,67,65,63,64,68,63,63,59,65,62,58,59,63,55,62,56,52,63,67,66,59,55,67,59,63
[ 7080.638361] [AOA] Measurement: 0,1627120756.773801,08:55:31:9b:05:29,2,1,2,0,128,77,866,649,715,646,982,583,274,918,336,467,165,528,624,132,440,485,993,123,715,747,819,870,551,675,731,440,675,269,86,989,521,68,67,61,61,68,67,64,70,69,69,63,65,64,66,60,68,61,56,60,60,52,63,52,50,59,65,68,53,51,69,56,58
[ 7080.689860] [AOA] Measurement: 0,1627120756.825301,08:55:31:9b:05:29,2,1,2,0,128,600,24,159,886,86,841,62,94,425,201,465,171,965,436,649,270,509,983,101,722,729,816,890,597,648,752,485,712,325,99,329,881,65,66,60,63,67,65,61,69,71,67,66,68,68,68,63,66,62,56,60,63,51,62,53,50,62,65,66,54,51,66,55,60
[ 7080.729465] [AOA] Measurement: 0,1627120756.864910,08:55:31:9b:05:29,2,1,2,0,128,14,842,669,688,74,804,88,127,987,391,1011,354,507,656,90,397,918,796,171,798,749,899,821,518,131,550,917,428,708,861,655,478,65,65,60,61,65,65,61,70,68,67,65,69,68,69,63,67,64,58,61,66,54,61,54,51,61,67,68,54,55,69,56,61
[ 7080.767918] [AOA] Measurement: 0,1627120756.903363,08:55:31:9b:05:29,2,1,2,0,128,588,45,185,873,642,12,645,301,940,375,25,403,481,657,136,423,497,996,135,782,782,909,942,627,703,767,466,678,226,48,902,650,63,64,59,61,65,63,61,68,70,68,63,65,66,68,61,66,61,57,59,62,53,61,55,50,63,64,70,55,52,66,57,61
[ 7080.813834] [AOA] Measurement: 0,1627120756.949274,08:55:31:9b:05:29,2,1,2,0,128,572,14,648,692,656,1018,588,291,392,137,495,173,961,460,651,264,469,7,137,770,737,840,899,558,732,771,454,703,254,46,46,730,66,65,60,62,67,66,63,68,68,68,63,66,67,69,63,66,63,57,62,63,53,63,55,50,62,66,68,56,53,66,56,60
[ 7080.864520] [AOA] Measurement: 0,1627120756.999962,08:55:31:9b:05:29,2,1,2,0,128,559,23,205,909,558,963,28,104,461,217,1005,312,3,491,184,457,990,787,142,750,808,868,912,583,628,720,910,468,323,119,120,877,63,63,60,60,64,65,59,68,69,68,63,67,66,64,62,65,62,55,61,61,53,60,53,51,63,64,69,56,52,68,57,61
[ 7080.909272] [AOA] Measurement: 0,1627120757.044712,08:55:31:9b:05:29,2,1,2,0,128,81,853,666,717,44,766,99,125,481,221,460,160,1002,441,620,260,918,735,621,571,194,659,914,582,642,705,451,678,230,63,122,849,78,76,70,72,79,76,72,83,82,83,76,81,77,77,70,78,71,63,68,72,59,72,60,56,73,78,81,63,59,80,66,72
[ 7080.953844] [AOA] Measurement: 0,1627120757.089288,08:55:31:9b:05:29,2,1,2,0,128,27,878,652,688,94,830,48,98,406,174,10,367,486,653,119,402,429,986,145,780,767,882,854,553,685,794,485,697,280,128,236,858,61,59,51,59,58,60,56,65,63,61,60,65,62,60,60,61,59,55,59,63,53,63,54,50,63,65,67,55,52,62,58,63
[ 7080.996954] [AOA] Measurement: 0,1627120757.132398,08:55:31:9b:05:29,2,1,2,0,128,640,51,129,860,64,778,85,69,398,119,476,140,529,654,648,278,941,765,613,582,774,912,258,315,102,559,958,479,752,936,59,801,64,64,60,60,63,64,60,68,68,66,65,68,65,67,60,66,64,57,60,64,55,62,54,52,62,67,68,57,53,67,58,64
[ 7081.035042] [AOA] Measurement: 0,1627120757.170489,08:55:31:9b:05:29,2,1,2,0,128,615,57,153,888,679,1021,595,278,365,139,430,132,1001,460,639,267,456,993,170,791,738,840,872,560,130,555,943,490,343,101,494,170,67,68,62,64,69,67,63,70,69,67,66,68,66,67,63,66,60,55,61,63,53,64,52,49,62,65,68,54,50,68,55,60
[ 7081.080506] [AOA] Measurement: 0,1627120757.215948,08:55:31:9b:05:29,2,1,2,0,128,591,48,167,871,90,825,80,110,990,388,938,302,550,668,112,423,944,778,169,769,687,790,347,390,94,565,462,711,275,89,896,572,66,65,59,60,66,64,58,67,67,65,64,66,65,66,62,64,60,55,60,62,52,62,54,50,63,66,69,57,52,65,57,61
[ 7081.122552] [AOA] Measurement: 0,1627120757.257997,08:55:31:9b:05:29,2,1,2,0,128,587,73,137,852,651,10,629,300,3,440,1017,366,496,664,121,376,969,794,111,750,726,838,289,348,102,562,960,535,667,878,416,205,63,63,57,61,62,61,56,69,66,67,64,67,64,64,61,63,61,55,58,63,53,63,54,51,61,66,70,55,53,67,57,59
[ 7081.166688] [AOA] Measurement: 0,1627120757.302133,08:55:31:9b:05:29,2,1,2,0,128,37,867,245,911,615,992,662,316,989,412,1008,356,484,641,182,482,445,965,111,733,772,846,292,378,147,587,432,636,736,907,552,265,65,63,61,61,66,66,60,70,68,69,65,66,67,67,62,66,63,57,62,65,53,61,55,50,63,67,69,57,52,67,57,62
[ 7081.205437] [AOA] Measurement: 0,1627120757.340882,08:55:31:9b:05:29,2,1,2,0,128,89,884,632,663,98,817,135,164,966,380,494,193,981,476,181,492,470,978,150,779,694,822,901,593,617,739,412,663,227,47,311,10,63,62,57,60,60,62,59,67,69,65,63,68,65,64,60,66,62,57,61,64,54,64,54,50,63,67,70,55,53,66,55,63
[ 7081.243881] [AOA] Measurement: 0,1627120757.379326,08:55:31:9b:05:29,2,1,2,0,128,39,873,178,895,599,979,56,116,934,348,447,166,987,442,620,247,457,976,86,758,749,842,844,544,717,792,452,673,292,89,52,799,65,65,60,62,65,64,61,69,67,66,65,69,66,65,61,65,64,57,60,63,53,62,54,50,61,67,67,58,54,68,58,63
[ 7081.286214] [AOA] Measurement: 0,1627120757.421656,08:55:31:9b:05:29,2,1,2,0,128,56,878,633,651,97,788,92,125,1007,396,440,139,980,463,170,413,959,797,615,562,207,655,292,348,682,774,453,698,275,61,727,430,64,63,56,58,61,61,56,70,67,64,64,68,65,66,59,66,61,55,59,61,51,61,55,51,61,66,68,56,54,67,56,64
[ 7081.329907] [AOA] Measurement: 0,1627120757.465347,08:55:31:9b:05:29,2,1,2,0,128,594,50,172,873,616,1003,594,282,959,364,479,170,559,619,161,439,463,977,73,728,728,839,891,591,116,554,483,688,271,82,876,503,65,64,59,61,64,64,58,66,68,69,62,65,64,66,61,63,62,56,59,63,54,63,54,51,63,67,67,58,52,67,57,64
[ 7081.374191] [AOA] Measurement: 0,1627120757.509630,08:55:31:9b:05:29,2,1,2,0,128,578,58,645,658,67,781,47,96,446,178,477,187,490,646,158,468,416,944,120,758,746,831,895,588,689,759,921,469,785,899,844,599,68,66,61,66,67,66,61,73,71,68,69,72,68,69,66,68,67,61,63,66,57,68,59,56,66,72,72,61,56,71,62,68
[ 7081.426144] [AOA] Measurement: 0,1627120757.561585,08:55:31:9b:05:29,2,1,2,2,128,578,58,645,658,67,781,47,96,446,178,477,187,490,646,158,468,416,944,120,758,746,831,895,588,689,759,921,469,785,899,844,599,65,64,59,61,64,64,58,66,68,69,62,65,64,66,61,63,62,56,59,63,54,63,54,51,63,67,67,58,52,67,57,64
[ 7081.471360] [AOA] Measurement: 0,1627120757.606806,08:55:31:9b:05:29,2,1,2,0,128,100,926,115,812,54,802,88,147,992,391,465,169,952,401,651,277,914,810,595,514,274,704,913,597,674,792,427,679,252,51,86,877,66,66,60,60,65,66,61,70,67,67,64,68,66,65,64,64,61,57,59,63,54,64,55,52,63,65,68,58,55,66,58,64
[ 7081.510242] [AOA] Measurement: 0,1627120757.645687,08:55:31:9b:05:29,2,1,2,0,128,57,883,172,887,651,1003,655,326,935,350,412,118,948,422,598,231,902,759,635,566,174,654,884,575,684,712,968,492,723,891,219,951,66,66,61,63,65,64,62,69,69,67,67,68,67,67,61,68,63,56,59,64,55,64,55,50,63,65,69,55,52,67,58,62
[ 7081.554974] [AOA] Measurement: 0,1627120757.690419,08:55:31:9b:05:29,2,1,2,0,128,609,98,138,895,655,996,578,279,995,402,978,328,966,429,141,425,490,976,175,800,723,806,897,553,727,809,477,722,277,63,343,922,57,54,50,55,55,57,53,63,61,59,58,63,58,59,55,60,60,53,55,58,51,59,53,50,62,65,63,58,53,62,57,63
[ 7081.599351] [AOA] Measurement: 0,1627120757.734789,08:55:31:9b:05:29,2,1,2,0,128,547,38,663,678,669,8,642,312,959,330,53,403,498,622,151,454,436,929,618,554,196,670,911,623,703,793,497,713,281,86,244,932,66,66,61,63,65,65,60,69,68,67,64,67,66,66,63,65,60,55,60,61,52,63,52,50,62,64,68,54,51,68,56,61
[ 7081.642792] [AOA] Measurement: 0,1627120757.778236,08:55:31:9b:05:29,2,1,2,0,128,32,866,643,640,62,772,69,89,392,187,78,405,489,655,560,192,925,800,147,768,730,822,892,550,680,767,421,628,286,66,583,224,67,67,60,62,66,65,61,69,69,67,65,68,65,66,60,66,61,56,60,60,53,62,53,50,62,66,67,56,53,67,58,60
[ 7081.694729] [AOA] Measurement: 0,1627120757.830174,08:55:31:9b:05:29,2,1,2,0,128,21,889,608,659,94,819,76,85,997,394,1004,352,554,688,105,456,385,936,615,567,192,696,288,335,658,762,925,469,750,890,629,457,63,64,59,63,65,64,61,68,70,68,66,67,64,65,61,66,64,57,60,64,54,64,57,53,63,65,68,57,52,69,58,63
[ 7081.742946] [AOA] Measurement: 0,1627120757.878389,08:55:31:9b:05:29,2,1,2,0,128,21,841,234,949,649,994,601,305,884,300,504,193,499,618,124,434,481,981,113,784,794,876,914,624,665,772,422,630,299,80,947,612,56,60,56,50,61,54,56,51,56,60,51,52,52,55,52,56,42,37,49,45,34,46,36,32,44,47,48,39,36,52,40,39
[ 7081.787781] [AOA] Measurement: 0,1627120757.923226,08:55:31:9b:05:29,2,1,2,0,128,562,1018,648,728,653,983,639,314,951,347,25,353,494,654,196,486,509,1012,136,746,740,832,868,579,645,744,494,690,264,74,650,292,64,63,57,59,62,63,59,69,68,68,65,68,65,66,61,66,61,57,60,63,54,61,56,53,62,66,68,57,53,66,57,63
[ 7081.832572] [AOA] Measurement: 0,1627120757.968013,08:55:31:9b:05:29,2,1,2,0,128,641,78,204,923,634,2,649,336,16,419,993,320,501,638,641,257,945,787,643,580,712,782,887,588,693,767,478,695,238,67,395,71,67,66,60,63,67,63,59,68,69,68,64,67,66,66,61,68,62,56,61,64,53,63,54,49,62,64,68,54,51,65,57,59
[ 7081.882681] [AOA] Measurement: 0,1627120758.018124,08:55:31:9b:05:29,2,1,2,0,128,566,30,171,883,96,802,71,121,417,197,24,365,453,617,161,452,442,951,625,579,183,629,326,379,664,779,486,695,278,65,270,983,67,66,63,63,68,66,62,69,68,68,65,67,67,67,64,66,63,58,61,64,54,65,54,51,63,66,70,57,53,69,58,64
[ 7081.933114] [AOA] Measurement: 0,1627120758.068556,08:55:31:9b:05:29,2,1,2,0,128,533,35,143,861,617,979,655,325,957,386,17,384,534,712,120,427,432,952,162,749,719,854,848,557,703,794,410,679,335,124,242,801,64,64,59,61,63,64,60,67,69,68,64,68,66,67,62,65,62,58,59,64,54,59,54,51,63,67,68,56,53,66,58,63
[ 7081.978151] [AOA] Measurement: 0,1627120758.113597,08:55:31:9b:05:29,2,1,2,0,128,561,24,178,856,66,806,103,156,372,166,31,406,503,629,209,470,463,965,187,791,679,828,894,591,635,758,451,658,727,900,100,920,63,60,56,59,62,61,58,68,64,65,62,67,62,63,60,60,62,56,56,61,53,61,54,53,62,66,67,58,55,64,59,65
[ 7082.022639] [AOA] Measurement: 0,1627120758.158084,08:55:31:9b:05:29,2,1,2,0,128,637,53,159,853,641,1004,615,299,973,371,35,436,488,611,621,250,956,792,635,537,220,716,896,567,635,721,505,716,282,76,94,827,59,59,51,58,58,58,53,66,62,60,61,67,62,60,57,63,61,57,57,61,51,59,54,51,62,64,64,58,54,64,57,62
[ 7082.071769] [AOA] Measurement: 0,1627120758.207213,08:55:31:9b:05:29,2,1,2,0,128,586,55,158,862,80,780,82,82,416,191,536,182,498,627,665,284,451,973,638,575,227,660,312,354,113,538,972,481,278,90,577,254,65,65,61,62,65,64,60,68,68,68,64,69,67,68,62,66,61,57,62,64,54,62,54,51,65,65,67,56,53,65,56,60
[ 7082.111093] [AOA] Measurement: 0,1627120758.246533,08:55:31:9b:05:29,2,1,2,0,128,591,42,598,650,28,788,69,98,406,169,444,146,1016,492,602,223,937,806,595,543,735,841,793,493,654,747,457,687,262,66,578,317,66,66,58,60,65,64,57,68,66,68,65,68,66,66,62,65,62,58,61,64,55,62,53,49,62,67,69,55,53,68,57,62
[ 7082.158772] [AOA] Measurement: 0,1627120758.294217,08:55:31:9b:05:29,2,1,2,0,128,57,874,649,704,61,821,69,98,471,237,38,436,470,589,99,446,433,971,580,529,227,656,297,337,649,723,911,461,785,918,756,544,65,66,62,63,67,66,59,68,70,69,65,67,65,66,62,66,61,55,61,61,51,60,51,48,60,62,66,52,51,65,51,54
[ 7082.202762] [AOA] Measurement: 0,1627120758.338209,08:55:31:9b:05:29,2,1,2,0,128,599,50,155,901,580,993,658,316,918,336,13,407,485,651,612,245,445,973,145,717,735,816,346,381,633,773,905,455,762,922,345,33,64,63,58,61,64,64,56,69,66,66,65,68,65,67,62,65,64,57,59,62,55,62,56,51,63,64,68,58,56,66,59,64
[ 7082.244964] [AOA] Measurement: 0,1627120758.380404,08:55:31:9b:05:29,2,1,2,0,128,69,907,639,685,117,836,650,323,913,339,25,366,571,685,207,486,538,1009,130,764,788,876,869,571,134,559,939,494,775,943,316,27,60,61,56,60,59,61,55,65,64,61,61,68,63,63,58,62,62,57,58,61,53,60,54,52,62,66,67,58,54,66,57,65
[ 7082.288262] [AOA] Measurement: 0,1627120758.423703,08:55:31:9b:05:29,2,1,2,0,128,576,51,160,874,626,1021,93,155,990,402,1021,376,439,592,125,413,451,991,138,767,783,874,854,561,702,789,482,715,237,66,877,494,66,64,60,64,67,65,60,68,70,71,65,68,67,67,62,66,62,55,59,62,54,62,54,49,63,63,69,55,51,68,57,61
[ 7082.332864] [AOA] Measurement: 0,1627120758.468310,08:55:31:9b:05:29,2,1,2,0,128,582,37,168,837,600,977,26,113,379,192,419,106,967,393,641,270,962,775,645,596,176,652,382,425,664,729,466,689,651,872,571,317,68,67,61,64,67,65,62,69,69,70,66,68,67,69,61,68,62,54,61,63,52,60,53,48,60,62,66,53,51,64,55,58
[ 7082.387696] [AOA] Measurement: 0,1627120758.523136,08:55:31:9b:05:29,2,1,2,0,128,43,878,635,677,116,828,42,95,412,194,497,168,965,440,646,266,959,803,667,604,190,670,246,329,132,555,859,439,748,924,397,118,63,63,55,60,62,61,57,67,65,65,62,64,64,61,59,62,61,56,57,62,51,59,53,51,61,65,67,57,54,63,56,63
[ 7082.431135] [AOA] Measurement: 0,1627120758.566578,08:55:31:9b:05:29,2,1,2,0,128,638,77,211,894,640,993,606,279,944,369,1022,342,969,436,575,209,938,779,579,550,147,647,307,365,688,797,474,686,278,87,307,831,64,63,60,63,66,66,61,66,70,70,65,67,65,67,63,68,63,57,62,62,53,62,54,50,63,65,69,56,51,66,54,60
[ 7082.476547] [AOA] Measurement: 0,1627120758.611992,08:55:31:9b:05:29,2,1,2,0,128,599,42,152,865,32,788,92,104,1020,429,25,374,580,721,153,483,429,948,135,754,183,635,283,323,157,585,514,683,277,72,754,435,64,64,57,62,62,64,60,67,66,64,63,66,65,63,61,65,61,56,57,62,52,63,54,51,61,66,67,55,55,66,58,62
[ 7082.519405] [AOA] Measurement: 0,1627120758.654849,08:55:31:9b:05:29,2,1,2,0,128,553,35,153,857,673,3,661,332,967,378,992,317,522,654,119,404,447,968,256,842,773,833,900,556,762,832,510,708,261,43,562,254,60,56,52,58,57,59,54,64,62,61,60,65,62,62,58,61,61,54,58,61,54,62,55,50,61,64,67,55,55,65,59,62
[ 7082.563769] [AOA] Measurement: 0,1627120758.699215,08:55:31:9b:05:29,2,1,2,0,128,660,66,189,900,619,1021,612,283,997,408,13,395,504,642,147,416,463,1018,166,810,182,641,882,541,687,764,432,646,267,90,418,128,61,59,55,58,58,60,51,67,64,65,61,66,61,63,59,62,61,56,57,62,51,61,54,51,62,67,68,57,54,66,55,62
[ 7082.607413] [AOA] Measurement: 0,1627120758.742859,08:55:31:9b:05:29,2,1,2,0,128,604,26,202,885,99,819,615,305,990,381,14,387,440,588,123,431,497,998,174,752,701,782,875,578,661,792,477,697,216,62,798,592,66,64,58,63,67,64,59,68,67,68,65,68,68,67,63,65,62,57,62,65,53,62,54,50,62,65,67,58,53,67,59,62
[ 7082.645982] [AOA] Measurement: 0,1627120758.781427,08:55:31:9b:05:29,2,1,2,0,128,605,62,87,832,648,1009,610,263,967,369,493,151,529,630,574,225,419,931,113,738,724,843,874,559,733,799,475,695,248,76,112,830,65,66,60,61,65,65,60,68,68,65,65,69,65,65,62,66,61,58,61,64,54,64,56,51,63,67,68,58,56,68,59,64
[ 7082.688992] [AOA] Measurement: 0,1627120758.824438,08:55:31:9b:05:29,2,1,2,0,128,626,63,169,876,684,1017,596,279,437,205,1019,370,553,666,99,400,447,943,160,765,714,837,878,542,84,537,497,681,261,73,648,240,65,65,61,63,64,65,62,68,68,69,64,67,66,67,62,66,61,55,61,62,53,63,53,50,62,67,67,56,51,67,57,61
[ 7082.730188] [AOA] Measurement: 0,1627120758.865628,08:55:31:9b:05:29,2,1,2,0,128,551,18,169,885,643,1017,594,321,944,354,5,386,484,642,145,448,494,1009,195,810,698,853,841,537,647,750,883,474,271,71,196,886,62,63,58,63,66,62,59,66,68,67,63,68,65,66,62,66,59,57,61,64,53,64,53,49,58,63,68,54,51,66,56,59
[ 7082.773509] [AOA] Measurement: 0,1627120758.908957,08:55:31:9b:05:29,2,1,2,0,128,582,8,254,976,607,1006,658,331,976,404,16,399,560,662,155,442,495,980,135,766,744,831,886,527,727,805,405,628,285,82,29,698,59,55,51,56,56,58,53,64,59,61,57,65,59,61,56,60,61,55,54,60,54,62,55,52,61,67,67,58,55,66,59,66
[ 7082.817109] [AOA] Measurement: 0,1627120758.952554,08:55:31:9b:05:29,2,1,2,0,128,583,65,166,864,607,996,17,84,403,165,513,188,994,446,603,214,923,774,610,542,210,669,874,548,109,537,488,703,262,81,426,999,67,63,60,64,65,65,60,71,69,65,67,71,68,68,64,68,66,61,61,66,58,65,58,56,67,70,72,62,59,70,62,70
[ 7082.856394] [AOA] Measurement: 0,1627120758.991837,08:55:31:9b:05:29,2,1,2,0,128,552,45,626,651,672,982,606,279,958,347,1001,352,502,651,572,221,959,794,610,554,738,818,298,355,727,804,884,453,753,890,774,479,63,65,59,61,65,64,61,67,67,65,62,67,66,66,62,66,62,57,59,64,51,61,55,51,65,66,68,56,52,68,58,62
[ 7082.900744] [AOA] Measurement: 0,1627120759.036186,08:55:31:9b:05:29,2,1,2,0,128,638,57,173,885,647,1012,640,321,979,398,22,385,465,645,165,451,412,954,93,717,770,873,812,556,734,804,510,697,355,113,665,378,66,65,58,62,65,64,61,70,67,65,64,67,67,66,61,65,61,58,60,62,55,62,55,52,64,66,68,58,53,66,58,63
[ 7082.951282] [AOA] Measurement: 0,1627120759.086725,08:55:31:9b:05:29,2,1,2,0,128,103,886,584,646,18,768,113,141,335,121,345,87,965,442,617,253,495,991,138,744,172,618,257,302,102,553,939,508,673,872,260,112,67,65,58,63,66,65,58,68,69,67,65,69,67,65,62,67,63,58,60,62,55,61,56,51,64,66,69,56,55,66,58,63
[ 7083.001895] [AOA] Measurement: 0,1627120759.137339,08:55:31:9b:05:29,2,1,2,0,128,598,46,153,889,95,847,583,244,989,360,428,138,520,645,624,262,508,992,128,758,770,880,940,614,717,816,541,722,272,68,890,523,62,62,59,63,64,65,61,70,67,65,64,67,66,67,58,64,61,57,60,63,52,62,54,50,61,65,68,56,52,66,57,60
[ 7083.052871] [AOA] Measurement: 0,1627120759.188312,08:55:31:9b:05:29,2,1,2,0,128,40,845,659,695,114,807,26,70,465,228,73,432,516,632,118,438,441,943,649,613,184,642,285,368,163,584,916,467,759,936,653,402,66,63,58,62,64,62,60,70,68,68,65,67,66,66,59,66,62,57,61,65,55,64,57,52,63,67,68,57,55,68,58,63
[ 7083.107289] [AOA] Measurement: 0,1627120759.242735,08:55:31:9b:05:29,2,1,2,0,128,42,858,226,921,647,1017,57,164,942,351,11,375,10,462,189,456,494,1013,187,802,756,859,812,508,726,778,530,716,308,81,768,492,65,65,57,62,64,64,60,67,66,65,62,67,64,65,61,63,63,58,59,64,53,64,54,51,65,67,66,57,55,66,59,63
[ 7083.145895] [AOA] Measurement: 0,1627120759.281341,08:55:31:9b:05:29,2,1,2,0,128,565,2,175,859,67,829,89,104,469,221,39,383,529,666,163,457,469,964,154,785,718,840,881,515,680,762,479,696,244,57,1005,797,62,65,58,60,66,64,59,68,70,68,64,67,65,64,62,65,62,55,60,61,53,62,55,50,61,67,67,56,52,68,56,59
[ 7083.187488] [AOA] Measurement: 0,1627120759.322931,08:55:31:9b:05:29,2,1,2,0,128,0,844,663,710,620,989,635,306,932,349,0,370,479,601,103,416,489,977,173,777,752,841,829,513,144,590,464,665,293,104,428,10,68,71,65,68,71,69,66,74,74,73,69,72,70,73,68,71,66,62,64,68,58,67,59,54,67,70,73,61,56,71,63,68
[ 7083.226188] [AOA] Measurement: 0,1627120759.361633,08:55:31:9b:05:29,2,1,2,0,128,641,83,152,859,662,1021,611,297,957,383,447,165,990,491,574,226,929,769,610,555,186,642,921,571,107,557,905,470,785,937,772,501,56,53,51,55,55,59,52,64,59,58,59,64,60,61,57,58,58,53,56,59,51,60,53,49,59,63,66,58,52,63,58,65
[ 7083.267454] [AOA] Measurement: 0,1627120759.402897,08:55:31:9b:05:29,2,1,2,0,128,69,885,218,890,602,977,6,79,393,168,436,143,491,659,80,417,448,976,649,582,751,826,850,548,707,835,420,634,720,867,99,883,65,64,61,63,67,66,61,68,70,69,64,68,68,68,60,66,60,58,61,64,53,61,53,51,60,67,69,56,51,68,55,60
[ 7083.309678] [AOA] Measurement: 0,1627120759.445123,08:55:31:9b:05:29,2,1,2,0,128,656,78,208,908,634,991,622,279,982,390,1020,344,509,604,676,277,427,962,566,535,752,862,927,610,724,795,462,687,221,56,232,0,65,64,57,61,64,65,60,69,67,68,64,68,64,65,62,65,63,57,59,63,54,63,54,52,63,66,69,58,55,67,58,65
[ 7083.358452] [AOA] Measurement: 0,1627120759.493895,08:55:31:9b:05:29,2,1,2,0,128,88,905,157,880,638,988,74,116,389,153,479,169,980,463,598,208,941,784,617,578,126,572,297,304,696,767,405,637,779,930,976,771,64,64,58,61,62,60,57,67,66,65,64,67,64,66,61,66,63,56,60,63,54,61,55,53,63,68,68,58,53,64,59,63
[ 7083.401437] [AOA] Measurement: 0,1627120759.536884,08:55:31:9b:05:29,2,1,2,0,128,577,12,183,880,646,1014,70,111,935,368,4,334,480,620,660,287,448,942,137,757,198,645,339,359,696,764,391,644,262,62,422,97,65,66,60,63,65,64,59,68,67,66,64,65,66,67,61,67,61,55,61,64,54,64,54,51,61,64,67,56,54,67,58,62
[ 7083.439754] [AOA] Measurement: 0,1627120759.575197,08:55:31:9b:05:29,2,1,2,0,128,654,121,173,877,611,974,604,289,31,440,3,375,474,626,589,238,897,735,616,574,173,637,387,409,67,516,457,709,283,62,827,546,66,63,57,61,63,63,61,69,66,65,65,66,67,66,60,66,63,56,61,63,54,63,54,51,61,64,68,56,53,65,57,62
[ 7083.483774] [AOA] Measurement: 0,1627120759.619219,08:55:31:9b:05:29,2,1,2,0,128,586,15,136,858,51,795,6,66,387,149,554,183,485,637,165,453,450,980,123,750,723,854,880,567,678,790,442,650,248,65,888,535,64,63,56,59,65,63,60,65,69,66,64,67,63,65,61,64,61,56,57,62,54,62,55,52,62,66,69,58,55,67,59,64
[ 7083.527157] [AOA] Measurement: 0,1627120759.662604,08:55:31:9b:05:29,2,1,2,0,128,685,96,189,916,590,960,656,334,946,349,49,385,503,663,98,452,486,1014,155,790,748,812,877,570,690,778,425,660,241,58,648,313,62,60,53,59,59,60,55,66,63,63,60,66,61,60,58,63,59,55,59,61,53,62,54,51,62,67,69,58,56,64,59,64
[ 7083.573156] [AOA] Measurement: 0,1627120759.708596,08:55:31:9b:05:29,2,1,2,0,128,22,838,660,705,644,4,12,80,457,203,453,154,999,464,616,248,462,998,140,726,775,852,882,561,636,735,908,468,731,890,311,72,67,64,60,62,65,62,59,70,68,67,64,67,67,67,61,66,63,56,59,63,50,62,53,51,63,64,67,56,53,65,57,63
[ 7083.623406] [AOA] Measurement: 0,1627120759.758846,08:55:31:9b:05:29,2,1,2,0,128,632,53,693,707,46,849,1004,93,386,145,403,104,1005,444,573,221,948,805,549,502,262,678,258,333,139,571,916,454,732,880,582,300,64,64,59,63,64,61,59,66,68,67,64,67,67,65,61,66,62,55,61,62,54,62,55,50,62,66,66,54,52,66,56,60
[ 7083.668149] [AOA] Measurement: 0,1627120759.803594,08:55:31:9b:05:29,2,1,2,0,128,612,57,166,902,653,24,563,237,963,350,994,347,507,656,130,456,421,987,143,765,745,861,817,542,657,724,463,673,776,908,36,762,66,66,62,62,68,66,61,68,68,68,64,68,65,67,62,65,61,53,60,61,53,61,54,50,61,66,68,55,51,67,56,62
[ 7083.712668] [AOA] Measurement: 0,1627120759.848114,08:55:31:9b:05:29,2,1,2,0,128,593,53,130,859,57,810,42,106,36,418,11,396,434,611,587,255,901,762,636,572,242,664,362,387,163,575,434,654,240,70,199,930,66,64,59,62,63,61,59,67,68,65,64,68,66,66,61,64,62,58,58,59,55,64,55,50,63,66,69,57,55,66,58,65
[ 7083.763100] [AOA] Measurement: 0,1627120759.898543,08:55:31:9b:05:29,2,1,2,0,128,571,3,588,666,83,823,1007,46,423,179,487,186,530,609,656,277,952,797,617,551,187,642,349,401,64,565,446,625,810,938,237,974,69,67,63,66,70,67,62,71,72,72,69,73,70,71,65,70,66,61,64,68,59,67,60,55,69,71,74,63,59,71,62,70
[ 7083.813783] [AOA] Measurement: 0,1627120759.949226,08:55:31:9b:05:29,2,1,2,0,128,590,51,177,868,691,20,582,278,982,361,10,377,512,655,114,446,482,983,113,729,719,819,357,376,660,731,439,630,760,910,310,30,70,73,67,67,73,73,69,74,75,75,69,72,71,73,67,71,65,58,66,67,55,66,56,52,65,68,71,57,54,70,59,61
[ 7083.856670] [AOA] Measurement: 0,1627120759.992110,08:55:31:9b:05:29,2,1,2,0,128,54,851,223,895,685,28,614,273,994,394,14,382,937,395,589,189,881,696,588,494,206,630,329,370,700,759,444,668,235,37,637,358,68,68,62,66,70,69,65,75,74,72,69,69,72,71,65,72,67,60,65,70,56,67,59,53,68,72,74,60,57,72,60,66
[ 7083.900281] [AOA] Measurement: 0,1627120760.035720,08:55:31:9b:05:29,2,1,2,0,128,609,79,150,869,605,974,623,319,972,408,427,168,938,426,605,215,942,809,161,749,232,687,887,571,594,727,457,690,250,73,492,222,61,63,58,61,62,63,58,67,67,65,66,67,66,66,60,64,62,57,58,64,54,61,55,51,63,66,68,57,53,67,56,63
[ 7083.939267] [AOA] Measurement: 0,1627120760.074713,08:55:31:9b:05:29,2,1,2,0,128,638,90,193,905,692,30,602,307,940,365,3,372,937,439,642,278,497,994,120,730,767,853,814,515,732,785,490,682,320,105,952,490,62,61,58,60,62,62,56,67,66,67,63,66,65,66,60,66,62,57,59,61,54,62,54,52,61,67,69,56,53,66,57,62
[ 7083.983821] [AOA] Measurement: 0,1627120760.119266,08:55:31:9b:05:29,2,1,2,0,128,32,862,624,661,131,809,109,141,430,166,520,213,533,678,630,251,491,1005,159,742,739,818,280,320,122,548,938,474,770,950,861,555,70,70,65,67,69,67,66,74,73,70,70,71,71,72,64,70,65,61,63,67,57,67,58,53,67,72,71,61,55,70,60,65
[ 7084.028962] [AOA] Measurement: 0,1627120760.164404,08:55:31:9b:05:29,2,1,2,0,128,1,847,635,684,69,785,87,114,386,140,458,130,963,464,611,269,453,995,106,738,179,605,384,400,112,581,949,470,796,962,965,717,65,64,58,62,64,64,59,69,70,69,66,69,68,68,61,68,61,57,60,63,54,64,55,51,64,66,68,57,54,67,58,63
[ 7084.072524] [AOA] Measurement: 0,1627120760.207970,08:55:31:9b:05:29,2,1,2,0,128,562,1023,600,613,61,797,74,93,377,174,471,154,943,415,614,276,473,971,138,767,731,818,294,371,692,773,887,445,748,896,139,958,66,65,59,62,64,64,61,70,69,66,65,66,65,63,62,65,59,57,59,62,53,61,55,52,62,63,67,54,53,67,58,60
[ 7084.116207] [AOA] Measurement: 0,1627120760.251652,08:55:31:9b:05:29,2,1,2,0,128,55,894,183,903,633,1000,596,279,982,373,407,123,995,451,678,249,924,800,112,746,759,829,262,309,132,580,937,475,735,886,170,7,66,63,60,61,64,64,60,68,67,69,65,66,66,68,61,64,62,57,59,62,54,62,55,51,64,67,68,54,53,67,56,60
[ 7084.154758] [AOA] Measurement: 0,1627120760.290204,08:55:31:9b:05:29,2,1,2,0,128,643,86,216,920,704,43,553,258,974,409,53,409,561,739,108,412,503,1021,124,734,742,831,803,530,697,774,452,668,272,100,34,714,65,64,57,60,63,63,60,69,66,64,63,66,64,64,61,65,60,56,58,62,53,63,54,50,63,67,68,56,52,68,57,62
[ 7084.193728] [AOA] Measurement: 0,1627120760.329173,08:55:31:9b:05:29,2,1,2,0,128,625,70,174,886,46,783,58,112,456,211,18,404,517,636,140,435,445,975,179,773,766,825,311,364,106,583,915,446,786,912,348,12,66,62,55,62,61,64,57,72,68,66,66,68,67,65,63,66,65,58,59,65,57,63,58,54,65,68,71,61,58,68,61,70
[ 7084.236484] [AOA] Measurement: 0,1627120760.371926,08:55:31:9b:05:29,2,1,2,0,128,629,89,133,842,616,991,647,334,1002,397,28,384,560,689,229,510,429,975,122,740,690,783,271,314,113,546,932,499,278,72,665,354,62,62,57,60,60,60,57,67,64,65,63,65,64,64,61,63,62,57,58,62,54,62,56,52,62,66,68,56,53,66,60,63
[ 7084.291131] [AOA] Measurement: 0,1627120760.426571,08:55:31:9b:05:29,2,1,2,0,128,609,35,200,922,570,974,107,126,378,158,498,221,968,453,553,200,964,793,609,555,184,653,363,389,695,739,871,459,785,936,750,504,66,67,59,62,68,66,61,71,70,67,64,67,66,66,60,65,62,56,59,61,54,62,54,50,62,65,68,56,53,68,55,59
[ 7084.337135] [AOA] Measurement: 0,1627120760.472580,08:55:31:9b:05:29,2,1,2,0,128,564,32,185,871,98,823,50,113,398,156,54,392,523,656,154,454,425,936,605,539,181,632,301,339,719,793,411,673,223,20,46,774,66,62,60,61,64,64,56,69,66,66,63,67,65,66,62,64,62,56,59,64,54,62,54,49,61,66,66,58,55,65,59,64
[ 7084.381515] [AOA] Measurement: 0,1627120760.516959,08:55:31:9b:05:29,2,1,2,0,128,597,70,120,847,84,834,65,80,411,177,27,380,1002,413,656,226,960,780,173,780,726,772,293,352,100,525,464,684,236,35,292,72,66,65,60,60,65,64,61,70,66,69,64,69,66,66,62,67,61,58,60,61,55,64,54,50,62,66,69,57,53,68,58,62
[ 7084.420240] [AOA] Measurement: 0,1627120760.555685,08:55:31:9b:05:29,2,1,2,0,128,572,37,186,880,618,958,58,90,990,380,1013,369,436,609,633,231,468,987,95,737,224,680,331,370,95,523,898,496,232,46,63,722,58,58,52,58,58,60,54,65,62,63,60,66,61,62,57,62,62,54,57,62,53,59,54,52,62,67,68,59,55,65,57,64
[ 7084.459525] [AOA] Measurement: 0,1627120760.594970,08:55:31:9b:05:29,2,1,2,0,128,24,875,176,872,703,61,608,316,994,437,35,381,495,671,198,473,472,988,162,771,737,836,847,543,631,714,902,518,724,936,461,160,67,66,60,64,65,64,62,68,68,68,65,68,66,67,61,66,61,56,60,63,54,62,53,51,62,64,68,55,53,64,58,63
[ 7084.503998] [AOA] Measurement: 0,1627120760.639442,08:55:31:9b:05:29,2,1,2,0,128,612,23,151,856,604,980,630,279,1008,378,477,200,502,674,565,228,907,759,625,558,725,819,903,606,647,733,507,697,292,93,756,395,64,65,61,62,66,64,60,68,65,66,63,65,65,65,60,67,62,56,59,64,53,61,53,52,62,67,68,56,52,67,58,63
[ 7084.547331] [AOA] Measurement: 0,1627120760.682774,08:55:31:9b:05:29,2,1,2,0,128,522,1018,190,887,102,794,110,132,385,168,531,217,492,624,657,273,469,972,116,754,778,840,851,584,627,729,937,480,257,103,539,174,65,63,59,61,65,65,60,69,67,68,64,66,65,65,62,64,62,57,59,63,55,63,54,52,62,66,68,58,55,67,58,65
[ 7084.586654] [AOA] Measurement: 0,1627120760.722100,08:55:31:9b:05:29,2,1,2,0,128,647,45,146,891,600,1014,578,313,972,385,23,369,528,671,152,457,460,980,163,800,767,852,882,562,702,765,485,702,197,33,927,610,67,67,60,65,68,65,62,69,68,67,66,66,67,67,63,66,60,54,59,62,52,63,53,49,60,64,67,54,50,68,56,57
[ 7084.631445] [AOA] Measurement: 0,1627120760.766886,08:55:31:9b:05:29,2,1,2,0,128,580,32,622,681,580,933,93,110,396,151,472,194,912,383,631,268,511,14,105,747,724,832,317,359,95,556,894,484,724,888,43,853,68,69,62,66,68,68,64,72,72,72,68,71,71,70,67,71,67,61,65,68,59,67,58,55,67,72,74,59,58,72,62,67
[ 7084.675775] [AOA] Measurement: 0,1627120760.811220,08:55:31:9b:05:29,2,1,2,0,128,617,63,621,689,635,984,64,117,1011,415,33,382,538,643,593,222,451,976,140,739,169,634,884,569,108,561,922,513,269,94,476,61,66,64,59,65,64,67,61,73,67,67,66,71,66,64,64,68,65,61,62,66,58,66,57,55,65,70,73,62,60,69,64,69
[ 7084.714201] [AOA] Measurement: 0,1627120760.849645,08:55:31:9b:05:29,2,1,2,0,128,621,54,132,843,132,844,663,322,928,384,17,348,495,627,136,405,438,977,642,632,175,657,873,543,631,735,468,687,333,100,563,215,52,54,50,45,57,53,57,49,55,58,47,46,48,54,48,51,40,34,48,42,32,45,31,29,39,38,42,31,32,45,37,33
[ 7084.758636] [AOA] Measurement: 0,1627120760.894075,08:55:31:9b:05:29,2,1,2,0,128,85,895,630,681,108,787,95,130,454,186,1006,365,557,657,170,449,436,975,158,755,703,803,919,591,694,807,491,716,314,80,112,771,63,62,56,60,62,61,59,67,66,64,65,67,64,65,60,64,61,56,58,62,53,62,54,51,63,66,69,58,55,66,59,64
[ 7084.802981] [AOA] Measurement: 0,1627120760.938421,08:55:31:9b:05:29,2,1,2,0,128,568,25,158,869,569,963,111,131,941,349,32,406,529,710,74,401,478,972,106,762,791,852,893,594,774,806,454,672,308,98,409,74,72,71,67,68,73,70,67,74,72,73,69,73,73,72,69,73,66,61,66,68,57,68,60,55,67,70,75,61,59,72,63,67
[ 7084.853246] [AOA] Measurement: 0,1627120760.988686,08:55:31:9b:05:29,2,1,2,0,128,544,10,201,903,747,36,610,307,1005,386,7,354,518,666,109,405,466,978,213,794,769,879,905,586,713,803,462,673,294,93,332,977,68,67,62,65,70,69,66,73,73,73,68,73,71,71,67,71,66,60,64,67,57,67,57,53,66,71,73,59,57,71,60,65
[ 7084.900140] [AOA] Measurement: 0,1627120761.035585,08:55:31:9b:05:29,2,1,2,0,128,665,68,143,841,610,982,642,325,987,388,59,422,521,632,582,222,494,986,605,580,183,647,315,379,630,708,443,676,299,127,95,700,67,67,62,63,66,67,61,68,69,68,65,65,66,67,64,65,60,55,62,61,53,61,53,51,62,65,67,54,53,66,54,57
[ 7084.948171] [AOA] Measurement: 0,1627120761.083614,08:55:31:9b:05:29,2,1,2,0,128,86,899,652,670,114,843,624,291,376,135,470,120,971,439,625,227,992,811,141,770,735,822,838,551,130,579,533,707,235,77,97,784,62,63,55,59,57,61,55,65,61,64,60,64,63,63,59,62,60,56,54,59,53,61,54,52,63,64,66,58,53,66,58,62
[ 7084.992423] [AOA] Measurement: 0,1627120761.127863,08:55:31:9b:05:29,2,1,2,0,128,643,60,183,901,644,987,618,298,972,390,456,147,488,633,124,414,954,815,628,590,746,849,896,594,662,740,914,454,293,105,984,663,71,73,64,66,71,70,68,75,73,74,69,73,71,71,67,71,65,60,65,67,55,64,57,51,64,70,72,59,54,69,60,63
[ 7085.049902] [AOA] Measurement: 0,1627120761.185342,08:55:31:9b:05:29,2,1,2,0,128,632,65,168,887,635,1013,644,324,967,388,1003,356,485,604,88,361,939,794,125,766,220,673,851,542,681,734,961,486,744,902,546,281,66,67,61,63,67,65,62,67,70,68,66,68,65,68,62,68,60,56,61,64,52,63,51,49,62,66,68,54,50,65,55,58
[ 7085.093722] [AOA] Measurement: 0,1627120761.229168,08:55:31:9b:05:29,2,1,2,0,128,590,51,183,880,628,1006,606,291,961,340,451,126,13,467,157,457,488,979,185,782,730,844,922,549,715,780,443,695,300,70,120,887,61,60,56,59,63,61,55,68,66,66,62,66,66,63,60,64,62,57,57,63,53,62,53,52,62,66,66,59,55,65,59,66
[ 7085.137410] [AOA] Measurement: 0,1627120761.272856,08:55:31:9b:05:29,2,1,2,0,128,554,34,237,902,561,967,97,123,962,389,473,154,996,440,613,205,979,807,165,787,746,846,797,524,85,550,502,694,269,65,212,976,70,67,61,63,67,67,64,73,73,72,67,73,70,69,63,69,63,60,62,66,58,68,61,55,68,70,72,61,56,69,61,67
[ 7085.176482] [AOA] Measurement: 0,1627120761.311928,08:55:31:9b:05:29,2,1,2,0,128,17,834,606,647,110,811,34,77,466,193,476,186,914,422,612,181,955,818,602,563,170,619,319,342,148,549,856,424,673,866,604,442,65,65,60,62,64,64,63,70,70,69,63,66,67,67,63,64,61,55,58,64,53,62,53,51,62,65,68,56,53,66,55,63
[ 7085.215045] [AOA] Measurement: 0,1627120761.350490,08:55:31:9b:05:29,2,1,2,0,128,549,50,119,855,682,16,655,318,922,332,21,378,455,644,149,455,467,991,167,796,758,859,907,588,655,760,478,679,253,65,582,317,67,66,58,62,67,64,62,69,68,68,64,68,66,67,62,64,62,57,60,63,55,64,56,51,63,65,69,58,53,68,59,63
[ 7085.254812] [AOA] Measurement: 0,1627120761.390257,08:55:31:9b:05:29,2,1,2,0,128,82,886,216,892,628,996,647,333,958,365,1014,308,536,651,177,456,501,990,162,802,786,893,894,601,661,771,404,625,698,877,532,345,66,65,62,63,67,68,62,68,71,70,66,69,65,69,63,66,63,57,60,65,54,63,53,52,62,66,69,56,54,68,58,63
[ 7085.298487] [AOA] Measurement: 0,1627120761.433932,08:55:31:9b:05:29,2,1,2,0,128,616,55,666,675,72,796,42,92,407,139,499,171,979,408,623,257,955,779,583,514,178,639,375,400,100,589,893,478,253,46,454,213,65,68,61,62,66,64,64,68,70,70,65,68,66,67,63,65,59,55,61,63,52,62,52,50,60,64,67,54,52,66,55,60
[ 7085.337225] [AOA] Measurement: 0,1627120761.472671,08:55:31:9b:05:29,2,1,2,0,128,605,65,148,858,78,809,35,111,1012,384,71,422,488,618,603,284,435,986,569,512,216,663,359,389,119,566,483,683,731,917,224,1022,67,67,60,63,65,64,62,66,69,69,63,67,67,67,60,68,61,56,60,63,52,63,53,49,62,64,68,55,52,68,57,59
[ 7085.381914] [AOA] Measurement: 0,1627120761.517355,08:55:31:9b:05:29,2,1,2,0,128,599,29,184,910,645,1021,615,286,972,367,25,355,513,634,183,467,472,1015,85,736,790,835,854,546,706,801,476,665,383,147,560,211,66,66,58,60,64,63,60,66,67,66,63,66,66,66,62,65,62,55,60,63,54,63,52,50,62,65,65,56,52,67,57,60
[ 7085.432500] [AOA] Measurement: 0,1627120761.567943,08:55:31:9b:05:29,2,1,2,0,128,44,861,659,670,73,777,112,124,362,109,476,148,966,457,143,408,482,1008,126,785,725,839,308,333,103,557,949,502,708,871,990,750,63,62,57,60,62,62,57,68,66,64,63,68,66,66,60,64,61,57,60,62,54,61,55,50,62,66,68,56,55,66,59,60
[ 7085.483558] [AOA] Measurement: 0,1627120761.618999,08:55:31:9b:05:29,2,1,2,0,128,641,80,242,941,600,958,621,319,992,431,31,419,510,641,161,439,491,6,160,777,743,866,919,585,738,855,396,658,314,74,389,994,66,63,58,62,65,65,59,68,65,63,64,68,63,63,62,63,62,57,60,62,54,61,53,52,62,67,68,58,54,66,57,65
[ 7085.528265] [AOA] Measurement: 0,1627120761.663712,08:55:31:9b:05:29,2,1,2,0,128,52,889,154,852,58,811,91,128,965,379,19,393,525,638,138,418,463,1004,180,772,825,890,884,613,703,800,454,691,265,72,1012,579,64,65,59,63,65,64,58,68,67,66,63,67,65,66,61,65,63,57,61,63,54,63,55,51,63,68,70,57,53,66,57,62
[ 7085.573331] [AOA] Measurement: 0,1627120761.708775,08:55:31:9b:05:29,2,1,2,0,128,30,863,694,723,611,1010,63,96,990,384,976,327,514,626,135,460,431,958,600,546,693,829,916,618,675,743,458,681,269,68,181,946,65,64,59,60,62,63,60,68,69,68,65,67,63,67,61,64,60,54,60,63,51,61,53,48,59,63,67,52,49,66,54,56
[ 7085.617362] [AOA] Measurement: 0,1627120761.752807,08:55:31:9b:05:29,2,1,2,0,128,67,857,656,709,672,9,599,290,412,195,1021,347,933,422,621,240,455,961,221,798,826,893,838,527,661,767,421,643,289,57,153,825,64,65,60,64,66,66,61,68,67,67,65,67,65,67,61,66,60,55,58,63,52,62,53,50,62,65,69,54,51,66,58,60
[ 7085.656268] [AOA] Measurement: 0,1627120761.791714,08:55:31:9b:05:29,2,1,2,0,128,596,47,205,912,604,966,589,273,353,126,500,181,546,639,104,398,908,756,679,610,717,831,884,551,664,729,924,462,719,870,749,461,58,55,51,57,59,59,55,66,64,60,60,66,59,61,57,61,61,57,55,59,52,60,54,51,61,65,67,56,55,62,57,64
[ 7085.699774] [AOA] Measurement: 0,1627120761.835214,08:55:31:9b:05:29,2,1,2,0,128,25,843,626,694,94,791,70,141,929,335,490,203,1019,481,594,257,462,993,153,791,717,864,843,548,647,730,909,472,730,896,327,123,67,67,59,61,68,65,61,68,68,69,66,65,66,66,60,66,58,54,59,60,50,62,53,46,59,60,65,51,48,65,53,55
[ 7085.742661] [AOA] Measurement: 0,1627120761.878107,08:55:31:9b:05:29,2,1,2,0,128,591,42,125,852,118,860,681,391,894,346,52,417,494,655,600,268,445,978,169,757,816,897,903,561,702,812,482,673,268,83,327,34,66,67,60,62,66,65,63,69,70,66,66,68,65,65,62,67,62,56,60,63,52,62,52,50,61,67,69,55,52,66,56,60
[ 7085.787129] [AOA] Measurement: 0,1627120761.922575,08:55:31:9b:05:29,2,1,2,0,128,549,16,170,878,584,994,623,327,1022,371,1011,396,482,610,168,487,415,924,139,763,154,649,926,595,676,695,468,663,286,98,668,365,67,67,61,63,67,66,62,69,69,68,66,67,67,67,61,65,62,55,60,64,53,63,54,48,61,66,67,56,52,67,57,60
[ 7085.826344] [AOA] Measurement: 0,1627120761.961790,08:55:31:9b:05:29,2,1,2,0,128,579,43,163,866,661,1017,656,318,985,415,1022,365,547,682,157,457,442,994,146,767,750,891,869,582,705,789,460,688,277,46,634,288,64,66,61,63,67,64,64,69,69,69,66,68,67,67,61,69,60,55,59,61,54,64,54,50,63,64,66,54,52,67,56,60
[ 7085.871000] [AOA] Measurement: 0,1627120762.006446,08:55:31:9b:05:29,2,1,2,0,128,584,36,177,875,643,1023,584,288,386,169,572,235,504,628,647,286,902,781,622,553,798,865,808,480,168,589,436,638,749,900,631,429,67,66,60,62,66,66,62,67,68,70,63,68,65,67,61,65,58,54,61,61,50,62,51,48,59,62,65,51,47,65,54,55
[ 7085.911024] [AOA] Measurement: 0,1627120762.046464,08:55:31:9b:05:29,2,1,2,0,128,11,824,675,709,42,783,93,125,388,149,465,167,1009,442,644,233,938,783,609,543,188,604,291,331,122,544,928,476,287,109,299,1020,65,67,61,61,67,64,59,68,71,69,63,68,66,67,62,66,60,58,61,64,55,62,53,51,63,67,69,57,53,67,58,60
[ 7085.958871] [AOA] Measurement: 0,1627120762.094316,08:55:31:9b:05:29,2,1,2,0,128,54,851,180,890,650,997,611,281,949,351,10,378,522,666,631,227,915,755,634,560,222,703,894,570,674,784,468,675,285,50,481,162,65,65,61,63,67,64,60,68,70,69,64,65,67,68,62,65,62,56,60,61,52,63,54,50,64,67,70,56,51,67,59,61
[ 7086.003480] [AOA] Measurement: 0,1627120762.138924,08:55:31:9b:05:29,2,1,2,0,128,77,905,568,654,83,816,105,112,459,204,33,443,530,678,172,477,458,982,117,740,741,886,875,611,634,736,451,689,226,56,917,568,63,65,60,60,67,64,63,61,67,67,60,60,63,67,60,63,52,49,58,57,45,57,47,43,55,56,60,47,44,62,50,50
[ 7086.048199] [AOA] Measurement: 0,1627120762.183647,08:55:31:9b:05:29,2,1,2,0,128,559,53,186,906,617,1009,634,310,1001,419,979,339,545,676,180,492,486,1005,191,798,737,855,878,595,670,739,457,641,701,883,466,262,66,66,62,63,68,64,62,65,69,70,65,65,65,68,61,68,59,53,61,61,49,60,50,46,58,60,64,51,47,63,53,55
[ 7086.093229] [AOA] Measurement: 0,1627120762.228676,08:55:31:9b:05:29,2,1,2,0,128,603,27,136,851,106,806,637,331,950,370,1006,376,546,634,131,387,470,954,596,555,779,899,885,581,645,717,439,661,743,935,71,804,62,60,55,60,60,60,55,67,65,65,60,65,64,62,60,62,61,56,56,62,52,62,53,51,63,65,67,57,55,64,59,64
[ 7086.136755] [AOA] Measurement: 0,1627120762.272200,08:55:31:9b:05:29,2,1,2,0,128,576,26,149,856,647,1006,622,306,914,323,57,422,544,691,89,399,480,994,150,758,763,873,899,528,672,740,955,509,285,65,587,329,67,64,60,63,65,65,60,69,69,68,64,69,65,65,62,66,61,58,61,64,53,62,55,52,63,65,68,56,54,68,57,64
[ 7086.176887] [AOA] Measurement: 0,1627120762.312333,08:55:31:9b:05:29,2,1,2,0,128,629,61,178,909,626,975,621,303,992,388,1015,386,556,689,116,439,445,969,646,565,188,656,293,358,647,772,457,726,316,94,1015,596,63,60,54,58,60,62,57,67,65,65,63,68,64,62,58,63,62,56,58,62,53,59,54,51,62,66,66,58,55,64,56,65
[ 7086.221126] [AOA] Measurement: 0,1627120762.356571,08:55:31:9b:05:29,2,1,2,0,128,575,33,196,934,608,985,24,75,443,198,467,167,990,476,613,239,968,813,142,759,176,615,325,384,691,728,407,650,235,18,445,175,63,64,57,61,64,63,60,68,67,67,62,64,63,63,61,66,64,56,58,64,54,62,55,51,63,65,67,57,55,68,58,61
[ 7086.260848] [AOA] Measurement: 0,1627120762.396289,08:55:31:9b:05:29,2,1,2,0,128,606,39,213,908,625,998,609,347,980,414,36,401,508,648,121,417,521,993,173,790,769,854,877,537,733,784,405,652,219,55,899,552,64,63,57,60,63,65,61,68,67,66,64,67,65,64,62,65,61,57,60,63,53,61,55,50,63,66,67,56,53,68,57,64
[ 7086.308589] [AOA] Measurement: 0,1627120762.444034,08:55:31:9b:05:29,2,1,2,0,128,602,23,109,844,616,976,662,300,965,395,57,387,593,692,205,472,513,1006,163,794,725,822,849,550,713,751,442,683,237,63,794,562,66,68,62,62,67,65,62,66,70,70,62,65,64,66,61,64,58,55,60,62,50,61,52,48,60,62,66,51,51,65,54,56
[ 7086.353099] [AOA] Measurement: 0,1627120762.488545,08:55:31:9b:05:29,2,1,2,0,128,11,881,654,672,674,2,44,135,371,165,501,223,1022,515,100,423,471,987,170,772,782,888,815,521,186,576,466,701,266,86,877,525,65,65,58,62,64,62,61,69,68,67,65,68,64,64,61,65,61,57,58,64,54,62,55,52,63,66,66,58,54,67,60,63
[ 7086.395140] [AOA] Measurement: 0,1627120762.530579,08:55:31:9b:05:29,2,1,2,0,128,576,41,167,885,592,1003,585,261,358,124,506,180,8,477,668,268,477,990,136,731,211,655,869,558,678,739,446,653,321,104,222,898,64,64,58,60,66,64,61,68,68,68,63,67,67,65,61,63,61,56,59,63,52,62,55,50,62,66,68,57,54,66,59,62
[ 7086.438653] [AOA] Measurement: 0,1627120762.574093,08:55:31:9b:05:29,2,1,2,0,128,581,29,163,864,598,989,63,131,414,175,510,202,14,500,607,241,880,762,658,633,742,860,805,508,762,841,470,665,188,38,539,299,66,63,59,61,64,63,60,69,67,65,64,67,63,63,62,67,62,58,61,63,54,62,54,52,63,67,68,59,55,68,58,65
[ 7086.483587] [AOA] Measurement: 0,1627120762.619033,08:55:31:9b:05:29,2,1,2,0,128,688,76,178,907,623,1011,610,310,945,373,1015,375,452,600,581,186,917,764,579,533,239,695,296,341,113,531,875,422,716,891,896,677,70,72,65,66,72,68,64,73,74,71,70,70,69,70,65,71,64,59,63,66,55,65,54,52,65,66,71,55,52,69,57,61
[ 7086.527460] [AOA] Measurement: 0,1627120762.662904,08:55:31:9b:05:29,2,1,2,0,128,668,57,134,881,684,9,567,238,984,373,13,362,979,453,659,269,491,1022,142,792,766,860,869,548,723,791,474,713,263,53,366,50,58,52,50,56,56,60,53,65,62,62,59,63,63,60,59,61,60,55,56,61,54,58,54,52,60,64,67,56,52,66,58,64
[ 7086.566260] [AOA] Measurement: 0,1627120762.701705,08:55:31:9b:05:29,2,1,2,0,128,46,836,618,690,99,808,1010,62,433,170,465,157,989,447,631,268,480,982,160,781,707,812,317,355,683,777,482,688,308,109,845,463,65,67,59,64,65,65,59,67,68,65,63,67,66,66,62,65,60,57,61,64,54,61,54,50,62,67,67,56,52,67,57,62
[ 7086.609954] [AOA] Measurement: 0,1627120762.745399,08:55:31:9b:05:29,2,1,2,0,128,619,76,161,890,628,1011,36,98,935,343,465,178,957,464,610,205,489,1008,119,723,736,851,866,581,666,758,496,682,249,69,151,809,63,65,58,60,62,62,56,65,67,66,66,66,65,66,63,66,60,55,60,59,49,61,53,49,61,65,66,54,51,66,55,59
[ 7086.649379] [AOA] Measurement: 0,1627120762.784820,08:55:31:9b:05:29,2,1,2,0,128,628,112,147,872,676,8,558,276,972,387,9,350,534,649,609,252,924,780,605,545,222,648,274,304,667,781,445,645,686,869,68,908,66,66,60,61,67,65,61,67,68,68,63,65,66,69,61,67,61,55,59,62,50,59,50,48,59,63,67,52,49,65,54,56
[ 7086.692774] [AOA] Measurement: 0,1627120762.828220,08:55:31:9b:05:29,2,1,2,0,128,66,891,205,888,620,1001,23,120,993,353,27,372,547,692,64,383,945,811,599,583,247,651,364,381,741,810,473,688,294,56,948,728,64,69,62,62,66,65,63,66,69,70,64,64,65,69,60,67,59,54,59,61,50,61,51,47,59,60,64,50,49,65,54,55
[ 7086.737153] [AOA] Measurement: 0,1627120762.872598,08:55:31:9b:05:29,2,1,2,0,128,653,102,142,895,686,20,629,332,947,401,58,420,455,633,180,468,429,984,171,775,736,860,913,594,677,764,470,692,328,91,824,383,59,58,54,58,60,59,55,67,62,63,62,65,64,62,59,62,63,56,56,60,53,61,54,53,63,67,66,59,55,65,57,66
[ 7086.776363] [AOA] Measurement: 0,1627120762.911809,08:55:31:9b:05:29,2,1,2,0,128,594,49,659,693,61,750,114,126,442,189,463,177,525,644,565,222,538,1010,135,756,175,630,944,629,651,717,422,665,243,51,848,617,65,63,56,60,62,63,56,69,65,68,65,67,66,65,59,62,61,57,56,61,54,62,53,52,64,67,68,57,54,67,58,66
[ 7086.822744] [AOA] Measurement: 0,1627120762.958184,08:55:31:9b:05:29,2,1,2,0,128,655,89,135,884,632,1012,600,279,911,339,18,390,463,648,158,441,451,969,159,770,135,602,321,373,115,563,469,674,727,884,463,279,65,66,60,62,66,66,63,69,69,68,66,65,64,65,60,66,60,56,60,62,52,60,51,48,59,65,67,55,50,65,54,59
[ 7086.873442] [AOA] Measurement: 0,1627120763.008882,08:55:31:9b:05:29,2,1,2,0,128,58,882,681,684,81,795,625,296,976,359,1007,349,516,664,215,482,443,965,188,789,747,850,800,516,701,757,947,488,754,906,713,435,64,64,59,62,64,64,60,70,67,66,65,65,65,64,60,65,60,58,61,65,55,63,54,51,64,66,69,57,53,65,59,63
[ 7086.919464] [AOA] Measurement: 0,1627120763.054912,08:55:31:9b:05:29,2,1,2,0,128,554,0,152,865,692,1020,601,290,1002,395,12,393,487,620,129,414,923,766,661,596,736,862,817,544,691,739,935,507,258,74,41,771,66,68,60,61,69,65,63,68,70,69,64,66,66,68,60,67,60,54,60,62,53,61,52,50,61,63,68,54,51,66,56,59
[ 7086.965434] [AOA] Measurement: 0,1627120763.100880,08:55:31:9b:05:29,2,1,2,0,128,597,69,208,893,640,1010,67,73,420,216,18,374,569,710,512,206,937,797,570,506,207,652,349,370,177,589,858,453,287,71,972,802,66,64,59,62,64,65,61,69,68,66,65,67,65,65,60,63,62,55,60,63,54,63,53,50,63,66,69,56,53,67,55,61
[ 7087.008852] [AOA] Measurement: 0,1627120763.144296,08:55:31:9b:05:29,2,1,2,0,128,600,37,172,861,648,11,654,306,931,353,1014,361,558,661,161,439,506,992,94,743,752,866,843,537,705,802,481,709,267,76,760,328,72,71,64,67,72,69,67,73,74,73,68,70,71,72,68,70,66,61,64,68,56,67,58,53,67,70,74,60,56,74,61,63
[ 7087.053854] [AOA] Measurement: 0,1627120763.189294,08:55:31:9b:05:29,2,1,2,0,128,593,53,166,900,597,991,87,125,995,402,19,376,483,638,596,215,484,993,132,775,738,806,904,599,674,744,449,676,239,62,64,779,65,66,61,63,65,65,60,68,69,67,65,69,65,68,61,67,60,56,61,63,51,63,53,49,62,66,67,53,51,66,55,61
[ 7087.104172] [AOA] Measurement: 0,1627120763.239612,08:55:31:9b:05:29,2,1,2,0,128,586,34,624,684,643,997,111,113,960,381,30,392,991,456,121,412,434,966,95,758,710,780,333,391,667,755,906,448,743,907,534,283,64,66,61,63,68,66,62,67,69,70,65,69,66,68,62,67,61,55,60,63,52,61,55,50,62,66,67,54,52,67,59,61
[ 7087.149135] [AOA] Measurement: 0,1627120763.284579,08:55:31:9b:05:29,2,1,2,0,128,636,74,152,877,35,788,55,111,992,369,444,141,516,678,129,441,474,987,74,713,803,846,927,616,664,759,446,689,232,84,508,191,65,67,60,61,65,65,60,70,69,70,64,66,67,67,62,67,60,55,60,61,53,62,55,49,62,64,66,55,50,66,53,58
[ 7087.194185] [AOA] Measurement: 0,1627120763.329630,08:55:31:9b:05:29,2,1,2,0,128,612,56,151,878,652,1008,580,272,5,399,38,391,513,650,211,507,530,1014,172,810,779,845,862,591,741,812,474,693,334,128,906,534,66,66,61,61,66,65,62,68,70,70,67,68,67,66,64,67,62,56,60,61,53,63,52,50,62,64,68,53,50,67,54,59
[ 7087.237951] [AOA] Measurement: 0,1627120763.373397,08:55:31:9b:05:29,2,1,2,0,128,56,857,611,662,78,800,149,174,967,345,505,201,518,649,573,245,491,992,103,766,165,623,374,416,98,582,921,508,729,900,306,77,65,64,58,59,63,63,60,68,67,64,64,68,65,66,61,67,63,57,62,64,52,62,52,49,61,65,68,55,52,68,58,62
[ 7087.283337] [AOA] Measurement: 0,1627120763.418778,08:55:31:9b:05:29,2,1,2,0,128,556,1013,688,722,596,983,595,267,1005,412,101,415,543,666,166,479,419,962,134,737,745,833,882,564,760,840,395,628,251,31,204,967,66,65,60,62,63,63,60,70,67,67,64,67,65,64,61,65,61,56,60,62,54,62,54,51,61,65,68,55,51,66,56,60
[ 7087.334503] [AOA] Measurement: 0,1627120763.469943,08:55:31:9b:05:29,2,1,2,0,128,602,55,601,638,136,828,12,85,422,184,457,130,977,488,580,209,888,787,644,574,263,698,309,333,668,774,456,697,217,41,963,725,64,62,55,59,58,61,57,67,64,63,62,67,64,63,58,62,61,53,55,59,53,59,53,52,62,66,67,58,54,65,57,64
[ 7087.379494] [AOA] Measurement: 0,1627120763.514935,08:55:31:9b:05:29,2,1,2,0,128,632,48,129,869,631,1011,587,272,1000,363,1015,405,457,624,165,433,536,1010,152,741,776,861,840,576,644,734,429,661,709,869,717,510,64,62,58,62,62,63,56,67,64,67,65,65,61,62,58,62,60,55,58,61,52,62,51,48,60,63,65,51,48,63,53,56
[ 7087.424290] [AOA] Measurement: 0,1627120763.559730,08:55:31:9b:05:29,2,1,2,0,128,566,33,219,867,672,1003,599,279,920,366,16,369,445,615,200,447,437,967,155,764,171,628,292,330,137,566,823,409,795,917,863,640,65,63,58,60,61,62,58,70,66,67,64,67,66,66,60,65,61,56,58,62,53,61,54,50,64,66,67,56,53,67,58,63
[ 7087.477421] [AOA] Measurement: 0,1627120763.612863,08:55:31:9b:05:29,2,1,2,0,128,11,844,200,894,115,813,1010,51,419,162,464,147,991,435,621,262,922,794,157,757,766,847,828,500,98,542,884,450,761,886,499,273,65,64,59,63,64,64,61,67,69,68,64,67,65,64,60,65,57,55,60,62,51,61,52,47,60,63,66,53,50,68,55,56
[ 7087.523434] [AOA] Measurement: 0,1627120763.658882,08:55:31:9b:05:29,2,1,2,0,128,654,72,144,895,601,996,551,261,998,386,996,362,956,447,178,468,463,978,128,741,752,810,895,580,674,760,480,688,254,79,921,611,69,68,64,65,70,69,64,73,74,73,70,72,69,72,66,71,68,60,63,69,57,65,59,54,68,71,72,60,56,72,62,67
[ 7087.567956] [AOA] Measurement: 0,1627120763.703399,08:55:31:9b:05:29,2,1,2,0,128,648,69,593,674,53,756,20,54,396,149,521,205,471,606,636,277,893,773,582,547,153,609,392,422,680,730,464,627,735,901,339,131,71,72,66,68,73,70,68,74,76,74,71,69,71,73,64,68,65,59,64,66,54,65,55,51,63,66,70,55,52,71,57,60
[ 7087.612454] [AOA] Measurement: 0,1627120763.747895,08:55:31:9b:05:29,2,1,2,0,128,609,49,572,669,64,782,101,158,423,176,451,145,945,440,637,247,942,780,563,571,198,651,309,332,130,605,945,481,778,961,278,71,66,65,59,61,66,63,60,68,69,67,63,66,66,63,59,66,60,56,59,62,53,62,54,51,61,67,68,57,53,67,57,64
[ 7087.663044] [AOA] Measurement: 0,1627120763.798487,08:55:31:9b:05:29,2,1,2,0,128,574,39,123,836,657,1021,626,289,1004,414,62,420,522,648,135,463,506,1007,133,735,764,841,867,578,721,760,442,691,297,84,986,584,65,63,57,62,63,62,60,68,67,67,63,66,65,66,62,66,63,58,61,63,53,60,53,51,63,66,66,56,54,67,58,64
[ 7087.712321] [AOA] Measurement: 0,1627120763.847762,08:55:31:9b:05:29,2,1,2,0,128,603,75,168,876,633,969,27,117,947,371,994,333,497,642,196,482,482,985,152,799,730,849,894,594,617,742,871,468,743,902,814,640,65,65,60,61,62,63,61,67,68,67,65,68,66,65,61,64,60,57,58,62,53,61,53,50,60,63,66,56,51,65,55,60
[ 7087.762794] [AOA] Measurement: 0,1627120763.898235,08:55:31:9b:05:29,2,1,2,0,128,603,30,165,850,670,6,620,304,31,421,981,372,509,656,128,448,450,958,558,494,177,654,360,373,695,759,869,454,688,878,844,598,70,70,64,67,70,68,66,73,73,73,69,71,71,73,66,69,62,61,65,69,55,66,57,54,64,69,73,58,55,73,62,64
[ 7087.815327] [AOA] Measurement: 0,1627120763.950768,08:55:31:9b:05:29,2,1,2,0,128,628,68,139,848,618,1005,49,106,417,177,502,182,531,669,118,400,555,1016,84,732,791,847,828,539,109,578,966,508,725,883,998,760,66,64,60,63,65,65,62,69,67,69,64,68,67,66,62,68,62,56,60,62,51,60,54,50,60,63,66,54,52,65,55,59
[ 7087.859867] [AOA] Measurement: 0,1627120763.995308,08:55:31:9b:05:29,2,1,2,0,128,22,854,628,687,632,1013,645,322,997,392,1004,382,507,615,122,392,963,804,566,540,193,668,313,378,125,573,468,696,300,85,128,800,65,61,56,61,64,63,59,67,68,68,64,68,64,62,60,62,63,57,57,62,52,63,54,52,62,66,68,57,53,66,58,62
[ 7087.903520] [AOA] Measurement: 0,1627120764.038965,08:55:31:9b:05:29,2,1,2,0,128,578,55,140,854,602,968,50,82,917,358,502,182,535,654,614,226,473,979,143,744,722,832,861,580,675,747,461,701,263,60,752,494,65,64,58,61,63,64,60,67,67,65,63,65,65,65,60,66,61,56,59,62,53,63,55,52,61,65,69,55,53,67,58,64
[ 7087.952637] [AOA] Measurement: 0,1627120764.088076,08:55:31:9b:05:29,2,1,2,0,128,610,33,145,901,618,992,617,318,977,366,526,192,527,672,594,238,944,787,157,784,795,899,919,632,659,789,422,671,286,87,92,814,61,60,51,57,60,60,54,65,64,63,60,65,60,59,59,59,60,54,56,62,53,61,54,52,59,65,67,58,53,63,58,64
[ 7087.999225] [AOA] Measurement: 0,1627120764.134671,08:55:31:9b:05:29,2,1,2,0,128,630,32,261,932,629,997,548,250,392,187,472,180,984,463,585,243,961,798,646,572,238,634,904,594,715,773,913,482,245,40,922,523,67,66,60,61,66,64,61,69,70,69,63,67,68,68,62,67,62,56,60,63,53,61,52,50,60,66,68,54,50,67,56,61
[ 7088.044046] [AOA] Measurement: 0,1627120764.179491,08:55:31:9b:05:29,2,1,2,0,128,591,58,156,857,676,12,560,265,374,134,467,200,517,658,590,207,928,783,659,586,223,662,844,547,661,723,869,449,301,79,441,99,66,66,60,63,66,66,62,69,68,69,67,66,65,66,61,64,61,55,58,63,52,62,53,50,61,66,66,54,50,67,56,61
[ 7088.088371] [AOA] Measurement: 0,1627120764.223811,08:55:31:9b:05:29,2,1,2,0,128,600,25,165,857,607,1003,646,304,958,385,44,417,510,642,157,442,441,964,163,796,725,842,868,574,668,752,906,471,250,52,291,41,65,64,60,62,64,63,58,68,65,64,64,68,65,64,62,66,63,56,59,64,53,61,53,51,60,65,68,55,51,64,57,63
[ 7088.132487] [AOA] Measurement: 0,1627120764.267928,08:55:31:9b:05:29,2,1,2,0,128,638,93,127,865,622,979,582,267,414,185,46,412,544,738,158,494,458,960,553,512,167,649,316,336,100,527,906,439,689,867,562,374,67,67,62,62,65,64,62,68,67,68,65,66,66,69,59,68,59,55,60,60,51,60,51,47,59,61,64,51,48,66,52,55
[ 7088.183133] [AOA] Measurement: 0,1627120764.318574,08:55:31:9b:05:29,2,1,2,0,128,582,42,181,903,580,981,608,296,435,175,467,174,1005,486,621,236,937,805,588,544,159,634,275,327,692,774,453,697,734,863,364,103,72,71,65,67,69,68,64,71,71,71,71,70,70,70,66,71,66,61,64,69,57,66,57,54,65,70,71,61,55,72,63,67
[ 7088.226497] [AOA] Measurement: 0,1627120764.361937,08:55:31:9b:05:29,2,1,2,0,128,551,27,222,920,592,992,49,94,447,223,3,351,484,668,129,433,494,996,219,807,758,869,827,510,722,794,476,665,245,56,142,917,65,66,61,63,66,66,61,67,69,69,63,65,67,67,61,66,60,56,59,65,52,62,52,50,60,65,68,54,53,68,57,61
[ 7088.269595] [AOA] Measurement: 0,1627120764.405035,08:55:31:9b:05:29,2,1,2,0,128,600,33,206,907,653,1004,605,268,417,191,447,158,557,663,132,427,458,1000,127,745,712,780,899,574,711,758,487,684,224,81,225,919,71,71,66,66,72,69,63,73,73,72,68,70,70,70,64,70,65,60,65,67,57,67,58,52,67,68,72,59,56,72,63,66
[ 7088.309018] [AOA] Measurement: 0,1627120764.444463,08:55:31:9b:05:29,2,1,2,0,128,80,847,646,699,680,994,646,297,1016,415,35,391,508,679,131,412,479,996,138,752,754,850,848,553,685,795,422,631,716,881,973,624,63,63,58,61,63,64,60,67,66,65,63,66,65,65,61,65,63,57,59,62,54,61,54,50,63,65,69,57,54,65,60,65
[ 7088.353527] [AOA] Measurement: 0,1627120764.488973,08:55:31:9b:05:29,2,1,2,0,128,612,51,134,915,647,2,613,334,974,378,58,461,566,704,230,521,481,999,147,750,734,829,775,503,147,588,972,515,248,36,94,868,77,73,67,68,75,73,69,81,79,80,75,80,75,77,69,78,71,63,68,72,59,70,59,56,70,77,79,62,60,78,64,72
[ 7088.399021] [AOA] Measurement: 0,1627120764.534464,08:55:31:9b:05:29,2,1,2,0,128,566,16,223,906,596,994,640,290,973,361,33,372,493,627,588,237,487,999,163,775,688,795,858,537,704,775,900,478,215,63,415,140,72,72,66,66,74,71,66,72,74,73,68,70,68,70,67,70,63,57,67,67,52,64,55,49,63,67,71,52,52,68,55,58
[ 7088.442815] [AOA] Measurement: 0,1627120764.578257,08:55:31:9b:05:29,2,1,2,0,128,1002,827,676,661,89,799,119,151,865,307,486,164,499,676,214,479,472,979,100,743,735,832,293,340,111,544,902,459,794,936,26,799,64,62,58,60,63,64,59,67,68,69,65,66,66,65,60,66,61,54,61,62,53,61,53,50,61,66,68,54,51,68,57,59
[ 7088.493410] [AOA] Measurement: 0,1627120764.628850,08:55:31:9b:05:29,2,1,2,0,128,59,898,604,658,46,803,93,115,395,170,453,165,997,480,562,218,927,777,173,768,219,635,286,324,100,570,918,451,729,869,324,179,67,65,61,63,68,65,62,66,70,66,64,65,65,67,60,67,56,53,60,61,50,60,49,47,57,60,64,50,46,65,51,52
[ 7088.539909] [AOA] Measurement: 0,1627120764.675354,08:55:31:9b:05:29,2,1,2,0,128,622,62,139,842,89,798,1001,62,420,175,454,124,1002,434,516,210,924,784,583,558,170,646,232,297,131,595,945,501,735,916,4,849,62,62,56,61,62,62,54,68,64,63,61,66,62,62,61,65,62,56,59,61,55,60,54,52,62,68,69,57,54,66,58,63
[ 7088.584163] [AOA] Measurement: 0,1627120764.719608,08:55:31:9b:05:29,2,1,2,0,128,588,24,193,892,623,1004,641,334,10,442,1008,374,516,646,176,510,537,11,215,804,735,862,831,515,91,545,493,716,265,76,829,544,64,66,60,61,66,64,62,68,67,69,64,66,66,66,60,68,62,57,59,64,53,63,54,51,62,67,68,54,54,66,58,62
[ 7088.634540] [AOA] Measurement: 0,1627120764.769980,08:55:31:9b:05:29,2,1,2,0,128,533,1012,646,676,76,785,115,156,993,409,20,425,502,663,105,433,937,767,611,573,194,692,838,531,696,756,503,727,269,75,72,802,65,65,59,63,63,64,58,67,68,66,64,66,66,66,61,64,63,55,61,63,52,62,53,51,60,64,67,56,52,69,57,60
[ 7088.685816] [AOA] Measurement: 0,1627120764.821259,08:55:31:9b:05:29,2,1,2,0,128,591,62,99,845,70,800,654,318,934,347,1,402,461,636,123,422,476,1013,104,713,153,603,926,597,645,740,391,653,716,895,577,369,69,68,62,66,69,70,66,75,73,72,70,73,70,69,65,69,66,60,63,68,57,66,58,55,67,72,72,63,58,74,63,67
[ 7088.728871] [AOA] Measurement: 0,1627120764.864311,08:55:31:9b:05:29,2,1,2,0,128,602,53,168,882,584,957,17,55,435,185,512,220,502,628,71,400,937,793,647,566,203,715,311,343,679,784,455,668,260,71,396,117,62,61,55,58,61,62,57,66,65,64,63,66,63,62,61,63,63,56,57,62,53,62,55,51,60,65,67,57,54,67,57,61
[ 7088.767476] [AOA] Measurement: 0,1627120764.902920,08:55:31:9b:05:29,2,1,2,0,128,619,53,151,851,638,990,33,94,395,183,525,192,992,457,580,221,441,941,144,778,185,660,301,344,679,762,916,511,177,19,406,181,57,56,47,54,54,54,50,62,57,56,57,61,57,56,53,55,59,50,50,55,49,56,52,49,58,60,62,56,53,57,55,63
[ 7088.812306] [AOA] Measurement: 0,1627120764.947752,08:55:31:9b:05:29,2,1,2,0,128,604,56,175,901,629,993,629,294,980,407,29,392,456,625,557,204,957,779,637,556,196,646,916,585,714,774,488,682,313,105,159,875,58,54,50,53,54,57,53,61,58,57,58,63,60,58,56,58,60,54,54,59,50,60,53,52,60,65,66,55,55,63,57,62
[ 7088.863272] [AOA] Measurement: 0,1627120764.998714,08:55:31:9b:05:29,2,1,2,0,128,31,896,667,717,670,999,90,84,424,253,435,182,519,650,148,430,426,938,113,751,150,649,304,349,114,554,896,450,284,59,917,594,65,64,59,62,64,65,60,68,68,67,64,68,67,66,63,64,62,54,59,62,51,62,53,50,61,63,68,56,54,66,58,60
[ 7088.917840] [AOA] Measurement: 0,1627120765.053285,08:55:31:9b:05:29,2,1,2,0,128,605,29,172,869,625,982,41,66,435,166,996,333,485,666,92,411,463,965,137,766,754,799,815,512,79,524,923,484,274,83,810,454,63,61,56,60,60,62,56,67,65,63,62,65,64,61,59,63,59,55,59,62,54,62,56,52,62,65,67,57,53,64,56,64
[ 7088.962099] [AOA] Measurement: 0,1627120765.097544,08:55:31:9b:05:29,2,1,2,0,128,569,19,175,907,582,1001,610,305,995,410,1003,373,541,666,89,381,465,987,169,803,752,857,937,589,705,784,451,653,246,38,383,76,66,62,56,62,62,63,59,67,69,67,64,66,66,67,59,67,60,55,60,62,52,62,52,48,60,64,65,54,49,67,56,57
[ 7089.013430] [AOA] Measurement: 0,1627120765.148871,08:55:31:9b:05:29,2,1,2,0,128,541,31,145,839,663,1016,615,301,984,395,20,343,531,671,147,459,466,990,112,751,705,811,899,561,119,540,964,506,289,69,648,359,66,68,63,62,67,64,62,68,69,70,65,64,64,67,60,66,60,52,58,61,50,62,49,46,59,59,64,50,47,65,53,53
[ 7089.064415] [AOA] Measurement: 0,1627120765.199858,08:55:31:9b:05:29,2,1,2,0,128,606,78,166,883,620,972,91,146,425,166,542,236,518,627,584,202,932,799,183,770,754,883,903,572,689,739,438,692,275,43,185,917,65,66,59,63,66,64,61,67,68,68,66,66,65,67,62,66,60,55,61,63,52,62,52,49,60,62,65,53,49,65,56,58
[ 7089.109139] [AOA] Measurement: 0,1627120765.244581,08:55:31:9b:05:29,2,1,2,0,128,573,44,671,735,610,1016,10,95,14,393,16,376,970,453,617,265,456,995,144,771,746,818,855,561,717,797,459,687,265,50,648,396,65,63,57,60,65,64,58,69,67,67,63,67,65,65,63,64,61,58,58,64,54,61,55,52,63,66,69,57,53,66,55,62
[ 7089.152552] [AOA] Measurement: 0,1627120765.287994,08:55:31:9b:05:29,2,1,2,0,128,634,33,135,860,70,797,90,126,981,374,15,367,472,581,629,249,920,783,606,587,152,618,323,384,726,814,423,650,244,73,615,337,65,61,57,60,62,62,57,68,67,66,62,67,62,61,61,64,61,56,60,61,53,62,55,52,61,67,69,57,55,64,58,66
[ 7089.202826] [AOA] Measurement: 0,1627120765.338268,08:55:31:9b:05:29,2,1,2,0,128,657,91,128,859,95,814,579,284,405,180,435,106,980,441,605,210,945,784,576,521,181,606,275,350,175,572,502,730,228,78,1006,710,65,67,61,61,65,64,60,68,67,65,65,68,65,66,62,67,63,57,59,64,54,61,55,51,62,66,68,57,53,67,57,62
[ 7089.257739] [AOA] Measurement: 0,1627120765.393184,08:55:31:9b:05:29,2,1,2,0,128,14,845,611,654,69,789,102,127,402,147,460,153,527,647,651,279,483,1010,163,772,748,853,877,556,623,711,942,466,714,876,688,353,54,56,52,49,62,54,55,47,54,57,53,51,49,53,48,53,39,36,48,42,32,46,33,31,41,39,48,34,34,50,37,35
[ 7089.301757] [AOA] Measurement: 0,1627120765.437198,08:55:31:9b:05:29,2,1,2,0,128,530,6,673,688,624,961,627,318,963,371,17,377,482,670,145,438,486,976,113,751,749,837,865,588,630,744,428,656,737,926,811,540,64,62,56,61,63,63,57,69,67,65,63,69,65,63,61,64,62,57,59,63,54,63,56,53,63,66,69,58,54,68,58,62
[ 7089.352569] [AOA] Measurement: 0,1627120765.488010,08:55:31:9b:05:29,2,1,2,0,128,576,49,164,903,635,993,613,294,991,420,60,424,476,625,606,249,488,982,177,756,765,860,863,595,729,795,468,695,271,51,227,966,64,63,57,61,65,64,58,67,66,66,62,66,65,65,61,65,62,56,62,63,54,62,55,51,63,67,66,55,53,66,57,61
[ 7089.399405] [AOA] Measurement: 0,1627120765.534852,08:55:31:9b:05:29,2,1,2,0,128,588,41,152,877,646,993,602,309,930,388,1018,342,559,694,156,434,431,957,162,779,766,870,830,530,672,758,866,463,726,895,458,218,61,63,57,61,62,64,58,69,68,67,64,66,65,66,62,64,62,56,58,62,52,62,56,51,64,66,68,57,53,68,58,63
[ 7089.438605] [AOA] Measurement: 0,1627120765.574051,08:55:31:9b:05:29,2,1,2,0,128,587,56,174,883,34,784,634,291,920,341,471,141,1018,472,601,212,931,803,598,552,183,634,348,379,147,535,886,458,700,880,960,724,70,70,67,68,71,68,67,73,75,74,70,70,73,73,67,72,66,59,65,66,56,66,57,53,66,70,70,57,55,72,61,65
[ 7089.483407] [AOA] Measurement: 0,1627120765.618854,08:55:31:9b:05:29,2,1,2,0,128,69,877,646,677,58,795,80,108,331,123,483,188,965,419,602,217,991,787,700,617,757,814,846,561,648,722,890,446,726,917,504,173,65,64,56,58,64,62,59,68,66,66,65,66,64,63,60,66,61,54,59,62,53,62,54,50,60,65,66,55,53,66,57,59
[ 7089.532989] [AOA] Measurement: 0,1627120765.668435,08:55:31:9b:05:29,2,1,2,0,128,587,44,136,864,676,1018,600,295,901,338,26,377,496,653,195,449,499,995,191,816,726,839,789,498,685,767,459,648,217,31,852,530,64,65,57,61,65,63,62,69,69,67,64,66,66,66,61,67,62,56,60,63,54,63,53,50,61,64,66,54,51,66,57,58
[ 7089.573014] [AOA] Measurement: 0,1627120765.708454,08:55:31:9b:05:29,2,1,2,0,128,86,874,598,637,41,784,68,85,482,230,1018,366,530,626,135,440,417,934,148,774,806,847,838,534,132,583,951,558,240,48,220,956,64,64,58,62,67,65,61,68,68,68,67,66,65,65,60,66,62,57,59,59,53,62,52,49,62,65,66,55,51,68,57,61
[ 7089.627842] [AOA] Measurement: 0,1627120765.763289,08:55:31:9b:05:29,2,1,2,0,128,570,12,167,902,83,816,621,294,996,368,447,152,943,446,616,258,938,783,150,775,690,789,881,553,699,749,456,675,323,108,300,960,61,63,56,61,64,64,58,66,68,69,62,64,64,64,62,66,61,57,59,61,54,61,55,53,63,67,68,55,52,67,57,60
[ 7089.672529] [AOA] Measurement: 0,1627120765.807971,08:55:31:9b:05:29,2,1,2,0,128,619,34,185,895,603,994,21,108,395,157,91,418,560,671,172,467,487,980,134,727,249,656,343,387,638,713,927,506,255,93,319,79,67,67,62,63,67,66,62,68,70,70,65,66,66,66,62,68,60,55,61,64,51,61,52,48,60,63,67,53,51,67,55,59
[ 7089.723262] [AOA] Measurement: 0,1627120765.858702,08:55:31:9b:05:29,2,1,2,0,128,672,102,187,897,630,1003,595,305,340,123,461,153,938,425,631,264,928,766,621,592,742,852,906,568,711,799,443,657,686,882,398,125,71,70,64,66,69,70,66,74,72,72,69,73,70,70,66,71,66,62,63,67,59,67,60,55,67,70,73,61,59,72,62,70
[ 7089.774281] [AOA] Measurement: 0,1627120765.909724,08:55:31:9b:05:29,2,1,2,0,128,565,49,173,891,118,842,100,114,397,176,468,241,489,632,612,208,956,790,587,534,204,639,318,364,644,761,435,685,244,48,272,952,71,69,63,66,71,70,63,75,74,72,69,72,72,71,69,70,68,62,64,70,57,66,59,56,68,73,75,60,58,72,63,69
[ 7089.818562] [AOA] Measurement: 0,1627120765.954008,08:55:31:9b:05:29,2,1,2,0,128,604,35,167,904,594,974,50,72,455,182,457,153,920,412,584,231,504,1006,100,718,176,610,927,590,722,797,428,669,279,101,667,376,67,68,62,63,67,66,63,69,69,67,64,66,66,66,61,68,60,54,59,61,52,60,52,48,58,62,66,52,49,66,56,57
[ 7089.863397] [AOA] Measurement: 0,1627120765.998844,08:55:31:9b:05:29,2,1,2,0,128,48,913,627,674,109,806,63,98,405,153,419,138,996,454,592,248,946,777,580,536,238,698,223,308,670,753,945,503,264,72,933,640,63,63,58,61,62,62,56,69,67,66,64,68,65,66,62,64,62,56,59,60,53,63,54,50,62,67,68,57,54,64,57,63
[ 7089.907577] [AOA] Measurement: 0,1627120766.043023,08:55:31:9b:05:29,2,1,2,0,128,32,850,673,683,83,808,68,121,419,170,495,217,495,645,620,232,482,1009,677,622,729,813,304,340,103,560,890,463,696,866,825,512,64,62,57,60,61,62,57,69,67,63,62,68,66,65,60,65,61,56,58,64,53,62,56,50,61,67,69,57,53,65,57,64
[ 7089.951497] [AOA] Measurement: 0,1627120766.086942,08:55:31:9b:05:29,2,1,2,0,128,34,896,596,635,79,831,588,284,951,363,460,160,921,392,616,205,435,978,565,532,185,636,359,392,168,602,884,468,740,921,842,664,66,65,61,63,67,64,62,69,70,69,65,67,65,66,62,65,62,58,60,64,52,61,53,50,61,65,68,55,53,67,54,58
[ 7089.991194] [AOA] Measurement: 0,1627120766.126634,08:55:31:9b:05:29,2,1,2,0,128,65,903,213,924,591,997,563,264,389,155,520,174,921,431,552,174,971,815,190,798,732,845,796,526,137,553,964,491,726,882,799,563,65,64,59,62,63,63,58,68,66,67,63,68,64,65,62,64,61,57,59,63,54,62,55,51,62,67,68,57,54,65,60,65
[ 7090.033984] [AOA] Measurement: 0,1627120766.169431,08:55:31:9b:05:29,2,1,2,0,128,100,884,655,684,67,794,66,92,441,199,477,176,994,470,125,430,886,749,643,596,189,645,304,339,75,538,967,504,745,919,830,582,68,66,61,65,68,67,61,72,73,72,68,72,67,69,65,69,65,61,65,67,58,68,58,54,66,72,72,62,58,72,64,68
[ 7090.079998] [AOA] Measurement: 0,1627120766.215439,08:55:31:9b:05:29,2,1,2,0,128,14,851,621,654,51,777,86,113,409,151,486,180,987,452,622,230,443,980,633,551,195,645,347,378,672,740,952,507,252,61,861,681,66,65,61,64,64,64,60,68,70,67,64,68,67,67,62,68,62,55,59,61,52,62,53,49,60,63,67,54,51,66,56,56
[ 7090.123727] [AOA] Measurement: 0,1627120766.259167,08:55:31:9b:05:29,2,1,2,0,128,55,841,664,698,81,856,612,312,3,423,1002,353,519,645,569,227,957,781,632,586,170,649,806,501,180,577,459,685,291,97,508,143,65,65,61,62,67,64,61,68,69,69,66,66,66,67,62,66,61,56,60,63,52,62,52,48,60,65,68,53,52,67,56,59
[ 7090.169964] [AOA] Measurement: 0,1627120766.305404,08:55:31:9b:05:29,2,1,2,0,128,44,876,677,706,671,2,560,267,969,341,488,182,520,678,106,401,427,956,601,525,192,673,290,359,117,576,938,488,732,899,1018,802,64,62,56,60,64,63,58,67,66,64,64,66,64,64,60,64,60,57,57,60,53,60,54,52,62,67,66,58,55,65,59,65
[ 7090.214672] [AOA] Measurement: 0,1627120766.350119,08:55:31:9b:05:29,2,1,2,0,128,18,844,200,895,628,989,580,254,990,404,516,170,1011,475,616,228,444,968,104,743,189,634,868,541,119,533,967,501,699,848,450,174,62,63,57,60,62,64,59,66,69,65,63,67,65,65,60,64,61,56,58,62,53,60,54,50,62,67,67,57,53,67,59,62
[ 7090.259481] [AOA] Measurement: 0,1627120766.394921,08:55:31:9b:05:29,2,1,2,0,128,658,78,151,861,620,1004,590,291,387,180,475,159,995,422,577,189,965,807,627,556,121,607,342,406,664,764,425,662,723,925,137,896,70,67,63,66,69,68,65,73,74,72,70,70,71,71,66,71,66,59,63,68,56,67,59,53,65,68,72,61,56,73,60,67
[ 7090.303342] [AOA] Measurement: 0,1627120766.438788,08:55:31:9b:05:29,2,1,2,0,128,602,51,160,864,628,973,88,181,956,376,8,379,520,676,138,448,460,1000,92,728,754,871,879,611,734,777,477,685,276,40,991,741,65,66,60,62,66,66,60,69,68,69,66,67,65,66,63,65,60,55,61,62,53,63,52,50,63,67,68,55,53,67,57,60
[ 7090.346981] [AOA] Measurement: 0,1627120766.482425,08:55:31:9b:05:29,2,1,2,0,128,602,62,133,867,660,1015,592,263,405,156,538,233,992,432,556,150,957,786,573,526,206,699,895,562,693,782,907,457,747,914,954,739,65,63,60,64,66,64,62,69,66,68,65,68,65,66,61,65,63,55,59,64,54,62,56,52,63,65,69,56,55,67,57,64
[ 7090.394425] [AOA] Measurement: 0,1627120766.529866,08:55:31:9b:05:29,2,1,2,0,128,545,20,196,886,624,988,572,259,995,419,37,366,501,654,164,457,448,966,127,732,754,870,850,566,733,821,425,658,291,68,828,558,63,59,57,58,62,62,57,69,65,64,64,66,63,63,60,63,61,58,58,63,53,62,55,51,64,66,69,59,54,65,59,66
[ 7090.441129] [AOA] Measurement: 0,1627120766.576574,08:55:31:9b:05:29,2,1,2,0,128,67,898,152,848,600,994,663,350,1006,395,48,458,492,655,177,449,443,933,655,578,210,660,290,348,152,593,949,501,761,900,359,1012,65,64,60,59,64,65,59,68,68,66,63,66,64,66,63,65,59,57,60,64,53,63,54,50,61,64,68,54,51,67,57,62
[ 7090.491695] [AOA] Measurement: 0,1627120766.627138,08:55:31:9b:05:29,2,1,2,0,128,49,884,593,665,83,827,12,56,409,168,446,143,990,487,207,483,528,1016,178,765,688,829,299,359,144,534,934,482,317,137,954,758,68,66,62,65,65,68,58,73,71,69,69,72,71,71,67,67,68,62,62,68,58,66,61,57,69,71,71,62,58,71,62,69
[ 7090.539420] [AOA] Measurement: 0,1627120766.674864,08:55:31:9b:05:29,2,1,2,0,128,593,49,213,918,648,1018,701,380,1014,429,24,392,484,665,58,406,508,971,603,557,754,855,888,574,662,753,901,472,282,61,896,643,62,60,53,60,63,60,57,69,66,63,64,66,62,63,60,65,60,57,59,62,53,61,55,53,63,66,67,58,55,66,58,64
[ 7090.579546] [AOA] Measurement: 0,1627120766.714991,08:55:31:9b:05:29,2,1,2,0,128,65,895,175,874,615,998,7,100,914,336,998,359,479,624,170,454,467,1010,156,732,783,884,829,536,653,762,518,735,279,65,91,697,64,66,61,61,66,66,62,67,70,71,65,68,67,68,62,68,60,55,61,61,51,61,51,49,61,64,67,53,52,66,56,60
[ 7090.624440] [AOA] Measurement: 0,1627120766.759885,08:55:31:9b:05:29,2,1,2,0,128,33,879,636,707,116,830,652,329,944,358,6,355,929,425,628,251,955,797,617,568,199,638,891,564,683,756,934,458,733,896,644,420,64,63,59,61,62,65,61,69,66,66,64,68,66,64,61,63,64,56,58,62,55,63,55,49,63,68,68,55,54,66,59,64
[ 7090.663354] [AOA] Measurement: 0,1627120766.798799,08:55:31:9b:05:29,2,1,2,0,128,630,60,160,905,597,1002,619,325,911,337,501,190,974,456,625,238,951,814,632,587,748,846,350,403,702,748,494,702,671,889,90,899,65,66,59,63,64,62,58,69,67,68,63,67,63,65,61,66,60,55,61,62,54,61,53,50,61,64,68,54,51,65,57,61
[ 7090.707991] [AOA] Measurement: 0,1627120766.843433,08:55:31:9b:05:29,2,1,2,0,128,603,76,142,881,70,801,81,132,386,168,493,187,570,667,165,473,448,963,144,759,755,855,903,538,690,806,477,688,273,60,941,619,67,67,61,63,66,66,63,68,70,68,63,66,66,65,63,66,61,55,62,62,52,61,52,47,60,65,67,54,49,67,55,58
[ 7090.754196] [AOA] Measurement: 0,1627120766.889643,08:55:31:9b:05:29,2,1,2,0,128,594,50,163,894,36,790,57,96,424,172,427,150,926,433,641,239,476,992,570,514,141,604,292,349,681,784,468,659,272,74,560,312,68,64,56,63,61,64,59,71,68,67,66,71,67,66,64,68,67,60,62,67,57,66,58,56,65,69,71,63,58,72,64,68
[ 7090.797458] [AOA] Measurement: 0,1627120766.932904,08:55:31:9b:05:29,2,1,2,0,128,641,95,137,882,618,1022,666,347,1016,431,38,401,517,671,100,442,497,1009,158,804,840,932,918,625,716,787,439,686,261,55,739,448,65,64,56,60,62,61,59,66,67,67,63,66,66,66,61,66,63,57,60,65,54,63,54,51,62,62,65,57,54,68,57,63
[ 7090.842182] [AOA] Measurement: 0,1627120766.977629,08:55:31:9b:05:29,2,1,2,0,128,19,835,594,622,83,782,46,112,934,337,503,156,518,605,156,444,435,966,622,581,749,848,844,545,118,548,947,522,296,82,239,999,64,63,58,61,65,65,62,70,68,66,65,65,63,67,59,66,60,56,59,61,52,62,54,50,62,65,65,53,51,68,55,60
[ 7090.881092] [AOA] Measurement: 0,1627120767.016538,08:55:31:9b:05:29,2,1,2,0,128,583,20,195,902,650,982,79,86,443,181,470,172,940,407,549,225,880,755,671,577,806,894,841,576,634,756,465,699,234,41,977,752,67,67,60,61,68,65,60,67,68,68,64,67,66,67,61,66,60,53,59,60,52,62,51,49,61,65,67,54,49,66,55,58
[ 7090.922243] [AOA] Measurement: 0,1627120767.057683,08:55:31:9b:05:29,2,1,2,0,128,556,32,187,897,604,994,574,317,915,329,474,200,501,637,171,422,537,1016,135,758,760,837,968,633,690,780,454,673,258,70,630,344,65,62,59,63,65,63,59,67,67,68,63,67,66,64,63,67,62,57,60,64,53,62,55,51,62,66,67,56,54,67,57,64
[ 7090.973249] [AOA] Measurement: 0,1627120767.108690,08:55:31:9b:05:29,2,1,2,0,128,638,101,144,893,653,10,647,317,940,359,1017,377,619,720,123,419,478,998,167,776,720,839,860,559,167,579,520,702,306,88,972,549,72,70,63,67,69,69,66,74,75,74,70,74,71,72,67,69,65,59,63,66,56,65,56,54,65,70,72,60,54,71,59,63
[ 7091.018710] [AOA] Measurement: 0,1627120767.154150,08:55:31:9b:05:29,2,1,2,0,128,629,72,192,901,623,982,623,298,951,372,998,340,493,681,193,484,429,943,212,802,735,845,902,590,688,789,469,696,223,30,314,982,63,62,56,60,60,60,56,67,66,65,63,67,65,64,61,63,62,55,58,62,54,62,53,50,61,64,68,57,55,66,57,64
[ 7091.063183] [AOA] Measurement: 0,1627120767.198628,08:55:31:9b:05:29,2,1,2,0,128,90,875,658,663,103,844,56,103,362,176,536,216,971,466,544,212,941,768,613,540,228,644,341,388,669,775,421,657,757,905,308,110,66,66,59,62,66,64,60,68,68,69,65,68,67,66,60,66,61,57,61,63,54,62,54,50,63,66,70,56,53,65,58,63
[ 7091.107214] [AOA] Measurement: 0,1627120767.242660,08:55:31:9b:05:29,2,1,2,0,128,570,23,709,726,638,962,52,89,412,181,448,188,10,455,131,375,904,801,569,561,166,636,266,366,714,751,422,672,289,81,307,985,74,75,68,70,76,73,68,81,78,80,74,79,77,78,68,77,70,63,67,71,59,72,60,56,72,76,80,65,62,77,67,75
[ 7091.153314] [AOA] Measurement: 0,1627120767.288755,08:55:31:9b:05:29,2,1,2,0,128,659,101,214,890,569,960,590,260,413,172,424,166,7,486,123,430,505,1001,155,732,155,611,916,552,695,795,460,688,267,96,363,936,62,61,56,57,61,61,57,66,65,65,62,67,63,62,60,64,61,56,57,61,53,62,54,51,63,68,68,58,55,65,57,61
[ 7091.199662] [AOA] Measurement: 0,1627120767.335108,08:55:31:9b:05:29,2,1,2,0,128,600,30,200,917,634,1019,604,296,986,394,987,350,489,682,91,426,506,1003,202,821,713,825,910,580,710,773,437,700,228,42,945,604,58,58,51,54,53,55,54,63,62,60,60,65,61,60,57,61,61,55,57,60,52,60,53,52,61,65,66,58,55,62,57,64
[ 7091.243834] [AOA] Measurement: 0,1627120767.379281,08:55:31:9b:05:29,2,1,2,0,128,571,5,214,932,570,969,622,333,421,177,487,160,995,463,577,207,947,805,671,604,203,715,275,330,103,547,922,434,714,866,451,190,63,64,60,62,64,65,61,69,67,68,65,66,65,67,61,67,60,55,60,63,52,61,52,50,58,63,68,53,50,66,54,59
[ 7091.286967] [AOA] Measurement: 0,1627120767.422407,08:55:31:9b:05:29,2,1,2,0,128,656,53,159,895,614,992,62,94,1011,416,467,170,517,683,151,429,470,963,155,735,756,846,835,542,691,771,848,446,787,928,742,541,65,65,59,60,65,63,61,69,69,69,64,68,65,66,62,66,60,57,59,63,52,62,54,51,62,67,67,57,53,68,57,63
[ 7091.331818] [AOA] Measurement: 0,1627120767.467265,08:55:31:9b:05:29,2,1,2,0,128,660,100,203,907,613,987,42,34,413,170,444,156,512,683,534,199,932,794,641,610,745,848,844,504,703,768,419,647,267,83,719,457,65,62,56,61,63,63,57,69,68,67,63,69,65,62,62,64,63,57,61,62,54,63,54,51,62,67,66,56,53,67,57,63
[ 7091.370591] [AOA] Measurement: 0,1627120767.506037,08:55:31:9b:05:29,2,1,2,0,128,14,861,707,701,644,1008,608,256,399,176,497,173,970,450,608,186,985,817,133,765,160,595,946,578,720,841,496,701,280,53,311,32,66,69,62,65,69,64,63,65,69,70,64,65,67,68,62,68,60,56,59,63,51,62,53,48,60,62,67,53,48,66,54,57
[ 7091.409335] [AOA] Measurement: 0,1627120767.544782,08:55:31:9b:05:29,2,1,2,0,128,619,51,633,669,119,819,113,164,1004,384,472,172,510,649,104,425,530,17,192,816,692,812,858,544,657,757,466,680,229,38,41,726,63,62,56,61,62,61,57,67,64,64,63,68,66,65,60,64,61,56,60,63,54,62,54,51,63,67,66,58,53,66,58,64
[ 7091.453849] [AOA] Measurement: 0,1627120767.589296,08:55:31:9b:05:29,2,1,2,0,128,632,56,123,865,113,784,12,60,425,196,477,196,504,633,182,469,950,816,149,792,118,574,328,372,163,581,530,704,213,54,304,13,66,63,59,63,64,63,60,67,67,64,65,67,65,65,59,65,61,57,58,62,54,62,55,51,63,67,67,57,55,65,59,66
[ 7091.501787] [AOA] Measurement: 0,1627120767.637227,08:55:31:9b:05:29,2,1,2,0,128,32,880,538,583,52,770,63,92,361,122,374,107,905,367,545,168,931,741,637,580,142,626,203,284,81,501,930,487,686,884,812,604,67,66,63,64,67,65,62,65,68,68,66,63,65,68,59,66,59,54,59,60,51,61,51,47,60,62,63,52,48,66,55,53
[ 7091.545376] [AOA] Measurement: 0,1627120767.680816,08:55:31:9b:05:29,2,1,2,0,128,54,873,676,730,591,982,46,60,399,149,501,177,539,678,171,462,949,778,165,788,754,867,901,596,682,770,460,652,736,909,757,534,67,65,61,62,66,65,60,69,70,67,65,67,67,67,63,66,62,58,61,64,54,62,55,51,61,66,66,55,52,67,57,60
[ 7091.595879] [AOA] Measurement: 0,1627120767.731320,08:55:31:9b:05:29,2,1,2,0,128,998,850,682,709,61,805,93,105,417,179,42,388,18,511,111,439,507,1009,176,805,756,861,870,564,645,741,456,673,769,915,87,806,72,71,65,67,70,70,68,72,76,74,71,72,71,71,66,70,65,60,66,66,56,67,56,54,67,68,72,59,55,73,59,63
[ 7091.639011] [AOA] Measurement: 0,1627120767.774451,08:55:31:9b:05:29,2,1,2,0,128,645,58,119,864,69,808,32,67,2,389,10,399,470,593,578,232,965,806,622,527,213,656,364,338,717,802,863,456,758,926,608,316,62,64,56,59,61,62,59,69,67,65,63,68,64,65,59,63,62,56,59,62,54,62,53,52,63,67,66,57,55,65,58,63
[ 7091.683330] [AOA] Measurement: 0,1627120767.818770,08:55:31:9b:05:29,2,1,2,0,128,588,55,120,867,132,851,24,81,449,207,35,396,470,607,576,181,920,758,581,521,231,642,324,339,93,549,459,688,279,92,457,221,63,66,61,61,66,65,61,67,70,68,67,66,66,67,62,65,61,55,60,62,52,62,53,49,61,65,69,54,53,65,57,59
[ 7091.732295] [AOA] Measurement: 0,1627120767.867741,08:55:31:9b:05:29,2,1,2,0,128,2,849,681,731,61,791,63,86,413,187,33,366,481,635,624,255,437,988,188,786,696,818,873,540,672,767,924,477,774,954,422,158,66,67,62,63,66,66,61,68,70,70,64,65,65,67,60,66,57,53,58,58,49,59,50,45,58,60,64,48,47,64,53,54
[ 7091.771010] [AOA] Measurement: 0,1627120767.906457,08:55:31:9b:05:29,2,1,2,0,128,639,91,178,912,604,975,592,261,982,360,975,322,468,628,633,252,498,975,209,805,780,904,868,601,659,755,445,665,242,60,991,697,63,62,60,60,66,63,57,69,67,68,64,67,65,66,63,64,63,57,61,62,54,60,56,51,64,66,67,58,54,65,58,63
[ 7091.810705] [AOA] Measurement: 0,1627120767.946145,08:55:31:9b:05:29,2,1,2,0,128,621,44,144,863,662,1017,588,318,905,370,14,375,954,440,599,219,451,951,209,774,754,848,868,562,716,822,429,643,709,898,612,351,58,57,52,58,59,57,55,67,62,60,60,65,62,60,58,60,61,54,55,60,53,61,52,51,62,66,66,57,54,64,57,64
[ 7091.861369] [AOA] Measurement: 0,1627120767.996810,08:55:31:9b:05:29,2,1,2,0,128,519,979,683,691,92,787,117,165,974,392,990,365,531,666,186,473,499,990,205,819,704,826,900,550,687,742,444,673,322,72,1013,674,65,65,59,63,65,66,60,69,68,68,65,66,67,66,63,66,61,56,60,63,52,62,53,50,61,64,66,54,51,66,57,60
[ 7091.911338] [AOA] Measurement: 0,1627120768.046778,08:55:31:9b:05:29,2,1,2,0,128,647,61,183,903,652,997,662,339,949,361,1010,362,6,482,78,380,905,779,605,522,802,867,873,563,660,775,927,478,269,65,883,625,67,68,61,60,67,65,62,67,71,69,65,65,65,66,61,67,61,54,59,63,52,62,52,47,61,64,67,54,50,67,54,59
[ 7091.954195] [AOA] Measurement: 0,1627120768.089642,08:55:31:9b:05:29,2,1,2,0,128,542,28,127,875,589,976,86,109,942,383,471,151,1008,477,135,414,445,986,562,548,733,848,874,576,676,791,484,685,273,53,1022,741,65,61,59,60,63,61,58,69,66,67,62,65,65,66,59,66,63,55,59,61,54,62,54,51,62,67,68,56,54,66,58,64
[ 7091.998262] [AOA] Measurement: 0,1627120768.133707,08:55:31:9b:05:29,2,1,2,0,128,25,882,683,713,63,790,45,80,440,178,13,381,479,612,172,456,432,986,99,713,720,834,864,520,132,591,489,672,248,63,439,97,62,62,57,60,61,61,55,67,66,64,64,68,64,64,59,63,62,57,58,63,55,63,54,53,62,67,67,57,55,64,58,64
[ 7092.041577] [AOA] Measurement: 0,1627120768.177024,08:55:31:9b:05:29,2,1,2,0,128,606,44,179,911,666,1010,643,349,997,418,56,427,548,688,218,506,487,1001,126,750,723,848,859,566,665,768,431,668,295,86,315,947,69,69,61,66,66,66,60,73,71,69,67,71,70,69,63,70,66,60,62,65,57,65,59,56,67,71,72,61,58,69,63,68
[ 7092.080260] [AOA] Measurement: 0,1627120768.215706,08:55:31:9b:05:29,2,1,2,0,128,592,44,224,889,644,1004,632,301,968,378,1014,372,514,705,154,457,485,1012,84,756,732,845,878,599,737,792,438,658,273,111,623,254,65,65,62,62,67,66,63,68,68,69,63,67,66,65,60,67,59,55,60,61,53,62,52,49,60,65,66,55,50,68,55,58
[ 7092.119704] [AOA] Measurement: 0,1627120768.255146,08:55:31:9b:05:29,2,1,2,0,128,604,29,148,859,682,14,628,331,1008,410,4,370,536,660,109,419,448,977,94,720,720,809,901,613,600,703,957,494,280,65,387,66,65,64,59,62,63,64,59,69,68,68,65,66,64,65,63,64,61,56,60,63,55,60,54,50,62,65,65,57,52,67,59,63
[ 7092.163511] [AOA] Measurement: 0,1627120768.298952,08:55:31:9b:05:29,2,1,2,0,128,577,31,148,856,647,1014,626,317,947,352,462,180,497,628,621,223,980,798,214,834,750,852,905,568,696,783,472,708,224,22,452,281,65,62,59,60,65,63,60,67,67,67,66,67,67,66,61,65,64,57,60,63,54,61,54,52,63,66,68,57,53,68,57,63
[ 7092.218062] [AOA] Measurement: 0,1627120768.353500,08:55:31:9b:05:29,2,1,2,0,128,595,43,244,959,687,2,606,327,967,352,415,169,947,407,561,206,513,1006,564,516,181,683,353,387,688,775,433,680,273,91,531,252,66,67,60,62,65,63,62,69,68,68,65,66,67,68,63,65,62,56,62,63,54,63,53,51,61,66,67,55,52,68,57,61
[ 7092.262768] [AOA] Measurement: 0,1627120768.398212,08:55:31:9b:05:29,2,1,2,0,128,26,890,160,890,604,1004,564,302,947,400,42,419,937,415,666,260,502,1011,148,764,769,861,839,528,674,759,950,505,298,71,311,71,69,65,58,65,66,66,61,74,69,69,67,72,68,68,65,68,67,61,62,68,57,66,58,56,67,72,73,63,59,72,61,71
[ 7092.312499] [AOA] Measurement: 0,1627120768.447944,08:55:31:9b:05:29,2,1,2,0,128,586,35,655,692,662,1010,59,78,436,184,21,403,508,631,129,436,480,972,77,696,229,669,905,593,671,756,447,647,273,82,191,937,66,69,63,62,68,66,61,68,70,70,63,66,66,68,61,66,59,55,58,60,52,62,52,49,60,63,66,51,50,67,55,56
[ 7092.355868] [AOA] Measurement: 0,1627120768.491314,08:55:31:9b:05:29,2,1,2,0,128,641,76,148,854,598,994,100,110,416,174,994,341,489,620,213,470,512,1006,106,737,757,843,893,598,685,769,508,722,325,96,526,97,67,65,61,64,68,67,62,67,70,70,66,67,67,67,62,66,60,55,59,63,52,61,53,49,62,66,66,54,49,66,55,59
[ 7092.403213] [AOA] Measurement: 0,1627120768.538654,08:55:31:9b:05:29,2,1,2,0,128,597,4,620,668,650,1001,25,37,400,153,490,181,477,618,588,193,971,806,627,554,812,870,838,515,152,567,915,431,281,71,675,372,64,65,57,60,65,63,59,66,69,68,64,67,66,67,61,66,60,57,60,61,53,60,54,50,61,65,67,56,52,66,57,61
[ 7092.448850] [AOA] Measurement: 0,1627120768.584295,08:55:31:9b:05:29,2,1,2,0,128,78,880,600,684,66,802,11,68,365,168,432,136,2,466,593,234,941,789,596,547,160,614,274,325,155,573,960,526,745,907,234,56,62,59,56,60,60,59,57,67,65,63,61,65,64,61,59,62,61,56,56,62,53,60,56,51,63,66,68,59,54,63,59,64
[ 7092.495081] [AOA] Measurement: 0,1627120768.630521,08:55:31:9b:05:29,2,1,2,0,128,567,17,631,699,51,765,84,142,462,208,426,154,975,429,600,203,969,838,126,729,212,655,287,373,138,572,485,682,707,896,163,924,64,65,61,61,67,67,64,67,70,67,64,68,66,66,60,66,62,57,62,65,52,62,55,49,62,65,68,56,52,64,58,59
[ 7092.545517] [AOA] Measurement: 0,1627120768.680957,08:55:31:9b:05:29,2,1,2,0,128,599,25,538,643,113,826,2,67,414,159,536,217,997,428,589,244,957,789,638,565,718,827,887,537,115,555,878,454,811,955,409,168,64,64,57,60,62,64,59,69,67,66,63,66,66,66,60,65,62,55,57,63,53,62,54,50,62,65,69,56,53,67,57,62
[ 7092.597470] [AOA] Measurement: 0,1627120768.732911,08:55:31:9b:05:29,2,1,2,0,128,122,923,128,848,678,28,633,295,380,177,473,194,998,488,545,226,944,800,590,561,188,641,293,349,80,557,950,477,749,919,252,1008,67,65,61,63,63,64,60,68,67,66,66,68,67,67,63,67,63,57,61,62,54,62,55,49,62,67,67,55,52,66,55,62
[ 7092.640917] [AOA] Measurement: 0,1627120768.776364,08:55:31:9b:05:29,2,1,2,0,128,580,51,146,844,689,3,565,290,416,143,468,157,492,642,112,428,477,996,172,797,671,807,874,565,148,590,444,669,225,69,612,339,66,66,61,65,68,68,63,73,71,70,66,70,69,70,66,69,66,60,62,66,56,65,58,54,67,72,72,62,58,71,63,69
[ 7092.679558] [AOA] Measurement: 0,1627120768.815005,08:55:31:9b:05:29,2,1,2,0,128,564,25,199,882,653,1018,585,309,924,344,473,195,970,441,617,240,452,996,106,689,785,866,921,632,699,795,421,647,231,47,984,755,65,65,57,60,66,64,60,66,68,64,64,68,64,65,61,67,58,56,59,63,52,62,53,50,61,64,67,55,51,67,56,61
[ 7092.723927] [AOA] Measurement: 0,1627120768.859373,08:55:31:9b:05:29,2,1,2,0,128,588,49,167,861,672,3,571,276,948,317,77,429,485,658,148,452,458,1011,184,807,760,855,851,573,708,786,481,693,243,59,656,308,63,62,56,62,62,63,61,69,67,67,65,67,67,66,63,65,62,56,59,64,53,63,55,50,62,65,66,56,53,67,58,63
[ 7092.766790] [AOA] Measurement: 0,1627120768.902230,08:55:31:9b:05:29,2,1,2,0,128,554,1003,172,850,656,991,613,315,997,404,1013,355,488,665,176,449,411,947,603,574,747,839,888,553,683,762,460,658,262,115,299,981,66,65,60,63,66,65,61,68,66,67,63,66,66,65,61,66,63,57,61,63,55,63,55,50,62,64,68,54,53,66,57,62
[ 7092.810622] [AOA] Measurement: 0,1627120768.946067,08:55:31:9b:05:29,2,1,2,0,128,565,8,632,729,679,1017,580,280,429,159,468,180,959,458,211,507,490,981,569,536,180,638,313,361,99,568,923,483,261,54,307,15,63,64,56,60,65,63,60,68,67,65,65,68,65,65,61,66,61,55,58,60,52,62,54,52,62,66,67,57,52,67,59,63
[ 7092.849126] [AOA] Measurement: 0,1627120768.984573,08:55:31:9b:05:29,2,1,2,0,128,604,30,200,871,638,7,620,323,1007,389,7,364,454,613,615,252,474,988,112,717,743,880,898,590,677,769,922,465,705,879,4,726,67,66,61,62,65,66,60,71,70,71,68,70,68,68,64,69,67,59,62,66,57,67,57,55,68,72,72,62,58,71,63,67
[ 7092.893397] [AOA] Measurement: 0,1627120769.028836,08:55:31:9b:05:29,2,1,2,0,128,569,23,158,882,641,995,586,295,1003,417,1010,355,467,624,142,452,507,990,116,756,735,877,854,564,646,767,427,670,268,71,958,719,65,61,57,61,62,64,59,68,65,64,63,66,65,62,62,64,63,58,61,62,54,64,56,51,61,69,68,58,54,67,58,65
[ 7092.944319] [AOA] Measurement: 0,1627120769.079759,08:55:31:9b:05:29,2,1,2,0,128,543,39,207,897,637,990,651,327,895,329,464,153,20,463,630,255,886,757,637,581,749,873,862,562,705,775,509,722,222,30,470,144,66,65,61,61,66,66,62,69,68,66,63,66,67,65,63,67,63,56,61,62,55,62,53,50,63,65,66,55,53,68,57,61
[ 7092.998616] [AOA] Measurement: 0,1627120769.134056,08:55:31:9b:05:29,2,1,2,0,128,34,843,681,667,116,838,72,102,419,194,469,165,529,658,603,239,442,957,639,583,182,656,266,351,727,773,443,665,289,100,122,776,61,60,57,59,61,63,56,68,62,61,61,66,63,60,59,63,62,56,57,60,52,61,55,50,62,66,67,57,55,63,58,64
[ 7093.042972] [AOA] Measurement: 0,1627120769.178412,08:55:31:9b:05:29,2,1,2,0,128,546,19,152,881,537,956,645,311,989,406,1003,335,513,639,621,246,477,968,183,808,728,828,874,569,727,792,394,661,264,91,464,198,67,67,62,63,67,63,61,68,70,70,66,68,67,67,63,66,60,55,61,64,53,63,54,50,61,66,68,55,52,67,58,61
[ 7093.093750] [AOA] Measurement: 0,1627120769.229190,08:55:31:9b:05:29,2,1,2,0,128,633,79,199,913,660,16,626,303,936,370,11,363,516,679,133,431,490,1009,146,735,744,859,821,548,684,769,473,702,261,86,191,896,64,65,59,61,64,65,61,66,67,66,65,66,66,67,62,66,62,56,60,63,54,63,54,52,61,65,68,55,54,67,58,61
[ 7093.140163] [AOA] Measurement: 0,1627120769.275604,08:55:31:9b:05:29,2,1,2,0,128,642,69,83,831,50,798,25,46,390,115,515,183,951,457,646,270,526,1,128,738,228,646,329,372,660,757,407,655,304,77,885,556,63,61,55,60,60,62,57,65,64,66,62,66,65,63,57,64,63,55,58,62,53,61,55,52,63,66,66,58,57,64,58,66
[ 7093.184903] [AOA] Measurement: 0,1627120769.320351,08:55:31:9b:05:29,2,1,2,0,128,560,1009,672,695,70,792,602,320,425,162,457,190,551,670,165,468,520,31,173,764,734,824,273,277,97,573,866,442,708,913,40,807,67,65,62,64,67,64,62,70,69,67,66,67,66,67,61,66,61,57,59,62,53,63,54,51,64,65,70,58,53,67,58,62
[ 7093.241980] [AOA] Measurement: 0,1627120769.377421,08:55:31:9b:05:29,2,1,2,0,128,584,25,174,869,652,999,622,296,389,154,519,188,535,651,121,424,940,795,613,567,764,836,856,592,647,767,465,698,233,50,275,6,63,62,56,61,63,61,59,68,64,67,62,66,66,64,60,66,63,55,60,63,53,63,55,51,62,68,68,58,52,66,58,63
[ 7093.287398] [AOA] Measurement: 0,1627120769.422845,08:55:31:9b:05:29,2,1,2,0,128,83,875,668,686,71,798,67,104,391,148,505,173,996,451,609,275,968,828,125,724,726,830,336,347,125,569,900,439,713,879,375,218,64,63,58,60,62,63,57,69,66,68,64,67,65,67,60,67,62,56,58,64,53,62,54,51,63,66,68,56,53,66,57,63
[ 7093.331149] [AOA] Measurement: 0,1627120769.466589,08:55:31:9b:05:29,2,1,2,0,128,558,20,157,827,696,11,615,264,406,185,14,386,480,632,614,285,489,996,176,786,714,827,872,573,696,764,496,683,292,79,904,583,72,70,62,65,68,66,64,75,74,74,69,73,71,70,66,70,67,62,64,68,57,66,58,56,67,72,74,61,58,71,61,66
[ 7093.374327] [AOA] Measurement: 0,1627120769.509767,08:55:31:9b:05:29,2,1,2,0,128,596,59,683,699,77,821,99,128,997,407,989,355,490,633,169,430,460,980,622,563,195,661,265,312,160,569,437,676,297,86,120,823,63,65,60,63,66,64,60,68,69,67,65,69,66,67,64,66,62,57,61,63,55,63,56,51,64,66,69,57,53,66,58,61
[ 7093.425254] [AOA] Measurement: 0,1627120769.560693,08:55:31:9b:05:29,2,1,2,0,128,607,56,165,862,75,820,74,102,6,446,984,322,511,652,148,435,462,987,147,763,761,882,847,554,732,803,418,622,314,113,312,35,60,61,56,60,60,60,56,67,65,62,62,65,63,63,61,65,61,56,58,62,53,60,53,52,64,66,68,56,54,66,58,64
[ 7093.470836] [AOA] Measurement: 0,1627120769.606276,08:55:31:9b:05:29,2,1,2,0,128,621,40,152,871,57,772,80,98,1004,421,998,340,500,641,154,430,464,971,198,777,706,796,323,324,159,573,947,487,776,904,139,842,65,64,59,61,64,64,60,68,71,66,66,68,67,69,62,66,61,56,61,63,54,63,54,51,62,66,70,56,52,68,58,62
[ 7093.519062] [AOA] Measurement: 0,1627120769.654502,08:55:31:9b:05:29,2,1,2,0,128,639,60,173,862,110,799,61,100,413,169,462,142,4,490,184,480,498,982,614,588,175,656,341,372,696,757,405,649,279,80,271,948,70,73,67,67,72,70,67,74,74,76,67,70,71,72,66,70,66,62,64,68,57,66,56,54,64,67,74,58,54,72,60,62
[ 7093.562754] [AOA] Measurement: 0,1627120769.698193,08:55:31:9b:05:29,2,1,2,0,128,652,78,168,894,641,0,643,328,899,353,65,398,492,646,596,227,477,981,95,727,243,685,817,518,636,715,929,518,262,96,583,305,66,68,61,62,67,65,61,67,69,66,64,68,66,67,63,67,61,55,62,63,53,63,54,50,60,66,67,56,52,67,59,60
[ 7093.612951] [AOA] Measurement: 0,1627120769.748391,08:55:31:9b:05:29,2,1,2,0,128,23,856,675,681,131,847,45,107,377,135,454,166,977,418,605,248,967,813,126,747,769,848,334,338,715,807,433,653,298,77,504,269,67,66,62,64,66,67,61,69,68,67,63,65,64,63,62,68,61,55,61,60,53,62,53,49,62,65,67,55,51,67,55,60
[ 7093.658668] [AOA] Measurement: 0,1627120769.794113,08:55:31:9b:05:29,2,1,2,0,128,592,26,178,886,597,960,575,283,30,441,20,402,466,657,164,440,507,1003,132,735,789,886,892,594,717,811,422,669,706,879,356,123,66,66,60,62,66,63,60,68,70,69,63,68,68,67,63,66,63,57,59,64,53,63,54,51,62,65,70,57,54,68,57,63
[ 7093.703073] [AOA] Measurement: 0,1627120769.838517,08:55:31:9b:05:29,2,1,2,0,128,26,863,654,675,61,790,681,373,960,355,996,340,1008,464,613,236,906,771,585,538,166,646,293,377,86,535,947,474,753,902,446,221,65,65,60,63,63,64,60,69,68,66,65,66,66,65,62,65,61,56,59,64,54,63,55,51,63,65,68,57,51,67,58,61
[ 7093.747105] [AOA] Measurement: 0,1627120769.882553,08:55:31:9b:05:29,2,1,2,0,128,563,30,171,861,678,1006,628,287,368,153,986,342,980,431,576,257,938,800,622,563,230,651,248,317,747,808,445,656,301,93,594,332,65,63,58,61,64,66,62,68,70,68,66,68,67,64,61,66,62,56,58,62,52,61,52,50,62,66,67,55,52,67,56,60
[ 7093.791497] [AOA] Measurement: 0,1627120769.926937,08:55:31:9b:05:29,2,1,2,0,128,590,47,150,876,73,825,74,130,969,360,1,373,500,649,622,230,510,1019,590,575,165,639,350,397,681,748,950,483,285,107,432,62,64,65,59,61,63,64,58,67,69,67,65,68,65,65,60,65,62,58,59,64,54,63,54,52,63,66,69,57,53,68,59,62
[ 7093.838846] [AOA] Measurement: 0,1627120769.974293,08:55:31:9b:05:29,2,1,2,0,128,618,79,160,882,683,13,579,266,1021,418,1018,390,471,606,632,245,477,984,144,783,758,842,902,577,715,796,446,680,278,83,378,31,61,60,53,58,58,59,54,67,62,64,61,66,63,63,59,63,60,56,58,63,52,62,55,52,62,66,66,59,55,66,58,64
[ 7093.883374] [AOA] Measurement: 0,1627120770.018819,08:55:31:9b:05:29,2,1,2,0,128,615,62,187,851,619,5,590,294,1003,434,5,383,592,728,137,416,478,1002,152,764,737,862,896,591,707,786,472,687,242,51,436,50,65,66,58,62,66,66,62,69,69,69,65,68,67,67,63,65,61,55,58,60,53,60,54,51,61,66,68,56,53,67,56,62
[ 7093.921785] [AOA] Measurement: 0,1627120770.057233,08:55:31:9b:05:29,2,1,2,0,128,623,73,134,875,649,993,69,143,390,156,478,183,959,409,606,232,511,0,130,767,699,826,352,397,111,546,460,635,780,928,893,642,64,63,60,63,65,64,60,67,68,68,64,68,64,67,62,67,62,54,57,61,52,62,53,49,61,66,69,55,52,68,56,61
[ 7093.963411] [AOA] Measurement: 0,1627120770.098851,08:55:31:9b:05:29,2,1,2,0,128,627,79,212,903,665,1014,594,295,15,429,979,320,574,669,584,224,959,775,590,598,219,666,884,577,753,826,458,684,280,95,928,614,67,68,62,62,67,64,63,67,69,69,67,67,67,68,62,66,59,53,59,61,51,62,52,49,60,62,68,53,50,68,55,57
[ 7094.009997] [AOA] Measurement: 0,1627120770.145444,08:55:31:9b:05:29,2,1,2,0,128,46,857,628,657,120,812,94,115,380,122,458,187,994,477,582,180,961,799,607,593,779,863,842,517,161,581,953,526,245,58,840,510,71,72,63,68,71,69,63,75,73,72,68,73,72,71,66,71,66,60,65,68,57,68,58,53,68,71,73,61,58,72,61,69
[ 7094.054327] [AOA] Measurement: 0,1627120770.189774,08:55:31:9b:05:29,2,1,2,0,128,539,5,607,690,51,768,95,125,949,354,504,214,522,638,128,403,919,747,638,564,779,839,824,544,693,760,936,479,717,885,643,392,65,66,62,62,68,67,62,68,70,70,65,67,66,68,61,65,62,54,61,63,51,61,52,50,62,65,66,54,52,66,56,59
