
[ 177.885422] [AOA] Measurement: 0,1627106114.655701,08:55:31:9b:04:ac,2,1,2,0,128,917,892,911,836,776,999,912,125,385,17,463,1009,732,913,116,396,88,418,709,190,975,290,553,980,785,204,629,114,113,34,248,1015,90,67,80,81,77,79,78,78,82,82,91,84,77,87,85,82,77,72,69,82,75,64,74,58,75,80,78,60,77,86,77,86
[ 177.923650] [AOA] Measurement: 0,1627106114.693932,08:55:31:9b:04:ac,2,1,2,0,128,378,21,858,773,249,802,945,156,467,36,392,984,702,893,543,207,127,468,676,170,996,270,142,176,269,393,146,270,638,228,727,580,68,49,62,62,58,60,59,57,63,60,67,62,56,65,64,60,58,53,52,63,55,49,56,42,56,59,59,43,58,65,57,64
[ 177.965544] [AOA] Measurement: 0,1627106114.735821,08:55:31:9b:04:ac,2,1,2,0,128,834,831,470,677,829,11,384,315,997,246,405,983,45,666,578,197,489,163,130,996,449,141,620,1005,727,188,637,99,151,78,591,397,89,66,80,82,78,78,76,77,80,80,88,83,76,84,84,81,75,69,69,83,74,64,73,55,72,77,77,59,76,86,78,85
[ 178.010266] [AOA] Measurement: 0,1627106114.780546,08:55:31:9b:04:ac,2,1,2,0,128,387,5,950,870,740,969,940,144,442,18,399,932,165,696,103,359,565,208,225,38,964,281,61,134,787,206,124,284,160,106,422,178,88,67,79,81,79,80,78,78,82,82,89,85,77,87,86,81,77,71,69,85,76,67,76,59,77,81,81,61,80,90,82,89
[ 178.048131] [AOA] Measurement: 0,1627106114.818411,08:55:31:9b:04:ac,2,1,2,0,128,446,59,995,829,822,1013,515,418,981,240,965,169,713,908,63,375,142,461,762,225,985,302,134,160,370,464,131,299,757,308,375,20,67,50,58,61,58,59,59,59,60,61,66,65,57,65,64,61,59,53,53,64,57,51,59,45,58,61,61,49,62,69,64,69
[ 178.092269] [AOA] Measurement: 0,1627106114.862549,08:55:31:9b:04:ac,2,1,2,0,128,874,857,411,651,196,754,963,151,428,27,411,980,46,643,572,224,574,227,174,6,481,133,103,168,329,458,184,293,167,115,961,660,68,50,60,59,59,60,59,58,61,62,67,63,57,65,65,61,58,52,51,61,56,49,56,42,56,59,59,44,60,64,59,63
[ 178.134848] [AOA] Measurement: 0,1627106114.905123,08:55:31:9b:04:ac,2,1,2,0,128,444,7,963,831,220,832,942,179,389,22,447,1004,712,900,104,410,38,396,696,205,447,94,146,164,325,416,147,266,732,319,79,780,68,52,61,63,60,62,60,61,62,63,68,65,59,65,65,62,59,54,51,64,55,51,57,44,57,61,60,48,60,67,62,67
[ 178.178879] [AOA] Measurement: 0,1627106114.949155,08:55:31:9b:04:ac,2,1,2,0,128,833,868,369,611,229,815,944,178,404,46,431,998,85,643,578,201,591,232,229,56,941,243,567,945,814,223,666,116,661,260,867,647,67,50,61,62,60,60,58,58,60,62,68,65,58,65,64,61,60,54,52,65,57,51,58,44,57,60,62,48,61,68,61,66
[ 178.221922] [AOA] Measurement: 0,1627106114.992203,08:55:31:9b:04:ac,2,1,2,0,128,384,1,864,803,802,2,444,388,1023,266,914,137,647,882,142,426,70,426,729,206,7,340,104,201,252,390,176,292,686,252,456,123,69,50,61,62,58,62,58,60,62,63,69,63,59,67,66,62,59,54,53,65,57,51,57,43,58,61,61,48,60,68,62,67
[ 178.260286] [AOA] Measurement: 0,1627106115.030569,08:55:31:9b:04:ac,2,1,2,0,128,907,844,363,598,795,1011,470,365,995,199,411,968,46,617,559,203,522,174,139,982,413,54,600,960,729,161,570,41,141,86,74,909,66,50,60,61,59,61,59,59,61,61,65,63,58,64,66,63,59,54,52,65,58,51,57,45,59,61,61,48,61,69,63,67
[ 178.304177] [AOA] Measurement: 0,1627106115.074459,08:55:31:9b:04:ac,2,1,2,0,128,838,823,315,593,191,771,983,177,439,30,410,975,136,700,588,246,549,214,142,1014,467,117,44,114,764,176,174,338,114,61,307,38,67,50,62,60,58,60,57,57,63,62,69,62,57,66,63,61,56,55,51,62,54,48,55,41,54,56,57,41,57,64,56,62
[ 178.347798] [AOA] Measurement: 0,1627106115.118080,08:55:31:9b:04:ac,2,1,2,0,128,347,11,924,813,272,836,885,113,478,73,956,135,691,931,48,351,74,420,739,238,994,326,113,175,287,407,176,305,669,237,253,972,68,50,60,62,58,61,59,58,62,62,68,62,56,65,64,60,55,53,51,63,53,48,56,43,54,58,59,44,56,64,58,63
[ 178.391356] [AOA] Measurement: 0,1627106115.161632,08:55:31:9b:04:ac,2,1,2,0,128,379,3,945,821,731,969,947,196,429,47,987,159,660,872,589,222,577,244,718,174,27,305,123,181,279,371,651,110,152,102,651,523,68,49,62,61,57,59,59,59,62,61,68,63,56,64,62,59,55,51,50,63,54,47,53,40,54,57,58,42,57,63,57,62
[ 178.433553] [AOA] Measurement: 0,1627106115.203835,08:55:31:9b:04:ac,2,1,2,0,128,861,861,859,750,264,791,967,184,436,42,349,931,51,655,559,184,574,220,174,11,1002,275,119,134,743,169,647,128,153,105,950,663,68,52,60,62,59,60,59,60,63,63,69,64,59,67,65,62,59,54,52,63,56,52,57,45,58,61,61,48,61,67,61,68
[ 178.477421] [AOA] Measurement: 0,1627106115.247700,08:55:31:9b:04:ac,2,1,2,0,128,390,9,930,808,791,994,451,341,440,67,957,156,664,870,114,439,90,453,730,216,981,284,146,209,288,402,188,327,705,283,377,116,89,66,81,82,77,81,79,77,84,83,89,83,78,87,83,82,77,70,68,83,74,66,76,57,75,77,77,59,76,85,77,84
[ 178.523556] [AOA] Measurement: 0,1627106115.293831,08:55:31:9b:04:ac,2,1,2,0,128,397,19,876,786,780,979,403,333,412,33,411,965,125,655,576,234,81,431,218,40,15,309,110,128,771,191,127,314,197,144,386,148,68,51,59,61,59,61,56,58,61,62,67,64,58,65,65,59,58,53,51,64,56,51,56,43,57,60,59,46,59,66,61,64
[ 178.568927] [AOA] Measurement: 0,1627106115.339209,08:55:31:9b:04:ac,2,1,2,0,128,413,43,924,798,761,977,912,155,996,266,946,136,661,873,81,359,58,417,211,24,437,65,605,1,743,199,645,88,175,130,325,85,88,68,79,83,79,82,77,79,81,82,89,85,76,86,86,81,77,71,68,82,74,68,77,58,76,82,80,64,81,88,81,90
[ 178.612919] [AOA] Measurement: 0,1627106115.383199,08:55:31:9b:04:ac,2,1,2,0,128,391,6,929,811,247,826,1001,206,995,263,969,189,681,900,86,379,125,487,668,172,1001,314,128,165,294,400,640,108,730,293,772,473,67,50,61,62,59,60,58,57,63,62,67,62,56,62,61,58,56,53,50,61,54,46,52,40,52,56,55,40,54,60,53,59
[ 178.661718] [AOA] Measurement: 0,1627106115.431999,08:55:31:9b:04:ac,2,1,2,0,128,391,1,887,789,765,994,440,390,969,219,969,148,699,884,117,382,33,393,202,44,951,285,91,149,807,260,120,310,740,307,373,8,87,67,76,79,74,76,75,77,78,78,86,83,75,85,85,80,78,71,66,82,74,69,78,60,76,81,80,66,82,90,83,90
[ 178.699603] [AOA] Measurement: 0,1627106115.469884,08:55:31:9b:04:ac,2,1,2,0,128,398,34,385,618,814,3,504,400,399,41,434,1008,78,705,94,373,139,485,730,226,985,322,65,151,751,196,190,312,179,103,777,554,69,50,62,62,59,60,59,58,61,62,66,62,58,66,64,62,58,54,52,64,57,49,57,43,57,61,59,47,60,66,59,66
[ 178.737246] [AOA] Measurement: 0,1627106115.507526,08:55:31:9b:04:ac,2,1,2,0,128,878,857,387,637,207,778,941,147,506,109,401,989,647,872,91,391,51,409,710,202,429,124,572,957,789,189,714,150,685,289,180,951,89,68,79,81,78,79,79,78,82,81,89,84,76,86,86,80,77,69,69,81,75,67,73,56,73,78,78,62,79,88,78,86
[ 178.779696] [AOA] Measurement: 0,1627106115.549971,08:55:31:9b:04:ac,2,1,2,0,128,427,49,314,606,797,1002,946,169,421,20,965,151,106,696,579,224,574,237,712,209,985,316,95,155,240,362,164,306,719,291,480,145,67,51,63,61,59,61,59,60,63,62,67,64,58,66,64,62,58,51,53,63,55,51,56,43,55,59,58,46,58,66,60,66
[ 178.819089] [AOA] Measurement: 0,1627106115.589371,08:55:31:9b:04:ac,2,1,2,0,128,408,53,861,806,194,793,923,130,405,20,440,999,650,888,587,242,143,466,717,223,963,298,84,145,199,360,193,314,156,146,598,241,67,53,60,62,59,60,58,59,60,62,67,64,58,64,65,61,59,53,51,63,56,52,58,45,58,62,61,50,61,69,63,68
[ 178.863258] [AOA] Measurement: 0,1627106115.633539,08:55:31:9b:04:ac,2,1,2,0,128,393,20,877,783,785,1016,520,414,988,257,1007,206,633,875,530,193,127,419,179,35,47,330,84,192,292,404,162,331,169,68,617,358,67,51,61,62,59,60,58,60,62,61,68,64,58,64,65,62,59,53,51,63,55,50,58,44,56,60,60,47,59,67,60,68
[ 178.911708] [AOA] Measurement: 0,1627106115.681989,08:55:31:9b:04:ac,2,1,2,0,128,872,863,393,651,282,798,926,135,491,114,1011,175,670,877,48,346,74,411,740,222,436,96,599,995,775,182,659,147,767,335,572,255,88,68,79,81,76,80,76,76,82,79,88,83,74,85,81,79,72,70,67,83,70,62,71,54,73,76,75,56,75,86,74,82
[ 178.949952] [AOA] Measurement: 0,1627106115.720233,08:55:31:9b:04:ac,2,1,2,0,128,462,70,909,807,747,970,520,408,968,230,345,935,111,674,640,220,587,271,730,224,959,277,187,221,278,391,171,305,81,58,234,78,80,62,70,71,69,72,70,71,73,72,81,78,70,77,77,72,71,64,62,75,67,61,68,53,68,72,72,58,71,81,73,79
[ 178.988028] [AOA] Measurement: 0,1627106115.758306,08:55:31:9b:04:ac,2,1,2,0,128,366,4,944,845,817,997,461,349,988,242,915,142,620,840,566,212,603,261,147,9,473,140,115,179,295,376,154,286,189,119,655,352,89,69,81,80,78,80,77,76,83,83,89,84,76,86,85,81,77,72,70,84,74,68,76,59,76,81,81,61,80,89,82,89
[ 179.031021] [AOA] Measurement: 0,1627106115.801297,08:55:31:9b:04:ac,2,1,2,0,128,332,990,958,797,234,822,472,366,395,23,966,171,161,705,586,234,107,413,203,49,467,90,627,11,765,224,144,299,206,134,935,611,68,50,61,61,59,62,60,61,63,62,69,64,58,66,66,62,58,54,53,64,57,51,58,45,57,60,60,48,61,68,63,67
[ 179.074297] [AOA] Measurement: 0,1627106115.844576,08:55:31:9b:04:ac,2,1,2,0,128,401,13,370,628,238,820,974,155,956,203,424,5,638,867,102,450,96,397,147,18,952,281,123,167,785,237,637,102,203,120,260,1005,66,51,60,62,59,60,59,59,62,61,66,63,58,66,65,62,59,53,52,64,55,51,57,45,58,62,60,49,61,68,62,69
[ 179.117465] [AOA] Measurement: 0,1627106115.887745,08:55:31:9b:04:ac,2,1,2,0,128,359,12,366,628,231,814,937,165,477,90,415,964,48,652,134,406,513,222,208,24,994,333,553,987,765,199,669,132,112,65,669,417,67,49,58,58,56,59,57,59,61,62,66,63,57,65,64,61,59,52,50,63,56,51,55,42,56,59,59,44,58,66,57,64
[ 179.160965] [AOA] Measurement: 0,1627106115.931246,08:55:31:9b:04:ac,2,1,2,0,128,878,849,968,836,789,971,926,155,412,7,371,951,156,708,616,243,592,243,186,18,1019,337,98,149,807,241,254,367,683,297,730,440,67,51,58,61,58,59,58,60,59,61,67,63,57,62,64,60,59,52,52,62,56,49,58,45,57,61,62,49,60,67,64,69
[ 179.199322] [AOA] Measurement: 0,1627106115.969602,08:55:31:9b:04:ac,2,1,2,0,128,387,13,958,855,750,974,417,301,436,75,975,165,666,885,44,319,613,231,720,182,985,302,135,185,310,413,704,178,676,280,565,246,69,53,62,62,59,61,59,58,63,62,69,65,58,65,64,61,59,54,51,65,56,49,56,42,57,59,59,45,58,65,57,65
[ 179.237377] [AOA] Measurement: 0,1627106116.007657,08:55:31:9b:04:ac,2,1,2,0,128,364,1021,899,812,275,827,933,152,452,60,900,135,662,900,123,428,101,444,733,201,980,312,110,134,265,353,607,85,756,301,677,413,67,50,63,61,59,61,58,57,62,62,66,61,56,65,62,59,55,52,51,62,55,49,53,42,54,57,56,42,56,61,56,60
[ 179.280430] [AOA] Measurement: 0,1627106116.050712,08:55:31:9b:04:ac,2,1,2,0,128,341,996,922,793,805,1015,455,356,944,195,406,978,681,893,569,197,543,220,717,229,1007,302,116,191,280,362,212,320,672,260,278,969,89,69,79,82,77,80,76,77,79,83,90,84,78,85,85,80,77,70,68,84,72,66,72,57,72,77,79,58,77,86,78,87
[ 179.319163] [AOA] Measurement: 0,1627106116.089438,08:55:31:9b:04:ac,2,1,2,0,128,842,809,386,652,219,805,941,153,351,1018,441,979,109,694,573,223,550,233,184,13,453,84,570,965,821,231,201,349,725,271,180,928,90,69,78,81,79,79,78,77,83,82,90,84,77,87,86,81,77,71,68,82,73,66,75,57,75,79,79,60,79,87,78,87
[ 179.361911] [AOA] Measurement: 0,1627106116.132187,08:55:31:9b:04:ac,2,1,2,0,128,322,1007,947,841,783,1004,451,342,438,41,961,156,610,848,114,435,110,444,181,11,494,153,142,178,734,174,197,351,706,268,425,62,67,51,59,61,58,60,58,59,62,63,68,64,57,65,64,60,58,52,51,62,55,51,57,43,57,62,60,48,62,68,63,68
[ 179.414073] [AOA] Measurement: 0,1627106116.184349,08:55:31:9b:04:ac,2,1,2,0,128,422,51,355,598,288,839,512,410,983,236,1000,192,680,893,123,415,115,438,697,173,1012,317,66,142,294,392,157,317,171,107,276,980,79,59,69,73,69,71,69,69,73,72,81,74,66,77,76,73,69,63,62,73,67,61,67,52,68,72,72,58,73,81,74,82
[ 179.464689] [AOA] Measurement: 0,1627106116.234966,08:55:31:9b:04:ac,2,1,2,0,128,868,846,370,626,261,785,493,377,1006,245,995,137,675,872,123,452,87,407,683,202,977,279,556,961,818,218,121,265,729,311,949,676,67,48,62,60,58,58,58,55,62,59,67,61,55,64,64,59,57,54,51,62,54,48,55,40,55,57,57,43,56,64,56,61
[ 179.509352] [AOA] Measurement: 0,1627106116.279629,08:55:31:9b:04:ac,2,1,2,0,128,358,22,878,825,837,1010,505,396,51,308,887,101,654,855,129,394,89,440,742,218,457,143,141,166,330,422,230,334,694,273,107,800,88,68,77,80,76,80,77,78,82,80,89,85,77,86,85,79,77,69,68,83,74,67,75,60,75,82,81,64,80,90,83,92
[ 179.552865] [AOA] Measurement: 0,1627106116.323146,08:55:31:9b:04:ac,2,1,2,0,128,885,838,374,648,266,828,871,149,469,69,380,952,121,659,640,247,588,242,687,188,3,315,621,1014,301,375,190,351,691,268,898,581,69,51,62,63,59,61,59,59,62,62,68,65,58,66,64,61,58,55,53,63,58,51,57,44,58,61,61,46,62,67,61,68
[ 179.597344] [AOA] Measurement: 0,1627106116.367625,08:55:31:9b:04:ac,2,1,2,0,128,417,71,926,811,807,990,541,425,979,249,956,143,670,886,595,229,170,487,737,219,1014,295,73,146,306,399,190,299,705,299,775,452,68,49,60,61,58,60,59,58,62,61,68,62,56,63,63,59,55,51,51,62,56,48,54,42,55,58,58,44,56,65,58,63
[ 179.643304] [AOA] Measurement: 0,1627106116.413581,08:55:31:9b:04:ac,2,1,2,0,128,408,22,931,801,824,1012,469,372,945,229,1016,180,671,839,591,219,609,260,166,0,460,98,592,1013,787,235,700,149,172,70,839,691,90,66,80,82,76,80,78,77,83,82,89,82,77,85,86,80,78,71,69,84,75,67,76,59,76,79,80,61,79,89,82,88
[ 179.688968] [AOA] Measurement: 0,1627106116.459249,08:55:31:9b:04:ac,2,1,2,0,128,363,2,916,808,780,982,462,385,980,260,465,13,681,909,118,453,93,422,730,216,425,68,555,984,775,178,694,142,714,280,450,165,82,61,71,73,70,72,70,70,72,71,80,76,70,78,74,72,69,62,62,77,68,60,68,51,67,71,70,56,70,76,70,79
[ 179.732465] [AOA] Measurement: 0,1627106116.502745,08:55:31:9b:04:ac,2,1,2,0,128,380,20,946,826,751,977,913,150,436,18,350,971,685,856,106,397,580,225,700,221,1010,300,112,196,311,418,134,278,731,279,405,1018,89,67,80,81,77,81,78,77,84,81,89,84,78,87,86,82,76,72,68,84,74,67,75,57,73,78,78,61,78,88,81,85
[ 179.774911] [AOA] Measurement: 0,1627106116.545188,08:55:31:9b:04:ac,2,1,2,0,128,409,42,967,893,774,1004,502,366,982,254,2,165,647,905,92,409,558,214,798,254,981,331,106,160,372,436,116,277,114,60,360,60,69,49,61,62,59,61,58,58,63,61,69,63,57,66,64,60,58,54,52,63,56,51,57,44,58,61,61,47,60,67,61,66
[ 179.826076] [AOA] Measurement: 0,1627106116.596356,08:55:31:9b:04:ac,2,1,2,0,128,842,831,352,577,258,816,906,143,432,71,327,901,133,685,544,157,555,181,232,19,438,104,98,170,266,403,133,306,142,108,945,768,68,50,59,61,58,59,59,59,61,63,68,65,57,67,64,60,60,52,51,64,56,51,57,44,58,61,60,48,60,67,62,68
[ 179.869581] [AOA] Measurement: 0,1627106116.639863,08:55:31:9b:04:ac,2,1,2,0,128,445,70,928,828,820,2,502,375,972,269,918,160,135,668,571,181,607,212,196,999,473,117,49,113,324,424,206,315,688,260,537,264,67,51,59,61,58,62,59,59,62,61,69,65,57,65,66,62,59,52,54,65,56,50,57,45,58,62,61,48,62,67,62,69
[ 179.907497] [AOA] Measurement: 0,1627106116.677777,08:55:31:9b:04:ac,2,1,2,0,128,395,39,874,796,816,1005,948,185,22,304,927,155,675,888,152,411,155,445,750,217,990,286,105,173,267,374,220,345,659,266,838,595,66,51,59,60,59,61,58,58,61,60,67,63,58,66,64,61,59,52,52,62,56,51,58,45,58,61,61,47,60,66,61,69
[ 179.950865] [AOA] Measurement: 0,1627106116.721145,08:55:31:9b:04:ac,2,1,2,0,128,423,62,864,793,211,804,968,165,992,230,953,135,705,906,83,414,124,466,702,165,414,85,615,989,318,408,170,312,188,135,378,58,87,67,80,81,77,79,76,77,81,82,90,83,76,88,85,82,78,70,68,84,74,64,73,55,74,77,77,58,76,84,77,85
[ 179.989294] [AOA] Measurement: 0,1627106116.759576,08:55:31:9b:04:ac,2,1,2,0,128,386,35,912,848,733,989,487,408,987,238,903,106,99,675,608,243,103,412,786,266,989,307,48,168,249,329,183,315,621,230,522,230,80,57,71,70,69,71,68,66,73,72,80,74,68,75,74,69,67,61,60,75,66,58,67,50,66,69,70,52,68,79,68,73
[ 180.028448] [AOA] Measurement: 0,1627106116.798724,08:55:31:9b:04:ac,2,1,2,0,128,428,39,940,836,786,1,510,379,972,235,924,167,660,863,49,383,70,416,203,10,999,296,95,153,267,397,205,357,717,284,914,595,67,51,59,61,58,61,59,59,62,63,66,64,58,65,63,61,58,53,51,64,55,51,57,45,58,61,59,47,59,66,61,64
[ 180.071727] [AOA] Measurement: 0,1627106116.842002,08:55:31:9b:04:ac,2,1,2,0,128,411,30,895,768,313,878,500,375,995,241,407,955,157,704,525,176,581,265,730,226,453,157,51,161,304,443,201,330,100,65,77,844,67,51,59,62,58,60,57,59,59,61,64,63,57,65,65,60,60,52,53,65,57,50,56,44,57,61,60,46,60,66,61,67
[ 180.118611] [AOA] Measurement: 0,1627106116.888892,08:55:31:9b:04:ac,2,1,2,0,128,409,1,384,640,823,1021,476,334,982,252,997,128,677,891,59,386,110,418,803,257,943,294,134,204,769,209,224,369,634,249,418,152,67,50,61,60,56,59,56,57,60,60,67,61,57,65,63,61,56,53,51,65,55,48,56,43,57,59,59,46,59,66,60,66
[ 180.165786] [AOA] Measurement: 0,1627106116.936064,08:55:31:9b:04:ac,2,1,2,0,128,904,865,933,815,790,1000,489,347,382,31,395,976,149,726,618,229,79,436,707,190,976,288,611,4,315,412,595,36,731,264,480,201,89,66,78,81,77,78,77,78,79,81,88,84,76,83,85,79,78,70,69,84,74,68,76,59,77,80,78,62,79,89,82,88
[ 180.212456] [AOA] Measurement: 0,1627106116.982733,08:55:31:9b:04:ac,2,1,2,0,128,878,859,423,628,209,781,868,107,479,73,436,990,659,875,614,203,623,260,158,1015,399,73,625,0,773,228,211,325,687,289,443,183,67,50,60,60,58,62,58,58,61,61,66,63,56,65,65,62,58,55,51,63,56,50,55,43,55,59,60,45,58,65,58,65
[ 180.263403] [AOA] Measurement: 0,1627106117.033679,08:55:31:9b:04:ac,2,1,2,0,128,886,886,400,654,773,991,434,343,500,76,933,120,692,920,100,429,102,427,720,200,973,291,61,144,313,407,655,137,152,69,95,900,89,68,78,80,77,80,78,77,81,81,89,84,77,86,86,80,77,71,69,83,75,65,74,57,74,78,79,61,78,85,77,85
[ 180.308381] [AOA] Measurement: 0,1627106117.078662,08:55:31:9b:04:ac,2,1,2,0,128,414,43,952,847,750,957,457,346,970,226,1012,174,678,880,603,212,92,433,689,183,992,271,169,174,293,387,190,304,734,313,173,915,87,69,79,81,77,81,79,78,82,82,88,85,77,86,85,80,78,70,68,84,74,69,76,58,75,80,80,62,79,87,82,89
[ 180.352166] [AOA] Measurement: 0,1627106117.122448,08:55:31:9b:04:ac,2,1,2,0,128,377,41,941,837,756,989,464,349,974,244,941,137,695,900,80,438,105,409,686,159,420,80,586,1016,282,401,196,304,704,270,502,224,91,68,81,81,77,78,79,80,81,80,90,85,76,86,86,81,76,70,68,84,74,66,75,57,76,80,80,60,77,89,79,84
[ 180.402002] [AOA] Measurement: 0,1627106117.172279,08:55:31:9b:04:ac,2,1,2,0,128,365,7,946,821,225,834,957,185,448,30,983,187,647,849,77,421,90,434,689,157,435,74,159,172,757,210,255,355,692,297,4,687,68,50,60,61,59,60,58,57,63,62,68,64,58,66,64,61,57,53,52,64,56,50,58,43,57,60,61,47,59,66,59,64
[ 180.451747] [AOA] Measurement: 0,1627106117.222022,08:55:31:9b:04:ac,2,1,2,0,128,836,820,355,594,247,791,920,113,416,59,401,952,124,682,595,230,571,250,95,983,410,90,557,973,802,226,700,156,135,96,593,299,68,51,59,61,59,60,58,57,61,62,68,62,56,65,65,61,58,51,52,65,56,50,56,43,58,60,59,45,59,66,59,64
[ 180.496432] [AOA] Measurement: 0,1627106117.266712,08:55:31:9b:04:ac,2,1,2,0,128,821,804,407,639,239,839,921,142,921,204,430,996,81,650,600,199,562,186,163,1018,945,293,105,136,774,201,642,119,109,65,713,530,68,50,60,61,58,59,58,58,62,61,69,61,57,66,64,60,58,53,51,63,56,49,56,43,57,60,59,45,58,64,58,64
[ 180.539047] [AOA] Measurement: 0,1627106117.309323,08:55:31:9b:04:ac,2,1,2,0,128,327,1012,926,824,811,957,444,318,1006,259,947,177,704,906,54,372,559,234,729,197,994,307,132,200,318,447,189,324,749,297,386,68,66,50,61,60,59,61,60,58,61,61,66,63,57,66,64,63,58,52,53,63,55,50,56,42,57,59,59,45,59,66,59,64
[ 180.577755] [AOA] Measurement: 0,1627106117.348035,08:55:31:9b:04:ac,2,1,2,0,128,881,862,337,566,273,857,905,165,383,16,392,968,139,688,551,175,583,252,202,27,445,85,559,975,667,139,678,108,216,131,357,166,68,51,62,61,57,59,57,57,62,62,69,64,58,66,62,60,57,52,50,64,55,47,56,41,55,59,59,44,58,66,59,65
[ 180.621938] [AOA] Measurement: 0,1627106117.392219,08:55:31:9b:04:ac,2,1,2,0,128,340,9,912,814,822,1010,980,179,996,253,929,124,689,875,86,387,95,414,709,206,1012,330,78,167,295,416,165,280,706,264,865,600,68,50,61,62,59,60,59,59,63,62,67,63,59,64,66,61,57,52,53,63,55,51,57,44,58,60,60,49,60,68,61,67
[ 180.670912] [AOA] Measurement: 0,1627106117.441191,08:55:31:9b:04:ac,2,1,2,0,128,899,865,405,652,733,975,864,130,466,28,973,190,678,913,71,427,49,386,720,200,489,145,86,178,333,438,177,313,661,251,1007,616,67,51,61,63,59,59,58,57,61,61,67,63,59,66,64,62,58,53,53,63,57,50,58,42,57,61,62,45,60,66,57,63
[ 180.709670] [AOA] Measurement: 0,1627106117.479946,08:55:31:9b:04:ac,2,1,2,0,128,368,0,396,607,254,810,451,365,23,259,964,145,651,869,64,400,81,383,744,191,462,117,591,1001,294,413,195,307,683,267,287,988,67,50,59,63,59,59,58,59,62,63,68,63,60,66,65,62,60,54,51,63,55,52,57,44,57,61,62,49,62,69,62,69
[ 180.753993] [AOA] Measurement: 0,1627106117.524268,08:55:31:9b:04:ac,2,1,2,0,128,384,3,376,611,201,782,928,145,443,38,433,992,78,649,584,175,568,220,144,9,475,102,79,130,308,411,678,132,641,257,964,719,81,60,71,73,70,71,70,70,73,73,81,74,69,77,76,72,69,62,61,75,67,59,67,52,66,69,71,54,69,78,69,74
[ 180.803406] [AOA] Measurement: 0,1627106117.573682,08:55:31:9b:04:ac,2,1,2,0,128,378,4,961,831,789,993,940,142,1013,275,950,141,655,886,513,172,562,247,713,237,978,291,114,159,791,213,208,312,769,353,4,625,77,61,68,71,67,71,70,70,70,74,78,75,69,75,76,72,70,61,62,73,66,62,68,54,66,71,71,58,72,81,74,80
[ 180.847704] [AOA] Measurement: 0,1627106117.617986,08:55:31:9b:04:ac,2,1,2,0,128,442,63,900,825,802,993,510,382,950,238,948,131,673,889,106,369,124,477,694,166,411,77,87,135,832,292,605,121,677,256,245,911,88,69,78,80,76,79,78,79,81,80,90,86,77,86,85,80,77,70,69,82,73,68,76,60,76,81,79,63,81,88,81,88
[ 180.891654] [AOA] Measurement: 0,1627106117.661935,08:55:31:9b:04:ac,2,1,2,0,128,407,36,944,839,810,33,479,378,994,275,976,160,688,892,81,399,533,210,114,972,431,108,620,1022,779,213,614,79,142,111,566,345,80,59,70,72,69,71,70,68,74,73,79,76,69,79,76,73,70,64,61,76,65,58,67,52,68,73,70,55,71,81,71,79
[ 180.941691] [AOA] Measurement: 0,1627106117.711967,08:55:31:9b:04:ac,2,1,2,0,128,790,792,373,605,222,776,919,137,381,9,428,984,92,665,572,185,569,216,184,1010,934,268,89,161,312,407,577,101,93,83,422,239,67,51,60,60,58,61,56,59,62,63,67,63,58,66,64,61,57,54,51,65,57,50,57,43,57,60,59,45,58,66,60,66
[ 180.988258] [AOA] Measurement: 0,1627106117.758537,08:55:31:9b:04:ac,2,1,2,0,128,875,876,402,614,308,829,967,188,425,42,393,1008,648,854,566,233,549,230,158,8,1011,324,67,131,310,418,176,273,715,297,351,110,69,50,62,61,58,59,58,57,62,61,68,62,58,65,64,60,56,53,51,63,55,48,55,41,54,58,58,42,56,64,56,62
[ 181.035432] [AOA] Measurement: 0,1627106117.805708,08:55:31:9b:04:ac,2,1,2,0,128,884,869,333,573,258,824,921,179,346,992,417,966,83,674,556,180,512,198,165,1023,432,92,552,998,729,190,656,161,678,265,875,670,66,51,58,61,58,59,59,57,62,62,67,63,59,65,65,62,57,52,53,63,55,51,58,44,57,61,60,48,60,67,61,67
[ 181.074097] [AOA] Measurement: 0,1627106117.844378,08:55:31:9b:04:ac,2,1,2,0,128,909,866,329,602,255,841,496,385,981,260,952,150,734,917,74,343,522,190,172,18,952,284,142,173,300,411,148,303,686,256,383,128,80,59,71,72,71,71,70,69,73,74,80,74,69,76,76,73,68,63,62,74,67,57,66,49,65,69,68,53,67,76,70,77
[ 181.112278] [AOA] Measurement: 0,1627106117.882559,08:55:31:9b:04:ac,2,1,2,0,128,388,25,938,836,844,13,421,382,990,223,920,138,698,884,118,441,84,399,684,217,9,335,105,156,318,418,178,349,696,322,515,184,68,50,61,61,59,62,59,57,62,61,67,64,57,65,63,61,58,53,52,64,56,50,56,43,56,59,58,45,58,66,60,65
[ 181.150492] [AOA] Measurement: 0,1627106117.920772,08:55:31:9b:04:ac,2,1,2,0,128,415,65,895,823,786,17,474,378,995,251,992,152,654,864,103,412,151,455,733,234,986,297,55,121,768,204,593,129,742,334,359,16,87,67,79,81,78,80,76,76,82,82,89,85,77,87,85,80,74,69,68,83,73,65,73,57,72,78,77,62,78,88,79,88
[ 181.188692] [AOA] Measurement: 0,1627106117.958968,08:55:31:9b:04:ac,2,1,2,0,128,857,853,377,623,213,793,918,161,436,84,389,972,156,711,610,210,56,370,728,191,451,109,116,137,753,155,659,112,193,139,84,866,89,67,80,82,78,80,77,79,81,83,89,85,77,88,86,82,77,72,69,82,72,65,73,57,74,79,79,60,77,85,78,85
[ 181.232087] [AOA] Measurement: 0,1627106118.002364,08:55:31:9b:04:ac,2,1,2,0,128,367,10,882,815,208,803,964,177,456,53,423,972,636,863,671,273,103,449,198,10,1002,285,98,148,292,386,167,277,692,268,642,427,80,61,72,72,70,72,70,70,75,74,81,75,68,79,77,73,71,64,63,75,66,61,67,52,68,72,71,57,71,81,72,78
[ 181.279053] [AOA] Measurement: 0,1627106118.049333,08:55:31:9b:04:ac,2,1,2,0,128,878,877,868,759,223,800,965,195,1014,245,991,180,662,895,55,356,607,262,143,1021,1017,331,121,183,358,472,171,334,686,295,951,676,68,52,60,61,59,59,58,59,61,62,66,63,59,65,64,62,58,53,52,65,57,51,58,44,57,62,62,48,61,68,62,68
[ 181.317664] [AOA] Measurement: 0,1627106118.087944,08:55:31:9b:04:ac,2,1,2,0,128,435,78,919,818,722,966,488,396,939,227,958,147,641,869,111,408,74,411,707,183,0,324,62,152,352,399,188,341,687,296,661,362,68,50,59,60,60,61,57,58,62,62,67,63,58,63,63,60,57,53,52,63,55,49,56,43,57,59,59,45,58,64,57,63
[ 181.364695] [AOA] Measurement: 0,1627106118.134971,08:55:31:9b:04:ac,2,1,2,0,128,877,887,401,614,275,819,962,186,453,63,438,980,163,701,578,219,548,208,183,1000,407,80,123,173,337,432,201,302,145,87,316,46,88,67,79,79,75,78,76,76,78,80,88,85,77,85,85,80,78,69,70,85,74,67,77,59,74,81,79,63,80,88,83,90
[ 181.409002] [AOA] Measurement: 0,1627106118.179282,08:55:31:9b:04:ac,2,1,2,0,128,393,7,954,824,801,13,473,360,1009,246,1009,205,649,871,146,434,130,432,722,210,986,317,124,145,341,403,260,344,687,294,242,938,68,51,60,61,58,60,58,59,60,60,68,62,57,65,64,60,58,53,51,63,55,50,58,44,56,60,60,47,60,68,60,66
[ 181.452847] [AOA] Measurement: 0,1627106118.223129,08:55:31:9b:04:ac,2,1,2,0,128,865,842,368,601,204,832,970,151,447,48,441,1007,158,710,563,194,491,170,189,15,446,112,562,978,762,193,649,113,175,88,479,343,68,50,60,62,58,61,57,56,61,61,68,62,57,65,62,60,56,52,51,63,57,49,54,42,56,58,59,45,58,67,59,65
[ 181.502643] [AOA] Measurement: 0,1627106118.272920,08:55:31:9b:04:ac,2,1,2,0,128,846,859,366,606,210,791,1003,215,392,46,463,987,88,676,582,214,592,225,196,52,461,116,537,940,777,165,636,93,205,135,194,1011,68,50,61,62,58,60,58,58,63,62,69,63,57,65,63,60,56,54,51,64,55,48,55,43,56,59,58,44,57,66,60,64
[ 181.558094] [AOA] Measurement: 0,1627106118.328375,08:55:31:9b:04:ac,2,1,2,0,128,850,842,965,834,251,830,910,162,411,42,432,981,674,890,83,389,60,424,155,29,441,101,521,965,740,211,611,63,152,86,343,46,89,67,79,82,77,80,77,78,80,83,89,84,76,84,86,82,78,72,69,85,74,68,75,58,75,79,78,61,78,87,78,87
[ 181.601569] [AOA] Measurement: 0,1627106118.371849,08:55:31:9b:04:ac,2,1,2,0,128,383,22,933,817,792,988,931,126,1012,249,420,0,632,887,543,191,595,250,101,1012,1003,300,569,993,757,212,685,148,701,263,136,906,80,60,71,73,70,71,68,71,73,74,81,74,67,77,76,72,67,63,61,74,67,59,66,51,68,70,71,55,70,79,71,79
[ 181.650344] [AOA] Measurement: 0,1627106118.420626,08:55:31:9b:04:ac,2,1,2,0,128,385,1013,374,628,816,998,489,327,973,190,367,955,25,606,543,168,513,207,178,16,462,143,616,1020,271,400,674,121,161,101,680,440,87,66,77,80,76,79,78,77,78,80,87,84,76,85,85,79,76,69,69,85,73,69,77,60,77,81,81,64,80,89,82,90
[ 181.689394] [AOA] Measurement: 0,1627106118.459670,08:55:31:9b:04:ac,2,1,2,0,128,395,51,863,772,763,996,476,367,981,210,999,184,650,897,84,393,120,440,683,193,972,264,625,1004,286,362,623,97,174,125,1001,673,67,50,59,62,60,60,59,58,62,61,67,64,57,65,64,62,58,54,52,64,56,51,55,43,58,61,59,45,58,66,60,66
[ 181.732583] [AOA] Measurement: 0,1627106118.502858,08:55:31:9b:04:ac,2,1,2,0,128,423,19,939,840,789,995,935,160,469,64,986,151,675,856,94,446,74,412,758,214,960,288,98,131,795,231,190,324,696,284,852,585,68,50,61,62,59,60,57,58,63,60,68,63,56,65,62,59,55,52,51,62,54,48,55,41,55,57,57,42,55,65,57,64
[ 181.782908] [AOA] Measurement: 0,1627106118.553184,08:55:31:9b:04:ac,2,1,2,0,128,877,844,395,628,253,805,904,147,0,287,981,151,649,858,105,401,557,213,216,70,967,322,87,149,777,182,652,102,166,77,119,890,79,59,69,72,69,72,70,69,73,73,81,76,70,76,77,71,67,64,62,74,66,60,67,51,67,71,72,56,70,78,71,77
[ 181.827128] [AOA] Measurement: 0,1627106118.597408,08:55:31:9b:04:ac,2,1,2,0,128,461,43,933,839,778,1021,437,369,955,225,937,137,716,885,117,389,579,280,161,11,508,166,136,170,334,442,169,297,691,245,224,941,68,51,60,62,59,61,59,59,62,63,69,65,58,66,66,62,59,54,53,64,57,50,59,46,59,61,61,48,61,68,62,68
[ 181.871673] [AOA] Measurement: 0,1627106118.641955,08:55:31:9b:04:ac,2,1,2,0,128,409,31,899,766,736,931,939,178,1006,232,424,0,103,680,574,197,625,263,197,6,1001,344,119,161,305,395,176,266,757,317,205,932,88,67,79,79,75,80,77,76,84,83,90,82,78,87,87,81,77,71,69,83,73,64,75,56,74,79,78,60,77,86,78,82
[ 181.920194] [AOA] Measurement: 0,1627106118.690473,08:55:31:9b:04:ac,2,1,2,0,128,831,830,347,614,263,811,935,129,356,9,428,984,171,703,138,413,113,467,682,190,927,237,83,119,269,364,192,308,738,305,799,398,68,51,59,62,60,61,59,60,63,62,67,64,59,65,64,61,60,53,51,63,54,51,56,43,58,61,60,48,61,69,61,68
[ 181.958224] [AOA] Measurement: 0,1627106118.728505,08:55:31:9b:04:ac,2,1,2,0,128,390,32,366,631,188,784,928,152,454,53,451,1014,615,846,547,194,547,200,211,9,449,134,561,972,253,369,206,325,665,267,553,240,67,51,60,61,60,60,59,59,61,62,68,63,58,64,64,61,58,53,51,64,55,50,57,45,56,61,60,47,60,66,60,65
[ 182.001222] [AOA] Measurement: 0,1627106118.771502,08:55:31:9b:04:ac,2,1,2,0,128,389,27,908,832,780,987,435,356,963,258,444,1021,684,882,72,408,130,473,747,233,49,392,148,209,326,429,195,297,738,319,163,842,65,50,59,61,58,61,60,60,63,61,68,64,58,64,64,61,59,52,53,64,55,51,58,44,58,60,59,48,61,67,60,68
[ 182.039356] [AOA] Measurement: 0,1627106118.809636,08:55:31:9b:04:ac,2,1,2,0,128,819,836,324,583,196,784,997,189,8,300,930,134,601,855,145,435,1008,339,760,242,449,127,109,145,303,396,166,296,138,133,798,569,87,67,77,81,78,80,76,78,79,79,88,83,76,85,86,82,80,71,70,85,75,68,76,59,76,81,81,65,82,89,83,88
[ 182.077208] [AOA] Measurement: 0,1627106118.847488,08:55:31:9b:04:ac,2,1,2,0,128,863,843,428,671,238,785,949,173,356,1009,404,996,82,667,605,271,522,183,173,2,449,113,559,986,737,151,672,158,117,47,217,21,69,50,61,60,57,60,57,57,60,61,67,60,57,64,64,59,54,53,50,61,52,46,52,39,54,55,55,40,54,60,55,59
[ 182.120887] [AOA] Measurement: 0,1627106118.891162,08:55:31:9b:04:ac,2,1,2,0,128,434,59,903,818,762,992,405,337,955,219,956,154,619,853,80,387,152,493,707,217,960,274,97,148,336,433,182,345,691,301,538,230,67,50,60,62,58,59,56,59,61,62,66,63,58,64,65,61,58,52,52,63,56,50,55,43,56,60,61,48,61,67,61,69
[ 182.164297] [AOA] Measurement: 0,1627106118.934572,08:55:31:9b:04:ac,2,1,2,0,128,859,836,368,614,183,800,943,175,364,1022,406,1017,103,702,624,240,498,205,731,176,445,100,589,1018,752,207,679,129,125,64,797,546,81,61,73,72,70,72,70,70,73,73,78,75,68,76,75,73,68,63,61,76,65,60,66,50,65,70,70,55,70,78,72,77
[ 182.215798] [AOA] Measurement: 0,1627106118.986073,08:55:31:9b:04:ac,2,1,2,0,128,395,21,907,787,215,838,907,172,423,40,421,1012,667,886,556,192,124,445,722,212,943,244,158,179,353,434,152,283,157,89,207,3,90,68,80,82,77,80,77,78,79,82,88,84,77,88,86,82,78,72,70,85,77,66,75,58,77,79,79,61,81,89,80,88
[ 182.254326] [AOA] Measurement: 0,1627106119.024607,08:55:31:9b:04:ac,2,1,2,0,128,921,860,385,590,256,827,974,178,462,59,444,982,119,685,564,188,521,212,162,15,461,117,581,988,783,219,665,124,146,95,679,383,90,68,79,82,78,81,77,78,84,82,90,85,76,87,85,81,78,72,69,85,75,67,74,57,74,81,80,62,78,90,77,87
[ 182.295097] [AOA] Measurement: 0,1627106119.065372,08:55:31:9b:04:ac,2,1,2,0,128,408,18,947,841,815,977,419,334,954,227,394,983,142,714,511,162,615,252,201,31,1000,319,161,198,257,418,172,299,736,365,454,63,67,48,60,61,57,60,58,59,61,61,68,63,56,64,63,60,56,54,50,62,55,47,54,42,54,58,57,42,56,63,58,62
[ 182.337703] [AOA] Measurement: 0,1627106119.107979,08:55:31:9b:04:ac,2,1,2,0,128,386,33,891,788,784,982,939,143,465,101,976,162,628,832,627,225,88,406,701,190,9,311,109,157,280,421,188,324,669,271,371,34,87,67,79,81,76,78,77,77,81,80,89,85,78,85,87,80,78,71,69,84,77,67,77,59,77,82,81,64,82,89,82,89
[ 182.379812] [AOA] Measurement: 0,1627106119.150087,08:55:31:9b:04:ac,2,1,2,0,128,371,1002,937,825,742,981,421,324,434,63,4,185,662,889,68,416,80,408,218,35,994,291,128,175,842,251,181,315,715,264,327,19,68,50,62,62,59,59,58,58,63,61,68,63,58,65,63,60,55,53,51,62,55,47,53,40,53,56,56,41,55,62,54,59
[ 182.418994] [AOA] Measurement: 0,1627106119.189274,08:55:31:9b:04:ac,2,1,2,0,128,941,872,924,812,795,997,454,340,1001,220,989,153,124,708,99,396,62,438,694,162,400,91,618,40,349,448,177,282,680,254,332,33,69,48,60,62,58,60,57,57,63,61,67,62,57,64,64,58,55,53,50,62,54,45,51,40,55,55,57,40,53,61,55,60
[ 182.464578] [AOA] Measurement: 0,1627106119.234858,08:55:31:9b:04:ac,2,1,2,0,128,814,845,379,658,244,772,961,151,440,56,367,959,163,677,117,390,90,371,148,1008,467,134,512,975,784,203,666,132,159,111,592,310,79,60,72,74,70,71,70,69,74,72,80,74,69,76,76,72,68,62,62,74,66,57,67,51,67,70,70,53,69,79,68,77
[ 182.502655] [AOA] Measurement: 0,1627106119.272938,08:55:31:9b:04:ac,2,1,2,0,128,399,30,926,828,795,994,441,361,940,207,443,967,653,902,49,361,527,249,179,1017,448,109,119,157,267,392,169,341,663,267,391,59,89,66,78,81,77,79,76,77,81,80,89,82,76,87,85,82,75,71,70,84,74,66,74,57,75,79,79,61,78,86,79,86
[ 182.550856] [AOA] Measurement: 0,1627106119.321130,08:55:31:9b:04:ac,2,1,2,0,128,380,1019,915,804,195,776,967,150,406,38,961,157,125,710,543,202,547,214,709,200,460,127,605,1018,787,249,166,272,111,75,588,279,89,67,79,80,78,80,79,79,82,81,90,84,76,83,85,80,77,68,69,83,75,67,75,58,75,80,81,62,79,89,81,87
[ 182.595386] [AOA] Measurement: 0,1627106119.365666,08:55:31:9b:04:ac,2,1,2,0,128,879,857,990,878,800,1020,483,384,991,216,953,152,78,643,97,417,133,454,711,212,1009,293,123,154,270,360,193,293,662,297,529,256,69,52,62,63,59,62,58,60,62,62,69,64,59,66,64,61,59,54,51,65,56,50,59,44,57,63,61,47,59,66,60,67
[ 182.646490] [AOA] Measurement: 0,1627106119.416770,08:55:31:9b:04:ac,2,1,2,0,128,403,20,399,626,253,789,919,159,470,70,952,162,646,858,543,182,556,221,195,8,427,100,71,145,777,186,150,300,187,105,338,86,68,51,60,61,58,61,57,59,61,61,68,63,58,64,65,61,58,53,52,65,57,50,57,43,56,61,61,47,60,68,62,65
[ 182.690842] [AOA] Measurement: 0,1627106119.461123,08:55:31:9b:04:ac,2,1,2,0,128,356,32,895,822,817,999,921,127,950,231,420,988,157,721,520,178,544,226,181,13,972,287,578,977,311,410,187,299,710,314,576,239,67,51,60,61,60,61,59,58,61,62,67,63,58,64,65,61,58,54,52,62,56,50,57,43,55,61,59,47,60,67,61,67
[ 182.728993] [AOA] Measurement: 0,1627106119.499275,08:55:31:9b:04:ac,2,1,2,0,128,378,33,369,623,772,998,931,164,965,235,922,109,97,683,539,156,640,301,145,1020,476,144,23,130,307,412,113,285,97,77,259,985,89,68,78,78,77,79,77,78,82,82,90,83,76,84,84,79,76,68,69,82,74,65,74,56,75,80,79,60,78,88,80,88
[ 182.773333] [AOA] Measurement: 0,1627106119.543608,08:55:31:9b:04:ac,2,1,2,0,128,385,45,856,777,254,805,964,192,962,224,385,938,139,688,588,236,534,182,172,1002,461,128,83,159,292,362,679,131,130,65,356,22,68,51,59,60,58,61,60,60,62,63,67,64,60,66,65,61,59,53,52,65,56,51,58,43,55,60,60,46,59,67,59,67
[ 182.827658] [AOA] Measurement: 0,1627106119.597938,08:55:31:9b:04:ac,2,1,2,0,128,359,1023,400,611,818,1017,925,152,407,19,428,983,123,681,577,199,596,241,136,1,986,276,542,960,800,195,664,125,96,54,606,383,67,51,59,61,59,61,59,59,61,63,66,63,57,65,65,62,59,55,52,64,57,51,56,44,59,62,61,48,60,68,62,68
[ 182.874279] [AOA] Measurement: 0,1627106119.644554,08:55:31:9b:04:ac,2,1,2,0,128,385,10,837,763,223,767,953,177,460,74,960,125,624,849,92,402,555,229,118,995,492,130,529,944,791,217,659,95,118,82,311,89,90,68,79,81,77,80,78,77,82,81,88,83,76,86,83,78,75,69,67,83,74,65,74,55,74,78,77,60,78,88,77,82
[ 182.924690] [AOA] Measurement: 0,1627106119.694965,08:55:31:9b:04:ac,2,1,2,0,128,888,891,885,798,223,830,904,167,411,26,406,998,665,864,630,255,132,422,715,199,464,93,550,959,813,247,187,299,124,70,324,50,79,60,72,72,70,72,68,68,73,74,78,75,69,77,77,73,69,63,62,75,66,57,66,50,65,69,69,53,69,78,71,78
[ 182.963485] [AOA] Measurement: 0,1627106119.733767,08:55:31:9b:04:ac,2,1,2,0,128,867,867,357,643,760,1016,386,296,397,10,377,947,160,713,576,212,135,450,154,1021,458,104,105,165,296,391,200,324,669,248,918,698,68,51,60,60,57,60,58,59,61,61,68,63,58,65,65,62,58,53,53,63,56,53,57,44,57,62,60,47,59,67,61,67
[ 183.007785] [AOA] Measurement: 0,1627106119.778066,08:55:31:9b:04:ac,2,1,2,0,128,360,1006,940,804,780,1004,488,379,953,232,956,182,630,865,81,413,100,450,713,194,16,349,66,146,289,429,161,299,662,283,632,373,79,57,71,69,68,70,68,67,73,71,80,73,67,77,75,70,67,62,60,74,65,55,64,48,65,68,69,51,67,77,68,74
[ 183.051745] [AOA] Measurement: 0,1627106119.822026,08:55:31:9b:04:ac,2,1,2,0,128,413,40,947,827,793,1006,927,178,992,210,954,172,666,902,129,452,108,452,722,169,968,299,91,128,776,236,714,189,711,305,222,844,87,66,80,82,77,78,77,76,81,81,90,82,75,85,84,79,75,69,68,82,71,63,72,55,73,76,76,58,73,85,76,81
[ 183.089979] [AOA] Measurement: 0,1627106119.860258,08:55:31:9b:04:ac,2,1,2,0,128,837,843,333,600,184,795,908,131,448,59,454,977,78,624,583,174,518,154,136,1008,470,96,600,1010,788,197,619,77,175,107,474,248,66,51,60,60,58,59,58,57,62,60,66,63,58,64,65,62,58,53,51,63,57,49,58,43,58,60,59,47,60,67,61,66
[ 183.128192] [AOA] Measurement: 0,1627106119.898472,08:55:31:9b:04:ac,2,1,2,0,128,366,22,858,779,203,788,977,171,962,211,928,102,694,892,151,423,64,407,718,197,388,94,571,995,263,394,627,103,126,112,612,353,66,51,60,62,59,59,58,59,62,62,67,64,58,64,65,61,59,53,52,64,57,50,57,44,57,62,60,49,59,68,61,66
[ 183.171875] [AOA] Measurement: 0,1627106119.942156,08:55:31:9b:04:ac,2,1,2,0,128,844,861,378,622,250,818,939,176,468,81,998,168,668,890,587,207,173,513,670,198,1012,290,87,174,745,203,630,116,121,64,305,141,67,51,62,61,58,60,58,58,62,62,68,63,57,65,63,59,56,53,51,63,55,47,55,41,56,57,56,43,57,63,58,61
[ 183.216576] [AOA] Measurement: 0,1627106119.986857,08:55:31:9b:04:ac,2,1,2,0,128,847,842,358,612,163,760,958,171,435,58,432,984,107,697,534,193,526,185,117,1009,451,118,613,1005,753,188,681,102,135,107,801,617,81,60,72,72,68,72,70,69,73,75,82,76,70,78,76,72,69,64,60,75,66,58,65,51,65,71,70,52,70,78,70,79
[ 183.260229] [AOA] Measurement: 0,1627106120.030504,08:55:31:9b:04:ac,2,1,2,0,128,861,881,369,614,230,787,920,177,462,65,991,199,627,818,566,211,594,247,146,7,439,105,536,946,792,232,192,332,113,47,634,313,88,66,77,80,75,79,76,79,80,82,90,83,76,86,86,81,78,71,70,85,75,67,75,58,77,81,81,63,78,88,80,88
[ 183.303123] [AOA] Measurement: 0,1627106120.073399,08:55:31:9b:04:ac,2,1,2,0,128,890,879,890,819,278,817,955,158,365,7,384,955,113,693,576,188,584,263,708,184,953,239,567,994,770,185,671,130,135,72,912,667,68,49,62,60,57,59,55,56,60,60,65,59,55,65,62,59,55,51,48,60,51,45,50,39,53,55,53,38,51,59,50,56
[ 183.350645] [AOA] Measurement: 0,1627106120.120925,08:55:31:9b:04:ac,2,1,2,0,128,382,43,921,826,755,1010,528,385,1000,249,0,191,705,919,126,386,118,417,740,210,963,291,97,115,309,378,662,151,736,334,397,117,91,67,79,82,77,78,76,75,82,81,88,82,74,85,84,79,74,70,67,83,74,64,73,57,73,78,77,58,76,85,79,85
[ 183.388732] [AOA] Measurement: 0,1627106120.159013,08:55:31:9b:04:ac,2,1,2,0,128,449,53,896,768,233,808,965,170,441,86,398,1002,716,907,549,203,555,215,694,188,444,60,526,952,729,204,632,96,105,46,626,424,68,51,61,62,58,59,59,58,63,61,68,63,57,64,65,61,57,52,50,63,55,48,56,42,56,58,59,44,58,63,57,64
[ 183.433482] [AOA] Measurement: 0,1627106120.203758,08:55:31:9b:04:ac,2,1,2,0,128,902,891,374,650,751,972,527,380,432,81,932,162,698,891,72,408,604,269,154,983,481,122,558,975,770,187,689,155,678,324,859,530,68,50,60,62,58,60,58,58,60,62,66,63,56,64,64,61,57,54,51,63,57,50,55,42,55,59,59,45,59,64,58,64
[ 183.483371] [AOA] Measurement: 0,1627106120.253647,08:55:31:9b:04:ac,2,1,2,0,128,400,38,931,812,775,993,456,329,422,21,416,1016,652,877,90,376,85,438,700,195,1023,352,125,176,292,366,181,340,654,264,232,969,88,66,76,80,76,79,76,76,80,81,88,83,75,85,84,81,74,68,67,82,72,65,74,57,75,79,79,61,76,86,78,86
[ 183.528185] [AOA] Measurement: 0,1627106120.298467,08:55:31:9b:04:ac,2,1,2,0,128,903,866,393,621,760,982,893,142,422,49,894,129,641,863,67,346,78,377,232,40,1005,283,531,971,306,422,122,279,134,77,732,507,87,68,77,80,77,78,77,76,80,81,89,84,75,84,84,79,78,69,67,83,74,67,77,59,76,79,80,63,80,90,83,89
[ 183.571980] [AOA] Measurement: 0,1627106120.342260,08:55:31:9b:04:ac,2,1,2,0,128,384,18,941,847,792,1010,451,371,385,1003,391,964,79,658,619,201,33,397,713,170,1021,335,117,214,251,379,628,112,678,245,298,981,65,51,59,60,58,61,59,59,61,61,67,63,57,65,65,61,59,52,53,65,56,50,56,44,56,60,60,47,59,68,61,66
[ 183.622133] [AOA] Measurement: 0,1627106120.392409,08:55:31:9b:04:ac,2,1,2,0,128,912,887,372,629,796,1009,484,363,965,252,991,187,595,835,107,402,76,413,690,176,463,77,615,1015,254,401,218,318,693,297,288,37,85,66,75,79,74,78,74,77,78,78,87,83,75,83,82,78,77,69,68,80,74,70,77,60,76,82,79,66,82,90,84,89
[ 183.672497] [AOA] Measurement: 0,1627106120.442773,08:55:31:9b:04:ac,2,1,2,0,128,417,52,334,627,175,765,935,135,438,29,459,5,679,876,531,174,584,241,192,20,475,75,579,973,855,248,668,106,128,62,689,547,89,66,79,81,76,79,75,76,79,81,89,83,76,87,85,82,75,68,67,81,72,63,72,54,73,76,79,59,75,85,78,83
[ 183.717101] [AOA] Measurement: 0,1627106120.487382,08:55:31:9b:04:ac,2,1,2,0,128,881,838,401,631,236,784,981,176,1004,264,953,144,618,861,125,413,91,408,192,6,1008,296,76,129,792,234,631,120,148,72,215,998,88,67,78,81,78,80,77,78,79,79,89,85,77,84,85,80,76,71,69,83,74,67,73,58,76,78,79,60,78,88,76,86
[ 183.760834] [AOA] Measurement: 0,1627106120.531116,08:55:31:9b:04:ac,2,1,2,0,128,374,31,926,794,263,818,985,180,482,55,424,1000,69,654,158,393,558,206,696,179,406,41,684,10,769,221,170,321,730,301,81,725,88,67,79,81,78,81,78,78,82,82,89,85,78,87,84,81,76,71,68,83,74,66,73,59,75,79,76,61,76,87,79,87
[ 183.804275] [AOA] Measurement: 0,1627106120.574556,08:55:31:9b:04:ac,2,1,2,0,128,904,863,362,644,779,968,946,196,408,33,418,1013,113,689,563,217,560,205,168,996,451,98,564,974,829,242,217,309,687,273,941,679,69,51,61,62,59,60,58,59,61,63,69,65,59,66,66,61,58,55,53,64,57,51,56,43,58,60,59,47,58,65,60,66
[ 183.848342] [AOA] Measurement: 0,1627106120.618623,08:55:31:9b:04:ac,2,1,2,0,128,842,843,377,607,787,9,383,332,427,25,996,174,695,876,61,389,574,246,734,220,464,135,552,963,779,204,620,96,162,121,415,156,68,51,59,63,58,59,58,58,63,62,67,64,58,65,64,60,59,53,51,64,57,50,58,44,58,61,61,48,61,67,62,69
[ 183.891649] [AOA] Measurement: 0,1627106120.661930,08:55:31:9b:04:ac,2,1,2,0,128,839,854,352,567,268,841,885,156,407,0,440,963,152,722,582,198,535,210,160,993,395,84,626,5,782,207,200,323,694,294,409,132,67,50,61,59,57,59,58,56,63,61,67,63,55,65,63,61,56,52,52,62,55,49,56,43,56,58,60,44,58,65,56,63
[ 183.935382] [AOA] Measurement: 0,1627106120.705663,08:55:31:9b:04:ac,2,1,2,0,128,870,874,355,585,276,829,943,190,0,298,927,115,104,651,605,218,544,229,157,17,494,129,534,960,762,215,630,94,138,101,167,950,80,61,70,73,69,70,67,70,71,73,78,75,70,78,75,73,69,62,61,73,66,60,68,51,68,74,71,58,71,80,73,81
[ 183.986143] [AOA] Measurement: 0,1627106120.756425,08:55:31:9b:04:ac,2,1,2,0,128,362,1019,893,799,217,781,947,155,450,67,986,173,23,620,623,253,120,463,770,185,985,314,577,998,309,437,132,285,123,80,666,413,89,67,80,81,77,79,77,77,80,81,87,81,74,84,83,77,73,70,68,82,73,64,73,54,75,78,77,58,77,86,77,83
[ 184.030182] [AOA] Measurement: 0,1627106120.800463,08:55:31:9b:04:ac,2,1,2,0,128,358,41,895,782,746,994,446,353,974,237,992,194,633,872,150,457,102,410,677,187,13,320,89,133,313,429,234,345,722,310,201,870,69,51,61,62,59,60,59,59,63,62,68,64,58,64,64,60,59,54,51,66,58,51,57,44,58,60,61,47,60,67,61,67
[ 184.068252] [AOA] Measurement: 0,1627106120.838533,08:55:31:9b:04:ac,2,1,2,0,128,423,32,933,832,713,961,474,354,974,240,941,129,661,865,128,382,117,437,696,191,1006,303,100,159,755,215,655,114,677,281,813,438,90,67,80,81,76,78,75,76,83,81,89,83,76,86,85,80,77,71,69,85,75,66,74,57,77,79,80,60,77,88,77,84
[ 184.113084] [AOA] Measurement: 0,1627106120.883359,08:55:31:9b:04:ac,2,1,2,0,128,425,70,937,814,247,839,453,360,943,235,975,162,712,894,38,383,582,231,174,0,421,103,538,970,794,229,621,114,760,320,660,383,68,50,61,62,58,60,58,58,61,60,66,61,56,65,63,60,56,53,50,60,55,46,52,40,55,57,57,43,56,62,56,60
[ 184.168100] [AOA] Measurement: 0,1627106120.938380,08:55:31:9b:04:ac,2,1,2,0,128,403,27,901,789,821,999,444,372,982,242,943,152,635,830,573,196,608,276,693,204,949,287,126,162,344,410,626,109,697,270,716,493,86,65,77,80,75,78,76,78,79,81,88,85,77,87,87,79,77,70,67,84,75,69,77,59,75,83,81,66,82,89,84,91
[ 184.211993] [AOA] Measurement: 0,1627106120.982274,08:55:31:9b:04:ac,2,1,2,0,128,379,1001,369,595,239,814,934,145,423,53,407,982,670,900,614,240,73,402,712,180,16,329,114,225,309,359,216,331,667,274,281,3,67,50,61,62,60,60,58,58,63,62,66,64,56,65,65,59,56,54,51,64,54,49,55,41,56,58,58,44,58,66,57,64
[ 184.250343] [AOA] Measurement: 0,1627106121.020623,08:55:31:9b:04:ac,2,1,2,0,128,429,9,926,811,838,1018,432,324,968,238,965,153,716,892,126,414,158,495,698,186,986,279,147,206,286,374,584,131,165,114,97,833,67,51,60,61,59,61,58,59,60,62,67,65,59,66,65,61,61,54,53,64,57,52,59,45,56,61,61,47,63,69,64,70
[ 184.288388] [AOA] Measurement: 0,1627106121.058670,08:55:31:9b:04:ac,2,1,2,0,128,896,858,980,861,807,1004,488,406,959,250,890,109,720,905,81,377,90,458,673,178,1006,321,133,186,305,439,175,307,684,286,601,341,68,51,59,63,60,59,59,60,61,62,68,66,59,65,66,60,59,54,51,63,55,50,58,45,57,61,60,46,60,67,61,67
[ 184.332383] [AOA] Measurement: 0,1627106121.102663,08:55:31:9b:04:ac,2,1,2,0,128,357,24,895,821,781,985,943,166,423,33,354,969,662,874,587,165,539,218,215,32,439,109,612,1018,777,217,170,308,731,341,259,912,77,59,69,71,70,71,68,70,72,72,81,75,69,76,75,73,69,63,62,76,67,59,66,50,67,73,73,56,70,79,73,77
[ 184.375056] [AOA] Measurement: 0,1627106121.145332,08:55:31:9b:04:ac,2,1,2,0,128,339,18,415,669,257,847,965,169,935,219,983,155,103,682,534,154,576,195,184,22,413,90,644,1023,281,397,160,283,687,289,602,227,68,49,61,60,58,60,57,56,61,60,66,62,56,62,63,58,56,53,49,60,54,46,52,40,54,57,58,43,57,63,57,61
[ 184.418915] [AOA] Measurement: 0,1627106121.189195,08:55:31:9b:04:ac,2,1,2,0,128,405,22,344,617,799,993,938,158,442,39,460,990,728,909,94,389,91,441,716,200,1017,304,107,132,783,206,632,77,230,126,748,524,87,68,77,81,77,80,76,78,82,80,89,84,76,84,84,77,77,71,68,83,75,66,77,59,76,81,78,62,79,87,80,87
[ 184.461722] [AOA] Measurement: 0,1627106121.231998,08:55:31:9b:04:ac,2,1,2,0,128,802,812,359,609,790,977,921,165,942,215,427,1015,637,873,589,198,85,380,750,211,944,258,567,955,755,235,660,123,704,288,116,883,78,60,72,73,70,71,69,70,74,73,79,74,69,76,78,73,68,63,61,75,68,59,67,52,67,70,71,55,70,78,69,78
[ 184.512591] [AOA] Measurement: 0,1627106121.282874,08:55:31:9b:04:ac,2,1,2,0,128,861,825,378,613,218,805,918,159,440,72,932,125,651,881,555,181,582,225,709,207,426,126,551,982,752,170,668,123,153,122,783,573,88,68,78,81,78,81,78,79,81,82,89,85,78,85,86,80,79,69,68,84,74,67,75,60,76,79,81,64,82,89,80,89
[ 184.561719] [AOA] Measurement: 0,1627106121.331994,08:55:31:9b:04:ac,2,1,2,0,128,349,14,880,763,245,810,930,144,427,59,992,166,650,874,107,399,116,447,702,194,1023,302,579,996,767,189,629,110,183,84,468,192,67,50,61,62,59,60,57,57,63,61,68,63,58,65,65,61,60,54,52,65,57,50,56,44,57,61,59,46,61,67,61,68
[ 184.610473] [AOA] Measurement: 0,1627106121.380753,08:55:31:9b:04:ac,2,1,2,0,128,836,820,373,614,232,799,904,140,512,74,937,121,149,697,523,146,562,250,188,3,398,61,570,999,762,178,615,101,152,126,546,218,67,50,59,61,58,60,56,58,60,61,66,62,58,64,63,59,56,52,52,63,56,48,57,43,55,58,58,45,57,64,58,63
[ 184.648538] [AOA] Measurement: 0,1627106121.418819,08:55:31:9b:04:ac,2,1,2,0,128,359,7,937,823,751,981,488,391,1022,270,939,129,725,920,139,436,105,429,717,212,1002,328,67,134,763,175,716,156,139,85,888,603,68,50,60,62,58,60,59,58,63,61,68,63,56,65,64,60,57,53,51,64,56,49,56,42,56,58,59,46,59,66,59,64
[ 184.691221] [AOA] Measurement: 0,1627106121.461502,08:55:31:9b:04:ac,2,1,2,0,128,391,42,939,864,773,1018,436,343,1016,264,969,144,655,897,522,184,86,404,764,246,4,314,106,175,330,467,195,350,675,277,88,809,66,51,61,61,58,59,58,58,62,63,67,63,58,66,65,60,56,53,51,60,55,49,54,42,57,58,57,43,58,65,59,64
[ 184.729761] [AOA] Measurement: 0,1627106121.500037,08:55:31:9b:04:ac,2,1,2,0,128,342,1,384,615,762,998,928,170,10,271,344,979,129,705,582,224,587,245,168,1008,444,86,114,199,324,440,204,336,747,324,301,896,89,65,80,80,77,78,76,77,81,80,88,80,73,83,82,79,74,72,68,83,71,63,71,54,71,73,75,55,73,83,74,82
[ 184.772749] [AOA] Measurement: 0,1627106121.543025,08:55:31:9b:04:ac,2,1,2,0,128,369,1020,886,806,185,765,973,189,425,26,388,960,95,637,570,185,593,260,168,12,494,121,121,183,238,369,669,173,161,108,86,782,90,68,80,81,76,76,76,77,81,80,88,80,72,85,85,80,74,69,67,84,74,65,74,57,74,79,79,59,80,89,79,85
[ 184.822897] [AOA] Measurement: 0,1627106121.593172,08:55:31:9b:04:ac,2,1,2,0,128,890,888,366,619,236,810,945,146,402,22,396,965,94,641,555,204,594,229,183,18,461,147,107,150,287,381,668,127,176,106,618,318,68,52,60,61,58,60,58,58,61,60,67,66,58,65,66,62,60,54,52,64,58,51,59,45,58,61,62,50,61,68,63,71
[ 184.868697] [AOA] Measurement: 0,1627106121.638977,08:55:31:9b:04:ac,2,1,2,0,128,857,834,416,655,269,843,932,164,934,212,992,169,656,887,577,221,90,415,738,209,976,293,56,142,251,401,175,290,697,237,812,514,68,49,62,61,58,61,58,58,63,61,68,62,57,63,62,59,56,51,48,60,55,46,53,41,55,57,58,43,55,63,56,61
[ 184.912559] [AOA] Measurement: 0,1627106121.682839,08:55:31:9b:04:ac,2,1,2,0,128,419,57,870,785,802,1014,448,377,1009,262,954,161,641,862,574,209,485,180,222,48,969,300,92,107,811,233,232,338,185,141,28,776,90,66,79,82,78,79,75,77,80,82,90,83,77,88,84,80,77,71,69,84,74,66,77,59,76,80,80,65,80,90,81,88
[ 184.954815] [AOA] Measurement: 0,1627106121.725090,08:55:31:9b:04:ac,2,1,2,0,128,866,861,917,843,806,1015,930,164,436,73,988,174,90,695,548,220,70,407,670,149,426,79,598,1017,777,219,639,110,210,151,662,328,81,60,70,72,70,71,70,70,73,74,79,76,70,78,77,73,70,63,62,76,68,60,68,51,69,73,72,57,72,79,75,80
[ 185.006281] [AOA] Measurement: 0,1627106121.776562,08:55:31:9b:04:ac,2,1,2,0,128,813,826,365,625,166,771,903,140,973,205,994,152,696,883,110,401,581,234,190,1,428,127,71,109,314,418,203,363,670,301,697,371,66,51,59,60,59,60,58,61,62,62,68,64,59,65,64,61,58,54,52,63,57,51,55,42,57,61,58,48,61,68,60,67
[ 185.050252] [AOA] Measurement: 0,1627106121.820532,08:55:31:9b:04:ac,2,1,2,0,128,418,46,934,848,763,1019,886,128,505,80,916,130,630,884,105,419,71,412,729,215,998,299,119,159,825,218,192,306,736,283,657,280,67,51,61,61,59,60,59,58,62,63,67,62,58,67,64,60,58,54,53,63,55,49,55,42,54,59,59,45,57,64,58,63
[ 185.088385] [AOA] Measurement: 0,1627106121.858666,08:55:31:9b:04:ac,2,1,2,0,128,903,863,340,589,154,753,936,175,419,2,428,1014,163,732,62,401,549,210,151,1008,426,117,562,985,816,246,623,96,83,42,63,898,67,51,61,61,57,60,58,57,62,60,68,62,58,65,63,58,57,53,51,62,54,47,54,41,57,57,57,43,57,65,58,64
[ 185.131042] [AOA] Measurement: 0,1627106121.901321,08:55:31:9b:04:ac,2,1,2,0,128,883,855,392,624,251,833,934,154,388,16,378,971,106,640,504,169,558,182,156,971,420,66,566,980,709,163,661,118,208,127,210,992,69,51,59,62,58,61,58,59,61,61,69,63,57,65,64,61,58,54,52,63,57,50,57,43,57,61,60,46,60,67,59,66
[ 185.169360] [AOA] Measurement: 0,1627106121.939642,08:55:31:9b:04:ac,2,1,2,0,128,373,38,943,838,743,986,878,118,506,51,375,960,117,720,129,457,516,224,766,192,458,117,547,956,757,216,619,110,161,88,1011,669,68,49,61,61,58,60,59,58,63,62,68,65,58,66,63,61,57,54,51,64,55,49,57,43,57,59,59,44,59,66,58,64
[ 185.207279] [AOA] Measurement: 0,1627106121.977559,08:55:31:9b:04:ac,2,1,2,0,128,436,49,899,762,233,804,958,163,445,77,415,969,666,889,133,423,120,435,734,193,999,314,103,135,334,393,234,318,709,295,995,679,67,50,61,61,59,60,59,58,62,62,69,63,59,64,66,62,58,53,52,64,56,50,57,42,56,59,60,45,59,66,59,66
[ 185.250879] [AOA] Measurement: 0,1627106122.021154,08:55:31:9b:04:ac,2,1,2,0,128,844,851,327,602,221,786,991,190,407,3,379,952,156,712,531,223,547,231,212,17,957,276,587,1012,779,177,632,95,147,77,447,77,66,51,60,62,60,59,58,58,62,62,66,62,58,65,64,61,57,53,50,64,56,49,55,41,56,57,59,44,58,63,59,63
[ 185.293431] [AOA] Measurement: 0,1627106122.063710,08:55:31:9b:04:ac,2,1,2,0,128,877,888,893,783,224,783,920,151,476,42,387,957,678,841,111,418,101,423,744,220,982,290,94,106,763,233,688,124,694,270,72,784,81,60,73,73,68,72,69,70,74,73,81,74,70,77,77,73,69,61,61,74,65,59,67,50,68,70,70,54,69,77,71,79
[ 185.337628] [AOA] Measurement: 0,1627106122.107910,08:55:31:9b:04:ac,2,1,2,0,128,388,39,878,821,883,49,466,355,418,81,969,152,666,895,109,382,581,246,715,180,452,138,600,1007,781,206,632,116,658,263,107,843,78,59,69,73,69,70,69,69,73,71,79,76,69,74,76,72,71,61,61,75,67,62,69,55,67,71,72,58,73,81,73,81
[ 185.376126] [AOA] Measurement: 0,1627106122.146409,08:55:31:9b:04:ac,2,1,2,0,128,379,16,974,865,803,1006,540,404,960,222,948,135,598,845,108,440,80,448,706,179,425,106,574,973,809,248,150,282,717,272,250,922,89,68,76,80,78,79,77,77,80,80,89,84,77,84,86,80,75,69,68,83,76,67,75,58,76,81,78,62,81,88,81,91
[ 185.419890] [AOA] Measurement: 0,1627106122.190171,08:55:31:9b:04:ac,2,1,2,0,128,327,1014,940,831,252,863,456,354,999,266,393,987,630,875,109,424,78,460,754,240,963,290,627,36,255,388,685,141,752,284,844,564,67,51,58,61,59,61,59,60,62,62,68,64,58,66,66,61,57,54,52,64,57,50,57,43,56,60,62,47,60,68,62,67
[ 185.458378] [AOA] Measurement: 0,1627106122.228660,08:55:31:9b:04:ac,2,1,2,0,128,374,10,927,834,807,1022,403,328,1002,235,1002,206,713,906,85,430,65,409,759,228,998,301,114,167,265,401,175,309,705,311,686,364,80,60,71,73,70,71,70,70,73,74,81,78,69,77,77,72,70,62,60,74,67,61,69,54,67,73,72,58,72,80,74,82
[ 185.504483] [AOA] Measurement: 0,1627106122.274759,08:55:31:9b:04:ac,2,1,2,0,128,409,32,966,859,776,1007,420,335,970,222,936,144,666,865,578,260,93,406,703,164,447,94,599,1012,301,421,627,77,230,151,37,734,68,52,60,63,59,61,59,59,63,62,66,64,59,67,65,62,57,54,52,63,57,49,58,45,57,61,60,47,61,70,62,68
[ 185.558484] [AOA] Measurement: 0,1627106122.328761,08:55:31:9b:04:ac,2,1,2,0,128,380,1022,370,627,241,817,930,136,393,1018,363,954,90,646,559,191,586,237,150,981,490,108,133,195,253,381,174,317,66,38,102,964,76,60,68,71,69,70,69,70,72,71,81,73,69,76,77,73,68,63,61,75,67,61,70,51,67,72,71,56,71,78,72,80
[ 185.602164] [AOA] Measurement: 0,1627106122.372440,08:55:31:9b:04:ac,2,1,2,0,128,896,870,409,652,262,807,974,203,467,83,992,167,634,839,100,410,131,447,721,217,1004,327,58,127,316,446,153,305,118,94,376,190,67,51,58,62,57,60,58,59,61,63,68,64,57,65,64,60,59,52,50,63,56,51,57,44,57,62,62,50,63,68,64,68
[ 185.649644] [AOA] Measurement: 0,1627106122.419927,08:55:31:9b:04:ac,2,1,2,0,128,848,866,368,643,246,814,917,115,392,19,391,995,143,733,535,173,528,195,179,1014,460,118,595,988,786,203,608,122,164,97,637,420,66,51,58,59,58,59,58,61,59,61,68,63,58,66,64,61,60,53,51,63,55,52,58,44,57,61,62,48,62,68,63,68
[ 185.688477] [AOA] Measurement: 0,1627106122.458758,08:55:31:9b:04:ac,2,1,2,0,128,433,69,902,830,151,726,928,146,409,19,452,1022,642,882,513,148,578,259,150,1008,977,284,105,181,305,420,207,309,175,87,802,482,83,65,73,78,76,76,75,76,78,81,87,83,75,84,83,79,79,67,67,80,74,68,76,60,75,81,79,67,80,87,84,92
[ 185.733821] [AOA] Measurement: 0,1627106122.504097,08:55:31:9b:04:ac,2,1,2,0,128,886,876,960,843,773,1022,420,314,455,64,400,958,111,682,526,164,611,242,127,983,456,115,590,982,794,225,639,105,116,64,597,308,67,50,61,61,58,60,59,59,62,60,68,64,57,65,61,61,55,52,50,62,56,49,56,43,56,60,60,44,58,67,59,65
[ 185.783911] [AOA] Measurement: 0,1627106122.554189,08:55:31:9b:04:ac,2,1,2,0,128,392,20,912,794,867,36,449,362,977,230,1014,181,618,860,623,238,58,379,204,11,431,90,139,198,314,430,189,318,606,231,944,632,87,66,78,80,76,78,78,77,80,80,90,85,75,85,86,81,77,70,68,82,73,64,75,55,74,77,77,60,77,87,79,88
[ 185.828285] [AOA] Measurement: 0,1627106122.598567,08:55:31:9b:04:ac,2,1,2,0,128,335,1006,405,649,776,996,411,312,441,27,414,994,648,830,613,236,631,271,138,1001,14,348,70,150,730,198,699,145,180,114,724,451,67,49,60,60,58,60,58,58,63,61,69,62,56,66,63,60,56,54,50,63,56,49,54,40,54,58,58,42,57,62,56,61
[ 185.872371] [AOA] Measurement: 0,1627106122.642650,08:55:31:9b:04:ac,2,1,2,0,128,417,16,915,833,752,1012,452,350,967,243,922,125,638,869,68,399,92,453,723,188,1002,298,87,141,269,396,182,309,162,106,545,247,69,50,60,61,58,59,58,59,63,62,67,64,59,66,66,62,58,53,51,63,56,50,55,44,57,59,59,47,61,67,62,67
[ 185.922061] [AOA] Measurement: 0,1627106122.692337,08:55:31:9b:04:ac,2,1,2,0,128,344,6,975,839,778,1006,387,316,999,251,994,202,635,853,135,405,75,443,705,175,978,291,525,936,778,217,662,113,219,151,801,536,68,49,62,61,57,59,56,56,61,60,67,60,55,63,62,58,54,53,50,60,51,44,51,39,51,53,55,39,51,59,51,57
[ 185.972236] [AOA] Measurement: 0,1627106122.742514,08:55:31:9b:04:ac,2,1,2,0,128,899,879,904,795,206,793,931,163,423,46,371,963,82,667,587,190,575,262,689,183,439,124,86,159,775,207,646,96,150,108,892,640,88,67,78,79,77,78,76,76,80,80,87,81,76,86,84,80,78,70,70,85,75,67,75,58,75,81,79,62,79,89,82,90
[ 186.017443] [AOA] Measurement: 0,1627106122.787724,08:55:31:9b:04:ac,2,1,2,0,128,452,73,943,817,805,3,422,361,963,232,409,951,639,858,124,441,86,420,732,183,1014,326,76,149,260,396,180,292,720,291,1001,739,69,51,60,62,57,61,58,59,63,62,69,62,59,66,64,62,57,53,50,61,57,49,56,43,57,60,59,45,59,66,59,66
[ 186.061261] [AOA] Measurement: 0,1627106122.831542,08:55:31:9b:04:ac,2,1,2,0,128,393,1022,981,863,782,975,521,411,13,289,930,128,697,879,71,392,117,440,728,227,16,354,133,160,341,452,143,306,687,295,649,378,67,51,60,60,60,61,58,59,61,61,67,61,58,65,65,60,57,52,50,65,55,49,56,43,57,60,58,46,57,66,58,64
[ 186.105535] [AOA] Measurement: 0,1627106122.875816,08:55:31:9b:04:ac,2,1,2,0,128,910,864,358,596,831,24,464,363,998,229,962,134,75,652,545,179,521,143,155,0,389,110,597,984,817,208,160,258,131,87,256,26,90,67,81,80,77,80,75,75,83,81,89,82,76,85,85,81,74,71,67,83,73,65,73,54,74,78,77,59,75,84,76,83
[ 186.151058] [AOA] Measurement: 0,1627106122.921335,08:55:31:9b:04:ac,2,1,2,0,128,877,836,411,656,169,765,924,132,520,87,357,922,148,719,586,209,589,256,143,1009,504,149,136,194,351,464,225,314,659,283,193,967,89,68,78,81,75,78,76,78,81,80,89,83,75,86,86,82,77,70,68,85,75,67,77,58,76,81,80,61,77,88,80,89
[ 186.194603] [AOA] Measurement: 0,1627106122.964878,08:55:31:9b:04:ac,2,1,2,0,128,878,873,339,593,238,812,885,123,457,26,394,946,121,661,634,238,542,180,167,989,422,103,597,1012,802,210,666,115,119,35,528,317,80,58,71,70,68,72,68,67,73,73,79,71,67,76,75,71,64,61,59,75,63,56,64,48,64,67,67,49,64,73,64,71
[ 186.245410] [AOA] Measurement: 0,1627106123.015686,08:55:31:9b:04:ac,2,1,2,0,128,876,872,341,636,817,1022,510,365,1008,274,931,125,121,699,559,171,528,194,734,209,418,86,533,957,763,222,668,140,169,124,282,992,68,52,61,60,58,60,57,58,61,62,67,63,58,65,63,61,57,52,51,62,53,49,54,42,54,59,58,45,58,65,59,65
[ 186.288731] [AOA] Measurement: 0,1627106123.059007,08:55:31:9b:04:ac,2,1,2,0,128,348,1016,914,795,841,42,490,387,1013,259,919,127,643,886,122,410,128,486,739,206,1002,301,133,182,362,432,178,361,781,363,410,98,90,68,80,81,78,81,76,78,82,83,91,84,79,87,85,83,78,72,68,84,75,67,77,58,76,81,81,64,79,89,82,87
[ 186.334308] [AOA] Measurement: 0,1627106123.104588,08:55:31:9b:04:ac,2,1,2,0,128,389,43,900,796,751,970,977,181,982,234,411,982,82,677,73,389,569,239,194,1015,468,119,541,993,314,387,188,310,120,65,118,813,88,66,81,82,79,80,77,78,83,82,90,85,78,86,85,81,77,71,69,84,75,68,76,57,75,79,79,63,79,88,80,86
[ 186.377502] [AOA] Measurement: 0,1627106123.147783,08:55:31:9b:04:ac,2,1,2,0,128,886,856,931,818,739,963,960,170,410,56,386,967,139,709,472,135,557,196,148,986,444,103,576,1000,745,185,235,336,152,74,734,546,88,68,81,81,77,80,76,75,81,82,90,83,75,84,83,80,75,70,69,84,74,64,75,57,74,77,78,58,75,87,80,85
[ 186.420830] [AOA] Measurement: 0,1627106123.191111,08:55:31:9b:04:ac,2,1,2,0,128,419,92,889,819,777,1015,459,352,957,241,1003,155,684,862,193,480,16,392,767,235,963,286,139,207,240,384,158,318,718,305,844,588,90,67,80,80,78,80,76,77,81,82,88,83,77,86,84,79,74,69,68,83,70,63,73,56,74,77,77,59,75,86,77,83
[ 186.459641] [AOA] Measurement: 0,1627106123.229922,08:55:31:9b:04:ac,2,1,2,0,128,877,860,341,599,249,810,962,167,967,188,417,988,60,648,632,250,97,428,193,26,446,105,580,1002,288,415,159,301,674,250,0,817,67,51,61,62,58,61,59,59,63,62,67,65,58,67,66,61,58,55,53,64,56,49,56,45,57,61,59,46,60,67,60,66
[ 186.497928] [AOA] Measurement: 0,1627106123.268210,08:55:31:9b:04:ac,2,1,2,0,128,850,838,948,810,795,1004,869,123,463,88,904,92,108,685,563,196,581,229,134,965,498,143,634,3,305,383,161,319,684,289,304,10,69,52,61,61,59,60,59,59,63,62,69,64,58,66,65,61,59,53,51,63,57,51,58,45,57,61,60,48,61,67,63,68
[ 186.540828] [AOA] Measurement: 0,1627106123.311108,08:55:31:9b:04:ac,2,1,2,0,128,422,37,920,848,758,966,844,117,434,32,429,989,106,683,615,249,90,457,681,212,960,267,626,20,338,418,142,282,719,279,878,624,87,66,76,80,77,78,77,78,78,80,88,83,76,86,83,79,76,69,68,83,71,66,75,58,76,82,79,63,78,89,80,90
[ 186.579466] [AOA] Measurement: 0,1627106123.349742,08:55:31:9b:04:ac,2,1,2,0,128,417,43,898,771,235,823,457,347,996,253,899,110,634,866,603,200,568,253,171,36,985,310,85,120,794,234,645,116,731,294,540,252,81,61,71,73,71,72,70,70,73,74,80,75,68,76,75,74,69,63,62,75,67,60,67,51,68,71,72,54,73,79,72,80
[ 186.621661] [AOA] Measurement: 0,1627106123.391943,08:55:31:9b:04:ac,2,1,2,0,128,859,851,336,564,297,843,925,116,450,25,376,944,103,660,609,245,593,233,742,232,974,310,86,141,785,206,624,127,177,127,962,655,67,51,59,62,58,60,58,59,62,63,68,64,57,65,63,61,57,53,52,63,56,48,55,43,55,59,59,45,58,67,58,65
[ 186.663044] [AOA] Measurement: 0,1627106123.433321,08:55:31:9b:04:ac,2,1,2,0,128,410,14,916,811,813,1022,478,354,405,16,385,1002,693,878,83,397,575,243,197,6,464,99,560,986,293,417,147,287,692,253,552,304,88,65,80,79,75,77,76,74,81,79,89,81,76,85,83,78,73,69,65,81,70,61,71,54,72,76,73,55,73,82,70,81
[ 186.713180] [AOA] Measurement: 0,1627106123.483456,08:55:31:9b:04:ac,2,1,2,0,128,382,1021,965,833,737,997,459,351,981,213,922,107,106,697,524,165,608,263,710,191,466,135,151,189,283,395,177,308,756,308,453,130,68,50,60,59,58,60,59,58,62,60,68,63,58,65,64,61,56,54,52,64,57,49,55,41,56,60,60,44,59,66,58,66
[ 186.756623] [AOA] Measurement: 0,1627106123.526902,08:55:31:9b:04:ac,2,1,2,0,128,388,15,889,819,783,1022,516,413,967,233,986,160,665,895,76,387,137,475,716,208,1011,295,79,135,316,450,226,313,728,291,120,777,81,60,71,71,69,69,68,69,72,73,78,73,68,75,75,71,67,61,60,74,66,58,67,51,67,71,69,55,70,76,71,76
[ 186.796658] [AOA] Measurement: 0,1627106123.566939,08:55:31:9b:04:ac,2,1,2,0,128,911,901,898,790,230,800,476,339,443,45,1013,166,641,876,552,226,569,231,226,57,965,278,143,185,780,247,139,271,125,72,335,90,88,66,79,81,79,80,78,78,83,81,90,85,76,85,85,80,78,71,69,84,74,67,75,59,75,80,79,61,78,87,77,88
[ 186.834986] [AOA] Measurement: 0,1627106123.605268,08:55:31:9b:04:ac,2,1,2,0,128,890,855,369,612,258,802,964,190,399,4,403,1012,85,630,531,162,536,221,177,0,417,123,552,941,781,220,672,118,154,79,362,176,81,60,72,71,68,70,69,68,73,73,80,72,67,75,76,72,67,62,59,75,64,55,63,49,65,67,66,51,65,74,66,72
[ 186.881149] [AOA] Measurement: 0,1627106123.651428,08:55:31:9b:04:ac,2,1,2,0,128,360,1017,926,824,797,1007,975,215,972,253,1005,167,682,871,102,460,170,459,121,13,988,293,97,161,390,480,217,340,773,323,560,148,88,66,79,81,78,80,78,77,81,81,89,83,74,85,84,80,75,67,68,84,72,66,73,55,72,79,78,61,77,87,80,86
[ 186.926828] [AOA] Measurement: 0,1627106123.697110,08:55:31:9b:04:ac,2,1,2,0,128,852,845,356,592,187,782,971,188,398,35,419,986,87,683,573,219,587,267,138,22,454,128,165,191,276,386,619,140,708,282,697,429,68,50,59,60,57,60,59,58,62,62,67,62,57,65,65,61,58,53,52,64,56,50,57,43,57,60,58,46,60,67,62,68
[ 186.970257] [AOA] Measurement: 0,1627106123.740533,08:55:31:9b:04:ac,2,1,2,0,128,891,882,349,594,229,776,935,158,458,36,376,955,119,696,548,173,573,229,185,19,457,101,582,995,352,439,198,321,96,57,705,526,80,61,72,73,68,70,70,69,72,72,80,74,67,75,76,70,68,62,60,75,66,58,67,53,68,71,71,54,69,79,70,77
[ 187.009889] [AOA] Measurement: 0,1627106123.780172,08:55:31:9b:04:ac,2,1,2,0,128,402,4,967,869,210,799,1010,190,404,39,985,166,688,865,602,229,596,258,661,179,939,250,533,949,773,189,618,82,133,74,660,420,80,58,72,71,70,70,68,69,73,73,82,74,66,76,76,71,67,63,60,76,66,58,67,50,67,70,70,53,69,79,72,78
[ 187.054014] [AOA] Measurement: 0,1627106123.824295,08:55:31:9b:04:ac,2,1,2,0,128,394,42,888,788,777,1006,459,330,946,193,970,157,646,855,566,205,124,448,705,151,1017,337,132,192,287,406,280,365,665,298,327,1006,68,50,60,61,59,61,57,59,62,62,67,63,57,65,64,60,56,52,52,61,56,47,54,41,56,58,58,43,57,64,57,62
[ 187.096662] [AOA] Measurement: 0,1627106123.866939,08:55:31:9b:04:ac,2,1,2,0,128,380,37,949,849,755,979,489,372,1018,242,1002,139,648,873,68,351,133,414,750,270,965,277,110,141,332,439,193,346,628,280,674,393,69,51,60,61,59,59,60,59,62,61,69,64,59,66,66,62,58,53,52,65,57,51,57,44,57,61,61,47,59,66,62,68
[ 187.140003] [AOA] Measurement: 0,1627106123.910280,08:55:31:9b:04:ac,2,1,2,0,128,943,873,378,598,760,958,866,114,408,41,391,961,111,675,549,176,562,196,256,43,429,125,542,986,798,226,604,113,148,102,486,316,69,50,62,62,59,60,59,59,63,61,68,64,55,65,65,61,59,54,52,62,55,49,55,42,55,57,58,45,58,66,60,66
[ 187.184206] [AOA] Measurement: 0,1627106123.954487,08:55:31:9b:04:ac,2,1,2,0,128,373,1,884,800,224,798,469,353,959,211,985,144,633,854,104,390,570,224,179,19,429,114,591,1000,330,430,217,309,706,297,53,669,89,67,79,82,76,81,77,76,83,81,88,85,77,87,84,80,75,71,68,84,74,65,72,56,75,79,79,58,78,87,79,87
[ 187.226622] [AOA] Measurement: 0,1627106123.996900,08:55:31:9b:04:ac,2,1,2,0,128,333,5,915,813,764,998,477,364,1017,276,944,126,660,851,111,421,89,417,736,212,489,137,89,123,349,401,168,320,667,256,196,844,85,67,76,81,75,79,77,78,81,81,88,84,77,86,85,80,79,70,68,84,75,69,76,59,74,80,80,62,80,89,82,90
[ 187.269572] [AOA] Measurement: 0,1627106124.039852,08:55:31:9b:04:ac,2,1,2,0,128,346,1009,915,814,836,1016,459,370,959,255,975,146,640,884,148,452,94,416,674,170,976,292,125,184,270,376,163,319,752,345,383,38,89,67,81,81,78,81,78,78,81,82,91,82,79,86,87,81,78,72,70,84,74,68,75,57,77,81,79,62,80,88,79,87
[ 187.308463] [AOA] Measurement: 0,1627106124.078745,08:55:31:9b:04:ac,2,1,2,0,128,852,835,352,631,780,1000,935,171,401,56,970,124,134,724,555,195,86,408,718,190,22,330,130,193,321,400,173,305,682,286,346,156,68,49,61,62,56,58,57,57,63,61,67,61,57,63,63,60,55,52,50,60,54,46,54,40,55,55,56,40,55,60,55,60
[ 187.352606] [AOA] Measurement: 0,1627106124.122886,08:55:31:9b:04:ac,2,1,2,0,128,910,882,392,612,746,977,452,316,986,203,431,977,94,666,596,223,580,218,140,1007,445,118,626,8,778,241,646,113,167,125,892,636,89,67,79,81,78,79,78,77,80,81,89,84,76,87,84,82,71,68,68,84,71,64,75,57,73,77,78,59,77,86,76,84
[ 187.403638] [AOA] Measurement: 0,1627106124.173913,08:55:31:9b:04:ac,2,1,2,0,128,416,43,330,595,194,777,1006,203,468,40,415,1017,637,873,595,188,544,209,207,1,975,296,94,148,786,217,670,107,116,77,672,314,88,66,79,80,78,80,76,78,81,82,90,83,78,86,84,81,75,70,69,85,75,66,73,56,75,78,77,59,75,85,77,84
[ 187.453802] [AOA] Measurement: 0,1627106124.224077,08:55:31:9b:04:ac,2,1,2,0,128,401,24,864,773,237,821,944,137,410,45,429,975,54,678,554,196,556,216,168,1003,35,342,114,174,283,387,208,358,727,323,113,790,67,50,61,61,58,59,58,59,61,61,68,60,57,66,64,60,55,53,51,62,55,48,56,42,56,57,58,44,56,63,56,63
[ 187.496392] [AOA] Measurement: 0,1627106124.266670,08:55:31:9b:04:ac,2,1,2,0,128,904,839,425,643,254,801,935,156,412,32,446,0,686,897,61,385,50,367,202,13,440,125,586,974,748,172,669,103,144,76,896,677,88,65,79,79,78,79,76,77,83,81,87,83,74,86,84,81,76,71,68,85,72,64,74,55,73,79,79,60,77,87,78,86
[ 187.538707] [AOA] Measurement: 0,1627106124.308986,08:55:31:9b:04:ac,2,1,2,0,128,366,39,920,816,748,976,444,287,474,83,964,176,710,895,144,417,122,450,766,219,1013,292,152,189,319,437,172,287,675,286,828,502,90,66,79,80,77,79,75,78,82,82,90,84,75,85,83,80,72,69,67,83,72,63,73,56,72,74,76,57,75,85,74,84
[ 187.577281] [AOA] Measurement: 0,1627106124.347562,08:55:31:9b:04:ac,2,1,2,0,128,440,15,889,795,822,995,928,163,1010,251,411,960,661,878,111,422,120,453,758,246,996,329,98,143,267,349,581,117,174,43,642,377,68,50,62,61,59,61,60,60,62,62,69,64,58,67,64,61,58,53,52,63,56,50,56,43,56,61,60,45,60,66,60,64
[ 187.619836] [AOA] Measurement: 0,1627106124.390113,08:55:31:9b:04:ac,2,1,2,0,128,379,36,955,824,213,795,464,339,444,48,426,954,673,873,600,254,64,407,177,21,972,290,119,178,795,232,169,339,714,258,307,1013,66,49,61,59,57,59,57,57,62,61,66,62,56,63,62,59,54,54,49,60,54,46,54,41,53,57,57,43,56,63,55,62
[ 187.658361] [AOA] Measurement: 0,1627106124.428643,08:55:31:9b:04:ac,2,1,2,0,128,354,1010,398,614,774,1001,457,361,1020,214,968,139,662,874,567,225,572,222,722,197,980,289,102,152,760,223,671,136,144,82,938,718,67,51,60,61,59,60,59,60,61,62,69,64,59,64,64,63,58,54,52,64,57,50,58,44,57,59,61,47,60,66,61,67
[ 187.702842] [AOA] Measurement: 0,1627106124.473123,08:55:31:9b:04:ac,2,1,2,0,128,834,822,956,829,822,980,446,350,947,193,907,152,127,711,620,237,54,398,770,232,1021,305,102,147,713,159,659,121,771,301,892,557,81,57,72,72,68,70,69,68,74,72,80,72,67,77,75,69,66,63,59,73,63,54,63,47,65,68,67,50,66,76,66,73
[ 187.753059] [AOA] Measurement: 0,1627106124.523336,08:55:31:9b:04:ac,2,1,2,0,128,879,830,375,625,280,844,959,167,387,0,403,963,657,840,580,226,599,228,763,213,998,274,142,188,729,188,645,90,173,133,1011,766,67,49,60,61,59,60,57,58,62,61,67,62,59,66,64,61,59,53,52,63,57,49,55,43,56,59,59,45,59,66,59,65
[ 187.807868] [AOA] Measurement: 0,1627106124.578150,08:55:31:9b:04:ac,2,1,2,0,128,370,4,962,822,170,775,966,186,456,35,989,192,621,878,135,464,154,473,755,238,4,307,136,203,264,425,182,331,695,290,896,620,89,69,81,81,78,79,79,77,82,83,89,84,77,87,86,81,78,70,68,84,73,66,77,59,75,79,82,63,79,87,80,90
[ 187.852036] [AOA] Measurement: 0,1627106124.622317,08:55:31:9b:04:ac,2,1,2,0,128,368,3,347,607,270,815,989,200,451,66,1009,165,671,865,591,226,71,388,743,219,1003,277,93,130,275,392,649,112,184,125,572,242,68,49,61,61,58,61,58,58,61,60,67,62,55,65,62,60,55,53,50,62,55,47,52,41,55,57,57,43,57,63,57,62
[ 187.891850] [AOA] Measurement: 0,1627106124.662131,08:55:31:9b:04:ac,2,1,2,0,128,412,51,889,814,755,987,441,372,3,254,951,151,673,882,599,247,117,447,742,211,997,312,133,162,253,379,140,288,724,286,331,13,67,50,60,61,59,59,58,60,63,63,67,63,57,65,65,62,58,54,52,63,55,48,55,42,53,60,58,43,58,64,55,62
[ 187.936235] [AOA] Measurement: 0,1627106124.706517,08:55:31:9b:04:ac,2,1,2,0,128,378,18,894,796,802,1007,429,338,427,32,385,996,129,700,593,251,140,466,158,1006,457,126,541,974,805,219,618,105,732,323,71,936,66,50,59,61,58,59,59,60,62,62,68,64,58,65,65,62,59,53,52,63,55,51,57,45,59,61,62,50,61,68,62,69
[ 187.984445] [AOA] Measurement: 0,1627106124.754726,08:55:31:9b:04:ac,2,1,2,0,128,421,13,362,658,766,988,464,352,961,237,957,148,604,847,590,223,80,429,707,176,994,299,593,965,769,202,684,148,192,121,281,996,66,49,61,60,58,58,58,55,63,59,64,59,54,63,61,57,52,51,50,59,52,44,51,37,50,52,51,38,49,57,50,53
[ 188.030481] [AOA] Measurement: 0,1627106124.800757,08:55:31:9b:04:ac,2,1,2,0,128,359,4,921,846,798,1009,473,360,969,210,945,187,664,882,584,241,590,246,176,21,959,274,106,183,768,207,692,133,89,66,23,755,67,50,61,61,59,60,59,59,61,60,67,62,57,65,64,59,57,53,51,63,53,47,55,42,56,59,59,45,58,65,59,64
[ 188.072644] [AOA] Measurement: 0,1627106124.842921,08:55:31:9b:04:ac,2,1,2,0,128,411,16,338,633,175,758,998,176,411,49,441,991,165,729,555,211,603,235,202,29,1017,341,118,143,293,401,675,151,178,117,694,353,88,66,78,81,77,79,77,78,80,82,89,84,76,83,83,79,76,68,66,82,76,67,75,57,75,79,78,61,79,86,80,86
[ 188.118458] [AOA] Measurement: 0,1627106124.888740,08:55:31:9b:04:ac,2,1,2,0,128,896,874,349,632,214,807,489,379,388,13,369,985,143,706,556,204,94,424,170,17,424,112,494,966,777,194,598,76,163,105,684,444,89,66,79,81,76,79,77,75,82,81,89,81,73,85,83,79,74,70,66,80,72,64,72,55,72,74,75,57,73,83,73,84
[ 188.162608] [AOA] Measurement: 0,1627106124.932889,08:55:31:9b:04:ac,2,1,2,0,128,846,864,382,645,291,860,973,170,1018,231,964,166,618,895,579,232,511,179,206,40,478,130,82,129,282,379,683,131,697,260,209,894,86,66,79,80,77,79,77,77,83,80,89,84,76,84,84,79,75,69,66,82,73,65,75,56,74,79,78,58,77,86,76,86
[ 188.212339] [AOA] Measurement: 0,1627106124.982614,08:55:31:9b:04:ac,2,1,2,0,128,862,860,906,795,767,1010,452,348,401,13,379,954,83,659,606,229,567,246,155,2,380,73,609,966,813,218,171,290,732,291,900,615,88,67,81,81,77,80,78,77,81,81,88,84,76,86,86,82,78,71,69,85,76,68,76,60,76,81,81,61,78,89,83,86
[ 188.262345] [AOA] Measurement: 0,1627106125.032621,08:55:31:9b:04:ac,2,1,2,0,128,829,840,354,582,249,826,914,150,398,27,385,953,680,845,590,218,101,426,798,228,946,291,100,161,269,370,166,301,136,40,794,563,91,67,80,82,77,80,77,77,83,81,87,83,76,86,85,80,73,70,69,82,74,63,73,55,73,76,76,57,74,84,77,85
[ 188.307214] [AOA] Measurement: 0,1627106125.077495,08:55:31:9b:04:ac,2,1,2,0,128,372,23,359,591,280,815,937,155,439,52,991,167,103,655,586,214,136,437,710,210,989,313,623,1005,332,378,198,323,706,292,940,537,91,65,80,80,76,79,76,76,81,80,90,83,76,85,83,81,73,69,68,84,73,63,74,55,72,76,76,57,76,85,76,85
[ 188.351399] [AOA] Measurement: 0,1627106125.121680,08:55:31:9b:04:ac,2,1,2,0,128,907,886,346,573,270,840,466,344,433,35,464,1019,72,656,594,211,534,248,164,977,479,131,599,984,747,206,667,168,194,79,413,151,78,60,68,71,69,70,68,71,72,72,78,74,68,76,75,72,68,62,62,74,67,62,69,53,67,72,71,58,71,80,74,78
[ 188.395258] [AOA] Measurement: 0,1627106125.165539,08:55:31:9b:04:ac,2,1,2,0,128,871,847,378,636,176,752,957,164,424,56,436,0,19,637,582,191,543,208,120,1013,471,110,73,137,846,256,188,332,753,339,267,993,66,50,60,60,59,59,57,58,62,59,68,64,57,64,65,60,58,52,52,64,57,49,57,42,56,59,60,45,59,66,60,65
[ 188.439043] [AOA] Measurement: 0,1627106125.209320,08:55:31:9b:04:ac,2,1,2,0,128,379,37,936,762,782,998,517,375,989,279,920,126,690,893,108,435,127,453,768,267,984,315,54,115,350,430,195,319,687,298,582,270,89,68,78,80,76,78,74,77,79,80,88,83,75,84,84,78,78,71,66,83,74,67,75,58,76,80,79,62,78,88,80,86
[ 188.482254] [AOA] Measurement: 0,1627106125.252533,08:55:31:9b:04:ac,2,1,2,0,128,406,1017,951,828,714,954,517,371,951,229,393,962,746,916,92,404,125,464,698,188,998,296,84,151,369,435,177,305,771,327,268,961,79,59,69,71,68,71,69,68,73,71,79,73,68,76,76,70,69,63,60,75,65,58,67,51,65,70,71,55,69,80,68,78
[ 188.529962] [AOA] Measurement: 0,1627106125.300243,08:55:31:9b:04:ac,2,1,2,0,128,886,874,922,786,797,997,951,182,989,262,925,103,663,903,96,398,27,417,722,215,481,126,101,158,305,383,196,307,148,99,346,96,68,50,59,61,59,61,59,59,62,62,68,63,57,66,64,61,58,53,51,63,56,50,57,43,57,61,60,49,60,68,63,66
[ 188.569336] [AOA] Measurement: 0,1627106125.339615,08:55:31:9b:04:ac,2,1,2,0,128,408,11,971,861,752,988,881,135,461,79,421,1009,685,904,92,389,102,441,730,218,987,329,92,151,350,443,188,332,704,302,136,836,68,50,59,62,58,60,59,58,61,61,68,64,58,65,65,61,58,52,50,62,54,51,56,44,57,61,62,48,61,68,62,66
[ 188.612710] [AOA] Measurement: 0,1627106125.382987,08:55:31:9b:04:ac,2,1,2,0,128,378,50,363,645,257,837,913,150,973,239,941,165,685,890,95,378,546,186,700,202,1002,315,60,133,308,410,139,296,740,307,270,864,64,50,57,59,57,60,57,59,58,60,68,65,56,63,65,60,56,50,52,62,55,50,58,45,57,61,60,50,63,68,63,69
[ 188.667548] [AOA] Measurement: 0,1627106125.437830,08:55:31:9b:04:ac,2,1,2,0,128,828,858,360,616,208,816,931,164,440,86,909,101,87,667,672,280,112,454,739,202,450,135,127,160,762,178,635,120,197,103,106,833,88,67,77,79,75,77,75,77,80,80,90,84,76,86,85,82,76,69,69,83,74,66,74,59,75,80,79,62,80,89,81,87
[ 188.711148] [AOA] Measurement: 0,1627106125.481425,08:55:31:9b:04:ac,2,1,2,0,128,373,27,888,777,799,987,436,316,979,231,407,989,669,872,106,442,73,430,736,231,1010,317,154,191,279,384,184,322,710,263,837,488,80,61,70,71,70,71,69,69,74,73,78,76,68,77,76,71,69,64,62,75,67,59,67,51,66,71,71,55,70,79,71,77
[ 188.753958] [AOA] Measurement: 0,1627106125.524239,08:55:31:9b:04:ac,2,1,2,0,128,403,8,912,824,186,792,934,141,423,46,467,24,664,906,84,431,115,406,210,46,1001,321,126,189,311,403,170,314,743,307,374,44,66,50,60,61,58,60,59,60,61,62,66,64,59,64,64,62,59,52,50,61,55,51,58,44,58,61,62,50,61,68,63,68
[ 188.797208] [AOA] Measurement: 0,1627106125.567489,08:55:31:9b:04:ac,2,1,2,0,128,876,848,348,610,239,816,909,125,446,43,1004,155,607,864,609,218,528,193,158,9,471,97,97,153,335,445,152,252,156,99,390,185,67,49,61,61,60,59,58,59,62,62,68,65,57,65,64,61,59,54,51,64,55,50,58,44,58,60,59,47,61,67,60,67
[ 188.835103] [AOA] Measurement: 0,1627106125.605384,08:55:31:9b:04:ac,2,1,2,0,128,433,46,925,815,845,1019,433,378,978,237,944,131,666,893,155,423,113,435,188,65,1010,317,145,215,253,390,650,97,733,319,747,475,69,52,61,62,59,61,58,59,62,61,69,64,57,64,63,61,55,51,51,63,55,49,57,42,56,60,59,45,57,64,57,63
[ 188.877783] [AOA] Measurement: 0,1627106125.648059,08:55:31:9b:04:ac,2,1,2,0,128,463,55,341,613,247,800,934,144,466,76,409,989,81,704,568,205,554,206,121,997,447,93,586,983,776,232,661,162,139,110,81,867,67,50,60,61,59,60,58,60,62,61,68,64,58,64,63,60,58,53,52,63,55,50,55,42,57,60,59,45,58,67,60,65
[ 188.915942] [AOA] Measurement: 0,1627106125.686223,08:55:31:9b:04:ac,2,1,2,0,128,359,4,903,806,210,771,984,160,445,18,389,995,135,694,582,152,551,225,192,9,25,330,129,186,740,206,679,127,146,49,0,747,69,51,61,62,59,60,58,59,63,62,69,64,57,66,65,63,60,53,53,64,56,50,56,45,58,61,61,47,61,68,62,68
[ 188.957419] [AOA] Measurement: 0,1627106125.727695,08:55:31:9b:04:ac,2,1,2,0,128,392,10,947,807,783,998,451,355,971,218,1019,199,654,886,96,439,170,506,693,202,986,319,120,170,280,395,675,121,158,104,703,483,66,51,61,62,59,61,57,60,62,63,68,64,59,66,66,61,60,54,52,64,57,53,58,45,57,61,62,48,62,68,61,69
[ 188.995622] [AOA] Measurement: 0,1627106125.765904,08:55:31:9b:04:ac,2,1,2,0,128,427,25,927,795,750,959,893,156,477,46,965,182,597,811,561,216,544,232,187,23,946,260,92,139,774,196,661,151,700,316,465,207,66,52,58,61,58,60,58,58,61,61,67,64,59,66,63,60,58,53,52,64,56,50,56,43,57,61,61,47,60,67,59,67
[ 189.034186] [AOA] Measurement: 0,1627106125.804468,08:55:31:9b:04:ac,2,1,2,0,128,367,22,891,798,767,995,443,309,459,71,937,173,703,906,128,437,122,436,669,164,991,309,131,175,217,326,200,344,693,286,852,469,67,50,62,61,59,61,58,57,62,61,67,61,56,65,64,60,56,53,52,60,55,47,54,41,54,56,57,41,55,63,56,61
[ 189.072939] [AOA] Measurement: 0,1627106125.843220,08:55:31:9b:04:ac,2,1,2,0,128,837,822,446,625,188,768,949,157,461,80,364,927,142,665,648,254,532,218,215,4,450,109,581,998,773,196,669,175,694,274,545,309,89,67,79,82,77,79,77,77,82,80,89,86,76,86,83,80,76,69,68,85,74,67,76,58,75,81,81,63,79,88,82,89
[ 189.111370] [AOA] Measurement: 0,1627106125.881651,08:55:31:9b:04:ac,2,1,2,0,128,423,47,927,848,747,1014,451,345,434,48,365,996,107,652,604,253,84,399,710,237,950,267,141,197,742,211,642,146,203,125,308,975,89,66,80,79,76,78,76,75,81,80,88,83,73,85,84,78,74,69,67,82,71,64,71,54,74,78,77,59,77,85,79,82
[ 189.153075] [AOA] Measurement: 0,1627106125.923327,08:55:31:9b:04:ac,2,1,2,0,128,908,863,348,608,286,830,418,337,477,76,425,979,673,878,591,182,61,385,155,19,1013,324,66,116,281,398,206,344,713,270,170,832,79,60,69,74,68,70,69,69,73,74,78,75,68,77,76,71,70,61,61,74,67,61,68,52,69,72,73,57,74,81,75,81
[ 189.199214] [AOA] Measurement: 0,1627106125.969497,08:55:31:9b:04:ac,2,1,2,0,128,399,8,939,819,781,978,481,382,1009,280,984,164,710,892,136,480,106,447,714,198,969,290,93,156,293,406,170,312,717,312,865,519,88,65,80,80,76,78,75,76,81,80,88,82,75,85,83,79,74,69,67,83,72,60,73,56,73,77,76,57,74,84,71,81
[ 189.239364] [AOA] Measurement: 0,1627106126.009640,08:55:31:9b:04:ac,2,1,2,0,128,331,2,871,770,790,1005,418,344,443,59,378,971,120,690,620,235,63,379,701,194,979,249,615,1009,693,174,707,166,684,274,241,44,79,59,71,74,69,72,68,70,72,75,80,76,67,77,77,71,71,62,61,76,68,61,68,51,67,71,72,55,72,81,72,81
[ 189.281760] [AOA] Measurement: 0,1627106126.052041,08:55:31:9b:04:ac,2,1,2,0,128,359,8,883,762,796,1000,934,189,1022,242,403,972,134,674,538,189,620,248,166,1022,4,312,103,160,771,200,622,102,701,271,961,692,87,66,76,79,77,80,78,78,80,79,87,83,75,86,85,79,76,69,65,82,74,67,76,58,75,80,79,63,78,86,81,87
[ 189.321315] [AOA] Measurement: 0,1627106126.091591,08:55:31:9b:04:ac,2,1,2,0,128,396,10,899,829,835,17,443,328,994,249,930,76,172,722,538,199,628,260,184,32,998,339,103,147,301,389,164,279,684,317,374,134,67,48,60,61,57,60,57,57,61,61,68,63,57,65,64,60,58,52,51,63,55,49,57,43,56,59,59,45,59,65,60,66
[ 189.363509] [AOA] Measurement: 0,1627106126.133789,08:55:31:9b:04:ac,2,1,2,0,128,879,857,321,592,241,813,912,164,445,73,930,99,712,885,81,393,103,433,119,4,424,101,599,987,721,169,753,184,169,128,470,144,67,51,59,61,58,60,57,58,62,63,68,64,59,66,66,62,57,53,52,63,57,51,58,44,58,62,61,48,59,67,61,69
[ 189.407256] [AOA] Measurement: 0,1627106126.177538,08:55:31:9b:04:ac,2,1,2,0,128,423,2,345,580,846,1019,527,380,6,256,963,124,103,677,586,210,552,236,171,1022,493,131,509,937,846,275,673,130,724,322,489,212,79,60,68,73,69,71,69,69,71,73,80,76,68,75,76,71,70,63,61,75,67,61,69,52,68,72,72,57,71,80,74,80
[ 189.454102] [AOA] Measurement: 0,1627106126.224378,08:55:31:9b:04:ac,2,1,2,0,128,337,0,382,580,277,843,478,349,427,56,981,174,655,904,99,398,564,232,180,1007,421,80,570,984,801,236,167,326,660,249,226,993,67,51,58,61,59,60,59,59,63,62,68,64,59,66,66,59,59,54,53,62,57,51,59,45,58,61,60,50,62,68,64,68
[ 189.499902] [AOA] Measurement: 0,1627106126.270181,08:55:31:9b:04:ac,2,1,2,0,128,331,10,950,831,794,996,487,366,986,237,957,138,652,871,610,218,66,402,773,243,961,304,595,10,296,413,181,294,202,129,642,329,79,59,71,73,69,71,68,69,74,72,82,76,67,77,76,72,68,64,62,75,67,58,67,51,68,71,70,54,70,78,71,76
[ 189.538125] [AOA] Measurement: 0,1627106126.308406,08:55:31:9b:04:ac,2,1,2,0,128,374,0,387,632,218,782,982,174,990,229,967,160,659,881,131,429,102,423,183,3,14,352,89,181,308,394,138,272,735,308,814,489,89,66,80,80,77,80,77,76,82,80,88,83,75,85,83,80,75,71,69,82,74,62,71,53,73,77,77,59,76,86,77,84
[ 189.581567] [AOA] Measurement: 0,1627106126.351850,08:55:31:9b:04:ac,2,1,2,0,128,361,13,370,613,783,0,919,138,417,34,945,159,126,694,589,214,548,239,773,238,951,269,94,172,724,196,677,168,172,110,277,1006,67,50,61,62,58,59,59,56,63,61,67,61,58,63,64,60,57,53,50,63,54,47,54,42,55,58,58,43,57,64,57,62
[ 189.619739] [AOA] Measurement: 0,1627106126.390022,08:55:31:9b:04:ac,2,1,2,0,128,407,20,883,791,201,821,979,152,429,74,371,964,88,629,557,241,510,205,122,974,481,146,549,970,758,195,676,119,129,85,347,48,67,50,60,61,57,60,59,59,63,63,67,65,59,65,66,62,59,53,53,64,58,52,58,44,58,61,63,49,62,69,64,70
[ 189.663491] [AOA] Measurement: 0,1627106126.433771,08:55:31:9b:04:ac,2,1,2,0,128,363,32,904,801,780,1016,445,352,1014,243,913,159,613,849,117,424,163,487,725,224,1002,320,121,178,329,427,170,303,697,280,264,993,68,51,61,62,57,60,59,58,62,63,68,64,59,65,66,59,58,54,52,64,56,49,55,43,57,59,60,47,59,66,60,66
[ 189.705928] [AOA] Measurement: 0,1627106126.476204,08:55:31:9b:04:ac,2,1,2,0,128,428,41,922,823,782,996,457,324,999,224,872,82,172,721,60,406,43,401,730,235,990,298,561,970,332,406,198,350,682,267,9,638,81,60,73,74,71,70,69,68,72,72,80,73,68,77,76,70,67,64,62,75,66,57,65,50,65,69,70,53,68,77,70,74
[ 189.749209] [AOA] Measurement: 0,1627106126.519486,08:55:31:9b:04:ac,2,1,2,0,128,422,55,881,783,793,1007,424,378,993,266,924,134,685,896,20,355,599,238,175,22,946,254,131,167,263,409,628,97,124,73,748,489,80,60,72,71,68,69,69,68,74,71,81,73,65,77,74,70,64,62,59,72,63,55,63,47,63,68,68,49,65,73,66,70
[ 189.791883] [AOA] Measurement: 0,1627106126.562161,08:55:31:9b:04:ac,2,1,2,0,128,413,41,916,809,766,955,965,195,988,250,419,1006,660,857,115,473,193,487,686,210,956,289,647,1018,299,419,151,307,674,324,831,470,79,60,70,72,72,73,70,71,73,73,82,74,68,77,78,73,71,63,62,74,66,61,68,52,68,73,72,57,72,81,72,79
[ 189.840705] [AOA] Measurement: 0,1627106126.610988,08:55:31:9b:04:ac,2,1,2,0,128,895,871,374,631,289,851,877,104,415,70,417,1001,83,712,581,272,98,407,758,200,1009,319,108,195,298,415,143,302,669,266,933,630,69,52,62,63,60,59,60,59,61,63,68,63,59,65,64,60,58,54,51,62,57,51,57,44,56,61,60,47,61,68,62,67
[ 189.878807] [AOA] Measurement: 0,1627106126.649090,08:55:31:9b:04:ac,2,1,2,0,128,357,27,939,823,793,1022,429,366,459,91,936,129,645,860,533,179,72,439,738,194,983,312,105,156,338,444,203,285,709,276,235,883,78,61,72,72,70,72,70,69,74,73,81,75,70,76,75,72,69,63,62,75,67,59,68,51,68,73,70,56,72,79,74,79
[ 189.923151] [AOA] Measurement: 0,1627106126.693428,08:55:31:9b:04:ac,2,1,2,0,128,385,15,962,867,758,976,528,378,928,219,979,182,673,932,68,444,35,390,706,198,977,292,149,209,332,462,208,356,738,328,117,748,88,68,80,81,78,80,78,80,80,83,89,82,78,85,87,81,77,70,69,83,75,67,75,58,76,80,80,62,79,88,81,89
[ 189.977537] [AOA] Measurement: 0,1627106126.747819,08:55:31:9b:04:ac,2,1,2,0,128,359,12,915,774,833,1009,462,380,949,261,952,165,96,664,618,223,136,459,684,191,972,312,567,994,781,211,626,89,157,69,675,496,68,50,60,61,57,61,59,59,62,61,68,62,59,67,66,60,57,52,52,63,56,50,57,44,56,60,60,45,61,67,62,66
[ 190.015684] [AOA] Measurement: 0,1627106126.785966,08:55:31:9b:04:ac,2,1,2,0,128,846,815,962,837,754,995,498,347,1010,262,998,186,639,841,508,177,542,189,205,43,478,117,563,950,827,241,621,94,116,80,773,522,68,50,60,63,59,62,59,60,63,62,70,62,58,65,64,61,58,53,52,65,54,50,56,43,57,59,60,47,59,67,58,66
[ 190.059772] [AOA] Measurement: 0,1627106126.830052,08:55:31:9b:04:ac,2,1,2,0,128,387,31,895,787,773,988,440,372,14,297,931,144,686,876,76,369,504,194,162,21,21,354,105,188,287,438,131,332,740,310,906,620,68,50,60,62,60,60,58,58,64,62,70,64,58,66,65,61,56,51,52,64,56,51,56,44,58,62,61,45,61,67,60,67
[ 190.103627] [AOA] Measurement: 0,1627106126.873910,08:55:31:9b:04:ac,2,1,2,0,128,412,42,878,791,812,1021,521,398,12,260,944,180,735,907,156,445,99,468,780,268,934,246,103,168,312,392,138,287,717,295,614,318,88,68,80,82,79,83,78,78,82,83,91,85,77,85,86,80,77,70,69,83,73,67,76,59,78,83,81,63,80,88,83,91
[ 190.147381] [AOA] Measurement: 0,1627106126.917658,08:55:31:9b:04:ac,2,1,2,0,128,858,873,326,612,182,767,924,172,373,12,396,942,185,709,604,209,565,216,114,1000,402,99,545,971,749,206,632,117,164,67,869,597,90,69,79,82,77,80,78,78,81,82,89,84,78,86,87,82,78,70,68,83,74,67,76,59,75,81,80,64,79,89,80,89
[ 190.190870] [AOA] Measurement: 0,1627106126.961146,08:55:31:9b:04:ac,2,1,2,0,128,873,873,392,637,799,978,946,174,417,17,404,961,123,655,565,223,147,481,697,174,17,305,105,157,280,363,139,271,144,91,797,531,87,67,79,80,77,79,77,77,81,83,89,86,76,87,86,81,77,70,69,83,72,65,74,58,73,77,79,60,78,86,80,87
[ 190.233683] [AOA] Measurement: 0,1627106127.003966,08:55:31:9b:04:ac,2,1,2,0,128,391,30,897,804,764,985,473,339,996,297,946,130,630,877,121,388,142,484,723,230,948,285,560,986,772,181,581,84,116,70,692,432,67,50,61,62,60,61,58,58,62,61,66,63,56,65,64,61,56,54,51,64,56,49,56,41,56,58,58,44,58,65,56,64
[ 190.277089] [AOA] Measurement: 0,1627106127.047372,08:55:31:9b:04:ac,2,1,2,0,128,370,17,901,833,688,929,926,186,0,261,955,156,686,891,99,406,62,406,693,180,974,316,115,154,754,206,163,291,702,305,978,704,68,52,59,61,59,61,59,60,60,62,67,64,59,66,63,61,60,52,53,64,55,51,57,44,59,62,62,49,62,68,63,70
[ 190.321257] [AOA] Measurement: 0,1627106127.091540,08:55:31:9b:04:ac,2,1,2,0,128,374,1006,975,830,806,1014,439,327,408,52,992,129,633,828,568,220,143,457,713,201,435,95,549,1001,732,184,656,135,695,306,225,973,90,66,80,81,77,79,76,75,81,81,87,80,75,85,84,77,72,69,64,81,71,60,68,53,71,73,74,54,72,82,71,79
[ 190.361331] [AOA] Measurement: 0,1627106127.131607,08:55:31:9b:04:ac,2,1,2,0,128,821,825,963,816,805,5,403,331,398,18,426,983,132,693,559,231,574,242,723,187,953,272,540,962,790,218,654,120,696,277,522,226,79,60,72,74,68,72,68,67,73,71,79,72,67,75,73,70,65,62,62,73,67,58,65,49,65,67,69,52,68,75,67,73
[ 190.409070] [AOA] Measurement: 0,1627106127.179353,08:55:31:9b:04:ac,2,1,2,0,128,470,41,357,624,191,751,524,426,13,315,915,125,694,909,37,349,582,254,169,17,415,114,577,999,733,217,682,144,669,258,491,273,69,51,61,61,59,62,58,60,63,61,68,63,58,65,64,61,57,54,50,64,55,49,54,42,57,58,58,44,58,65,58,64
[ 190.452429] [AOA] Measurement: 0,1627106127.222705,08:55:31:9b:04:ac,2,1,2,0,128,385,40,906,829,725,983,960,154,473,51,944,129,635,840,545,213,560,182,701,178,4,319,124,168,259,368,676,106,684,229,599,298,68,50,63,62,59,61,56,58,61,61,68,62,58,63,64,61,55,54,52,63,55,48,56,42,56,59,59,44,56,65,58,63
[ 190.498109] [AOA] Measurement: 0,1627106127.268390,08:55:31:9b:04:ac,2,1,2,0,128,397,27,895,803,237,802,916,165,463,58,419,1007,92,642,571,203,547,200,168,1019,410,103,556,955,798,218,623,96,142,90,66,856,67,50,60,61,59,60,57,60,61,62,68,64,58,65,65,62,60,53,52,64,56,51,58,44,59,62,61,48,62,69,63,68
[ 190.542344] [AOA] Measurement: 0,1627106127.312618,08:55:31:9b:04:ac,2,1,2,0,128,844,874,393,648,776,1005,462,349,1007,239,917,134,679,874,558,197,606,265,701,183,455,135,573,1002,279,398,235,333,737,311,963,661,68,52,59,62,59,59,58,58,61,62,68,62,58,66,64,61,58,52,52,63,56,50,57,44,57,61,58,46,58,65,60,65
[ 190.593886] [AOA] Measurement: 0,1627106127.364163,08:55:31:9b:04:ac,2,1,2,0,128,851,849,424,641,192,751,941,158,428,42,405,983,92,705,581,219,74,397,695,139,406,93,593,999,744,212,670,103,111,82,409,196,67,50,61,61,59,58,58,57,63,61,68,63,58,64,64,60,57,53,49,61,54,49,55,40,55,58,58,44,57,65,57,62
[ 190.644349] [AOA] Measurement: 0,1627106127.414625,08:55:31:9b:04:ac,2,1,2,0,128,435,47,878,825,789,994,912,176,451,48,920,128,650,835,564,185,580,236,208,1013,463,89,99,152,739,219,122,278,124,83,114,924,80,60,72,72,70,71,69,70,75,74,81,76,69,78,77,72,69,64,62,75,66,60,66,51,67,69,72,54,70,80,70,78
[ 190.688983] [AOA] Measurement: 0,1627106127.459266,08:55:31:9b:04:ac,2,1,2,0,128,874,846,357,582,235,813,927,152,400,32,399,989,78,677,592,200,564,236,715,176,1019,304,105,180,288,372,184,308,699,304,636,321,67,50,59,60,59,62,57,57,63,61,66,64,58,65,64,60,58,52,52,63,55,50,55,44,58,60,59,45,58,66,59,66
[ 190.733181] [AOA] Measurement: 0,1627106127.503457,08:55:31:9b:04:ac,2,1,2,0,128,351,999,411,654,284,845,476,362,1013,280,986,156,644,868,548,187,39,374,771,237,32,332,597,1004,804,238,622,99,137,87,371,126,81,59,71,71,68,70,68,67,73,72,78,72,66,75,72,69,66,61,59,71,64,54,63,48,63,67,67,49,66,76,67,76
[ 190.783465] [AOA] Measurement: 0,1627106127.553742,08:55:31:9b:04:ac,2,1,2,0,128,411,1000,958,808,795,982,961,160,364,8,449,15,114,696,627,235,63,414,735,242,412,81,566,1011,788,198,652,117,723,309,16,726,88,68,77,80,75,79,75,76,80,83,89,84,77,86,85,81,76,71,67,83,75,67,75,57,75,80,79,62,79,86,80,88
[ 190.833829] [AOA] Measurement: 0,1627106127.604107,08:55:31:9b:04:ac,2,1,2,0,128,385,37,890,795,778,997,441,350,993,246,440,1004,662,889,98,404,69,424,709,201,465,125,52,141,766,186,129,284,172,79,553,187,67,50,60,61,59,60,58,58,63,62,66,63,57,66,65,61,57,54,51,63,55,49,55,43,56,59,59,45,58,67,59,65
[ 190.876777] [AOA] Measurement: 0,1627106127.647054,08:55:31:9b:04:ac,2,1,2,0,128,868,832,365,614,246,794,868,137,432,46,394,955,120,694,583,199,508,204,169,1020,18,325,150,168,796,220,642,125,111,37,860,609,90,67,78,80,75,79,76,78,81,80,89,85,78,88,84,81,78,70,66,82,74,66,74,57,75,81,78,63,81,90,82,90
[ 190.921465] [AOA] Measurement: 0,1627106127.691742,08:55:31:9b:04:ac,2,1,2,0,128,428,48,355,593,280,837,492,382,1004,249,405,965,130,704,620,254,596,239,683,189,462,116,591,1001,798,227,615,111,187,95,698,493,89,68,80,82,78,78,77,77,83,83,89,85,78,87,87,83,79,71,69,85,75,67,74,59,75,78,79,62,78,86,81,87
[ 190.970917] [AOA] Measurement: 0,1627106127.741198,08:55:31:9b:04:ac,2,1,2,0,128,341,5,897,777,800,1016,471,362,979,222,352,953,698,889,612,212,580,234,690,164,994,299,63,148,805,221,146,268,715,298,883,591,78,61,71,72,70,72,69,70,74,72,81,76,70,77,75,71,69,63,62,76,68,61,66,52,66,72,70,56,70,79,70,80
[ 191.010698] [AOA] Measurement: 0,1627106127.780975,08:55:31:9b:04:ac,2,1,2,0,128,350,22,948,833,800,24,454,329,999,252,937,122,660,873,92,395,32,407,727,193,1006,329,110,185,297,401,137,305,677,266,351,62,89,66,81,80,79,79,75,76,80,80,90,80,74,86,83,78,74,68,66,83,72,63,70,54,71,73,74,57,72,84,74,82
