
[13521.115663] [AOA] Measurement: 0,1627141138.492498,08:55:31:9b:05:29,2,1,2,0,128,761,785,746,200,160,753,543,828,412,379,872,785,280,55,758,689,623,210,563,779,35,455,692,259,294,765,50,939,265,555,160,423,77,60,62,87,72,71,69,56,58,90,69,66,63,49,77,82,81,74,58,79,34,66,26,45,51,57,63,64,69,62,81,91
[13521.155381] [AOA] Measurement: 0,1627141138.532215,08:55:31:9b:05:29,2,1,2,0,128,738,794,687,158,786,977,530,840,371,323,903,782,780,878,666,631,9,989,530,723,43,411,651,212,258,770,102,966,225,556,428,658,78,63,63,88,72,73,69,57,58,93,69,68,63,51,78,83,81,76,59,80,34,66,25,44,51,57,64,66,71,62,82,92
[13521.194185] [AOA] Measurement: 0,1627141138.571020,08:55:31:9b:05:29,2,1,2,0,128,820,821,783,225,856,7,571,881,949,538,941,854,241,1009,729,692,614,222,525,793,24,447,664,266,263,762,106,989,290,598,517,747,80,63,63,86,74,72,70,53,61,92,68,65,65,50,79,83,81,75,58,79,35,67,24,43,51,57,63,67,74,61,84,92
[13521.236196] [AOA] Measurement: 0,1627141138.613025,08:55:31:9b:05:29,2,1,2,0,128,68,472,135,930,254,783,22,677,363,280,313,571,749,864,674,657,21,1009,910,485,518,228,138,50,680,502,556,765,733,374,35,412,80,62,62,87,73,70,69,56,57,92,68,66,64,48,76,82,81,74,57,79,34,67,26,44,53,56,63,65,69,64,80,93
[13521.280261] [AOA] Measurement: 0,1627141138.657091,08:55:31:9b:05:29,2,1,2,0,128,833,836,740,192,828,984,514,839,362,321,881,780,293,23,708,671,547,165,529,747,87,493,708,257,352,826,152,6,283,568,180,379,80,63,64,88,74,73,70,54,62,91,67,61,63,48,76,83,82,76,61,81,37,64,24,41,50,54,59,62,68,58,77,85
[13521.319884] [AOA] Measurement: 0,1627141138.696717,08:55:31:9b:05:29,2,1,2,0,128,177,534,744,155,776,975,578,845,405,340,826,776,721,840,137,444,1009,978,512,735,473,254,634,214,276,795,113,991,235,520,283,592,79,61,62,85,72,72,69,51,60,89,68,67,63,50,79,83,82,77,61,80,38,68,26,46,54,58,64,67,74,62,86,94
[13521.364783] [AOA] Measurement: 0,1627141138.741615,08:55:31:9b:05:29,2,1,2,0,128,163,530,731,178,820,985,562,877,879,481,868,777,752,878,680,702,540,171,949,511,535,276,618,203,214,693,113,959,211,526,612,931,80,62,64,87,72,74,71,55,62,91,69,67,64,52,81,84,84,77,61,80,38,67,26,46,55,58,65,68,75,62,88,96
[13521.415746] [AOA] Measurement: 0,1627141138.792576,08:55:31:9b:05:29,2,1,2,0,128,188,554,741,156,804,983,969,651,337,282,949,845,209,1018,125,490,1000,995,958,559,472,227,108,26,710,528,581,787,677,280,563,1,83,65,66,88,74,75,70,56,64,94,70,64,64,49,80,77,80,77,60,81,36,66,23,42,49,53,58,61,68,58,77,86
[13521.456258] [AOA] Measurement: 0,1627141138.833092,08:55:31:9b:05:29,2,1,2,2,128,188,554,741,156,804,983,969,651,337,282,949,845,209,1018,125,490,1000,995,958,559,472,227,108,26,710,528,581,787,677,280,563,1,80,62,64,87,72,74,71,55,62,91,69,67,64,52,81,84,84,77,61,80,38,67,26,46,55,58,65,68,75,62,88,96
[13521.499391] [AOA] Measurement: 0,1627141138.876225,08:55:31:9b:05:29,2,1,2,0,128,701,669,179,967,266,816,9,670,948,509,355,614,701,823,44,382,996,952,949,496,431,192,117,998,731,533,549,756,692,341,640,1,79,61,63,87,72,74,70,54,59,90,67,67,63,51,80,84,83,77,59,80,38,68,25,45,53,56,63,67,74,62,85,94
[13521.543929] [AOA] Measurement: 0,1627141138.920763,08:55:31:9b:05:29,2,1,2,0,128,789,793,696,142,188,769,989,614,385,333,848,745,739,868,99,453,27,983,914,501,491,250,92,25,740,544,496,758,696,327,868,325,77,58,60,84,71,71,69,54,60,91,68,67,63,50,77,83,82,76,59,78,37,69,26,46,53,58,63,67,73,62,85,95
[13521.588273] [AOA] Measurement: 0,1627141138.965106,08:55:31:9b:05:29,2,1,2,0,128,158,509,145,976,221,770,13,660,446,360,890,804,230,1005,115,419,1021,969,982,524,584,326,662,217,208,730,563,766,693,323,337,793,76,58,60,83,69,71,67,52,58,87,64,65,62,49,77,81,78,73,55,75,36,65,26,45,52,56,61,66,71,61,86,93
[13521.633344] [AOA] Measurement: 0,1627141139.010178,08:55:31:9b:05:29,2,1,2,0,128,157,524,182,1002,763,949,578,866,971,532,897,815,297,36,666,669,591,175,551,738,1005,430,75,1018,795,579,608,807,239,526,885,165,77,62,63,82,73,72,69,54,61,90,67,63,62,47,75,77,79,76,60,79,36,64,23,41,51,54,59,62,67,57,76,86
[13521.677538] [AOA] Measurement: 0,1627141139.054372,08:55:31:9b:05:29,2,1,2,0,128,217,567,753,178,817,1002,517,806,413,340,938,839,219,1006,127,455,601,190,483,726,76,496,682,226,224,702,558,730,283,577,264,614,72,55,55,79,65,68,63,49,55,81,60,67,58,48,72,77,75,68,53,70,34,62,23,46,50,56,56,63,68,59,82,84
[13521.723958] [AOA] Measurement: 0,1627141139.100787,08:55:31:9b:05:29,2,1,2,0,128,185,531,170,991,225,762,26,662,387,306,341,608,730,875,156,486,527,167,451,701,32,440,691,256,227,739,18,904,717,331,659,58,82,64,65,87,73,72,70,54,58,90,68,64,63,48,78,84,83,77,60,80,38,66,25,43,53,55,60,63,69,60,81,89
[13521.777283] [AOA] Measurement: 0,1627141139.154116,08:55:31:9b:05:29,2,1,2,0,128,722,768,742,156,837,1013,577,871,938,521,853,760,299,68,730,648,595,201,473,742,86,463,643,200,271,749,72,971,211,531,538,873,78,60,60,83,70,71,68,53,58,86,64,67,62,49,78,82,82,73,58,77,37,66,26,46,51,58,61,66,72,61,84,92
[13521.821025] [AOA] Measurement: 0,1627141139.197854,08:55:31:9b:05:29,2,1,2,0,128,673,697,759,199,812,1010,504,828,953,566,943,854,310,76,729,715,554,172,431,704,539,272,120,3,247,729,44,936,263,560,201,504,81,64,66,88,74,74,71,55,61,90,68,66,65,50,80,83,84,79,61,81,38,67,25,43,53,55,62,66,72,59,82,93
[13521.864160] [AOA] Measurement: 0,1627141139.240993,08:55:31:9b:05:29,2,1,2,0,128,146,508,224,1012,234,765,34,675,980,543,831,752,698,839,124,473,1016,982,977,535,440,208,98,1023,742,510,607,800,330,591,441,796,80,63,62,87,73,75,71,52,59,91,68,67,66,51,79,84,82,74,59,77,36,66,25,45,54,57,63,68,73,62,84,93
[13521.908272] [AOA] Measurement: 0,1627141139.285105,08:55:31:9b:05:29,2,1,2,0,128,820,817,646,95,817,1015,563,859,925,535,917,836,225,15,686,656,12,1005,981,544,35,469,666,282,306,766,71,983,195,479,780,991,80,61,64,84,73,75,70,56,61,91,68,67,65,51,77,83,83,77,60,80,36,67,25,46,52,59,63,67,73,63,85,95
[13521.956728] [AOA] Measurement: 0,1627141139.333556,08:55:31:9b:05:29,2,1,2,0,128,705,706,129,960,248,787,1013,643,329,287,271,548,741,819,104,468,17,1014,513,764,449,228,115,14,279,742,121,989,296,592,975,260,81,65,66,88,75,73,69,55,63,92,69,65,65,49,79,84,83,78,60,78,35,64,24,42,49,54,61,64,69,60,79,89
[13522.003324] [AOA] Measurement: 0,1627141139.380158,08:55:31:9b:05:29,2,1,2,0,128,762,742,705,141,832,971,543,864,977,582,819,773,740,865,123,446,10,1020,944,537,492,206,694,260,249,767,58,929,279,567,23,312,81,62,65,88,72,74,70,55,61,93,68,66,64,50,79,84,84,78,61,81,38,67,24,42,52,56,63,65,71,62,84,92
[13522.047646] [AOA] Measurement: 0,1627141139.424480,08:55:31:9b:05:29,2,1,2,0,128,721,733,130,980,309,801,992,636,394,285,378,594,283,28,636,659,553,176,455,697,517,235,27,960,697,509,571,730,728,302,259,720,77,61,60,86,71,73,69,54,60,88,66,67,64,50,78,83,80,75,59,77,35,66,25,45,55,58,63,68,74,63,85,93
[13522.095007] [AOA] Measurement: 0,1627141139.471841,08:55:31:9b:05:29,2,1,2,0,128,181,549,154,1001,752,944,541,846,411,324,264,547,784,890,633,609,30,1013,972,545,542,262,657,226,220,705,63,938,230,502,417,786,79,62,61,87,73,73,69,55,62,91,67,68,65,51,79,83,82,78,60,79,38,67,26,45,53,57,63,68,74,64,87,92
[13522.139713] [AOA] Measurement: 0,1627141139.516547,08:55:31:9b:05:29,2,1,2,0,128,182,531,775,171,757,982,618,923,927,564,921,804,259,1016,741,697,990,1006,961,551,53,471,616,194,700,504,561,762,699,335,758,145,76,58,59,83,72,71,70,52,61,87,66,68,63,50,78,82,80,74,59,78,37,67,24,45,52,57,63,67,73,62,85,92
[13522.179592] [AOA] Measurement: 0,1627141139.556425,08:55:31:9b:05:29,2,1,2,0,128,193,549,141,978,252,780,24,696,942,540,828,798,247,34,690,688,600,162,485,715,480,264,109,0,706,517,510,737,721,311,882,312,81,61,62,85,70,72,70,53,61,92,68,67,65,52,80,85,83,78,62,81,38,67,24,45,54,58,65,68,73,63,85,91
[13522.218350] [AOA] Measurement: 0,1627141139.595184,08:55:31:9b:05:29,2,1,2,0,128,63,476,105,941,273,796,951,603,342,310,333,603,737,889,673,670,514,163,970,523,460,195,78,1005,689,519,537,720,710,289,777,377,79,61,61,86,71,73,72,53,61,91,68,67,63,50,78,82,79,76,59,77,36,66,26,46,54,57,64,67,72,62,85,94
[13522.264029] [AOA] Measurement: 0,1627141139.640863,08:55:31:9b:05:29,2,1,2,0,128,215,555,190,1018,249,782,971,595,397,290,357,579,703,826,128,427,71,36,454,713,9,453,706,218,234,744,43,899,680,279,543,119,79,62,64,89,72,74,70,55,63,93,70,67,65,52,79,84,84,78,63,81,37,66,24,43,51,55,61,67,72,59,83,93
[13522.307641] [AOA] Measurement: 0,1627141139.684474,08:55:31:9b:05:29,2,1,2,0,128,160,575,235,24,842,1023,533,852,977,537,975,859,280,51,678,703,584,176,534,772,994,383,77,0,739,542,535,749,747,363,742,49,78,58,59,82,69,71,68,51,58,86,65,68,63,49,77,82,79,72,56,74,36,64,25,46,52,58,62,68,73,63,85,93
[13522.355300] [AOA] Measurement: 0,1627141139.732131,08:55:31:9b:05:29,2,1,2,0,128,761,748,799,214,809,1011,585,917,1013,615,969,874,196,0,642,657,536,164,561,811,76,487,725,272,247,716,113,974,241,549,369,689,81,64,65,87,75,75,72,57,63,95,71,65,66,50,80,82,83,76,62,80,38,67,24,42,51,55,60,64,69,59,80,88
[13522.402192] [AOA] Measurement: 0,1627141139.779027,08:55:31:9b:05:29,2,1,2,0,128,710,712,168,968,202,769,8,669,350,267,300,562,780,840,168,497,1006,994,515,757,41,474,699,222,299,787,45,934,718,353,70,493,81,60,66,87,74,73,72,56,62,92,69,67,65,51,79,83,83,78,60,81,37,68,25,45,54,59,63,66,74,61,85,95
[13522.441485] [AOA] Measurement: 0,1627141139.818315,08:55:31:9b:05:29,2,1,2,0,128,822,807,736,199,753,942,66,699,933,515,891,801,747,862,729,689,594,202,535,732,72,442,625,180,334,811,57,965,272,610,267,489,82,63,66,89,73,73,70,55,63,94,70,65,66,50,79,85,84,77,62,81,38,65,25,44,53,57,63,66,72,62,84,93
[13522.486715] [AOA] Measurement: 0,1627141139.863548,08:55:31:9b:05:29,2,1,2,0,128,766,776,739,174,807,1018,520,837,957,550,813,775,263,61,775,772,583,190,530,731,55,479,717,249,269,744,91,973,688,325,122,501,78,59,60,86,72,75,71,52,55,90,64,71,61,51,76,83,82,74,55,74,36,67,26,49,55,61,66,69,76,64,89,95
[13522.533280] [AOA] Measurement: 0,1627141139.910109,08:55:31:9b:05:29,2,1,2,0,128,722,753,777,200,804,979,549,877,914,537,953,852,243,28,739,734,602,214,544,782,11,475,756,304,263,755,72,999,326,609,771,860,75,57,56,81,66,69,66,50,57,84,64,66,61,49,74,82,78,73,55,72,35,66,25,46,53,59,62,66,72,63,85,92
[13522.579922] [AOA] Measurement: 0,1627141139.956756,08:55:31:9b:05:29,2,1,2,0,128,105,499,164,968,307,793,4,687,286,253,348,621,698,816,141,443,3,992,914,507,423,219,51,1001,735,562,547,748,696,309,560,37,81,60,60,87,73,76,72,52,62,91,69,75,67,52,82,87,82,75,60,79,37,70,27,51,57,63,67,72,79,68,95,101
[13522.624470] [AOA] Measurement: 0,1627141140.001305,08:55:31:9b:05:29,2,1,2,0,128,148,528,53,906,249,771,1014,616,291,282,342,605,690,826,114,434,566,203,465,733,973,429,689,242,278,736,477,703,783,343,782,229,79,63,65,87,71,72,71,56,62,91,69,65,64,51,79,84,84,76,60,80,37,67,25,45,55,57,63,67,73,62,82,92
[13522.669687] [AOA] Measurement: 0,1627141140.046516,08:55:31:9b:05:29,2,1,2,0,128,144,529,180,1001,233,791,15,668,402,363,915,820,233,21,728,677,568,187,513,725,505,255,60,0,269,759,86,959,252,551,65,394,79,64,66,87,74,74,72,55,62,92,68,64,63,51,80,83,85,76,60,80,35,68,24,44,53,55,62,65,72,59,83,93
[13522.714108] [AOA] Measurement: 0,1627141140.090937,08:55:31:9b:05:29,2,1,2,0,128,148,512,173,1016,283,781,1009,675,444,416,858,822,288,39,114,430,23,2,491,729,528,266,26,995,791,560,63,922,214,512,37,417,69,51,49,74,60,63,61,44,49,76,55,60,54,44,67,74,68,63,49,65,31,59,22,42,47,52,52,59,65,56,77,79
[13522.764245] [AOA] Measurement: 0,1627141140.141073,08:55:31:9b:05:29,2,1,2,0,128,730,711,728,193,797,976,606,909,897,511,895,806,301,59,656,650,576,193,949,529,485,232,73,1012,759,589,70,956,685,353,780,243,79,62,62,87,73,73,69,53,60,89,67,68,64,51,79,84,82,76,58,77,37,66,25,46,53,58,63,67,72,63,85,94
[13522.817498] [AOA] Measurement: 0,1627141140.194332,08:55:31:9b:05:29,2,1,2,0,128,712,697,790,211,835,1007,562,852,957,527,853,780,700,844,648,663,595,227,481,701,1004,431,133,47,732,556,607,791,249,517,752,69,81,65,65,88,74,73,70,56,62,93,69,66,66,50,80,84,85,75,61,77,36,67,25,44,51,56,63,68,71,62,81,91
[13522.861082] [AOA] Measurement: 0,1627141140.237916,08:55:31:9b:05:29,2,1,2,0,128,756,724,160,932,330,871,498,806,344,281,330,599,721,842,716,693,657,253,454,729,1020,449,614,184,347,808,83,965,247,521,1014,365,80,62,61,86,72,73,70,52,61,90,67,66,65,50,79,81,83,78,61,78,37,66,25,43,51,55,62,67,72,62,84,92
[13522.900107] [AOA] Measurement: 0,1627141140.276937,08:55:31:9b:05:29,2,1,2,0,128,791,782,711,198,817,988,525,885,947,548,873,791,689,806,141,479,1014,994,931,522,582,292,668,222,238,744,78,953,226,543,320,616,80,60,60,86,72,73,68,53,59,88,67,66,63,50,76,82,81,75,58,78,35,67,26,46,53,57,60,64,71,60,85,93
[13522.943520] [AOA] Measurement: 0,1627141140.320355,08:55:31:9b:05:29,2,1,2,0,128,761,772,700,147,833,18,507,869,934,493,366,620,296,36,678,631,592,183,523,717,11,428,667,227,298,781,108,968,140,491,248,549,77,58,59,84,68,70,69,50,59,86,65,67,61,51,78,83,79,72,58,75,36,66,25,46,53,57,61,67,71,62,86,90
[13522.987603] [AOA] Measurement: 0,1627141140.364436,08:55:31:9b:05:29,2,1,2,0,128,200,556,765,142,747,937,30,661,371,302,374,620,254,1018,657,669,636,192,429,684,28,464,626,185,315,782,115,958,204,476,952,264,74,58,57,81,69,70,67,50,56,84,62,65,59,50,73,81,78,70,54,74,34,63,25,45,50,57,58,66,71,61,84,90
[13523.026848] [AOA] Measurement: 0,1627141140.403679,08:55:31:9b:05:29,2,1,2,0,128,725,767,764,176,745,975,14,659,392,329,381,619,752,844,107,474,32,992,495,772,45,501,664,219,329,790,82,948,201,477,57,422,79,62,63,86,73,75,71,53,62,89,68,67,65,51,78,84,84,78,61,81,38,68,24,44,54,56,63,65,72,61,82,91
[13523.075147] [AOA] Measurement: 0,1627141140.451982,08:55:31:9b:05:29,2,1,2,0,128,725,727,166,988,811,983,589,896,359,302,900,829,339,61,740,733,566,245,541,776,8,424,686,264,330,809,128,1002,216,525,477,848,83,61,62,88,75,77,72,53,62,93,69,73,67,54,85,90,88,80,62,81,38,73,26,51,57,64,68,72,78,68,93,101
[13523.119064] [AOA] Measurement: 0,1627141140.495897,08:55:31:9b:05:29,2,1,2,0,128,94,507,143,978,277,794,1020,660,462,344,344,594,715,831,149,509,565,173,969,548,455,216,110,10,709,525,571,758,665,296,978,394,76,56,58,78,68,69,67,52,57,88,64,67,62,51,77,81,78,73,55,74,36,66,24,45,52,58,61,68,72,63,84,92
[13523.163991] [AOA] Measurement: 0,1627141140.540825,08:55:31:9b:05:29,2,1,2,0,128,230,568,702,152,228,790,1016,665,426,331,334,608,708,840,122,463,1015,1001,984,536,491,262,80,12,811,595,66,971,255,545,492,768,79,61,62,85,71,72,69,53,59,90,67,67,63,50,77,83,82,75,58,78,35,66,25,44,53,55,63,65,71,62,86,94
[13523.208869] [AOA] Measurement: 0,1627141140.585703,08:55:31:9b:05:29,2,1,2,0,128,698,735,720,157,207,769,1015,627,381,344,359,594,758,866,714,678,569,182,559,790,71,493,646,205,298,769,1020,891,704,326,115,464,81,64,64,85,74,72,69,53,59,90,69,62,64,51,79,82,82,76,60,79,36,64,23,40,50,52,58,61,66,56,77,84
[13523.253779] [AOA] Measurement: 0,1627141140.630613,08:55:31:9b:05:29,2,1,2,0,128,779,772,783,196,760,966,13,676,952,530,913,828,205,1001,755,731,618,215,544,761,55,492,621,195,284,730,68,957,297,562,805,34,71,52,51,76,62,66,62,47,52,80,58,64,55,46,69,77,75,67,51,68,33,62,23,45,50,57,58,65,69,60,81,84
[13523.297262] [AOA] Measurement: 0,1627141140.674094,08:55:31:9b:05:29,2,1,2,0,128,708,725,674,139,854,1004,596,894,860,474,860,816,238,28,689,660,583,221,438,702,463,243,107,1021,742,592,495,744,716,339,53,469,77,59,60,84,71,70,70,52,60,90,68,67,65,51,78,84,84,75,60,79,37,67,26,47,53,59,64,68,74,64,85,94
[13523.341344] [AOA] Measurement: 0,1627141140.718178,08:55:31:9b:05:29,2,1,2,0,128,224,591,154,981,779,995,1008,628,403,333,343,588,710,851,724,676,559,155,493,716,959,365,93,0,777,604,551,761,749,345,842,215,83,63,65,87,73,74,70,56,61,91,68,64,64,49,76,82,82,76,61,80,39,67,25,43,52,55,60,63,69,60,77,88
[13523.380543] [AOA] Measurement: 0,1627141140.757373,08:55:31:9b:05:29,2,1,2,0,128,178,572,152,992,277,774,964,616,405,344,338,571,763,870,743,689,576,176,484,732,455,219,102,21,748,569,66,913,280,564,828,96,77,60,61,85,71,73,71,53,60,91,68,65,62,50,78,80,81,76,59,77,36,64,24,44,52,55,61,66,71,61,83,91
[13523.426173] [AOA] Measurement: 0,1627141140.803008,08:55:31:9b:05:29,2,1,2,0,128,183,522,188,1010,828,987,1017,638,427,348,354,606,338,60,723,723,563,179,560,802,1021,428,667,201,722,544,588,791,258,566,791,116,80,62,62,87,72,72,71,54,61,92,68,66,63,50,77,83,83,75,58,79,37,67,24,45,52,56,61,65,71,63,84,93
[13523.465091] [AOA] Measurement: 0,1627141140.841924,08:55:31:9b:05:29,2,1,2,0,128,748,743,709,151,812,1013,492,813,971,540,872,736,717,833,180,466,979,972,964,541,432,202,179,48,232,700,563,761,784,355,116,410,79,63,62,86,73,74,69,54,62,92,69,69,65,51,77,84,83,75,61,80,38,67,25,46,53,57,64,66,72,62,83,93
[13523.511382] [AOA] Measurement: 0,1627141140.888213,08:55:31:9b:05:29,2,1,2,0,128,160,519,194,1015,226,758,1022,699,402,334,324,584,703,849,49,408,1009,985,939,495,480,233,151,30,259,723,82,932,678,304,204,751,79,62,63,85,71,73,71,53,60,90,69,67,64,49,78,84,83,76,61,80,36,67,25,44,51,54,61,66,71,60,85,92
[13523.562563] [AOA] Measurement: 0,1627141140.939393,08:55:31:9b:05:29,2,1,2,0,128,671,679,760,178,830,982,964,622,447,387,868,793,264,5,672,673,569,190,550,769,542,237,117,31,772,586,88,973,211,481,600,887,81,63,62,87,72,71,70,54,61,87,67,64,64,51,79,83,83,77,62,80,38,66,24,44,52,56,62,66,70,60,84,91
[13523.607733] [AOA] Measurement: 0,1627141140.984568,08:55:31:9b:05:29,2,1,2,0,128,697,739,722,174,792,982,505,791,352,331,923,848,251,30,624,598,4,987,498,719,498,242,113,6,765,572,119,969,220,479,979,251,75,57,59,81,69,70,67,51,57,85,64,66,62,49,76,82,78,73,57,75,35,65,24,47,52,56,60,66,72,62,84,92
[13523.646299] [AOA] Measurement: 0,1627141141.023133,08:55:31:9b:05:29,2,1,2,0,128,206,534,702,157,853,13,591,913,871,478,351,573,756,853,145,467,70,31,495,726,504,262,713,234,258,720,605,791,670,316,636,25,81,63,64,87,73,74,73,54,61,89,67,68,64,51,79,84,82,77,60,79,36,67,26,46,53,58,62,67,72,63,85,94
[13523.690951] [AOA] Measurement: 0,1627141141.067784,08:55:31:9b:05:29,2,1,2,0,128,737,744,729,176,817,4,602,889,964,550,860,769,305,77,643,664,642,217,525,780,56,488,614,213,326,784,83,974,262,552,347,654,83,64,65,87,73,74,69,56,62,92,68,63,65,49,79,82,84,78,60,80,35,64,24,42,49,54,60,63,67,58,80,89
[13523.734843] [AOA] Measurement: 0,1627141141.111677,08:55:31:9b:05:29,2,1,2,0,128,777,793,700,156,759,965,1006,675,982,546,908,767,275,29,705,662,653,243,558,778,1013,421,688,215,268,730,70,934,677,301,305,733,80,62,65,87,72,74,70,55,62,93,70,66,65,50,79,83,84,78,61,80,38,67,26,43,52,54,61,65,70,60,81,93
[13523.778338] [AOA] Measurement: 0,1627141141.155168,08:55:31:9b:05:29,2,1,2,0,128,150,519,127,958,199,766,997,632,386,315,420,687,730,830,110,439,35,1003,966,515,30,451,698,256,324,803,99,1002,204,486,998,328,79,59,62,85,71,72,68,52,58,87,65,67,62,48,77,83,82,75,58,78,37,66,25,46,54,58,64,69,73,62,87,94
[13523.821974] [AOA] Measurement: 0,1627141141.198808,08:55:31:9b:05:29,2,1,2,0,128,179,538,789,210,243,784,1002,646,322,284,337,621,733,844,132,464,1008,972,979,575,466,243,176,84,268,728,86,944,735,326,241,692,78,59,61,83,71,71,68,52,60,89,67,66,61,49,78,83,81,74,58,77,36,67,25,44,53,57,62,66,72,61,83,90
[13523.861329] [AOA] Measurement: 0,1627141141.238158,08:55:31:9b:05:29,2,1,2,0,128,122,525,179,975,320,849,957,620,422,333,303,584,676,803,130,461,1013,998,934,497,457,209,110,1022,767,537,525,731,718,320,331,766,79,62,61,87,73,73,70,55,62,92,66,68,64,50,80,84,82,74,59,78,37,67,26,45,53,58,63,68,74,63,85,95
[13523.910198] [AOA] Measurement: 0,1627141141.287033,08:55:31:9b:05:29,2,1,2,0,128,178,512,173,1001,217,766,15,670,352,344,935,832,287,38,721,674,556,157,955,549,514,247,139,42,225,708,462,697,702,311,52,507,80,62,64,86,74,73,70,55,61,94,70,68,64,49,78,84,84,75,61,78,37,66,25,46,51,56,63,65,72,62,84,92
[13523.949726] [AOA] Measurement: 0,1627141141.326558,08:55:31:9b:05:29,2,1,2,0,128,134,501,148,993,298,821,28,654,406,342,955,836,231,1018,108,442,990,958,912,502,526,255,133,29,347,799,35,929,263,561,561,881,73,56,55,79,66,69,66,49,56,85,63,65,58,48,72,77,76,69,54,72,34,65,25,45,51,56,59,65,71,60,83,91
[13523.992648] [AOA] Measurement: 0,1627141141.369481,08:55:31:9b:05:29,2,1,2,0,128,721,742,739,182,838,1005,562,902,899,548,923,843,305,64,763,713,611,240,541,791,91,481,655,242,284,766,51,965,298,574,691,883,77,60,60,85,70,71,68,51,60,89,66,67,63,51,77,82,82,74,57,76,35,66,25,45,53,57,62,67,73,63,86,95
[13524.037134] [AOA] Measurement: 0,1627141141.413969,08:55:31:9b:05:29,2,1,2,0,128,658,712,153,951,311,835,989,654,449,355,311,606,698,846,693,664,47,6,450,734,430,189,139,44,292,745,127,949,241,546,826,191,74,57,55,78,67,68,65,49,55,85,60,66,59,47,75,79,78,70,55,72,36,64,24,45,53,57,61,66,72,60,85,89
[13524.084728] [AOA] Measurement: 0,1627141141.461557,08:55:31:9b:05:29,2,1,2,0,128,163,521,223,1019,779,992,560,881,389,286,326,629,284,6,182,495,63,16,497,746,22,431,676,234,257,725,112,957,265,549,757,76,74,56,56,80,67,68,66,48,57,85,62,66,61,49,75,81,78,70,55,73,36,64,24,46,51,58,62,67,72,62,84,94
[13524.131243] [AOA] Measurement: 0,1627141141.508077,08:55:31:9b:05:29,2,1,2,0,128,684,683,157,1017,300,788,76,731,932,547,962,857,242,25,672,682,573,194,558,794,109,512,682,246,253,723,479,726,692,288,944,359,79,60,60,83,70,72,68,52,58,89,66,66,60,49,77,81,81,73,57,75,34,66,25,45,53,57,60,66,72,61,86,94
[13524.176635] [AOA] Measurement: 0,1627141141.553469,08:55:31:9b:05:29,2,1,2,0,128,155,495,186,976,275,795,19,699,948,521,867,803,204,1010,118,470,566,174,931,522,503,297,711,238,274,763,73,943,204,503,839,278,78,59,61,85,70,72,69,52,60,91,67,67,63,51,78,83,81,77,60,80,36,66,25,44,53,56,62,66,71,61,81,92
[13524.227496] [AOA] Measurement: 0,1627141141.604329,08:55:31:9b:05:29,2,1,2,0,128,775,749,719,157,767,975,557,841,882,476,899,822,198,17,667,652,505,128,530,748,498,237,130,20,291,781,93,929,154,499,574,868,79,61,61,85,71,72,68,53,61,89,67,66,63,50,78,84,81,77,58,78,38,67,25,45,51,57,62,67,72,62,86,91
[13524.275566] [AOA] Measurement: 0,1627141141.652394,08:55:31:9b:05:29,2,1,2,0,128,239,611,191,1001,203,760,51,718,371,327,900,808,281,41,684,657,603,238,514,742,80,484,603,184,263,731,114,978,203,512,324,680,76,60,60,87,70,71,69,53,59,90,67,67,60,48,78,83,81,77,59,79,37,68,26,45,52,57,61,68,72,61,86,94
[13524.320755] [AOA] Measurement: 0,1627141141.697588,08:55:31:9b:05:29,2,1,2,0,128,163,521,72,934,314,828,990,642,373,317,369,652,711,857,126,474,20,994,981,539,525,271,653,216,306,757,94,944,232,516,195,652,76,58,58,84,69,71,69,52,58,88,64,66,59,49,76,83,80,74,57,78,36,67,25,47,53,59,62,67,74,63,85,91
[13524.365031] [AOA] Measurement: 0,1627141141.741864,08:55:31:9b:05:29,2,1,2,0,128,714,759,771,241,867,32,527,842,905,493,893,764,268,76,774,746,548,181,501,745,33,463,683,226,263,773,88,975,299,594,374,656,77,61,61,86,72,72,71,52,61,91,65,68,62,51,78,84,80,77,60,79,35,68,25,45,54,56,64,67,73,63,85,93
[13524.408331] [AOA] Measurement: 0,1627141141.785163,08:55:31:9b:05:29,2,1,2,0,128,728,751,753,154,788,978,6,685,375,320,920,813,305,66,669,664,566,194,566,768,84,485,698,245,221,700,86,981,236,559,871,202,81,62,64,87,74,73,70,55,62,93,69,64,64,51,79,84,84,78,61,81,39,68,25,44,51,54,61,64,71,60,82,90
[13524.451471] [AOA] Measurement: 0,1627141141.828305,08:55:31:9b:05:29,2,1,2,0,128,792,801,754,160,836,1000,542,853,977,561,947,863,275,27,690,656,581,168,456,679,518,276,640,207,289,779,36,900,697,323,512,893,78,61,60,86,72,72,68,53,59,89,66,67,64,50,78,82,81,75,58,76,36,68,26,47,53,58,62,66,72,63,87,94
[13524.490489] [AOA] Measurement: 0,1627141141.867323,08:55:31:9b:05:29,2,1,2,0,128,790,771,749,194,872,1016,539,830,960,517,881,778,771,881,701,696,21,1020,574,784,1020,430,638,214,251,744,486,737,233,523,393,860,79,58,60,82,69,71,67,52,59,84,64,68,62,50,75,81,80,73,56,76,36,66,25,45,53,57,62,67,73,63,84,92
[13524.529794] [AOA] Measurement: 0,1627141141.906628,08:55:31:9b:05:29,2,1,2,0,128,226,566,113,923,172,745,48,706,365,316,367,643,675,825,92,415,991,962,894,484,502,232,93,8,761,550,591,797,697,340,1002,433,80,65,66,88,74,74,71,55,63,94,70,64,65,49,79,80,82,77,61,80,37,64,22,41,48,52,58,62,69,56,78,88
[13524.568524] [AOA] Measurement: 0,1627141141.945361,08:55:31:9b:05:29,2,1,2,0,128,785,783,693,158,798,996,987,629,340,256,281,541,749,848,98,446,988,951,1020,551,491,234,130,14,750,581,161,3,224,536,13,401,79,61,64,86,72,71,70,54,60,91,69,66,64,50,80,84,83,77,60,80,37,68,25,46,55,57,62,66,72,60,84,92
[13524.613729] [AOA] Measurement: 0,1627141141.990562,08:55:31:9b:05:29,2,1,2,0,128,708,714,732,147,833,1012,493,840,427,379,863,791,271,6,146,509,11,1010,1000,559,12,418,616,197,278,756,56,952,255,578,583,930,74,55,54,82,67,71,66,51,58,86,64,65,61,49,76,81,81,73,58,77,36,66,25,45,52,59,63,66,73,63,83,93
[13524.659629] [AOA] Measurement: 0,1627141142.036459,08:55:31:9b:05:29,2,1,2,0,128,684,702,131,923,272,781,26,675,959,578,915,833,155,982,142,451,35,2,981,554,491,215,145,30,754,537,603,773,719,314,149,534,77,60,60,85,70,73,69,54,60,88,65,68,63,52,75,84,80,74,58,78,36,66,27,46,52,57,63,66,72,61,85,93
[13524.703398] [AOA] Measurement: 0,1627141142.080227,08:55:31:9b:05:29,2,1,2,0,128,770,806,750,206,824,1002,519,840,391,340,232,530,742,835,111,443,28,1018,478,737,518,276,725,250,305,769,100,984,218,536,35,332,73,55,57,81,66,68,65,50,56,84,62,65,60,50,75,81,77,73,55,75,35,65,25,46,52,57,61,65,70,61,81,89
[13524.757593] [AOA] Measurement: 0,1627141142.134421,08:55:31:9b:05:29,2,1,2,0,128,714,716,243,30,822,1005,523,818,956,546,899,842,249,36,716,710,684,259,539,766,65,470,617,166,250,725,93,943,694,315,834,155,76,58,57,82,67,69,66,51,56,86,65,65,61,49,76,82,79,72,56,75,36,65,25,45,52,57,61,67,70,61,85,92
[13524.797493] [AOA] Measurement: 0,1627141142.174327,08:55:31:9b:05:29,2,1,2,0,128,146,486,151,969,284,803,985,634,372,292,302,545,753,872,122,441,42,967,451,689,503,232,708,207,225,718,543,710,695,275,49,519,72,53,55,78,63,66,64,47,52,80,60,65,57,48,72,76,74,67,53,68,33,61,22,45,50,55,58,63,68,59,81,85
[13524.836008] [AOA] Measurement: 0,1627141142.212842,08:55:31:9b:05:29,2,1,2,0,128,146,505,97,931,274,810,0,675,351,246,327,574,769,867,155,441,2,989,959,507,483,234,81,1009,749,522,564,785,217,515,87,483,78,60,62,86,71,72,68,54,59,90,66,66,63,49,80,82,81,74,59,78,37,66,25,46,52,56,63,66,74,63,86,94
[13524.879156] [AOA] Measurement: 0,1627141142.255990,08:55:31:9b:05:29,2,1,2,0,128,151,520,177,1007,308,816,1001,633,390,353,890,824,272,14,668,660,1023,987,949,521,62,460,724,252,390,819,115,1017,237,527,126,337,69,53,53,76,63,66,62,45,52,79,58,65,56,47,70,75,72,65,51,69,33,62,24,44,49,53,57,62,67,59,79,84
[13524.918285] [AOA] Measurement: 0,1627141142.295117,08:55:31:9b:05:29,2,1,2,0,128,762,737,162,992,860,1012,535,846,956,541,884,811,281,23,681,663,61,30,540,780,68,470,717,291,292,795,72,922,308,567,219,481,79,60,60,84,70,73,70,52,61,89,67,68,64,50,77,83,82,74,58,76,36,65,24,46,53,57,62,68,71,62,87,93
[13524.966882] [AOA] Measurement: 0,1627141142.343710,08:55:31:9b:05:29,2,1,2,0,128,148,540,150,975,261,784,4,638,419,335,299,568,724,859,127,488,997,983,943,540,439,190,101,20,778,556,80,931,259,516,728,123,80,62,64,88,75,71,70,54,63,91,68,66,66,51,79,84,84,79,61,80,36,68,24,45,51,55,61,67,70,60,82,92
[13525.006466] [AOA] Measurement: 0,1627141142.383299,08:55:31:9b:05:29,2,1,2,0,128,792,791,792,207,793,1009,574,857,965,575,890,815,249,17,162,478,615,221,495,704,26,444,635,202,298,766,98,982,295,581,1006,123,78,61,62,86,73,74,70,53,61,93,68,66,65,50,78,83,81,76,60,79,37,67,25,45,54,55,62,65,70,63,85,94
[13525.047651] [AOA] Measurement: 0,1627141142.424482,08:55:31:9b:05:29,2,1,2,0,128,701,734,191,1008,814,981,597,902,993,570,854,786,255,6,692,657,39,1016,951,542,9,441,662,201,284,777,77,967,277,521,663,913,80,63,63,85,74,75,69,55,62,91,68,65,64,51,79,83,84,77,60,80,36,69,24,46,53,56,63,67,73,62,85,93
[13525.098580] [AOA] Measurement: 0,1627141142.475409,08:55:31:9b:05:29,2,1,2,0,128,819,823,653,139,281,794,32,648,425,351,860,762,253,23,687,624,47,9,999,558,517,240,673,251,252,713,105,974,290,584,988,257,81,62,64,87,75,72,72,54,62,91,69,68,63,50,77,83,84,75,61,80,38,69,25,46,53,58,63,66,73,63,85,93
[13525.142792] [AOA] Measurement: 0,1627141142.519623,08:55:31:9b:05:29,2,1,2,0,128,688,685,770,195,825,966,994,632,960,522,307,583,741,813,748,684,577,211,478,674,503,238,641,219,769,530,541,731,779,370,883,176,80,64,63,87,73,73,69,53,59,91,68,66,63,48,78,82,83,76,61,77,37,68,25,45,53,56,63,66,72,62,85,93
[13525.191788] [AOA] Measurement: 0,1627141142.568621,08:55:31:9b:05:29,2,1,2,0,128,153,533,179,1002,799,978,979,645,438,372,332,626,715,837,56,374,26,5,985,542,489,217,117,17,739,558,516,739,630,244,431,977,81,61,64,85,73,74,70,54,61,92,68,66,63,50,76,84,83,77,59,78,36,65,25,46,53,57,64,66,72,63,86,94
[13525.233572] [AOA] Measurement: 0,1627141142.610403,08:55:31:9b:05:29,2,1,2,0,128,175,539,148,982,308,818,551,861,990,573,884,779,744,892,692,694,28,997,1010,555,517,273,111,16,712,505,549,716,666,272,431,968,78,59,59,85,69,72,67,52,58,87,66,66,64,50,74,83,80,74,57,76,36,66,25,45,51,58,61,67,72,62,85,93
[13525.284146] [AOA] Measurement: 0,1627141142.660978,08:55:31:9b:05:29,2,1,2,0,128,781,815,677,135,801,1011,496,842,934,515,320,604,289,32,720,659,614,226,504,755,105,509,643,216,290,762,69,920,293,598,643,922,73,55,56,78,66,67,65,49,56,84,62,67,61,49,75,81,77,72,56,73,35,64,25,46,52,57,61,67,70,61,85,89
[13525.329099] [AOA] Measurement: 0,1627141142.705934,08:55:31:9b:05:29,2,1,2,0,128,752,775,758,182,805,992,488,815,941,496,334,589,723,838,88,433,57,13,486,719,1008,437,676,240,758,591,83,952,282,577,282,543,79,59,61,84,70,70,69,52,58,88,64,67,62,49,78,80,79,72,56,74,37,65,25,46,52,58,61,65,71,60,85,89
[13525.376419] [AOA] Measurement: 0,1627141142.753255,08:55:31:9b:05:29,2,1,2,0,128,786,798,789,213,866,0,587,921,817,443,909,802,663,820,781,725,636,226,520,769,51,419,94,64,342,807,116,971,194,533,124,459,76,59,57,83,67,70,67,50,57,86,64,67,62,48,76,83,80,73,57,75,35,67,26,45,52,58,61,67,71,62,85,89
[13525.419741] [AOA] Measurement: 0,1627141142.796572,08:55:31:9b:05:29,2,1,2,0,128,743,729,190,8,764,964,919,590,1013,540,857,802,282,42,683,659,82,56,532,718,48,471,624,193,256,751,529,763,734,355,224,586,80,63,63,86,74,73,72,54,61,92,69,66,66,51,80,83,83,76,61,81,37,68,25,45,52,56,63,65,71,61,82,92
[13525.463439] [AOA] Measurement: 0,1627141142.840268,08:55:31:9b:05:29,2,1,2,0,128,159,546,151,966,811,1005,1005,642,292,231,371,632,747,854,737,689,570,165,489,751,456,201,68,1011,756,556,511,681,652,271,347,812,77,60,60,84,68,71,67,53,59,91,66,65,63,50,78,83,82,74,59,77,37,66,25,45,52,58,62,66,72,62,86,94
[13525.514797] [AOA] Measurement: 0,1627141142.891625,08:55:31:9b:05:29,2,1,2,0,128,128,511,167,996,827,985,974,649,405,333,892,828,267,28,784,760,547,172,435,682,471,235,128,43,698,548,530,756,787,397,269,623,79,60,62,86,71,73,69,52,60,90,67,67,63,50,79,83,81,76,58,77,37,66,25,45,54,58,64,65,73,63,84,92
[13525.558584] [AOA] Measurement: 0,1627141142.935413,08:55:31:9b:05:29,2,1,2,0,128,704,738,159,1007,768,985,1004,655,362,318,895,794,713,839,163,482,606,218,435,706,23,432,642,197,682,495,566,794,254,517,284,653,79,63,65,86,73,74,71,55,62,93,69,64,65,50,78,82,83,77,58,79,35,63,23,40,48,52,58,62,67,57,78,86
[13525.603727] [AOA] Measurement: 0,1627141142.980560,08:55:31:9b:05:29,2,1,2,0,128,137,532,210,990,259,803,606,879,367,333,271,543,691,842,96,453,639,201,511,761,1016,454,629,199,730,547,540,757,729,348,1003,347,76,58,59,81,68,69,67,51,58,86,65,67,64,49,77,81,79,71,54,74,34,65,24,46,52,57,59,65,72,63,85,92
[13525.647017] [AOA] Measurement: 0,1627141143.023845,08:55:31:9b:05:29,2,1,2,0,128,738,752,675,108,880,49,573,906,886,488,890,803,235,997,204,544,605,205,534,748,62,481,728,270,275,740,129,1004,308,602,658,801,78,63,62,87,74,73,71,53,61,92,68,67,64,51,79,83,82,74,58,79,37,67,24,46,53,57,62,66,72,63,84,94
[13525.701451] [AOA] Measurement: 0,1627141143.078282,08:55:31:9b:05:29,2,1,2,0,128,191,520,147,961,244,786,0,651,361,310,326,609,723,904,662,641,90,41,571,817,45,493,38,1022,776,539,564,743,717,343,497,900,80,64,64,87,75,72,72,53,62,89,67,62,64,49,79,81,83,76,62,79,35,66,23,43,48,52,60,62,69,58,77,89
[13525.746610] [AOA] Measurement: 0,1627141143.123444,08:55:31:9b:05:29,2,1,2,0,128,721,724,767,184,860,12,551,899,979,566,969,832,285,64,714,680,628,203,534,722,33,448,684,243,205,712,57,923,612,239,570,54,80,63,66,88,74,73,70,54,60,91,69,64,63,49,78,81,82,76,60,80,35,65,24,43,50,53,58,62,68,56,79,87
[13525.788871] [AOA] Measurement: 0,1627141143.165700,08:55:31:9b:05:29,2,1,2,0,128,708,754,726,167,816,986,566,860,946,530,942,824,234,1021,656,637,624,196,502,741,0,422,85,51,268,760,73,970,252,549,779,40,79,59,61,86,70,71,67,53,56,88,66,67,60,49,76,83,80,73,56,77,34,66,24,45,52,57,60,67,72,63,84,93
[13525.827337] [AOA] Measurement: 0,1627141143.204171,08:55:31:9b:05:29,2,1,2,0,128,749,751,825,251,778,1001,589,911,1021,589,970,838,273,42,693,658,611,203,514,762,92,472,679,269,225,711,89,924,705,355,136,579,77,59,59,85,69,71,68,52,57,85,64,66,61,49,78,80,80,75,58,78,37,67,25,46,52,56,63,65,72,62,83,94
[13525.869693] [AOA] Measurement: 0,1627141143.246522,08:55:31:9b:05:29,2,1,2,0,128,727,717,762,181,869,2,557,882,967,576,933,819,298,46,719,692,615,226,598,840,13,455,693,237,316,780,62,961,259,542,355,746,78,59,59,85,70,70,69,51,58,88,65,66,62,49,77,84,78,74,55,73,36,66,25,44,51,57,61,65,70,60,84,93
[13525.908472] [AOA] Measurement: 0,1627141143.285306,08:55:31:9b:05:29,2,1,2,0,128,212,546,181,989,275,837,992,614,427,374,882,801,723,839,138,462,25,1013,550,766,1011,430,632,210,296,746,93,968,700,317,740,56,75,54,56,81,65,69,64,47,55,83,60,66,60,48,73,78,75,70,53,71,34,63,24,45,48,56,59,64,67,59,82,87
[13525.953262] [AOA] Measurement: 0,1627141143.330098,08:55:31:9b:05:29,2,1,2,0,128,724,706,740,160,821,6,536,857,390,346,322,570,678,841,167,476,573,184,520,754,58,460,663,226,274,738,94,996,259,550,512,795,82,64,64,88,74,73,71,53,63,93,70,66,65,51,80,85,84,77,61,80,38,67,25,44,51,55,61,64,69,60,81,91
[13525.997457] [AOA] Measurement: 0,1627141143.374291,08:55:31:9b:05:29,2,1,2,0,128,197,559,239,12,851,15,575,889,867,459,899,785,263,28,712,718,978,994,950,525,450,198,22,958,744,554,558,732,766,334,763,154,81,60,63,86,73,72,70,53,60,91,68,68,63,50,78,82,82,74,58,79,37,66,25,45,53,58,62,66,73,61,83,94
[13526.036173] [AOA] Measurement: 0,1627141143.413006,08:55:31:9b:05:29,2,1,2,0,128,680,704,175,1011,800,992,1017,651,363,318,359,621,730,849,172,512,517,145,496,728,475,212,69,20,294,770,54,926,224,533,119,550,81,63,66,90,74,75,72,55,62,93,70,66,66,50,80,83,85,77,60,79,38,64,25,43,53,57,63,67,73,61,84,94
[13526.078464] [AOA] Measurement: 0,1627141143.455294,08:55:31:9b:05:29,2,1,2,0,128,176,538,195,982,249,793,553,843,962,550,894,802,271,24,665,636,36,1017,984,516,489,233,105,38,718,536,548,772,672,289,564,1013,80,62,63,88,73,73,70,55,60,91,69,65,65,51,80,83,79,73,58,79,35,65,24,43,53,56,61,65,71,60,82,91
[13526.123140] [AOA] Measurement: 0,1627141143.499972,08:55:31:9b:05:29,2,1,2,0,128,714,704,169,996,252,806,511,841,930,497,899,805,301,63,726,707,482,129,975,529,539,268,128,53,226,712,68,920,217,527,151,515,80,62,62,86,71,74,69,54,64,90,69,64,65,49,78,81,79,76,60,80,36,65,24,41,50,54,60,63,68,57,77,86
[13526.167235] [AOA] Measurement: 0,1627141143.544068,08:55:31:9b:05:29,2,1,2,0,128,756,738,696,133,805,971,48,714,986,585,932,839,215,30,724,673,552,189,427,695,484,206,102,5,704,521,534,757,694,315,906,269,78,62,63,87,72,71,70,52,60,91,67,66,63,50,79,83,82,76,57,77,37,67,25,45,51,57,62,66,70,62,81,91
[13526.210594] [AOA] Measurement: 0,1627141143.587428,08:55:31:9b:05:29,2,1,2,0,128,739,754,741,217,762,939,990,625,401,312,319,565,785,902,714,707,591,170,506,753,4,438,659,258,202,751,68,912,667,294,980,356,78,60,62,84,72,74,70,53,59,89,65,67,62,49,80,84,83,75,59,77,37,67,25,46,53,57,63,67,73,61,86,94
[13526.250137] [AOA] Measurement: 0,1627141143.626966,08:55:31:9b:05:29,2,1,2,0,128,742,742,138,977,787,984,995,649,355,306,254,528,739,866,99,476,952,936,927,471,436,177,1013,948,684,482,566,757,769,340,496,976,81,62,64,87,70,72,69,54,62,92,67,67,65,50,79,83,81,76,60,79,36,65,24,44,51,54,61,66,71,61,81,91
[13526.293548] [AOA] Measurement: 0,1627141143.670382,08:55:31:9b:05:29,2,1,2,0,128,788,782,676,147,758,960,8,635,378,283,302,566,710,852,115,464,8,1010,942,517,536,262,123,45,238,728,58,928,679,293,147,556,76,58,59,82,69,70,66,52,58,86,65,66,61,50,77,83,80,73,57,75,35,67,25,45,53,58,63,68,71,63,85,93
[13526.339227] [AOA] Measurement: 0,1627141143.716055,08:55:31:9b:05:29,2,1,2,0,128,656,686,166,994,217,745,1,687,1006,537,939,816,259,22,108,452,24,31,972,518,69,455,642,252,227,751,566,761,777,375,456,858,75,59,59,82,68,71,66,52,58,88,64,67,62,50,77,79,81,75,58,77,36,66,26,45,52,56,63,67,73,63,85,93
[13526.381660] [AOA] Measurement: 0,1627141143.758493,08:55:31:9b:05:29,2,1,2,0,128,656,694,714,161,818,1016,1008,683,1001,585,896,830,318,56,698,685,595,189,535,769,61,496,718,274,290,745,65,928,664,278,99,476,74,56,59,82,68,70,66,50,54,84,64,66,60,50,76,82,79,73,55,75,36,64,25,46,52,57,63,66,72,60,85,89
[13526.420472] [AOA] Measurement: 0,1627141143.797301,08:55:31:9b:05:29,2,1,2,0,128,776,762,705,196,821,1001,511,817,398,348,290,549,697,810,154,450,18,1002,508,748,2,428,650,160,792,585,591,766,249,506,179,507,79,59,61,84,70,71,68,52,59,90,66,66,61,51,77,83,81,74,59,76,36,67,26,47,52,57,61,66,71,62,86,91
[13526.463941] [AOA] Measurement: 0,1627141143.840769,08:55:31:9b:05:29,2,1,2,0,128,762,757,803,236,802,984,596,893,926,538,835,775,709,832,95,468,985,923,990,528,511,248,121,56,222,724,163,1015,227,514,561,814,80,64,65,86,73,73,71,54,62,93,70,63,64,50,79,83,83,77,61,81,38,67,24,43,51,54,61,65,70,60,82,90
[13526.514472] [AOA] Measurement: 0,1627141143.891301,08:55:31:9b:05:29,2,1,2,0,128,163,536,135,967,215,789,970,650,356,314,280,582,737,848,732,710,14,9,917,498,429,209,102,30,724,547,140,994,259,539,108,495,81,62,64,86,73,74,71,55,62,91,70,65,65,49,78,82,81,75,59,78,37,66,24,43,53,55,62,64,68,58,79,89
[13526.559857] [AOA] Measurement: 0,1627141143.936692,08:55:31:9b:05:29,2,1,2,0,128,192,533,196,980,858,1020,993,677,949,510,364,597,653,761,148,476,5,22,988,564,480,236,104,18,792,549,608,813,711,324,152,586,77,57,57,82,69,70,68,51,57,86,64,67,61,49,77,83,79,76,57,74,35,65,24,45,52,56,61,67,72,64,85,92
[13526.600800] [AOA] Measurement: 0,1627141143.977634,08:55:31:9b:05:29,2,1,2,0,128,202,529,195,1005,297,824,889,587,356,313,294,541,668,822,91,436,1002,961,947,485,506,274,53,1009,713,497,511,709,680,298,732,123,79,60,63,88,73,72,69,54,59,93,70,65,62,49,75,80,81,75,60,78,35,66,23,42,50,54,59,62,68,55,77,89
[13526.645193] [AOA] Measurement: 0,1627141144.022026,08:55:31:9b:05:29,2,1,2,0,128,190,552,219,1003,815,963,4,680,427,329,840,742,688,815,88,461,8,979,973,534,461,207,99,1003,715,544,565,767,719,327,403,790,78,59,61,85,72,73,70,53,60,91,69,68,64,49,78,84,82,77,60,77,37,66,26,46,54,58,62,68,73,63,85,92
[13526.689054] [AOA] Measurement: 0,1627141144.065883,08:55:31:9b:05:29,2,1,2,0,128,153,526,208,1013,808,1007,994,665,976,553,847,810,702,845,97,444,0,994,923,524,512,274,60,974,731,517,547,748,681,336,436,859,79,59,59,84,70,70,68,52,58,88,65,66,61,51,74,79,79,70,56,77,37,67,25,45,53,58,61,66,71,61,85,94
[13526.733062] [AOA] Measurement: 0,1627141144.109892,08:55:31:9b:05:29,2,1,2,0,128,178,541,790,226,812,985,551,852,927,541,855,775,678,842,66,432,6,982,918,531,502,226,165,45,716,522,592,800,710,350,960,365,79,64,65,88,74,74,71,55,62,93,69,63,63,49,78,81,83,75,62,79,36,66,23,43,50,55,61,65,71,60,80,89
[13526.783384] [AOA] Measurement: 0,1627141144.160214,08:55:31:9b:05:29,2,1,2,0,128,127,474,180,1000,331,840,518,843,925,509,345,606,703,816,677,678,102,58,407,658,465,238,95,13,718,549,552,715,648,270,650,131,70,52,52,78,62,66,62,46,53,79,58,63,58,46,71,78,75,67,53,68,34,63,25,45,50,56,59,66,69,60,81,88
[13526.829590] [AOA] Measurement: 0,1627141144.206425,08:55:31:9b:05:29,2,1,2,0,128,207,568,186,1001,270,801,976,664,424,350,360,656,251,28,686,681,575,168,928,483,467,216,109,13,772,541,576,757,742,315,319,650,76,58,61,83,69,72,69,51,59,89,66,68,64,50,78,81,80,73,57,75,37,65,25,45,53,57,62,67,74,63,85,92
[13526.873722] [AOA] Measurement: 0,1627141144.250555,08:55:31:9b:05:29,2,1,2,0,128,778,778,742,192,848,990,564,862,915,527,275,575,698,827,187,502,602,209,502,745,1017,418,658,221,726,549,571,749,239,539,140,489,78,60,61,85,72,74,71,53,60,89,65,68,62,50,77,80,81,75,59,78,35,67,26,46,53,58,63,68,73,62,83,93
[13526.916774] [AOA] Measurement: 0,1627141144.293603,08:55:31:9b:05:29,2,1,2,0,128,142,517,165,982,265,790,995,608,467,348,379,627,642,786,179,483,566,188,454,723,417,203,64,989,754,558,536,739,677,284,655,37,77,59,58,83,70,71,67,52,57,87,64,67,61,49,75,81,78,71,54,73,34,63,24,45,51,55,60,64,73,62,84,90
[13526.968301] [AOA] Measurement: 0,1627141144.345135,08:55:31:9b:05:29,2,1,2,0,128,664,733,727,178,831,1009,529,881,957,539,840,811,281,58,755,719,609,178,536,766,31,461,665,207,333,785,135,974,264,576,513,753,81,66,66,85,75,73,71,56,62,92,68,60,64,48,78,80,80,72,59,78,35,61,23,39,49,52,57,60,67,56,77,88
[13527.014776] [AOA] Measurement: 0,1627141144.391605,08:55:31:9b:05:29,2,1,2,0,128,772,789,707,145,857,981,607,891,941,554,872,766,290,53,708,680,15,1005,534,762,86,486,659,224,271,745,84,935,273,543,454,709,81,66,67,88,74,73,69,56,63,92,69,66,65,49,78,82,83,78,62,78,37,67,25,43,53,56,62,66,72,62,84,95
[13527.054336] [AOA] Measurement: 0,1627141144.431169,08:55:31:9b:05:29,2,1,2,0,128,703,730,681,157,753,949,52,676,352,322,309,564,755,835,725,685,557,168,507,763,47,481,643,201,277,770,455,698,676,236,308,818,79,62,64,86,73,72,69,53,60,91,68,62,65,49,79,82,83,78,60,81,37,63,24,41,48,53,60,63,69,59,79,90
[13527.094604] [AOA] Measurement: 0,1627141144.471440,08:55:31:9b:05:29,2,1,2,0,128,738,732,152,950,200,754,977,622,428,342,928,818,259,17,715,626,16,978,956,475,496,220,168,73,226,686,552,741,724,360,526,996,79,61,65,88,73,71,70,53,61,88,66,64,63,50,77,82,82,76,59,79,37,66,23,43,53,54,63,65,70,61,81,90
[13527.140886] [AOA] Measurement: 0,1627141144.517715,08:55:31:9b:05:29,2,1,2,0,128,674,712,244,13,801,999,525,852,969,540,925,819,321,75,647,644,607,210,489,749,54,482,688,267,295,752,43,910,674,275,152,647,78,65,64,88,75,73,71,54,63,92,70,64,64,49,78,80,83,77,61,80,37,65,24,41,50,52,58,62,66,55,77,85
[13527.185957] [AOA] Measurement: 0,1627141144.562791,08:55:31:9b:05:29,2,1,2,0,128,719,736,115,945,303,831,13,700,870,502,881,784,745,858,698,688,549,199,503,775,28,440,700,240,303,787,101,973,330,636,178,442,79,60,62,83,72,71,70,53,61,89,66,66,63,49,78,83,81,74,58,78,36,66,25,45,52,57,61,66,71,62,84,91
[13527.224294] [AOA] Measurement: 0,1627141144.601129,08:55:31:9b:05:29,2,1,2,0,128,736,758,759,186,811,1013,572,889,948,586,916,856,261,49,665,643,513,155,503,729,460,222,663,201,318,824,83,977,279,585,264,442,77,60,60,84,72,71,68,53,58,88,65,67,63,49,78,82,79,74,57,76,36,65,23,46,53,57,62,66,72,61,85,94
[13527.263119] [AOA] Measurement: 0,1627141144.639953,08:55:31:9b:05:29,2,1,2,0,128,757,775,725,164,191,771,957,631,372,288,271,578,272,31,662,647,979,989,968,537,29,446,665,193,703,516,545,739,715,318,314,605,78,62,63,84,72,72,71,54,62,91,69,65,65,49,79,82,80,76,59,78,37,67,24,43,51,54,59,63,69,57,79,85
[13527.304618] [AOA] Measurement: 0,1627141144.681447,08:55:31:9b:05:29,2,1,2,0,128,197,529,177,971,249,794,44,673,982,550,862,739,294,37,689,679,1006,979,901,445,469,230,106,21,746,543,107,972,235,530,719,992,78,60,61,86,72,73,67,53,60,91,69,66,64,51,79,84,83,78,60,79,38,67,26,44,53,55,63,63,70,62,82,91
[13527.350499] [AOA] Measurement: 0,1627141144.727334,08:55:31:9b:05:29,2,1,2,0,128,761,821,730,162,788,1009,495,838,899,491,297,570,707,817,68,400,967,950,902,432,382,176,92,1007,695,535,550,711,657,280,202,642,81,62,64,87,73,73,70,53,63,89,68,66,62,51,78,83,82,77,59,78,37,68,25,45,51,56,62,66,71,61,83,92
[13527.394978] [AOA] Measurement: 0,1627141144.771813,08:55:31:9b:05:29,2,1,2,0,128,781,780,745,205,859,2,467,797,333,325,870,794,227,14,671,662,547,183,503,775,85,452,697,260,284,767,29,945,670,300,784,162,75,57,56,81,66,71,65,49,56,82,62,66,60,49,74,82,76,70,56,72,35,64,25,46,51,57,59,65,70,60,84,91
[13527.438484] [AOA] Measurement: 0,1627141144.815313,08:55:31:9b:05:29,2,1,2,0,128,762,752,750,193,857,10,523,832,898,514,981,873,223,1,146,452,5,981,1019,570,48,442,635,220,257,758,90,981,279,569,82,412,78,61,61,85,71,72,68,54,59,92,66,66,64,51,79,84,83,76,59,77,36,67,26,45,54,54,63,66,71,62,83,91
[13527.481705] [AOA] Measurement: 0,1627141144.858536,08:55:31:9b:05:29,2,1,2,0,128,784,767,710,172,712,939,24,679,344,308,399,664,266,31,695,678,614,221,529,742,16,415,64,13,296,737,95,986,702,324,877,268,78,59,60,85,70,72,67,51,59,90,65,66,63,50,78,83,82,76,58,78,36,67,24,45,53,57,62,66,73,62,85,92
[13527.526701] [AOA] Measurement: 0,1627141144.903530,08:55:31:9b:05:29,2,1,2,0,128,804,756,759,202,801,967,549,901,1013,575,889,805,252,10,704,655,607,224,479,733,34,458,625,218,281,765,62,950,340,616,512,813,76,59,59,82,69,69,66,51,58,88,65,66,61,49,77,82,81,74,58,76,36,66,25,46,53,58,61,68,73,62,86,93
[13527.573126] [AOA] Measurement: 0,1627141144.949962,08:55:31:9b:05:29,2,1,2,0,128,163,546,142,967,290,836,569,862,938,529,284,581,692,847,146,453,992,971,929,508,493,264,128,46,242,731,493,723,262,534,832,167,79,62,64,86,73,73,69,52,61,88,69,64,64,49,78,81,83,77,62,80,38,66,24,41,50,55,60,64,69,58,78,88
[13527.611774] [AOA] Measurement: 0,1627141144.988608,08:55:31:9b:05:29,2,1,2,0,128,167,516,230,0,230,818,978,663,386,305,285,537,702,826,125,442,993,992,973,526,484,224,142,39,724,526,560,749,267,529,31,457,73,55,57,80,67,69,65,50,55,84,62,65,60,49,74,81,75,71,54,72,35,62,24,44,51,56,60,64,70,61,84,88
[13527.653165] [AOA] Measurement: 0,1627141145.029993,08:55:31:9b:05:29,2,1,2,0,128,683,749,714,173,763,963,640,907,929,515,289,562,731,828,154,506,24,14,977,543,84,511,709,244,295,775,117,969,202,515,369,667,80,63,62,87,74,72,70,53,62,92,67,66,65,50,79,82,83,76,59,79,37,66,25,44,52,58,62,66,70,61,84,93
[13527.699447] [AOA] Measurement: 0,1627141145.076281,08:55:31:9b:05:29,2,1,2,0,128,211,550,160,981,217,753,1001,656,292,217,330,580,727,829,95,446,972,973,939,487,463,236,93,45,688,523,486,662,658,237,146,658,81,63,64,88,73,74,70,55,63,94,70,65,65,50,80,82,83,78,59,80,36,65,22,39,49,52,59,61,69,57,79,89
[13527.743882] [AOA] Measurement: 0,1627141145.120718,08:55:31:9b:05:29,2,1,2,0,128,801,786,728,206,783,986,545,867,905,500,851,769,766,867,136,458,528,135,519,740,1019,411,668,217,761,583,124,967,238,543,844,75,78,58,59,85,70,72,68,51,58,88,66,68,64,50,76,83,79,75,58,76,35,67,24,46,54,58,63,69,73,61,87,92
[13527.788309] [AOA] Measurement: 0,1627141145.165138,08:55:31:9b:05:29,2,1,2,0,128,173,541,145,970,867,8,519,859,925,555,334,626,745,840,711,695,618,228,535,770,1023,444,96,10,736,519,542,761,749,345,267,649,81,63,65,88,73,74,71,54,62,93,70,66,66,50,80,82,84,76,61,80,37,66,25,43,52,56,63,66,74,61,83,92
[13527.833896] [AOA] Measurement: 0,1627141145.210725,08:55:31:9b:05:29,2,1,2,0,128,767,773,680,129,772,959,14,669,371,319,284,575,729,804,133,468,40,1023,497,728,540,258,657,208,275,760,27,882,731,347,225,556,78,60,61,85,69,72,68,52,59,89,66,66,63,49,75,81,81,73,58,76,36,66,25,45,53,55,61,66,72,62,83,93
[13527.884260] [AOA] Measurement: 0,1627141145.261089,08:55:31:9b:05:29,2,1,2,0,128,166,525,155,979,293,820,1013,666,326,267,299,588,734,897,702,674,16,1004,983,526,417,198,37,1000,683,506,549,762,667,293,460,870,81,63,63,87,75,72,71,55,61,93,69,63,63,50,79,81,83,77,60,80,36,67,24,41,51,53,60,64,70,58,81,87
[13527.931878] [AOA] Measurement: 0,1627141145.308706,08:55:31:9b:05:29,2,1,2,0,128,157,507,184,997,312,842,1001,654,351,306,285,592,758,816,176,510,10,979,487,730,28,443,628,199,239,727,544,755,673,283,835,244,81,62,65,87,73,73,71,55,62,92,70,64,64,51,80,86,83,76,59,79,36,66,25,42,53,55,63,65,73,62,81,90
[13527.982050] [AOA] Measurement: 0,1627141145.358878,08:55:31:9b:05:29,2,1,2,0,128,202,562,205,1017,300,831,568,838,421,354,346,630,225,7,607,653,570,191,453,690,527,268,636,191,238,718,102,990,224,485,272,565,76,56,57,83,69,70,68,50,57,88,64,65,61,48,74,80,78,73,58,77,35,66,25,45,52,57,62,66,72,61,84,92
[13528.034149] [AOA] Measurement: 0,1627141145.410979,08:55:31:9b:05:29,2,1,2,0,128,734,723,149,976,259,798,1018,660,924,500,314,556,710,858,135,458,987,971,963,560,525,232,156,22,203,747,70,972,294,575,599,924,80,63,64,87,75,74,69,56,63,93,70,66,64,50,79,84,84,77,59,79,36,67,25,45,53,56,62,68,73,61,85,91
[13528.072998] [AOA] Measurement: 0,1627141145.449834,08:55:31:9b:05:29,2,1,2,0,128,653,671,182,1015,809,1004,542,833,414,355,319,609,738,855,109,480,1021,1005,985,529,0,417,141,41,272,785,36,935,186,508,382,810,78,58,58,83,68,70,68,51,57,86,65,68,61,50,73,81,78,72,55,73,35,65,24,46,51,56,60,66,70,61,84,92
[13528.118605] [AOA] Measurement: 0,1627141145.495439,08:55:31:9b:05:29,2,1,2,0,128,186,537,125,959,217,801,1007,626,430,375,890,766,670,799,75,414,963,963,900,457,472,242,68,991,752,547,487,701,709,302,548,10,78,60,60,83,71,71,68,53,58,89,67,67,64,50,78,81,81,75,58,76,36,67,25,45,54,57,62,67,72,63,86,94
[13528.162679] [AOA] Measurement: 0,1627141145.539515,08:55:31:9b:05:29,2,1,2,0,128,782,788,672,115,228,788,18,715,927,487,906,832,273,43,130,465,27,1016,993,558,58,456,663,231,244,743,143,978,200,518,141,430,80,62,63,87,73,73,70,53,61,89,67,67,63,50,80,84,84,77,61,79,37,67,25,46,54,59,63,67,72,61,85,94
[13528.206932] [AOA] Measurement: 0,1627141145.583767,08:55:31:9b:05:29,2,1,2,0,128,189,568,743,173,828,6,494,841,905,508,905,815,229,16,715,697,525,160,992,547,165,547,702,273,250,751,81,992,183,500,188,659,78,59,60,81,71,71,69,53,59,89,67,68,64,50,77,83,82,75,59,78,36,66,25,46,52,57,62,66,72,60,86,91
[13528.251018] [AOA] Measurement: 0,1627141145.627846,08:55:31:9b:05:29,2,1,2,0,128,697,728,734,189,815,1015,528,842,885,499,326,586,713,837,176,472,583,181,506,744,34,472,632,206,728,543,558,768,271,538,646,978,73,56,55,81,67,69,65,50,56,85,63,67,62,49,76,81,78,72,57,75,35,66,24,47,53,57,61,66,72,62,83,92
[13528.298622] [AOA] Measurement: 0,1627141145.675458,08:55:31:9b:05:29,2,1,2,0,128,702,699,249,39,887,14,577,880,966,554,822,750,312,33,737,668,605,214,530,754,65,445,640,188,723,521,572,769,324,579,297,630,80,60,62,85,72,72,68,52,60,89,68,67,64,50,78,83,82,76,58,77,35,66,24,45,52,56,62,66,73,62,84,92
[13528.409776] [AOA] Measurement: 0,1627141145.786608,08:55:31:9b:05:29,2,1,2,0,128,777,764,681,113,261,781,61,688,390,312,345,592,694,884,703,681,573,169,490,714,465,189,38,988,705,534,563,726,751,329,73,460,81,62,64,87,74,74,68,54,61,89,67,64,63,49,78,82,83,77,61,80,36,68,25,45,51,56,62,66,72,61,83,92
[13528.460002] [AOA] Measurement: 0,1627141145.836833,08:55:31:9b:05:29,2,1,2,0,128,721,741,737,160,227,755,992,636,394,327,339,610,738,859,651,650,589,189,543,767,25,454,617,212,231,708,58,957,689,309,659,151,79,61,63,85,70,72,69,53,60,89,67,63,63,48,78,80,81,75,59,78,36,62,24,40,51,54,61,65,69,59,81,90
[13528.502908] [AOA] Measurement: 0,1627141145.879739,08:55:31:9b:05:29,2,1,2,0,128,777,762,717,134,761,971,592,890,904,482,366,616,304,80,714,656,4,1016,489,703,109,528,693,265,174,730,104,970,266,572,288,568,79,62,63,87,72,72,69,54,60,91,68,64,63,48,76,81,80,76,60,79,35,65,25,41,49,54,59,65,68,59,80,91
[13528.550964] [AOA] Measurement: 0,1627141145.927793,08:55:31:9b:05:29,2,1,2,0,128,190,568,731,150,839,1004,949,638,948,551,895,832,259,7,697,692,1,978,518,725,480,227,131,42,691,464,538,736,328,538,165,401,79,62,63,86,72,72,71,54,60,91,69,65,64,48,79,82,83,76,61,80,37,66,24,45,52,56,63,67,71,60,82,92
[13528.593919] [AOA] Measurement: 0,1627141145.970754,08:55:31:9b:05:29,2,1,2,0,128,159,527,212,1011,863,24,586,923,25,612,868,809,268,70,660,663,591,201,544,790,69,492,758,288,251,742,107,950,235,526,454,626,80,62,64,87,74,73,71,55,63,91,68,67,63,50,80,84,82,77,61,81,36,69,24,45,53,57,62,68,71,62,85,94
[13528.637755] [AOA] Measurement: 0,1627141146.014589,08:55:31:9b:05:29,2,1,2,0,128,792,786,759,182,763,968,523,852,917,512,948,862,323,56,667,659,577,142,965,519,508,237,88,19,727,575,100,980,206,508,731,140,77,59,62,83,70,71,68,52,59,88,66,67,62,50,77,82,82,77,60,79,37,66,25,45,52,56,62,64,72,60,84,89
[13528.681245] [AOA] Measurement: 0,1627141146.058080,08:55:31:9b:05:29,2,1,2,0,128,764,745,172,993,820,997,556,868,902,499,950,855,220,0,651,656,37,22,516,750,1022,446,97,15,229,753,76,961,287,590,745,22,81,61,63,86,73,73,70,54,61,90,69,65,64,49,78,82,82,78,62,80,37,67,26,44,52,55,62,66,71,60,82,92
[13528.719764] [AOA] Measurement: 0,1627141146.096593,08:55:31:9b:05:29,2,1,2,0,128,179,524,154,961,293,832,973,637,392,324,864,778,263,34,703,721,1009,983,967,507,471,227,114,992,700,532,556,750,687,332,112,473,74,55,57,79,68,69,65,48,56,84,62,67,60,49,75,80,78,71,57,76,35,64,25,45,53,56,62,68,73,62,85,92
[13528.764051] [AOA] Measurement: 0,1627141146.140879,08:55:31:9b:05:29,2,1,2,0,128,184,512,128,996,249,794,557,866,337,287,853,749,717,834,67,443,987,958,904,495,407,191,109,986,714,549,124,975,205,502,469,738,77,60,59,83,68,70,68,53,60,89,67,66,62,51,77,84,79,76,59,79,36,67,25,46,53,57,63,67,73,63,84,94
[13528.817450] [AOA] Measurement: 0,1627141146.194278,08:55:31:9b:05:29,2,1,2,0,128,634,686,729,134,812,974,1008,633,422,373,889,810,223,1012,753,715,600,215,450,718,958,361,122,1008,768,562,535,774,288,553,44,359,78,63,62,85,73,73,70,54,60,90,67,67,64,50,78,79,80,74,58,77,35,65,25,45,51,56,63,66,72,63,84,93
[13528.862075] [AOA] Measurement: 0,1627141146.238908,08:55:31:9b:05:29,2,1,2,0,128,762,777,672,167,786,955,615,920,926,507,822,780,285,39,752,737,582,220,479,722,50,436,107,12,754,545,585,793,313,587,627,903,71,53,54,77,65,67,63,47,52,83,60,65,56,47,71,76,74,67,52,71,35,63,24,45,50,55,61,66,69,61,84,92
[13528.900738] [AOA] Measurement: 0,1627141146.277573,08:55:31:9b:05:29,2,1,2,0,128,787,792,732,154,846,1013,570,890,1004,600,915,821,192,2,100,422,621,221,547,749,40,453,659,236,322,771,104,998,245,558,780,46,80,60,63,87,72,73,70,53,59,89,67,67,64,51,78,83,80,74,58,77,35,65,26,46,53,57,61,66,72,63,85,94
[13528.944634] [AOA] Measurement: 0,1627141146.321470,08:55:31:9b:05:29,2,1,2,0,128,147,483,187,1008,270,792,1014,653,390,318,273,580,716,845,752,727,573,184,453,681,496,223,95,1,725,503,630,768,722,352,327,704,80,63,65,87,72,74,68,54,61,90,67,64,63,49,76,81,83,76,59,80,37,65,24,42,50,55,61,64,70,60,82,90
[13528.988686] [AOA] Measurement: 0,1627141146.365519,08:55:31:9b:05:29,2,1,2,0,128,702,710,714,151,767,972,547,874,347,288,313,613,714,823,718,708,569,206,474,715,1000,377,45,979,692,515,526,722,693,347,865,299,76,58,58,83,68,71,67,52,58,86,64,66,62,49,76,83,81,73,57,76,35,66,26,45,51,57,60,66,72,62,84,93
[13529.033349] [AOA] Measurement: 0,1627141146.410183,08:55:31:9b:05:29,2,1,2,0,128,758,787,757,209,844,16,541,843,13,605,984,868,293,50,776,708,626,239,532,764,1014,407,656,213,222,710,159,996,291,558,630,1010,77,58,58,83,69,72,68,50,59,88,63,66,62,50,77,81,82,73,58,76,36,67,25,45,53,58,62,67,72,61,84,92
[13529.076259] [AOA] Measurement: 0,1627141146.453090,08:55:31:9b:05:29,2,1,2,0,128,197,559,170,979,275,782,53,720,949,549,975,863,250,19,730,680,663,263,502,773,41,488,668,223,196,671,547,776,277,553,662,985,79,64,64,86,75,73,71,55,62,92,69,62,64,48,78,82,81,77,61,78,35,64,23,42,49,53,59,63,69,58,80,92
[13529.128480] [AOA] Measurement: 0,1627141146.505314,08:55:31:9b:05:29,2,1,2,0,128,746,778,734,157,777,974,554,875,938,542,842,755,711,842,152,461,10,1003,501,788,978,387,112,17,771,577,542,768,733,342,655,15,77,63,63,85,72,73,70,54,61,90,69,66,64,49,80,83,82,77,60,81,37,68,26,45,51,56,62,65,72,60,82,93
[13529.166732] [AOA] Measurement: 0,1627141146.543568,08:55:31:9b:05:29,2,1,2,0,128,734,753,714,146,802,999,508,829,971,539,896,791,272,37,692,673,577,166,491,729,16,458,683,231,283,786,120,1001,348,630,896,52,76,57,57,81,67,69,67,50,56,85,63,67,60,50,74,81,80,73,57,72,36,65,24,45,52,58,63,67,72,63,86,91
[13529.210685] [AOA] Measurement: 0,1627141146.587517,08:55:31:9b:05:29,2,1,2,0,128,775,767,701,144,773,974,18,673,363,327,894,849,257,28,695,688,560,152,484,697,450,232,101,18,756,536,114,985,270,597,399,699,78,61,62,87,71,72,69,54,60,90,68,67,64,49,78,83,83,74,60,78,36,66,25,46,54,58,63,68,73,63,86,94
[13529.249087] [AOA] Measurement: 0,1627141146.625922,08:55:31:9b:05:29,2,1,2,0,128,735,741,778,204,872,1014,544,841,995,585,885,812,273,20,677,680,617,240,555,797,81,525,622,212,273,731,94,963,213,516,956,234,79,60,62,84,69,71,70,52,60,91,69,66,65,51,77,82,84,76,60,80,38,67,25,44,52,56,62,66,71,60,82,89
[13529.293872] [AOA] Measurement: 0,1627141146.670703,08:55:31:9b:05:29,2,1,2,0,128,213,567,188,1018,795,1010,590,873,934,529,838,737,258,18,646,649,69,20,480,706,521,279,137,55,731,539,105,970,238,530,886,224,80,61,64,85,73,74,72,54,59,89,67,66,64,50,79,83,83,77,59,79,37,67,25,45,53,56,63,68,74,63,85,94
[13529.344294] [AOA] Measurement: 0,1627141146.721122,08:55:31:9b:05:29,2,1,2,0,128,750,758,653,163,241,820,979,609,396,357,300,581,754,875,747,692,577,197,474,704,50,450,686,229,240,755,95,935,213,459,921,300,83,64,65,87,74,73,71,54,62,93,69,65,65,49,80,84,84,77,60,81,37,67,25,44,52,57,64,67,73,61,84,91
[13529.388515] [AOA] Measurement: 0,1627141146.765348,08:55:31:9b:05:29,2,1,2,0,128,753,773,748,196,817,1020,555,846,932,537,861,800,719,864,180,445,21,19,494,726,1016,383,126,28,328,804,53,952,244,527,631,891,77,59,60,83,69,69,68,51,59,87,64,68,62,50,77,81,79,74,56,75,36,66,25,45,53,57,61,67,71,61,85,92
[13529.432743] [AOA] Measurement: 0,1627141146.809578,08:55:31:9b:05:29,2,1,2,0,128,126,521,218,1016,852,6,570,879,977,582,876,819,248,54,680,677,559,189,978,542,509,248,617,169,293,728,68,973,324,580,694,1009,77,58,59,83,69,70,68,52,59,88,64,65,63,49,78,81,81,74,57,78,35,67,25,46,53,58,62,68,72,63,85,93
[13529.488354] [AOA] Measurement: 0,1627141146.865157,08:55:31:9b:05:29,2,1,2,0,128,164,483,224,16,225,805,16,675,983,545,887,786,231,19,97,403,957,968,896,486,587,336,36,997,693,492,577,745,219,523,261,611,76,58,60,85,68,69,66,51,57,90,66,66,62,50,76,81,81,74,58,77,35,66,26,45,53,56,62,65,71,60,82,93
[13529.552979] [AOA] Measurement: 0,1627141146.929810,08:55:31:9b:05:29,2,1,2,0,128,718,720,670,161,822,999,581,923,979,581,945,856,228,31,719,708,519,140,477,742,470,248,679,230,323,759,72,962,266,551,0,408,78,59,63,86,73,72,70,54,60,91,68,68,62,49,75,81,82,75,60,79,37,69,24,45,53,58,62,66,72,62,83,93
[13529.598246] [AOA] Measurement: 0,1627141146.975080,08:55:31:9b:05:29,2,1,2,0,128,123,532,193,1023,795,967,26,691,419,323,314,596,784,835,712,691,537,176,516,768,42,450,651,213,703,574,492,692,742,349,805,153,76,59,62,84,71,72,67,53,58,89,66,67,62,49,76,83,81,76,57,78,36,65,25,45,51,58,63,65,73,62,84,95
[13529.642615] [AOA] Measurement: 0,1627141147.019450,08:55:31:9b:05:29,2,1,2,0,128,209,579,136,948,269,817,45,679,977,563,918,844,289,68,642,631,18,11,873,494,477,214,85,1014,757,538,532,746,728,325,508,1018,78,59,63,84,71,72,70,53,60,89,67,64,63,50,79,81,83,77,60,81,36,67,24,43,51,56,62,66,72,61,84,90
[13529.685326] [AOA] Measurement: 0,1627141147.062155,08:55:31:9b:05:29,2,1,2,0,128,721,758,146,1010,210,798,14,676,362,312,923,848,271,47,702,687,577,203,481,746,59,484,641,187,293,752,554,772,307,608,999,302,80,63,63,85,72,73,71,54,62,93,70,63,64,50,76,80,80,74,59,79,36,66,24,41,52,53,60,63,68,57,78,88
[13529.729476] [AOA] Measurement: 0,1627141147.106306,08:55:31:9b:05:29,2,1,2,0,128,759,748,717,145,790,994,970,615,469,361,289,591,751,859,697,705,566,179,460,681,52,443,592,165,275,728,539,746,689,330,538,858,76,58,60,82,71,72,68,52,60,89,64,66,61,50,78,83,81,76,58,77,36,67,27,46,54,58,62,67,73,62,85,92
[13529.775001] [AOA] Measurement: 0,1627141147.151831,08:55:31:9b:05:29,2,1,2,0,128,780,750,815,218,786,1010,613,905,905,517,325,578,280,80,692,673,616,227,594,762,55,487,657,226,297,763,69,932,290,557,320,634,75,56,55,79,67,69,65,48,55,85,63,65,58,47,74,80,77,70,54,72,35,65,24,45,51,55,59,64,71,60,85,89
[13529.825577] [AOA] Measurement: 0,1627141147.202405,08:55:31:9b:05:29,2,1,2,0,128,199,556,754,195,863,39,553,887,854,463,332,626,272,49,745,729,551,130,557,755,102,510,641,213,310,772,107,974,207,511,309,654,76,59,60,83,71,73,69,52,61,91,67,67,64,51,79,84,82,76,59,77,36,66,25,44,52,59,63,67,74,62,85,93
[13529.868657] [AOA] Measurement: 0,1627141147.245486,08:55:31:9b:05:29,2,1,2,0,128,768,805,740,163,824,1004,558,896,0,588,918,819,305,82,788,778,667,217,537,794,55,442,680,219,303,779,117,955,221,540,599,858,74,57,57,82,65,69,65,50,55,84,62,66,59,49,76,79,77,70,53,72,34,63,25,45,51,56,59,67,71,61,83,90
[13529.914114] [AOA] Measurement: 0,1627141147.290949,08:55:31:9b:05:29,2,1,2,0,128,703,726,225,22,787,972,13,686,425,339,342,634,258,23,646,652,595,208,404,661,501,212,96,12,736,537,583,797,278,539,572,910,77,59,59,83,71,71,68,52,57,86,66,66,62,50,76,82,77,72,54,72,35,66,24,46,52,58,62,67,73,62,85,91
[13529.956024] [AOA] Measurement: 0,1627141147.332854,08:55:31:9b:05:29,2,1,2,0,128,155,531,776,206,839,1018,498,840,375,283,355,609,247,29,681,642,983,983,909,461,530,264,110,29,695,497,541,714,687,316,570,949,79,63,65,85,73,71,70,53,62,91,68,62,64,47,77,83,81,75,60,77,36,65,23,40,50,52,60,60,68,56,78,87
[13529.994254] [AOA] Measurement: 0,1627141147.371089,08:55:31:9b:05:29,2,1,2,0,128,158,513,118,941,255,800,561,860,390,317,336,588,239,41,83,438,60,17,513,697,480,226,72,1020,271,735,589,770,202,536,736,960,77,58,61,85,71,72,67,53,60,90,68,64,63,49,79,81,82,77,60,80,37,66,25,45,53,57,64,66,73,61,85,95
[13530.032577] [AOA] Measurement: 0,1627141147.409412,08:55:31:9b:05:29,2,1,2,0,128,693,713,724,163,806,962,978,633,425,338,955,822,250,20,677,658,538,145,964,515,525,229,139,17,307,790,111,964,216,510,368,798,80,65,63,86,73,74,70,54,61,90,69,65,64,50,79,84,84,76,61,79,38,65,24,43,51,55,60,64,70,59,81,92
[13530.071012] [AOA] Measurement: 0,1627141147.447848,08:55:31:9b:05:29,2,1,2,0,128,177,528,189,974,828,991,537,903,919,477,307,552,699,816,134,454,997,961,954,553,422,168,59,979,751,526,560,764,653,286,617,76,81,61,65,86,72,72,69,55,60,90,67,66,65,51,79,84,82,76,59,80,36,66,25,43,52,56,62,66,70,61,84,93
[13530.109626] [AOA] Measurement: 0,1627141147.486462,08:55:31:9b:05:29,2,1,2,0,128,731,749,721,202,846,1007,579,885,966,546,880,796,279,62,717,686,575,173,462,699,500,227,718,274,320,807,25,878,242,529,969,346,74,57,58,81,70,69,67,52,58,85,65,66,61,48,77,82,81,75,57,76,37,64,24,44,52,55,63,67,72,63,85,93
[13530.148875] [AOA] Measurement: 0,1627141147.525704,08:55:31:9b:05:29,2,1,2,0,128,769,773,793,198,815,3,444,803,351,339,369,640,263,65,719,713,613,179,504,744,20,454,607,200,737,550,557,807,649,292,333,762,73,55,57,80,68,70,67,50,58,85,64,66,62,49,75,80,79,73,54,75,34,65,24,46,52,57,60,66,69,61,83,90
[13530.196548] [AOA] Measurement: 0,1627141147.573384,08:55:31:9b:05:29,2,1,2,0,128,744,763,741,171,866,30,512,849,930,517,929,806,300,95,686,676,557,155,987,552,458,191,187,109,275,763,592,772,273,589,978,225,74,56,55,79,66,69,66,49,54,82,62,65,60,49,75,80,76,70,54,73,34,64,24,45,53,57,59,67,70,60,83,89
[13530.239524] [AOA] Measurement: 0,1627141147.616360,08:55:31:9b:05:29,2,1,2,0,128,751,768,762,201,800,993,563,853,955,533,926,838,276,32,747,675,569,191,472,725,547,286,127,30,246,763,105,974,272,581,605,830,72,55,54,77,65,67,64,49,55,83,62,65,60,49,74,79,76,71,56,73,34,65,24,45,52,57,62,66,73,63,84,91
[13530.280833] [AOA] Measurement: 0,1627141147.657664,08:55:31:9b:05:29,2,1,2,0,128,659,706,142,941,303,841,991,636,386,362,924,820,256,26,659,656,522,180,494,765,28,430,617,184,303,752,542,774,256,546,164,382,81,62,63,88,74,72,70,54,61,92,69,65,64,48,78,82,83,77,58,79,36,64,23,42,51,54,61,65,71,60,80,93
[13530.323466] [AOA] Measurement: 0,1627141147.700295,08:55:31:9b:05:29,2,1,2,0,128,761,728,741,157,214,780,1001,662,980,570,868,806,702,840,99,447,25,1000,945,550,542,290,666,219,285,769,138,991,277,574,621,830,71,53,53,76,65,67,64,47,55,83,59,63,58,47,72,77,74,67,52,70,33,62,24,45,50,54,57,63,69,59,81,87
[13530.364133] [AOA] Measurement: 0,1627141147.740969,08:55:31:9b:05:29,2,1,2,0,128,138,497,202,1015,822,1008,990,654,403,348,890,792,217,1016,694,663,592,188,931,500,502,244,132,24,232,701,540,744,653,268,224,781,79,60,60,83,71,73,71,54,61,93,69,66,64,51,79,84,85,75,59,78,37,68,25,46,53,58,62,67,70,62,86,95
[13530.409255] [AOA] Measurement: 0,1627141147.786090,08:55:31:9b:05:29,2,1,2,0,128,156,510,118,954,269,811,6,716,905,497,369,642,171,1013,135,482,978,988,960,547,500,256,158,49,311,734,60,945,249,554,14,335,76,62,61,86,70,71,69,53,62,92,67,64,64,50,79,82,83,76,59,79,35,66,24,43,50,54,61,65,69,59,81,91
[13530.456021] [AOA] Measurement: 0,1627141147.832854,08:55:31:9b:05:29,2,1,2,0,128,704,699,167,993,291,805,585,871,954,538,875,815,257,17,638,630,615,208,466,711,8,456,673,238,323,803,62,1013,287,608,61,424,79,59,61,86,70,73,70,53,61,89,67,66,62,50,76,82,82,77,58,79,37,68,25,44,53,56,62,66,72,60,83,92
[13530.496482] [AOA] Measurement: 0,1627141147.873317,08:55:31:9b:05:29,2,1,2,0,128,659,683,156,992,267,805,1007,649,460,318,345,630,721,855,686,675,593,215,574,794,15,426,671,245,206,698,495,736,733,340,1005,335,78,62,64,87,72,71,70,54,60,89,65,63,61,47,78,82,83,76,59,78,37,64,23,42,50,54,60,63,68,58,80,86
[13530.539572] [AOA] Measurement: 0,1627141147.916400,08:55:31:9b:05:29,2,1,2,0,128,121,476,148,933,196,753,1010,642,310,260,280,539,735,844,180,488,6,1001,952,478,521,294,629,150,750,544,24,888,675,296,539,955,75,59,58,81,68,71,67,51,59,86,65,66,62,50,76,81,79,75,59,77,35,66,26,45,54,58,63,67,73,63,85,93
[13530.578346] [AOA] Measurement: 0,1627141147.955180,08:55:31:9b:05:29,2,1,2,0,128,784,753,727,196,838,1015,579,871,995,593,902,834,248,8,680,673,972,974,987,517,413,183,164,56,280,757,73,952,262,552,958,140,75,58,58,82,69,70,68,52,58,88,66,66,61,50,76,80,81,74,57,76,36,66,25,44,53,58,62,68,73,61,85,93
[13530.622354] [AOA] Measurement: 0,1627141147.999189,08:55:31:9b:05:29,2,1,2,0,128,131,501,130,952,263,787,44,666,300,284,322,578,671,787,87,412,56,27,473,719,442,214,85,35,751,566,587,766,221,486,417,845,78,60,60,86,71,70,70,54,59,87,66,67,62,50,76,83,81,73,58,76,35,65,25,46,53,57,62,67,72,62,84,92
[13530.672661] [AOA] Measurement: 0,1627141148.049493,08:55:31:9b:05:29,2,1,2,0,128,706,714,714,156,848,1005,531,865,931,513,971,844,213,1015,738,694,491,156,936,482,480,260,106,26,272,718,95,932,236,555,921,246,77,58,60,84,70,71,69,51,60,89,67,67,61,51,77,83,80,72,59,77,36,66,25,45,51,57,61,66,70,61,85,92
[13530.727447] [AOA] Measurement: 0,1627141148.104281,08:55:31:9b:05:29,2,1,2,0,128,762,765,706,160,824,1012,512,815,907,529,889,799,280,55,710,671,615,214,425,710,73,488,688,220,298,775,123,963,263,558,161,483,79,62,63,86,71,70,68,52,60,92,68,61,62,49,76,80,82,75,60,77,34,64,24,41,50,52,58,61,67,56,74,87
[13530.770103] [AOA] Measurement: 0,1627141148.146934,08:55:31:9b:05:29,2,1,2,0,128,677,730,753,201,764,959,37,709,955,517,309,604,789,878,694,707,530,140,491,720,67,475,672,253,222,734,122,960,249,546,761,9,79,63,64,87,76,72,71,56,60,92,69,64,66,49,79,80,83,78,61,80,36,66,25,42,52,54,62,65,69,60,82,91
[13530.808658] [AOA] Measurement: 0,1627141148.185492,08:55:31:9b:05:29,2,1,2,0,128,167,532,139,979,231,836,586,865,982,563,834,749,674,817,125,435,4,1006,915,487,480,239,76,23,809,586,535,748,227,511,220,563,80,60,60,83,68,70,68,52,60,88,65,67,62,49,78,81,81,74,57,78,35,66,26,44,52,54,62,66,72,61,85,94
[13530.853020] [AOA] Measurement: 0,1627141148.229854,08:55:31:9b:05:29,2,1,2,0,128,188,559,146,992,767,993,1017,692,298,264,375,662,760,877,618,620,33,1006,517,749,1,446,665,219,212,699,90,962,272,562,894,142,78,60,61,84,70,71,70,52,60,88,66,67,64,51,75,80,80,75,58,78,36,65,25,46,55,59,64,66,72,62,87,93
[13530.895443] [AOA] Measurement: 0,1627141148.272272,08:55:31:9b:05:29,2,1,2,0,128,708,688,741,162,755,964,518,822,349,295,340,602,757,836,116,465,25,22,920,493,115,491,690,211,230,715,561,736,696,305,832,238,76,58,59,82,68,70,67,52,58,88,66,67,62,50,77,82,81,74,58,76,36,66,26,46,53,58,62,66,72,63,85,93
[13530.939414] [AOA] Measurement: 0,1627141148.316244,08:55:31:9b:05:29,2,1,2,0,128,805,817,670,119,242,785,47,705,359,341,248,520,797,875,678,669,535,154,554,798,24,453,693,239,202,731,548,765,715,312,515,990,78,61,62,87,73,72,68,54,61,89,68,67,62,50,78,83,82,76,59,78,37,67,25,46,53,58,62,67,73,62,86,92
[13530.982669] [AOA] Measurement: 0,1627141148.359498,08:55:31:9b:05:29,2,1,2,0,128,764,792,760,196,786,976,558,914,912,512,881,796,713,882,703,662,575,167,523,745,383,175,145,63,769,568,87,959,218,492,816,72,78,60,61,84,70,72,69,52,58,89,66,66,63,50,78,83,83,74,58,77,36,64,25,45,53,58,60,67,73,61,84,92
[13531.032896] [AOA] Measurement: 0,1627141148.409727,08:55:31:9b:05:29,2,1,2,0,128,750,747,141,1007,812,21,540,853,402,346,869,761,704,849,730,709,545,187,485,733,1020,394,713,260,287,778,138,1000,237,538,1003,280,76,58,58,83,70,71,68,52,58,85,63,67,62,48,75,80,77,71,56,74,34,66,25,45,51,56,62,65,72,62,83,89
[13531.088277] [AOA] Measurement: 0,1627141148.465109,08:55:31:9b:05:29,2,1,2,0,128,688,710,175,980,218,753,1009,674,2,554,851,791,266,43,712,694,606,222,487,732,2,416,637,194,272,740,89,960,693,347,278,760,76,57,58,82,68,69,66,51,57,86,65,66,62,49,76,81,82,75,59,76,35,66,25,44,52,57,61,65,72,61,85,93
[13531.131437] [AOA] Measurement: 0,1627141148.508269,08:55:31:9b:05:29,2,1,2,0,128,738,764,672,139,775,990,511,828,925,519,909,812,338,91,801,763,585,207,557,779,121,530,685,225,324,813,61,969,248,566,251,509,80,61,64,85,73,73,70,54,60,91,67,68,64,50,77,83,82,77,59,79,36,67,25,46,53,56,64,67,74,62,88,96
[13531.174462] [AOA] Measurement: 0,1627141148.551292,08:55:31:9b:05:29,2,1,2,0,128,177,488,175,978,297,845,1009,670,396,349,315,614,720,852,163,463,11,994,969,529,486,263,107,31,735,522,564,753,725,294,1010,414,79,61,62,86,71,72,69,54,61,92,69,66,63,50,77,81,81,76,60,79,37,67,25,44,54,55,61,67,72,61,83,94
[13531.225100] [AOA] Measurement: 0,1627141148.601929,08:55:31:9b:05:29,2,1,2,0,128,717,729,735,151,816,994,500,860,908,500,290,570,742,867,658,677,59,7,475,726,75,466,636,198,301,766,48,940,247,538,701,126,78,61,62,85,72,74,69,55,59,92,68,66,64,50,77,82,82,75,60,78,38,66,25,44,52,56,62,65,70,60,79,91
[13531.267993] [AOA] Measurement: 0,1627141148.644823,08:55:31:9b:05:29,2,1,2,0,128,161,525,166,1008,272,786,960,630,369,316,384,611,726,844,169,498,28,13,954,549,493,250,674,213,288,774,63,931,667,262,438,920,78,60,59,84,70,71,68,52,59,89,65,65,62,51,77,82,81,75,57,76,36,66,24,46,53,57,62,67,71,62,85,92
[13531.315575] [AOA] Measurement: 0,1627141148.692409,08:55:31:9b:05:29,2,1,2,0,128,743,752,161,981,250,787,996,624,421,330,409,646,359,77,685,655,552,157,515,741,1008,422,77,19,741,555,515,744,306,557,151,478,81,61,63,86,72,72,71,54,62,93,70,63,65,49,77,82,83,76,60,81,36,65,23,41,51,53,61,63,69,60,81,88
[13531.355762] [AOA] Measurement: 0,1627141148.732596,08:55:31:9b:05:29,2,1,2,0,128,708,770,697,128,778,964,1011,655,417,382,299,577,672,816,81,424,988,957,1007,545,535,286,71,1,713,517,518,702,701,314,174,624,78,60,62,86,71,74,69,54,62,90,68,68,64,51,78,81,80,74,60,78,38,68,25,47,53,57,62,67,72,62,84,94
[13531.399859] [AOA] Measurement: 0,1627141148.776694,08:55:31:9b:05:29,2,1,2,0,128,792,781,755,209,810,1012,527,805,930,523,319,603,730,848,165,495,618,222,537,772,28,452,723,279,271,733,115,977,217,515,222,535,72,54,56,79,65,69,65,49,53,82,59,66,57,47,72,77,74,70,52,70,33,63,24,44,50,55,57,65,70,59,82,86
[13531.438541] [AOA] Measurement: 0,1627141148.815374,08:55:31:9b:05:29,2,1,2,0,128,126,478,177,1023,314,800,20,681,999,586,924,836,201,6,636,640,18,989,496,699,498,235,692,251,263,763,117,930,243,533,97,446,79,60,63,85,73,73,70,54,61,92,68,67,64,51,78,82,81,75,59,80,37,67,24,43,52,55,61,65,73,62,86,94
[13531.482641] [AOA] Measurement: 0,1627141148.859474,08:55:31:9b:05:29,2,1,2,0,128,753,765,718,147,803,1016,521,837,969,537,880,809,293,78,693,687,541,152,499,716,509,205,119,33,290,823,28,972,193,524,349,719,79,59,61,83,70,72,67,52,59,90,66,66,64,50,78,83,82,75,59,77,35,67,24,45,52,58,63,68,73,63,85,95
[13531.524968] [AOA] Measurement: 0,1627141148.901797,08:55:31:9b:05:29,2,1,2,0,128,700,712,161,989,291,841,577,881,912,525,913,836,243,40,648,665,567,200,924,537,34,473,646,202,292,787,67,947,300,549,436,796,80,63,64,85,73,73,71,54,61,92,69,63,64,49,76,81,84,77,60,80,36,66,24,44,49,53,59,63,68,60,77,89
[13531.576617] [AOA] Measurement: 0,1627141148.953451,08:55:31:9b:05:29,2,1,2,0,128,232,539,167,970,226,775,1009,644,420,355,913,840,305,51,725,708,592,219,514,747,32,435,657,195,223,725,508,749,677,301,295,766,78,61,61,86,72,72,70,53,61,91,68,69,63,50,79,83,82,75,59,80,38,68,25,45,53,57,63,66,72,62,85,91
[13531.622738] [AOA] Measurement: 0,1627141148.999571,08:55:31:9b:05:29,2,1,2,0,128,752,777,768,196,860,1012,581,890,1022,607,841,788,298,74,672,671,621,231,509,739,85,521,676,251,263,751,30,918,657,323,212,674,77,60,59,83,70,72,70,53,60,88,67,66,64,50,76,80,79,76,59,77,36,66,26,44,52,54,63,66,72,60,83,92
[13531.671259] [AOA] Measurement: 0,1627141149.048089,08:55:31:9b:05:29,2,1,2,0,128,102,443,217,998,267,794,64,710,938,553,872,755,208,1021,90,421,995,982,940,471,469,229,184,43,723,538,541,724,672,296,781,306,75,58,57,82,68,70,66,49,55,86,63,66,61,50,76,80,77,73,54,71,36,65,24,46,50,57,60,64,70,60,81,91
[13531.715466] [AOA] Measurement: 0,1627141149.092299,08:55:31:9b:05:29,2,1,2,0,128,720,737,736,165,770,977,557,901,927,517,873,770,756,865,686,662,583,193,497,731,492,234,139,33,242,733,145,973,235,527,240,620,77,59,59,83,68,71,68,50,57,88,66,68,62,51,76,81,79,75,57,76,35,67,26,45,52,57,61,68,73,63,86,93
[13531.759210] [AOA] Measurement: 0,1627141149.136040,08:55:31:9b:05:29,2,1,2,0,128,767,800,770,214,787,1004,544,861,393,371,906,862,289,79,770,751,618,195,485,748,91,483,633,222,238,700,132,1019,271,561,55,382,78,60,60,86,70,73,69,53,60,89,67,67,62,49,78,81,79,75,59,77,36,67,25,46,51,57,62,67,72,62,85,94
[13531.805074] [AOA] Measurement: 0,1627141149.181907,08:55:31:9b:05:29,2,1,2,0,128,791,802,685,162,868,6,597,923,8,637,884,835,271,46,693,718,611,204,563,760,43,463,654,227,340,812,93,995,249,535,731,975,80,62,62,85,70,72,67,53,61,91,68,68,64,51,81,85,83,75,60,79,35,68,25,44,52,57,62,66,72,62,85,94
[13531.851276] [AOA] Measurement: 0,1627141149.228106,08:55:31:9b:05:29,2,1,2,0,128,791,799,773,205,879,0,582,876,958,545,932,838,235,40,686,686,562,183,975,548,79,492,703,258,325,805,50,946,250,527,291,533,79,62,64,86,73,73,70,54,61,92,68,62,63,47,77,81,82,75,61,79,35,64,22,41,49,53,59,61,65,58,76,83
[13531.893696] [AOA] Measurement: 0,1627141149.270524,08:55:31:9b:05:29,2,1,2,0,128,780,762,757,188,792,1016,582,915,979,562,937,832,289,21,656,657,606,209,525,763,89,490,690,269,266,742,169,13,233,519,252,578,75,61,59,84,69,70,68,52,60,89,66,65,63,48,77,82,83,75,59,78,37,66,25,43,52,54,62,66,69,60,81,93
[13531.936429] [AOA] Measurement: 0,1627141149.313258,08:55:31:9b:05:29,2,1,2,0,128,736,762,728,142,264,812,990,630,384,317,296,568,778,888,74,426,598,187,499,705,96,511,670,272,328,802,93,992,244,548,879,176,79,58,61,84,70,71,68,52,58,87,65,66,64,49,78,81,81,74,58,77,36,67,26,46,53,57,64,67,73,61,83,91
[13531.980548] [AOA] Measurement: 0,1627141149.357381,08:55:31:9b:05:29,2,1,2,0,128,253,569,776,211,808,1014,507,833,414,333,381,612,280,52,659,644,8,0,939,507,515,255,708,262,299,780,86,961,315,584,390,566,72,56,57,82,68,71,67,50,55,85,63,65,60,49,75,82,78,72,55,73,35,63,24,46,51,57,60,66,71,61,83,88
[13532.018396] [AOA] Measurement: 0,1627141149.395230,08:55:31:9b:05:29,2,1,2,0,128,714,709,173,980,238,789,578,896,931,530,879,769,718,802,120,457,10,963,983,522,460,237,157,56,311,747,43,924,219,518,85,459,77,57,58,83,67,69,66,52,56,87,65,68,60,51,74,82,80,73,55,73,36,67,25,46,52,56,59,65,72,61,84,90
[13532.062370] [AOA] Measurement: 0,1627141149.439198,08:55:31:9b:05:29,2,1,2,0,128,235,566,768,195,813,975,538,834,377,303,892,823,214,6,717,678,570,204,449,732,50,477,665,234,259,746,12,929,238,564,672,36,73,55,55,79,66,66,66,50,57,86,63,66,60,48,74,79,77,70,55,73,35,65,24,44,52,57,60,65,70,61,82,90
[13532.112384] [AOA] Measurement: 0,1627141149.489214,08:55:31:9b:05:29,2,1,2,0,128,693,700,157,1019,830,6,475,816,377,329,305,598,731,876,703,677,1019,989,953,562,475,278,86,1006,260,744,119,978,237,512,141,520,78,59,63,86,72,73,68,53,60,90,66,64,64,49,78,83,82,77,57,77,36,66,25,46,52,57,62,67,71,62,86,93
[13532.162917] [AOA] Measurement: 0,1627141149.539746,08:55:31:9b:05:29,2,1,2,0,128,761,768,716,169,733,967,993,622,347,308,371,637,744,875,677,650,562,133,958,525,452,251,164,35,200,683,521,756,730,357,455,910,79,60,60,83,71,73,70,53,61,88,67,66,62,50,79,81,83,74,59,78,37,67,25,45,54,56,63,66,72,62,86,94
[13532.207589] [AOA] Measurement: 0,1627141149.584423,08:55:31:9b:05:29,2,1,2,0,128,773,754,728,146,755,959,1,700,943,568,913,806,261,13,662,633,82,17,518,762,533,284,678,233,274,764,125,992,314,601,890,238,80,63,62,84,72,72,71,54,63,91,70,65,65,50,78,81,82,74,59,77,35,64,23,41,50,53,59,60,68,57,78,88
[13532.249960] [AOA] Measurement: 0,1627141149.626791,08:55:31:9b:05:29,2,1,2,0,128,738,726,744,170,816,12,491,820,6,603,945,858,251,31,675,659,619,229,504,788,103,539,703,286,322,800,122,970,284,552,114,464,77,60,60,86,71,72,69,52,59,89,66,67,63,51,78,84,83,75,60,79,35,65,25,45,52,57,63,68,73,63,84,93
[13532.288362] [AOA] Measurement: 0,1627141149.665197,08:55:31:9b:05:29,2,1,2,0,128,188,539,155,1003,768,928,520,831,395,333,870,791,312,75,82,444,20,999,951,554,58,466,715,239,228,706,80,955,692,341,137,547,72,54,54,79,65,66,66,48,54,83,62,65,59,47,71,77,75,67,53,68,34,64,23,44,50,55,57,63,67,61,82,85
[13532.335155] [AOA] Measurement: 0,1627141149.711987,08:55:31:9b:05:29,2,1,2,0,128,162,522,143,968,234,786,1010,638,420,323,318,562,725,838,131,479,76,17,536,763,19,452,674,206,230,724,532,756,708,326,798,213,80,61,64,87,73,72,71,55,60,92,68,67,65,50,78,82,82,77,61,80,36,67,25,45,53,57,64,67,73,62,84,92
[13532.379204] [AOA] Measurement: 0,1627141149.756036,08:55:31:9b:05:29,2,1,2,0,128,826,805,735,158,784,982,1023,645,452,399,896,822,267,15,720,690,44,9,980,535,40,469,724,288,267,754,132,998,283,556,839,20,79,58,62,85,71,72,69,53,60,90,68,68,64,50,79,84,83,74,58,77,36,68,25,46,52,56,62,67,73,62,85,94
[13532.421646] [AOA] Measurement: 0,1627141149.798480,08:55:31:9b:05:29,2,1,2,0,128,732,722,748,182,812,956,564,884,335,307,878,805,245,19,740,693,601,212,594,797,67,523,686,237,258,713,67,947,248,560,751,983,75,58,59,83,68,70,68,51,58,85,64,66,63,49,76,82,80,74,56,74,35,63,25,44,51,55,61,65,71,62,84,90
[13532.460520] [AOA] Measurement: 0,1627141149.837349,08:55:31:9b:05:29,2,1,2,0,128,729,758,767,198,747,946,968,637,381,302,320,610,727,869,645,640,1016,988,528,748,84,488,635,210,322,812,74,956,313,571,508,758,75,56,57,81,67,69,66,47,55,83,62,64,60,48,75,80,78,72,56,73,36,65,24,45,52,57,62,65,70,61,83,90
[13532.504389] [AOA] Measurement: 0,1627141149.881222,08:55:31:9b:05:29,2,1,2,0,128,690,733,691,189,808,1012,591,838,937,553,858,779,320,60,625,583,42,1021,539,775,1021,415,644,246,231,751,103,961,244,532,137,519,79,62,63,86,72,73,70,55,61,90,67,66,62,50,78,84,81,76,59,78,36,67,25,45,53,57,62,66,72,62,86,94
[13532.548305] [AOA] Measurement: 0,1627141149.925140,08:55:31:9b:05:29,2,1,2,0,128,783,781,724,184,756,964,483,806,393,339,918,835,235,15,93,434,5,1006,475,726,51,427,727,254,305,762,55,928,284,588,935,211,80,61,63,86,72,72,69,52,58,90,67,66,62,49,78,83,84,76,57,76,36,67,26,44,52,57,63,68,72,61,85,93
[13532.593969] [AOA] Measurement: 0,1627141149.970799,08:55:31:9b:05:29,2,1,2,0,128,771,755,113,965,271,791,38,735,940,504,324,570,659,805,143,469,81,7,538,759,74,453,655,222,310,754,64,971,253,538,878,238,78,61,61,86,70,71,68,52,57,87,66,66,63,50,77,83,82,76,58,77,37,66,24,44,53,58,62,66,71,61,84,93
[13532.642374] [AOA] Measurement: 0,1627141150.019207,08:55:31:9b:05:29,2,1,2,0,128,791,781,703,176,801,992,1000,664,959,542,935,814,330,82,721,743,603,238,484,710,1003,393,115,31,715,520,101,970,245,558,819,95,79,61,62,86,72,72,68,55,62,91,66,66,64,50,78,83,83,78,60,78,37,66,24,45,53,58,64,65,73,61,86,92
[13532.692953] [AOA] Measurement: 0,1627141150.069783,08:55:31:9b:05:29,2,1,2,0,128,228,525,219,1009,310,809,56,715,362,323,296,598,727,856,139,479,3,8,991,536,427,221,699,270,248,763,43,909,250,498,509,866,77,60,60,85,70,72,69,53,61,88,67,65,64,50,78,82,83,76,59,77,37,66,25,45,53,57,62,68,73,63,84,91
[13532.744776] [AOA] Measurement: 0,1627141150.121605,08:55:31:9b:05:29,2,1,2,0,128,702,697,157,971,185,784,925,563,330,248,354,570,734,858,75,428,1021,1015,930,513,537,285,81,20,756,552,575,764,751,370,613,979,77,59,61,84,68,70,68,53,60,88,67,67,64,49,77,82,82,75,58,78,36,66,24,44,51,56,60,66,71,60,85,93
[13532.789098] [AOA] Measurement: 0,1627141150.165929,08:55:31:9b:05:29,2,1,2,0,128,686,734,705,182,793,973,525,834,933,495,873,815,279,31,672,649,645,235,491,750,79,465,654,218,281,732,142,1015,275,567,146,367,79,62,63,85,71,73,70,53,61,93,69,67,64,50,79,83,83,76,60,79,37,66,24,44,53,56,61,67,71,62,85,92
[13532.832305] [AOA] Measurement: 0,1627141150.209140,08:55:31:9b:05:29,2,1,2,0,128,731,746,723,170,788,999,550,899,929,496,317,606,250,1019,709,663,645,209,521,778,62,511,645,202,303,823,110,970,245,537,161,459,75,58,57,84,70,71,70,51,59,88,66,68,62,48,77,81,80,72,59,77,37,66,24,45,54,58,62,67,72,62,85,92
[13532.876156] [AOA] Measurement: 0,1627141150.252991,08:55:31:9b:05:29,2,1,2,0,128,215,594,182,965,295,817,582,891,393,367,908,815,310,47,663,663,537,159,522,741,500,259,630,231,272,732,107,984,219,574,316,530,81,64,63,87,74,73,70,56,61,89,69,65,64,50,78,82,82,75,60,82,36,65,25,41,52,54,61,66,70,60,81,88
[13532.920351] [AOA] Measurement: 0,1627141150.297180,08:55:31:9b:05:29,2,1,2,0,128,112,480,135,1000,245,787,35,672,380,297,373,615,199,1016,147,469,14,1001,957,546,503,262,6,987,743,490,561,754,724,314,433,909,78,61,63,85,70,72,67,53,57,87,66,67,62,50,78,80,80,74,58,77,36,65,25,46,52,57,63,66,73,63,87,94
[13532.970400] [AOA] Measurement: 0,1627141150.347228,08:55:31:9b:05:29,2,1,2,0,128,758,770,674,149,810,1006,549,862,343,286,272,558,676,807,62,411,1021,963,943,521,539,269,713,234,256,726,603,816,699,317,475,882,78,60,63,86,72,73,71,52,58,91,67,67,63,50,77,81,82,74,58,78,37,67,25,46,52,58,62,65,72,62,84,92
[13533.020965] [AOA] Measurement: 0,1627141150.397799,08:55:31:9b:05:29,2,1,2,0,128,217,543,746,165,769,940,1,657,422,346,935,829,212,29,745,704,567,196,462,700,472,233,100,8,674,496,535,736,720,311,277,746,80,62,61,85,72,74,70,54,61,90,67,68,64,51,78,82,82,75,59,78,37,66,26,45,53,56,61,67,70,61,84,92
[13533.058780] [AOA] Measurement: 0,1627141150.435614,08:55:31:9b:05:29,2,1,2,0,128,766,758,97,943,844,6,548,865,923,518,917,826,282,52,753,678,603,221,490,704,44,449,652,215,306,778,84,994,242,569,705,877,77,60,60,83,70,71,69,52,58,88,63,66,62,50,77,81,80,72,59,76,37,67,25,46,52,58,63,68,73,62,86,94
[13533.102255] [AOA] Measurement: 0,1627141150.479088,08:55:31:9b:05:29,2,1,2,0,128,670,700,201,0,276,789,13,654,370,304,364,643,723,848,750,701,610,194,498,745,49,480,627,212,233,702,108,957,685,314,97,675,78,59,60,82,69,70,67,52,56,86,65,67,62,49,75,82,79,72,56,74,35,65,25,45,50,56,61,64,69,60,85,89
[13533.154411] [AOA] Measurement: 0,1627141150.531240,08:55:31:9b:05:29,2,1,2,0,128,792,741,706,141,818,1007,455,833,921,484,335,601,246,10,720,700,530,154,484,700,439,219,129,37,279,757,545,779,220,503,793,167,80,60,63,85,71,72,69,52,59,87,65,67,62,49,76,82,81,73,57,79,36,67,25,46,54,58,61,67,73,62,86,92
[13533.204220] [AOA] Measurement: 0,1627141150.581049,08:55:31:9b:05:29,2,1,2,0,128,224,552,243,11,815,977,585,896,912,514,901,831,226,1,76,433,991,952,879,447,460,202,53,1015,713,541,543,750,679,314,712,112,79,61,62,84,74,73,69,53,60,89,67,66,63,50,78,83,80,75,59,80,36,67,24,45,52,55,62,65,70,62,83,93
[13533.249209] [AOA] Measurement: 0,1627141150.626041,08:55:31:9b:05:29,2,1,2,0,128,207,569,143,995,238,789,1,664,404,327,324,593,817,908,117,491,6,993,511,735,57,480,656,226,257,742,108,972,230,516,214,581,77,58,57,82,68,71,68,51,57,85,62,66,61,49,76,81,78,71,57,73,35,65,25,46,52,58,61,66,72,61,84,91
[13533.292123] [AOA] Measurement: 0,1627141150.668952,08:55:31:9b:05:29,2,1,2,0,128,716,737,186,977,845,996,522,819,410,380,923,812,360,89,672,666,561,167,480,709,444,223,150,57,261,719,548,750,736,354,471,886,76,59,60,83,67,71,66,53,58,88,66,66,64,50,79,83,82,76,58,78,36,67,24,45,53,57,63,65,72,62,83,92
[13533.341124] [AOA] Measurement: 0,1627141150.717957,08:55:31:9b:05:29,2,1,2,0,128,763,754,749,184,802,1009,550,884,970,564,890,799,235,10,770,735,556,143,534,773,73,490,747,283,253,730,58,966,213,489,380,828,79,62,62,85,72,72,69,53,62,91,69,63,65,49,76,80,82,75,60,79,37,64,23,41,49,53,59,61,66,55,78,85
[13533.379337] [AOA] Measurement: 0,1627141150.756172,08:55:31:9b:05:29,2,1,2,0,128,776,770,674,137,777,993,582,901,981,540,869,798,704,840,164,479,535,139,1022,549,530,259,717,278,322,781,93,971,241,525,180,368,79,58,60,85,70,70,68,52,59,88,67,67,62,51,77,82,82,74,59,78,36,67,25,45,53,55,62,66,71,62,83,90
[13533.418165] [AOA] Measurement: 0,1627141150.794990,08:55:31:9b:05:29,2,1,2,0,128,173,553,149,969,243,801,1006,665,964,547,842,742,773,889,65,429,8,1016,916,486,440,201,47,1017,698,516,571,736,256,528,884,251,77,60,61,84,70,71,69,53,59,88,66,67,64,50,78,83,81,74,56,78,36,66,25,44,52,57,63,67,72,62,86,95
[13533.465941] [AOA] Measurement: 0,1627141150.842775,08:55:31:9b:05:29,2,1,2,0,128,800,792,807,200,825,995,521,858,967,530,886,823,246,9,705,676,572,197,581,810,37,468,663,250,264,750,136,1012,251,567,710,962,77,58,58,82,66,70,66,51,56,85,64,67,60,49,74,82,77,73,56,74,35,64,25,45,51,56,59,66,72,61,85,90
[13533.512837] [AOA] Measurement: 0,1627141150.889667,08:55:31:9b:05:29,2,1,2,0,128,183,509,142,972,249,779,954,673,394,331,348,579,755,863,660,609,986,973,981,515,465,216,33,1014,722,519,556,768,691,285,761,148,80,62,63,86,74,74,70,55,61,91,69,66,66,50,79,83,84,77,59,78,37,67,25,46,53,56,62,66,72,63,85,93
[13533.557753] [AOA] Measurement: 0,1627141150.934588,08:55:31:9b:05:29,2,1,2,0,128,736,779,625,107,855,28,528,871,968,532,871,803,250,29,690,674,617,219,487,748,90,531,674,224,318,808,64,951,192,492,393,722,83,64,65,90,77,77,72,56,63,95,71,71,64,52,82,88,86,80,62,84,38,71,26,48,56,59,66,70,76,66,90,99
[13533.596102] [AOA] Measurement: 0,1627141150.972936,08:55:31:9b:05:29,2,1,2,0,128,773,759,742,212,811,989,547,823,385,314,875,796,687,846,136,457,17,999,517,784,29,437,681,240,254,731,72,959,234,539,171,560,79,62,62,87,72,73,70,54,61,91,67,66,64,50,78,83,84,77,60,80,36,67,25,46,54,57,63,67,73,61,85,92
[13533.634181] [AOA] Measurement: 0,1627141151.011015,08:55:31:9b:05:29,2,1,2,0,128,741,778,764,151,806,974,552,860,943,559,883,790,248,18,662,634,25,1017,591,820,56,485,730,300,265,758,71,931,230,535,451,814,77,62,66,87,72,71,71,56,61,91,68,63,63,49,79,82,82,76,61,80,36,65,23,42,51,53,61,64,70,59,79,89
[13533.675207] [AOA] Measurement: 0,1627141151.052035,08:55:31:9b:05:29,2,1,2,0,128,159,555,182,989,278,805,1008,643,349,286,290,549,745,876,154,515,1018,954,925,467,519,264,6,983,776,572,511,728,734,335,71,527,70,52,54,75,64,67,65,47,55,82,61,64,56,48,71,77,75,68,52,70,35,62,23,45,51,56,59,65,70,59,83,90
[13533.721099] [AOA] Measurement: 0,1627141151.097933,08:55:31:9b:05:29,2,1,2,0,128,788,811,707,156,781,978,535,853,393,352,900,787,265,33,693,697,27,7,514,756,29,424,650,230,300,747,76,975,270,583,726,873,81,63,63,86,73,72,70,54,61,92,69,65,63,50,78,82,83,76,59,79,37,65,25,43,52,55,61,64,68,59,81,92
[13533.765065] [AOA] Measurement: 0,1627141151.141898,08:55:31:9b:05:29,2,1,2,0,128,751,720,786,192,862,1007,567,843,974,554,937,857,306,57,725,682,581,206,520,769,42,491,615,181,362,820,87,976,285,561,968,162,80,63,63,85,74,73,69,54,63,92,68,64,64,50,76,82,83,76,60,78,36,66,24,43,50,55,60,65,70,59,82,89
[13533.808913] [AOA] Measurement: 0,1627141151.185746,08:55:31:9b:05:29,2,1,2,0,128,103,470,169,978,268,775,1021,615,336,276,300,558,684,818,115,454,992,993,979,497,530,268,633,200,351,820,534,722,276,544,719,100,80,63,64,87,73,74,70,55,61,91,71,66,65,51,79,83,82,77,57,78,35,65,25,43,52,53,59,65,70,59,82,91
[13533.853240] [AOA] Measurement: 0,1627141151.230073,08:55:31:9b:05:29,2,1,2,0,128,723,747,791,194,818,1011,559,877,968,582,912,786,269,33,657,633,582,169,496,728,0,392,666,194,230,704,521,751,728,351,166,568,77,58,59,83,70,72,68,52,58,88,63,66,61,50,76,81,80,74,56,76,36,65,25,45,52,57,62,67,72,61,85,93
[13533.903528] [AOA] Measurement: 0,1627141151.280356,08:55:31:9b:05:29,2,1,2,0,128,185,557,154,976,292,852,545,832,343,269,369,602,673,781,97,442,94,25,493,695,2,422,107,14,716,524,536,731,692,297,372,836,81,61,63,86,72,73,68,52,59,88,67,63,64,49,77,82,82,76,60,78,36,67,25,43,52,55,60,64,71,61,82,91
[13533.957643] [AOA] Measurement: 0,1627141151.334476,08:55:31:9b:05:29,2,1,2,0,128,214,567,191,981,218,743,30,668,361,326,361,613,747,845,134,469,32,1002,980,572,487,257,60,14,280,765,42,932,214,520,93,458,78,61,60,85,71,73,68,52,59,89,67,66,63,51,76,83,82,76,59,76,36,67,24,47,51,57,63,68,74,62,87,93
[13534.000685] [AOA] Measurement: 0,1627141151.377514,08:55:31:9b:05:29,2,1,2,0,128,770,775,176,995,814,988,559,871,957,570,928,839,252,35,700,696,582,209,488,723,465,223,118,28,755,614,129,976,257,566,477,797,78,59,61,83,70,72,69,52,60,92,67,66,65,50,79,82,84,77,61,81,36,67,24,44,53,55,63,64,72,61,83,89
[13534.043573] [AOA] Measurement: 0,1627141151.420403,08:55:31:9b:05:29,2,1,2,0,128,235,539,229,35,877,1021,554,874,978,573,870,767,249,14,742,719,614,231,501,720,76,484,686,209,265,748,555,769,691,316,288,748,76,59,59,83,69,71,67,52,58,87,65,66,63,49,76,80,81,73,56,75,36,65,25,44,52,58,61,68,72,62,83,90
[13534.093325] [AOA] Measurement: 0,1627141151.470154,08:55:31:9b:05:29,2,1,2,0,128,773,739,707,164,792,960,949,639,377,304,379,624,268,25,87,425,1012,1017,933,527,478,253,667,241,277,756,72,929,266,528,863,253,79,62,62,85,70,71,70,54,61,91,68,63,63,49,77,81,82,76,61,80,38,65,24,41,49,53,58,62,68,58,80,89
[13534.147945] [AOA] Measurement: 0,1627141151.524779,08:55:31:9b:05:29,2,1,2,0,128,704,742,184,983,247,796,989,665,456,409,929,826,282,82,687,687,551,177,483,724,37,443,69,3,794,584,85,953,181,478,90,562,78,60,60,82,70,71,68,50,60,88,66,66,61,48,75,80,79,74,58,76,36,67,25,45,50,57,61,65,71,61,83,91
[13534.191695] [AOA] Measurement: 0,1627141151.568529,08:55:31:9b:05:29,2,1,2,0,128,734,732,705,151,860,1020,629,887,946,504,921,847,283,85,751,755,508,144,531,742,1018,437,686,236,284,769,90,928,738,351,342,667,79,62,63,86,72,73,69,54,62,89,69,68,64,50,79,85,84,78,59,79,35,66,25,44,53,56,61,65,71,62,84,92
[13534.230296] [AOA] Measurement: 0,1627141151.607131,08:55:31:9b:05:29,2,1,2,0,128,788,796,775,219,724,959,538,867,946,525,913,803,223,2,799,740,630,219,623,832,77,488,654,224,216,727,61,917,289,551,815,143,81,62,64,86,72,74,72,54,62,93,67,65,63,49,77,81,83,75,60,78,36,67,25,44,53,55,63,66,72,61,85,93
[13534.274299] [AOA] Measurement: 0,1627141151.651133,08:55:31:9b:05:29,2,1,2,0,128,776,794,733,168,846,1011,631,917,18,609,890,814,260,43,669,665,562,219,537,756,22,430,664,224,267,767,580,782,720,316,565,987,79,62,64,87,71,71,69,54,60,92,67,64,64,49,78,82,84,78,61,79,36,65,22,41,49,53,61,62,69,58,81,90
[13534.316625] [AOA] Measurement: 0,1627141151.693454,08:55:31:9b:05:29,2,1,2,0,128,771,740,190,968,853,1009,496,827,421,366,350,627,304,51,709,675,27,23,512,760,45,459,723,281,261,751,70,976,209,504,736,82,79,60,62,85,71,71,69,54,60,90,67,66,64,51,78,84,81,76,59,78,37,67,26,45,52,57,63,67,72,63,85,92
[13534.359797] [AOA] Measurement: 0,1627141151.736631,08:55:31:9b:05:29,2,1,2,0,128,783,783,681,155,796,987,555,814,983,555,875,814,213,15,713,713,528,125,903,507,473,192,102,38,798,565,516,722,710,326,495,962,80,60,61,86,72,72,70,54,61,89,68,66,63,49,79,82,84,77,60,82,37,68,25,43,53,55,63,66,72,60,84,93
[13534.397931] [AOA] Measurement: 0,1627141151.774764,08:55:31:9b:05:29,2,1,2,0,128,742,720,209,1019,804,1014,497,817,400,341,860,810,275,45,113,471,586,175,512,728,498,232,667,227,284,747,124,968,198,520,460,773,75,56,58,81,68,70,68,50,58,86,65,68,61,49,76,81,78,74,58,76,36,65,26,45,52,58,60,67,72,62,87,93
[13534.442540] [AOA] Measurement: 0,1627141151.819373,08:55:31:9b:05:29,2,1,2,0,128,792,796,728,183,828,1020,553,889,951,534,961,845,271,64,684,662,563,188,495,713,93,523,695,233,233,719,105,998,195,479,260,572,77,59,60,85,68,71,67,50,59,88,66,66,63,50,76,81,81,73,57,75,36,64,24,44,52,58,60,65,72,62,85,92
[13534.485880] [AOA] Measurement: 0,1627141151.862714,08:55:31:9b:05:29,2,1,2,0,128,715,740,783,194,803,1005,519,850,945,534,926,837,286,62,102,409,1022,974,969,526,518,276,707,213,316,776,65,932,743,337,425,813,79,61,62,85,71,72,68,52,61,89,66,64,63,48,76,82,80,77,59,76,37,66,26,45,51,55,62,66,70,60,82,89
