
[ 8916.934424] [AOA] Measurement: 0,1627136534.311296,08:55:31:9b:05:29,2,1,2,0,128,368,163,224,473,938,1010,696,288,465,992,748,699,196,920,466,955,701,874,1023,893,328,459,988,478,624,214,512,878,247,356,16,235,68,42,54,34,82,84,90,84,91,62,29,112,54,49,107,32,22,85,98,36,55,39,58,21,12,53,33,91,41,38,53,40
[ 8916.972820] [AOA] Measurement: 0,1627136534.349691,08:55:31:9b:05:29,2,1,2,0,128,348,178,259,462,959,17,710,269,343,914,744,630,177,901,911,711,195,701,445,697,731,196,941,401,629,269,549,883,326,386,1008,107,67,42,54,35,82,84,92,86,87,61,30,113,56,50,106,32,21,85,101,37,57,36,59,21,13,54,33,90,42,40,55,41
[ 8917.017382] [AOA] Measurement: 0,1627136534.394254,08:55:31:9b:05:29,2,1,2,0,128,419,203,655,240,964,995,658,230,827,719,164,447,664,695,934,738,768,886,408,667,748,189,1021,473,597,206,594,905,270,367,772,1000,65,39,53,35,84,83,90,83,89,62,29,112,56,50,105,31,21,82,98,37,54,39,58,22,11,50,31,86,36,36,51,38
[ 8917.056375] [AOA] Measurement: 0,1627136534.433246,08:55:31:9b:05:29,2,1,2,0,128,794,971,619,167,402,791,74,15,789,693,128,357,629,712,909,683,147,662,427,654,774,205,442,249,128,34,77,760,733,175,593,958,63,40,52,33,76,79,85,78,83,58,27,105,53,47,99,30,20,79,94,35,54,36,56,21,12,52,30,85,41,40,53,39
[ 8917.094328] [AOA] Measurement: 0,1627136534.471200,08:55:31:9b:05:29,2,1,2,0,128,358,134,293,496,995,1,730,254,420,953,791,725,230,955,458,926,731,899,999,864,239,385,971,433,621,222,562,908,244,330,594,874,67,40,52,34,83,82,89,80,89,61,28,110,55,50,101,28,21,84,99,36,54,37,59,21,12,53,32,89,38,36,51,37
[ 8917.132529] [AOA] Measurement: 0,1627136534.509401,08:55:31:9b:05:29,2,1,2,0,128,369,156,225,442,969,9,637,217,408,979,778,704,193,933,461,948,756,880,959,860,709,181,984,449,702,262,600,912,250,369,976,146,69,41,55,35,83,84,90,84,86,60,29,110,55,47,106,33,22,84,100,36,57,38,60,22,14,55,33,95,45,42,56,42
[ 8917.171608] [AOA] Measurement: 0,1627136534.548475,08:55:31:9b:05:29,2,1,2,0,128,402,148,155,378,346,755,155,77,817,755,756,626,703,752,522,915,755,929,980,881,692,167,502,321,631,210,579,874,691,120,11,348,67,44,55,36,78,81,89,84,82,59,29,109,54,48,105,35,21,84,103,39,58,39,62,22,13,55,33,91,45,43,57,43
[ 8917.218762] [AOA] Measurement: 0,1627136534.595634,08:55:31:9b:05:29,2,1,2,0,128,827,988,653,237,375,781,705,250,344,897,136,390,576,686,952,747,726,860,33,947,218,377,971,439,90,47,611,949,230,328,713,14,68,43,55,37,81,82,93,84,84,61,29,111,57,49,107,34,21,86,103,38,57,39,63,23,14,54,34,93,44,41,54,41
[ 8917.262789] [AOA] Measurement: 0,1627136534.639660,08:55:31:9b:05:29,2,1,2,0,128,802,970,693,237,915,996,698,279,765,688,228,428,608,658,917,671,119,640,500,719,305,421,962,431,108,39,38,710,720,178,280,597,65,35,52,33,79,80,83,77,85,57,26,106,53,48,101,25,21,80,92,34,52,36,55,20,10,47,29,82,33,28,46,31
[ 8917.306661] [AOA] Measurement: 0,1627136534.683533,08:55:31:9b:05:29,2,1,2,0,128,337,166,202,430,871,939,78,50,348,923,144,413,623,686,970,737,195,714,956,850,260,371,981,429,655,274,573,917,188,303,366,558,64,41,51,34,77,80,86,81,84,59,27,104,52,47,99,29,20,78,94,35,54,36,56,20,12,51,29,85,37,36,49,34
[ 8917.347592] [AOA] Measurement: 0,1627136534.724460,08:55:31:9b:05:29,2,1,2,0,128,816,1000,610,188,330,728,127,45,378,949,663,605,645,725,466,907,132,662,469,676,240,372,977,436,27,12,573,907,273,334,446,596,67,40,53,35,84,87,94,87,89,62,30,114,58,51,105,32,20,85,99,37,56,41,60,21,13,53,34,89,40,37,53,39
[ 8917.386285] [AOA] Measurement: 0,1627136534.763158,08:55:31:9b:05:29,2,1,2,0,128,846,997,284,471,956,997,730,281,373,936,757,665,167,929,487,931,754,866,988,874,257,388,999,499,660,250,549,913,277,367,690,932,67,40,55,34,84,85,91,84,91,62,30,109,54,50,103,29,22,83,96,35,54,37,58,21,11,49,33,85,35,33,49,35
[ 8917.426759] [AOA] Measurement: 0,1627136534.803627,08:55:31:9b:05:29,2,1,2,0,128,367,149,236,475,941,1003,669,267,362,949,784,694,204,942,475,943,758,864,997,884,239,381,981,475,599,221,546,890,700,113,782,25,68,42,53,37,79,84,92,86,85,62,28,112,55,49,105,34,21,85,103,38,58,39,63,22,14,55,33,93,45,42,56,44
[ 8917.467297] [AOA] Measurement: 0,1627136534.844170,08:55:31:9b:05:29,2,1,2,0,128,348,153,610,177,319,755,87,3,908,742,201,501,617,707,923,690,699,872,1006,911,225,376,1017,496,649,221,522,857,227,329,805,981,66,42,56,36,83,86,89,85,88,61,29,114,56,50,107,30,22,86,100,37,58,40,60,21,13,54,34,90,41,37,54,39
[ 8917.513700] [AOA] Measurement: 0,1627136534.890568,08:55:31:9b:05:29,2,1,2,0,128,886,1000,651,192,944,982,142,40,440,967,803,680,180,908,433,896,159,639,465,676,713,162,418,227,88,52,558,897,246,345,872,164,69,39,54,34,84,85,89,85,90,62,29,112,57,51,105,29,21,85,97,37,55,38,58,21,12,52,31,88,38,35,52,37
[ 8917.557820] [AOA] Measurement: 0,1627136534.934694,08:55:31:9b:05:29,2,1,2,0,128,354,165,245,510,922,969,658,271,376,949,753,660,199,944,439,913,732,855,390,663,728,196,996,463,574,182,563,892,203,331,885,149,68,42,55,38,84,85,92,87,87,63,29,112,56,51,108,33,22,85,101,38,57,40,61,22,13,55,35,94,45,42,55,41
[ 8917.601789] [AOA] Measurement: 0,1627136534.978662,08:55:31:9b:05:29,2,1,2,0,128,320,130,207,430,931,1016,770,305,334,940,697,618,181,902,956,752,189,705,989,867,223,371,996,436,625,256,543,901,234,351,839,110,68,41,56,35,84,87,91,85,87,62,30,111,55,50,104,30,21,85,98,37,56,38,60,21,11,53,32,90,38,37,51,38
[ 8917.651019] [AOA] Measurement: 0,1627136535.027893,08:55:31:9b:05:29,2,1,2,0,128,397,173,278,465,914,987,683,301,414,977,764,674,234,949,503,924,678,860,387,667,704,157,460,267,64,57,33,687,712,141,652,1007,68,39,54,34,84,84,90,83,93,61,28,112,55,52,104,29,22,85,99,37,57,39,59,21,11,52,32,88,38,38,53,40
[ 8917.689717] [AOA] Measurement: 0,1627136535.066585,08:55:31:9b:05:29,2,1,2,0,128,339,176,254,462,960,1004,653,210,351,904,244,452,611,700,488,946,723,879,966,865,681,153,405,259,690,285,576,906,318,427,104,196,67,41,55,34,82,85,87,82,86,60,28,108,56,49,107,30,21,85,99,38,58,38,59,22,13,51,32,89,39,38,50,37
[ 8917.732856] [AOA] Measurement: 0,1627136535.109723,08:55:31:9b:05:29,2,1,2,0,128,316,110,663,230,384,790,97,32,815,751,218,505,194,931,455,935,147,677,446,688,214,391,982,443,640,276,593,903,276,344,26,246,69,43,55,36,81,85,91,88,86,61,28,112,56,50,107,33,21,85,103,39,59,38,60,21,14,54,33,93,44,43,56,42
[ 8917.780097] [AOA] Measurement: 0,1627136535.156969,08:55:31:9b:05:29,2,1,2,0,128,781,978,680,229,391,814,215,133,358,935,749,638,610,675,1001,753,735,864,1013,878,274,432,985,449,642,231,575,910,258,366,657,795,67,44,55,36,80,81,92,84,83,60,29,110,54,47,104,34,21,82,102,38,58,39,62,23,14,56,32,93,46,43,57,42
[ 8917.818708] [AOA] Measurement: 0,1627136535.195579,08:55:31:9b:05:29,2,1,2,0,128,865,0,208,433,947,1007,655,249,376,955,668,617,620,721,913,721,189,689,464,678,259,392,14,479,640,233,525,890,187,285,25,369,69,43,56,36,81,85,93,86,88,61,30,113,56,50,107,33,20,85,99,37,57,38,61,22,14,55,33,91,42,41,54,40
[ 8917.863313] [AOA] Measurement: 0,1627136535.240181,08:55:31:9b:05:29,2,1,2,0,128,359,162,240,438,961,985,627,224,382,939,729,580,684,733,931,746,142,644,479,707,257,382,961,456,703,281,568,898,316,402,953,100,70,45,57,37,79,82,87,83,85,64,32,103,59,53,98,35,22,82,95,40,61,42,63,24,14,57,34,88,45,43,57,43
[ 8917.913095] [AOA] Measurement: 0,1627136535.289963,08:55:31:9b:05:29,2,1,2,0,128,774,991,621,222,924,1000,155,97,810,703,259,483,188,900,455,913,809,921,977,846,664,168,366,210,72,71,568,897,238,332,56,407,65,38,53,33,81,84,88,83,91,60,28,111,54,50,103,28,20,82,93,35,54,36,56,21,11,50,31,86,36,34,49,35
[ 8917.956993] [AOA] Measurement: 0,1627136535.333865,08:55:31:9b:05:29,2,1,2,0,128,402,227,252,455,939,989,713,306,427,976,774,663,187,919,429,879,181,700,966,870,181,333,997,474,18,1008,22,720,724,176,52,342,67,39,55,35,82,84,91,85,89,61,28,111,56,49,106,32,20,85,101,39,58,39,61,22,13,55,32,92,43,39,55,40
[ 8917.999565] [AOA] Measurement: 0,1627136535.376432,08:55:31:9b:05:29,2,1,2,0,128,890,3,270,447,877,977,64,26,839,728,193,465,573,667,953,713,110,619,443,709,718,211,397,206,121,65,4,709,802,213,381,624,68,41,54,35,81,85,90,85,89,62,29,111,56,52,107,29,21,83,96,36,55,37,58,22,11,53,33,87,39,35,51,35
[ 8918.037354] [AOA] Measurement: 0,1627136535.414226,08:55:31:9b:05:29,2,1,2,0,128,787,955,656,185,353,788,183,83,879,773,725,629,165,906,919,662,141,635,444,711,640,116,419,209,62,23,1000,674,300,380,486,727,65,41,50,34,76,77,84,79,80,58,28,103,52,47,99,30,21,78,94,35,54,37,57,20,12,52,31,87,40,37,50,38
[ 8918.081106] [AOA] Measurement: 0,1627136535.457981,08:55:31:9b:05:29,2,1,2,0,128,823,942,767,268,361,816,711,273,348,904,197,472,641,701,916,678,192,663,404,622,749,194,397,222,69,26,43,723,723,183,607,869,68,38,54,34,83,83,89,80,90,61,29,112,54,51,106,29,21,83,96,36,55,38,58,20,11,52,31,89,38,36,52,36
[ 8918.124766] [AOA] Measurement: 0,1627136535.501637,08:55:31:9b:05:29,2,1,2,0,128,815,990,625,202,346,748,152,94,356,895,185,447,699,728,478,944,768,891,995,912,256,381,1023,524,596,227,558,901,295,354,986,146,69,43,55,36,83,85,93,86,89,62,29,114,57,51,107,32,21,86,102,38,59,39,62,23,13,55,32,93,45,42,56,43
[ 8918.176786] [AOA] Measurement: 0,1627136535.553658,08:55:31:9b:05:29,2,1,2,0,128,883,1013,668,218,368,777,112,55,799,688,256,527,631,690,979,736,719,850,433,663,302,407,1013,481,639,222,567,896,695,142,1016,282,67,43,54,36,82,85,92,86,88,63,29,113,58,50,106,34,21,86,102,39,59,40,61,22,13,55,33,94,44,42,55,41
[ 8918.223055] [AOA] Measurement: 0,1627136535.599923,08:55:31:9b:05:29,2,1,2,0,128,415,230,283,513,870,1009,606,225,810,686,277,518,152,891,467,914,664,869,372,663,270,386,382,230,70,70,521,888,278,328,524,794,68,43,56,36,84,86,94,86,88,63,30,111,55,49,106,33,21,84,100,40,58,40,62,21,14,54,33,91,43,41,54,41
[ 8918.268805] [AOA] Measurement: 0,1627136535.645677,08:55:31:9b:05:29,2,1,2,0,128,431,199,197,383,925,997,44,6,878,727,226,498,185,914,434,899,807,905,11,916,191,310,20,467,655,244,577,859,273,354,911,37,69,41,53,35,80,85,91,85,88,63,29,109,57,50,107,33,21,86,103,39,58,39,62,22,13,54,32,92,43,40,54,41
[ 8918.312364] [AOA] Measurement: 0,1627136535.689235,08:55:31:9b:05:29,2,1,2,0,128,413,188,304,436,983,1012,694,272,352,901,200,483,575,662,947,718,750,889,953,882,262,383,986,428,644,240,554,872,249,358,104,412,69,43,55,35,82,84,91,85,85,61,30,112,56,48,105,34,21,86,103,39,57,38,62,22,15,54,33,93,46,44,56,42
[ 8918.362749] [AOA] Measurement: 0,1627136535.739616,08:55:31:9b:05:29,2,1,2,0,128,345,120,244,377,945,994,173,72,381,964,714,646,181,904,522,944,776,923,1017,908,238,370,981,453,680,253,534,893,325,432,718,832,69,43,56,37,83,85,92,86,86,63,29,112,56,50,105,33,21,86,105,38,60,40,63,22,15,54,33,95,47,44,58,43
[ 8918.417826] [AOA] Measurement: 0,1627136535.794699,08:55:31:9b:05:29,2,1,2,0,128,285,123,619,188,400,814,729,254,413,951,193,444,647,704,901,678,167,663,450,673,730,198,981,445,640,206,1019,682,638,136,5,380,65,37,53,33,80,81,84,76,86,58,26,103,51,48,99,24,21,78,89,32,50,35,52,20,9,46,29,80,30,28,44,32
[ 8918.462655] [AOA] Measurement: 0,1627136535.839527,08:55:31:9b:05:29,2,1,2,0,128,403,148,182,408,955,1005,93,32,838,760,815,706,213,955,478,919,181,700,413,669,711,196,424,241,93,21,59,772,689,132,4,282,70,45,57,37,80,83,88,84,86,64,31,101,58,53,100,35,23,84,96,39,60,43,64,23,14,57,37,89,46,42,57,43
[ 8918.510772] [AOA] Measurement: 0,1627136535.887642,08:55:31:9b:05:29,2,1,2,0,128,375,190,249,467,896,992,629,243,293,893,174,412,635,726,919,689,751,850,986,900,266,398,92,529,682,272,614,936,261,371,495,779,66,38,54,35,82,82,89,80,88,61,28,112,56,51,105,27,22,84,97,36,56,37,57,21,12,50,33,87,39,35,49,38
[ 8918.549072] [AOA] Measurement: 0,1627136535.925945,08:55:31:9b:05:29,2,1,2,0,128,822,956,624,197,413,810,719,285,363,957,748,669,677,708,491,884,236,701,430,685,672,140,400,201,116,48,625,907,181,322,378,670,69,46,57,40,80,83,90,84,81,65,31,105,59,53,99,37,23,83,96,42,62,43,63,24,16,58,35,91,47,45,57,45
[ 8918.587139] [AOA] Measurement: 0,1627136535.964011,08:55:31:9b:05:29,2,1,2,0,128,399,192,160,354,385,771,127,48,884,749,726,635,214,875,533,947,664,832,484,715,723,206,1010,456,621,191,572,889,291,408,976,113,66,39,53,36,83,85,89,82,90,62,30,112,56,51,106,31,22,85,99,37,56,38,60,21,13,55,33,94,42,40,56,41
[ 8918.630935] [AOA] Measurement: 0,1627136536.007802,08:55:31:9b:05:29,2,1,2,0,128,880,1014,240,455,946,971,689,290,313,880,239,471,616,663,898,623,163,630,479,666,703,177,382,183,75,13,56,733,694,132,553,892,69,42,58,36,83,84,88,82,86,63,32,102,59,55,98,32,23,82,90,39,59,41,61,23,13,53,35,84,40,38,51,39
[ 8918.680784] [AOA] Measurement: 0,1627136536.057650,08:55:31:9b:05:29,2,1,2,0,128,362,170,622,158,362,768,137,63,802,745,213,445,225,957,519,971,745,897,1009,898,218,374,1013,419,69,18,576,901,695,131,755,994,70,42,56,36,83,87,93,86,87,62,29,112,57,51,107,32,22,85,103,38,57,38,63,22,14,56,33,94,45,42,54,41
[ 8918.730739] [AOA] Measurement: 0,1627136536.107608,08:55:31:9b:05:29,2,1,2,0,128,239,100,134,375,944,1001,654,213,400,950,771,718,148,876,480,968,654,834,995,882,241,394,1013,492,607,247,617,925,295,361,210,324,68,42,54,36,84,86,91,84,90,61,29,112,54,50,106,29,21,86,101,38,58,39,61,21,12,54,33,90,41,39,54,41
[ 8918.773640] [AOA] Measurement: 0,1627136536.150514,08:55:31:9b:05:29,2,1,2,0,128,367,180,203,424,931,1003,668,253,371,948,790,719,174,899,427,876,101,623,465,712,250,397,971,444,666,314,628,943,249,347,286,444,70,44,55,37,82,84,92,88,86,61,29,114,56,50,107,34,20,85,104,38,59,39,63,21,15,56,33,95,48,45,56,44
[ 8918.817392] [AOA] Measurement: 0,1627136536.194264,08:55:31:9b:05:29,2,1,2,0,128,320,110,248,443,937,1021,709,262,371,927,759,691,213,921,936,715,789,924,997,874,273,396,993,469,683,257,603,911,224,340,918,196,68,43,55,35,81,84,92,84,87,61,29,112,56,50,107,32,22,85,100,36,57,38,61,23,14,54,33,90,43,41,54,41
[ 8918.862378] [AOA] Measurement: 0,1627136536.239250,08:55:31:9b:05:29,2,1,2,0,128,361,145,622,199,972,1011,129,55,337,940,752,657,212,935,426,903,696,838,386,659,688,174,434,260,20,6,966,677,661,109,346,640,65,38,53,33,83,83,85,80,89,59,29,104,53,48,98,25,21,81,87,33,54,37,55,21,10,48,29,81,33,29,45,32
[ 8918.908256] [AOA] Measurement: 0,1627136536.285124,08:55:31:9b:05:29,2,1,2,0,128,800,964,729,218,915,992,687,227,335,935,747,646,176,928,437,862,719,842,983,873,689,149,392,224,66,38,993,668,760,191,47,372,70,46,57,38,79,83,88,86,86,66,32,105,58,54,101,36,23,83,97,40,60,42,64,24,16,58,36,91,46,45,57,44
[ 8918.953252] [AOA] Measurement: 0,1627136536.330126,08:55:31:9b:05:29,2,1,2,0,128,325,174,203,435,346,782,101,55,843,710,210,456,687,727,484,951,759,901,952,894,716,176,442,235,638,238,574,886,738,151,972,242,68,39,55,35,82,83,91,83,88,63,29,109,56,51,107,31,22,85,101,38,58,39,60,21,11,54,32,91,40,37,54,39
[ 8918.995668] [AOA] Measurement: 0,1627136536.372536,08:55:31:9b:05:29,2,1,2,0,128,452,250,256,493,952,1006,616,200,331,932,699,646,642,737,471,915,757,844,14,899,279,434,970,478,696,264,583,909,255,371,809,968,69,41,55,37,83,85,91,84,88,61,30,112,56,50,108,32,21,86,103,36,58,39,62,23,14,56,34,95,43,40,55,41
[ 8919.034136] [AOA] Measurement: 0,1627136536.411011,08:55:31:9b:05:29,2,1,2,0,128,346,134,263,430,918,986,636,195,373,921,168,441,661,745,891,681,210,667,428,675,649,108,460,248,111,27,26,699,747,194,718,962,69,42,56,36,80,84,93,88,85,62,29,112,56,49,106,34,21,85,105,39,58,38,63,22,16,54,32,93,46,44,55,44
[ 8919.078833] [AOA] Measurement: 0,1627136536.455705,08:55:31:9b:05:29,2,1,2,0,128,390,193,265,491,986,41,757,328,359,923,771,647,150,873,979,745,726,887,994,883,684,177,7,482,639,236,598,908,310,362,128,302,67,41,53,36,83,84,93,85,88,62,28,112,55,50,106,31,22,85,98,36,57,40,60,22,13,54,32,92,42,38,54,40
[ 8919.123163] [AOA] Measurement: 0,1627136536.500037,08:55:31:9b:05:29,2,1,2,0,128,375,181,176,416,904,965,158,96,360,937,697,634,239,966,539,988,673,843,1003,904,278,418,1019,476,609,247,647,969,213,310,20,219,65,37,51,33,78,79,83,78,88,58,26,105,54,51,101,26,20,82,90,33,52,35,55,20,8,46,28,79,30,29,42,31
[ 8919.165332] [AOA] Measurement: 0,1627136536.542201,08:55:31:9b:05:29,2,1,2,0,128,419,202,195,454,895,974,33,7,831,700,182,428,665,723,934,711,174,677,512,683,704,169,1019,453,86,27,598,891,213,313,499,817,66,39,53,34,81,83,86,80,85,59,26,105,53,49,101,27,20,81,94,33,53,38,56,20,10,51,32,85,35,31,48,34
[ 8919.208281] [AOA] Measurement: 0,1627136536.585157,08:55:31:9b:05:29,2,1,2,0,128,344,171,209,450,884,952,696,283,346,941,725,660,182,933,433,922,696,887,999,900,210,360,28,510,688,270,594,911,232,324,122,348,68,39,54,34,81,83,90,82,88,61,29,110,55,49,104,29,21,85,99,37,55,39,59,20,11,52,33,90,38,35,52,38
[ 8919.251100] [AOA] Measurement: 0,1627136536.627971,08:55:31:9b:05:29,2,1,2,0,128,809,986,733,245,370,811,129,44,850,738,778,676,639,716,482,875,723,861,39,911,260,354,949,389,88,42,92,719,726,167,567,887,67,39,53,33,82,84,90,82,87,59,27,108,55,49,100,26,20,78,90,34,52,37,53,21,10,48,30,84,34,32,48,33
[ 8919.293597] [AOA] Measurement: 0,1627136536.670471,08:55:31:9b:05:29,2,1,2,0,128,377,163,691,199,893,977,733,301,319,898,227,484,629,695,970,729,118,646,447,691,694,145,345,150,60,1008,44,736,735,155,30,452,67,41,56,35,84,85,92,86,89,62,29,110,56,52,107,30,22,85,102,38,56,40,61,23,12,54,33,91,43,40,54,41
[ 8919.336434] [AOA] Measurement: 0,1627136536.713308,08:55:31:9b:05:29,2,1,2,0,128,865,1002,608,138,363,781,153,53,874,759,762,642,170,921,447,854,159,662,417,669,632,97,411,223,157,52,35,706,732,159,436,804,69,44,54,36,80,84,92,87,87,61,30,112,57,50,105,33,21,87,102,38,57,40,63,22,14,56,33,94,46,44,57,42
[ 8919.380841] [AOA] Measurement: 0,1627136536.757709,08:55:31:9b:05:29,2,1,2,0,128,807,964,735,233,384,778,124,86,840,729,197,449,686,718,994,739,675,867,428,642,751,212,397,198,104,13,45,710,728,161,612,1000,69,41,54,36,82,83,87,81,87,64,31,100,58,51,94,29,23,82,90,37,57,42,60,22,11,52,34,83,37,34,52,37
[ 8919.430252] [AOA] Measurement: 0,1627136536.807120,08:55:31:9b:05:29,2,1,2,0,128,816,971,703,193,340,757,161,51,814,723,253,477,618,651,944,700,200,675,425,658,684,141,460,264,745,277,573,917,247,321,47,353,69,42,55,36,81,83,92,86,89,63,29,114,56,52,108,32,22,85,102,37,58,39,62,22,13,55,33,94,44,40,56,42
[ 8919.469567] [AOA] Measurement: 0,1627136536.846439,08:55:31:9b:05:29,2,1,2,0,128,819,995,663,217,372,765,151,58,814,707,153,433,639,677,874,638,174,647,381,656,698,165,409,218,80,8,56,699,695,164,906,208,67,43,53,37,79,84,90,86,84,63,29,112,56,49,106,33,20,85,101,38,57,39,60,22,14,54,32,94,45,42,55,41
[ 8919.507376] [AOA] Measurement: 0,1627136536.884248,08:55:31:9b:05:29,2,1,2,0,128,390,202,281,437,1003,41,639,263,396,988,740,656,227,959,535,968,761,923,1022,907,225,407,17,503,641,248,675,965,257,349,992,205,69,40,55,35,85,85,91,84,88,62,29,113,56,52,106,31,21,87,100,38,54,40,60,21,13,52,34,90,41,36,52,39
[ 8919.545974] [AOA] Measurement: 0,1627136536.922848,08:55:31:9b:05:29,2,1,2,0,128,387,152,158,421,957,1011,638,219,320,909,756,659,137,894,453,907,658,785,428,637,722,176,436,235,639,207,590,903,710,181,815,51,67,40,54,35,81,84,87,80,89,61,29,108,55,51,105,30,21,85,97,34,54,37,56,20,11,50,32,85,36,32,49,34
[ 8919.589122] [AOA] Measurement: 0,1627136536.965995,08:55:31:9b:05:29,2,1,2,0,128,846,983,664,205,872,948,102,58,868,782,201,454,624,688,530,929,178,689,486,721,765,194,11,475,670,256,604,905,704,146,559,913,70,43,56,36,82,83,91,87,87,63,30,114,56,50,108,34,20,85,101,38,58,40,62,22,15,57,34,95,45,44,57,42
[ 8919.627362] [AOA] Measurement: 0,1627136537.004234,08:55:31:9b:05:29,2,1,2,0,128,789,944,695,200,347,771,156,65,832,712,249,447,608,664,894,683,245,703,396,648,724,161,539,313,102,3,36,692,711,169,307,686,68,41,52,36,81,84,90,84,88,60,29,113,55,49,107,32,21,83,98,37,57,37,61,21,14,54,32,92,42,40,54,42
[ 8919.665287] [AOA] Measurement: 0,1627136537.042161,08:55:31:9b:05:29,2,1,2,0,128,385,195,235,427,967,0,672,269,420,982,717,615,194,925,454,940,740,904,967,831,221,379,1023,495,709,313,607,948,290,378,444,527,67,41,53,35,83,85,90,85,89,61,29,113,56,49,106,31,22,85,100,37,56,38,61,21,14,53,33,91,43,40,55,41
[ 8919.708682] [AOA] Measurement: 0,1627136537.085555,08:55:31:9b:05:29,2,1,2,0,128,373,175,189,403,949,1012,684,260,419,935,724,636,190,933,535,981,757,893,1015,923,300,415,16,511,633,263,582,935,181,285,335,561,68,44,53,35,78,80,92,86,81,60,29,109,53,46,103,34,20,82,103,37,56,37,60,22,15,55,31,91,48,45,55,44
[ 8919.752036] [AOA] Measurement: 0,1627136537.128909,08:55:31:9b:05:29,2,1,2,0,128,846,993,210,438,916,989,97,50,876,720,128,430,622,682,915,707,204,679,371,659,714,204,421,242,640,233,584,912,273,348,700,888,68,43,56,38,81,82,88,81,86,63,30,102,56,53,97,30,23,80,87,36,56,39,58,21,11,50,33,79,36,34,49,34
[ 8919.790144] [AOA] Measurement: 0,1627136537.167013,08:55:31:9b:05:29,2,1,2,0,128,804,978,715,254,396,814,706,265,365,908,755,671,166,917,546,974,792,903,991,897,268,409,934,429,19,1009,22,728,697,140,243,570,69,42,54,35,82,84,92,85,84,62,29,113,56,48,107,33,22,85,103,38,58,39,61,22,14,55,33,95,46,43,56,43
[ 8919.832877] [AOA] Measurement: 0,1627136537.209746,08:55:31:9b:05:29,2,1,2,0,128,359,152,170,354,403,799,84,20,876,742,814,676,196,928,513,962,758,903,1020,897,258,413,987,448,685,271,565,862,288,390,1015,265,69,44,57,38,80,83,88,79,84,63,31,103,59,52,98,31,23,80,93,39,59,40,61,23,12,54,35,83,41,36,54,39
[ 8919.883299] [AOA] Measurement: 0,1627136537.260167,08:55:31:9b:05:29,2,1,2,0,128,838,1005,673,198,387,811,69,34,802,704,224,464,684,724,474,879,765,895,1017,886,274,395,960,435,645,239,548,879,719,160,140,500,69,41,57,37,82,82,84,81,88,63,31,103,56,53,96,30,24,83,94,39,58,42,61,23,13,54,35,85,42,39,53,40
[ 8919.923305] [AOA] Measurement: 0,1627136537.300179,08:55:31:9b:05:29,2,1,2,0,128,408,228,277,476,966,988,681,264,349,905,733,654,148,885,521,954,702,877,1005,888,259,408,42,495,620,193,623,927,235,327,444,629,66,40,56,35,81,80,83,78,86,58,28,98,52,51,93,26,22,78,83,35,55,38,56,21,9,51,32,75,33,29,48,33
[ 8919.966461] [AOA] Measurement: 0,1627136537.343335,08:55:31:9b:05:29,2,1,2,0,128,819,980,653,195,345,756,135,62,841,717,795,683,189,925,503,882,239,734,967,878,216,327,939,392,684,260,535,900,744,163,478,891,67,41,53,35,82,84,88,84,90,62,30,110,55,52,106,30,20,84,96,36,56,38,59,20,11,51,32,89,37,38,51,37
[ 8920.013561] [AOA] Measurement: 0,1627136537.390429,08:55:31:9b:05:29,2,1,2,0,128,822,0,223,468,958,1007,642,213,820,728,186,444,593,654,915,716,195,680,435,663,709,212,409,255,73,34,14,718,658,113,472,838,69,44,53,37,80,82,92,86,83,62,29,112,54,48,104,34,20,82,104,38,57,38,61,23,15,55,32,94,46,43,57,43
[ 8920.056145] [AOA] Measurement: 0,1627136537.433013,08:55:31:9b:05:29,2,1,2,0,128,869,4,234,470,916,987,602,204,337,890,734,649,166,892,468,894,733,907,1015,938,301,454,11,476,669,284,550,875,251,346,756,11,67,42,56,35,82,86,90,85,89,63,30,113,57,51,108,30,22,87,100,37,56,37,60,20,12,53,33,91,41,38,54,40
[ 8920.098951] [AOA] Measurement: 0,1627136537.475819,08:55:31:9b:05:29,2,1,2,0,128,835,1004,192,396,414,810,734,331,407,992,783,669,142,858,923,706,156,664,472,732,235,388,981,465,676,236,579,925,257,363,51,310,67,42,55,35,82,84,91,84,86,64,28,110,55,48,105,30,22,84,96,36,55,37,59,22,11,52,32,86,37,35,50,36
[ 8920.137273] [AOA] Measurement: 0,1627136537.514146,08:55:31:9b:05:29,2,1,2,0,128,867,990,668,197,360,807,107,30,334,903,198,473,651,714,476,867,753,899,55,920,298,420,983,452,664,231,7,700,722,165,119,414,68,41,54,34,84,86,90,86,89,61,29,111,57,51,106,32,22,84,100,36,55,37,59,21,13,53,33,91,41,39,53,39
[ 8920.177998] [AOA] Measurement: 0,1627136537.554869,08:55:31:9b:05:29,2,1,2,0,128,361,189,222,422,895,983,623,228,356,922,161,437,184,942,459,927,737,841,1013,881,279,404,970,428,607,215,545,824,275,342,860,79,67,42,52,36,77,81,89,85,82,60,29,110,55,46,105,33,22,83,102,37,56,38,62,21,15,53,32,93,47,44,54,43
[ 8920.216879] [AOA] Measurement: 0,1627136537.593752,08:55:31:9b:05:29,2,1,2,0,128,316,111,662,228,402,778,710,308,315,904,771,690,176,901,491,927,745,904,1016,889,217,339,350,219,90,52,630,949,265,380,525,617,70,45,58,38,83,85,88,84,86,65,32,102,58,52,100,33,25,82,95,40,59,42,63,24,15,55,37,87,44,40,58,42
[ 8920.260998] [AOA] Measurement: 0,1627136537.637871,08:55:31:9b:05:29,2,1,2,0,128,373,151,211,446,407,839,95,64,840,734,171,458,147,906,470,918,706,853,450,691,282,417,982,415,664,247,539,873,311,372,772,978,69,47,57,38,81,83,86,83,84,65,31,103,58,51,98,36,24,82,98,41,61,42,63,24,17,57,35,90,49,47,59,47
[ 8920.305936] [AOA] Measurement: 0,1627136537.682809,08:55:31:9b:05:29,2,1,2,0,128,315,163,238,431,900,1011,111,64,378,933,767,697,180,892,526,958,763,875,1014,916,230,365,976,417,66,3,11,707,281,350,608,765,67,43,54,36,78,82,91,86,82,61,29,111,54,47,104,34,19,83,103,38,56,38,61,22,15,56,31,92,46,45,58,43
[ 8920.353952] [AOA] Measurement: 0,1627136537.730825,08:55:31:9b:05:29,2,1,2,0,128,415,196,256,444,14,11,782,332,368,918,828,734,182,901,478,912,678,844,945,829,230,361,984,472,685,301,556,904,231,359,973,198,69,46,56,38,80,83,89,85,81,65,32,104,57,51,97,36,23,82,95,42,61,41,63,24,16,58,35,90,48,44,60,46
[ 8920.391758] [AOA] Measurement: 0,1627136537.768631,08:55:31:9b:05:29,2,1,2,0,128,383,180,233,466,888,981,148,104,829,733,187,423,657,726,519,974,779,901,1021,910,206,355,943,426,644,209,564,867,188,334,1008,253,69,42,55,36,83,84,92,87,84,62,30,112,57,48,107,34,20,85,101,39,58,38,63,22,16,55,33,95,47,45,56,43
[ 8920.435856] [AOA] Measurement: 0,1627136537.812729,08:55:31:9b:05:29,2,1,2,0,128,760,933,707,249,440,864,604,234,361,930,757,655,148,908,442,871,691,824,482,703,758,207,470,262,704,272,588,939,189,298,188,475,72,47,59,40,81,83,91,84,81,65,31,102,58,51,98,37,24,82,96,42,60,42,64,24,18,57,36,91,50,47,60,48
[ 8920.479874] [AOA] Measurement: 0,1627136537.856747,08:55:31:9b:05:29,2,1,2,0,128,891,0,230,387,354,767,120,56,828,699,133,380,624,687,926,680,218,702,434,672,289,408,1011,458,720,264,613,921,243,382,113,443,70,42,56,37,84,85,93,85,86,63,29,111,54,49,105,33,21,85,101,38,59,39,61,22,15,56,33,92,43,42,56,40
[ 8920.519122] [AOA] Measurement: 0,1627136537.895990,08:55:31:9b:05:29,2,1,2,0,128,838,1004,680,180,444,843,742,296,364,874,762,668,646,687,925,693,121,626,448,691,739,209,422,252,118,41,15,711,669,94,637,16,66,38,53,33,81,82,86,80,88,59,27,106,53,49,102,27,21,81,93,33,54,36,56,19,10,49,29,81,33,31,46,33
[ 8920.561837] [AOA] Measurement: 0,1627136537.938709,08:55:31:9b:05:29,2,1,2,0,128,356,168,177,415,384,803,73,12,834,725,191,471,622,676,954,733,763,878,8,875,709,186,971,420,714,290,628,917,231,335,104,400,69,43,55,35,82,83,92,86,84,62,28,112,53,47,104,33,20,84,101,39,57,38,61,23,15,55,32,92,47,44,56,42
[ 8920.608866] [AOA] Measurement: 0,1627136537.985740,08:55:31:9b:05:29,2,1,2,0,128,342,147,226,417,999,7,627,203,837,734,754,683,132,884,529,967,717,823,10,888,247,453,21,505,676,298,529,886,246,354,390,712,69,45,57,37,82,84,90,85,82,64,32,104,58,50,98,35,24,82,97,40,61,42,65,24,15,59,35,91,49,47,60,46
[ 8920.654777] [AOA] Measurement: 0,1627136538.031645,08:55:31:9b:05:29,2,1,2,0,128,353,166,192,441,928,968,706,262,816,719,209,457,246,942,530,977,772,873,1022,892,252,385,957,437,595,224,513,881,726,143,828,54,66,41,52,34,82,84,88,82,87,61,28,106,55,49,103,29,20,83,99,37,55,36,58,21,12,51,32,87,38,36,51,38
[ 8920.699145] [AOA] Measurement: 0,1627136538.076017,08:55:31:9b:05:29,2,1,2,0,128,781,969,226,444,937,964,671,224,414,942,728,652,653,701,981,778,752,867,1002,927,304,403,994,490,623,239,566,885,305,383,802,981,68,43,54,35,80,84,93,85,86,62,29,110,56,50,105,35,21,85,102,37,58,40,61,22,14,55,33,93,44,40,55,41
[ 8920.743538] [AOA] Measurement: 0,1627136538.120414,08:55:31:9b:05:29,2,1,2,0,128,314,115,713,252,929,986,660,250,375,944,674,624,186,948,438,919,783,885,986,874,268,404,988,450,614,191,587,906,264,340,867,11,68,43,55,35,82,84,91,87,86,63,29,112,56,50,104,33,20,84,102,37,58,39,61,22,15,54,33,91,43,41,55,42
[ 8920.781788] [AOA] Measurement: 0,1627136538.158662,08:55:31:9b:05:29,2,1,2,0,128,434,224,174,370,979,999,661,255,387,942,742,644,190,937,487,929,163,685,443,676,679,167,409,232,113,35,592,920,651,114,191,518,69,42,55,36,85,86,91,86,87,61,30,112,58,51,107,31,22,86,99,37,57,39,58,21,12,53,32,88,41,37,54,38
[ 8920.823673] [AOA] Measurement: 0,1627136538.200542,08:55:31:9b:05:29,2,1,2,0,128,322,136,617,159,371,783,161,81,867,782,197,451,659,712,973,741,737,881,981,870,236,359,385,206,57,8,42,749,718,177,23,408,69,40,56,36,82,85,90,86,88,61,29,111,57,51,107,32,22,85,103,37,58,38,61,22,13,54,33,90,42,39,54,40
[ 8920.861798] [AOA] Measurement: 0,1627136538.238672,08:55:31:9b:05:29,2,1,2,0,128,773,941,672,183,360,777,61,0,854,774,174,395,654,716,962,733,161,641,460,693,738,209,379,233,118,13,1010,674,749,167,135,538,68,41,54,35,83,83,90,83,84,59,27,109,55,48,106,32,21,85,101,39,58,38,61,22,14,55,33,93,44,41,55,40
[ 8920.902620] [AOA] Measurement: 0,1627136538.279489,08:55:31:9b:05:29,2,1,2,0,128,829,993,648,172,397,806,111,27,879,728,254,494,634,692,555,998,743,874,967,845,260,373,946,402,36,19,44,730,278,336,75,295,69,45,58,38,79,82,89,83,84,64,31,102,59,51,99,35,23,83,98,41,60,42,63,25,15,58,36,91,48,46,59,45
[ 8920.948218] [AOA] Measurement: 0,1627136538.325094,08:55:31:9b:05:29,2,1,2,0,128,825,952,661,203,443,827,141,117,801,707,203,453,617,673,900,671,227,739,1005,890,248,366,941,425,72,1019,1019,670,724,144,970,402,66,42,54,35,82,85,90,84,90,61,29,112,56,50,106,31,21,84,99,36,56,38,59,22,13,52,32,91,39,35,52,37
[ 8920.992432] [AOA] Measurement: 0,1627136538.369306,08:55:31:9b:05:29,2,1,2,0,128,825,942,669,158,417,809,177,74,416,973,783,662,194,908,953,695,237,706,4,922,242,363,425,242,49,1019,14,688,802,214,811,224,69,44,55,36,77,84,88,85,86,62,29,110,55,48,106,33,21,84,103,38,58,39,61,22,15,55,32,94,45,43,56,43
[ 8921.034402] [AOA] Measurement: 0,1627136538.411270,08:55:31:9b:05:29,2,1,2,0,128,377,212,218,463,1009,39,706,299,454,1016,764,687,187,920,500,943,750,900,23,892,333,473,5,485,650,258,500,871,711,146,770,5,70,46,58,39,80,85,88,84,86,66,32,104,58,54,99,35,22,83,96,41,60,42,66,25,16,57,35,92,47,44,58,44
[ 8921.097192] [AOA] Measurement: 0,1627136538.474066,08:55:31:9b:05:29,2,1,2,0,128,779,919,713,239,427,840,101,12,875,750,174,453,602,662,941,718,202,685,434,668,685,160,442,238,623,214,521,857,746,178,254,601,68,43,54,37,81,82,91,86,83,60,28,112,55,47,106,35,20,84,103,39,56,38,62,22,16,54,32,96,46,43,56,43
[ 8921.141127] [AOA] Measurement: 0,1627136538.518002,08:55:31:9b:05:29,2,1,2,0,128,360,184,194,466,934,971,723,288,439,1017,751,715,199,899,512,965,690,866,947,823,226,362,1004,491,659,226,454,828,709,142,608,836,69,44,57,37,82,83,88,85,86,66,33,104,59,54,98,36,24,82,95,39,59,41,62,24,14,56,36,89,45,41,55,41
[ 8921.179312] [AOA] Measurement: 0,1627136538.556188,08:55:31:9b:05:29,2,1,2,0,128,385,195,256,415,916,976,154,57,815,718,220,455,169,909,504,932,694,819,6,895,244,378,1006,458,632,208,595,882,198,339,747,993,66,40,54,33,80,84,87,83,89,61,28,111,55,49,104,30,22,84,97,35,56,38,58,20,12,51,33,89,41,37,52,38
[ 8921.223371] [AOA] Measurement: 0,1627136538.600246,08:55:31:9b:05:29,2,1,2,0,128,795,934,736,292,942,1006,744,288,344,896,747,648,206,880,472,945,686,820,953,822,194,354,1023,500,658,241,530,862,727,153,406,711,68,38,54,34,81,83,88,81,89,61,29,109,55,50,103,29,21,82,97,36,55,37,59,21,12,51,31,89,39,37,53,38
[ 8921.273553] [AOA] Measurement: 0,1627136538.650424,08:55:31:9b:05:29,2,1,2,0,128,845,973,658,210,409,785,121,48,870,763,241,518,174,916,502,933,781,926,951,890,661,164,984,405,81,9,981,665,742,137,756,176,68,40,53,34,82,86,91,84,87,61,29,110,55,51,106,30,21,85,102,38,56,39,60,21,13,53,34,91,42,39,55,39
[ 8921.323038] [AOA] Measurement: 0,1627136538.699906,08:55:31:9b:05:29,2,1,2,0,128,859,977,680,181,435,816,695,298,429,955,751,643,227,925,892,672,203,696,437,661,788,238,952,410,689,271,561,896,294,387,377,569,68,42,55,35,81,82,93,85,84,62,29,111,56,48,107,34,21,87,103,38,56,40,63,22,14,56,34,94,45,42,56,43
[ 8921.367526] [AOA] Measurement: 0,1627136538.744402,08:55:31:9b:05:29,2,1,2,0,128,326,136,201,474,884,967,163,83,398,982,755,644,221,954,523,982,745,886,51,956,250,407,973,453,609,210,559,866,300,371,734,816,69,41,55,35,80,82,92,84,87,60,28,110,55,49,107,32,22,86,101,37,56,38,60,21,14,54,33,91,41,40,54,42
[ 8921.411423] [AOA] Measurement: 0,1627136538.788299,08:55:31:9b:05:29,2,1,2,0,128,399,188,152,358,960,999,721,297,324,922,773,678,125,878,537,978,713,863,1016,896,323,448,8,489,695,275,514,888,203,316,299,552,65,39,54,35,82,83,89,81,90,61,28,112,56,50,106,30,21,82,99,36,55,37,58,20,13,52,32,88,41,38,53,38
[ 8921.461178] [AOA] Measurement: 0,1627136538.838046,08:55:31:9b:05:29,2,1,2,0,128,369,195,214,453,989,1,710,297,385,927,722,671,161,919,932,732,722,857,35,945,240,409,972,461,681,265,604,936,284,405,378,473,65,38,51,33,79,82,86,83,89,60,28,110,55,51,106,29,22,84,97,34,54,36,57,19,11,50,30,86,36,35,49,35
[ 8921.513938] [AOA] Measurement: 0,1627136538.890805,08:55:31:9b:05:29,2,1,2,0,128,854,1017,199,389,959,1020,645,270,324,912,241,471,597,686,934,677,183,641,385,646,689,150,419,211,145,62,991,667,760,198,1017,259,70,45,57,40,83,84,89,85,86,65,30,104,57,51,100,35,23,83,97,42,61,42,64,24,17,59,36,92,49,47,59,46
[ 8921.552538] [AOA] Measurement: 0,1627136538.929412,08:55:31:9b:05:29,2,1,2,0,128,372,173,272,499,964,1017,632,238,391,965,859,764,164,883,473,928,744,901,960,865,238,415,1016,471,639,214,582,939,274,380,52,158,67,41,55,34,82,85,91,84,87,61,28,112,56,50,106,31,22,85,96,37,55,38,60,22,13,53,32,88,41,37,52,38
[ 8921.595032] [AOA] Measurement: 0,1627136538.971901,08:55:31:9b:05:29,2,1,2,0,128,348,140,670,229,354,819,151,45,369,967,722,656,195,883,461,940,170,646,459,674,720,178,385,226,737,277,519,860,711,139,74,396,67,42,55,36,81,81,92,85,85,61,29,111,55,49,104,34,21,84,103,38,58,39,62,22,14,54,34,91,44,42,54,40
[ 8921.639204] [AOA] Measurement: 0,1627136539.016078,08:55:31:9b:05:29,2,1,2,0,128,341,165,204,409,929,1005,597,226,376,928,218,472,668,695,940,667,805,936,18,905,366,431,1020,438,649,256,518,876,231,353,100,350,67,40,54,34,82,84,90,84,90,62,29,111,57,50,104,29,21,82,98,36,55,37,60,19,12,52,33,89,39,35,53,37
[ 8921.683220] [AOA] Measurement: 0,1627136539.060096,08:55:31:9b:05:29,2,1,2,0,128,359,157,238,421,342,788,180,96,417,988,865,730,212,933,495,930,682,871,444,664,782,213,460,262,79,46,564,907,189,296,169,436,66,39,54,35,83,84,88,80,87,59,27,109,55,51,103,27,21,83,95,34,53,37,58,20,9,49,31,81,33,31,46,32
[ 8921.732800] [AOA] Measurement: 0,1627136539.109668,08:55:31:9b:05:29,2,1,2,0,128,837,952,693,258,971,1015,696,260,349,891,731,660,189,910,508,961,692,868,7,904,236,352,1005,455,120,96,556,853,232,333,716,975,65,38,53,34,80,84,89,82,88,60,28,109,55,50,102,27,21,79,91,33,54,35,57,19,10,49,30,82,34,32,47,34
[ 8921.787507] [AOA] Measurement: 0,1627136539.164382,08:55:31:9b:05:29,2,1,2,0,128,356,149,666,187,968,8,734,294,391,965,897,734,204,949,466,899,729,858,972,878,718,189,1009,463,688,273,591,926,374,487,674,674,66,43,53,36,77,81,89,84,80,61,28,109,52,47,104,34,20,81,102,38,54,38,60,22,13,55,31,92,43,41,53,41
[ 8921.831913] [AOA] Measurement: 0,1627136539.208789,08:55:31:9b:05:29,2,1,2,0,128,841,983,719,226,951,983,80,14,899,807,758,612,670,704,964,709,122,643,474,683,678,173,374,188,143,42,1,695,687,157,478,740,68,41,56,35,82,84,91,84,86,62,30,112,57,50,108,31,22,86,99,37,57,38,60,21,12,53,34,90,41,39,55,41
[ 8921.880466] [AOA] Measurement: 0,1627136539.257341,08:55:31:9b:05:29,2,1,2,0,128,388,193,203,437,963,2,669,250,338,887,753,638,670,741,539,940,727,909,1006,914,242,406,952,447,602,224,587,929,209,337,492,636,68,42,54,36,80,82,91,84,86,61,28,111,55,48,106,32,22,83,100,38,57,38,61,22,13,55,33,91,41,40,55,41
[ 8921.918930] [AOA] Measurement: 0,1627136539.295799,08:55:31:9b:05:29,2,1,2,0,128,384,174,250,478,921,991,661,267,353,938,704,622,181,930,507,969,731,887,27,918,244,423,1000,458,594,210,522,850,214,304,1010,253,65,41,56,36,82,81,88,81,88,63,30,102,58,53,100,31,23,82,93,40,56,40,60,22,13,54,34,86,41,39,53,41
[ 8921.962338] [AOA] Measurement: 0,1627136539.339206,08:55:31:9b:05:29,2,1,2,0,128,885,49,167,369,899,943,88,10,774,666,236,452,627,679,915,686,166,660,398,681,777,219,947,385,655,212,982,654,724,135,184,600,70,46,58,39,82,84,90,85,84,62,31,103,57,50,98,36,22,83,96,42,61,41,63,25,17,58,36,91,48,46,57,45
[ 8922.009106] [AOA] Measurement: 0,1627136539.385981,08:55:31:9b:05:29,2,1,2,0,128,418,221,236,443,903,986,674,275,388,966,160,450,125,883,947,721,752,953,962,862,259,390,492,316,734,273,615,903,300,375,697,855,67,42,54,35,81,83,91,83,88,61,29,111,55,49,105,31,21,84,100,37,55,39,60,21,12,53,32,92,41,38,54,39
[ 8922.047162] [AOA] Measurement: 0,1627136539.424038,08:55:31:9b:05:29,2,1,2,0,128,373,173,242,443,893,979,127,84,818,717,168,449,701,734,982,737,807,920,1011,905,288,394,2,424,644,240,599,937,239,348,708,964,66,37,53,33,83,82,87,80,89,61,27,107,54,50,103,27,21,82,91,33,52,36,57,19,10,48,29,79,32,31,45,34
[ 8922.092885] [AOA] Measurement: 0,1627136539.469754,08:55:31:9b:05:29,2,1,2,0,128,335,142,224,454,914,994,657,203,347,903,765,652,639,694,966,735,741,897,407,664,712,143,446,241,82,21,24,696,689,106,683,1019,67,42,53,36,83,83,92,85,86,63,29,113,56,50,106,33,21,86,102,38,57,38,62,22,14,55,34,94,46,44,56,42
[ 8922.139162] [AOA] Measurement: 0,1627136539.516036,08:55:31:9b:05:29,2,1,2,0,128,379,193,194,453,923,987,639,240,779,701,208,483,621,695,966,727,200,730,402,616,724,174,429,265,618,229,520,845,744,206,222,425,68,40,56,34,80,82,91,85,88,60,29,112,53,50,106,31,22,86,99,37,56,37,59,20,11,51,32,88,40,38,50,37
[ 8922.183617] [AOA] Measurement: 0,1627136539.560490,08:55:31:9b:05:29,2,1,2,0,128,442,201,257,460,968,1002,640,218,448,985,762,707,206,942,479,962,733,885,405,633,710,202,24,482,610,195,535,846,696,131,260,545,67,41,54,35,81,85,91,85,86,61,28,111,54,51,106,33,20,85,101,37,56,39,60,22,13,54,33,94,44,42,56,43
[ 8922.225884] [AOA] Measurement: 0,1627136539.602753,08:55:31:9b:05:29,2,1,2,0,128,384,169,237,404,914,980,643,225,806,682,235,456,668,733,492,865,795,901,449,717,688,129,450,218,136,9,41,736,749,215,277,597,66,38,53,33,81,82,85,79,89,61,28,108,53,49,102,25,21,81,89,34,51,35,55,19,9,49,30,80,33,28,46,33
[ 8922.269099] [AOA] Measurement: 0,1627136539.645968,08:55:31:9b:05:29,2,1,2,0,128,796,974,699,241,370,790,163,71,854,758,765,651,182,904,933,669,201,683,455,699,718,135,480,268,72,30,619,925,228,351,283,575,68,44,56,35,81,85,92,87,87,63,29,112,55,50,105,32,20,85,100,38,57,38,61,22,13,53,33,93,44,41,54,42
[ 8922.311902] [AOA] Measurement: 0,1627136539.688771,08:55:31:9b:05:29,2,1,2,0,128,829,941,671,244,951,1016,672,221,367,915,172,467,577,656,953,745,741,881,989,879,180,375,378,207,138,70,25,705,733,137,26,447,69,43,53,37,79,85,91,83,86,61,29,112,56,49,106,34,20,84,104,39,58,39,61,22,13,58,33,95,47,44,55,44
[ 8922.360261] [AOA] Measurement: 0,1627136539.737136,08:55:31:9b:05:29,2,1,2,0,128,330,160,198,439,971,21,717,279,400,972,762,684,227,937,576,1005,743,880,55,946,242,419,1019,483,667,243,565,898,272,333,623,724,66,43,53,36,78,79,90,85,81,60,29,110,53,47,102,35,21,83,101,38,56,37,59,21,16,53,32,91,48,44,55,43
[ 8922.398411] [AOA] Measurement: 0,1627136539.775285,08:55:31:9b:05:29,2,1,2,0,128,356,133,167,410,945,987,736,301,421,970,753,702,200,948,518,951,704,855,993,892,637,148,995,456,587,223,565,899,249,364,752,904,67,42,54,36,81,82,91,85,85,61,28,111,54,47,105,34,21,83,102,38,56,38,60,21,14,54,31,94,47,43,57,43
[ 8922.443244] [AOA] Measurement: 0,1627136539.820112,08:55:31:9b:05:29,2,1,2,0,128,815,971,689,187,393,828,128,72,350,924,736,641,632,692,945,700,748,860,989,882,276,413,989,432,567,193,981,665,735,153,279,640,66,36,53,33,84,84,87,82,90,61,28,108,54,49,102,26,21,81,92,34,53,36,54,21,9,48,30,80,31,29,45,32
[ 8922.492937] [AOA] Measurement: 0,1627136539.869806,08:55:31:9b:05:29,2,1,2,0,128,884,983,640,223,385,795,75,15,929,803,809,688,188,921,462,913,190,663,464,716,255,376,990,469,612,240,21,733,731,160,194,627,66,43,52,35,76,78,89,84,80,59,28,107,53,46,102,35,20,81,100,38,57,37,60,21,15,53,32,92,48,44,56,44
[ 8922.537275] [AOA] Measurement: 0,1627136539.914150,08:55:31:9b:05:29,2,1,2,0,128,419,190,216,466,1002,0,702,286,364,928,161,480,666,707,488,942,122,651,988,898,205,395,982,460,673,276,540,872,204,382,867,16,67,42,52,35,79,81,90,85,81,59,28,110,52,47,103,33,21,81,102,38,57,37,59,21,14,52,31,92,45,43,55,42
[ 8922.581278] [AOA] Measurement: 0,1627136539.958153,08:55:31:9b:05:29,2,1,2,0,128,338,144,178,402,960,1020,715,275,342,924,788,687,587,679,920,733,791,915,7,918,246,363,963,475,673,291,585,922,320,431,548,708,64,40,52,33,82,83,87,81,88,60,27,111,56,49,104,28,20,81,95,35,55,39,58,21,11,51,32,89,37,36,51,38
[ 8922.624944] [AOA] Measurement: 0,1627136540.001820,08:55:31:9b:05:29,2,1,2,0,128,825,968,613,205,364,814,761,294,457,984,809,740,172,917,502,968,741,852,980,839,677,158,454,255,122,57,562,891,683,120,697,17,67,40,54,34,82,85,88,83,90,60,28,109,56,50,103,29,21,85,95,36,56,37,59,20,11,50,32,87,38,35,52,35
[ 8922.668640] [AOA] Measurement: 0,1627136540.045514,08:55:31:9b:05:29,2,1,2,0,128,324,125,690,197,416,791,681,239,864,749,787,685,649,686,498,870,118,635,458,681,794,222,1018,469,659,288,551,876,721,127,682,1021,68,41,54,36,79,81,91,86,84,60,29,109,55,48,105,32,20,84,102,37,56,38,60,22,15,54,32,94,46,44,55,44
[ 8922.713158] [AOA] Measurement: 0,1627136540.090032,08:55:31:9b:05:29,2,1,2,0,128,323,136,619,236,355,779,122,42,413,945,770,661,236,952,452,932,135,675,1004,904,232,359,15,506,647,273,547,880,651,99,168,573,66,38,54,34,83,83,87,81,88,63,28,111,56,51,106,28,22,83,96,36,55,38,59,21,11,50,33,88,38,35,50,37
[ 8922.762056] [AOA] Measurement: 0,1627136540.138931,08:55:31:9b:05:29,2,1,2,0,128,327,155,254,443,930,986,34,39,865,744,770,632,681,729,489,957,732,872,1011,931,270,453,943,423,82,26,52,716,741,154,455,698,67,41,53,35,79,83,88,82,88,61,28,110,55,49,105,31,21,83,99,37,55,37,58,22,11,53,31,88,40,35,51,38
[ 8922.800394] [AOA] Measurement: 0,1627136540.177262,08:55:31:9b:05:29,2,1,2,0,128,832,959,689,197,436,851,639,211,848,728,734,620,665,716,514,954,145,653,486,712,682,162,1010,465,638,264,608,933,293,434,454,669,69,41,54,34,81,84,93,85,87,63,28,111,57,49,105,32,22,85,100,38,58,39,61,22,14,55,34,93,44,41,55,40
[ 8922.844494] [AOA] Measurement: 0,1627136540.221368,08:55:31:9b:05:29,2,1,2,0,128,862,971,693,216,384,829,153,59,862,714,236,498,228,920,478,926,676,876,970,867,674,163,412,238,700,298,582,905,248,386,759,972,65,38,54,34,82,83,87,81,89,61,28,107,54,50,102,25,21,80,90,33,51,37,54,19,10,49,30,82,34,30,47,31
[ 8922.890284] [AOA] Measurement: 0,1627136540.267152,08:55:31:9b:05:29,2,1,2,0,128,376,198,160,329,888,966,58,12,818,695,226,467,662,693,533,931,693,837,1005,890,288,378,982,423,664,238,556,918,276,363,842,18,70,43,55,37,81,86,92,86,85,62,28,113,55,49,104,33,21,86,102,38,56,39,62,21,14,55,32,93,44,40,54,42
[ 8922.933068] [AOA] Measurement: 0,1627136540.309936,08:55:31:9b:05:29,2,1,2,0,128,848,1012,696,256,378,772,73,25,840,685,239,463,639,736,908,684,801,924,1008,890,233,366,379,202,111,57,562,906,759,204,476,723,65,36,51,33,81,82,85,79,86,58,27,105,55,49,101,26,21,81,93,34,52,37,54,19,9,48,30,79,34,28,45,31
[ 8922.978970] [AOA] Measurement: 0,1627136540.355845,08:55:31:9b:05:29,2,1,2,0,128,795,959,615,170,404,807,149,46,861,734,219,458,631,738,975,756,805,888,985,876,182,344,930,433,117,59,607,947,288,346,684,892,66,41,56,36,82,86,91,85,90,62,27,110,55,49,107,31,21,85,100,36,56,38,61,21,13,54,33,91,40,40,55,40
[ 8923.023626] [AOA] Measurement: 0,1627136540.400500,08:55:31:9b:05:29,2,1,2,0,128,331,158,224,413,964,1000,101,36,874,758,250,504,592,676,890,679,184,650,470,711,262,367,383,178,129,51,617,892,665,110,441,744,67,40,54,34,82,84,89,85,89,61,28,109,56,49,104,29,21,84,98,36,55,37,59,22,12,53,33,91,40,38,53,37
[ 8923.065942] [AOA] Measurement: 0,1627136540.442811,08:55:31:9b:05:29,2,1,2,0,128,773,929,727,259,361,770,137,54,829,739,157,421,686,734,961,717,189,677,427,673,704,150,439,224,123,31,25,741,699,159,131,506,68,40,53,34,82,84,91,84,87,62,28,113,55,50,106,31,21,86,98,36,57,40,59,21,13,53,33,92,41,38,53,38
[ 8923.109040] [AOA] Measurement: 0,1627136540.485908,08:55:31:9b:05:29,2,1,2,0,128,818,939,657,156,376,783,137,50,854,759,215,435,682,746,486,936,721,904,1005,912,280,403,980,430,633,194,66,722,755,217,710,26,68,43,54,37,82,84,92,86,86,61,29,112,55,50,105,33,19,84,101,36,58,39,60,22,14,54,33,94,45,42,55,42
[ 8923.152272] [AOA] Measurement: 0,1627136540.529147,08:55:31:9b:05:29,2,1,2,0,128,376,162,231,424,983,4,733,299,365,926,708,657,195,965,491,980,698,853,1011,937,225,393,912,415,81,50,15,736,697,113,723,19,68,42,55,37,80,84,91,88,86,62,28,112,56,49,107,33,20,84,103,38,57,40,62,22,15,55,34,94,46,44,57,44
[ 8923.190298] [AOA] Measurement: 0,1627136540.567173,08:55:31:9b:05:29,2,1,2,0,128,314,151,687,232,372,785,198,85,883,752,183,414,600,688,955,727,812,926,970,886,353,451,1008,468,626,236,579,937,298,421,363,591,68,41,55,37,80,84,87,81,87,63,31,100,57,53,98,30,23,81,91,38,58,41,61,23,12,54,34,82,40,38,55,39
[ 8923.234794] [AOA] Measurement: 0,1627136540.611670,08:55:31:9b:05:29,2,1,2,0,128,346,140,197,410,942,1003,691,276,399,957,759,651,186,934,496,953,757,892,1017,876,215,383,17,505,665,259,581,909,222,317,887,26,69,39,55,35,83,85,89,84,89,62,29,112,56,49,105,31,21,85,100,36,57,39,60,21,12,50,32,92,43,39,55,39
[ 8923.278622] [AOA] Measurement: 0,1627136540.655495,08:55:31:9b:05:29,2,1,2,0,128,338,125,256,460,946,0,655,233,391,928,675,609,184,909,452,903,777,903,1009,893,291,447,972,436,592,243,521,861,211,316,34,232,67,39,55,36,82,85,89,83,90,61,29,109,55,50,103,30,22,84,96,35,55,38,56,20,12,51,31,84,37,33,49,34
[ 8923.322593] [AOA] Measurement: 0,1627136540.699468,08:55:31:9b:05:29,2,1,2,0,128,406,186,287,516,936,12,735,310,340,937,703,622,640,701,1003,765,192,667,970,865,232,400,13,469,582,215,550,877,744,177,668,938,67,43,53,37,79,83,92,85,84,61,29,112,55,48,106,34,20,84,102,37,57,38,60,21,15,55,33,93,45,44,56,43
[ 8923.364766] [AOA] Measurement: 0,1627136540.741634,08:55:31:9b:05:29,2,1,2,0,128,372,158,240,428,971,1011,658,249,322,897,788,723,132,920,520,977,733,905,976,877,312,407,4,520,614,214,582,910,233,332,161,367,68,42,55,36,81,83,87,82,88,63,31,102,59,54,98,31,24,81,92,38,58,41,61,23,14,55,35,86,43,38,55,41
[ 8923.408848] [AOA] Measurement: 0,1627136540.785723,08:55:31:9b:05:29,2,1,2,0,128,353,136,161,379,942,983,64,25,835,745,161,413,644,718,982,738,699,853,955,868,296,399,1023,479,704,310,564,906,217,326,623,885,65,37,53,34,80,81,84,79,89,59,29,108,54,51,103,28,21,84,94,34,55,38,59,20,11,50,32,84,34,32,47,33
[ 8923.452665] [AOA] Measurement: 0,1627136540.829538,08:55:31:9b:05:29,2,1,2,0,128,808,932,675,172,370,773,75,11,854,756,227,458,680,730,449,913,166,648,466,697,269,403,981,462,37,1015,628,924,269,394,107,279,66,41,53,35,80,83,91,84,88,62,29,111,55,49,104,30,20,84,100,36,57,39,61,20,13,53,32,93,41,40,53,40
[ 8923.495013] [AOA] Measurement: 0,1627136540.871881,08:55:31:9b:05:29,2,1,2,0,128,836,971,670,234,989,1,139,52,355,896,179,459,645,715,893,669,169,692,488,704,734,197,473,238,642,201,992,711,719,136,97,536,68,42,55,35,84,85,91,83,88,62,30,112,57,49,106,31,22,83,100,38,58,39,60,22,14,53,33,92,43,42,55,41
[ 8923.538731] [AOA] Measurement: 0,1627136540.915600,08:55:31:9b:05:29,2,1,2,0,128,834,1006,255,428,977,1001,621,199,405,958,753,667,183,898,459,902,170,696,428,690,693,145,459,255,111,73,7,704,283,371,572,820,66,40,52,35,81,85,88,84,87,62,29,110,55,49,104,30,22,86,99,37,57,39,59,21,12,52,33,90,42,38,53,39
[ 8923.581262] [AOA] Measurement: 0,1627136540.958137,08:55:31:9b:05:29,2,1,2,0,128,399,186,246,461,952,8,661,232,347,937,179,442,203,937,521,968,710,841,456,686,246,387,1006,477,675,255,511,856,692,156,566,805,67,40,53,35,81,84,87,83,88,60,28,111,55,51,106,30,21,83,99,36,56,38,60,22,12,52,31,88,39,36,52,37
[ 8923.619291] [AOA] Measurement: 0,1627136540.996167,08:55:31:9b:05:29,2,1,2,0,128,400,204,184,461,1017,24,625,243,344,899,741,651,218,944,429,922,768,902,992,852,275,430,1023,478,682,283,539,909,323,405,387,373,66,43,54,35,82,85,91,85,89,62,29,112,56,49,103,31,21,85,100,37,57,38,61,23,13,54,32,90,42,38,53,39
[ 8923.663687] [AOA] Measurement: 0,1627136541.040563,08:55:31:9b:05:29,2,1,2,0,128,322,164,644,204,378,773,117,14,385,927,766,672,615,704,956,699,174,668,31,923,245,403,958,430,661,253,519,868,657,120,596,944,69,42,56,35,83,86,93,85,88,62,29,113,55,50,105,33,19,85,100,39,57,40,61,21,13,54,33,92,42,40,56,41
[ 8923.701872] [AOA] Measurement: 0,1627136541.078748,08:55:31:9b:05:29,2,1,2,0,128,853,36,228,417,980,1009,629,221,297,890,179,480,655,698,458,880,119,636,467,712,261,372,975,455,563,188,569,918,280,374,785,923,65,39,53,34,80,82,88,82,88,61,27,106,54,50,104,27,22,84,94,36,53,36,55,19,10,50,30,84,34,32,49,34
[ 8923.744842] [AOA] Measurement: 0,1627136541.121711,08:55:31:9b:05:29,2,1,2,0,128,316,142,687,246,371,795,177,87,372,941,696,657,178,891,475,925,779,902,997,885,183,359,997,461,716,281,544,923,286,409,225,343,68,42,54,36,81,82,92,84,83,60,28,110,53,47,105,33,20,84,102,38,57,36,60,22,16,55,32,94,47,43,55,44
[ 8923.789284] [AOA] Measurement: 0,1627136541.166158,08:55:31:9b:05:29,2,1,2,0,128,437,187,315,475,935,981,692,295,363,969,244,494,274,973,442,859,695,839,15,932,227,362,984,425,640,193,607,895,279,410,875,94,67,41,55,36,82,85,89,84,90,62,28,111,55,51,105,31,20,81,96,35,56,38,59,21,12,52,32,87,39,34,52,37
[ 8923.833481] [AOA] Measurement: 0,1627136541.210353,08:55:31:9b:05:29,2,1,2,0,128,308,118,230,467,331,792,712,255,347,920,782,694,642,728,509,961,739,882,1016,875,246,358,55,488,604,229,609,952,277,372,652,790,66,40,53,34,81,83,87,84,86,61,30,112,56,49,106,30,19,84,99,36,57,37,60,21,12,51,32,90,42,39,53,39
[ 8923.888507] [AOA] Measurement: 0,1627136541.265350,08:55:31:9b:05:29,2,1,2,0,128,413,233,264,502,934,0,628,218,324,943,789,662,231,922,461,935,761,870,978,876,210,361,353,216,624,230,559,875,285,354,252,444,69,42,55,35,82,83,92,85,86,60,29,109,56,50,107,32,20,83,100,38,57,39,62,21,13,53,33,92,43,38,55,40
[ 8923.937158] [AOA] Measurement: 0,1627136541.314031,08:55:31:9b:05:29,2,1,2,0,128,737,961,695,243,962,1022,638,239,448,975,756,674,179,899,528,968,693,860,968,870,239,346,938,440,5,992,4,707,740,127,13,294,68,41,54,36,80,82,91,85,86,61,30,111,56,49,106,32,21,84,101,37,56,39,61,22,14,53,33,91,42,39,53,41
[ 8923.979700] [AOA] Measurement: 0,1627136541.356568,08:55:31:9b:05:29,2,1,2,0,128,419,205,203,393,952,979,711,243,397,922,734,661,151,891,543,964,699,839,969,882,742,213,986,460,629,232,573,927,232,340,944,151,69,41,53,34,83,85,89,84,88,62,30,112,55,51,106,31,22,84,99,37,57,39,60,22,14,55,33,92,41,40,53,39
[ 8924.023750] [AOA] Measurement: 0,1627136541.400624,08:55:31:9b:05:29,2,1,2,0,128,810,952,640,224,397,816,175,75,895,762,193,459,659,721,941,756,201,682,380,596,750,192,501,284,640,229,566,884,677,91,137,488,69,44,57,38,83,85,89,84,86,64,31,103,59,54,101,33,24,85,96,42,61,43,64,24,15,57,35,90,46,43,58,45
[ 8924.061880] [AOA] Measurement: 0,1627136541.438753,08:55:31:9b:05:29,2,1,2,0,128,847,991,665,184,387,803,90,25,856,742,251,490,682,706,873,625,244,710,19,933,240,368,1012,459,74,32,16,683,675,141,490,947,66,40,55,35,81,79,80,77,85,59,29,98,55,52,92,27,23,80,88,36,54,39,58,21,11,50,32,79,34,30,49,35
[ 8924.099750] [AOA] Measurement: 0,1627136541.476626,08:55:31:9b:05:29,2,1,2,0,128,380,179,355,509,948,1001,703,293,377,951,749,680,176,902,500,969,656,816,433,674,725,181,988,458,579,176,44,728,674,138,94,479,68,43,56,37,83,85,89,83,89,63,32,102,59,53,98,31,23,82,95,40,60,42,62,25,14,56,35,86,42,38,54,39
[ 8924.138208] [AOA] Measurement: 0,1627136541.515081,08:55:31:9b:05:29,2,1,2,0,128,367,196,669,197,291,753,88,42,851,743,214,464,667,705,914,659,157,661,438,692,735,205,978,441,690,262,579,904,316,385,102,407,66,42,52,35,81,82,88,83,85,61,28,110,53,50,103,32,21,83,99,36,56,39,60,20,12,53,32,90,41,37,51,39
[ 8924.184782] [AOA] Measurement: 0,1627136541.561650,08:55:31:9b:05:29,2,1,2,0,128,291,138,225,430,384,795,171,73,388,969,721,650,531,674,513,958,689,853,990,868,188,330,998,447,615,228,525,893,250,356,978,205,66,41,53,35,82,83,89,84,85,60,28,109,55,49,105,31,20,83,99,37,56,38,60,21,12,54,32,89,40,38,54,40
[ 8924.227699] [AOA] Measurement: 0,1627136541.604568,08:55:31:9b:05:29,2,1,2,0,128,459,217,200,434,937,1005,653,278,367,946,761,642,202,890,497,963,710,863,403,660,711,166,466,282,671,271,635,949,239,374,91,284,69,43,58,37,83,83,87,81,87,63,33,102,59,53,97,33,23,83,94,40,59,42,61,23,14,56,34,86,40,40,53,39
[ 8924.268281] [AOA] Measurement: 0,1627136541.645156,08:55:31:9b:05:29,2,1,2,0,128,366,164,689,225,949,998,690,264,369,934,181,448,648,702,493,888,785,895,960,837,705,194,956,438,625,222,589,915,283,415,10,120,68,39,53,36,80,83,86,83,85,61,26,109,53,49,106,31,22,85,99,38,56,39,60,22,12,54,33,91,40,37,53,40
[ 8924.325654] [AOA] Measurement: 0,1627136541.702528,08:55:31:9b:05:29,2,1,2,0,128,469,207,225,440,952,988,48,14,783,672,157,415,763,796,458,917,738,870,977,884,254,378,958,418,617,221,10,679,751,150,48,312,68,44,56,38,82,84,86,83,87,65,32,103,59,53,99,34,24,83,95,39,60,42,63,24,15,56,35,88,43,39,55,41
[ 8924.371388] [AOA] Measurement: 0,1627136541.748256,08:55:31:9b:05:29,2,1,2,0,128,343,125,719,247,368,801,653,242,298,896,166,420,702,761,435,900,212,700,983,859,250,378,7,485,604,233,550,892,246,323,682,908,68,41,54,35,84,84,88,82,89,60,28,111,56,50,104,30,21,85,100,37,58,38,58,21,11,55,31,88,39,37,51,38
[ 8924.416937] [AOA] Measurement: 0,1627136541.793810,08:55:31:9b:05:29,2,1,2,0,128,417,183,218,424,897,968,104,37,424,945,821,725,227,922,475,930,779,935,1015,914,284,438,988,492,619,188,502,832,717,154,269,553,65,39,54,35,78,81,80,78,87,60,30,99,53,52,91,27,22,78,82,35,53,37,57,22,10,48,31,73,30,27,45,33
[ 8924.459447] [AOA] Measurement: 0,1627136541.836316,08:55:31:9b:05:29,2,1,2,0,128,400,191,231,450,878,967,653,237,869,779,209,457,615,669,993,750,756,886,989,885,301,429,31,472,637,238,541,875,243,330,531,828,68,39,55,34,81,85,89,85,88,61,28,111,55,50,106,32,21,85,100,38,58,38,61,22,13,53,32,90,43,39,52,39
[ 8924.498120] [AOA] Measurement: 0,1627136541.874991,08:55:31:9b:05:29,2,1,2,0,128,386,188,168,372,362,803,105,28,798,685,167,421,624,708,937,710,151,668,496,735,756,192,411,242,79,14,1003,686,684,88,24,409,69,41,55,36,80,84,92,85,86,60,27,109,55,47,104,32,21,85,103,38,58,40,61,21,14,55,32,93,44,41,55,39
[ 8924.541776] [AOA] Measurement: 0,1627136541.918648,08:55:31:9b:05:29,2,1,2,0,128,320,143,185,451,940,980,642,240,299,889,167,431,160,881,473,962,747,894,1022,895,204,357,31,492,563,187,579,894,303,364,657,956,63,35,51,32,78,80,83,78,86,58,28,104,52,48,99,25,20,79,87,32,52,36,53,19,10,46,29,79,31,28,45,31
[ 8924.590662] [AOA] Measurement: 0,1627136541.967535,08:55:31:9b:05:29,2,1,2,0,128,324,140,207,446,931,1007,647,247,388,950,782,687,164,883,556,1002,777,910,17,935,263,408,969,461,675,259,622,932,220,311,61,287,69,45,54,37,81,84,89,85,85,63,30,104,58,53,101,36,24,82,97,41,61,42,65,24,16,57,35,89,46,45,58,44
[ 8924.629144] [AOA] Measurement: 0,1627136542.006013,08:55:31:9b:05:29,2,1,2,0,128,406,165,295,511,949,1001,725,312,398,950,776,676,122,865,533,938,725,898,993,875,192,377,991,457,585,180,576,906,749,194,921,68,68,42,54,36,80,81,91,84,83,61,28,111,54,47,106,34,21,83,103,38,57,39,60,22,14,55,33,92,44,42,55,43
[ 8924.672372] [AOA] Measurement: 0,1627136542.049240,08:55:31:9b:05:29,2,1,2,0,128,774,966,694,244,465,846,683,250,839,710,310,512,163,891,977,729,708,855,369,660,750,214,15,448,648,239,585,897,252,365,174,438,70,46,58,40,80,84,90,86,84,63,31,104,59,53,97,35,21,83,95,41,60,43,63,24,16,58,35,91,47,44,57,44
[ 8924.722430] [AOA] Measurement: 0,1627136542.099301,08:55:31:9b:05:29,2,1,2,0,128,322,163,185,414,326,785,161,100,355,889,754,691,204,908,530,986,756,904,9,933,300,450,1004,491,677,267,576,915,245,337,483,696,69,40,56,36,81,83,90,85,89,61,29,109,55,50,104,28,22,83,98,37,55,39,59,22,11,52,33,90,39,37,52,39
[ 8924.767262] [AOA] Measurement: 0,1627136542.144136,08:55:31:9b:05:29,2,1,2,0,128,390,157,169,390,340,755,99,46,837,749,205,476,672,742,498,912,696,865,26,939,232,362,958,410,675,217,607,935,234,348,442,645,69,45,57,37,79,83,88,83,83,63,31,102,57,51,98,37,23,83,96,41,60,42,63,24,16,58,35,89,49,47,59,46
[ 8924.809287] [AOA] Measurement: 0,1627136542.186156,08:55:31:9b:05:29,2,1,2,0,128,736,945,680,209,337,736,188,88,852,732,179,473,614,678,963,727,204,712,459,697,697,160,458,267,139,42,979,678,686,142,7,379,63,38,52,33,80,83,87,80,89,61,27,108,53,49,102,26,21,81,96,34,54,37,57,21,12,51,30,86,38,35,50,35
[ 8924.852759] [AOA] Measurement: 0,1627136542.229632,08:55:31:9b:05:29,2,1,2,0,128,265,74,246,432,951,1006,712,317,377,942,763,704,103,864,489,927,738,867,990,880,687,174,974,457,662,311,571,916,215,290,145,369,67,39,54,35,84,85,90,84,89,61,28,110,54,50,106,29,22,85,97,36,56,38,59,20,11,51,32,86,37,33,50,36
[ 8924.903917] [AOA] Measurement: 0,1627136542.280788,08:55:31:9b:05:29,2,1,2,0,128,415,200,235,461,934,998,733,280,352,924,687,629,679,737,934,764,200,689,427,690,295,410,947,427,592,209,541,887,729,147,229,588,67,41,54,35,81,84,89,82,87,62,28,110,55,49,106,31,20,83,100,35,56,39,59,21,13,52,31,90,42,36,51,37
[ 8924.953706] [AOA] Measurement: 0,1627136542.330574,08:55:31:9b:05:29,2,1,2,0,128,830,994,647,184,435,791,109,45,438,970,683,602,164,895,459,882,172,693,446,641,784,203,445,253,666,256,618,947,278,382,899,9,67,41,54,34,84,82,89,85,88,61,29,109,54,50,105,29,21,83,97,37,56,38,57,20,12,53,31,87,38,37,51,38
[ 8924.994953] [AOA] Measurement: 0,1627136542.371827,08:55:31:9b:05:29,2,1,2,0,128,851,987,740,272,949,1003,747,313,401,962,777,648,188,914,491,901,665,839,447,702,767,191,423,232,92,43,969,656,819,238,899,97,68,42,56,35,83,83,91,87,90,63,29,112,57,50,105,32,22,84,102,37,58,39,63,22,13,55,31,93,44,41,55,41
[ 8925.033283] [AOA] Measurement: 0,1627136542.410157,08:55:31:9b:05:29,2,1,2,0,128,338,176,193,414,917,984,682,245,321,908,711,643,209,929,478,928,149,676,1015,908,226,373,960,428,636,213,576,907,294,416,307,480,68,41,54,35,84,86,90,84,88,61,29,110,54,51,106,30,21,84,96,36,54,36,57,21,12,53,31,89,39,35,51,37
[ 8925.078275] [AOA] Measurement: 0,1627136542.455149,08:55:31:9b:05:29,2,1,2,0,128,318,167,665,246,941,1008,688,238,323,895,742,681,188,885,491,950,685,858,991,862,245,372,939,410,696,271,576,920,291,376,562,768,66,40,56,36,80,82,85,82,85,61,30,99,55,52,93,29,22,78,87,37,56,39,57,23,11,51,32,83,36,34,50,37
[ 8925.122153] [AOA] Measurement: 0,1627136542.499027,08:55:31:9b:05:29,2,1,2,0,128,351,172,228,424,945,1019,749,315,409,997,766,688,185,918,518,965,741,866,1005,900,217,352,363,191,99,41,1000,693,731,160,222,392,68,42,55,35,83,84,91,84,89,62,29,113,57,51,106,30,21,85,100,37,55,39,60,21,13,53,32,89,41,38,54,39
[ 8925.171397] [AOA] Measurement: 0,1627136542.548269,08:55:31:9b:05:29,2,1,2,0,128,871,981,635,167,378,788,101,19,814,704,224,476,622,722,866,628,148,672,353,612,710,155,373,181,141,14,59,715,735,190,469,1020,69,41,56,36,82,83,93,84,87,62,30,112,56,48,107,33,21,84,103,39,58,39,60,21,16,56,33,93,45,43,55,42
[ 8925.211469] [AOA] Measurement: 0,1627136542.588311,08:55:31:9b:05:29,2,1,2,0,128,393,188,662,197,355,774,693,285,430,988,824,693,114,866,451,874,120,612,457,687,691,133,446,218,41,34,1015,693,764,204,276,623,68,42,58,36,79,82,85,79,86,63,30,101,57,52,99,31,24,80,89,38,58,41,60,23,13,54,34,85,40,36,53,40
[ 8925.268201] [AOA] Measurement: 0,1627136542.645069,08:55:31:9b:05:29,2,1,2,0,128,406,223,274,488,951,1017,684,261,352,936,746,658,148,898,484,934,775,871,980,878,227,384,994,461,617,207,540,889,750,159,620,923,66,38,54,34,82,83,86,81,87,59,27,107,53,49,102,28,21,82,95,37,54,37,58,20,10,50,33,86,35,32,48,34
[ 8925.311984] [AOA] Measurement: 0,1627136542.688857,08:55:31:9b:05:29,2,1,2,0,128,840,1004,715,274,949,994,115,78,822,721,238,454,689,736,977,737,187,662,391,649,711,186,432,217,639,208,577,908,313,405,562,673,69,43,57,37,82,81,85,81,85,63,32,101,59,54,99,31,24,80,92,39,58,42,62,24,13,55,36,85,40,37,53,39
[ 8925.361564] [AOA] Measurement: 0,1627136542.738432,08:55:31:9b:05:29,2,1,2,0,128,803,954,739,279,938,987,703,267,822,696,208,434,638,719,939,733,803,909,1005,877,212,384,1019,464,611,212,578,913,240,324,103,452,67,41,56,37,81,83,85,78,85,62,30,103,58,53,98,31,23,81,89,38,57,39,60,22,12,53,34,83,39,39,52,38
[ 8925.416898] [AOA] Measurement: 0,1627136542.793770,08:55:31:9b:05:29,2,1,2,0,128,425,220,187,413,21,71,709,260,421,954,856,730,97,868,918,702,207,658,453,646,284,396,988,460,691,271,563,902,241,356,825,1005,64,40,50,34,79,80,90,84,87,61,29,113,55,49,105,31,20,83,103,37,57,38,61,22,14,54,32,92,42,41,54,40
[ 8925.460143] [AOA] Measurement: 0,1627136542.837012,08:55:31:9b:05:29,2,1,2,0,128,337,138,227,448,868,967,93,40,838,704,857,705,224,936,455,909,756,882,436,693,249,383,964,437,36,16,47,743,237,317,606,957,66,41,54,35,79,83,90,85,83,61,29,110,56,48,104,33,20,82,100,38,58,38,61,21,14,54,32,92,44,43,55,42
[ 8925.502674] [AOA] Measurement: 0,1627136542.879548,08:55:31:9b:05:29,2,1,2,0,128,855,974,746,281,363,766,159,50,832,725,769,682,200,934,496,955,735,872,953,851,716,151,405,171,123,74,1012,679,693,147,649,953,67,40,54,34,83,84,90,83,89,61,28,110,54,48,104,29,22,85,98,36,56,37,58,21,11,52,31,88,37,35,52,38
[ 8925.546003] [AOA] Measurement: 0,1627136542.922877,08:55:31:9b:05:29,2,1,2,0,128,330,147,214,416,880,949,112,56,792,732,160,397,651,736,922,705,201,663,526,746,254,403,1005,476,646,231,616,954,183,315,887,241,68,43,54,36,79,82,91,84,84,61,29,112,55,50,108,34,21,85,103,39,56,39,61,22,15,55,33,95,44,43,57,44
[ 8925.589520] [AOA] Measurement: 0,1627136542.966388,08:55:31:9b:05:29,2,1,2,0,128,888,1008,692,218,987,1022,655,241,354,940,738,634,186,904,445,896,213,713,426,699,289,443,988,472,633,251,572,882,214,355,321,575,69,44,57,37,80,84,88,81,88,65,31,102,59,52,101,33,23,83,96,41,59,41,62,24,13,55,36,85,42,39,54,40
[ 8925.632869] [AOA] Measurement: 0,1627136543.009738,08:55:31:9b:05:29,2,1,2,0,128,350,200,236,431,921,993,622,233,852,755,177,450,199,933,477,895,150,660,472,685,695,173,481,286,653,217,582,895,762,204,131,354,68,42,51,36,79,81,91,84,85,61,29,111,54,48,105,32,21,85,103,37,58,40,61,22,14,55,33,93,44,42,54,41
[ 8925.680025] [AOA] Measurement: 0,1627136543.056899,08:55:31:9b:05:29,2,1,2,0,128,874,7,637,193,385,766,64,17,891,773,239,465,633,686,936,695,238,705,979,897,221,354,961,430,737,274,574,923,287,393,452,737,69,42,54,36,84,86,92,85,88,63,29,112,55,51,105,33,21,86,100,37,57,40,60,21,11,52,32,91,42,38,55,40
[ 8925.720301] [AOA] Measurement: 0,1627136543.097169,08:55:31:9b:05:29,2,1,2,0,128,349,150,214,457,920,986,741,294,349,922,202,446,230,941,487,915,683,847,978,873,276,435,987,474,641,225,522,850,283,384,146,365,67,40,54,34,82,84,89,81,85,62,27,108,55,51,104,28,21,82,95,36,52,36,58,20,11,49,30,85,35,33,49,34
[ 8925.762663] [AOA] Measurement: 0,1627136543.139534,08:55:31:9b:05:29,2,1,2,0,128,357,160,202,432,955,980,653,213,338,918,782,678,660,724,532,979,772,897,1020,932,281,438,960,466,672,282,606,913,265,345,1018,218,69,44,54,35,82,84,91,85,85,61,30,112,56,49,105,32,20,86,101,38,57,38,62,21,15,55,32,92,45,42,56,42
[ 8925.808618] [AOA] Measurement: 0,1627136543.185491,08:55:31:9b:05:29,2,1,2,0,128,378,195,169,355,290,758,182,73,870,778,731,617,596,655,917,691,127,668,434,694,766,203,1015,461,648,281,564,913,294,378,728,884,67,40,54,36,81,81,88,81,87,60,28,107,57,51,105,30,22,87,100,35,57,38,59,21,12,52,32,89,39,37,49,38
[ 8925.852411] [AOA] Measurement: 0,1627136543.229285,08:55:31:9b:05:29,2,1,2,0,128,797,944,661,204,339,744,102,37,847,691,166,443,598,683,924,698,200,650,518,727,699,145,956,420,78,20,19,694,773,197,789,17,67,42,56,37,79,82,86,80,88,60,30,103,56,52,96,31,22,83,91,39,56,40,59,23,12,53,35,84,38,36,53,38
[ 8925.894422] [AOA] Measurement: 0,1627136543.271289,08:55:31:9b:05:29,2,1,2,0,128,398,207,271,473,936,997,638,228,849,743,214,460,692,710,911,661,247,763,986,891,260,431,969,408,48,12,981,672,658,112,514,884,68,43,54,37,80,82,86,79,88,62,31,99,57,51,92,29,23,80,92,37,58,39,60,23,12,53,34,83,37,36,51,38
[ 8925.937979] [AOA] Measurement: 0,1627136543.314853,08:55:31:9b:05:29,2,1,2,0,128,364,161,207,436,940,979,644,256,422,954,762,704,143,887,527,938,683,839,452,712,245,397,971,432,652,206,595,914,257,361,470,774,63,37,50,30,77,78,84,75,86,55,26,101,50,47,97,23,21,78,85,32,49,33,52,18,8,45,29,75,28,25,41,29
[ 8925.976251] [AOA] Measurement: 0,1627136543.353125,08:55:31:9b:05:29,2,1,2,0,128,361,188,275,473,937,998,93,55,807,735,215,441,583,669,960,696,243,739,0,888,281,408,972,444,699,235,15,687,754,172,692,1007,70,45,58,39,82,83,89,85,86,66,33,103,57,54,99,35,23,84,97,41,61,41,62,24,15,57,36,89,46,43,58,43
[ 8926.020155] [AOA] Measurement: 0,1627136543.397029,08:55:31:9b:05:29,2,1,2,0,128,401,185,227,447,913,992,86,30,775,692,186,421,580,618,982,747,139,637,482,717,718,208,1012,489,620,237,603,924,679,136,94,383,68,41,54,35,82,84,89,83,86,61,28,113,56,51,104,31,21,83,99,36,55,38,59,22,12,53,32,89,40,37,53,37
[ 8926.063763] [AOA] Measurement: 0,1627136543.440637,08:55:31:9b:05:29,2,1,2,0,128,855,1017,638,190,391,820,130,46,866,749,729,648,616,679,469,942,150,646,473,691,280,399,973,420,108,48,1022,680,776,189,270,580,69,44,56,37,82,85,87,81,87,66,33,102,59,53,99,34,23,84,94,41,60,42,63,23,14,57,36,87,46,44,57,42
[ 8926.107062] [AOA] Measurement: 0,1627136543.483931,08:55:31:9b:05:29,2,1,2,0,128,811,952,718,247,400,801,97,64,875,744,228,495,656,720,480,903,779,921,1005,902,269,417,1002,430,656,230,614,970,277,404,643,834,70,43,57,36,81,83,87,82,86,64,31,100,57,52,96,30,24,83,90,38,58,41,61,24,12,54,34,86,39,37,52,38
[ 8926.150374] [AOA] Measurement: 0,1627136543.527242,08:55:31:9b:05:29,2,1,2,0,128,771,933,699,243,372,772,181,111,818,726,167,450,668,698,508,942,719,864,527,759,207,332,1017,454,650,246,553,889,650,106,946,329,68,43,53,36,80,83,92,86,84,61,28,111,54,48,104,32,20,84,104,38,57,39,61,22,14,55,33,94,46,42,56,43
[ 8926.192531] [AOA] Measurement: 0,1627136543.569406,08:55:31:9b:05:29,2,1,2,0,128,350,139,735,233,944,27,700,292,373,958,783,681,239,920,463,884,111,619,457,681,737,198,991,422,706,289,597,892,242,355,974,190,68,41,56,35,82,86,90,84,89,61,30,111,55,50,106,30,23,86,99,36,57,38,60,22,13,52,33,92,42,36,54,40
[ 8926.236082] [AOA] Measurement: 0,1627136543.612957,08:55:31:9b:05:29,2,1,2,0,128,307,101,185,415,939,1000,143,85,869,731,223,493,266,978,460,935,708,852,948,824,247,394,7,440,600,191,19,722,768,166,486,664,68,44,57,39,82,85,89,83,86,64,32,105,60,53,101,35,24,83,97,42,61,42,62,23,14,58,36,90,47,45,57,43
[ 8926.279206] [AOA] Measurement: 0,1627136543.656079,08:55:31:9b:05:29,2,1,2,0,128,863,11,226,446,957,4,689,308,391,951,116,409,665,724,519,963,705,853,426,692,675,166,1011,496,574,178,1006,677,712,132,871,163,67,41,53,35,79,81,91,84,84,60,29,112,56,50,106,31,21,85,101,37,56,37,61,21,13,54,33,90,42,40,52,40
[ 8926.317218] [AOA] Measurement: 0,1627136543.694090,08:55:31:9b:05:29,2,1,2,0,128,346,188,179,385,900,959,138,60,797,701,243,490,185,936,475,901,681,852,985,890,252,379,457,275,96,53,544,909,317,434,655,689,67,42,53,34,81,82,92,85,86,62,28,113,54,51,106,33,21,86,102,38,58,39,62,22,13,54,33,93,44,41,56,42
[ 8926.360759] [AOA] Measurement: 0,1627136543.737632,08:55:31:9b:05:29,2,1,2,0,128,345,113,677,184,359,810,60,3,871,757,167,441,649,710,936,744,152,687,15,880,651,154,440,250,92,46,570,905,289,358,718,844,67,43,55,38,82,83,90,85,85,60,30,113,55,49,106,34,21,86,99,38,57,38,61,22,15,54,32,93,44,42,56,41
[ 8926.398569] [AOA] Measurement: 0,1627136543.775442,08:55:31:9b:05:29,2,1,2,0,128,847,1009,663,203,298,760,178,65,827,716,157,469,665,699,965,721,707,869,985,856,677,160,407,257,114,54,1006,662,731,161,887,308,70,47,58,40,82,82,87,85,84,64,31,103,58,52,97,37,24,82,96,42,62,43,64,24,16,59,36,92,48,47,60,45
[ 8926.443049] [AOA] Measurement: 0,1627136543.819918,08:55:31:9b:05:29,2,1,2,0,128,340,151,681,250,938,2,651,252,343,907,754,632,646,743,942,719,186,703,1022,929,257,413,1,487,627,244,545,870,320,388,917,31,65,39,54,35,80,81,90,82,88,59,28,110,56,49,105,28,20,83,94,34,54,37,58,20,11,50,31,84,35,33,50,35
[ 8926.497418] [AOA] Measurement: 0,1627136543.874293,08:55:31:9b:05:29,2,1,2,0,128,427,202,283,467,939,967,85,16,847,742,180,458,621,672,910,680,156,641,442,654,726,213,958,434,104,30,519,869,686,89,934,226,66,39,54,35,81,83,89,82,86,60,27,111,54,49,103,31,22,83,100,36,57,38,59,22,13,54,32,91,41,37,52,39
[ 8926.540394] [AOA] Measurement: 0,1627136543.917262,08:55:31:9b:05:29,2,1,2,0,128,365,164,254,473,942,1006,662,250,336,872,780,696,190,916,525,986,706,867,92,973,341,511,15,518,641,282,538,881,192,339,829,1012,66,41,52,35,81,82,87,82,86,61,28,109,54,49,101,30,21,84,98,37,57,38,59,21,11,54,32,88,38,37,52,39
[ 8926.582901] [AOA] Measurement: 0,1627136543.959776,08:55:31:9b:05:29,2,1,2,0,128,841,984,719,251,354,793,179,105,853,728,212,480,647,723,923,690,144,618,444,672,693,171,486,279,634,235,614,899,302,391,1005,208,68,43,57,39,81,83,89,83,85,64,30,104,57,50,99,33,23,83,93,40,58,41,62,23,14,55,35,85,42,38,52,40
[ 8926.626777] [AOA] Measurement: 0,1627136544.003652,08:55:31:9b:05:29,2,1,2,0,128,356,159,160,404,908,934,95,42,760,686,203,448,608,701,974,722,191,687,500,705,692,131,464,263,621,197,67,689,239,358,759,1021,66,42,54,36,82,85,92,87,88,61,29,114,56,51,107,32,21,85,98,38,56,38,60,21,13,54,32,90,40,37,52,39
[ 8926.669921] [AOA] Measurement: 0,1627136544.046795,08:55:31:9b:05:29,2,1,2,0,128,786,961,661,236,400,824,98,44,860,716,211,512,648,714,967,741,774,897,946,843,285,409,944,425,89,14,999,706,335,385,390,581,67,41,54,34,81,84,90,83,86,61,27,109,55,49,106,31,22,85,100,36,56,38,61,21,13,52,33,91,41,39,54,41
[ 8926.707677] [AOA] Measurement: 0,1627136544.084553,08:55:31:9b:05:29,2,1,2,0,128,371,173,210,430,884,981,105,43,409,935,722,649,122,851,537,919,685,839,49,917,305,414,954,456,672,263,583,938,265,349,237,537,70,45,57,37,80,82,87,84,84,64,32,104,60,52,99,36,24,85,97,42,60,41,63,24,15,57,35,91,46,44,57,44
[ 8926.750401] [AOA] Measurement: 0,1627136544.127274,08:55:31:9b:05:29,2,1,2,0,128,339,152,226,478,879,970,115,57,856,730,730,641,193,900,503,922,782,896,983,875,268,429,980,441,675,290,580,917,319,379,201,442,67,38,54,33,83,84,88,83,88,61,28,108,55,50,103,28,21,84,97,35,54,37,59,21,11,52,31,87,37,35,50,37
[ 8926.788698] [AOA] Measurement: 0,1627136544.165566,08:55:31:9b:05:29,2,1,2,0,128,410,218,254,474,6,6,610,177,388,936,738,643,637,677,494,937,696,846,940,842,232,375,11,481,567,185,594,913,226,289,546,776,67,43,55,36,81,83,92,86,83,62,28,111,53,46,104,32,20,83,102,38,57,38,61,22,14,54,33,95,46,45,56,43
[ 8926.831045] [AOA] Measurement: 0,1627136544.207914,08:55:31:9b:05:29,2,1,2,0,128,375,159,201,426,359,807,129,39,410,945,718,669,128,923,410,879,818,938,1009,915,306,465,970,447,607,237,583,891,250,359,472,752,67,43,55,35,81,82,90,81,87,60,29,110,55,49,105,32,21,84,101,37,57,39,61,21,13,53,32,93,43,41,55,42
[ 8926.873497] [AOA] Measurement: 0,1627136544.250370,08:55:31:9b:05:29,2,1,2,0,128,367,180,209,439,911,960,129,56,836,765,778,709,144,884,530,925,734,890,991,875,217,358,981,478,650,243,558,895,230,286,852,990,67,39,54,34,82,83,87,81,87,60,27,109,53,50,101,27,21,83,94,35,53,38,59,20,11,50,31,86,36,33,49,36
[ 8926.917003] [AOA] Measurement: 0,1627136544.293879,08:55:31:9b:05:29,2,1,2,0,128,379,169,241,423,954,1005,693,284,348,928,723,643,613,672,993,766,708,853,945,836,707,143,403,211,79,18,1022,718,728,158,646,924,68,41,55,34,82,85,91,85,88,62,29,112,54,50,105,32,21,85,100,36,55,38,59,20,13,55,31,93,44,41,53,40
[ 8926.962439] [AOA] Measurement: 0,1627136544.339308,08:55:31:9b:05:29,2,1,2,0,128,377,151,285,469,972,1012,658,250,784,704,133,373,634,697,903,686,190,641,444,718,701,202,454,318,628,218,567,913,272,392,611,844,66,40,54,35,82,84,88,82,87,62,28,110,57,50,103,27,22,83,96,36,54,37,58,19,10,52,31,87,36,32,47,35
[ 8927.017817] [AOA] Measurement: 0,1627136544.394693,08:55:31:9b:05:29,2,1,2,0,128,423,244,249,487,944,1011,693,285,403,956,735,654,126,890,468,948,778,874,947,839,265,406,1012,494,651,266,567,883,267,387,786,819,69,43,54,36,82,83,90,84,86,60,28,108,56,48,106,32,21,84,99,37,57,38,60,22,13,53,34,91,42,41,54,42
[ 8927.061300] [AOA] Measurement: 0,1627136544.438175,08:55:31:9b:05:29,2,1,2,0,128,335,148,684,251,889,1006,114,44,873,761,811,718,251,980,501,955,758,912,1004,877,299,425,957,463,642,241,524,860,236,357,887,264,67,41,55,36,82,84,91,87,87,61,28,110,55,48,105,33,22,84,101,36,58,39,60,22,15,54,31,90,44,41,54,40
[ 8927.100172] [AOA] Measurement: 0,1627136544.477046,08:55:31:9b:05:29,2,1,2,0,128,374,172,166,386,360,776,87,22,892,800,777,687,175,922,510,945,709,850,16,884,251,356,386,219,91,1019,41,698,738,171,629,973,67,41,56,36,82,84,92,85,87,62,29,112,57,48,104,33,19,83,100,38,57,39,62,22,15,55,33,94,45,42,55,41
[ 8927.138370] [AOA] Measurement: 0,1627136544.515242,08:55:31:9b:05:29,2,1,2,0,128,330,140,229,476,919,1004,612,218,362,934,755,666,161,918,491,960,729,888,997,874,218,368,974,446,621,252,544,889,300,393,822,950,65,38,53,32,80,82,86,79,89,58,27,108,55,50,104,28,22,83,95,36,55,37,58,21,12,52,30,87,36,34,51,35
[ 8927.182536] [AOA] Measurement: 0,1627136544.559411,08:55:31:9b:05:29,2,1,2,0,128,403,198,238,409,914,990,698,243,416,950,787,676,203,939,536,1000,717,869,1006,918,215,349,969,447,622,247,547,889,746,180,655,904,67,40,54,34,81,83,88,85,89,62,29,107,55,50,104,27,21,83,95,34,55,37,58,20,11,49,32,83,35,32,48,34
[ 8927.225338] [AOA] Measurement: 0,1627136544.602207,08:55:31:9b:05:29,2,1,2,0,128,391,183,250,443,934,1014,721,299,387,953,835,687,207,973,498,945,763,898,940,837,204,362,436,270,696,304,544,914,248,348,314,532,67,43,56,37,80,84,88,82,86,64,32,99,58,54,99,31,23,84,94,40,58,41,60,22,12,54,35,85,41,36,54,39
[ 8927.269400] [AOA] Measurement: 0,1627136544.646268,08:55:31:9b:05:29,2,1,2,0,128,399,190,151,351,416,816,142,82,363,929,721,606,616,725,921,732,162,671,427,668,738,208,453,263,618,194,39,719,248,342,661,924,66,39,53,35,81,85,87,84,88,61,28,111,55,49,104,31,20,83,97,36,55,36,59,20,13,51,31,88,40,36,51,37
[ 8927.312333] [AOA] Measurement: 0,1627136544.689208,08:55:31:9b:05:29,2,1,2,0,128,380,171,287,481,916,955,667,231,351,928,792,679,157,930,491,940,758,888,1011,920,334,428,37,496,551,188,9,701,730,150,631,885,67,40,54,35,82,84,88,80,85,59,27,106,53,49,101,29,21,83,96,35,53,37,54,20,10,47,31,83,33,32,46,33
[ 8927.355943] [AOA] Measurement: 0,1627136544.732815,08:55:31:9b:05:29,2,1,2,0,128,408,181,170,400,945,1001,735,304,391,982,766,694,213,946,520,961,711,860,0,908,225,372,1009,458,599,243,513,879,271,363,43,246,68,43,55,36,83,86,92,84,88,63,30,111,57,50,105,31,22,84,99,37,56,38,60,21,13,52,31,89,41,39,51,40
[ 8927.400266] [AOA] Measurement: 0,1627136544.777136,08:55:31:9b:05:29,2,1,2,0,128,342,172,184,440,912,996,634,248,341,914,755,686,644,699,906,679,181,619,425,661,698,177,386,221,114,54,533,896,747,152,252,441,69,41,55,34,83,85,91,86,89,63,29,113,55,50,106,33,20,86,99,37,56,39,60,21,13,53,32,91,42,40,55,40
[ 8927.452554] [AOA] Measurement: 0,1627136544.829426,08:55:31:9b:05:29,2,1,2,0,128,359,169,221,428,916,986,674,244,404,959,734,667,164,912,432,858,725,879,13,915,707,188,1022,473,585,194,32,766,247,323,420,757,67,40,56,35,81,82,89,83,87,62,28,112,57,50,105,29,22,84,96,36,55,39,57,21,11,51,32,87,37,35,52,37
[ 8927.496893] [AOA] Measurement: 0,1627136544.873766,08:55:31:9b:05:29,2,1,2,0,128,381,189,180,420,882,950,695,244,405,963,807,701,242,938,494,950,742,875,938,848,710,180,444,273,665,237,588,907,234,349,420,708,68,46,55,40,77,80,89,84,79,61,30,101,53,48,96,36,21,82,96,42,60,40,62,25,18,57,34,89,50,48,58,45
[ 8927.539990] [AOA] Measurement: 0,1627136544.916861,08:55:31:9b:05:29,2,1,2,0,128,358,179,281,504,954,14,614,217,825,718,761,689,211,940,467,954,691,857,456,698,750,167,418,245,93,63,609,944,268,367,218,340,67,39,54,33,83,83,88,81,89,59,28,107,54,50,102,27,21,80,90,33,52,35,58,20,11,50,30,84,35,33,48,35
[ 8927.578096] [AOA] Measurement: 0,1627136544.954967,08:55:31:9b:05:29,2,1,2,0,128,838,979,687,240,359,795,713,286,358,930,738,634,672,735,490,948,184,688,461,708,310,415,1019,477,568,179,24,692,742,140,978,247,66,40,54,35,81,84,89,83,86,60,29,108,53,49,106,29,22,85,99,36,56,39,59,21,12,52,31,86,38,35,50,37
[ 8927.622025] [AOA] Measurement: 0,1627136544.998898,08:55:31:9b:05:29,2,1,2,0,128,804,962,707,229,389,809,101,39,818,729,227,449,593,689,917,717,214,689,360,680,731,177,19,509,669,253,555,888,286,375,349,680,65,38,52,33,81,82,86,81,89,58,27,107,55,48,104,27,22,82,93,35,52,36,55,20,10,48,29,81,34,31,47,33
[ 8927.664587] [AOA] Measurement: 0,1627136545.041456,08:55:31:9b:05:29,2,1,2,0,128,339,175,244,469,953,991,669,241,394,948,773,687,145,883,458,956,688,834,993,894,302,457,37,557,606,227,566,925,243,317,185,369,67,41,56,36,82,83,89,84,86,61,29,111,54,48,106,32,21,86,98,38,56,38,61,21,13,54,33,93,42,39,54,40
[ 8927.708745] [AOA] Measurement: 0,1627136545.085617,08:55:31:9b:05:29,2,1,2,0,128,866,962,727,201,358,804,133,51,880,743,210,471,695,744,971,718,786,924,12,918,194,344,373,154,121,8,1013,679,715,138,773,240,69,44,57,38,80,84,90,85,84,64,32,105,57,52,99,36,23,80,95,41,60,41,63,24,16,59,35,92,46,43,59,45
[ 8927.752438] [AOA] Measurement: 0,1627136545.129311,08:55:31:9b:05:29,2,1,2,0,128,811,977,639,201,407,818,79,18,807,691,242,478,661,670,946,706,770,900,1005,900,294,416,982,484,633,243,541,889,208,351,770,0,68,42,54,35,80,83,88,85,83,60,28,108,54,47,103,32,21,84,101,36,56,37,61,22,14,53,33,95,45,41,53,42
[ 8927.795028] [AOA] Measurement: 0,1627136545.171898,08:55:31:9b:05:29,2,1,2,0,128,347,136,254,477,891,973,122,44,866,751,673,606,186,904,532,943,803,951,968,897,264,396,933,443,664,256,655,954,318,370,48,207,67,41,53,36,81,83,90,81,87,59,28,110,55,50,104,29,22,85,99,37,57,38,57,21,12,53,31,87,39,36,51,36
[ 8927.838666] [AOA] Measurement: 0,1627136545.215534,08:55:31:9b:05:29,2,1,2,0,128,859,997,716,230,349,762,732,296,418,970,195,445,682,722,919,688,202,682,518,710,760,195,396,197,90,2,615,914,318,420,471,671,67,40,54,35,82,84,90,84,89,61,28,110,55,50,103,31,21,84,99,35,57,39,58,21,13,50,33,88,39,35,51,37
[ 8927.881675] [AOA] Measurement: 0,1627136545.258545,08:55:31:9b:05:29,2,1,2,0,128,869,1015,678,213,977,13,648,256,389,957,724,645,135,824,511,947,744,848,423,688,742,233,976,457,632,219,14,711,666,91,278,719,70,44,55,39,80,83,90,84,83,64,32,104,58,52,99,36,23,81,99,42,59,41,63,24,17,57,35,90,49,47,59,47
[ 8927.931198] [AOA] Measurement: 0,1627136545.308069,08:55:31:9b:05:29,2,1,2,0,128,845,1019,721,253,379,787,198,96,414,950,735,639,660,707,921,727,175,668,409,669,745,206,985,448,42,13,574,905,741,166,345,610,65,40,54,34,78,81,89,80,88,60,28,108,54,50,103,30,22,84,98,37,57,39,58,21,11,52,31,87,39,36,51,37
[ 8927.976485] [AOA] Measurement: 0,1627136545.353359,08:55:31:9b:05:29,2,1,2,0,128,414,226,246,506,915,969,697,295,368,921,729,654,212,956,449,935,719,863,937,835,733,162,389,196,85,20,993,663,765,161,216,507,67,40,54,34,82,83,89,82,88,60,29,112,57,51,106,29,21,85,99,36,57,39,58,20,12,52,31,88,39,37,51,38
[ 8928.018039] [AOA] Measurement: 0,1627136545.394906,08:55:31:9b:05:29,2,1,2,0,128,413,192,260,479,988,30,732,338,391,991,825,758,251,961,568,1005,683,876,951,856,276,420,961,444,647,248,633,955,230,368,283,380,64,41,52,35,80,83,89,84,87,62,27,109,55,50,106,31,21,87,101,37,57,38,60,21,13,53,33,90,42,37,52,39
[ 8928.056823] [AOA] Measurement: 0,1627136545.433696,08:55:31:9b:05:29,2,1,2,0,128,431,200,275,461,925,990,610,198,786,732,248,487,164,906,1013,763,709,884,992,870,209,365,416,241,105,7,52,760,263,337,688,896,67,43,53,35,82,84,92,87,85,62,29,112,55,51,107,34,21,85,102,38,58,39,62,22,15,57,32,94,45,44,57,43
[ 8928.098361] [AOA] Measurement: 0,1627136545.475230,08:55:31:9b:05:29,2,1,2,0,128,365,167,279,481,942,1002,652,257,316,890,723,635,646,697,520,945,728,861,999,899,242,380,937,441,642,242,626,921,337,426,186,267,65,37,50,32,78,80,85,79,87,59,28,104,53,50,99,25,21,81,90,34,53,37,55,20,9,46,29,78,32,29,44,33
[ 8928.142865] [AOA] Measurement: 0,1627136545.519740,08:55:31:9b:05:29,2,1,2,0,128,374,172,159,377,955,997,632,232,393,917,751,690,174,922,504,954,738,873,36,906,280,389,964,448,635,271,578,942,247,332,4,93,69,45,56,38,83,84,88,83,85,63,31,104,58,53,95,32,23,79,90,37,59,40,62,23,13,56,34,83,41,36,55,40
[ 8928.192408] [AOA] Measurement: 0,1627136545.569279,08:55:31:9b:05:29,2,1,2,0,128,268,108,229,490,891,985,695,255,827,745,770,676,215,929,447,928,736,850,985,882,193,324,445,247,76,36,597,916,236,318,206,391,69,45,56,39,78,81,88,84,81,63,31,104,57,51,100,36,22,80,96,40,58,40,64,24,15,57,34,89,48,45,58,44
[ 8928.239269] [AOA] Measurement: 0,1627136545.616143,08:55:31:9b:05:29,2,1,2,0,128,383,170,288,468,926,994,741,273,359,899,751,648,630,684,944,703,255,690,459,697,744,185,407,224,82,58,471,855,780,172,757,52,68,42,55,36,83,84,90,84,87,61,29,108,56,51,105,30,21,85,99,36,57,38,60,21,13,53,32,89,40,37,54,38
[ 8928.277037] [AOA] Measurement: 0,1627136545.653910,08:55:31:9b:05:29,2,1,2,0,128,823,959,684,233,399,811,125,40,894,744,187,460,671,726,964,700,190,708,1005,922,275,389,937,442,681,231,553,880,707,107,71,480,67,41,52,35,82,83,90,84,85,62,29,112,55,49,107,31,21,84,102,38,57,39,62,22,13,55,33,90,41,39,53,39
[ 8928.323275] [AOA] Measurement: 0,1627136545.700143,08:55:31:9b:05:29,2,1,2,0,128,881,13,229,446,883,959,91,31,385,932,751,651,191,955,398,891,177,655,426,665,762,227,998,467,698,252,523,879,289,365,354,536,66,41,54,34,76,79,89,85,77,58,28,106,51,45,99,35,20,79,99,37,55,38,59,21,15,52,32,91,47,45,55,43
[ 8928.368362] [AOA] Measurement: 0,1627136545.745236,08:55:31:9b:05:29,2,1,2,0,128,390,186,241,416,900,983,654,239,847,743,175,478,204,926,466,929,709,869,990,880,291,436,5,502,618,233,557,894,269,374,64,256,68,43,56,37,83,85,92,87,89,63,28,111,55,50,107,32,21,86,100,39,57,40,62,22,13,55,32,93,45,41,55,41
[ 8928.412167] [AOA] Measurement: 0,1627136545.789040,08:55:31:9b:05:29,2,1,2,0,128,368,171,246,465,954,28,693,261,376,956,750,645,221,920,909,706,209,690,414,651,730,214,425,213,113,28,23,683,770,163,554,921,66,38,52,35,81,80,85,80,86,56,27,104,54,49,103,26,20,82,91,34,54,36,55,20,10,49,31,78,33,29,46,32
[ 8928.460783] [AOA] Measurement: 0,1627136545.837656,08:55:31:9b:05:29,2,1,2,0,128,377,176,239,415,944,1005,697,289,496,3,816,748,189,956,479,911,804,901,1018,921,272,408,7,494,680,228,625,947,298,365,631,625,67,39,55,35,82,82,88,81,88,61,28,110,55,50,105,29,20,83,96,36,54,38,58,20,11,52,32,89,40,36,52,38
[ 8928.499545] [AOA] Measurement: 0,1627136545.876416,08:55:31:9b:05:29,2,1,2,0,128,824,991,643,169,345,784,76,5,771,675,193,421,650,735,1005,744,732,919,956,858,252,401,426,222,143,60,1011,689,675,97,280,839,68,42,54,35,83,87,92,86,86,63,30,110,56,49,106,31,21,83,101,36,57,40,60,21,13,54,33,92,43,40,55,42
[ 8928.541760] [AOA] Measurement: 0,1627136545.918635,08:55:31:9b:05:29,2,1,2,0,128,823,1015,697,256,394,789,143,41,404,949,795,699,126,885,977,755,168,655,950,849,665,143,469,294,597,202,596,911,198,337,306,603,69,47,56,40,79,81,85,81,83,63,31,103,58,52,98,33,22,81,94,40,61,42,64,24,15,57,35,88,45,43,57,42
[ 8928.580144] [AOA] Measurement: 0,1627136545.957015,08:55:31:9b:05:29,2,1,2,0,128,395,199,178,460,1022,51,641,213,369,924,653,591,642,695,910,706,240,693,448,679,273,381,17,502,681,276,498,854,216,331,436,670,67,42,53,35,79,82,91,82,85,62,28,112,54,49,105,35,21,84,101,38,55,39,61,22,14,55,33,94,46,43,55,42
[ 8928.622469] [AOA] Measurement: 0,1627136545.999341,08:55:31:9b:05:29,2,1,2,0,128,351,173,239,444,971,0,656,271,798,716,725,649,635,732,957,763,133,666,443,675,645,160,438,256,101,78,588,929,306,376,978,256,67,41,55,35,82,83,91,84,88,61,29,109,54,49,105,31,21,85,97,36,55,39,60,20,13,52,32,92,42,39,53,40
[ 8928.665556] [AOA] Measurement: 0,1627136546.042429,08:55:31:9b:05:29,2,1,2,0,128,458,217,182,431,919,999,83,49,409,956,155,481,151,908,914,705,176,648,392,661,684,142,376,197,49,40,1008,691,754,185,188,489,69,46,57,38,81,83,88,84,84,65,31,102,59,52,96,36,22,84,97,40,59,41,63,24,16,58,35,91,49,47,60,45
[ 8928.703399] [AOA] Measurement: 0,1627136546.080272,08:55:31:9b:05:29,2,1,2,0,128,895,13,198,377,974,964,136,86,395,943,772,684,597,685,517,882,153,646,453,683,691,148,427,216,58,0,984,648,722,136,633,55,69,42,53,35,80,83,92,84,84,62,30,110,55,49,104,35,20,84,103,39,56,38,61,21,15,54,33,93,47,44,57,43
[ 8928.745526] [AOA] Measurement: 0,1627136546.122395,08:55:31:9b:05:29,2,1,2,0,128,353,189,231,460,933,1006,703,279,405,945,760,702,120,886,506,972,688,845,1011,886,234,412,5,484,574,192,623,927,220,294,723,1013,69,45,58,39,79,83,88,84,86,65,33,104,58,54,101,35,24,83,97,42,61,42,63,24,14,57,36,91,45,44,56,44
[ 8928.783931] [AOA] Measurement: 0,1627136546.160805,08:55:31:9b:05:29,2,1,2,0,128,841,995,652,158,421,827,132,75,875,775,225,469,580,626,974,711,127,648,337,614,780,180,374,179,93,1012,42,696,321,405,273,441,69,42,55,36,82,84,91,83,88,62,30,112,55,50,106,31,23,83,103,38,58,39,61,21,14,55,33,92,44,40,53,42
[ 8928.822132] [AOA] Measurement: 0,1627136546.199005,08:55:31:9b:05:29,2,1,2,0,128,842,996,732,240,331,778,642,270,420,980,700,621,181,910,503,926,707,854,987,861,280,426,24,473,586,167,5,698,827,227,229,500,66,40,53,34,82,83,91,83,89,62,29,110,56,50,106,30,21,85,97,37,56,38,58,20,13,52,31,90,39,38,51,38
[ 8928.862716] [AOA] Measurement: 0,1627136546.239587,08:55:31:9b:05:29,2,1,2,0,128,368,183,170,420,956,1004,701,297,377,929,763,696,212,908,530,970,673,844,408,684,259,397,925,414,690,263,541,908,297,376,70,321,66,41,55,36,80,82,91,85,86,61,30,112,57,48,105,33,21,87,102,38,58,40,60,22,15,54,32,94,46,44,54,42
[ 8928.908255] [AOA] Measurement: 0,1627136546.285129,08:55:31:9b:05:29,2,1,2,0,128,855,976,697,193,411,842,734,297,337,892,770,688,238,962,472,938,671,834,497,746,248,387,946,383,86,24,66,737,710,173,241,460,68,40,55,35,82,85,91,86,89,62,29,112,56,50,107,33,21,85,102,38,57,39,62,23,13,54,33,92,43,41,56,42
[ 8928.952122] [AOA] Measurement: 0,1627136546.328995,08:55:31:9b:05:29,2,1,2,0,128,828,1009,656,233,341,756,63,6,840,710,207,458,647,706,530,949,690,855,424,686,701,161,436,283,37,7,30,717,732,182,893,101,67,41,54,34,81,84,89,85,87,61,30,110,56,49,106,31,21,85,103,37,57,39,60,21,14,54,33,91,42,40,54,39
[ 8929.001748] [AOA] Measurement: 0,1627136546.378618,08:55:31:9b:05:29,2,1,2,0,128,326,138,249,470,902,984,662,246,385,921,733,669,174,914,896,706,723,867,395,663,741,207,999,484,605,193,598,929,220,321,881,992,68,41,54,36,81,85,92,84,88,62,28,113,55,49,106,31,20,85,102,37,55,39,61,22,13,53,33,92,42,40,55,41
[ 8929.048848] [AOA] Measurement: 0,1627136546.425722,08:55:31:9b:05:29,2,1,2,0,128,389,187,233,407,371,807,700,286,362,925,781,688,200,936,498,907,714,865,939,827,231,374,960,382,643,259,523,844,691,155,825,162,69,43,56,37,82,85,89,82,86,64,31,104,59,52,99,32,24,82,93,40,60,42,62,23,13,56,34,86,44,41,57,45
[ 8929.095053] [AOA] Measurement: 0,1627136546.471922,08:55:31:9b:05:29,2,1,2,0,128,814,983,697,219,389,837,113,76,304,897,738,628,195,933,445,891,151,668,470,727,256,385,1014,446,78,36,57,695,751,176,29,316,67,40,54,35,82,83,89,82,89,60,29,108,55,50,102,27,21,83,95,35,57,36,58,20,11,50,31,84,35,33,48,36
[ 8929.136916] [AOA] Measurement: 0,1627136546.513784,08:55:31:9b:05:29,2,1,2,0,128,377,199,212,475,981,30,706,248,371,922,741,657,676,684,947,691,112,631,490,716,741,189,22,498,669,251,604,914,266,365,1020,202,68,46,56,37,80,82,90,83,84,64,32,103,59,53,100,34,25,84,97,41,59,41,63,24,15,57,34,88,43,42,59,44
[ 8929.175616] [AOA] Measurement: 0,1627136546.552489,08:55:31:9b:05:29,2,1,2,0,128,305,107,700,243,920,977,67,5,848,718,193,429,675,746,477,924,726,823,994,897,196,358,885,427,58,23,13,694,754,144,560,881,68,41,54,36,80,83,90,85,86,61,28,110,56,50,106,33,22,83,101,38,58,40,61,22,14,56,33,94,43,40,54,40
[ 8929.214803] [AOA] Measurement: 0,1627136546.591677,08:55:31:9b:05:29,2,1,2,0,128,378,175,206,438,864,990,689,250,385,930,762,676,652,690,935,728,178,684,1015,898,223,380,979,458,590,216,1000,691,270,342,229,414,70,46,56,40,79,80,90,84,82,63,31,102,59,51,98,38,23,83,97,40,61,43,64,25,17,59,36,89,48,47,60,46
[ 8929.261048] [AOA] Measurement: 0,1627136546.637918,08:55:31:9b:05:29,2,1,2,0,128,409,157,704,253,971,1008,663,247,333,910,778,706,186,880,523,946,691,833,455,718,699,169,397,233,135,80,558,905,222,346,299,617,68,43,55,37,81,82,86,82,86,60,30,103,59,53,99,34,24,84,95,40,60,42,62,24,15,58,34,88,43,41,56,41
[ 8929.307208] [AOA] Measurement: 0,1627136546.684081,08:55:31:9b:05:29,2,1,2,0,128,354,173,262,462,904,983,127,42,860,731,150,421,637,726,929,705,166,634,467,698,760,226,450,242,115,73,1012,686,755,178,131,293,68,40,55,36,84,84,93,86,88,63,28,111,56,49,106,32,21,86,101,37,57,39,60,20,12,54,34,92,42,40,55,40
[ 8929.349860] [AOA] Measurement: 0,1627136546.726730,08:55:31:9b:05:29,2,1,2,0,128,826,981,671,210,394,791,95,30,876,765,192,441,219,939,507,964,743,918,6,897,237,386,980,454,600,182,30,695,773,205,311,570,68,42,54,35,81,82,90,85,88,61,30,110,57,48,107,33,21,85,101,38,58,39,62,22,14,56,33,94,45,43,56,42
[ 8929.393461] [AOA] Measurement: 0,1627136546.770334,08:55:31:9b:05:29,2,1,2,0,128,363,199,264,490,937,1,663,240,340,917,730,650,677,723,963,729,150,670,528,755,218,375,458,271,593,195,568,872,299,369,605,760,66,42,53,35,77,81,92,85,85,62,29,112,55,48,104,33,20,85,103,38,57,38,61,23,14,55,33,91,43,42,55,41
[ 8929.435568] [AOA] Measurement: 0,1627136546.812436,08:55:31:9b:05:29,2,1,2,0,128,853,1004,208,435,886,969,708,299,324,898,790,683,187,885,939,711,192,678,1004,882,282,406,957,425,656,199,606,942,281,354,571,829,67,42,51,35,76,80,90,85,82,60,29,110,53,47,102,34,20,83,102,38,56,39,61,21,13,54,32,91,46,44,56,44
[ 8929.479058] [AOA] Measurement: 0,1627136546.855931,08:55:31:9b:05:29,2,1,2,0,128,340,145,296,493,947,1004,696,262,430,993,752,670,166,911,482,909,746,899,1017,917,269,420,987,469,683,291,588,936,312,388,947,78,66,40,53,35,81,84,86,82,88,60,29,110,55,51,106,30,22,84,97,37,55,38,59,21,12,52,33,90,38,36,52,36
[ 8929.517339] [AOA] Measurement: 0,1627136546.894213,08:55:31:9b:05:29,2,1,2,0,128,398,192,210,391,968,1019,637,244,458,982,784,716,186,909,474,922,657,809,393,621,714,205,1,459,664,249,612,951,275,373,884,165,68,42,55,35,80,83,92,85,85,62,28,112,55,48,103,32,20,85,101,36,56,39,60,22,14,55,32,93,44,42,54,42
[ 8929.561402] [AOA] Measurement: 0,1627136546.938275,08:55:31:9b:05:29,2,1,2,0,128,854,985,691,218,359,759,93,2,804,700,206,459,656,721,863,648,203,718,990,882,717,175,401,216,105,26,13,704,751,164,37,276,65,38,53,34,82,84,87,81,88,58,28,109,54,49,102,27,21,83,93,34,53,36,55,20,11,49,31,83,35,33,48,35
[ 8929.605216] [AOA] Measurement: 0,1627136546.982089,08:55:31:9b:05:29,2,1,2,0,128,386,153,211,405,902,984,682,244,365,940,163,433,644,712,1002,772,721,829,56,929,255,417,942,432,656,241,550,906,303,382,973,51,66,42,54,35,80,84,91,86,84,61,29,111,55,48,102,33,20,84,101,38,58,39,61,22,14,54,33,94,44,41,55,41
[ 8929.648680] [AOA] Measurement: 0,1627136547.025548,08:55:31:9b:05:29,2,1,2,0,128,327,150,698,225,369,795,202,89,460,968,817,701,108,866,528,959,721,843,22,917,208,373,988,449,623,205,562,904,316,411,437,532,65,39,55,33,81,82,88,81,87,59,27,109,54,49,101,29,21,81,95,35,54,36,55,21,11,50,30,86,35,33,48,35
[ 8929.692112] [AOA] Measurement: 0,1627136547.068982,08:55:31:9b:05:29,2,1,2,0,128,844,975,696,213,371,819,132,59,848,734,198,463,691,717,411,849,748,843,457,697,250,393,944,423,684,275,523,902,687,131,162,503,69,42,56,36,83,86,92,84,88,62,30,112,56,50,106,32,21,85,102,38,56,38,62,21,14,53,34,94,43,41,55,41
[ 8929.742379] [AOA] Measurement: 0,1627136547.119248,08:55:31:9b:05:29,2,1,2,0,128,794,963,640,188,398,807,127,59,838,743,171,433,659,724,958,745,197,664,972,857,665,149,441,278,640,196,30,707,307,414,288,574,63,34,52,32,79,80,84,79,88,59,26,104,52,48,98,25,20,79,88,32,52,34,53,18,10,47,29,79,30,28,42,31
[ 8929.787972] [AOA] Measurement: 0,1627136547.164846,08:55:31:9b:05:29,2,1,2,0,128,806,980,183,450,374,786,734,292,377,926,795,659,182,927,471,959,772,880,1001,922,201,359,982,453,661,262,527,861,289,378,84,227,63,35,51,33,80,82,83,76,89,57,27,104,52,48,96,23,20,77,86,32,50,34,52,18,7,47,30,76,30,28,44,31
[ 8929.832129] [AOA] Measurement: 0,1627136547.209004,08:55:31:9b:05:29,2,1,2,0,128,361,143,660,144,362,744,102,9,812,734,182,417,571,658,922,669,211,709,446,731,716,173,428,238,111,61,31,718,662,142,15,379,68,41,55,34,84,84,90,83,88,62,29,110,55,49,106,30,21,87,97,37,57,39,60,22,12,53,33,90,39,37,53,39
[ 8929.881577] [AOA] Measurement: 0,1627136547.258445,08:55:31:9b:05:29,2,1,2,0,128,400,186,207,430,360,776,121,10,828,686,134,423,636,676,946,722,194,684,442,688,679,156,463,264,678,258,603,905,622,85,1008,482,66,41,54,37,82,80,88,84,88,62,28,113,56,50,104,29,20,83,97,36,55,38,59,20,12,51,30,88,38,33,52,36
[ 8929.928446] [AOA] Measurement: 0,1627136547.305319,08:55:31:9b:05:29,2,1,2,0,128,380,201,215,444,948,1011,606,198,815,730,208,417,674,725,1011,775,764,906,43,925,231,378,990,489,48,41,45,731,712,169,480,676,68,42,54,35,79,83,91,84,83,61,28,112,55,48,103,33,21,84,101,38,56,38,62,22,15,55,33,93,44,43,54,43
[ 8929.985635] [AOA] Measurement: 0,1627136547.362508,08:55:31:9b:05:29,2,1,2,0,128,829,959,724,261,415,820,739,300,306,922,235,479,602,684,962,699,756,899,416,676,680,158,416,199,676,284,1022,672,701,137,580,913,69,42,54,35,80,84,91,85,84,60,28,111,54,47,106,34,21,84,104,38,57,39,61,22,15,56,32,94,48,45,57,45
[ 8930.032239] [AOA] Measurement: 0,1627136547.409108,08:55:31:9b:05:29,2,1,2,0,128,877,1001,225,410,934,999,92,41,388,949,780,665,204,954,511,928,729,898,975,883,249,385,25,502,611,239,550,893,207,331,288,512,67,41,53,36,79,82,91,85,84,60,28,112,55,49,107,31,21,84,100,38,55,38,59,21,14,53,31,90,42,42,54,42
