
[ 1047.041906] [AOA] Measurement: 0,1627114723.177404,08:55:31:9b:09:f4,2,1,2,0,128,1005,328,774,9,428,989,939,308,129,337,553,449,666,988,584,108,275,1016,959,700,184,534,692,980,558,960,779,138,546,579,314,106,61,55,56,38,45,63,55,44,40,90,65,78,46,55,46,45,48,28,52,57,65,49,9,39,37,49,39,37,20,50,41,72
[ 1047.082724] [AOA] Measurement: 0,1627114723.218223,08:55:31:9b:09:f4,2,1,2,0,128,1003,278,742,1017,941,850,1006,318,660,523,39,637,230,193,107,266,277,4,434,548,718,703,626,968,601,946,198,968,563,570,1002,877,67,62,62,44,51,69,56,50,46,92,66,77,49,60,48,48,47,24,53,54,66,48,8,39,37,47,38,34,22,42,41,63
[ 1047.126351] [AOA] Measurement: 0,1627114723.261849,08:55:31:9b:09:f4,2,1,2,0,128,478,143,773,3,435,1004,985,337,703,537,88,664,165,135,576,54,782,847,409,529,201,548,659,980,552,891,179,995,576,608,409,226,69,60,60,44,51,67,56,49,46,90,66,77,50,61,47,47,47,26,52,54,66,47,8,37,35,49,40,36,22,42,41,62
[ 1047.169995] [AOA] Measurement: 0,1627114723.305491,08:55:31:9b:09:f4,2,1,2,0,128,1002,349,775,1012,922,795,406,79,95,365,71,626,685,992,534,53,784,826,444,567,189,536,171,84,633,973,751,166,41,760,3,877,66,61,60,41,50,68,56,51,45,91,68,77,50,61,48,49,48,29,54,55,66,50,9,40,37,48,40,37,23,47,43,65
[ 1047.208227] [AOA] Measurement: 0,1627114723.343723,08:55:31:9b:09:f4,2,1,2,0,128,1011,327,219,810,912,801,402,119,687,563,492,387,708,29,537,51,731,846,434,542,745,753,643,954,620,983,731,167,539,563,985,798,66,62,61,43,51,70,54,51,45,93,69,75,51,61,47,48,47,26,53,53,66,46,9,37,36,47,38,35,22,44,42,65
[ 1047.251707] [AOA] Measurement: 0,1627114723.387206,08:55:31:9b:09:f4,2,1,2,0,128,982,329,223,812,863,783,400,87,111,333,521,437,245,187,59,179,798,853,391,493,208,564,737,983,622,937,198,972,60,747,509,469,63,64,60,42,53,67,52,52,45,90,61,67,52,60,43,46,41,25,51,47,60,41,7,32,33,38,33,28,20,36,39,56
[ 1047.290889] [AOA] Measurement: 0,1627114723.426381,08:55:31:9b:09:f4,2,1,2,0,128,526,134,264,823,922,812,469,156,114,358,92,692,634,1003,593,93,773,845,411,500,265,579,170,133,113,91,190,975,604,610,841,803,66,62,61,44,51,69,55,48,44,93,68,77,50,60,48,49,47,28,55,56,66,50,8,36,38,47,38,39,23,45,41,65
[ 1047.334679] [AOA] Measurement: 0,1627114723.470171,08:55:31:9b:09:f4,2,1,2,0,128,524,153,782,8,889,778,449,125,93,315,561,452,659,9,564,37,778,869,368,494,165,530,691,968,71,88,729,115,498,562,817,638,66,62,61,43,50,67,55,50,45,91,66,78,51,61,47,47,46,27,53,55,64,48,9,36,36,44,37,33,24,44,42,65
[ 1047.384662] [AOA] Measurement: 0,1627114723.520154,08:55:31:9b:09:f4,2,1,2,0,128,30,341,750,1023,835,770,438,114,656,527,58,674,179,178,57,242,318,1010,408,506,745,718,659,970,142,139,715,155,80,762,209,14,65,59,59,42,49,66,55,50,43,91,65,78,47,62,46,47,48,26,54,55,65,50,9,38,36,49,39,35,21,45,41,67
[ 1047.435224] [AOA] Measurement: 0,1627114723.570717,08:55:31:9b:09:f4,2,1,2,0,128,993,307,793,31,904,797,482,166,672,528,537,453,687,1013,569,26,807,845,412,521,218,560,716,971,605,956,101,897,569,607,760,661,69,65,61,43,50,68,54,52,46,95,66,73,52,62,46,46,46,26,53,52,64,47,7,36,37,46,38,33,22,44,41,61
[ 1047.473862] [AOA] Measurement: 0,1627114723.609362,08:55:31:9b:09:f4,2,1,2,0,128,33,339,751,1019,478,2,989,311,75,336,533,406,697,1023,556,45,754,841,431,563,207,548,655,935,98,90,767,146,107,798,580,482,67,64,62,46,51,66,56,51,47,92,65,75,51,62,48,48,47,26,53,52,64,46,9,36,36,46,37,35,22,42,42,61
[ 1047.518080] [AOA] Measurement: 0,1627114723.653577,08:55:31:9b:09:f4,2,1,2,0,128,1003,275,805,14,440,988,7,368,632,518,57,618,202,211,96,280,238,994,945,719,752,751,84,73,589,937,707,155,104,772,6,828,67,60,62,43,49,68,53,49,43,93,65,75,49,60,47,46,46,26,53,56,65,48,6,36,36,47,38,36,23,44,40,64
[ 1047.561766] [AOA] Measurement: 0,1627114723.697265,08:55:31:9b:09:f4,2,1,2,0,128,1007,342,786,1007,443,996,952,312,119,376,535,438,719,9,569,58,287,995,425,538,179,516,659,947,592,952,172,966,27,725,966,791,66,62,60,42,53,67,55,50,47,95,67,78,49,62,48,48,47,28,53,54,65,49,9,36,35,45,38,32,21,42,42,63
[ 1047.600548] [AOA] Measurement: 0,1627114723.736047,08:55:31:9b:09:f4,2,1,2,0,128,525,138,266,862,486,2,978,295,664,538,551,476,726,5,64,238,267,2,408,515,780,772,586,917,536,888,208,993,594,582,392,193,68,62,60,42,51,70,56,52,44,93,67,75,51,60,48,46,46,26,53,52,64,46,8,37,36,45,36,33,21,39,41,62
[ 1047.644547] [AOA] Measurement: 0,1627114723.780046,08:55:31:9b:09:f4,2,1,2,0,128,1005,342,763,7,408,1008,3,338,155,371,531,446,662,1010,534,36,789,889,956,720,749,726,256,113,608,976,181,968,566,587,755,669,66,61,60,42,49,65,55,49,44,92,67,77,50,60,47,49,47,27,53,55,66,50,7,37,37,48,40,36,23,43,42,65
[ 1047.688951] [AOA] Measurement: 0,1627114723.824450,08:55:31:9b:09:f4,2,1,2,0,128,25,327,189,817,908,772,431,101,184,373,554,460,678,992,104,261,262,996,441,563,692,684,657,967,163,145,682,104,71,715,256,81,68,64,61,44,51,67,53,52,46,90,63,67,53,61,45,47,43,25,51,49,59,41,7,33,33,39,33,30,23,37,39,55
[ 1047.733184] [AOA] Measurement: 0,1627114723.868682,08:55:31:9b:09:f4,2,1,2,0,128,483,136,788,1,877,790,461,170,656,529,560,439,688,1006,562,41,783,879,923,675,206,520,645,955,113,118,159,965,566,574,652,491,64,57,57,41,45,65,55,48,43,92,66,79,48,59,48,46,47,27,51,55,64,47,9,37,37,47,39,36,22,45,41,65
[ 1047.776881] [AOA] Measurement: 0,1627114723.912381,08:55:31:9b:09:f4,2,1,2,0,128,982,327,809,17,468,1003,966,308,661,548,563,461,680,2,579,77,750,838,436,567,749,763,630,943,595,936,162,963,581,586,306,93,64,58,53,40,46,63,56,47,42,88,65,78,45,57,46,45,46,25,50,55,63,49,7,39,35,49,38,37,22,47,40,66
[ 1047.823204] [AOA] Measurement: 0,1627114723.958672,08:55:31:9b:09:f4,2,1,2,0,128,20,338,815,11,466,986,12,354,636,550,545,457,703,1015,518,54,812,827,417,509,233,557,625,956,89,128,790,169,45,753,554,360,67,60,59,42,48,67,56,50,46,92,69,78,51,60,46,49,48,28,52,57,66,49,8,39,37,48,40,37,22,46,44,66
[ 1047.872491] [AOA] Measurement: 0,1627114724.007983,08:55:31:9b:09:f4,2,1,2,0,128,1005,316,776,1003,463,1002,1003,307,151,386,523,408,657,975,579,44,722,817,461,546,196,555,660,929,592,935,208,978,95,777,903,845,66,62,61,42,49,66,56,49,44,92,69,76,47,59,48,47,49,29,51,55,65,48,8,36,36,47,39,38,23,44,40,66
[ 1047.918328] [AOA] Measurement: 0,1627114724.053825,08:55:31:9b:09:f4,2,1,2,0,128,999,347,740,1015,436,1007,416,133,665,511,557,457,240,195,38,237,260,1001,405,479,213,539,703,991,621,980,739,159,106,794,816,630,66,60,57,41,48,66,54,48,43,92,65,77,48,60,48,47,47,27,54,54,65,49,9,38,36,49,40,37,22,46,41,66
[ 1047.962784] [AOA] Measurement: 0,1627114724.098283,08:55:31:9b:09:f4,2,1,2,0,128,449,94,188,835,882,795,388,98,131,351,581,487,672,995,546,54,737,811,431,552,140,521,581,949,577,907,176,979,550,592,286,217,68,65,61,44,52,68,54,51,48,94,69,76,53,62,48,48,47,27,55,54,66,49,9,37,36,47,38,36,23,45,41,65
[ 1048.006855] [AOA] Measurement: 0,1627114724.142353,08:55:31:9b:09:f4,2,1,2,0,128,979,309,814,33,461,1006,978,302,121,339,62,624,676,1006,566,40,781,882,972,736,696,710,634,894,108,117,694,86,576,608,993,941,68,61,60,41,50,67,57,47,44,91,65,80,47,61,47,46,47,26,51,55,68,50,6,38,38,49,39,35,23,46,43,66
[ 1048.050999] [AOA] Measurement: 0,1627114724.186491,08:55:31:9b:09:f4,2,1,2,0,128,13,339,783,38,475,1020,958,342,695,592,38,660,243,220,102,282,313,1008,1000,766,719,696,150,156,97,111,744,185,121,777,245,996,66,60,59,43,50,67,56,48,44,91,67,76,49,59,46,46,46,27,54,56,67,47,9,39,36,47,38,35,22,44,43,64
[ 1048.099906] [AOA] Measurement: 0,1627114724.235403,08:55:31:9b:09:f4,2,1,2,0,128,1004,274,811,15,455,50,342,60,687,560,89,658,263,209,58,227,282,31,894,668,215,558,616,910,603,953,701,164,116,806,388,102,65,62,60,42,50,66,55,47,43,90,65,76,48,55,46,47,48,26,51,56,66,49,8,39,36,48,39,38,23,43,40,65
[ 1048.138203] [AOA] Measurement: 0,1627114724.273700,08:55:31:9b:09:f4,2,1,2,0,128,972,333,771,999,887,794,440,138,107,368,124,651,214,171,83,264,296,26,421,509,185,510,670,998,108,96,161,978,73,769,868,727,65,61,59,41,49,66,55,49,45,90,67,78,49,62,49,47,50,26,53,55,66,49,9,37,36,49,39,38,21,46,40,65
[ 1048.186169] [AOA] Measurement: 0,1627114724.321661,08:55:31:9b:09:f4,2,1,2,0,128,1013,310,780,5,860,757,455,147,149,349,576,495,703,1000,563,39,746,820,470,535,150,509,699,934,573,950,146,930,610,621,20,856,65,57,59,42,46,66,54,48,42,90,67,79,48,60,47,47,48,26,51,53,64,50,9,38,36,48,39,37,22,45,40,67
[ 1048.230484] [AOA] Measurement: 0,1627114724.365978,08:55:31:9b:09:f4,2,1,2,0,128,464,100,208,819,472,0,996,340,690,569,74,613,713,7,571,74,753,847,461,532,166,542,630,942,120,58,179,970,545,587,709,551,84,77,76,54,63,87,70,64,57,115,81,92,63,75,61,61,58,34,68,67,82,60,11,47,47,58,48,44,30,57,52,79
[ 1048.274242] [AOA] Measurement: 0,1627114724.409739,08:55:31:9b:09:f4,2,1,2,0,128,6,361,781,1015,511,36,921,284,700,536,62,619,683,12,542,42,276,987,929,691,158,532,643,940,165,171,701,136,91,818,465,330,65,58,57,41,49,67,56,47,42,89,67,77,47,59,47,46,48,27,52,56,64,49,9,37,36,49,39,37,21,47,40,68
[ 1048.317225] [AOA] Measurement: 0,1627114724.452723,08:55:31:9b:09:f4,2,1,2,0,128,1012,304,758,9,911,831,995,335,142,352,575,446,690,1013,580,67,789,827,425,524,206,552,632,943,546,885,225,988,542,557,131,38,67,63,61,43,52,68,57,50,45,94,68,78,48,58,47,48,47,27,51,52,66,47,9,38,37,46,38,36,23,44,42,61
[ 1048.363285] [AOA] Measurement: 0,1627114724.498778,08:55:31:9b:09:f4,2,1,2,0,128,13,299,767,1,429,1001,428,162,692,524,114,665,233,220,36,232,322,5,912,670,153,530,620,952,567,946,190,1000,96,746,725,614,67,62,59,41,51,66,54,51,47,95,68,77,52,61,46,49,46,25,52,53,64,46,8,35,36,45,37,33,24,42,42,61
[ 1048.417080] [AOA] Measurement: 0,1627114724.552576,08:55:31:9b:09:f4,2,1,2,0,128,18,340,744,12,445,1007,1002,356,639,560,57,638,664,11,538,24,773,851,356,486,199,552,624,929,651,1001,714,129,100,799,837,594,65,60,59,42,50,65,55,49,43,90,66,77,49,59,45,48,48,27,51,54,67,48,8,38,35,46,38,35,22,43,42,66
[ 1048.460791] [AOA] Measurement: 0,1627114724.596283,08:55:31:9b:09:f4,2,1,2,0,128,970,284,249,851,930,796,474,142,718,557,117,651,213,177,82,234,760,840,389,493,163,540,664,924,584,937,213,972,532,590,741,550,67,64,61,41,51,67,52,49,45,91,66,75,50,59,47,47,46,26,52,51,61,48,8,34,35,44,38,34,22,42,39,60
[ 1048.503860] [AOA] Measurement: 0,1627114724.639358,08:55:31:9b:09:f4,2,1,2,0,128,484,134,265,869,422,986,443,114,175,350,559,440,694,1015,114,287,264,961,956,728,773,732,609,943,110,115,702,145,122,767,1008,795,64,60,59,41,49,64,57,49,42,89,66,77,49,60,47,46,46,27,53,53,65,47,8,35,37,47,38,37,24,44,38,63
[ 1048.547567] [AOA] Measurement: 0,1627114724.683067,08:55:31:9b:09:f4,2,1,2,0,128,1003,326,770,1021,453,1006,1017,336,691,586,47,632,691,998,592,84,325,46,909,681,212,547,670,955,101,138,734,112,83,792,240,128,67,63,62,43,50,66,54,52,45,90,65,73,50,60,47,47,44,24,53,50,66,45,8,34,36,44,37,33,23,41,42,62
[ 1048.595808] [AOA] Measurement: 0,1627114724.731300,08:55:31:9b:09:f4,2,1,2,0,128,57,395,788,0,434,6,6,337,698,575,115,664,170,163,563,118,759,874,991,708,214,570,638,922,555,903,185,980,76,755,120,5,67,61,60,42,50,67,54,48,44,92,65,76,49,58,47,47,46,25,54,54,64,49,7,37,37,48,40,36,22,47,42,66
[ 1048.638415] [AOA] Measurement: 0,1627114724.773907,08:55:31:9b:09:f4,2,1,2,0,128,7,298,779,6,944,808,1010,332,663,495,578,461,221,184,53,216,773,857,948,714,725,726,659,934,541,909,216,966,513,562,52,948,67,62,60,43,50,65,56,50,44,94,66,73,52,59,47,47,45,26,52,53,65,45,7,37,36,45,37,33,22,43,41,59
[ 1048.683853] [AOA] Measurement: 0,1627114724.819349,08:55:31:9b:09:f4,2,1,2,0,128,6,305,838,85,428,1009,978,315,657,557,64,581,716,14,68,273,281,1016,983,714,210,547,160,153,73,101,706,140,60,759,602,407,66,60,58,43,47,64,55,49,43,91,66,78,49,60,46,46,47,29,52,53,64,47,8,36,37,46,37,35,22,44,42,61
[ 1048.726353] [AOA] Measurement: 0,1627114724.861846,08:55:31:9b:09:f4,2,1,2,0,128,1,289,825,1021,905,824,994,319,759,572,60,634,729,43,119,257,248,5,968,709,736,724,146,116,90,111,751,153,67,721,620,477,65,60,60,41,51,67,55,51,46,91,64,75,50,59,45,48,45,27,52,51,63,46,8,35,35,44,37,33,21,41,42,62
[ 1048.769340] [AOA] Measurement: 0,1627114724.904833,08:55:31:9b:09:f4,2,1,2,0,128,495,130,805,19,875,785,505,174,140,340,546,442,701,32,96,270,308,32,462,526,715,714,692,968,560,909,197,922,519,554,684,606,68,63,62,43,50,67,54,51,44,92,66,74,52,58,46,47,44,26,51,51,62,45,7,33,35,43,37,33,22,42,41,60
[ 1048.808313] [AOA] Measurement: 0,1627114724.943812,08:55:31:9b:09:f4,2,1,2,0,128,487,118,249,888,888,812,499,173,716,564,567,448,213,183,60,228,745,837,392,524,185,518,686,956,597,930,227,966,539,569,326,147,61,55,57,38,47,61,54,44,40,87,65,77,46,58,45,44,47,26,51,55,64,51,9,39,37,48,40,38,20,48,40,66
[ 1048.852965] [AOA] Measurement: 0,1627114724.988462,08:55:31:9b:09:f4,2,1,2,0,128,1011,317,798,34,455,1016,978,335,679,557,132,658,185,171,47,225,281,19,372,513,177,529,682,956,129,106,680,118,112,800,811,645,65,60,59,42,49,67,54,48,43,92,66,78,48,58,44,46,45,28,53,53,66,50,9,38,36,48,39,37,21,44,39,63
[ 1048.903082] [AOA] Measurement: 0,1627114725.038575,08:55:31:9b:09:f4,2,1,2,0,128,21,341,777,32,436,994,968,291,650,529,68,644,733,1000,540,40,828,869,451,547,187,540,602,888,613,957,163,967,29,736,339,229,66,62,60,44,49,68,56,51,43,90,66,74,49,60,46,47,45,26,53,53,62,46,8,36,35,43,36,32,22,40,40,61
[ 1048.957062] [AOA] Measurement: 0,1627114725.092559,08:55:31:9b:09:f4,2,1,2,0,128,3,328,805,26,920,803,452,116,177,362,567,436,663,993,563,56,318,10,998,721,768,753,235,137,50,72,212,1010,563,571,169,1003,58,53,52,37,43,60,50,44,41,83,59,70,44,55,43,42,43,24,50,50,58,44,8,35,33,42,35,32,20,41,37,59
[ 1049.000451] [AOA] Measurement: 0,1627114725.135943,08:55:31:9b:09:f4,2,1,2,0,128,1023,337,783,1017,469,998,977,330,124,288,558,447,705,11,45,241,761,828,422,522,156,527,659,987,555,917,221,994,539,564,719,587,66,63,60,41,53,68,53,51,46,89,63,72,50,60,44,49,44,25,51,50,59,42,6,34,34,39,36,31,21,38,40,59
[ 1049.043868] [AOA] Measurement: 0,1627114725.179367,08:55:31:9b:09:f4,2,1,2,0,128,1009,292,259,875,420,989,454,141,633,496,574,476,677,3,82,232,775,877,984,729,197,573,658,944,94,107,733,194,94,819,600,383,66,61,57,42,48,66,55,47,41,89,67,78,46,58,48,46,48,27,54,56,63,50,6,38,35,50,40,37,23,49,39,70
[ 1049.087601] [AOA] Measurement: 0,1627114725.223100,08:55:31:9b:09:f4,2,1,2,0,128,958,267,766,1020,384,1017,947,289,119,323,580,461,252,178,66,229,304,48,967,719,180,524,672,979,536,906,761,135,122,811,237,1014,66,58,61,43,49,65,57,50,45,93,67,78,50,61,46,48,48,27,53,53,65,49,9,37,37,47,38,36,24,43,42,66
[ 1049.133903] [AOA] Measurement: 0,1627114725.269395,08:55:31:9b:09:f4,2,1,2,0,128,471,144,786,0,453,1014,1013,350,645,496,129,693,196,180,543,55,281,11,416,529,174,507,605,905,624,926,205,973,583,599,931,712,68,60,62,42,51,69,56,50,46,92,65,75,49,62,46,47,47,28,54,53,65,47,8,37,37,46,38,35,21,46,41,67
[ 1049.187355] [AOA] Measurement: 0,1627114725.322855,08:55:31:9b:09:f4,2,1,2,0,128,1009,299,216,822,956,839,7,352,625,506,99,624,702,990,547,33,827,878,448,491,180,488,639,938,552,930,192,966,602,589,501,353,68,63,59,42,53,67,57,51,45,92,65,77,49,59,49,48,47,25,52,57,64,49,8,37,35,47,38,36,22,45,39,67
[ 1049.232514] [AOA] Measurement: 0,1627114725.368007,08:55:31:9b:09:f4,2,1,2,0,128,106,370,804,27,423,970,422,150,670,554,542,455,682,1004,559,71,755,857,331,431,249,569,714,917,632,961,176,957,49,789,144,53,73,65,65,47,54,73,66,50,48,103,77,95,51,69,57,56,62,32,63,68,80,64,11,50,45,62,50,48,28,62,52,84
[ 1049.282895] [AOA] Measurement: 0,1627114725.418389,08:55:31:9b:09:f4,2,1,2,0,128,16,323,820,53,392,979,5,377,98,356,556,475,203,213,562,63,296,14,958,706,759,764,162,130,119,127,691,146,142,772,523,335,67,63,59,41,50,67,53,52,45,92,65,72,51,60,46,46,44,25,53,52,61,46,7,35,34,44,36,32,23,39,40,60
[ 1049.327702] [AOA] Measurement: 0,1627114725.463202,08:55:31:9b:09:f4,2,1,2,0,128,430,107,217,801,938,826,426,115,644,519,54,624,192,195,585,72,302,22,997,710,196,543,675,976,590,959,150,961,579,579,259,162,78,67,69,50,59,79,70,57,51,111,78,99,58,73,59,58,60,34,67,69,81,65,12,51,45,63,51,50,29,62,53,83
[ 1049.372113] [AOA] Measurement: 0,1627114725.507605,08:55:31:9b:09:f4,2,1,2,0,128,496,118,801,56,386,956,400,110,66,288,610,500,665,999,545,64,750,820,446,542,188,513,728,973,118,69,676,121,45,779,819,689,83,71,75,55,62,84,70,61,55,112,85,99,62,77,60,60,61,35,69,70,84,61,12,48,46,60,52,48,27,60,53,87
[ 1049.420827] [AOA] Measurement: 0,1627114725.556325,08:55:31:9b:09:f4,2,1,2,0,128,470,134,249,834,873,794,459,134,142,346,542,424,695,1023,553,70,745,813,426,522,161,499,685,952,601,959,164,973,516,542,490,519,81,71,73,49,61,84,69,62,57,113,82,99,59,76,60,59,59,33,67,69,83,62,12,49,45,61,52,48,28,58,54,82
[ 1049.460461] [AOA] Measurement: 0,1627114725.595954,08:55:31:9b:09:f4,2,1,2,0,128,487,131,231,843,944,815,440,129,86,337,530,423,654,1017,514,36,811,878,398,511,192,539,646,970,537,939,172,938,571,532,256,174,80,71,72,52,61,81,69,58,53,113,81,97,62,75,59,58,62,34,67,68,81,64,11,49,46,63,49,48,28,60,51,82
[ 1049.511335] [AOA] Measurement: 0,1627114725.646827,08:55:31:9b:09:f4,2,1,2,0,128,88,398,724,986,427,2,436,131,136,389,526,448,725,16,564,101,743,797,384,461,221,554,623,944,169,169,736,180,53,782,600,365,66,59,58,41,49,65,54,48,43,87,66,75,48,59,48,47,47,25,52,54,64,49,6,36,36,48,38,34,20,46,41,65
[ 1049.556363] [AOA] Measurement: 0,1627114725.691861,08:55:31:9b:09:f4,2,1,2,0,128,30,303,817,48,481,26,410,119,167,349,581,437,697,5,535,10,798,858,378,501,173,541,654,942,629,953,202,974,41,739,185,108,66,60,61,41,50,66,54,51,45,93,67,76,51,61,47,47,46,25,53,53,64,46,9,35,37,45,38,34,23,44,41,61
[ 1049.594629] [AOA] Measurement: 0,1627114725.730125,08:55:31:9b:09:f4,2,1,2,0,128,20,331,775,1021,907,791,506,165,674,545,576,459,689,0,95,253,693,796,429,540,188,556,662,949,559,910,158,944,576,561,631,575,66,60,60,40,48,65,57,47,45,92,66,78,48,60,48,48,48,27,53,54,67,48,8,39,36,50,39,39,24,46,40,67
[ 1049.633291] [AOA] Measurement: 0,1627114725.768787,08:55:31:9b:09:f4,2,1,2,0,128,495,143,242,848,910,819,449,173,123,313,587,474,685,994,560,74,780,872,970,715,719,729,607,917,592,950,235,1018,547,595,396,143,65,60,59,40,49,64,54,50,44,91,65,80,47,58,47,46,47,27,54,56,67,50,9,39,36,47,39,37,22,46,39,67
[ 1049.677514] [AOA] Measurement: 0,1627114725.813013,08:55:31:9b:09:f4,2,1,2,0,128,1019,323,782,13,431,973,428,121,123,365,527,429,693,28,76,240,292,0,409,523,195,545,607,946,634,950,186,984,28,716,327,137,67,63,61,42,52,67,51,48,44,91,64,73,51,59,45,47,43,25,50,48,61,41,7,31,32,40,34,31,22,37,39,59
[ 1049.722208] [AOA] Measurement: 0,1627114725.857707,08:55:31:9b:09:f4,2,1,2,0,128,21,327,771,19,450,1004,466,172,685,547,67,620,649,995,583,76,770,880,348,490,177,528,642,930,107,120,732,134,70,769,512,327,66,62,57,43,49,65,53,49,45,90,65,75,51,61,46,47,47,25,53,53,66,46,9,37,35,46,39,36,22,43,40,64
[ 1049.772176] [AOA] Measurement: 0,1627114725.907668,08:55:31:9b:09:f4,2,1,2,0,128,996,343,175,811,938,809,474,133,134,326,56,596,666,1000,562,57,760,796,420,507,228,550,729,987,595,951,227,981,70,786,670,476,65,58,57,40,46,64,56,46,42,88,66,77,46,60,46,45,47,26,50,56,63,48,9,38,37,47,40,38,21,47,39,68
[ 1049.822548] [AOA] Measurement: 0,1627114725.958042,08:55:31:9b:09:f4,2,1,2,0,128,445,84,859,43,393,963,437,129,138,385,581,461,663,1013,556,51,781,838,425,531,224,537,660,897,615,952,754,142,67,763,413,275,81,74,73,52,62,82,72,60,55,114,86,98,62,77,59,61,59,35,67,69,83,62,13,51,45,61,51,48,28,57,55,77
[ 1049.865517] [AOA] Measurement: 0,1627114726.001011,08:55:31:9b:09:f4,2,1,2,0,128,526,113,238,872,393,971,483,181,140,349,565,461,644,973,556,48,777,839,357,464,190,574,641,982,595,971,161,949,557,620,454,223,67,63,61,44,49,65,54,51,47,89,65,73,52,59,46,45,44,27,53,52,64,46,7,35,35,43,39,31,21,44,40,59
[ 1049.909795] [AOA] Measurement: 0,1627114726.045294,08:55:31:9b:09:f4,2,1,2,0,128,1001,336,803,1017,433,994,963,312,689,533,96,674,169,182,514,34,711,804,429,493,187,542,637,919,648,974,200,967,590,621,154,977,67,61,62,44,51,69,54,50,45,91,66,74,49,62,46,48,46,26,51,52,64,46,7,35,35,43,38,34,25,41,40,62
[ 1049.949286] [AOA] Measurement: 0,1627114726.084783,08:55:31:9b:09:f4,2,1,2,0,128,1016,295,808,31,443,995,1007,344,651,557,88,647,694,31,525,72,322,1008,944,721,771,774,139,124,88,81,722,189,77,728,1014,791,66,62,57,41,49,66,55,49,44,92,64,77,50,59,47,45,47,26,52,55,67,50,7,39,37,47,40,37,20,45,40,66
[ 1049.993497] [AOA] Measurement: 0,1627114726.128997,08:55:31:9b:09:f4,2,1,2,0,128,1011,313,800,10,913,824,382,89,137,342,89,659,178,164,508,12,792,871,419,519,740,747,152,126,92,121,715,151,68,735,961,754,67,60,57,43,49,67,54,48,44,91,64,77,49,59,46,46,47,26,53,54,66,48,8,37,38,45,39,35,22,45,41,61
[ 1050.036222] [AOA] Measurement: 0,1627114726.171715,08:55:31:9b:09:f4,2,1,2,0,128,467,106,808,1013,478,1022,991,328,118,340,564,469,220,183,103,248,302,6,420,558,672,674,631,955,78,95,734,115,76,738,425,188,67,57,58,42,50,68,54,48,43,92,68,80,48,59,48,47,47,26,54,54,65,48,8,36,35,48,41,36,24,45,43,65
[ 1050.080250] [AOA] Measurement: 0,1627114726.215742,08:55:31:9b:09:f4,2,1,2,0,128,461,134,796,1,921,802,468,110,117,340,571,445,666,982,569,70,774,841,393,517,189,528,677,979,579,937,171,961,537,590,45,974,64,61,59,41,48,66,53,48,45,90,65,74,51,60,44,48,45,25,51,53,62,45,7,36,34,45,37,33,22,43,40,63
[ 1050.122846] [AOA] Measurement: 0,1627114726.258343,08:55:31:9b:09:f4,2,1,2,0,128,1023,345,771,1015,936,814,421,139,660,545,36,638,185,189,578,68,289,3,408,531,745,710,672,957,612,968,751,144,52,723,314,153,67,60,61,41,50,67,54,52,45,93,66,76,48,61,48,47,45,27,52,54,64,49,7,38,36,47,38,35,22,45,41,64
[ 1050.166249] [AOA] Measurement: 0,1627114726.301749,08:55:31:9b:09:f4,2,1,2,0,128,999,305,814,65,470,1010,1010,327,634,499,89,637,677,1001,562,82,807,833,407,545,182,548,140,102,105,123,201,984,102,755,536,383,65,59,60,43,52,68,54,50,46,91,67,74,51,61,49,48,46,26,52,52,64,46,8,35,35,45,36,35,24,44,43,65
[ 1050.209772] [AOA] Measurement: 0,1627114726.345269,08:55:31:9b:09:f4,2,1,2,0,128,479,120,236,828,950,850,457,144,68,328,541,441,705,1022,559,52,794,864,403,501,176,524,680,918,542,936,152,984,506,556,520,459,65,60,56,43,45,65,55,47,43,89,67,76,46,58,46,46,49,26,54,55,65,49,8,38,36,49,39,36,22,45,41,66
[ 1050.248476] [AOA] Measurement: 0,1627114726.383971,08:55:31:9b:09:f4,2,1,2,0,128,41,333,765,20,424,1003,970,310,642,521,109,669,172,170,84,277,319,25,928,678,194,545,646,953,619,981,194,999,40,758,765,585,66,58,57,41,49,66,54,47,43,90,67,78,49,60,48,45,49,25,52,56,65,50,7,38,37,49,39,38,22,48,40,67
[ 1050.292678] [AOA] Measurement: 0,1627114726.428170,08:55:31:9b:09:f4,2,1,2,0,128,462,99,227,823,911,793,432,108,85,330,562,470,692,21,603,109,211,976,382,481,232,576,606,927,591,928,146,957,80,761,450,297,84,78,73,52,62,83,72,62,54,114,83,98,58,75,60,58,60,32,69,69,84,63,11,50,45,62,51,47,30,56,52,80
[ 1050.344281] [AOA] Measurement: 0,1627114726.479773,08:55:31:9b:09:f4,2,1,2,0,128,999,317,771,1010,424,1000,433,136,137,369,589,438,267,173,556,60,765,838,467,533,145,503,651,910,629,928,206,958,624,650,827,637,64,61,60,41,50,68,56,50,44,91,65,77,49,61,47,46,45,27,54,55,67,47,8,36,35,48,39,36,23,45,41,63
[ 1050.388896] [AOA] Measurement: 0,1627114726.524388,08:55:31:9b:09:f4,2,1,2,0,128,26,344,814,41,870,771,448,157,112,353,70,557,726,25,511,4,770,871,380,496,220,552,693,972,116,112,175,970,583,597,415,224,66,58,57,40,46,66,56,48,44,89,66,77,47,58,47,47,47,27,53,54,66,48,9,36,35,47,38,36,21,43,40,64
[ 1050.431784] [AOA] Measurement: 0,1627114726.567283,08:55:31:9b:09:f4,2,1,2,0,128,9,293,826,37,395,999,1002,362,96,311,576,479,296,239,100,291,279,6,1007,727,779,755,174,116,134,111,672,101,103,771,65,915,65,60,59,43,48,64,56,48,44,91,67,77,49,58,46,46,47,25,51,55,66,48,8,38,36,48,39,35,21,44,42,62
[ 1050.469927] [AOA] Measurement: 0,1627114726.605426,08:55:31:9b:09:f4,2,1,2,0,128,482,120,231,834,443,992,977,323,145,390,462,396,694,1011,526,32,859,886,413,513,717,703,659,919,625,959,154,973,556,542,788,727,69,65,62,43,51,69,53,51,46,92,66,74,51,62,44,46,46,26,52,50,64,45,8,36,36,45,37,33,23,41,40,61
[ 1050.513889] [AOA] Measurement: 0,1627114726.649388,08:55:31:9b:09:f4,2,1,2,0,128,1016,313,816,50,420,1017,415,127,76,321,577,495,730,31,546,33,312,11,931,691,182,501,647,974,227,206,672,94,96,776,470,299,64,57,58,42,49,65,55,47,42,92,66,75,47,59,45,44,46,24,51,52,65,49,8,37,36,48,38,36,21,42,41,64
[ 1050.557448] [AOA] Measurement: 0,1627114726.692947,08:55:31:9b:09:f4,2,1,2,0,128,453,87,269,869,382,949,437,106,52,292,537,447,633,1002,543,61,765,842,388,501,99,447,688,970,514,884,181,969,496,558,836,715,68,62,61,42,50,67,54,50,45,91,67,77,49,61,47,49,46,26,54,53,65,46,9,37,34,46,38,35,21,43,40,62
[ 1050.601502] [AOA] Measurement: 0,1627114726.736994,08:55:31:9b:09:f4,2,1,2,0,128,1023,332,796,16,468,991,57,418,689,575,58,615,205,171,49,280,270,17,971,736,718,689,600,926,596,949,762,169,45,709,147,989,67,59,59,43,48,68,55,48,43,89,66,76,49,62,49,48,46,27,53,55,66,47,8,36,34,44,37,33,21,44,43,64
[ 1050.644002] [AOA] Measurement: 0,1627114726.779501,08:55:31:9b:09:f4,2,1,2,0,128,427,74,279,873,433,983,439,153,739,582,117,683,176,189,74,228,790,860,360,503,160,540,643,959,76,106,768,159,27,735,905,699,65,58,58,42,49,65,55,47,44,92,65,79,49,58,46,47,46,26,51,53,65,48,8,37,35,46,36,34,21,42,42,62
[ 1050.687340] [AOA] Measurement: 0,1627114726.822839,08:55:31:9b:09:f4,2,1,2,0,128,3,307,780,1020,400,984,17,384,676,560,133,689,228,218,92,252,336,49,971,749,781,775,588,975,145,86,757,151,114,816,313,107,63,58,58,39,47,65,55,47,42,88,65,79,46,59,46,44,48,27,50,53,65,48,8,40,37,48,40,38,22,47,41,65
[ 1050.734981] [AOA] Measurement: 0,1627114726.870474,08:55:31:9b:09:f4,2,1,2,0,128,34,341,756,2,386,960,484,160,153,387,86,609,205,190,66,250,323,28,990,712,715,705,648,954,565,929,723,170,133,820,765,502,65,58,58,39,44,64,55,45,42,87,64,79,45,56,45,43,49,29,51,54,65,50,9,38,36,47,40,38,23,48,40,66
[ 1050.779441] [AOA] Measurement: 0,1627114726.914939,08:55:31:9b:09:f4,2,1,2,0,128,19,319,782,38,470,1,1012,339,695,562,111,637,207,195,42,247,774,826,966,685,740,727,162,109,127,141,729,146,110,811,412,274,89,82,81,59,65,91,79,70,62,125,94,108,67,86,67,65,68,36,76,78,94,67,12,54,50,69,56,52,32,66,56,85
[ 1050.823855] [AOA] Measurement: 0,1627114726.959353,08:55:31:9b:09:f4,2,1,2,0,128,968,267,777,29,503,42,1019,335,679,549,46,659,211,205,76,245,298,1019,929,664,180,538,674,944,587,939,239,972,92,769,410,330,79,70,71,49,58,78,67,58,53,108,80,97,58,75,61,57,60,35,65,71,81,63,11,50,45,62,51,49,28,60,51,82
[ 1050.866456] [AOA] Measurement: 0,1627114727.001948,08:55:31:9b:09:f4,2,1,2,0,128,26,310,822,21,435,985,429,128,690,530,75,611,722,36,517,56,345,16,977,767,717,694,152,103,552,911,191,967,120,773,112,935,66,61,60,44,50,66,52,51,44,92,67,75,50,62,47,45,44,25,49,53,63,46,7,36,36,45,38,34,22,42,41,61
[ 1050.910071] [AOA] Measurement: 0,1627114727.045563,08:55:31:9b:09:f4,2,1,2,0,128,994,299,760,3,460,1021,984,345,674,549,56,624,678,24,78,282,232,1008,369,496,216,541,678,989,80,95,172,968,561,558,658,483,67,61,61,41,51,69,53,51,45,91,65,72,50,59,45,46,43,26,51,52,63,45,8,35,34,43,37,34,23,42,39,60
[ 1050.953419] [AOA] Measurement: 0,1627114727.088911,08:55:31:9b:09:f4,2,1,2,0,128,9,345,699,965,921,815,488,163,100,321,500,443,669,1016,581,88,792,875,993,680,757,721,206,157,501,902,240,26,46,749,172,105,60,54,56,39,46,61,56,45,43,89,65,78,47,58,46,44,46,26,52,53,65,47,8,39,35,48,38,38,23,44,39,68
[ 1051.003336] [AOA] Measurement: 0,1627114727.138827,08:55:31:9b:09:f4,2,1,2,0,128,485,96,818,25,406,1004,1003,341,635,542,89,662,134,132,616,68,778,801,418,533,714,737,189,123,74,42,736,193,39,767,908,791,64,62,59,42,52,66,47,51,45,86,59,64,54,60,44,45,42,25,50,46,57,41,7,30,32,36,31,28,22,34,37,52
[ 1051.053733] [AOA] Measurement: 0,1627114727.189225,08:55:31:9b:09:f4,2,1,2,0,128,21,342,769,1018,891,803,506,168,170,408,576,469,674,972,489,25,817,883,402,470,176,536,728,937,572,929,215,960,544,603,550,381,66,62,58,41,50,66,55,47,42,89,64,79,47,58,48,45,45,26,53,53,65,48,6,38,34,46,38,35,23,44,41,64
[ 1051.095649] [AOA] Measurement: 0,1627114727.231141,08:55:31:9b:09:f4,2,1,2,0,128,4,318,812,23,423,1003,1001,360,680,547,19,577,698,1022,571,53,749,833,387,528,752,713,89,95,80,107,694,136,78,746,56,867,85,77,76,52,67,84,71,63,58,117,84,97,65,77,60,64,60,32,68,65,82,58,11,46,43,57,48,42,29,55,53,77
[ 1051.134133] [AOA] Measurement: 0,1627114727.269631,08:55:31:9b:09:f4,2,1,2,0,128,4,339,750,13,411,992,458,171,686,556,73,657,222,184,33,212,341,49,965,713,759,747,187,154,66,52,730,159,112,813,954,713,65,57,58,42,49,65,56,48,45,92,65,77,47,61,47,47,47,26,51,53,65,49,9,38,36,47,36,36,21,44,42,65
[ 1051.178091] [AOA] Measurement: 0,1627114727.313589,08:55:31:9b:09:f4,2,1,2,0,128,485,98,209,822,919,805,1004,297,682,543,40,643,167,151,522,5,810,884,423,517,194,541,610,910,566,920,174,950,484,511,916,832,66,60,59,42,49,65,55,48,44,89,66,75,48,60,45,46,47,28,53,54,63,48,8,38,36,48,39,35,22,46,41,65
[ 1051.222441] [AOA] Measurement: 0,1627114727.357939,08:55:31:9b:09:f4,2,1,2,0,128,19,352,819,38,386,986,1007,365,657,527,122,691,180,187,117,286,283,2,929,691,786,740,106,115,599,951,693,156,123,773,924,621,64,60,59,42,48,65,53,48,43,90,65,77,47,60,46,47,46,25,53,55,67,50,8,36,36,46,38,35,23,44,40,65
[ 1051.271884] [AOA] Measurement: 0,1627114727.407381,08:55:31:9b:09:f4,2,1,2,0,128,475,126,772,4,439,985,442,120,134,339,576,461,247,177,516,35,766,867,934,671,202,529,664,955,577,908,768,180,39,787,193,58,65,61,58,40,50,65,55,50,44,92,66,79,50,58,48,47,48,27,52,54,65,51,8,38,37,47,39,37,24,45,41,66
[ 1051.313164] [AOA] Measurement: 0,1627114727.448631,08:55:31:9b:09:f4,2,1,2,0,128,23,333,230,857,908,819,445,123,130,307,539,398,680,1020,538,46,823,871,446,544,144,507,613,977,613,983,661,129,548,553,307,110,83,72,71,54,59,82,72,59,55,112,83,100,58,76,59,57,61,33,67,70,80,63,12,50,47,63,51,50,28,59,52,84
[ 1051.362569] [AOA] Measurement: 0,1627114727.498062,08:55:31:9b:09:f4,2,1,2,0,128,982,298,799,33,467,990,421,107,699,530,59,635,239,209,502,12,762,825,388,512,232,545,713,954,571,942,810,161,64,759,357,275,64,59,58,40,48,65,55,51,44,90,65,77,47,59,49,46,47,25,53,54,66,49,8,36,35,47,40,35,24,45,41,64
[ 1051.407660] [AOA] Measurement: 0,1627114727.543158,08:55:31:9b:09:f4,2,1,2,0,128,1010,337,871,61,421,994,959,325,662,532,108,709,200,169,67,280,286,1001,978,712,735,711,695,985,125,139,726,169,96,790,916,664,63,55,55,39,45,64,54,46,39,87,64,76,46,58,46,44,47,26,52,54,64,50,9,38,34,49,39,36,21,44,40,65
[ 1051.451845] [AOA] Measurement: 0,1627114727.587337,08:55:31:9b:09:f4,2,1,2,0,128,73,330,764,10,435,1001,998,351,691,562,90,646,208,174,526,43,766,821,428,525,148,523,615,924,610,911,790,192,136,803,304,128,67,62,62,43,51,68,53,50,45,91,70,75,50,61,48,48,47,27,52,55,65,48,8,36,36,46,39,34,23,43,40,64
[ 1051.502619] [AOA] Measurement: 0,1627114727.638111,08:55:31:9b:09:f4,2,1,2,0,128,1011,301,832,31,433,996,487,188,691,547,556,473,709,1020,535,27,771,848,405,500,177,536,663,961,62,71,209,1002,509,542,785,633,65,61,61,42,49,66,55,49,44,92,66,77,49,61,49,47,46,26,53,53,65,48,7,38,37,48,40,35,22,46,39,66
[ 1051.548472] [AOA] Measurement: 0,1627114727.683969,08:55:31:9b:09:f4,2,1,2,0,128,1016,321,769,10,404,971,1017,342,668,531,98,658,184,190,549,77,717,763,444,521,725,744,665,979,561,940,190,979,82,769,954,761,83,75,74,52,63,84,70,65,57,115,83,96,62,79,58,61,57,33,66,65,80,59,10,45,45,55,49,43,29,50,53,78
[ 1051.593001] [AOA] Measurement: 0,1627114727.728500,08:55:31:9b:09:f4,2,1,2,0,128,31,351,242,849,843,775,445,121,157,349,571,487,694,1017,65,227,298,6,927,671,209,531,696,943,633,999,162,943,554,578,264,101,69,59,62,43,51,68,54,51,45,93,67,76,48,61,48,48,47,26,56,53,64,48,7,36,35,48,39,35,22,46,41,64
[ 1051.643480] [AOA] Measurement: 0,1627114727.778972,08:55:31:9b:09:f4,2,1,2,0,128,1019,301,814,69,381,962,442,160,118,365,569,454,691,1011,526,47,815,882,412,525,235,564,596,915,632,997,717,144,59,750,652,500,68,62,61,41,49,66,54,52,46,92,65,76,48,60,47,47,45,26,52,52,65,46,9,35,35,43,36,34,22,42,41,60
[ 1051.693877] [AOA] Measurement: 0,1627114727.829371,08:55:31:9b:09:f4,2,1,2,0,128,1019,304,761,15,426,963,1007,331,685,558,127,680,218,152,576,57,763,862,424,502,140,493,698,1000,99,92,186,986,536,563,6,933,65,60,58,40,47,65,56,49,41,90,63,78,47,57,46,44,47,25,53,55,64,49,8,39,36,50,40,37,21,46,40,68
[ 1051.736288] [AOA] Measurement: 0,1627114727.871780,08:55:31:9b:09:f4,2,1,2,0,128,36,347,773,47,459,15,989,319,667,560,69,614,699,988,541,33,801,837,429,533,776,754,608,955,626,965,749,156,32,757,556,419,64,57,58,38,47,65,54,45,41,89,65,80,47,57,47,47,48,26,53,58,66,52,8,39,35,46,40,38,22,45,41,65
[ 1051.778794] [AOA] Measurement: 0,1627114727.914287,08:55:31:9b:09:f4,2,1,2,0,128,60,352,800,35,428,1008,996,326,661,518,570,449,710,52,79,259,273,22,948,713,167,537,137,97,117,99,177,1001,127,811,58,829,67,60,61,41,50,66,55,48,43,89,66,72,47,59,45,46,45,25,52,53,63,46,9,35,33,44,36,33,23,41,40,59
[ 1051.817023] [AOA] Measurement: 0,1627114727.952521,08:55:31:9b:09:f4,2,1,2,0,128,18,355,813,42,426,4,1007,343,618,538,129,671,208,156,506,38,800,878,483,590,753,765,176,104,80,90,729,133,23,742,42,904,66,60,58,41,49,65,53,51,46,91,65,74,49,58,46,45,46,27,52,55,66,49,7,37,35,46,39,37,22,44,42,65
[ 1051.860665] [AOA] Measurement: 0,1627114727.996164,08:55:31:9b:09:f4,2,1,2,0,128,439,137,206,834,968,831,952,274,95,320,527,471,652,6,549,26,792,861,425,537,161,468,645,927,566,918,209,986,56,779,648,522,67,63,59,41,52,67,53,52,46,93,67,72,52,60,47,46,45,27,51,51,64,47,8,35,36,46,38,34,21,40,41,58
[ 1051.904291] [AOA] Measurement: 0,1627114728.039790,08:55:31:9b:09:f4,2,1,2,0,128,976,320,760,1017,922,785,460,155,654,536,476,410,733,23,584,86,280,17,945,682,179,559,622,939,628,993,139,946,127,788,184,997,68,61,61,41,52,66,52,52,44,88,63,68,50,59,46,46,44,25,52,48,60,44,8,34,33,39,33,29,22,37,39,55
[ 1051.948053] [AOA] Measurement: 0,1627114728.083551,08:55:31:9b:09:f4,2,1,2,0,128,29,347,836,24,455,1009,997,340,701,572,60,668,244,213,91,233,760,868,999,720,194,522,152,143,83,85,750,179,18,767,163,1021,64,60,60,41,47,64,57,48,43,90,66,80,48,60,47,46,46,26,53,55,67,49,8,39,35,49,39,37,22,45,42,65
[ 1051.991735] [AOA] Measurement: 0,1627114728.127226,08:55:31:9b:09:f4,2,1,2,0,128,24,333,808,26,459,3,13,350,672,563,108,666,220,206,42,220,284,7,900,710,770,727,204,148,77,90,761,193,107,786,589,347,84,70,71,53,58,80,70,58,52,110,84,97,60,76,60,62,59,31,67,71,83,64,11,49,45,61,53,46,29,59,54,82
[ 1052.035555] [AOA] Measurement: 0,1627114728.171047,08:55:31:9b:09:f4,2,1,2,0,128,1003,301,781,1020,914,814,20,367,93,319,566,447,645,1000,558,41,340,16,978,720,175,542,687,944,620,950,237,994,498,582,364,236,67,60,58,42,48,63,52,48,40,89,67,78,46,55,46,43,47,27,53,53,65,49,8,37,34,47,36,34,21,45,40,66
[ 1052.082525] [AOA] Measurement: 0,1627114728.218022,08:55:31:9b:09:f4,2,1,2,0,128,469,105,804,58,489,1023,3,314,724,588,73,646,610,984,622,127,341,16,884,672,161,522,638,982,43,107,708,150,83,754,586,315,65,59,55,39,49,64,55,48,45,90,66,80,48,59,47,48,49,28,53,56,66,49,8,39,38,49,39,38,22,46,41,65
[ 1052.123442] [AOA] Measurement: 0,1627114728.258935,08:55:31:9b:09:f4,2,1,2,0,128,1002,307,809,19,439,1004,396,126,138,355,114,656,749,56,78,262,810,860,988,715,772,741,617,922,135,98,766,120,79,785,403,210,78,67,72,49,52,77,67,53,50,104,80,96,54,73,58,59,61,29,66,69,80,64,11,51,47,63,52,49,27,60,53,82
[ 1052.166639] [AOA] Measurement: 0,1627114728.302131,08:55:31:9b:09:f4,2,1,2,0,128,28,316,786,35,371,992,493,137,649,540,82,682,213,173,58,253,371,70,980,716,765,767,133,109,88,94,706,139,117,784,52,870,65,60,55,41,50,63,53,47,44,91,64,73,48,58,44,45,44,26,50,49,62,44,7,34,34,42,35,32,22,39,41,57
[ 1052.206385] [AOA] Measurement: 0,1627114728.341884,08:55:31:9b:09:f4,2,1,2,0,128,468,161,725,1002,430,1004,976,320,645,533,569,455,670,984,531,40,727,818,434,485,172,523,634,948,639,973,762,202,118,805,454,279,78,67,68,47,56,79,69,56,49,108,81,98,57,75,57,55,59,31,66,69,79,63,11,48,44,61,51,48,27,57,52,83
[ 1052.249636] [AOA] Measurement: 0,1627114728.385135,08:55:31:9b:09:f4,2,1,2,0,128,484,153,809,7,886,784,493,206,132,378,80,622,246,180,81,264,262,1021,969,706,718,702,626,931,610,956,716,125,72,778,0,844,66,60,59,42,49,66,55,48,44,91,65,78,48,59,46,47,48,27,51,54,63,48,7,36,38,48,39,34,22,44,41,63
[ 1052.290787] [AOA] Measurement: 0,1627114728.426279,08:55:31:9b:09:f4,2,1,2,0,128,430,110,828,62,442,1006,444,130,693,554,96,645,687,995,542,59,726,787,427,535,194,541,612,922,621,944,202,997,100,779,705,460,65,61,59,42,50,67,51,50,44,89,65,70,49,61,46,47,45,26,51,51,62,45,8,34,34,43,34,31,23,38,40,57
[ 1052.330266] [AOA] Measurement: 0,1627114728.465765,08:55:31:9b:09:f4,2,1,2,0,128,5,310,813,15,461,975,1010,327,693,533,98,645,677,1013,545,31,808,863,420,538,727,716,703,947,575,918,163,944,565,574,924,816,65,60,58,43,49,64,54,49,42,90,67,76,48,61,47,46,46,27,52,52,65,47,8,36,35,45,38,36,23,45,41,65
[ 1052.369076] [AOA] Measurement: 0,1627114728.504574,08:55:31:9b:09:f4,2,1,2,0,128,464,108,236,846,468,997,494,152,675,533,568,474,685,1007,521,16,793,843,955,700,190,561,614,912,642,965,155,923,531,580,267,165,64,59,55,41,46,64,54,47,44,91,69,79,51,60,47,47,47,26,53,53,63,48,7,37,36,47,40,36,23,45,41,64
[ 1052.408796] [AOA] Measurement: 0,1627114728.544288,08:55:31:9b:09:f4,2,1,2,0,128,450,108,765,5,878,829,470,136,64,269,554,451,691,4,116,263,760,813,384,520,228,555,616,909,570,944,185,1005,505,512,282,334,64,61,59,42,48,66,53,48,44,90,66,74,49,59,46,47,46,27,52,54,64,47,9,36,36,46,39,33,22,43,40,61
[ 1052.452414] [AOA] Measurement: 0,1627114728.587906,08:55:31:9b:09:f4,2,1,2,0,128,472,89,267,855,907,791,473,166,120,332,535,453,663,0,535,43,768,845,363,478,150,504,704,933,550,919,218,1014,56,789,159,21,63,59,57,38,43,62,56,47,43,88,64,77,46,56,48,44,47,25,50,53,66,49,7,38,36,49,39,39,20,45,39,64
[ 1052.502393] [AOA] Measurement: 0,1627114728.637885,08:55:31:9b:09:f4,2,1,2,0,128,998,304,768,29,460,998,450,125,702,577,537,446,673,994,121,235,745,845,920,712,149,497,610,932,583,940,152,962,524,560,928,761,63,58,55,41,47,64,55,46,40,86,64,78,46,59,46,46,47,25,51,52,66,48,9,38,35,47,37,36,23,46,41,65
[ 1052.547401] [AOA] Measurement: 0,1627114728.682898,08:55:31:9b:09:f4,2,1,2,0,128,995,280,211,812,933,819,413,115,162,358,48,624,688,2,80,217,780,837,393,521,209,581,210,124,117,125,724,144,40,717,162,73,84,77,72,51,61,83,71,60,54,113,82,97,60,77,56,59,61,36,69,69,82,62,10,48,46,60,50,45,28,60,53,85
[ 1052.596558] [AOA] Measurement: 0,1627114728.732054,08:55:31:9b:09:f4,2,1,2,0,128,19,317,822,31,483,21,957,339,600,523,603,502,676,1004,594,61,777,867,443,543,793,752,155,121,536,884,185,964,532,600,773,610,66,59,61,41,52,66,55,50,44,91,67,75,52,59,47,47,44,27,52,54,62,47,6,35,34,44,37,33,23,44,44,62
[ 1052.640250] [AOA] Measurement: 0,1627114728.775749,08:55:31:9b:09:f4,2,1,2,0,128,999,294,211,820,947,822,978,324,117,350,118,643,205,150,532,58,304,22,976,697,161,521,677,956,571,951,182,978,146,832,544,338,66,61,60,42,49,65,55,49,45,89,64,71,49,60,47,48,46,25,51,52,63,46,6,35,35,43,37,33,20,41,40,60
[ 1052.678873] [AOA] Measurement: 0,1627114728.814372,08:55:31:9b:09:f4,2,1,2,0,128,6,324,741,1020,872,790,474,141,170,402,578,446,742,26,54,248,367,77,966,723,699,703,256,125,105,108,715,166,83,780,754,619,62,57,56,42,45,63,52,45,42,86,64,78,45,56,47,45,46,26,50,55,63,47,9,37,34,48,38,36,21,44,40,65
[ 1052.723947] [AOA] Measurement: 0,1627114728.859440,08:55:31:9b:09:f4,2,1,2,0,128,3,311,196,821,918,832,984,332,704,572,510,397,741,26,565,42,810,865,952,710,764,731,154,121,651,988,185,985,82,782,948,736,67,59,58,43,49,66,56,49,45,93,66,77,49,60,47,48,48,28,52,53,63,48,9,36,37,46,37,34,24,44,41,65
[ 1052.777202] [AOA] Measurement: 0,1627114728.912699,08:55:31:9b:09:f4,2,1,2,0,128,944,255,196,813,890,781,443,129,113,323,552,465,685,16,520,33,807,858,422,551,177,546,651,964,578,904,716,132,80,797,519,330,65,60,60,42,50,64,53,50,44,91,68,75,51,61,48,47,45,27,54,54,64,47,9,36,36,46,38,34,22,41,41,63
[ 1052.820640] [AOA] Measurement: 0,1627114728.956133,08:55:31:9b:09:f4,2,1,2,0,128,474,131,239,849,897,776,479,149,116,352,88,629,240,207,76,263,318,24,955,717,741,719,220,141,89,108,704,127,44,752,636,475,81,75,74,54,61,83,73,61,56,115,84,97,61,74,58,59,59,34,67,71,83,60,10,49,48,60,51,48,28,58,51,79
[ 1052.863817] [AOA] Measurement: 0,1627114728.999315,08:55:31:9b:09:f4,2,1,2,0,128,1,325,792,3,443,1,385,125,166,360,547,454,665,1006,616,79,304,45,979,727,722,724,149,102,75,77,740,139,23,733,501,285,67,60,60,42,49,68,54,49,42,91,65,77,49,61,46,47,46,24,51,53,63,48,8,36,35,48,40,34,23,44,42,62
[ 1052.908201] [AOA] Measurement: 0,1627114729.043695,08:55:31:9b:09:f4,2,1,2,0,128,940,287,254,863,915,799,434,139,168,391,516,414,694,1010,619,84,761,834,404,526,226,558,161,122,98,60,698,149,121,772,37,869,61,55,55,38,48,62,56,47,42,88,65,74,46,58,46,45,48,26,52,55,64,47,8,38,35,48,39,35,22,45,39,68
[ 1052.956096] [AOA] Measurement: 0,1627114729.091594,08:55:31:9b:09:f4,2,1,2,0,128,14,347,737,981,915,837,455,158,120,334,514,422,641,998,572,78,835,822,463,579,133,496,653,944,586,935,181,952,545,591,319,199,64,54,55,39,47,64,53,46,41,87,64,76,46,59,47,45,47,26,52,56,64,49,9,39,37,46,41,37,22,48,39,66
[ 1052.999219] [AOA] Measurement: 0,1627114729.134719,08:55:31:9b:09:f4,2,1,2,0,128,33,344,731,1016,928,830,419,130,129,359,576,467,672,996,63,229,235,4,388,513,787,767,153,116,104,119,674,94,548,564,932,808,68,64,61,42,51,67,53,51,43,91,66,71,51,59,46,48,45,26,53,53,65,47,7,36,33,43,35,33,22,39,41,61
[ 1053.043067] [AOA] Measurement: 0,1627114729.178565,08:55:31:9b:09:f4,2,1,2,0,128,475,128,785,9,924,827,981,341,679,537,535,442,702,1004,497,45,728,802,483,551,215,590,697,954,564,911,234,963,585,616,882,663,58,51,50,36,40,58,50,41,37,78,56,68,41,53,41,42,43,25,46,51,58,43,8,35,33,44,37,35,19,44,36,61
[ 1053.087486] [AOA] Measurement: 0,1627114729.222985,08:55:31:9b:09:f4,2,1,2,0,128,952,254,230,804,490,1014,462,160,119,321,598,447,746,2,552,57,767,840,391,479,163,482,773,998,609,949,766,149,120,815,443,272,77,66,67,49,56,76,67,58,51,108,79,97,57,73,56,58,59,33,65,69,82,62,12,51,47,62,51,49,29,59,52,83
[ 1053.131810] [AOA] Measurement: 0,1627114729.267303,08:55:31:9b:09:f4,2,1,2,0,128,467,121,216,836,899,804,453,156,129,356,566,435,701,14,574,74,776,852,412,494,270,586,699,971,569,915,211,976,531,556,1010,942,56,49,50,37,41,58,52,38,36,81,59,73,39,53,43,42,44,24,48,52,60,48,8,38,35,49,39,39,19,47,38,68
[ 1053.182425] [AOA] Measurement: 0,1627114729.317917,08:55:31:9b:09:f4,2,1,2,0,128,44,339,784,1000,452,984,1014,336,648,520,126,680,233,214,530,50,782,823,425,508,167,532,164,117,110,123,723,131,538,541,120,997,62,55,53,37,44,62,55,44,41,86,65,78,45,58,45,45,48,28,51,53,63,49,8,38,34,49,38,37,21,48,40,69
[ 1053.228492] [AOA] Measurement: 0,1627114729.363991,08:55:31:9b:09:f4,2,1,2,0,128,418,101,319,913,425,1022,980,343,712,534,568,437,684,996,566,29,783,842,414,494,225,575,745,979,139,150,175,965,132,817,264,23,83,74,76,50,63,86,70,63,57,116,84,94,62,78,63,59,62,34,67,69,82,61,11,48,46,60,48,43,29,54,52,79
[ 1053.273270] [AOA] Measurement: 0,1627114729.408768,08:55:31:9b:09:f4,2,1,2,0,128,481,114,278,887,407,1018,1005,314,150,379,502,425,703,995,558,54,804,901,400,473,184,517,679,946,596,955,188,977,562,611,993,909,66,59,57,41,48,64,55,49,42,90,66,76,48,60,47,47,48,28,51,55,64,47,8,39,36,48,40,38,22,45,40,66
[ 1053.323926] [AOA] Measurement: 0,1627114729.459418,08:55:31:9b:09:f4,2,1,2,0,128,991,261,770,1007,910,800,499,180,111,322,78,640,720,11,576,48,774,823,393,492,241,561,197,156,66,87,729,125,94,801,265,169,65,59,58,41,50,64,55,47,44,93,65,74,49,61,46,47,46,27,51,54,66,47,8,38,36,48,37,37,21,46,40,64
[ 1053.366235] [AOA] Measurement: 0,1627114729.501733,08:55:31:9b:09:f4,2,1,2,0,128,495,126,247,845,455,988,988,325,710,586,91,638,245,244,34,212,764,863,371,489,219,520,644,906,552,924,251,1015,530,568,140,76,64,58,59,39,47,63,54,47,41,89,65,76,47,57,46,45,45,26,50,53,62,47,9,34,36,46,37,35,22,44,40,64
[ 1053.413406] [AOA] Measurement: 0,1627114729.548897,08:55:31:9b:09:f4,2,1,2,0,128,1000,278,754,4,935,835,941,306,121,333,508,437,715,988,556,32,789,836,363,484,156,507,670,942,569,937,734,108,29,751,392,261,66,59,58,42,49,67,55,50,44,87,65,73,50,59,46,46,44,26,52,50,61,46,8,34,35,42,36,34,23,41,41,58
[ 1053.458397] [AOA] Measurement: 0,1627114729.593896,08:55:31:9b:09:f4,2,1,2,0,128,1,288,740,11,385,967,983,313,687,539,561,450,693,1005,76,248,293,51,965,687,740,727,262,115,89,79,729,104,75,786,83,952,63,60,56,41,49,67,54,48,44,91,65,74,49,59,46,49,43,26,52,50,65,46,7,34,35,46,36,33,21,42,39,62
[ 1053.501902] [AOA] Measurement: 0,1627114729.637400,08:55:31:9b:09:f4,2,1,2,0,128,10,335,768,989,481,9,1005,347,619,501,580,474,209,182,85,209,320,1019,987,752,737,713,71,68,124,145,726,167,128,788,348,136,65,61,59,41,48,69,55,49,45,90,66,76,49,61,47,48,45,26,54,55,66,49,8,37,36,48,39,34,23,43,41,65
[ 1053.540320] [AOA] Measurement: 0,1627114729.675820,08:55:31:9b:09:f4,2,1,2,0,128,35,335,811,56,457,983,454,166,136,377,526,449,697,10,569,100,261,5,361,506,269,566,151,116,550,921,185,994,101,751,307,175,68,64,60,42,51,68,52,50,45,91,64,72,49,58,45,45,43,26,52,51,60,44,8,32,35,42,36,30,24,39,41,59
[ 1053.584138] [AOA] Measurement: 0,1627114729.719636,08:55:31:9b:09:f4,2,1,2,0,128,550,179,241,843,414,990,444,107,108,318,631,537,681,1020,507,15,833,851,393,470,181,562,628,912,563,932,159,966,508,580,82,75,66,60,58,40,50,63,54,50,45,89,64,75,48,59,47,46,43,27,53,53,65,47,9,38,34,47,38,34,21,44,40,61
[ 1053.628322] [AOA] Measurement: 0,1627114729.763815,08:55:31:9b:09:f4,2,1,2,0,128,11,333,795,1007,463,987,976,277,121,324,127,669,665,1014,550,19,775,811,444,551,747,733,203,116,143,104,687,105,67,751,784,601,67,63,59,43,49,67,54,51,44,91,68,75,52,61,46,49,46,28,53,50,63,46,8,36,34,44,37,34,23,42,41,60
[ 1053.671692] [AOA] Measurement: 0,1627114729.807184,08:55:31:9b:09:f4,2,1,2,0,128,41,327,791,9,472,1015,999,349,703,541,103,652,208,181,1021,212,750,826,430,521,156,513,686,978,574,939,185,961,504,559,76,944,66,60,59,42,49,66,56,49,44,93,68,78,48,59,48,47,46,27,54,54,64,48,9,38,35,46,38,34,22,43,42,65
[ 1053.719774] [AOA] Measurement: 0,1627114729.855271,08:55:31:9b:09:f4,2,1,2,0,128,13,303,760,24,461,1021,941,319,699,556,525,411,685,1009,582,102,752,821,414,534,210,589,176,139,75,133,693,142,111,804,356,142,64,59,58,43,48,64,56,48,43,88,65,75,48,59,48,48,46,26,53,54,62,47,7,37,34,47,39,35,22,45,41,65
[ 1053.758233] [AOA] Measurement: 0,1627114729.893730,08:55:31:9b:09:f4,2,1,2,0,128,989,287,785,1017,513,8,949,323,112,349,558,438,705,27,580,108,743,820,400,493,250,562,174,105,584,917,172,989,566,556,105,945,64,57,55,39,47,64,54,47,41,88,63,75,46,56,46,46,46,27,51,52,64,50,8,37,34,47,38,36,21,47,38,63
[ 1053.803151] [AOA] Measurement: 0,1627114729.938643,08:55:31:9b:09:f4,2,1,2,0,128,1009,352,713,952,881,784,457,147,98,299,589,455,681,1018,147,254,294,30,978,748,729,712,643,951,574,912,215,1005,128,798,594,466,67,62,61,43,52,69,54,51,44,90,68,74,51,61,46,47,44,26,53,51,63,46,7,37,34,42,36,30,23,40,41,61
[ 1053.857315] [AOA] Measurement: 0,1627114729.992809,08:55:31:9b:09:f4,2,1,2,0,128,1009,318,809,36,923,778,437,99,110,298,544,414,683,1011,593,106,334,0,1002,724,707,703,166,104,594,959,725,155,53,731,82,986,65,61,59,39,50,66,54,49,44,91,66,74,49,60,47,46,45,24,50,54,64,48,8,36,35,46,37,34,23,43,41,64
[ 1053.900760] [AOA] Measurement: 0,1627114730.036252,08:55:31:9b:09:f4,2,1,2,0,128,996,287,770,1004,892,808,461,147,16,280,551,453,720,26,577,59,778,835,415,517,240,539,583,957,561,921,219,979,109,790,1019,888,64,61,58,43,50,67,53,50,44,91,65,72,51,61,46,46,42,26,50,50,61,44,8,32,33,41,35,30,21,36,39,55
[ 1053.943643] [AOA] Measurement: 0,1627114730.079143,08:55:31:9b:09:f4,2,1,2,0,128,37,332,828,51,466,992,947,319,719,583,145,674,220,213,42,230,765,805,966,698,710,700,595,982,92,103,733,186,114,787,6,842,66,57,60,43,48,65,53,48,43,88,65,77,46,57,47,47,45,29,53,56,66,50,7,39,36,47,40,36,22,46,41,67
[ 1053.986776] [AOA] Measurement: 0,1627114730.122273,08:55:31:9b:09:f4,2,1,2,0,128,999,331,230,857,901,800,428,132,167,358,511,433,675,1009,537,28,804,860,396,461,195,545,708,1007,65,76,186,961,473,549,832,702,65,56,57,40,45,64,55,45,43,90,65,78,44,58,44,44,47,25,52,55,63,47,9,37,36,48,38,38,21,46,38,65
[ 1054.032892] [AOA] Measurement: 0,1627114730.168384,08:55:31:9b:09:f4,2,1,2,0,128,493,126,257,854,402,953,415,118,39,284,532,457,667,996,564,72,799,852,403,511,203,568,650,947,647,984,195,975,556,589,363,267,66,62,60,44,49,68,52,50,46,90,65,70,52,59,44,47,42,25,51,50,61,43,9,33,33,41,33,30,21,37,40,57
[ 1054.078836] [AOA] Measurement: 0,1627114730.214335,08:55:31:9b:09:f4,2,1,2,0,128,35,367,734,8,428,996,962,320,685,586,111,663,200,198,137,304,291,19,984,716,775,761,158,122,93,103,737,144,129,792,500,303,65,57,57,40,47,64,52,46,41,88,64,75,46,58,47,45,46,25,52,52,62,47,8,36,36,46,38,34,21,43,39,65
[ 1054.123274] [AOA] Measurement: 0,1627114730.258774,08:55:31:9b:09:f4,2,1,2,0,128,437,84,234,814,958,815,476,146,608,485,524,448,653,992,605,89,279,1016,897,685,215,534,668,930,552,924,170,945,582,605,915,734,66,63,60,41,49,67,54,52,44,93,65,76,50,61,47,46,45,27,52,53,64,47,6,36,35,44,37,31,23,41,42,60
[ 1054.173524] [AOA] Measurement: 0,1627114730.309018,08:55:31:9b:09:f4,2,1,2,0,128,1020,308,734,1013,398,986,490,136,698,553,526,429,732,8,596,62,787,846,1004,731,722,724,214,126,76,88,723,130,81,748,726,588,64,55,58,41,48,64,55,46,42,89,66,77,47,59,45,45,45,26,52,55,65,48,9,38,36,50,41,36,22,44,41,67
[ 1054.223983] [AOA] Measurement: 0,1627114730.359475,08:55:31:9b:09:f4,2,1,2,0,128,1008,322,784,1013,427,1001,11,332,700,516,44,653,691,1023,539,26,751,864,481,565,739,721,627,944,571,931,200,957,537,564,360,286,68,59,58,43,50,66,54,50,46,89,66,74,50,61,46,46,47,27,52,54,65,47,9,37,37,45,39,36,21,43,42,65
[ 1054.269119] [AOA] Measurement: 0,1627114730.404618,08:55:31:9b:09:f4,2,1,2,0,128,995,286,836,35,481,1000,1022,360,668,553,44,645,265,221,68,212,759,850,384,474,784,749,114,114,125,122,684,129,41,738,790,615,66,58,58,41,48,66,54,47,43,87,64,76,47,59,46,47,47,26,52,54,65,49,8,37,36,50,39,37,22,47,40,65
[ 1054.313550] [AOA] Measurement: 0,1627114730.449048,08:55:31:9b:09:f4,2,1,2,0,128,22,297,789,2,415,978,418,134,92,293,543,433,697,12,489,42,778,807,427,536,148,519,647,947,651,985,743,139,561,604,477,343,66,61,58,41,49,67,56,49,45,90,66,76,49,60,47,47,47,27,51,57,63,49,8,38,36,48,38,38,24,45,44,67
[ 1054.357154] [AOA] Measurement: 0,1627114730.492646,08:55:31:9b:09:f4,2,1,2,0,128,541,193,212,837,434,948,500,171,144,350,575,479,675,15,542,58,742,819,948,694,163,521,215,133,109,134,676,113,132,801,488,266,67,60,61,42,49,67,53,51,43,92,66,74,49,62,45,47,46,26,53,54,64,47,8,36,36,43,38,34,21,43,39,62
[ 1054.400676] [AOA] Measurement: 0,1627114730.536168,08:55:31:9b:09:f4,2,1,2,0,128,1021,315,811,18,474,1013,959,348,660,541,69,645,235,213,123,260,274,1019,425,533,191,543,629,938,107,156,735,153,101,764,405,215,62,56,56,40,45,63,53,46,41,87,64,76,45,58,46,44,45,26,51,54,63,47,8,38,35,47,38,37,23,46,40,64
[ 1054.443723] [AOA] Measurement: 0,1627114730.579222,08:55:31:9b:09:f4,2,1,2,0,128,985,290,821,36,395,962,452,148,653,512,530,441,695,5,544,30,828,862,395,499,219,556,653,956,592,949,178,979,572,613,492,341,66,63,60,43,51,68,53,49,45,90,66,75,49,59,45,47,47,26,52,52,64,47,10,36,35,45,36,34,21,41,42,61
[ 1054.487135] [AOA] Measurement: 0,1627114730.622634,08:55:31:9b:09:f4,2,1,2,0,128,1018,310,812,22,425,982,982,326,123,366,101,661,667,1004,544,41,757,848,380,497,814,792,98,101,68,86,200,1009,549,570,931,792,62,55,57,41,46,64,56,47,41,87,65,77,45,56,47,46,46,27,51,54,64,49,8,38,37,49,39,35,23,44,42,67
[ 1054.533191] [AOA] Measurement: 0,1627114730.668683,08:55:31:9b:09:f4,2,1,2,0,128,488,131,803,34,950,811,418,102,165,393,548,453,717,20,567,36,799,840,936,746,731,716,637,976,565,924,171,938,517,558,432,313,67,60,60,42,48,64,53,48,43,92,64,79,48,58,47,46,47,25,51,54,66,49,9,38,35,45,39,35,22,43,40,65
[ 1054.580042] [AOA] Measurement: 0,1627114730.715541,08:55:31:9b:09:f4,2,1,2,0,128,1021,333,797,43,420,981,415,112,131,322,92,664,183,151,54,223,267,1014,968,733,680,692,182,146,94,100,701,160,38,707,518,437,66,60,58,43,49,66,54,48,45,88,66,75,46,59,47,47,47,25,53,53,64,47,7,35,35,47,37,34,22,44,43,63
[ 1054.618878] [AOA] Measurement: 0,1627114730.754377,08:55:31:9b:09:f4,2,1,2,0,128,17,333,782,23,407,989,985,359,630,523,503,411,653,1017,598,87,716,801,423,534,783,754,211,115,140,137,737,139,57,764,672,498,61,57,56,42,46,64,54,46,43,89,66,77,46,57,47,46,49,25,52,54,66,49,7,38,36,48,39,37,21,44,38,67
[ 1054.663065] [AOA] Measurement: 0,1627114730.798563,08:55:31:9b:09:f4,2,1,2,0,128,42,324,797,18,397,953,1005,313,662,558,556,408,755,26,573,26,812,871,358,481,183,530,703,973,120,107,758,133,59,785,592,362,67,64,59,43,52,66,54,51,44,90,65,74,50,58,46,46,44,26,52,50,64,45,7,35,35,44,38,34,21,39,40,62
[ 1054.706852] [AOA] Measurement: 0,1627114730.842351,08:55:31:9b:09:f4,2,1,2,0,128,45,352,817,4,436,1005,978,306,164,389,124,662,197,159,86,259,269,5,990,729,704,701,147,115,144,130,665,126,93,806,648,490,65,59,58,42,48,66,55,49,45,91,66,78,48,60,46,48,47,27,53,55,65,50,8,35,35,48,38,35,21,43,40,65
[ 1054.750649] [AOA] Measurement: 0,1627114730.886140,08:55:31:9b:09:f4,2,1,2,0,128,34,370,782,1019,424,961,438,144,680,552,552,482,681,0,562,52,778,825,438,553,773,779,160,130,132,95,682,189,70,751,759,536,66,60,59,42,49,66,54,48,42,93,66,77,48,60,47,46,47,26,50,54,63,49,7,37,37,46,39,36,23,46,41,66
[ 1054.793775] [AOA] Measurement: 0,1627114730.929274,08:55:31:9b:09:f4,2,1,2,0,128,998,275,222,835,464,1012,1023,333,713,598,92,661,228,210,548,54,802,862,411,537,190,515,634,966,582,929,172,957,589,592,372,213,66,59,59,43,48,66,53,49,43,92,65,77,47,59,47,46,47,26,52,56,63,50,8,39,37,48,40,38,21,45,42,68
[ 1054.832037] [AOA] Measurement: 0,1627114730.967536,08:55:31:9b:09:f4,2,1,2,0,128,70,357,783,11,907,770,464,169,47,271,543,447,706,15,575,88,721,848,343,475,183,562,676,977,570,944,648,86,578,610,529,403,67,61,61,42,51,67,54,50,44,92,68,76,50,63,48,48,46,25,53,56,64,47,8,37,35,46,39,34,24,42,44,63
[ 1054.870310] [AOA] Measurement: 0,1627114731.005808,08:55:31:9b:09:f4,2,1,2,0,128,420,92,252,848,923,827,435,155,132,322,541,440,747,9,516,14,348,33,998,731,697,678,625,961,634,990,181,965,90,766,234,54,64,57,57,42,45,62,55,45,42,86,64,75,44,57,46,46,46,25,51,54,65,47,8,37,35,49,41,38,21,46,40,68
[ 1054.913913] [AOA] Measurement: 0,1627114731.049412,08:55:31:9b:09:f4,2,1,2,0,128,9,306,844,36,424,1015,932,308,153,385,56,604,230,181,25,229,274,1008,374,498,750,740,140,101,83,75,179,985,65,767,582,391,65,62,57,42,50,67,55,49,43,89,65,74,47,60,47,46,46,26,53,51,64,47,6,35,35,44,38,33,22,42,42,63
[ 1054.956549] [AOA] Measurement: 0,1627114731.092041,08:55:31:9b:09:f4,2,1,2,0,128,524,169,247,867,471,1012,977,300,697,571,563,447,713,1012,534,27,789,838,423,519,215,553,718,1020,96,115,693,100,37,755,597,451,64,60,60,43,50,67,53,48,45,93,66,76,49,59,46,48,46,26,52,51,65,48,8,37,35,45,37,35,22,43,40,63
[ 1055.000295] [AOA] Measurement: 0,1627114731.135787,08:55:31:9b:09:f4,2,1,2,0,128,466,69,275,856,423,991,461,131,664,538,125,657,208,183,67,221,774,894,348,468,203,561,650,940,540,899,188,936,525,559,340,330,66,65,60,43,52,66,54,50,44,91,63,71,50,61,45,47,45,26,51,49,61,44,8,35,32,43,36,30,21,39,42,57
[ 1055.043429] [AOA] Measurement: 0,1627114731.178922,08:55:31:9b:09:f4,2,1,2,0,128,983,303,803,28,457,982,987,332,691,561,68,684,679,999,149,278,711,792,955,712,714,717,112,100,135,127,767,183,52,787,742,504,64,59,58,42,50,67,55,48,45,90,66,78,49,59,46,46,47,26,53,55,65,48,8,37,35,46,40,35,22,46,41,64
[ 1055.093988] [AOA] Measurement: 0,1627114731.229480,08:55:31:9b:09:f4,2,1,2,0,128,542,161,213,841,881,807,437,98,100,349,558,432,695,1021,574,75,787,863,420,505,198,563,689,922,571,957,161,978,574,598,415,357,67,61,58,42,50,67,52,49,45,89,67,73,49,60,48,48,46,25,53,52,62,48,7,37,34,48,36,33,21,44,43,62
[ 1055.147380] [AOA] Measurement: 0,1627114731.282879,08:55:31:9b:09:f4,2,1,2,0,128,446,108,206,833,457,1020,453,132,141,382,108,666,680,13,588,64,789,855,432,535,199,549,641,958,74,87,191,967,78,759,840,687,65,60,59,44,50,67,52,51,45,91,67,75,52,62,46,47,47,26,53,52,64,46,8,37,35,46,37,34,21,44,41,65
[ 1055.190635] [AOA] Measurement: 0,1627114731.326128,08:55:31:9b:09:f4,2,1,2,0,128,1014,294,760,3,919,788,421,115,134,365,64,634,197,207,132,314,247,983,1008,716,799,770,112,112,66,108,691,148,120,799,640,469,63,59,57,41,48,62,56,45,40,89,64,79,44,57,46,44,45,26,51,56,62,49,6,37,34,50,38,36,20,45,39,66
[ 1055.233663] [AOA] Measurement: 0,1627114731.369161,08:55:31:9b:09:f4,2,1,2,0,128,993,299,830,39,376,987,438,144,111,344,521,419,695,1011,589,61,821,875,954,724,150,563,151,118,61,81,151,974,514,584,620,496,64,56,54,39,45,63,54,46,41,88,63,80,44,59,46,44,46,26,52,53,65,49,8,40,36,50,39,37,22,46,41,67
[ 1055.277036] [AOA] Measurement: 0,1627114731.412535,08:55:31:9b:09:f4,2,1,2,0,128,478,93,292,840,890,815,490,175,52,334,589,464,684,1006,555,59,803,850,391,496,156,515,678,954,604,967,706,98,91,799,1021,930,64,62,59,42,50,68,54,52,45,92,65,76,50,59,48,47,47,26,53,53,62,46,9,34,35,45,38,33,21,42,43,62
[ 1055.323023] [AOA] Measurement: 0,1627114731.458515,08:55:31:9b:09:f4,2,1,2,0,128,0,326,196,836,453,1004,413,149,121,342,506,410,704,1021,535,35,791,813,409,477,203,512,651,991,553,928,207,988,586,594,256,178,67,61,60,41,46,67,56,48,44,89,64,77,47,57,47,46,47,26,52,56,66,47,7,37,35,49,39,35,22,45,43,64
[ 1055.368988] [AOA] Measurement: 0,1627114731.504487,08:55:31:9b:09:f4,2,1,2,0,128,45,350,781,22,435,994,420,142,687,562,501,450,727,30,53,265,253,1023,953,737,762,776,131,100,103,45,187,988,98,763,892,683,64,59,57,42,49,64,56,49,41,90,66,78,47,59,46,48,47,27,53,52,66,48,7,38,36,47,39,34,21,43,40,62
[ 1055.413165] [AOA] Measurement: 0,1627114731.548661,08:55:31:9b:09:f4,2,1,2,0,128,22,329,784,22,396,967,995,344,162,362,530,433,693,11,522,67,775,857,432,538,186,550,648,930,615,967,727,161,94,791,38,824,67,60,60,41,49,66,55,49,45,90,66,75,50,60,47,48,44,25,52,53,66,48,8,36,34,47,37,35,24,42,40,63
[ 1055.456775] [AOA] Measurement: 0,1627114731.592264,08:55:31:9b:09:f4,2,1,2,0,128,1010,331,790,6,410,1006,972,345,690,573,108,648,192,198,68,240,315,29,961,697,147,538,592,902,89,93,753,158,165,808,42,858,61,58,54,41,47,62,53,46,40,86,63,78,44,57,45,45,47,24,52,53,62,48,10,38,36,49,40,37,19,47,39,66
[ 1055.500503] [AOA] Measurement: 0,1627114731.635995,08:55:31:9b:09:f4,2,1,2,0,128,1010,295,795,70,362,937,471,158,138,365,538,443,734,7,544,44,808,854,396,496,201,568,687,958,617,961,173,985,570,576,34,877,67,62,60,42,50,68,55,51,46,92,66,74,49,61,47,46,45,26,53,53,64,45,7,35,35,47,38,35,23,43,42,63
[ 1055.543660] [AOA] Measurement: 0,1627114731.679159,08:55:31:9b:09:f4,2,1,2,0,128,991,333,726,1022,421,984,1001,330,202,360,522,420,662,1006,544,2,785,867,408,482,227,531,646,930,597,900,227,996,80,778,173,123,66,61,59,42,50,68,52,50,43,89,67,75,47,58,46,45,45,25,52,51,61,46,8,36,36,46,38,33,23,43,39,63
[ 1055.587568] [AOA] Measurement: 0,1627114731.723066,08:55:31:9b:09:f4,2,1,2,0,128,22,333,818,24,410,997,0,324,678,531,111,667,683,1003,504,35,758,836,381,509,772,746,668,929,547,924,171,981,573,611,757,612,64,58,58,41,47,65,55,48,45,89,64,77,48,61,47,45,45,26,53,55,64,47,9,38,36,47,38,34,22,45,42,65
[ 1055.633307] [AOA] Measurement: 0,1627114731.768799,08:55:31:9b:09:f4,2,1,2,0,128,1015,333,822,52,411,983,990,357,672,526,128,689,236,194,68,226,765,825,483,552,738,718,152,120,106,91,761,165,127,814,668,451,64,59,58,41,47,64,55,47,44,90,67,78,46,59,47,46,46,27,53,55,65,49,7,38,38,49,40,38,22,44,42,65
[ 1055.679354] [AOA] Measurement: 0,1627114731.814853,08:55:31:9b:09:f4,2,1,2,0,128,492,127,231,851,900,773,521,162,111,358,556,472,700,999,570,62,797,861,395,470,188,545,145,79,582,934,125,938,544,568,458,343,58,50,51,36,41,57,49,42,37,81,60,72,40,51,41,40,44,24,47,51,57,45,8,35,32,44,36,34,20,43,36,60
[ 1055.723521] [AOA] Measurement: 0,1627114731.859020,08:55:31:9b:09:f4,2,1,2,0,128,1018,313,772,4,449,994,414,139,707,586,39,624,178,159,540,52,348,996,383,444,255,583,575,961,599,944,195,1014,554,572,601,427,66,63,61,42,51,69,54,50,45,90,65,77,50,58,47,47,46,24,53,54,64,47,8,36,36,45,38,36,23,43,42,63
[ 1055.766092] [AOA] Measurement: 0,1627114731.901586,08:55:31:9b:09:f4,2,1,2,0,128,985,283,818,0,374,964,1023,337,104,345,578,469,720,16,521,32,799,884,426,557,693,695,584,910,603,976,775,172,72,775,396,157,66,62,57,43,52,65,53,51,45,91,65,72,50,60,45,44,44,26,50,49,62,42,9,33,35,41,34,32,23,38,39,59
[ 1055.809641] [AOA] Measurement: 0,1627114731.945140,08:55:31:9b:09:f4,2,1,2,0,128,5,310,818,47,394,996,970,327,662,534,126,669,687,4,54,220,313,33,969,688,723,712,194,127,79,67,725,151,565,596,644,548,64,61,59,42,50,67,56,49,45,88,68,74,49,59,47,48,45,26,53,56,64,46,7,36,37,47,39,35,23,43,40,62
[ 1055.847135] [AOA] Measurement: 0,1627114731.982633,08:55:31:9b:09:f4,2,1,2,0,128,1009,316,824,34,441,999,963,306,697,570,17,596,206,196,77,249,310,28,943,676,718,721,193,157,146,134,800,190,110,801,840,640,62,57,57,39,48,64,54,47,42,90,66,79,46,58,46,47,46,24,52,56,65,49,8,39,34,49,37,37,21,45,40,65
[ 1055.891241] [AOA] Measurement: 0,1627114732.026733,08:55:31:9b:09:f4,2,1,2,0,128,457,97,260,872,945,827,379,92,177,343,533,462,200,166,578,82,797,867,391,502,196,533,207,143,39,55,757,126,85,765,104,1018,66,62,58,40,50,66,55,51,45,91,65,75,49,58,46,48,47,26,54,55,65,48,7,38,34,47,39,36,22,45,40,65
[ 1055.934019] [AOA] Measurement: 0,1627114732.069518,08:55:31:9b:09:f4,2,1,2,0,128,1,348,751,18,908,805,413,113,62,307,598,470,623,964,577,71,763,847,966,709,713,703,721,974,131,135,154,915,485,507,117,101,65,60,58,41,48,66,52,49,42,89,65,75,49,58,46,48,45,25,52,51,64,47,6,35,37,46,38,36,23,41,42,65
[ 1055.977311] [AOA] Measurement: 0,1627114732.112810,08:55:31:9b:09:f4,2,1,2,0,128,6,329,800,5,423,980,1009,326,688,525,545,421,680,1021,535,44,810,866,986,739,790,783,214,146,62,61,719,138,12,719,737,592,66,58,58,41,48,65,52,48,43,89,66,73,50,57,46,47,47,27,51,51,64,45,9,36,36,45,37,33,22,41,43,62
[ 1056.022525] [AOA] Measurement: 0,1627114732.158017,08:55:31:9b:09:f4,2,1,2,0,128,470,148,206,810,893,786,449,117,142,371,519,442,636,991,522,41,748,830,409,512,150,514,684,919,549,924,155,949,505,570,128,111,64,60,59,42,50,66,54,49,45,90,64,76,48,59,48,47,47,27,52,55,64,48,9,36,37,47,41,37,22,45,41,64
[ 1056.072681] [AOA] Measurement: 0,1627114732.208174,08:55:31:9b:09:f4,2,1,2,0,128,427,116,789,1008,433,983,423,162,735,600,36,604,191,175,86,240,815,885,906,646,189,540,183,101,69,89,713,129,533,555,920,918,65,58,58,40,48,66,54,49,43,90,67,76,47,59,46,46,47,26,52,53,65,47,9,38,37,46,38,36,21,44,41,67
[ 1056.117415] [AOA] Measurement: 0,1627114732.252913,08:55:31:9b:09:f4,2,1,2,0,128,11,339,789,995,440,1000,438,119,100,351,583,444,649,983,559,92,812,877,444,542,238,591,146,128,81,90,709,132,101,784,334,179,66,60,58,39,49,64,56,49,44,90,64,77,46,58,47,45,45,27,53,54,65,50,7,36,36,46,39,35,21,43,41,65
[ 1056.161948] [AOA] Measurement: 0,1627114732.297440,08:55:31:9b:09:f4,2,1,2,0,128,1008,298,786,39,423,1010,14,381,642,494,551,485,702,1015,514,32,795,850,991,700,189,585,613,951,120,121,763,175,97,772,728,572,60,56,56,41,47,65,54,44,42,86,65,77,46,57,46,46,47,27,51,57,64,50,8,38,36,49,40,37,21,47,39,68
[ 1056.211910] [AOA] Measurement: 0,1627114732.347410,08:55:31:9b:09:f4,2,1,2,0,128,23,315,790,30,443,974,995,340,632,534,46,612,682,24,93,250,302,20,910,709,718,710,117,95,580,947,730,152,95,802,106,946,67,61,59,42,48,66,54,50,44,90,64,69,49,60,46,48,43,27,53,51,61,43,8,34,34,43,37,32,21,38,42,57
[ 1056.254754] [AOA] Measurement: 0,1627114732.390253,08:55:31:9b:09:f4,2,1,2,0,128,457,115,282,859,875,785,462,150,128,353,577,457,677,990,581,92,804,860,378,521,229,552,651,962,593,952,717,121,566,613,787,698,65,59,61,41,49,66,56,50,45,91,67,78,48,61,47,46,47,25,52,53,65,48,8,36,37,49,39,35,23,45,41,66
[ 1056.300951] [AOA] Measurement: 0,1627114732.436443,08:55:31:9b:09:f4,2,1,2,0,128,480,126,262,849,456,1005,996,365,93,326,552,450,659,1011,540,14,758,825,389,469,130,532,657,919,632,963,719,138,524,568,458,427,66,61,59,42,50,66,57,49,43,91,65,74,48,60,47,47,46,27,51,52,64,48,8,38,36,46,38,34,22,41,41,62
[ 1056.345888] [AOA] Measurement: 0,1627114732.481387,08:55:31:9b:09:f4,2,1,2,0,128,1013,332,864,79,352,954,991,334,719,575,88,681,623,998,109,283,261,1017,954,691,753,724,182,136,84,86,719,160,106,776,823,652,66,61,60,43,51,65,55,51,43,90,69,73,49,60,48,46,46,27,53,54,66,48,8,36,35,47,37,33,23,43,40,62
[ 1056.388822] [AOA] Measurement: 0,1627114732.524315,08:55:31:9b:09:f4,2,1,2,0,128,1009,331,786,9,871,755,469,119,139,350,565,461,183,187,40,216,774,872,349,506,191,554,701,1003,581,928,788,157,55,804,523,407,78,70,71,51,59,81,69,58,51,111,82,97,61,74,60,58,61,32,67,69,84,62,11,47,45,61,49,46,28,53,54,79
[ 1056.427371] [AOA] Measurement: 0,1627114732.562870,08:55:31:9b:09:f4,2,1,2,0,128,454,126,821,51,897,798,530,172,640,513,79,638,648,1008,535,88,796,829,424,522,244,589,678,940,562,905,772,101,579,589,46,915,81,71,70,51,57,81,69,59,53,111,81,98,57,75,60,56,60,32,66,70,84,64,10,49,44,60,51,45,28,61,52,82
[ 1056.471497] [AOA] Measurement: 0,1627114732.606996,08:55:31:9b:09:f4,2,1,2,0,128,450,103,268,862,917,787,415,120,154,320,559,454,724,18,65,242,275,977,933,699,776,747,124,91,131,139,712,160,61,793,327,97,65,60,58,42,51,66,54,48,44,91,67,75,48,61,45,48,47,25,53,55,64,47,9,38,35,46,37,36,22,42,41,65
[ 1056.515422] [AOA] Measurement: 0,1627114732.650922,08:55:31:9b:09:f4,2,1,2,0,128,54,375,779,4,414,982,2,362,672,513,584,455,695,5,507,40,282,8,471,546,204,559,605,936,601,961,230,1007,138,821,458,219,67,61,62,42,51,65,54,50,42,90,65,70,48,59,45,44,43,25,51,49,61,44,6,33,34,41,34,31,23,38,41,58
[ 1056.558609] [AOA] Measurement: 0,1627114732.694102,08:55:31:9b:09:f4,2,1,2,0,128,0,266,201,828,852,787,479,162,680,541,564,452,243,208,91,240,775,852,438,504,160,524,680,976,119,99,736,152,554,599,34,877,67,58,58,41,48,65,55,49,43,89,65,74,48,58,47,46,43,26,50,54,63,47,6,35,33,44,37,34,22,43,40,62
[ 1056.601313] [AOA] Measurement: 0,1627114732.736813,08:55:31:9b:09:f4,2,1,2,0,128,489,132,763,15,398,985,438,130,696,563,548,438,725,2,533,52,736,787,415,512,224,536,641,929,537,938,704,113,525,550,373,287,60,53,56,40,45,60,53,43,41,84,62,76,44,57,46,44,47,25,50,54,63,50,8,38,36,49,39,39,22,45,40,69
[ 1056.639487] [AOA] Measurement: 0,1627114732.774986,08:55:31:9b:09:f4,2,1,2,0,128,448,133,234,846,899,778,492,152,66,276,549,468,653,967,530,47,738,788,428,497,230,586,163,90,606,962,207,979,529,558,450,417,66,62,59,43,51,66,53,50,46,92,65,72,49,62,46,47,46,26,53,51,62,46,7,34,34,43,36,31,23,39,42,60
[ 1056.677713] [AOA] Measurement: 0,1627114732.813210,08:55:31:9b:09:f4,2,1,2,0,128,49,351,768,25,421,967,1006,335,699,577,114,648,238,190,86,266,342,61,907,698,148,443,609,957,615,952,175,999,532,598,227,64,66,60,58,42,49,66,55,49,44,91,66,76,49,60,46,47,47,27,54,53,65,48,8,37,37,45,38,35,22,43,41,66
[ 1056.724503] [AOA] Measurement: 0,1627114732.859999,08:55:31:9b:09:f4,2,1,2,0,128,31,314,802,5,419,985,401,101,125,332,562,445,644,5,570,27,745,817,490,594,701,704,698,1007,559,944,164,984,548,583,652,452,67,62,59,43,50,67,52,50,45,88,64,70,50,60,46,48,43,25,52,52,63,48,8,35,33,42,35,33,22,41,38,58
[ 1056.767567] [AOA] Measurement: 0,1627114732.903066,08:55:31:9b:09:f4,2,1,2,0,128,1013,309,793,14,487,20,1000,317,687,572,86,661,660,984,514,1009,793,843,375,485,187,514,651,936,609,942,208,978,515,570,688,578,65,59,58,40,46,65,55,47,41,89,64,76,45,58,45,46,48,27,50,55,65,50,9,38,35,48,37,35,23,45,39,66
[ 1056.810697] [AOA] Measurement: 0,1627114732.946194,08:55:31:9b:09:f4,2,1,2,0,128,2,320,776,1,414,984,428,140,104,337,539,447,697,1012,525,22,808,850,385,474,218,565,672,950,615,937,260,1017,557,555,322,220,62,54,57,40,45,61,53,44,41,88,62,75,44,57,45,44,47,27,51,54,63,49,7,38,35,47,38,34,20,45,40,67
[ 1056.849456] [AOA] Measurement: 0,1627114732.984949,08:55:31:9b:09:f4,2,1,2,0,128,35,375,830,20,379,957,455,134,135,353,601,469,699,1019,556,32,790,848,980,697,180,571,205,125,544,925,745,139,541,560,372,326,63,58,57,41,47,63,53,47,42,88,64,76,47,59,47,46,46,27,51,54,61,47,8,37,36,48,39,35,22,46,41,66
[ 1056.892985] [AOA] Measurement: 0,1627114733.028478,08:55:31:9b:09:f4,2,1,2,0,128,1000,309,733,994,928,853,463,149,121,352,556,451,684,985,460,6,812,837,429,505,210,546,675,952,649,980,183,966,110,769,982,851,66,58,61,41,50,66,54,51,44,92,63,75,50,60,45,46,45,25,53,52,65,45,8,35,36,45,36,32,21,38,39,59
[ 1056.944185] [AOA] Measurement: 0,1627114733.079678,08:55:31:9b:09:f4,2,1,2,0,128,21,307,775,17,416,984,439,127,161,386,617,452,701,1019,543,54,372,78,990,734,734,715,652,917,148,166,181,947,88,774,986,846,64,61,57,40,49,66,56,46,43,90,66,77,47,59,47,46,48,28,52,54,64,49,9,36,35,49,37,36,21,46,39,64
[ 1056.983987] [AOA] Measurement: 0,1627114733.119486,08:55:31:9b:09:f4,2,1,2,0,128,476,133,208,832,927,833,971,322,683,533,80,620,729,29,56,226,293,13,377,473,732,728,682,976,592,927,230,986,80,816,454,247,66,62,59,42,48,66,54,49,42,90,67,77,49,60,47,47,47,25,54,55,64,47,8,37,38,47,38,37,22,42,42,64
[ 1057.026907] [AOA] Measurement: 0,1627114733.162406,08:55:31:9b:09:f4,2,1,2,0,128,48,344,764,1007,440,972,1014,355,636,509,123,699,685,1008,556,40,338,32,1007,782,741,704,151,157,113,116,702,137,127,810,774,527,63,57,57,39,48,64,54,45,40,87,61,76,45,57,45,44,47,27,51,52,64,48,10,37,37,46,39,35,21,44,39,64
[ 1057.074952] [AOA] Measurement: 0,1627114733.210445,08:55:31:9b:09:f4,2,1,2,0,128,66,375,809,50,370,970,481,143,146,347,67,616,691,18,595,72,321,43,1022,732,735,694,88,67,608,955,200,983,575,576,962,881,65,59,57,41,48,65,53,50,41,88,66,78,47,59,47,47,46,27,53,54,63,49,9,37,37,48,37,35,22,44,40,64
[ 1057.118849] [AOA] Measurement: 0,1627114733.254348,08:55:31:9b:09:f4,2,1,2,0,128,440,118,202,800,881,771,467,137,110,313,531,434,669,996,531,38,765,840,411,499,168,508,664,938,591,953,743,178,555,588,643,644,68,64,61,41,51,68,52,52,46,89,65,73,52,62,46,45,44,25,50,52,63,46,8,34,34,41,35,32,22,40,41,60
[ 1057.162850] [AOA] Measurement: 0,1627114733.298350,08:55:31:9b:09:f4,2,1,2,0,128,971,290,816,9,416,988,953,305,662,559,92,651,196,171,87,228,324,53,970,728,764,749,636,913,125,113,117,937,562,613,326,247,65,62,60,42,53,67,54,52,47,93,66,73,49,61,48,45,44,27,50,53,61,45,8,35,35,41,36,33,22,41,42,63
[ 1057.212822] [AOA] Measurement: 0,1627114733.348314,08:55:31:9b:09:f4,2,1,2,0,128,8,289,774,9,919,849,1019,364,638,524,552,425,727,18,88,289,261,998,436,544,212,533,149,121,602,938,739,177,48,758,747,616,63,57,57,40,46,65,55,49,41,88,66,79,47,59,45,44,45,27,52,54,65,49,8,37,36,47,39,37,20,45,41,65
[ 1057.263102] [AOA] Measurement: 0,1627114733.398594,08:55:31:9b:09:f4,2,1,2,0,128,514,144,216,826,902,792,444,133,152,337,58,630,657,1021,596,104,787,873,412,518,178,514,662,988,539,893,206,1017,58,765,796,723,67,61,60,41,48,67,54,49,45,91,67,77,48,59,48,47,47,28,53,54,64,48,7,37,36,46,39,35,23,43,42,66
[ 1057.305883] [AOA] Measurement: 0,1627114733.441376,08:55:31:9b:09:f4,2,1,2,0,128,71,349,753,10,910,796,364,108,135,360,509,421,727,24,526,10,788,839,411,518,181,484,726,948,601,923,186,973,59,791,400,269,65,60,60,43,48,68,53,52,46,91,65,75,51,60,46,46,45,24,51,51,64,44,7,35,35,43,37,33,22,39,41,62
[ 1057.344132] [AOA] Measurement: 0,1627114733.479631,08:55:31:9b:09:f4,2,1,2,0,128,37,348,821,66,451,1014,17,362,672,548,147,695,196,191,65,256,281,1022,971,738,730,731,605,983,121,100,741,162,120,769,672,517,69,63,59,41,50,66,57,48,44,90,64,75,50,61,47,48,47,27,54,52,66,48,8,37,36,46,37,35,23,43,40,61
[ 1057.382613] [AOA] Measurement: 0,1627114733.518112,08:55:31:9b:09:f4,2,1,2,0,128,1019,290,759,0,910,805,442,89,730,610,73,628,235,213,25,210,263,1020,930,707,169,505,604,937,118,107,181,957,530,550,51,965,64,57,57,41,47,65,54,46,44,90,64,76,47,60,47,46,47,27,53,55,65,47,7,37,34,47,40,34,23,46,40,66
[ 1057.424521] [AOA] Measurement: 0,1627114733.560014,08:55:31:9b:09:f4,2,1,2,0,128,469,141,228,833,940,811,474,168,689,537,131,662,727,1011,519,21,795,825,443,510,201,528,157,111,54,89,717,155,17,763,380,160,63,60,60,41,49,65,55,47,44,90,65,79,48,60,47,46,48,28,54,56,65,50,7,37,35,47,38,37,22,45,42,66
[ 1057.470476] [AOA] Measurement: 0,1627114733.605975,08:55:31:9b:09:f4,2,1,2,0,128,983,296,744,19,475,11,996,306,104,314,566,426,728,2,569,67,777,834,427,520,205,523,605,966,589,968,202,996,548,555,806,650,66,61,57,43,48,66,54,50,44,90,68,77,49,60,48,48,46,27,54,53,66,49,8,36,35,46,38,34,22,43,42,66
[ 1057.508608] [AOA] Measurement: 0,1627114733.644107,08:55:31:9b:09:f4,2,1,2,0,128,39,330,796,35,495,1020,986,317,649,503,526,443,696,1015,94,221,336,40,984,736,774,750,227,102,512,901,168,985,58,767,0,870,65,60,57,41,47,66,52,50,44,89,66,76,47,59,45,47,47,26,51,53,66,51,7,38,35,48,39,38,21,46,42,67
[ 1057.552314] [AOA] Measurement: 0,1627114733.687812,08:55:31:9b:09:f4,2,1,2,0,128,1009,343,787,5,874,779,424,116,95,332,595,489,709,1,530,37,765,845,430,512,192,531,674,990,117,93,161,972,61,775,462,282,68,61,60,42,51,67,53,49,45,90,66,74,51,62,46,47,47,25,52,52,62,46,8,36,36,44,36,33,22,41,41,61
[ 1057.594402] [AOA] Measurement: 0,1627114733.729895,08:55:31:9b:09:f4,2,1,2,0,128,31,373,808,44,451,994,958,301,83,308,561,430,655,1007,514,37,774,849,1014,766,733,711,140,100,115,97,696,119,82,783,818,611,67,63,59,43,50,67,53,49,42,91,67,73,48,59,47,46,46,25,53,53,65,46,7,37,34,43,39,35,24,44,40,63
[ 1057.638197] [AOA] Measurement: 0,1627114733.773693,08:55:31:9b:09:f4,2,1,2,0,128,450,133,218,838,894,809,469,137,659,539,78,630,717,17,536,38,753,850,401,461,217,554,625,950,555,905,761,182,87,781,490,386,83,72,73,53,60,79,67,58,54,112,84,99,60,76,60,59,58,34,66,69,85,62,10,48,46,63,51,48,29,58,51,81
[ 1057.681390] [AOA] Measurement: 0,1627114733.816882,08:55:31:9b:09:f4,2,1,2,0,128,949,279,239,849,457,1000,422,143,152,375,128,667,222,196,81,259,725,834,966,726,190,522,658,938,572,933,211,985,54,775,498,376,63,55,54,40,44,63,53,46,40,87,63,76,44,56,45,44,47,26,52,54,62,48,8,36,34,47,39,38,21,46,40,66
[ 1057.723887] [AOA] Measurement: 0,1627114733.859385,08:55:31:9b:09:f4,2,1,2,0,128,1011,320,771,1023,927,836,5,334,634,520,587,452,676,1023,541,68,318,20,899,670,746,755,607,934,537,907,178,973,513,561,735,641,65,58,59,41,48,66,54,48,44,89,66,78,46,57,47,46,47,26,52,51,63,48,8,37,35,47,39,34,24,45,39,66
[ 1057.768553] [AOA] Measurement: 0,1627114733.904044,08:55:31:9b:09:f4,2,1,2,0,128,43,374,224,859,885,811,456,124,721,578,555,436,661,1002,537,14,757,800,458,551,768,738,193,100,622,948,211,1009,105,841,552,427,63,55,55,40,44,61,54,45,41,87,64,77,43,56,45,44,47,25,49,53,64,48,8,38,36,48,38,36,20,47,39,68
[ 1057.816094] [AOA] Measurement: 0,1627114733.951593,08:55:31:9b:09:f4,2,1,2,0,128,49,338,787,32,406,3,1002,364,655,514,78,666,200,184,66,238,329,35,966,719,824,783,206,142,106,91,763,172,108,796,640,396,57,53,51,36,44,59,51,43,39,83,59,71,42,54,42,42,43,23,48,51,59,44,8,36,34,43,35,35,19,42,38,61
[ 1057.858885] [AOA] Measurement: 0,1627114733.994384,08:55:31:9b:09:f4,2,1,2,0,128,67,374,771,10,385,964,446,127,693,580,77,613,691,1019,525,76,729,837,471,543,223,557,682,930,558,926,182,977,589,619,364,292,63,55,56,40,44,61,53,45,39,86,64,76,44,58,46,44,46,26,51,51,61,48,9,37,35,47,39,37,23,46,41,65
[ 1057.906530] [AOA] Measurement: 0,1627114734.042024,08:55:31:9b:09:f4,2,1,2,0,128,453,86,791,26,905,812,461,142,111,335,502,392,721,6,551,54,763,836,431,547,190,510,643,961,101,105,723,139,542,574,468,325,64,60,60,40,49,66,54,47,43,89,65,74,48,59,47,46,46,26,53,54,65,48,8,35,35,46,37,34,23,42,42,62
[ 1057.953350] [AOA] Measurement: 0,1627114734.088847,08:55:31:9b:09:f4,2,1,2,0,128,994,302,852,48,377,955,451,146,639,529,495,414,691,9,117,269,288,25,965,735,767,762,110,87,587,958,766,154,56,746,730,519,65,59,61,42,46,66,56,50,42,91,65,74,48,60,46,48,47,26,52,53,66,48,7,38,36,47,38,35,22,44,42,64
[ 1057.996549] [AOA] Measurement: 0,1627114734.132049,08:55:31:9b:09:f4,2,1,2,0,128,26,344,767,1001,479,0,1000,351,634,511,616,491,226,172,553,52,769,824,985,708,197,531,631,941,583,934,181,986,586,585,128,981,64,58,57,41,48,65,53,48,42,89,65,77,47,59,47,47,47,26,54,55,65,47,8,37,35,48,39,36,23,45,41,66
[ 1058.040310] [AOA] Measurement: 0,1627114734.175801,08:55:31:9b:09:f4,2,1,2,0,128,44,358,833,62,434,976,477,191,674,580,568,457,672,998,557,85,765,808,381,472,215,532,627,949,646,981,744,150,51,776,717,630,66,60,58,42,50,66,55,50,44,89,63,72,50,58,45,47,44,27,52,51,63,46,7,35,34,44,35,34,23,39,43,59
[ 1058.089973] [AOA] Measurement: 0,1627114734.225465,08:55:31:9b:09:f4,2,1,2,0,128,4,322,834,43,375,969,446,139,48,319,527,427,674,1001,560,67,781,823,423,513,173,544,685,937,513,890,218,985,569,605,76,958,65,62,59,39,50,66,56,50,45,92,66,74,49,60,47,46,46,28,54,54,65,47,8,37,36,45,39,34,21,45,41,63
[ 1058.129148] [AOA] Measurement: 0,1627114734.264646,08:55:31:9b:09:f4,2,1,2,0,128,6,330,755,1001,450,17,972,333,710,545,524,441,704,10,579,103,300,33,992,702,206,520,658,954,601,961,781,141,76,767,779,640,65,59,58,43,48,66,53,50,43,89,65,77,49,60,46,49,46,28,51,52,66,47,9,36,34,46,39,35,24,44,42,66
[ 1058.175161] [AOA] Measurement: 0,1627114734.310654,08:55:31:9b:09:f4,2,1,2,0,128,1015,325,788,1015,441,979,481,171,655,519,76,628,629,991,604,97,797,828,398,518,184,533,160,135,594,950,145,950,138,812,734,553,63,56,56,39,48,64,53,48,43,89,63,76,46,57,45,45,47,25,51,54,62,48,8,37,35,46,38,34,22,41,38,62
[ 1058.213864] [AOA] Measurement: 0,1627114734.349363,08:55:31:9b:09:f4,2,1,2,0,128,30,348,188,829,907,790,5,346,701,559,604,492,666,1016,499,40,796,848,433,527,192,530,665,964,549,920,196,941,572,621,11,829,66,60,58,42,49,67,52,50,44,92,65,73,49,58,44,46,44,25,53,52,62,46,9,34,34,43,37,32,24,41,38,62
[ 1058.259931] [AOA] Measurement: 0,1627114734.395428,08:55:31:9b:09:f4,2,1,2,0,128,992,314,769,25,458,1002,970,301,157,378,581,454,726,52,79,241,347,59,966,726,735,735,188,88,535,925,163,922,576,555,787,696,59,55,54,37,44,62,54,43,37,86,63,74,44,55,45,42,47,28,49,53,63,47,8,38,35,47,40,38,22,47,40,66
[ 1058.303722] [AOA] Measurement: 0,1627114734.439220,08:55:31:9b:09:f4,2,1,2,0,128,11,284,767,7,437,1008,969,344,689,566,61,644,702,4,589,66,330,57,961,722,716,714,574,918,114,101,148,956,470,540,740,643,64,58,59,39,49,66,55,46,42,90,65,77,45,59,48,46,47,27,52,56,66,47,8,38,36,50,38,36,21,47,40,67
[ 1058.346146] [AOA] Measurement: 0,1627114734.481638,08:55:31:9b:09:f4,2,1,2,0,128,985,331,781,1019,895,785,427,112,151,389,564,477,652,999,539,61,787,856,355,497,207,558,560,913,613,987,150,967,568,586,948,740,64,59,58,41,48,65,55,49,45,91,66,78,48,60,47,47,45,26,52,53,64,47,8,38,35,46,38,36,23,44,42,63
[ 1058.389978] [AOA] Measurement: 0,1627114734.525471,08:55:31:9b:09:f4,2,1,2,0,128,1013,317,818,44,445,972,998,322,743,607,83,658,195,203,524,49,763,874,1022,732,193,552,633,964,590,962,153,942,107,790,524,328,67,63,59,43,50,66,53,51,46,89,66,69,53,62,45,45,45,27,52,52,63,45,7,35,36,44,36,34,23,40,41,59
[ 1058.432881] [AOA] Measurement: 0,1627114734.568374,08:55:31:9b:09:f4,2,1,2,0,128,493,148,802,1018,901,799,401,115,125,345,543,436,652,995,508,32,747,803,449,529,160,494,647,947,538,919,196,1004,77,776,923,857,61,55,55,38,45,62,56,48,41,87,64,78,44,56,46,46,46,26,52,55,63,49,8,38,37,47,41,37,21,45,41,64
[ 1058.483019] [AOA] Measurement: 0,1627114734.618511,08:55:31:9b:09:f4,2,1,2,0,128,0,290,806,13,868,767,21,334,719,569,86,638,231,204,550,78,294,1021,417,520,217,568,145,144,94,137,760,177,116,777,6,911,66,60,60,42,50,68,54,50,44,91,65,74,49,59,47,46,45,28,50,52,63,48,6,36,35,45,37,34,23,42,41,60
[ 1058.529290] [AOA] Measurement: 0,1627114734.664788,08:55:31:9b:09:f4,2,1,2,0,128,991,265,792,6,455,9,942,275,640,531,42,597,657,997,551,42,307,11,445,557,210,549,184,138,151,164,690,111,101,834,884,686,55,50,48,33,41,52,47,39,35,76,56,69,39,51,42,41,42,25,46,50,57,46,8,35,32,44,35,33,17,40,36,59
[ 1058.573341] [AOA] Measurement: 0,1627114734.708840,08:55:31:9b:09:f4,2,1,2,0,128,956,300,806,22,378,987,478,134,696,563,108,672,720,20,519,44,825,916,946,718,167,516,170,109,102,87,692,126,52,751,685,517,65,57,58,42,47,62,56,48,42,90,67,76,45,57,47,45,47,27,52,56,63,49,8,39,37,49,39,38,21,45,41,67
[ 1058.611752] [AOA] Measurement: 0,1627114734.747251,08:55:31:9b:09:f4,2,1,2,0,128,0,315,771,12,459,1000,952,316,655,540,547,446,679,1015,534,62,778,870,405,542,762,757,137,101,155,134,706,161,119,801,884,695,65,61,60,42,49,67,54,51,47,92,66,77,48,61,47,48,48,27,54,53,66,46,8,36,36,46,37,36,23,43,41,66
[ 1058.653589] [AOA] Measurement: 0,1627114734.789081,08:55:31:9b:09:f4,2,1,2,0,128,7,320,790,36,450,988,30,384,691,561,97,642,172,164,76,238,325,55,971,752,721,766,177,132,93,79,691,115,110,777,132,906,66,58,59,39,47,65,56,47,42,90,67,77,48,60,47,48,46,27,51,55,65,49,8,39,36,48,36,35,22,45,41,63
[ 1058.698885] [AOA] Measurement: 0,1627114734.834384,08:55:31:9b:09:f4,2,1,2,0,128,1010,316,771,1021,382,976,432,128,122,348,529,439,713,2,506,33,791,845,380,517,188,530,191,153,129,116,707,113,86,747,963,809,67,61,60,42,50,65,55,50,44,92,67,77,49,60,48,46,47,28,54,56,65,47,9,38,35,48,40,36,21,48,38,67
[ 1058.743469] [AOA] Measurement: 0,1627114734.878965,08:55:31:9b:09:f4,2,1,2,0,128,80,333,808,24,396,979,431,157,121,364,504,428,682,6,598,94,284,1012,440,513,213,547,636,928,603,978,745,164,53,768,589,419,70,64,64,46,52,71,58,54,46,95,72,82,51,63,49,51,50,30,56,58,70,52,9,40,40,50,41,38,22,49,46,69
[ 1058.785846] [AOA] Measurement: 0,1627114734.921337,08:55:31:9b:09:f4,2,1,2,0,128,33,345,810,26,422,1021,1020,362,688,577,92,679,179,180,85,252,315,46,984,739,725,724,137,103,576,923,206,1005,72,750,814,594,67,63,60,43,49,67,55,51,45,91,67,73,51,60,46,47,44,25,51,50,64,46,8,36,35,44,35,33,22,41,40,60
[ 1058.829825] [AOA] Measurement: 0,1627114734.965318,08:55:31:9b:09:f4,2,1,2,0,128,579,173,781,5,470,1022,961,299,699,583,78,653,701,10,7,197,777,853,361,477,235,568,172,109,110,112,199,956,531,562,805,583,66,59,58,41,47,65,56,50,44,92,67,77,49,60,48,46,47,27,53,55,67,48,8,37,36,44,39,35,22,42,41,63
[ 1058.874333] [AOA] Measurement: 0,1627114735.009829,08:55:31:9b:09:f4,2,1,2,0,128,1019,338,211,819,971,850,993,345,675,544,83,643,715,37,36,240,261,1001,443,507,213,521,650,930,117,112,724,128,107,810,681,462,64,57,57,42,49,65,54,47,41,91,66,76,47,58,45,44,46,24,53,55,65,50,7,36,34,47,38,36,22,44,41,62
[ 1058.919890] [AOA] Measurement: 0,1627114735.055382,08:55:31:9b:09:f4,2,1,2,0,128,49,347,765,1,915,837,392,127,733,567,552,477,242,206,53,208,241,984,458,544,760,781,123,113,557,949,127,958,522,542,735,642,65,62,59,42,50,65,51,49,43,89,64,72,49,59,48,45,43,26,52,53,63,45,6,36,35,43,36,34,21,42,42,61
[ 1058.970146] [AOA] Measurement: 0,1627114735.105639,08:55:31:9b:09:f4,2,1,2,0,128,36,340,850,69,446,993,1004,349,601,485,525,431,713,1016,536,72,270,17,951,724,749,722,202,163,84,84,194,946,591,611,14,906,66,64,60,43,50,66,53,51,46,93,65,73,49,59,46,47,46,27,54,52,64,46,6,35,34,46,36,34,23,40,41,62
[ 1059.013043] [AOA] Measurement: 0,1627114735.148536,08:55:31:9b:09:f4,2,1,2,0,128,456,135,786,33,906,796,409,121,124,363,131,704,619,966,555,66,742,827,409,507,203,551,639,949,642,945,721,203,22,743,149,4,66,60,59,43,52,67,55,50,42,91,66,79,49,59,47,45,49,25,54,54,65,49,7,38,36,47,39,36,22,43,40,67
[ 1059.057401] [AOA] Measurement: 0,1627114735.192901,08:55:31:9b:09:f4,2,1,2,0,128,1011,279,786,32,411,974,481,168,667,533,43,604,709,42,523,32,759,814,438,526,787,728,175,156,75,89,720,148,556,581,759,640,67,59,60,41,51,65,54,49,43,88,64,73,49,61,45,46,44,26,51,51,63,45,9,35,35,46,38,33,21,40,41,60
[ 1059.101339] [AOA] Measurement: 0,1627114735.236832,08:55:31:9b:09:f4,2,1,2,0,128,70,346,782,6,424,1002,448,166,634,529,598,483,677,4,553,41,278,25,449,555,177,555,203,154,95,141,733,121,88,773,963,857,65,60,58,42,47,64,56,48,42,89,65,76,48,58,48,45,45,25,52,52,65,47,8,37,35,47,36,34,22,43,39,61
[ 1059.143897] [AOA] Measurement: 0,1627114735.279396,08:55:31:9b:09:f4,2,1,2,0,128,515,130,798,20,480,1017,984,334,653,527,66,602,260,198,37,223,772,824,405,486,159,503,667,978,539,893,167,960,74,771,746,625,65,59,58,41,48,63,54,47,41,91,64,78,47,60,47,47,48,25,51,55,64,48,7,35,34,47,37,35,24,44,42,64
[ 1059.187610] [AOA] Measurement: 0,1627114735.323102,08:55:31:9b:09:f4,2,1,2,0,128,426,88,185,816,924,845,471,102,151,331,171,705,676,1017,599,70,762,849,467,547,206,543,662,964,594,963,176,955,547,592,291,163,65,58,59,41,47,65,55,47,42,88,65,79,45,56,46,43,46,25,51,56,63,49,8,38,35,50,40,37,21,47,41,66
[ 1059.230589] [AOA] Measurement: 0,1627114735.366082,08:55:31:9b:09:f4,2,1,2,0,128,19,342,181,797,873,772,453,122,148,352,575,461,702,994,556,73,775,852,400,505,218,534,220,119,602,928,738,139,523,588,501,474,64,57,56,39,46,65,54,46,42,89,65,76,47,56,46,46,47,26,51,54,66,48,8,37,36,46,37,37,21,44,39,66
[ 1059.284084] [AOA] Measurement: 0,1627114735.419577,08:55:31:9b:09:f4,2,1,2,0,128,10,338,778,20,456,985,412,124,679,499,539,406,677,990,565,36,793,813,441,538,206,557,655,965,596,946,201,996,45,743,566,463,65,59,58,41,50,67,54,48,44,92,66,76,49,59,46,48,47,25,53,52,65,48,8,36,37,45,36,34,23,42,42,64
[ 1059.328195] [AOA] Measurement: 0,1627114735.463692,08:55:31:9b:09:f4,2,1,2,0,128,21,343,713,1016,417,996,454,164,631,512,92,652,193,164,546,54,799,836,402,512,194,515,673,968,113,107,715,138,545,598,399,264,66,57,60,41,48,65,54,49,42,90,67,79,49,61,47,48,47,27,53,54,67,48,9,38,36,48,40,37,22,45,40,64
[ 1059.372617] [AOA] Measurement: 0,1627114735.508111,08:55:31:9b:09:f4,2,1,2,0,128,42,350,842,76,433,1012,997,334,659,517,623,497,701,1014,583,87,784,811,991,751,750,751,43,46,148,117,775,172,87,745,648,382,66,59,56,43,48,68,55,49,44,90,65,75,48,58,45,46,47,26,52,53,65,48,6,37,35,45,38,34,21,44,42,65
[ 1059.422354] [AOA] Measurement: 0,1627114735.557847,08:55:31:9b:09:f4,2,1,2,0,128,479,131,231,835,935,808,455,128,51,278,537,424,651,978,471,7,793,844,446,545,772,757,635,944,603,950,186,979,560,603,349,258,62,54,55,38,46,60,51,45,42,82,61,66,46,56,42,44,44,24,49,50,59,44,7,33,32,42,33,31,19,38,36,54
[ 1059.472807] [AOA] Measurement: 0,1627114735.608300,08:55:31:9b:09:f4,2,1,2,0,128,35,349,792,31,452,999,1010,315,130,336,613,485,252,225,69,207,347,34,935,691,200,540,653,1013,109,118,692,121,116,781,428,252,67,60,58,42,49,66,54,49,44,89,65,76,46,61,46,44,47,26,52,55,64,47,7,37,35,46,39,35,22,45,42,63
[ 1059.517418] [AOA] Measurement: 0,1627114735.652914,08:55:31:9b:09:f4,2,1,2,0,128,9,320,759,20,439,1008,468,184,684,546,117,681,194,149,104,257,316,6,931,728,746,737,137,93,579,955,712,137,121,772,88,872,68,62,60,42,49,66,56,51,46,92,65,76,49,59,47,46,47,27,52,54,65,47,9,36,37,49,40,37,22,45,41,65
[ 1059.561237] [AOA] Measurement: 0,1627114735.696732,08:55:31:9b:09:f4,2,1,2,0,128,460,120,233,823,918,826,931,327,653,513,107,641,721,43,43,220,355,87,1020,722,210,514,633,961,130,125,743,193,4,711,671,584,67,62,62,41,50,69,56,50,47,92,66,76,48,59,47,48,47,27,53,53,66,47,8,38,38,47,39,35,21,42,41,64
[ 1059.604654] [AOA] Measurement: 0,1627114735.740154,08:55:31:9b:09:f4,2,1,2,0,128,1011,281,773,1006,409,962,491,179,120,368,592,473,688,996,540,54,815,843,929,700,201,581,154,116,120,148,671,108,547,595,531,399,64,58,56,40,48,65,53,49,42,91,64,74,46,58,45,46,45,26,52,52,63,46,8,35,34,44,36,35,22,42,39,62
[ 1059.648657] [AOA] Measurement: 0,1627114735.784150,08:55:31:9b:09:f4,2,1,2,0,128,438,124,814,25,401,997,466,173,138,380,521,446,656,1004,515,6,725,812,430,507,225,547,171,90,626,992,159,938,574,580,689,633,66,60,58,42,49,66,55,48,42,90,64,78,47,59,45,46,48,25,52,55,62,49,9,37,34,46,39,36,20,44,41,65
[ 1059.693562] [AOA] Measurement: 0,1627114735.829055,08:55:31:9b:09:f4,2,1,2,0,128,1021,330,797,0,440,995,472,186,688,589,98,680,183,157,567,82,268,998,444,500,779,764,628,966,556,935,748,170,76,777,343,157,66,64,61,43,50,66,54,52,46,90,66,74,50,59,44,47,43,25,51,52,60,45,8,33,35,42,35,30,23,40,41,59
[ 1059.743460] [AOA] Measurement: 0,1627114735.878952,08:55:31:9b:09:f4,2,1,2,0,128,1009,316,769,22,461,0,935,271,736,593,60,592,236,244,82,249,335,42,997,745,743,701,643,951,110,102,721,153,151,781,887,648,67,61,60,41,50,68,55,50,44,92,67,72,51,60,47,47,45,26,54,54,64,47,7,37,35,46,39,34,22,42,40,61
[ 1059.788156] [AOA] Measurement: 0,1627114735.923653,08:55:31:9b:09:f4,2,1,2,0,128,1003,268,748,998,438,996,10,339,662,546,77,673,713,26,70,269,318,56,892,692,719,752,138,141,108,114,687,128,128,767,22,976,65,61,57,41,47,65,54,48,42,89,65,78,48,60,46,47,46,25,53,56,64,48,7,36,36,47,39,38,21,44,40,68
[ 1059.832072] [AOA] Measurement: 0,1627114735.967570,08:55:31:9b:09:f4,2,1,2,0,128,6,342,734,9,403,992,454,127,161,372,544,453,741,29,41,204,834,882,986,735,182,550,188,109,72,96,169,970,602,595,163,68,67,61,58,42,49,68,55,50,44,90,66,75,50,61,48,48,47,27,53,54,65,48,8,37,35,47,39,36,24,45,42,64
[ 1059.869861] [AOA] Measurement: 0,1627114736.005359,08:55:31:9b:09:f4,2,1,2,0,128,489,166,225,846,474,1003,411,105,124,317,551,418,668,1011,551,58,716,836,420,481,160,495,622,943,598,955,229,974,523,571,140,76,84,76,75,52,63,85,69,62,54,116,85,97,62,77,61,60,61,31,67,66,81,59,10,45,42,57,50,43,28,54,51,75
[ 1059.914245] [AOA] Measurement: 0,1627114736.049745,08:55:31:9b:09:f4,2,1,2,0,128,470,125,825,56,905,789,433,130,123,391,523,451,669,981,531,31,791,835,392,520,788,761,151,123,54,85,207,960,74,742,404,275,67,61,58,43,50,68,52,49,43,88,67,73,50,60,48,46,44,26,53,52,64,45,8,35,36,44,38,34,22,41,41,60
[ 1059.963802] [AOA] Measurement: 0,1627114736.099296,08:55:31:9b:09:f4,2,1,2,0,128,13,349,774,5,893,760,451,162,683,545,59,618,725,23,528,45,726,813,435,507,192,531,651,960,604,957,196,967,540,564,717,557,66,59,58,41,49,66,55,48,43,89,64,76,48,60,48,46,48,26,51,54,64,48,7,36,36,46,38,34,22,42,41,63
[ 1060.013581] [AOA] Measurement: 0,1627114736.149073,08:55:31:9b:09:f4,2,1,2,0,128,3,323,774,21,443,988,984,320,696,547,99,700,164,159,166,291,279,2,329,447,222,537,654,1005,46,107,123,952,85,769,744,590,66,58,55,41,48,66,55,47,42,89,65,76,49,58,48,47,46,26,51,51,63,47,7,36,36,48,38,35,22,46,40,65
[ 1060.057893] [AOA] Measurement: 0,1627114736.193392,08:55:31:9b:09:f4,2,1,2,0,128,491,132,786,46,455,1012,972,353,676,536,104,628,691,1000,504,25,763,856,361,478,224,557,671,975,132,125,696,132,103,799,923,724,66,62,58,41,48,66,55,48,44,92,66,77,47,59,46,45,47,29,51,54,64,50,9,39,36,48,39,36,21,45,40,66
[ 1060.103160] [AOA] Measurement: 0,1627114736.238653,08:55:31:9b:09:f4,2,1,2,0,128,33,332,208,848,451,972,469,143,112,353,547,422,691,1010,519,31,773,816,400,522,164,517,680,935,550,896,215,979,113,800,712,537,89,77,79,59,66,89,82,64,57,125,90,109,65,83,67,64,68,38,74,80,92,72,14,57,51,72,57,55,31,68,56,91
[ 1060.145996] [AOA] Measurement: 0,1627114736.281494,08:55:31:9b:09:f4,2,1,2,0,128,979,347,786,9,394,942,444,114,130,348,590,479,699,19,47,219,752,830,440,538,147,516,602,925,582,915,212,997,91,733,56,849,62,56,56,41,46,64,56,46,41,88,64,79,44,57,45,46,48,28,50,55,65,49,8,36,37,48,38,36,20,46,40,66
[ 1060.189577] [AOA] Measurement: 0,1627114736.325073,08:55:31:9b:09:f4,2,1,2,0,128,994,311,800,40,466,992,1007,329,76,305,562,461,217,194,54,264,308,33,947,712,771,745,170,163,81,98,172,1003,556,592,568,382,66,63,59,43,52,68,53,51,47,91,65,72,51,60,45,47,43,26,52,50,63,45,7,36,37,42,34,31,23,38,38,56
[ 1060.227388] [AOA] Measurement: 0,1627114736.362885,08:55:31:9b:09:f4,2,1,2,0,128,38,341,761,1016,406,1010,19,392,655,521,136,674,212,197,540,40,827,910,954,720,711,724,639,914,128,129,215,1019,18,724,420,339,64,61,60,41,49,65,55,49,43,90,66,78,49,60,47,46,46,26,51,53,63,47,8,36,35,46,39,33,23,43,40,64
[ 1060.271242] [AOA] Measurement: 0,1627114736.406735,08:55:31:9b:09:f4,2,1,2,0,128,85,409,752,987,426,957,407,125,143,359,525,437,662,12,541,47,797,857,430,540,746,735,132,104,128,94,159,977,569,588,576,438,68,66,61,44,52,67,55,51,45,92,67,75,52,60,45,46,47,26,53,55,63,46,9,37,34,46,37,34,23,42,42,61
[ 1060.313821] [AOA] Measurement: 0,1627114736.449318,08:55:31:9b:09:f4,2,1,2,0,128,492,151,753,1,885,785,486,162,79,301,519,409,675,982,505,28,832,911,352,435,166,537,658,901,549,916,203,974,588,578,871,757,65,60,59,42,49,66,54,49,44,93,68,78,49,60,48,46,47,26,53,53,65,48,9,37,37,48,41,37,23,45,41,68
