
[ 7762.844707] [AOA] Measurement: 0,1627121438.980146,08:55:31:9b:04:ac,2,1,2,0,128,9,874,989,198,466,941,108,467,693,600,866,972,97,864,603,512,907,665,277,864,582,748,97,425,467,907,174,152,731,924,848,102,79,75,68,76,57,71,69,54,61,86,81,69,43,42,50,43,66,57,55,30,63,68,43,50,65,59,73,76,74,86,88,83
[ 7762.883172] [AOA] Measurement: 0,1627121439.018611,08:55:31:9b:04:ac,2,1,2,0,128,978,839,420,1015,457,920,84,422,149,414,291,750,617,667,60,358,319,440,348,912,550,736,533,189,441,864,176,144,711,925,580,930,84,81,74,83,63,77,75,59,68,93,88,75,45,47,56,48,70,59,58,31,69,74,45,53,71,63,79,81,82,90,90,84
[ 7762.927785] [AOA] Measurement: 0,1627121439.063221,08:55:31:9b:04:ac,2,1,2,0,128,946,814,961,196,515,991,651,672,709,631,877,960,155,914,590,529,855,580,292,881,33,562,575,230,985,730,573,919,200,762,137,594,79,77,68,77,58,71,72,56,65,89,83,72,44,43,53,44,68,57,56,31,66,69,45,49,67,59,76,79,77,85,89,81
[ 7762.972253] [AOA] Measurement: 0,1627121439.107689,08:55:31:9b:04:ac,2,1,2,0,128,1010,831,391,995,1006,796,103,492,185,458,309,758,124,896,646,544,852,634,874,86,521,726,67,418,437,905,590,949,254,770,617,45,79,78,69,76,58,70,71,54,65,85,82,71,44,42,52,44,68,56,57,31,65,68,44,49,67,60,73,77,77,88,87,81
[ 7763.022799] [AOA] Measurement: 0,1627121439.158235,08:55:31:9b:04:ac,2,1,2,0,128,1018,837,961,226,442,939,67,466,798,673,835,955,194,953,532,481,328,434,873,82,1014,500,562,223,946,725,596,968,691,909,536,982,80,74,67,78,58,71,72,55,63,87,84,71,43,43,52,44,69,57,56,31,65,69,42,50,67,59,74,79,77,86,88,82
[ 7763.077676] [AOA] Measurement: 0,1627121439.213116,08:55:31:9b:04:ac,2,1,2,0,128,956,833,993,213,546,981,609,630,153,421,306,778,628,705,93,331,360,432,270,858,1009,534,569,236,493,931,138,173,680,917,828,107,81,75,70,79,59,74,72,54,63,89,84,70,42,42,51,44,67,56,55,29,64,69,41,48,67,57,74,76,75,86,85,79
[ 7763.122251] [AOA] Measurement: 0,1627121439.257688,08:55:31:9b:04:ac,2,1,2,0,128,411,645,386,1012,994,810,71,459,185,465,877,967,140,872,627,563,867,596,328,930,538,701,52,410,467,908,148,168,134,734,809,167,74,70,66,72,54,66,66,51,61,83,79,66,40,39,48,40,61,51,52,25,59,64,38,46,62,53,68,72,71,79,81,74
[ 7763.166002] [AOA] Measurement: 0,1627121439.301443,08:55:31:9b:04:ac,2,1,2,0,128,1018,855,922,200,511,984,642,638,770,666,795,927,157,911,595,543,874,607,848,55,561,747,67,419,434,886,625,948,742,943,51,378,82,76,71,77,60,73,71,55,65,88,85,70,42,41,51,42,64,54,53,27,62,67,38,48,65,57,73,76,74,85,83,78
[ 7763.209449] [AOA] Measurement: 0,1627121439.344889,08:55:31:9b:04:ac,2,1,2,0,128,958,827,974,208,523,1011,606,640,755,662,833,931,622,697,663,568,887,629,827,44,600,752,71,422,476,883,88,112,129,726,868,256,81,75,70,78,60,71,72,55,66,88,83,70,41,43,52,43,68,55,55,26,64,67,39,50,63,56,73,74,74,85,82,78
[ 7763.248200] [AOA] Measurement: 0,1627121439.383637,08:55:31:9b:04:ac,2,1,2,0,128,464,645,925,177,957,762,616,643,733,652,901,938,187,902,590,524,895,662,305,862,1001,530,562,244,464,898,592,952,162,732,974,376,79,75,70,78,61,72,71,54,64,91,85,71,42,42,51,42,68,56,55,29,65,70,42,48,66,59,73,77,78,85,87,81
[ 7763.292398] [AOA] Measurement: 0,1627121439.427832,08:55:31:9b:04:ac,2,1,2,0,128,998,885,934,159,490,1010,637,663,699,637,848,938,192,904,603,543,925,628,837,87,467,691,529,229,425,856,655,956,205,757,531,937,78,76,69,76,59,71,71,54,64,89,83,70,42,43,51,44,66,55,54,29,65,68,43,49,67,58,75,76,76,87,88,80
[ 7763.342922] [AOA] Measurement: 0,1627121439.478357,08:55:31:9b:04:ac,2,1,2,0,128,416,630,362,960,979,795,115,444,118,393,285,760,589,631,79,361,317,432,353,880,10,587,556,234,900,683,665,944,160,730,565,38,81,76,71,76,61,71,71,54,64,89,84,67,42,40,50,43,63,53,53,25,62,64,38,47,64,56,72,75,74,83,81,73
[ 7763.389320] [AOA] Measurement: 0,1627121439.524757,08:55:31:9b:04:ac,2,1,2,0,128,965,819,447,16,966,797,584,611,171,444,871,958,579,679,84,358,301,426,324,906,13,569,491,222,493,902,641,977,700,941,469,812,80,73,71,77,61,72,72,54,64,87,84,68,40,42,49,43,65,54,53,24,63,67,37,48,65,57,74,76,74,84,84,76
[ 7763.432427] [AOA] Measurement: 0,1627121439.567866,08:55:31:9b:04:ac,2,1,2,0,128,464,666,373,993,987,803,90,435,112,368,266,755,600,642,99,313,340,461,302,898,963,508,552,253,910,687,609,945,172,742,10,519,79,75,70,74,61,72,70,52,62,86,82,65,38,38,47,40,61,49,51,22,59,61,35,45,60,51,69,69,70,79,76,70
[ 7763.477727] [AOA] Measurement: 0,1627121439.613166,08:55:31:9b:04:ac,2,1,2,0,128,413,650,465,32,496,937,67,435,201,470,331,744,78,849,661,599,866,613,318,910,603,754,18,386,926,703,595,968,138,733,447,882,80,76,69,77,58,72,72,54,65,88,83,70,43,43,51,44,66,55,55,28,65,68,42,49,67,59,75,77,76,86,87,81
[ 7763.527166] [AOA] Measurement: 0,1627121439.662602,08:55:31:9b:04:ac,2,1,2,0,128,371,588,464,25,940,760,120,498,182,441,299,719,613,658,630,550,334,462,851,43,542,717,538,231,930,701,623,934,232,746,934,317,79,76,71,78,61,72,72,55,64,88,83,69,41,41,50,42,65,55,52,27,62,67,39,48,65,56,73,75,72,84,83,77
[ 7763.571707] [AOA] Measurement: 0,1627121439.707146,08:55:31:9b:04:ac,2,1,2,0,128,967,837,950,169,533,1019,585,618,189,440,318,783,559,654,37,317,317,440,322,923,541,753,87,432,517,941,63,98,726,915,609,988,81,76,70,77,59,70,71,55,64,89,83,70,43,44,51,43,66,56,55,29,66,68,41,47,66,58,75,77,75,87,85,80
[ 7763.609978] [AOA] Measurement: 0,1627121439.745417,08:55:31:9b:04:ac,2,1,2,0,128,982,812,943,184,521,999,103,462,182,454,319,731,639,677,674,548,879,637,810,25,532,720,507,189,938,715,598,966,178,743,436,930,79,75,71,77,59,72,71,54,64,89,82,69,40,42,51,43,66,56,53,26,65,67,41,49,66,57,73,76,75,83,85,77
[ 7763.655946] [AOA] Measurement: 0,1627121439.791384,08:55:31:9b:04:ac,2,1,2,0,128,931,829,993,221,472,960,625,641,722,653,292,733,644,702,690,561,895,617,861,84,500,743,514,213,933,679,633,939,217,770,849,246,81,74,71,75,60,72,70,53,63,86,84,66,38,40,49,43,64,53,54,23,63,64,37,46,64,55,71,73,72,82,82,75
[ 7763.699379] [AOA] Measurement: 0,1627121439.834820,08:55:31:9b:04:ac,2,1,2,0,128,965,851,417,22,497,984,592,663,720,578,851,932,105,887,59,322,312,395,874,84,5,556,70,400,443,878,637,989,712,918,715,3,81,76,69,76,58,71,69,53,65,90,83,70,42,43,50,43,66,53,55,29,64,68,40,48,67,58,74,76,76,85,86,78
[ 7763.737299] [AOA] Measurement: 0,1627121439.872738,08:55:31:9b:04:ac,2,1,2,0,128,35,879,924,164,525,12,597,631,749,654,856,935,141,885,613,499,922,625,830,97,565,726,72,425,450,880,119,126,722,950,989,308,77,75,68,77,58,71,70,53,63,88,82,70,42,43,51,44,68,57,56,32,64,69,43,51,68,58,74,76,76,88,87,80
[ 7763.780688] [AOA] Measurement: 0,1627121439.916126,08:55:31:9b:04:ac,2,1,2,0,128,997,836,404,5,486,1008,626,640,761,658,806,908,129,826,636,564,836,596,268,863,568,717,577,224,975,724,148,142,126,686,763,190,81,74,70,73,59,70,70,52,64,85,81,66,39,41,49,41,63,50,52,23,61,63,36,44,61,54,70,71,71,80,79,74
[ 7763.823412] [AOA] Measurement: 0,1627121439.958847,08:55:31:9b:04:ac,2,1,2,0,128,1018,854,977,181,512,989,656,640,716,643,803,889,128,877,678,595,898,661,825,38,598,748,2,411,445,869,614,965,768,949,636,992,80,75,70,76,60,71,71,54,63,89,85,69,43,42,51,43,64,56,55,28,64,67,40,47,66,58,73,76,75,86,86,79
[ 7763.874527] [AOA] Measurement: 0,1627121440.009963,08:55:31:9b:04:ac,2,1,2,0,128,1006,875,395,11,503,1003,586,610,743,657,826,936,170,888,639,564,881,613,832,55,1011,540,526,220,963,691,615,983,199,768,227,558,80,78,73,81,61,76,73,59,67,92,88,75,48,48,57,48,73,62,59,35,68,74,50,53,73,65,79,84,82,90,93,88
[ 7763.920963] [AOA] Measurement: 0,1627121440.056405,08:55:31:9b:04:ac,2,1,2,0,128,960,842,884,157,534,1007,626,632,687,637,863,984,124,877,598,510,320,397,356,909,999,547,512,211,508,938,120,142,713,919,660,46,75,74,66,76,55,67,68,53,61,86,78,69,43,44,50,42,65,55,54,32,63,68,46,48,67,59,72,78,75,85,88,81
[ 7763.968566] [AOA] Measurement: 0,1627121440.104001,08:55:31:9b:04:ac,2,1,2,0,128,931,809,408,24,505,1018,53,435,178,422,295,719,616,735,596,494,342,434,831,74,529,739,489,202,939,702,622,1000,126,712,688,73,79,77,70,78,59,72,70,54,65,87,82,68,42,43,51,43,66,58,56,30,63,68,42,51,66,58,73,77,77,86,86,82
[ 7764.013331] [AOA] Measurement: 0,1627121440.148767,08:55:31:9b:04:ac,2,1,2,0,128,965,819,348,1019,979,779,96,434,151,422,309,727,659,706,83,349,890,617,879,105,533,713,80,431,455,889,594,923,126,715,188,649,79,74,69,75,58,69,70,51,63,88,81,69,42,43,51,43,66,56,54,29,63,68,42,48,67,57,74,77,74,86,87,81
[ 7764.065625] [AOA] Measurement: 0,1627121440.201059,08:55:31:9b:04:ac,2,1,2,0,128,392,632,393,1019,4,831,595,595,153,393,876,938,101,834,637,536,838,589,244,844,9,549,566,224,902,700,594,953,808,933,981,273,85,80,76,82,63,75,77,59,67,93,88,73,45,46,55,47,69,59,60,29,67,70,42,50,69,60,77,81,79,89,88,82
[ 7764.110726] [AOA] Measurement: 0,1627121440.246165,08:55:31:9b:04:ac,2,1,2,0,128,430,642,438,1010,510,979,678,645,120,411,288,768,593,668,122,355,332,417,843,79,572,731,89,436,431,884,587,921,220,749,710,184,78,76,70,76,58,71,73,55,65,89,82,69,42,43,52,44,66,56,56,28,65,67,40,48,66,57,75,78,75,86,87,80
[ 7764.149587] [AOA] Measurement: 0,1627121440.285026,08:55:31:9b:04:ac,2,1,2,0,128,943,824,897,156,963,803,115,473,143,401,320,738,642,712,598,499,332,416,303,898,994,545,468,193,923,721,627,964,681,909,82,524,81,75,70,75,60,71,70,53,62,86,83,66,41,40,50,41,63,51,52,24,61,64,35,46,63,55,71,73,73,82,77,73
[ 7764.194568] [AOA] Measurement: 0,1627121440.330008,08:55:31:9b:04:ac,2,1,2,0,128,441,616,396,1012,1002,793,107,477,210,461,319,754,627,700,44,359,310,406,877,65,558,716,492,194,965,746,616,973,706,928,773,206,81,76,70,78,60,71,71,53,64,88,83,71,43,44,52,43,67,57,57,31,63,70,44,50,68,58,75,78,78,86,87,83
[ 7764.238073] [AOA] Measurement: 0,1627121440.373505,08:55:31:9b:04:ac,2,1,2,0,128,434,636,989,194,512,998,113,492,187,412,295,715,593,668,124,391,898,614,290,905,49,555,89,443,449,907,168,145,706,892,97,545,80,74,72,76,60,72,71,53,64,88,82,66,39,39,49,41,64,51,53,23,63,64,38,47,63,56,71,74,73,83,83,75
[ 7764.276613] [AOA] Measurement: 0,1627121440.412051,08:55:31:9b:04:ac,2,1,2,0,128,965,793,922,163,973,793,102,457,195,460,282,730,597,674,64,357,843,601,880,84,958,498,589,256,469,878,190,181,719,926,79,463,82,76,70,77,60,72,72,53,64,88,86,69,42,41,50,42,63,53,54,26,63,66,39,48,66,57,73,76,73,85,83,75
[ 7764.319475] [AOA] Measurement: 0,1627121440.454911,08:55:31:9b:04:ac,2,1,2,0,128,454,644,430,12,542,1021,70,461,146,456,273,756,643,711,57,325,376,469,824,23,522,715,74,441,444,915,106,154,745,965,418,730,77,74,66,75,57,68,68,52,62,86,78,69,43,43,50,42,64,56,55,30,62,68,43,49,67,55,71,73,74,84,85,79
[ 7764.358100] [AOA] Measurement: 0,1627121440.493539,08:55:31:9b:04:ac,2,1,2,0,128,23,885,945,206,505,1001,611,649,743,656,828,934,122,888,636,559,907,632,883,77,558,747,62,381,448,877,166,145,713,908,201,519,74,70,66,71,56,66,65,48,59,81,77,62,36,38,47,40,59,50,48,24,58,61,35,43,60,54,68,70,68,79,78,71
[ 7764.402599] [AOA] Measurement: 0,1627121440.538040,08:55:31:9b:04:ac,2,1,2,0,128,1014,855,965,189,449,949,106,488,159,429,862,934,144,857,582,537,918,656,849,63,577,745,56,414,952,689,181,161,753,923,650,1021,72,70,66,72,54,66,65,50,59,82,75,63,40,40,47,40,63,53,52,29,59,64,41,46,63,55,68,71,72,81,82,75
[ 7764.448257] [AOA] Measurement: 0,1627121440.583691,08:55:31:9b:04:ac,2,1,2,0,128,9,895,953,198,993,802,71,434,730,662,847,923,144,902,560,536,869,561,374,950,550,724,66,423,496,939,117,102,770,934,395,731,79,76,72,77,60,71,71,52,64,88,84,67,41,43,49,42,62,51,55,24,61,65,37,47,63,56,73,74,73,82,83,77
[ 7764.491458] [AOA] Measurement: 0,1627121440.626898,08:55:31:9b:04:ac,2,1,2,0,128,956,841,917,190,948,768,602,611,130,422,879,930,181,868,83,303,336,414,317,887,962,480,498,193,8,750,617,952,125,714,412,884,79,75,69,74,60,70,70,52,64,86,82,68,40,40,49,41,65,52,53,24,60,64,37,47,64,55,72,73,73,83,82,76
[ 7764.530397] [AOA] Measurement: 0,1627121440.665832,08:55:31:9b:04:ac,2,1,2,0,128,975,817,950,207,439,947,124,478,666,591,301,735,676,702,20,326,305,400,284,878,7,546,561,230,965,719,164,150,704,947,936,350,83,80,74,82,64,76,76,57,69,94,88,76,47,47,55,47,71,60,61,30,70,71,46,53,71,62,81,83,82,92,91,86
[ 7764.574381] [AOA] Measurement: 0,1627121440.709815,08:55:31:9b:04:ac,2,1,2,0,128,940,806,433,1023,1003,796,71,428,202,425,288,740,625,658,644,522,886,625,872,81,521,722,67,409,947,692,617,970,159,734,428,880,80,76,72,75,59,72,72,55,65,89,84,70,42,42,50,43,65,53,54,26,64,68,39,48,65,57,74,77,75,85,84,78
[ 7764.624385] [AOA] Measurement: 0,1627121440.759818,08:55:31:9b:04:ac,2,1,2,0,128,1014,858,417,12,492,947,651,661,720,596,337,755,112,876,44,309,345,420,860,71,544,707,548,212,943,723,685,981,219,776,879,170,79,76,69,76,60,71,72,55,64,88,84,69,42,41,51,43,65,52,53,25,64,66,38,47,65,56,74,75,73,82,83,74
[ 7764.670941] [AOA] Measurement: 0,1627121440.806382,08:55:31:9b:04:ac,2,1,2,0,128,893,803,400,1014,978,805,70,448,148,381,303,736,605,680,69,348,324,434,335,934,486,670,536,220,930,728,644,966,211,743,776,158,79,74,69,76,56,71,70,52,62,86,81,66,40,40,49,41,63,53,53,26,60,65,39,45,62,56,71,73,73,83,82,75
[ 7764.715069] [AOA] Measurement: 0,1627121440.850509,08:55:31:9b:04:ac,2,1,2,0,128,455,657,404,1017,537,1022,627,622,141,432,259,741,612,693,31,316,325,403,343,924,984,503,577,277,424,880,603,971,226,766,184,610,79,74,69,74,60,70,71,53,64,88,83,67,40,40,50,41,63,52,51,22,60,63,37,46,63,55,72,72,72,84,80,74
[ 7764.772747] [AOA] Measurement: 0,1627121440.908187,08:55:31:9b:04:ac,2,1,2,0,128,990,869,958,209,946,792,104,470,702,610,849,943,119,859,69,342,913,654,253,853,537,739,562,225,909,687,656,991,171,751,753,223,80,74,68,76,58,70,70,52,62,87,79,67,40,41,49,40,65,52,55,27,62,66,39,48,64,56,72,74,74,84,82,76
[ 7764.817131] [AOA] Measurement: 0,1627121440.952572,08:55:31:9b:04:ac,2,1,2,0,128,949,824,428,1022,553,3,643,663,738,632,307,770,565,640,55,337,363,460,918,90,544,735,18,371,1000,722,142,106,206,772,71,402,79,76,69,78,59,70,69,53,64,90,82,70,41,43,50,43,66,53,54,29,63,69,41,48,65,57,73,75,74,83,86,80
[ 7764.861690] [AOA] Measurement: 0,1627121440.997131,08:55:31:9b:04:ac,2,1,2,0,128,986,814,403,979,994,802,141,491,674,589,291,749,612,679,603,513,896,623,832,77,510,684,50,398,436,871,186,145,688,902,46,464,83,80,73,83,62,76,74,59,68,94,86,74,48,48,57,49,71,62,58,33,67,74,47,52,72,63,78,83,81,92,93,88
[ 7764.911320] [AOA] Measurement: 0,1627121441.046761,08:55:31:9b:04:ac,2,1,2,0,128,969,847,1017,223,528,999,648,656,710,615,875,916,111,860,37,313,354,408,814,46,535,725,584,254,443,907,162,135,740,945,285,597,81,74,72,74,61,71,71,53,62,86,83,67,40,40,50,42,63,51,53,23,60,64,36,46,63,56,73,73,71,80,80,75
[ 7764.951171] [AOA] Measurement: 0,1627121441.086605,08:55:31:9b:04:ac,2,1,2,0,128,957,818,964,221,504,1000,647,672,763,684,794,912,568,673,612,518,880,658,855,64,564,732,75,449,500,929,210,183,747,963,754,19,79,76,71,79,60,72,69,53,65,89,83,69,43,43,52,43,65,53,54,28,61,66,40,48,66,57,72,76,74,85,85,77
[ 7764.998761] [AOA] Measurement: 0,1627121441.134202,08:55:31:9b:04:ac,2,1,2,0,128,464,674,434,10,960,777,73,445,186,433,872,965,131,851,665,545,932,657,826,28,996,525,583,253,979,735,625,937,226,766,775,119,73,70,65,70,55,66,65,49,59,81,78,61,38,39,47,37,59,49,48,22,59,60,35,44,60,53,67,70,67,79,75,69
[ 7765.043101] [AOA] Measurement: 0,1627121441.178540,08:55:31:9b:04:ac,2,1,2,0,128,985,851,992,222,541,1013,638,674,733,644,831,905,153,865,623,561,902,669,838,62,508,716,45,380,498,890,571,919,751,927,270,573,78,76,68,78,58,70,70,56,63,88,83,71,43,44,51,41,67,56,57,31,65,69,42,50,67,59,75,77,76,86,89,80
[ 7765.089647] [AOA] Measurement: 0,1627121441.225083,08:55:31:9b:04:ac,2,1,2,0,128,421,633,428,39,478,988,110,439,156,426,318,778,117,864,46,293,315,405,350,928,47,548,572,242,964,737,619,924,772,971,984,340,80,75,70,74,61,71,71,54,63,85,80,67,40,39,49,39,62,50,51,22,59,63,34,46,60,53,71,72,70,83,81,73
[ 7765.132576] [AOA] Measurement: 0,1627121441.268017,08:55:31:9b:04:ac,2,1,2,0,128,973,846,900,182,527,1008,672,714,742,666,835,929,139,870,583,529,901,649,868,69,487,651,53,402,484,906,142,127,723,926,846,150,79,75,70,78,60,72,72,54,64,90,85,70,42,44,51,44,68,57,55,31,65,69,44,50,67,59,74,78,76,87,87,81
[ 7765.176045] [AOA] Measurement: 0,1627121441.311486,08:55:31:9b:04:ac,2,1,2,0,128,968,804,924,157,502,0,631,675,710,618,829,925,647,709,621,508,896,629,871,60,547,741,41,346,499,920,118,86,747,922,33,420,79,74,69,76,60,72,71,54,65,91,82,70,42,42,51,43,67,54,55,28,65,70,40,49,66,59,72,76,74,83,85,79
[ 7765.219663] [AOA] Measurement: 0,1627121441.355098,08:55:31:9b:04:ac,2,1,2,0,128,960,834,954,221,532,1005,623,636,741,666,805,908,167,890,607,505,906,619,913,121,588,764,101,428,573,973,147,144,764,942,495,807,78,74,71,75,62,72,72,52,64,87,83,67,40,39,51,42,65,51,53,25,62,65,37,46,63,57,74,74,70,84,83,77
[ 7765.262509] [AOA] Measurement: 0,1627121441.397950,08:55:31:9b:04:ac,2,1,2,0,128,946,796,989,198,501,990,687,679,774,719,913,984,114,859,608,536,914,649,877,115,572,751,1,383,505,921,123,128,653,872,427,764,80,77,70,77,61,72,71,53,63,88,84,68,40,41,51,42,64,53,55,26,64,65,40,47,64,57,73,76,74,85,83,78
[ 7765.306108] [AOA] Measurement: 0,1627121441.441548,08:55:31:9b:04:ac,2,1,2,0,128,443,635,425,13,954,776,116,447,202,470,865,956,103,876,110,410,971,693,849,59,499,710,1023,355,934,709,648,977,222,756,429,868,82,75,69,74,59,71,69,53,62,86,82,65,40,40,49,42,61,51,51,22,60,63,35,45,63,55,70,72,71,82,77,74
[ 7765.352335] [AOA] Measurement: 0,1627121441.487771,08:55:31:9b:04:ac,2,1,2,0,128,348,604,30,224,502,1006,49,440,129,405,841,926,571,668,644,548,918,652,878,69,573,787,39,442,488,889,124,134,717,918,764,108,81,77,72,79,60,73,74,56,65,90,83,69,43,42,52,44,67,56,57,29,65,70,44,50,67,58,76,77,78,89,87,80
[ 7765.398627] [AOA] Measurement: 0,1627121441.534067,08:55:31:9b:04:ac,2,1,2,0,128,993,820,411,18,484,974,648,642,162,408,270,750,614,676,54,322,893,667,859,84,532,716,581,272,450,912,103,122,719,910,933,295,81,75,69,76,59,72,70,54,64,89,82,69,41,43,51,43,66,57,54,29,63,68,41,48,66,59,75,77,76,85,86,79
[ 7765.443189] [AOA] Measurement: 0,1627121441.578629,08:55:31:9b:04:ac,2,1,2,0,128,951,822,416,25,521,989,72,431,159,435,818,920,573,674,93,353,364,430,348,926,555,763,98,408,437,883,123,130,705,910,342,761,79,75,69,78,60,71,71,54,64,90,84,72,42,44,52,44,67,56,54,30,64,68,43,49,66,58,74,77,77,86,88,81
[ 7765.493760] [AOA] Measurement: 0,1627121441.629194,08:55:31:9b:04:ac,2,1,2,0,128,950,822,990,231,498,959,646,641,747,628,304,779,71,869,85,351,337,422,287,879,553,711,517,209,458,899,159,133,709,913,543,969,79,76,68,78,57,70,70,54,63,86,81,70,41,44,52,43,66,56,55,30,65,70,42,49,67,57,74,76,76,86,87,81
[ 7765.544153] [AOA] Measurement: 0,1627121441.679587,08:55:31:9b:04:ac,2,1,2,0,128,1019,879,944,193,487,993,632,596,713,615,916,980,102,875,626,564,914,650,879,74,552,731,570,231,492,899,190,158,696,937,917,203,79,75,68,76,57,71,69,54,63,86,83,70,43,41,51,43,66,56,55,31,64,66,43,49,66,60,75,79,77,86,87,82
[ 7765.588717] [AOA] Measurement: 0,1627121441.724155,08:55:31:9b:04:ac,2,1,2,0,128,402,606,387,30,512,980,94,447,702,620,308,723,645,721,13,326,377,457,326,918,546,724,64,455,499,910,608,940,208,729,854,255,78,75,67,77,57,71,70,55,63,87,81,69,44,43,52,42,67,58,56,31,64,70,43,48,67,58,75,79,78,86,88,84
[ 7765.631953] [AOA] Measurement: 0,1627121441.767394,08:55:31:9b:04:ac,2,1,2,0,128,489,664,436,50,518,985,655,693,763,657,280,724,595,694,21,299,307,376,332,894,527,735,501,228,918,653,578,956,170,753,11,535,80,75,71,74,62,73,72,53,65,87,84,69,39,41,50,42,64,52,53,24,63,66,36,47,64,55,71,72,73,84,81,75
[ 7765.670282] [AOA] Measurement: 0,1627121441.805722,08:55:31:9b:04:ac,2,1,2,0,128,436,656,402,5,945,786,82,440,181,435,297,709,530,646,54,291,346,406,318,896,985,503,452,142,924,667,614,965,182,713,687,154,79,74,70,77,61,72,72,54,64,88,82,69,40,40,50,41,63,52,54,25,64,66,38,47,64,57,73,76,74,84,81,76
[ 7765.714130] [AOA] Measurement: 0,1627121441.849570,08:55:31:9b:04:ac,2,1,2,0,128,982,813,970,192,979,837,615,612,740,636,869,928,140,878,669,563,923,639,817,70,573,797,31,421,409,850,188,125,675,931,992,312,81,75,71,76,59,71,71,53,65,87,84,67,40,41,49,41,65,53,54,24,63,66,37,47,63,56,73,72,73,85,82,76
[ 7765.756644] [AOA] Measurement: 0,1627121441.892080,08:55:31:9b:04:ac,2,1,2,0,128,15,851,924,193,534,993,635,641,716,650,900,981,112,888,603,555,894,624,825,79,555,728,115,435,482,926,150,107,764,941,182,518,80,78,70,79,60,71,71,54,65,89,82,70,42,44,52,43,67,55,55,29,64,68,41,49,67,57,76,78,76,86,85,81
[ 7765.800393] [AOA] Measurement: 0,1627121441.935828,08:55:31:9b:04:ac,2,1,2,0,128,982,846,390,3,962,786,107,433,256,515,841,899,675,704,57,334,953,687,827,41,576,741,75,402,450,857,632,986,712,925,711,128,78,75,67,78,58,72,71,54,63,87,82,68,43,43,53,43,65,56,55,30,65,68,43,50,67,60,75,77,77,88,88,83
[ 7765.843251] [AOA] Measurement: 0,1627121441.978688,08:55:31:9b:04:ac,2,1,2,0,128,957,845,423,999,516,984,625,613,762,626,835,922,173,893,563,525,349,455,272,845,1013,503,632,295,509,929,118,101,733,948,226,558,79,76,68,77,58,71,73,55,65,87,83,71,43,44,52,44,65,57,56,31,63,68,43,51,68,59,75,78,78,87,90,83
[ 7765.893567] [AOA] Measurement: 0,1627121442.029001,08:55:31:9b:04:ac,2,1,2,0,128,410,649,390,1002,985,790,88,449,223,467,307,753,610,689,65,335,319,429,367,897,22,542,544,202,949,715,612,967,159,693,282,708,80,75,71,78,60,71,72,55,64,88,83,70,44,43,53,44,67,58,55,29,64,69,42,50,67,59,75,77,76,87,87,81
[ 7765.943610] [AOA] Measurement: 0,1627121442.079047,08:55:31:9b:04:ac,2,1,2,0,128,1012,863,947,177,450,951,632,651,700,628,835,923,650,714,56,332,322,437,330,894,33,558,526,218,954,726,567,929,207,778,422,837,77,75,70,79,59,71,74,54,64,90,83,69,42,42,52,42,66,56,56,27,63,67,39,50,67,58,73,77,77,88,85,81
[ 7765.985705] [AOA] Measurement: 0,1627121442.121140,08:55:31:9b:04:ac,2,1,2,0,128,468,649,384,1001,990,833,644,667,755,652,264,725,616,658,28,311,336,418,271,869,578,719,71,424,475,929,122,108,699,909,491,900,87,81,75,84,64,77,76,58,69,91,88,72,45,45,54,46,69,58,59,28,68,71,43,51,69,60,77,79,79,91,90,83
[ 7766.029307] [AOA] Measurement: 0,1627121442.164741,08:55:31:9b:04:ac,2,1,2,0,128,1002,874,986,255,508,1010,667,702,745,622,851,978,126,895,582,516,348,441,838,69,560,752,16,358,488,901,148,132,692,911,348,602,86,80,73,83,63,76,77,59,71,92,90,75,44,46,54,46,69,57,59,28,66,71,41,52,70,60,77,79,78,90,89,83
[ 7766.073706] [AOA] Measurement: 0,1627121442.209146,08:55:31:9b:04:ac,2,1,2,0,128,948,818,424,1011,931,765,122,469,178,442,300,743,626,670,46,329,288,378,325,903,20,529,514,230,978,715,642,979,724,927,841,273,81,77,71,78,60,72,71,53,65,88,83,70,42,42,50,43,66,54,54,26,63,68,38,48,66,58,72,77,75,84,87,77
[ 7766.113631] [AOA] Measurement: 0,1627121442.249071,08:55:31:9b:04:ac,2,1,2,0,128,490,663,480,48,486,991,86,434,167,421,324,792,626,712,80,320,362,457,885,69,558,741,45,398,500,904,87,62,231,751,222,624,79,75,67,77,55,70,68,53,62,88,81,71,42,43,50,43,67,57,57,29,65,69,44,50,67,58,74,79,77,86,86,80
[ 7766.155923] [AOA] Measurement: 0,1627121442.291361,08:55:31:9b:04:ac,2,1,2,0,128,430,638,377,963,996,806,94,455,166,408,278,749,593,636,67,330,329,439,296,878,12,534,571,257,446,886,153,129,163,728,485,1010,79,74,68,74,60,69,69,53,61,87,84,66,39,41,49,42,62,50,51,23,61,63,35,46,61,54,70,72,72,81,81,74
[ 7766.200389] [AOA] Measurement: 0,1627121442.335824,08:55:31:9b:04:ac,2,1,2,0,128,974,837,390,1006,998,823,599,593,201,464,309,730,115,863,52,326,893,628,334,916,6,525,591,245,445,904,622,986,799,979,586,917,80,76,71,76,58,71,71,54,65,88,83,68,41,41,50,43,65,53,55,26,62,67,40,48,64,57,72,75,72,84,82,76
[ 7766.243481] [AOA] Measurement: 0,1627121442.378919,08:55:31:9b:04:ac,2,1,2,0,128,963,818,964,155,974,783,88,466,165,466,870,928,136,871,50,327,374,483,266,868,5,552,520,195,529,946,149,115,684,888,419,772,82,77,70,77,61,72,70,54,64,87,82,70,42,44,52,44,68,58,55,31,64,70,44,50,67,58,73,78,77,87,87,81
[ 7766.286825] [AOA] Measurement: 0,1627121442.422263,08:55:31:9b:04:ac,2,1,2,0,128,997,810,939,188,515,987,630,638,731,643,846,934,99,841,641,543,921,634,876,63,1007,524,599,267,918,716,181,145,662,904,954,333,79,75,71,76,59,70,69,53,64,87,82,69,41,41,49,42,64,54,54,28,62,66,40,48,65,57,72,76,74,84,84,79
[ 7766.332639] [AOA] Measurement: 0,1627121442.468073,08:55:31:9b:04:ac,2,1,2,0,128,956,857,437,47,488,975,156,487,741,627,879,947,133,876,682,544,911,641,831,44,486,713,554,238,517,936,191,145,818,983,452,697,80,74,68,76,59,70,70,54,63,87,82,67,42,42,49,42,65,54,55,28,63,67,40,48,65,56,72,76,73,84,83,78
[ 7766.382758] [AOA] Measurement: 0,1627121442.518192,08:55:31:9b:04:ac,2,1,2,0,128,0,866,432,23,453,950,633,630,720,590,303,742,621,686,74,324,291,385,366,922,2,571,537,225,940,716,646,980,704,912,236,625,79,74,69,75,60,70,71,51,63,86,83,68,40,40,50,42,64,53,52,24,61,64,37,47,63,55,71,73,74,84,80,76
[ 7766.427174] [AOA] Measurement: 0,1627121442.562615,08:55:31:9b:04:ac,2,1,2,0,128,975,846,970,215,496,994,614,652,714,612,320,768,121,851,39,337,320,428,812,39,533,706,41,421,475,901,174,135,737,955,533,840,76,70,66,73,55,68,67,50,60,83,77,64,38,38,47,40,60,50,49,22,58,62,36,44,61,54,70,71,69,79,79,74
[ 7766.469708] [AOA] Measurement: 0,1627121442.605142,08:55:31:9b:04:ac,2,1,2,0,128,430,682,927,184,468,947,601,648,700,608,833,923,119,837,71,331,337,433,363,934,564,744,67,462,461,936,130,96,659,905,659,150,75,76,68,76,58,70,72,54,64,86,82,70,44,44,51,43,68,56,57,30,65,69,43,50,67,59,73,79,78,87,90,84
[ 7766.508337] [AOA] Measurement: 0,1627121442.643776,08:55:31:9b:04:ac,2,1,2,0,128,379,627,433,1022,925,808,98,471,725,639,354,746,643,696,658,554,331,442,394,952,537,726,553,228,462,869,159,118,146,721,204,677,79,75,72,78,59,72,70,54,63,88,82,70,42,43,51,43,66,56,55,30,66,71,43,50,67,58,75,77,77,87,88,83
[ 7766.552911] [AOA] Measurement: 0,1627121442.688352,08:55:31:9b:04:ac,2,1,2,0,128,1003,879,977,204,506,979,107,472,730,633,884,976,114,859,652,545,892,640,875,34,1002,549,574,214,924,712,600,947,203,736,348,819,82,75,70,76,60,72,69,53,63,88,84,67,41,41,50,42,65,53,53,25,62,66,37,46,64,55,73,74,74,85,82,77
[ 7766.598579] [AOA] Measurement: 0,1627121442.734013,08:55:31:9b:04:ac,2,1,2,0,128,1005,830,976,211,503,971,75,430,170,440,328,753,604,651,88,346,888,637,247,861,23,536,533,259,907,666,639,980,662,918,253,665,79,77,68,76,59,71,71,54,62,86,81,67,42,42,52,44,65,55,55,27,63,67,41,49,67,58,74,76,76,87,86,80
[ 7766.642010] [AOA] Measurement: 0,1627121442.777445,08:55:31:9b:04:ac,2,1,2,0,128,4,867,938,163,510,970,676,680,731,659,877,947,95,871,614,525,299,432,305,919,520,724,93,433,455,869,118,117,649,872,975,325,78,74,70,77,58,72,70,53,61,87,83,69,42,43,51,41,65,55,54,28,64,66,42,48,67,57,74,78,75,86,86,80
[ 7766.692444] [AOA] Measurement: 0,1627121442.827879,08:55:31:9b:04:ac,2,1,2,0,128,450,682,405,1018,512,1011,633,688,742,671,869,948,671,701,111,356,855,608,311,868,0,588,485,181,503,927,157,147,715,944,118,408,79,75,71,77,61,71,70,53,64,88,83,69,40,41,51,42,64,54,55,26,63,65,38,48,65,57,73,76,75,85,83,76
[ 7766.737843] [AOA] Measurement: 0,1627121442.873284,08:55:31:9b:04:ac,2,1,2,0,128,989,821,399,1,959,818,641,672,765,676,887,982,159,905,651,543,858,630,886,79,548,737,66,389,461,875,167,137,742,933,942,364,81,76,70,77,60,72,71,55,65,91,84,71,43,43,52,44,67,56,56,30,64,70,41,49,68,59,75,77,77,86,89,82
[ 7766.776028] [AOA] Measurement: 0,1627121442.911470,08:55:31:9b:04:ac,2,1,2,0,128,475,661,346,1011,0,807,622,611,643,567,286,744,137,871,80,370,888,636,863,114,526,716,563,242,970,692,661,947,740,938,623,20,79,75,70,74,60,72,73,53,64,88,83,69,40,40,50,41,64,53,53,25,61,66,36,47,63,57,73,74,72,83,82,75
[ 7766.820206] [AOA] Measurement: 0,1627121442.955646,08:55:31:9b:04:ac,2,1,2,0,128,995,861,962,202,537,1013,621,625,746,645,842,933,98,863,583,532,848,580,334,916,609,783,12,416,507,916,175,160,779,964,729,74,78,76,68,75,57,70,71,53,62,87,83,70,43,42,51,43,67,54,54,29,63,68,40,49,66,58,74,79,76,86,87,80
[ 7766.864029] [AOA] Measurement: 0,1627121442.999470,08:55:31:9b:04:ac,2,1,2,0,128,957,826,959,215,1004,794,41,434,736,633,338,734,630,690,662,549,882,652,799,52,548,741,507,203,946,689,624,933,171,749,797,148,74,69,67,68,56,67,67,49,58,78,76,62,35,37,43,38,57,47,48,21,55,58,33,40,57,50,66,66,67,74,74,65
[ 7766.906642] [AOA] Measurement: 0,1627121443.042077,08:55:31:9b:04:ac,2,1,2,0,128,453,650,404,9,983,839,57,430,205,468,281,707,612,685,49,357,848,607,293,912,488,700,83,462,441,885,631,1001,704,932,504,810,79,76,68,78,58,71,72,54,64,87,82,69,42,43,51,43,65,56,55,29,63,69,43,49,68,59,74,78,75,85,87,80
[ 7766.950338] [AOA] Measurement: 0,1627121443.085773,08:55:31:9b:04:ac,2,1,2,0,128,985,832,385,999,966,775,75,457,708,630,865,934,617,710,30,297,312,435,340,895,565,717,535,204,485,929,633,949,740,923,386,828,79,77,69,75,58,73,69,55,63,88,82,70,43,42,51,42,66,56,56,29,62,66,39,48,65,57,73,77,75,87,85,80
[ 7766.993250] [AOA] Measurement: 0,1627121443.128685,08:55:31:9b:04:ac,2,1,2,0,128,946,838,983,224,473,988,646,694,726,595,829,923,147,877,71,346,883,607,316,899,549,740,519,204,480,868,196,182,752,966,791,120,79,77,71,78,60,72,71,52,64,86,84,66,40,40,50,39,64,51,53,23,61,64,37,46,64,56,73,74,72,83,81,73
[ 7767.043548] [AOA] Measurement: 0,1627121443.178983,08:55:31:9b:04:ac,2,1,2,0,128,951,866,377,993,974,783,79,444,180,436,843,929,149,890,581,486,356,437,342,904,16,555,106,441,922,673,616,997,746,933,830,317,81,76,70,76,59,73,71,54,65,89,83,67,41,41,51,43,68,54,55,27,64,67,38,48,64,58,74,75,73,83,82,72
[ 7767.093821] [AOA] Measurement: 0,1627121443.229254,08:55:31:9b:04:ac,2,1,2,0,128,960,838,996,222,463,951,57,440,207,478,843,944,163,902,1006,269,378,503,288,902,530,715,567,212,487,885,168,130,771,945,446,798,80,76,69,79,59,72,71,55,64,88,83,71,43,46,52,44,69,57,55,32,64,69,43,50,66,59,75,78,75,86,86,81
[ 7767.138471] [AOA] Measurement: 0,1627121443.273911,08:55:31:9b:04:ac,2,1,2,0,128,1017,843,400,1006,536,1020,109,457,695,603,837,925,572,695,633,542,896,636,874,78,519,723,526,202,936,714,640,970,187,758,515,982,79,74,67,76,58,71,72,53,65,88,83,69,40,41,50,43,67,53,54,27,64,67,39,47,65,56,74,76,75,85,86,79
[ 7767.183152] [AOA] Measurement: 0,1627121443.318590,08:55:31:9b:04:ac,2,1,2,0,128,912,819,397,1021,1012,829,63,470,737,611,300,775,656,721,74,354,373,456,295,905,557,736,521,198,491,917,137,114,699,890,363,770,79,74,69,74,59,71,71,52,63,86,80,65,37,38,49,41,62,50,48,22,60,62,33,44,59,52,69,71,69,79,74,69
[ 7767.234192] [AOA] Measurement: 0,1627121443.369627,08:55:31:9b:04:ac,2,1,2,0,128,421,643,425,1003,1009,846,115,484,183,441,265,706,584,645,33,299,291,395,368,934,1002,554,513,225,945,731,203,150,155,730,962,379,76,74,67,76,57,70,70,54,63,87,81,69,43,45,50,42,66,58,55,32,63,67,44,49,66,59,74,78,75,84,87,80
[ 7767.284915] [AOA] Measurement: 0,1627121443.420349,08:55:31:9b:04:ac,2,1,2,0,128,1023,869,920,162,968,831,91,448,221,485,815,917,147,889,557,478,347,433,341,908,516,691,555,228,467,917,612,924,201,753,866,247,78,76,70,76,58,73,72,55,66,90,81,70,42,43,51,42,67,55,55,28,64,69,40,49,67,57,74,78,75,86,86,79
[ 7767.324299] [AOA] Measurement: 0,1627121443.459741,08:55:31:9b:04:ac,2,1,2,0,128,941,839,1004,219,505,1009,81,462,731,621,822,921,126,863,619,518,313,400,312,875,550,676,81,456,472,910,159,151,687,855,962,293,73,72,65,74,55,67,66,51,61,83,75,66,40,42,48,40,65,53,52,29,61,63,40,45,63,54,68,73,71,79,83,76
[ 7767.369365] [AOA] Measurement: 0,1627121443.504806,08:55:31:9b:04:ac,2,1,2,0,128,431,635,445,6,932,784,49,411,752,644,859,949,625,670,81,335,334,404,304,918,1002,538,540,230,480,883,587,956,250,775,169,588,80,74,69,74,61,72,70,52,63,87,83,65,40,40,49,41,61,50,52,22,60,63,35,46,62,55,70,73,71,81,77,71
[ 7767.413938] [AOA] Measurement: 0,1627121443.549378,08:55:31:9b:04:ac,2,1,2,0,128,430,622,383,1009,1010,816,69,443,184,459,264,714,651,689,68,344,349,407,352,923,43,550,102,435,498,896,620,958,757,924,735,157,80,74,69,78,58,70,69,53,63,87,81,68,43,43,50,41,65,55,56,29,63,68,41,49,67,59,74,78,75,87,88,80
[ 7767.457925] [AOA] Measurement: 0,1627121443.593366,08:55:31:9b:04:ac,2,1,2,0,128,450,643,402,7,896,776,100,491,195,421,254,728,633,669,614,531,861,600,871,53,546,708,495,199,520,947,101,123,709,908,274,758,74,70,65,73,54,67,64,51,60,84,77,66,40,40,47,42,62,53,51,28,61,63,39,46,61,55,70,72,69,79,81,74
[ 7767.501412] [AOA] Measurement: 0,1627121443.636852,08:55:31:9b:04:ac,2,1,2,0,128,445,670,899,160,548,1019,641,610,717,665,828,911,122,849,81,343,328,441,335,894,1002,544,580,271,925,704,636,967,752,903,72,456,75,73,65,74,54,69,67,51,61,85,78,70,42,43,50,41,66,56,53,32,62,67,45,48,66,57,70,77,74,84,87,81
[ 7767.541755] [AOA] Measurement: 0,1627121443.677189,08:55:31:9b:04:ac,2,1,2,0,128,1016,848,923,203,499,970,91,457,181,443,309,760,153,885,626,531,893,612,313,908,559,739,95,442,450,892,603,959,768,945,113,479,78,75,70,78,59,71,71,55,65,89,83,70,43,43,51,43,66,54,54,29,63,68,41,50,66,58,75,76,75,86,87,79
[ 7767.589081] [AOA] Measurement: 0,1627121443.724521,08:55:31:9b:04:ac,2,1,2,0,128,449,662,363,10,1006,782,81,446,199,460,258,715,625,690,64,311,372,459,283,874,997,526,566,254,470,922,119,93,755,933,657,20,82,77,72,77,61,71,72,54,65,88,85,68,41,40,50,42,65,53,54,26,65,68,40,48,65,57,73,76,75,86,84,76
[ 7767.628118] [AOA] Measurement: 0,1627121443.763557,08:55:31:9b:04:ac,2,1,2,0,128,1002,879,953,234,521,1007,685,678,762,681,790,889,624,657,89,335,298,442,327,940,495,652,586,219,911,675,645,987,689,904,347,742,80,75,70,76,59,72,72,53,65,87,83,68,41,41,50,43,65,52,54,25,64,65,40,49,65,58,74,74,74,86,85,77
[ 7767.676185] [AOA] Measurement: 0,1627121443.811619,08:55:31:9b:04:ac,2,1,2,0,128,429,642,382,975,992,776,143,481,195,464,864,943,600,675,80,329,340,412,324,920,529,761,446,206,991,749,168,132,734,896,763,145,80,74,69,79,60,71,71,54,65,90,84,70,43,41,51,44,66,56,56,28,65,66,42,49,67,59,76,78,77,87,88,80
[ 7767.714833] [AOA] Measurement: 0,1627121443.850275,08:55:31:9b:04:ac,2,1,2,0,128,1008,845,977,177,542,999,663,684,740,657,853,944,78,841,47,321,324,408,290,896,981,513,535,234,427,892,669,976,736,928,426,742,81,74,72,77,61,73,74,55,66,87,84,67,40,41,50,42,64,55,53,25,63,65,36,46,64,56,73,76,75,86,83,76
[ 7767.753566] [AOA] Measurement: 0,1627121443.889008,08:55:31:9b:04:ac,2,1,2,0,128,464,657,982,207,524,990,94,461,176,440,883,946,85,850,591,519,311,368,291,881,8,520,540,224,929,669,617,939,177,742,522,906,80,76,70,78,60,73,69,54,64,89,83,69,41,43,52,43,65,56,54,26,64,67,41,49,67,57,74,76,74,85,86,79
[ 7767.794977] [AOA] Measurement: 0,1627121443.930411,08:55:31:9b:04:ac,2,1,2,0,128,379,623,400,991,978,780,93,461,737,644,288,724,633,729,602,526,861,634,262,869,15,554,560,237,531,930,571,939,741,929,864,321,80,76,69,78,57,72,69,53,64,88,82,71,43,44,51,42,64,56,54,28,63,68,41,49,66,57,74,76,76,86,87,80
[ 7767.834697] [AOA] Measurement: 0,1627121443.970139,08:55:31:9b:04:ac,2,1,2,0,128,966,804,958,183,482,995,627,633,745,637,834,924,70,830,48,324,374,435,314,923,525,694,111,407,476,908,580,920,192,747,501,933,80,75,70,79,60,72,72,54,64,90,82,69,41,43,50,42,66,54,54,28,62,67,40,48,65,56,73,77,75,85,85,77
[ 7767.873676] [AOA] Measurement: 0,1627121444.009117,08:55:31:9b:04:ac,2,1,2,0,128,436,680,923,157,483,966,106,429,168,436,857,933,97,829,590,497,342,446,356,922,505,750,42,384,483,899,96,101,146,736,820,186,78,74,70,77,59,73,71,54,63,89,84,69,42,40,51,42,68,55,54,28,62,69,41,49,65,58,74,72,76,83,87,78
[ 7767.913534] [AOA] Measurement: 0,1627121444.048970,08:55:31:9b:04:ac,2,1,2,0,128,940,797,421,1,439,958,644,636,135,417,351,762,570,663,134,395,303,380,313,905,911,464,530,194,921,717,675,990,839,971,826,141,73,72,66,70,54,67,66,49,59,82,77,64,39,40,48,39,61,51,51,25,57,62,38,45,60,54,68,70,70,77,78,71
[ 7767.963882] [AOA] Measurement: 0,1627121444.099317,08:55:31:9b:04:ac,2,1,2,0,128,976,842,999,226,458,967,626,655,665,571,856,954,115,839,84,329,341,452,332,919,975,472,551,205,959,729,608,943,167,718,4,462,79,75,72,78,60,72,73,54,65,88,84,68,42,42,52,44,64,54,55,27,63,67,39,50,66,58,75,77,75,84,85,80
[ 7768.007066] [AOA] Measurement: 0,1627121444.142502,08:55:31:9b:04:ac,2,1,2,0,128,0,846,8,221,460,942,678,663,709,613,295,730,629,691,599,516,861,587,319,907,1016,563,62,420,524,963,121,121,697,937,351,710,79,75,70,77,60,73,70,54,65,89,84,68,40,41,48,42,62,52,52,25,62,66,38,47,66,55,73,75,75,84,80,75
[ 7768.051797] [AOA] Measurement: 0,1627121444.187230,08:55:31:9b:04:ac,2,1,2,0,128,969,848,958,205,498,989,71,399,160,436,248,728,606,700,673,566,877,653,930,75,525,705,89,446,450,894,112,108,751,948,80,490,80,76,70,77,58,72,73,54,65,88,84,71,43,44,52,44,67,56,55,29,66,69,43,50,66,59,74,78,75,84,88,83
[ 7768.100967] [AOA] Measurement: 0,1627121444.236408,08:55:31:9b:04:ac,2,1,2,0,128,1005,851,970,193,958,817,98,457,146,426,278,772,607,681,126,344,342,463,327,886,533,739,554,225,507,923,138,137,170,736,636,95,79,75,68,78,58,72,70,54,62,88,81,70,42,43,50,44,67,57,56,29,64,70,43,49,68,57,75,75,75,85,86,80
[ 7768.140941] [AOA] Measurement: 0,1627121444.276375,08:55:31:9b:04:ac,2,1,2,0,128,1014,869,951,173,530,1007,617,630,743,669,859,956,193,911,705,617,880,653,876,68,597,758,55,425,449,902,571,943,689,942,239,612,81,75,70,76,59,72,72,54,62,86,83,67,41,40,50,43,65,53,53,25,62,66,39,47,64,56,73,74,74,83,83,76
[ 7768.188868] [AOA] Measurement: 0,1627121444.324309,08:55:31:9b:04:ac,2,1,2,0,128,427,637,461,39,933,804,123,479,172,415,292,743,680,714,71,347,308,451,346,934,25,556,533,243,453,899,601,960,197,742,996,425,81,75,70,78,60,73,71,53,65,87,85,69,42,41,51,43,65,54,54,26,62,66,39,48,64,57,74,76,75,83,83,77
[ 7768.233254] [AOA] Measurement: 0,1627121444.368694,08:55:31:9b:04:ac,2,1,2,0,128,978,866,944,202,508,996,672,683,724,635,863,929,84,829,84,358,319,421,337,916,573,769,41,403,474,901,202,161,752,967,479,751,79,77,69,78,60,71,71,54,64,89,83,72,43,44,52,44,67,55,56,30,64,69,44,50,67,59,73,77,77,86,88,83
[ 7768.278118] [AOA] Measurement: 0,1627121444.413558,08:55:31:9b:04:ac,2,1,2,0,128,992,836,947,168,494,974,102,447,256,470,824,919,155,917,661,557,858,601,853,61,527,709,564,232,942,696,671,972,733,932,237,650,80,73,72,75,59,71,72,54,63,88,80,67,38,41,49,40,64,53,53,23,61,64,37,46,63,55,73,72,72,82,81,75
[ 7768.322730] [AOA] Measurement: 0,1627121444.458168,08:55:31:9b:04:ac,2,1,2,0,128,944,812,399,1008,918,780,90,434,229,451,881,931,615,715,85,353,356,431,876,90,496,687,530,214,954,716,620,944,715,910,630,1016,80,75,69,78,59,72,71,55,65,91,84,69,43,44,52,43,68,56,56,29,63,67,43,50,66,59,75,77,76,85,86,81
[ 7768.366426] [AOA] Measurement: 0,1627121444.501860,08:55:31:9b:04:ac,2,1,2,0,128,475,672,451,22,473,961,650,640,701,652,802,919,158,923,554,495,299,442,870,105,514,750,50,415,488,922,608,940,756,966,322,692,75,69,66,70,55,67,68,50,59,82,77,63,38,39,47,38,60,49,50,24,57,62,34,43,59,53,67,70,70,78,76,72
[ 7768.427088] [AOA] Measurement: 0,1627121444.562523,08:55:31:9b:04:ac,2,1,2,0,128,977,827,418,1008,998,819,40,433,798,645,241,699,599,637,120,377,372,449,882,75,479,693,539,231,978,697,571,932,210,760,154,584,77,73,67,74,56,71,69,51,61,84,80,69,40,42,49,41,62,53,53,25,63,65,36,46,62,53,71,72,71,80,76,71
[ 7768.470792] [AOA] Measurement: 0,1627121444.606227,08:55:31:9b:04:ac,2,1,2,0,128,903,787,455,32,527,986,100,509,696,583,330,757,70,866,638,543,913,602,810,11,29,578,133,496,488,953,133,136,745,934,887,207,81,76,71,77,59,71,70,54,65,89,84,69,41,41,51,43,66,54,53,27,64,67,39,47,65,57,74,76,75,87,85,78
[ 7768.514704] [AOA] Measurement: 0,1627121444.650144,08:55:31:9b:04:ac,2,1,2,0,128,964,823,978,175,485,983,108,453,197,430,838,967,585,719,59,340,344,478,819,68,556,717,522,224,460,888,110,120,738,931,998,304,79,75,69,75,58,70,72,53,62,87,81,67,41,43,51,42,66,53,55,27,63,66,39,49,65,56,72,76,73,83,82,78
[ 7768.559436] [AOA] Measurement: 0,1627121444.694870,08:55:31:9b:04:ac,2,1,2,0,128,920,801,964,190,538,994,604,625,734,644,865,957,159,931,602,508,925,644,856,67,563,753,95,438,487,909,203,195,764,942,290,554,79,76,70,76,58,70,72,53,64,90,83,68,41,43,51,43,66,55,56,28,63,69,40,48,67,58,74,76,75,86,86,81
[ 7768.602777] [AOA] Measurement: 0,1627121444.738218,08:55:31:9b:04:ac,2,1,2,0,128,1011,870,415,4,967,794,92,442,112,372,260,722,621,662,81,364,871,642,839,26,491,719,89,412,472,874,134,99,718,945,486,872,85,83,74,84,64,77,78,60,70,96,90,77,48,49,58,47,72,62,60,34,69,74,46,52,73,64,80,83,82,91,93,85
[ 7768.646578] [AOA] Measurement: 0,1627121444.782019,08:55:31:9b:04:ac,2,1,2,0,128,391,599,405,952,959,808,79,408,710,659,830,913,564,636,100,346,314,420,314,884,989,500,529,256,943,682,598,957,201,722,340,796,77,74,70,76,57,71,69,53,62,87,82,68,42,42,50,43,66,54,54,28,62,67,41,48,67,58,74,77,73,84,86,81
[ 7768.690170] [AOA] Measurement: 0,1627121444.825605,08:55:31:9b:04:ac,2,1,2,0,128,400,640,410,9,450,973,73,459,722,633,849,939,173,882,637,526,914,661,798,38,556,769,51,437,469,915,186,118,701,925,143,555,80,74,70,76,59,71,70,52,64,88,81,68,41,41,50,43,65,52,54,25,62,67,39,48,65,57,74,77,75,86,85,77
[ 7768.733646] [AOA] Measurement: 0,1627121444.869083,08:55:31:9b:04:ac,2,1,2,0,128,462,682,405,21,494,991,72,423,772,663,837,914,598,682,649,534,871,584,864,49,1004,529,59,420,949,684,643,1000,728,928,229,653,80,76,69,78,60,71,69,55,63,87,82,69,41,43,50,43,67,54,55,29,64,68,41,48,66,58,73,77,77,85,87,80
[ 7768.784171] [AOA] Measurement: 0,1627121444.919606,08:55:31:9b:04:ac,2,1,2,0,128,446,654,412,13,957,803,122,481,155,424,346,760,638,676,60,367,346,423,302,878,583,752,522,193,911,706,603,946,220,768,76,473,79,76,71,79,60,71,70,54,63,88,83,69,44,42,52,43,67,55,55,29,65,68,41,49,67,58,76,78,78,88,87,82
[ 7768.830429] [AOA] Measurement: 0,1627121444.965870,08:55:31:9b:04:ac,2,1,2,0,128,980,808,994,200,490,991,667,668,754,633,873,917,150,880,624,526,271,362,267,852,563,747,1011,357,419,845,580,933,148,712,167,589,76,75,68,78,59,71,69,54,63,90,81,70,44,44,51,43,66,55,55,29,64,68,43,48,66,59,74,77,75,87,87,82
[ 7768.878525] [AOA] Measurement: 0,1627121445.013933,08:55:31:9b:04:ac,2,1,2,0,128,932,792,965,197,505,1021,583,603,738,615,269,708,102,863,598,515,875,617,907,100,515,710,85,423,498,918,104,100,741,933,601,971,78,75,70,78,57,71,71,54,63,88,83,71,42,44,51,41,67,56,55,29,63,69,41,50,66,58,74,76,78,87,88,78
[ 7768.933845] [AOA] Measurement: 0,1627121445.069284,08:55:31:9b:04:ac,2,1,2,0,128,1001,800,949,158,482,977,91,485,707,591,878,933,115,870,28,320,351,437,334,912,503,725,531,206,503,919,182,138,741,918,962,245,80,76,69,77,59,72,71,54,64,89,81,69,43,42,51,42,66,56,57,29,65,69,41,49,66,59,74,77,77,85,87,81
[ 7768.980782] [AOA] Measurement: 0,1627121445.116220,08:55:31:9b:04:ac,2,1,2,0,128,5,844,965,192,528,1003,84,432,172,407,313,737,95,867,635,527,345,462,812,27,971,475,559,213,505,927,117,97,765,958,264,529,79,75,68,77,58,72,71,54,64,89,83,70,43,44,52,42,68,56,55,30,61,68,41,49,66,57,72,76,75,85,86,81
[ 7769.024057] [AOA] Measurement: 0,1627121445.159499,08:55:31:9b:04:ac,2,1,2,0,128,403,624,922,160,913,769,172,499,734,634,861,969,139,897,678,552,890,646,885,62,1010,527,560,228,492,920,138,136,672,951,215,592,79,76,68,77,58,72,69,53,62,89,82,70,42,43,51,42,64,56,54,30,64,68,42,48,64,57,74,78,75,86,85,78
[ 7769.067822] [AOA] Measurement: 0,1627121445.203264,08:55:31:9b:04:ac,2,1,2,0,128,7,864,1006,188,512,981,583,608,708,649,832,916,164,890,634,529,872,613,314,905,557,737,126,469,396,837,153,131,687,887,485,770,79,73,70,75,59,72,71,53,62,87,80,67,40,40,48,42,63,52,53,25,62,65,37,47,63,56,72,73,73,83,82,74
[ 7769.113797] [AOA] Measurement: 0,1627121445.249233,08:55:31:9b:04:ac,2,1,2,0,128,468,691,398,1009,0,797,136,509,123,416,328,736,632,715,632,541,913,631,884,89,515,735,54,433,417,886,115,68,183,723,874,268,87,82,76,84,65,77,75,59,70,94,88,74,47,46,57,47,71,59,58,30,68,72,43,52,70,61,79,82,81,90,89,82
[ 7769.164178] [AOA] Measurement: 0,1627121445.299612,08:55:31:9b:04:ac,2,1,2,0,128,995,824,418,1015,491,965,88,450,135,435,352,778,630,687,64,352,881,635,276,905,1003,497,517,207,928,707,618,954,158,717,256,766,81,77,70,78,60,72,70,55,63,88,83,71,43,43,52,42,67,55,56,28,62,67,41,48,67,57,75,77,74,88,86,79
[ 7769.212273] [AOA] Measurement: 0,1627121445.347713,08:55:31:9b:04:ac,2,1,2,0,128,983,845,961,211,506,1007,628,660,740,640,886,972,76,839,54,329,900,641,330,909,943,480,24,386,998,735,181,157,705,925,37,446,79,74,69,74,58,70,71,52,64,87,83,69,41,39,50,41,63,52,53,24,63,66,38,46,63,55,71,73,73,84,81,77
[ 7769.256010] [AOA] Measurement: 0,1627121445.391451,08:55:31:9b:04:ac,2,1,2,0,128,431,594,364,1005,983,799,105,442,201,458,328,779,40,817,40,332,386,427,263,868,1016,541,533,229,410,868,663,966,185,719,325,823,78,77,71,77,61,70,71,55,65,87,82,68,43,42,50,43,65,56,55,29,65,67,41,48,66,59,74,77,76,85,85,79
[ 7769.300358] [AOA] Measurement: 0,1627121445.435798,08:55:31:9b:04:ac,2,1,2,0,128,935,809,970,191,497,978,629,626,164,480,862,970,116,891,607,531,902,644,815,30,984,528,76,402,450,885,648,973,153,711,497,855,84,77,76,82,64,77,76,56,67,92,88,72,42,43,53,45,66,55,57,25,66,69,40,50,67,59,77,76,77,88,85,79
[ 7769.339275] [AOA] Measurement: 0,1627121445.474716,08:55:31:9b:04:ac,2,1,2,0,128,1019,833,395,12,947,803,59,451,167,448,319,756,612,660,621,542,946,636,849,26,544,742,449,156,968,688,638,964,188,741,581,991,79,75,70,78,59,71,70,55,64,88,81,69,42,44,53,43,66,57,54,28,64,68,41,48,67,58,76,77,76,85,87,81
[ 7769.378230] [AOA] Measurement: 0,1627121445.513664,08:55:31:9b:04:ac,2,1,2,0,128,977,801,434,8,501,963,635,666,707,611,282,742,564,650,81,334,886,637,851,73,559,752,72,432,470,924,83,81,226,751,880,327,81,76,70,77,61,72,72,54,63,86,81,67,41,40,51,41,66,54,54,26,62,64,38,47,64,55,73,74,72,84,83,78
[ 7769.426024] [AOA] Measurement: 0,1627121445.561465,08:55:31:9b:04:ac,2,1,2,0,128,966,837,983,201,506,984,667,665,759,687,811,927,611,680,623,504,892,630,858,77,514,720,568,258,484,910,110,81,740,922,324,648,83,79,74,82,65,77,77,59,67,93,87,73,46,44,56,47,71,58,59,31,68,73,44,51,69,62,79,81,80,90,89,84
[ 7769.473451] [AOA] Measurement: 0,1627121445.608886,08:55:31:9b:04:ac,2,1,2,0,128,14,911,922,191,505,993,674,691,664,617,843,962,158,895,571,516,884,626,842,44,601,802,67,427,480,891,187,174,750,933,429,772,74,71,67,72,56,67,65,51,60,82,79,66,39,40,49,39,62,53,51,27,59,63,39,45,61,54,69,73,70,80,81,75
[ 7769.519370] [AOA] Measurement: 0,1627121445.654803,08:55:31:9b:04:ac,2,1,2,0,128,17,848,376,972,983,788,651,642,756,639,313,762,624,697,75,356,901,686,820,62,543,754,99,434,471,917,130,98,731,912,462,839,79,74,68,75,57,69,70,52,62,85,82,68,41,42,50,43,65,53,54,27,64,67,42,48,65,57,72,74,74,83,86,80
[ 7769.562763] [AOA] Measurement: 0,1627121445.698203,08:55:31:9b:04:ac,2,1,2,0,128,466,689,934,158,943,781,75,454,716,620,291,771,147,868,611,539,888,610,867,75,1012,536,534,177,490,922,113,107,687,943,898,245,78,75,68,77,59,71,70,51,62,87,83,69,42,41,50,42,64,53,53,26,62,65,38,46,64,55,71,73,71,84,83,74
[ 7769.606398] [AOA] Measurement: 0,1627121445.741840,08:55:31:9b:04:ac,2,1,2,0,128,968,841,476,59,972,769,87,439,205,411,262,748,605,690,627,540,848,604,329,926,1004,561,546,240,483,912,583,983,738,945,227,658,87,82,76,81,65,77,76,58,69,92,89,72,45,45,55,47,67,58,59,27,65,71,43,51,69,60,78,79,78,91,88,82
[ 7769.649887] [AOA] Measurement: 0,1627121445.785328,08:55:31:9b:04:ac,2,1,2,0,128,1019,858,404,16,447,951,77,432,198,465,861,940,606,680,78,310,366,478,856,93,548,749,51,387,483,926,171,138,755,940,750,69,79,74,70,76,58,72,72,54,65,86,82,68,42,44,51,43,65,55,56,30,66,68,43,50,68,59,73,77,77,88,86,81
[ 7769.688451] [AOA] Measurement: 0,1627121445.823892,08:55:31:9b:04:ac,2,1,2,0,128,972,833,947,187,502,958,668,684,713,617,843,955,105,872,694,605,898,629,318,872,28,564,513,201,481,917,145,120,738,908,80,545,79,76,70,77,57,73,69,53,63,89,83,72,44,45,52,43,67,58,55,31,64,67,44,49,68,59,74,78,77,87,88,81
[ 7769.733611] [AOA] Measurement: 0,1627121445.869046,08:55:31:9b:04:ac,2,1,2,0,128,1010,836,940,190,488,979,669,668,721,642,875,1004,154,900,598,526,908,653,843,54,555,754,92,444,446,856,638,968,162,750,765,159,80,73,70,73,60,70,70,51,62,84,81,64,38,37,47,38,61,49,50,21,57,62,33,46,60,53,69,72,69,80,78,70
[ 7769.788425] [AOA] Measurement: 0,1627121445.923860,08:55:31:9b:04:ac,2,1,2,0,128,1002,859,994,222,509,0,632,661,725,672,838,958,141,899,563,490,921,669,835,31,518,728,515,193,932,693,176,137,746,962,874,193,78,77,69,78,60,72,69,54,65,87,80,70,43,44,51,44,67,55,55,30,64,67,43,50,67,59,74,78,76,86,88,82
[ 7769.831896] [AOA] Measurement: 0,1627121445.967337,08:55:31:9b:04:ac,2,1,2,0,128,427,645,433,1014,1,826,144,510,707,614,897,939,133,884,606,561,885,650,823,61,515,721,25,400,449,868,619,958,756,952,703,118,79,75,69,77,57,71,69,53,63,87,82,70,44,43,51,43,67,56,54,30,64,68,43,49,66,57,74,78,76,87,86,81
[ 7769.870807] [AOA] Measurement: 0,1627121446.006241,08:55:31:9b:04:ac,2,1,2,0,128,952,795,1015,234,446,967,68,443,193,458,311,716,615,665,35,330,382,481,266,855,36,578,118,436,483,918,594,939,163,686,656,80,78,74,69,77,58,71,70,55,64,90,82,68,43,42,50,43,67,55,54,28,64,69,40,48,65,57,72,75,75,86,85,78
[ 7769.913721] [AOA] Measurement: 0,1627121446.049162,08:55:31:9b:04:ac,2,1,2,0,128,990,856,910,163,499,975,593,627,717,615,881,958,160,913,601,543,291,412,884,99,527,731,113,479,474,898,136,88,745,965,582,978,81,75,69,77,58,70,72,53,63,89,82,70,42,42,49,42,66,53,56,27,65,68,40,49,66,58,73,76,76,86,86,81
[ 7769.957037] [AOA] Measurement: 0,1627121446.092478,08:55:31:9b:04:ac,2,1,2,0,128,978,828,419,1011,1017,817,623,648,714,628,325,766,640,709,594,508,905,653,952,128,525,704,523,238,982,743,128,114,182,715,474,963,79,77,68,77,60,71,73,53,65,87,84,68,40,43,50,41,65,54,54,28,63,68,41,48,65,56,72,76,74,85,85,80
[ 7770.004879] [AOA] Measurement: 0,1627121446.140314,08:55:31:9b:04:ac,2,1,2,0,128,399,598,407,977,973,792,87,446,199,434,307,715,626,655,115,356,363,446,888,75,537,751,105,431,454,926,156,169,711,934,170,579,78,74,68,75,59,71,70,54,63,88,84,69,40,43,51,43,65,54,55,28,64,68,41,49,66,58,71,78,75,86,84,78
[ 7770.051168] [AOA] Measurement: 0,1627121446.186609,08:55:31:9b:04:ac,2,1,2,0,128,952,840,460,19,508,1008,617,632,696,597,321,754,608,696,6,263,340,437,268,865,1011,513,564,232,981,739,637,949,191,739,198,674,79,75,71,76,59,72,70,52,63,87,83,69,41,41,49,43,64,51,55,25,62,65,37,47,64,55,72,76,74,85,83,77
[ 7770.095291] [AOA] Measurement: 0,1627121446.230732,08:55:31:9b:04:ac,2,1,2,0,128,995,826,959,213,500,981,107,477,212,473,843,927,597,668,90,327,377,459,820,51,549,735,94,467,469,893,214,142,668,910,378,748,80,75,70,76,61,73,71,54,66,87,82,68,42,41,50,43,64,55,55,27,62,68,41,48,65,58,72,77,74,85,87,78
[ 7770.151993] [AOA] Measurement: 0,1627121446.287434,08:55:31:9b:04:ac,2,1,2,0,128,986,841,926,172,1010,816,62,439,256,536,284,729,627,680,67,351,305,432,296,864,19,563,524,234,466,912,107,115,191,765,924,296,79,75,70,79,60,71,72,54,64,88,83,68,40,42,49,43,65,54,53,25,63,65,40,48,66,58,72,76,74,84,83,79
[ 7770.194116] [AOA] Measurement: 0,1627121446.329551,08:55:31:9b:04:ac,2,1,2,0,128,965,834,348,969,979,803,144,491,707,616,851,925,190,926,588,509,347,449,890,96,511,724,50,412,943,699,633,947,225,740,171,593,81,76,72,77,59,73,71,53,65,88,83,70,41,43,50,44,66,54,55,28,63,68,42,49,66,57,73,77,75,86,85,80
[ 7770.238603] [AOA] Measurement: 0,1627121446.374045,08:55:31:9b:04:ac,2,1,2,0,128,955,791,379,1020,941,773,80,444,710,614,795,908,555,645,61,340,399,494,318,889,8,529,558,217,470,920,670,1006,688,922,386,861,80,75,71,77,61,71,70,53,64,89,82,69,42,42,51,43,67,54,56,28,63,68,41,49,67,55,73,75,75,86,86,79
[ 7770.285004] [AOA] Measurement: 0,1627121446.420441,08:55:31:9b:04:ac,2,1,2,0,128,1022,833,342,993,484,955,59,455,217,489,255,695,611,662,50,317,342,468,878,66,469,687,54,419,452,866,161,155,728,915,118,520,80,74,71,75,61,71,72,52,63,88,83,69,40,41,48,42,62,53,53,25,59,65,37,47,63,55,71,73,74,83,82,76
[ 7770.335417] [AOA] Measurement: 0,1627121446.470853,08:55:31:9b:04:ac,2,1,2,0,128,980,836,951,200,505,970,632,624,690,592,276,746,591,688,6,312,339,444,326,876,984,488,574,232,475,912,141,87,741,936,776,110,84,82,75,81,63,77,77,59,69,91,88,74,47,45,55,48,71,58,59,29,68,70,44,52,69,61,78,82,79,90,88,84
[ 7770.387411] [AOA] Measurement: 0,1627121446.522846,08:55:31:9b:04:ac,2,1,2,0,128,950,851,944,189,989,793,51,416,199,437,305,715,609,649,94,343,363,442,313,904,995,542,565,280,432,873,655,958,236,764,294,703,77,73,68,76,58,71,71,53,63,86,82,68,41,40,49,42,65,54,53,26,61,64,38,46,64,53,72,73,73,82,83,77
[ 7770.431151] [AOA] Measurement: 0,1627121446.566588,08:55:31:9b:04:ac,2,1,2,0,128,1002,846,949,181,523,1005,628,632,694,585,323,756,586,642,84,333,352,429,855,76,572,777,72,436,453,869,151,111,759,933,846,187,81,76,70,78,59,73,72,53,64,89,84,70,42,42,52,43,66,56,54,28,65,66,40,48,66,57,74,76,75,84,83,78
[ 7770.474192] [AOA] Measurement: 0,1627121446.609633,08:55:31:9b:04:ac,2,1,2,0,128,1001,888,933,165,492,987,694,685,712,648,874,978,126,874,660,561,903,647,890,87,516,706,49,396,447,914,79,96,735,943,528,868,78,76,69,77,57,73,68,54,64,89,83,70,43,43,53,43,67,56,56,31,66,69,45,51,67,60,74,77,75,87,88,81
[ 7770.518211] [AOA] Measurement: 0,1627121446.653650,08:55:31:9b:04:ac,2,1,2,0,128,937,815,922,184,481,995,120,517,719,641,856,919,110,856,605,535,871,626,878,85,511,696,85,454,422,871,160,165,707,947,850,257,81,77,70,77,59,72,71,54,65,89,84,68,42,42,51,43,67,56,55,28,64,66,41,49,66,58,73,76,75,85,84,81
[ 7770.565043] [AOA] Measurement: 0,1627121446.700476,08:55:31:9b:04:ac,2,1,2,0,128,983,836,972,204,544,12,627,649,678,607,842,931,148,890,137,380,937,631,862,95,566,746,40,411,450,903,120,117,661,860,848,138,82,77,71,76,60,72,72,54,64,88,83,68,41,41,50,41,64,54,53,25,61,64,36,46,62,55,73,73,74,84,83,76
[ 7770.611096] [AOA] Measurement: 0,1627121446.746536,08:55:31:9b:04:ac,2,1,2,0,128,958,806,960,159,538,1010,615,613,138,392,341,795,59,786,78,333,334,447,839,77,564,734,105,441,492,915,79,116,654,908,373,851,77,75,71,76,59,70,70,54,63,86,82,67,41,41,50,44,65,53,54,25,62,67,37,47,64,56,73,75,72,84,81,76
[ 7770.655453] [AOA] Measurement: 0,1627121446.790894,08:55:31:9b:04:ac,2,1,2,0,128,420,633,386,1,921,782,66,437,240,477,295,749,155,862,583,503,853,589,254,857,10,526,470,177,940,696,686,976,711,930,88,506,79,76,70,78,60,71,72,55,65,87,84,70,43,44,51,43,68,57,56,31,65,69,42,50,66,60,75,77,77,85,87,81
[ 7770.699803] [AOA] Measurement: 0,1627121446.835239,08:55:31:9b:04:ac,2,1,2,0,128,11,865,982,201,520,19,649,657,753,647,859,918,123,860,661,565,856,595,890,61,525,719,62,408,433,866,153,151,712,924,475,892,76,74,69,78,57,72,69,54,64,88,84,70,43,44,53,44,67,56,56,30,64,69,43,49,67,57,74,78,75,87,87,83
[ 7770.743036] [AOA] Measurement: 0,1627121446.878470,08:55:31:9b:04:ac,2,1,2,0,128,972,807,1019,249,448,961,636,626,734,616,858,949,167,909,595,490,324,469,303,919,557,721,106,449,467,898,580,950,187,762,766,118,79,74,71,76,60,71,70,53,64,88,85,69,41,42,50,42,63,53,53,25,62,65,38,48,66,56,72,73,74,84,83,77
[ 7770.797013] [AOA] Measurement: 0,1627121446.932451,08:55:31:9b:04:ac,2,1,2,0,128,970,834,402,0,945,785,84,448,199,433,274,703,601,675,89,344,330,422,328,908,571,737,57,426,976,796,619,955,181,721,805,336,77,76,69,75,59,72,72,52,64,87,82,68,40,39,51,42,63,54,53,24,62,65,38,47,64,54,74,74,72,82,80,74
[ 7770.842059] [AOA] Measurement: 0,1627121446.977500,08:55:31:9b:04:ac,2,1,2,0,128,927,788,977,224,475,989,645,649,721,643,258,714,621,697,681,572,948,674,855,75,545,771,77,416,511,930,121,85,727,941,515,820,75,67,65,70,56,65,66,48,58,79,76,62,36,35,45,36,59,46,48,19,55,57,32,41,55,49,64,63,65,76,71,67
[ 7770.880664] [AOA] Measurement: 0,1627121447.016103,08:55:31:9b:04:ac,2,1,2,0,128,474,660,380,16,994,801,78,434,131,409,276,729,644,688,1,282,356,419,358,925,951,534,537,222,534,950,579,925,167,716,968,439,81,76,70,76,60,71,72,53,63,87,82,67,38,41,49,41,63,53,51,24,61,63,36,45,62,53,70,71,71,82,80,74
[ 7770.926433] [AOA] Measurement: 0,1627121447.061872,08:55:31:9b:04:ac,2,1,2,0,128,993,816,978,224,438,953,111,448,674,554,314,744,621,692,53,330,911,652,842,57,959,484,539,246,924,686,671,999,721,904,260,607,79,77,71,78,60,70,73,54,66,90,85,70,42,42,52,42,66,55,54,27,64,67,38,47,64,57,72,75,77,85,84,78
[ 7770.970831] [AOA] Measurement: 0,1627121447.106265,08:55:31:9b:04:ac,2,1,2,0,128,928,799,450,10,996,821,12,407,174,415,303,735,594,711,628,501,910,652,884,59,557,711,538,223,923,737,142,135,712,923,531,853,81,77,71,79,58,72,70,53,64,88,83,70,42,43,52,44,67,56,54,27,63,67,42,49,65,58,76,76,74,84,84,80
[ 7771.021747] [AOA] Measurement: 0,1627121447.157181,08:55:31:9b:04:ac,2,1,2,0,128,941,850,388,1005,967,785,114,462,115,413,298,705,657,723,82,352,327,408,876,52,965,488,565,262,902,698,644,965,173,737,348,799,80,75,72,77,60,71,70,53,64,88,83,68,42,41,50,44,64,53,54,26,63,64,39,47,64,56,71,76,73,86,83,76
[ 7771.069339] [AOA] Measurement: 0,1627121447.204777,08:55:31:9b:04:ac,2,1,2,0,128,431,641,384,8,486,988,631,663,164,416,292,748,665,699,97,357,336,453,341,894,11,513,586,268,410,825,624,940,159,721,1016,480,81,78,69,79,58,73,72,55,66,89,83,70,42,44,51,44,67,56,56,29,65,70,42,49,67,58,73,78,77,86,88,84
[ 7771.112594] [AOA] Measurement: 0,1627121447.248035,08:55:31:9b:04:ac,2,1,2,0,128,973,825,979,211,515,997,65,413,146,382,817,908,120,879,651,551,907,620,881,97,620,761,127,458,535,945,147,137,659,919,629,946,84,81,77,83,63,77,74,59,68,92,87,74,45,45,55,46,69,58,59,28,69,71,42,53,70,62,79,81,80,91,90,85
[ 7771.157820] [AOA] Measurement: 0,1627121447.293262,08:55:31:9b:04:ac,2,1,2,0,128,48,895,890,177,512,996,619,659,776,675,879,986,157,893,606,558,905,623,325,887,27,587,68,426,515,927,122,97,709,924,308,689,81,75,69,76,57,70,70,53,63,86,82,69,42,42,51,43,66,55,53,28,62,66,40,48,65,57,73,76,75,84,86,78
[ 7771.206643] [AOA] Measurement: 0,1627121447.342078,08:55:31:9b:04:ac,2,1,2,0,128,1006,820,954,202,472,963,641,631,222,454,845,930,109,867,570,479,344,459,838,82,549,716,94,438,955,714,611,985,752,931,995,341,78,74,69,73,59,70,71,51,63,85,82,66,39,40,50,41,63,53,53,25,60,65,36,45,63,55,71,74,71,82,80,71
[ 7771.252095] [AOA] Measurement: 0,1627121447.387537,08:55:31:9b:04:ac,2,1,2,0,128,27,890,974,225,503,1010,662,654,766,648,880,950,141,913,628,544,904,632,282,925,981,536,534,215,462,862,158,123,754,937,418,774,78,75,70,76,58,71,71,52,65,87,84,68,41,41,51,43,64,52,54,25,62,64,39,47,64,56,72,74,73,83,83,77
[ 7771.297819] [AOA] Measurement: 0,1627121447.433260,08:55:31:9b:04:ac,2,1,2,0,128,971,850,913,150,511,981,654,679,730,628,831,934,72,843,604,510,901,653,861,43,509,704,121,442,459,941,68,72,673,885,654,1005,83,75,71,76,62,73,71,52,63,87,83,68,39,40,50,42,64,53,53,25,62,66,37,47,63,56,72,75,74,85,84,76
[ 7771.341704] [AOA] Measurement: 0,1627121447.477139,08:55:31:9b:04:ac,2,1,2,0,128,957,810,991,226,486,982,97,483,759,651,866,956,146,846,47,355,360,468,321,908,524,733,46,398,962,731,131,126,735,918,135,522,79,75,71,78,59,70,70,55,63,88,83,69,43,43,52,43,65,55,54,28,64,67,41,48,67,58,74,77,75,87,86,80
[ 7771.389525] [AOA] Measurement: 0,1627121447.524966,08:55:31:9b:04:ac,2,1,2,0,128,978,857,976,175,499,1014,640,655,134,408,308,770,588,668,62,349,299,414,256,840,967,479,491,204,1003,739,604,942,210,769,719,72,84,78,74,81,64,75,76,58,67,93,87,72,45,44,54,46,69,56,58,26,66,69,41,50,67,59,77,79,78,88,88,80
[ 7771.428692] [AOA] Measurement: 0,1627121447.564132,08:55:31:9b:04:ac,2,1,2,0,128,977,840,988,222,486,965,79,457,697,607,283,746,615,677,58,330,417,508,821,2,560,759,84,420,507,936,154,139,704,920,410,762,81,75,70,78,58,72,70,54,64,88,82,70,42,43,51,43,67,56,56,30,65,69,42,50,67,59,73,79,76,85,88,81
[ 7771.474803] [AOA] Measurement: 0,1627121447.610237,08:55:31:9b:04:ac,2,1,2,0,128,994,784,436,1023,948,799,109,463,198,464,865,946,119,867,608,480,360,448,341,878,544,724,106,419,451,896,188,143,708,926,91,516,80,76,70,77,59,71,72,54,65,89,84,71,43,42,52,43,67,55,55,30,64,69,41,49,66,58,74,77,77,86,88,82
[ 7771.518460] [AOA] Measurement: 0,1627121447.653895,08:55:31:9b:04:ac,2,1,2,0,128,21,870,967,243,474,964,85,452,784,682,263,736,645,720,98,342,924,654,810,27,540,733,62,399,1003,761,97,69,748,936,440,805,80,75,72,74,60,72,71,53,64,87,83,68,41,40,51,43,64,53,53,24,63,65,37,47,64,54,73,73,72,83,83,78
[ 7771.563589] [AOA] Measurement: 0,1627121447.699028,08:55:31:9b:04:ac,2,1,2,0,128,461,656,410,18,992,807,598,582,125,399,297,745,626,700,657,570,921,638,325,915,570,731,100,434,447,887,604,931,192,724,139,540,81,78,69,77,58,73,72,56,65,88,83,69,42,44,52,42,68,57,57,30,64,69,43,50,66,59,75,77,76,86,86,80
[ 7771.605853] [AOA] Measurement: 0,1627121447.741288,08:55:31:9b:04:ac,2,1,2,0,128,427,690,403,2,495,984,624,641,141,394,894,956,168,866,648,548,934,649,852,71,12,562,584,262,444,825,623,951,230,760,10,496,80,77,70,77,61,72,70,51,64,85,84,67,40,41,50,41,64,52,52,24,59,64,36,46,63,55,72,74,72,82,81,76
[ 7771.649837] [AOA] Measurement: 0,1627121447.785278,08:55:31:9b:04:ac,2,1,2,0,128,943,828,400,1023,973,794,100,419,221,459,833,941,117,884,624,551,935,665,854,76,522,693,39,390,475,863,185,152,180,729,975,402,79,73,68,76,59,71,71,54,64,89,84,69,42,42,50,42,65,54,53,26,63,66,39,48,65,56,73,76,73,85,83,80
[ 7771.694254] [AOA] Measurement: 0,1627121447.829692,08:55:31:9b:04:ac,2,1,2,0,128,365,613,379,996,1022,804,79,438,170,401,372,789,590,695,628,566,922,681,881,87,546,719,87,417,461,900,601,977,770,958,469,781,81,74,69,76,60,72,70,53,63,87,82,67,41,41,50,41,64,55,54,25,62,67,38,48,65,57,72,75,75,84,83,77
[ 7771.738099] [AOA] Measurement: 0,1627121447.873536,08:55:31:9b:04:ac,2,1,2,0,128,464,670,418,1005,971,805,28,463,234,471,316,719,146,892,76,338,365,500,803,10,589,746,562,235,435,859,637,964,199,784,748,68,79,75,70,76,58,71,71,52,62,85,82,66,39,39,49,42,63,52,52,24,61,65,38,46,63,55,73,73,72,83,81,75
[ 7771.781309] [AOA] Measurement: 0,1627121447.916748,08:55:31:9b:04:ac,2,1,2,0,128,938,810,421,26,507,976,606,598,735,617,278,726,625,704,138,379,847,587,864,78,562,749,115,436,514,895,152,116,693,887,429,804,79,75,68,76,59,70,70,53,61,86,83,69,42,42,51,41,65,52,54,26,63,68,41,49,65,57,74,77,74,85,88,80
[ 7771.821011] [AOA] Measurement: 0,1627121447.956451,08:55:31:9b:04:ac,2,1,2,0,128,1006,867,882,155,1020,820,102,491,151,453,353,767,117,874,613,534,924,645,863,83,504,662,509,207,482,882,177,105,681,888,985,392,79,77,71,76,60,71,71,54,63,88,84,69,41,41,51,43,66,54,55,27,62,67,38,47,65,55,72,74,74,85,84,77
[ 7771.859837] [AOA] Measurement: 0,1627121447.995272,08:55:31:9b:04:ac,2,1,2,0,128,452,639,987,206,525,996,631,634,752,649,829,914,567,653,108,357,909,650,873,87,533,736,552,204,934,687,627,969,734,913,116,553,80,77,71,78,59,71,71,53,65,88,80,69,42,43,51,43,66,54,55,28,64,67,39,48,65,57,74,77,74,84,84,79
[ 7771.902622] [AOA] Measurement: 0,1627121448.038060,08:55:31:9b:04:ac,2,1,2,0,128,961,871,945,166,491,1011,72,453,686,599,347,786,578,682,610,510,907,630,859,91,541,695,128,430,513,896,138,142,196,773,901,223,79,75,70,78,60,70,70,53,64,88,84,69,42,41,50,43,67,54,54,27,63,68,39,48,66,55,71,75,76,85,86,78
[ 7771.946322] [AOA] Measurement: 0,1627121448.081763,08:55:31:9b:04:ac,2,1,2,0,128,451,631,446,1019,542,1009,76,448,192,452,232,694,619,689,76,340,340,459,299,895,1010,537,548,225,491,952,140,103,727,925,1001,308,78,76,68,77,58,70,70,55,64,87,81,70,42,44,52,42,67,56,57,31,64,69,42,49,67,58,75,76,77,87,87,80
[ 7771.991042] [AOA] Measurement: 0,1627121448.126481,08:55:31:9b:04:ac,2,1,2,0,128,429,632,394,6,502,971,138,463,738,631,819,910,607,695,59,339,302,435,294,887,561,726,75,406,446,894,183,138,717,915,810,197,80,76,70,75,61,71,69,52,64,88,82,66,39,40,48,42,62,52,51,24,59,63,34,45,60,54,71,72,72,80,78,73
[ 7772.030031] [AOA] Measurement: 0,1627121448.165466,08:55:31:9b:04:ac,2,1,2,0,128,410,630,390,1003,499,986,619,614,109,377,286,744,588,637,52,311,325,402,339,898,1004,561,517,221,964,723,632,948,712,923,543,997,81,75,71,78,59,73,71,54,65,87,82,70,40,42,51,42,66,56,56,28,64,67,39,49,65,57,74,76,77,85,87,77
[ 7772.073487] [AOA] Measurement: 0,1627121448.208922,08:55:31:9b:04:ac,2,1,2,0,128,458,685,427,25,973,775,20,386,168,420,287,772,666,672,81,343,300,390,324,891,999,534,600,264,993,758,559,926,177,754,692,53,79,75,68,77,59,70,68,54,63,88,82,67,41,43,49,41,64,55,53,29,63,67,40,47,65,57,73,77,74,83,84,78
[ 7772.124015] [AOA] Measurement: 0,1627121448.259449,08:55:31:9b:04:ac,2,1,2,0,128,408,621,391,2,501,976,637,642,743,627,870,969,100,868,656,572,877,631,831,66,534,726,104,442,480,918,164,147,734,950,990,232,79,73,70,75,60,69,70,51,61,86,81,67,39,40,49,43,63,51,53,23,62,63,35,45,62,55,69,72,70,82,81,73
[ 7772.170031] [AOA] Measurement: 0,1627121448.305469,08:55:31:9b:04:ac,2,1,2,0,128,970,850,375,1011,965,770,73,440,133,408,317,727,619,683,11,322,343,423,313,883,934,518,558,245,472,931,656,959,169,750,676,19,79,74,69,74,59,71,70,51,61,87,82,67,41,39,50,41,63,53,53,24,62,64,37,47,65,55,73,73,71,84,82,78
[ 7772.208677] [AOA] Measurement: 0,1627121448.344117,08:55:31:9b:04:ac,2,1,2,0,128,994,852,978,218,515,1001,688,704,761,672,847,959,105,857,69,321,930,607,872,74,587,779,42,418,496,930,127,124,697,908,842,112,81,75,70,76,60,73,73,53,64,87,84,69,41,42,49,43,67,54,56,26,63,67,39,47,66,57,72,75,74,85,87,79
[ 7772.252738] [AOA] Measurement: 0,1627121448.388179,08:55:31:9b:04:ac,2,1,2,0,128,992,881,954,224,495,968,166,496,688,628,884,971,189,898,596,524,871,635,827,24,524,731,101,398,948,733,173,125,764,967,150,424,74,72,64,74,53,69,67,51,62,85,79,70,42,42,51,42,65,57,54,32,62,67,44,49,65,58,72,77,76,85,89,83
[ 7772.298305] [AOA] Measurement: 0,1627121448.433739,08:55:31:9b:04:ac,2,1,2,0,128,380,597,392,1021,980,775,71,474,160,406,308,721,595,674,35,312,301,382,321,860,70,592,536,224,954,708,665,944,199,742,505,896,78,76,69,76,57,71,69,54,65,88,80,68,42,41,52,43,64,55,55,29,63,67,41,48,66,57,74,75,75,84,86,79
[ 7772.341561] [AOA] Measurement: 0,1627121448.477002,08:55:31:9b:04:ac,2,1,2,0,128,992,825,967,186,532,1022,628,608,773,679,851,939,86,869,610,540,909,634,892,100,572,765,6,377,450,895,177,164,719,944,555,807,78,75,66,75,55,70,67,54,62,86,80,72,43,43,51,43,67,58,56,33,62,70,44,49,66,58,72,76,75,84,86,82
[ 7772.379883] [AOA] Measurement: 0,1627121448.515323,08:55:31:9b:04:ac,2,1,2,0,128,465,636,381,989,1009,797,47,394,190,433,269,727,635,694,651,540,845,575,346,884,573,749,505,225,965,719,114,112,187,761,726,109,81,75,70,76,61,73,71,53,63,89,83,67,41,41,50,42,64,53,53,25,61,65,38,47,65,57,71,75,74,83,82,77
[ 7772.424551] [AOA] Measurement: 0,1627121448.559989,08:55:31:9b:04:ac,2,1,2,0,128,417,613,405,2,537,990,642,644,712,631,845,946,131,892,581,504,361,411,347,920,500,707,88,407,490,891,636,939,755,957,534,1001,82,75,72,77,59,72,72,55,64,88,84,67,42,40,50,43,64,52,53,25,62,66,38,47,66,56,73,75,74,83,83,79
[ 7772.468710] [AOA] Measurement: 0,1627121448.604148,08:55:31:9b:04:ac,2,1,2,0,128,978,829,966,173,568,7,622,630,203,463,319,757,635,691,650,517,882,605,318,897,548,735,526,190,958,741,159,172,691,940,839,200,80,74,70,77,59,71,70,52,63,86,82,67,41,41,51,43,65,53,54,25,62,66,38,49,65,56,71,74,75,84,83,76
[ 7772.513626] [AOA] Measurement: 0,1627121448.649061,08:55:31:9b:04:ac,2,1,2,0,128,947,807,1020,243,480,1000,620,633,699,652,866,955,89,855,639,558,312,431,834,77,637,803,110,452,423,878,175,117,186,745,759,158,84,80,75,83,64,74,75,59,69,93,88,76,47,48,56,47,71,62,61,32,69,74,47,53,71,63,78,82,81,93,93,87
[ 7772.564929] [AOA] Measurement: 0,1627121448.700363,08:55:31:9b:04:ac,2,1,2,0,128,1002,844,951,214,424,929,621,621,174,445,849,950,143,913,601,515,963,661,858,66,607,779,15,426,445,883,125,126,745,924,737,50,81,75,70,76,58,71,71,55,64,88,83,69,43,43,50,43,68,56,53,29,64,68,43,50,65,56,72,78,77,86,87,81
[ 7772.609226] [AOA] Measurement: 0,1627121448.744661,08:55:31:9b:04:ac,2,1,2,0,128,0,874,971,212,511,978,53,416,166,441,898,981,132,887,77,345,931,679,854,50,570,758,27,388,447,878,110,88,708,937,9,416,81,76,72,78,58,73,70,54,65,87,83,68,41,39,49,43,66,55,54,26,63,67,39,47,65,58,74,78,76,86,84,79
[ 7772.651614] [AOA] Measurement: 0,1627121448.787049,08:55:31:9b:04:ac,2,1,2,0,128,421,635,404,10,465,975,68,407,723,629,263,743,630,657,79,340,932,637,276,915,538,758,32,420,902,719,649,961,742,949,665,67,80,75,69,78,61,71,70,53,65,87,83,69,43,42,51,42,65,55,55,29,65,68,39,48,67,58,73,76,75,86,86,81
[ 7772.694224] [AOA] Measurement: 0,1627121448.829663,08:55:31:9b:04:ac,2,1,2,0,128,979,849,404,1008,1003,811,48,450,206,483,323,776,161,873,693,557,867,634,911,119,527,745,41,385,450,925,180,177,712,910,352,734,77,76,67,77,58,71,69,54,61,86,82,69,45,44,53,42,67,57,55,33,64,69,45,49,66,58,74,78,77,88,86,82
[ 7772.737518] [AOA] Measurement: 0,1627121448.872958,08:55:31:9b:04:ac,2,1,2,0,128,385,606,379,1009,991,772,126,485,209,442,803,923,568,666,641,499,301,425,330,899,1,543,525,225,966,697,675,991,157,732,757,96,80,75,69,79,61,72,69,54,63,87,84,69,43,44,51,44,67,55,54,28,65,67,42,49,65,57,73,76,75,85,84,79
[ 7772.780732] [AOA] Measurement: 0,1627121448.916171,08:55:31:9b:04:ac,2,1,2,0,128,959,814,975,202,498,1000,613,620,133,378,934,941,130,867,608,527,906,623,861,77,983,498,46,418,483,921,161,165,702,923,591,955,85,80,73,82,63,75,74,57,67,92,86,72,44,46,54,45,68,58,59,29,68,70,43,51,69,63,78,80,78,88,88,81
[ 7772.819481] [AOA] Measurement: 0,1627121448.954915,08:55:31:9b:04:ac,2,1,2,0,128,1004,855,898,142,527,1013,22,417,770,628,877,992,139,870,657,558,933,640,845,46,537,722,68,428,505,937,151,129,770,940,704,44,80,77,70,76,58,71,71,53,64,91,85,70,42,42,52,43,68,56,55,29,64,69,41,48,68,57,74,76,75,88,85,80
[ 7772.863042] [AOA] Measurement: 0,1627121448.998476,08:55:31:9b:04:ac,2,1,2,0,128,986,847,396,6,929,780,90,437,147,436,844,895,594,682,58,296,354,429,890,76,542,739,88,431,883,671,629,964,208,751,683,79,79,75,70,74,59,69,71,53,64,87,83,67,41,40,50,41,64,52,53,24,61,63,36,45,63,54,72,72,72,83,81,75
[ 7772.912957] [AOA] Measurement: 0,1627121449.048391,08:55:31:9b:04:ac,2,1,2,0,128,421,608,414,14,546,962,633,628,710,565,828,915,89,872,616,479,392,432,882,75,13,531,542,193,973,692,621,953,170,737,403,860,77,74,67,76,57,69,68,54,62,87,81,70,44,43,51,42,67,57,55,31,64,67,44,48,66,58,73,78,75,87,88,81
[ 7772.958207] [AOA] Measurement: 0,1627121449.093647,08:55:31:9b:04:ac,2,1,2,0,128,937,778,422,24,932,772,116,461,163,431,302,767,620,711,653,571,864,603,321,896,4,536,521,227,503,915,573,953,160,724,459,908,75,71,64,71,55,65,67,49,59,82,77,63,39,40,48,41,60,52,50,26,57,62,38,45,60,52,67,70,69,80,79,75
[ 7773.002420] [AOA] Measurement: 0,1627121449.137861,08:55:31:9b:04:ac,2,1,2,0,128,997,835,427,13,475,997,646,666,722,635,877,982,199,905,619,548,909,630,848,69,1002,526,62,448,508,914,125,112,744,936,760,55,79,76,68,77,59,70,69,54,64,88,82,68,41,44,51,43,67,56,54,29,62,68,42,49,67,58,75,78,75,85,85,80
[ 7773.045007] [AOA] Measurement: 0,1627121449.180441,08:55:31:9b:04:ac,2,1,2,0,128,942,814,433,17,541,2,614,622,745,651,898,963,130,860,609,528,352,404,354,923,995,527,512,187,965,733,609,959,170,722,721,132,78,75,68,77,58,72,68,55,62,89,83,70,44,44,53,43,67,55,55,29,63,67,41,49,67,56,72,76,75,83,85,79
[ 7773.089092] [AOA] Measurement: 0,1627121449.224530,08:55:31:9b:04:ac,2,1,2,0,128,491,646,405,1004,927,768,31,439,115,434,231,685,612,684,107,351,323,407,250,838,1003,519,525,205,930,662,679,986,264,767,804,279,78,76,71,77,59,70,71,53,63,88,80,69,41,41,52,44,66,56,56,29,65,69,42,50,66,57,73,77,75,83,86,77
[ 7773.132362] [AOA] Measurement: 0,1627121449.267803,08:55:31:9b:04:ac,2,1,2,0,128,957,814,412,999,967,782,78,438,173,431,352,761,156,885,112,371,925,614,317,889,7,552,547,237,973,709,638,989,755,921,292,684,80,76,70,76,60,72,71,53,64,89,84,69,42,42,51,43,66,54,55,28,64,69,41,48,66,58,73,76,75,84,85,80
[ 7773.175869] [AOA] Measurement: 0,1627121449.311308,08:55:31:9b:04:ac,2,1,2,0,128,941,802,968,221,495,992,645,631,745,643,888,976,104,856,601,531,852,584,323,915,500,707,122,417,493,951,179,146,715,900,375,688,79,76,69,77,59,72,69,54,65,88,82,69,42,42,51,42,64,56,53,28,65,67,42,48,66,58,73,75,75,86,84,79
[ 7773.220349] [AOA] Measurement: 0,1627121449.355788,08:55:31:9b:04:ac,2,1,2,0,128,968,832,446,25,459,953,697,684,705,571,364,772,144,874,66,368,904,627,862,81,526,728,521,210,928,718,132,133,730,930,429,819,80,78,71,78,59,72,71,54,64,88,83,69,41,42,51,43,66,55,54,28,64,68,42,48,67,59,74,76,76,89,86,81
[ 7773.258921] [AOA] Measurement: 0,1627121449.394356,08:55:31:9b:04:ac,2,1,2,0,128,920,793,410,1010,499,975,656,658,706,629,857,952,108,888,11,323,877,615,881,82,510,718,581,256,449,860,638,953,789,935,748,175,83,80,75,83,66,76,77,58,68,94,86,74,46,46,55,47,70,61,59,31,67,71,46,51,69,63,80,82,81,90,91,85
[ 7773.302507] [AOA] Measurement: 0,1627121449.437942,08:55:31:9b:04:ac,2,1,2,0,128,981,841,912,162,492,990,670,686,726,669,847,932,149,883,588,493,326,420,349,924,525,714,555,208,488,924,604,954,167,743,348,704,79,76,71,78,61,73,72,54,64,88,85,69,40,42,50,41,66,55,52,25,63,66,38,47,66,56,73,75,74,84,82,78
[ 7773.349792] [AOA] Measurement: 0,1627121449.485232,08:55:31:9b:04:ac,2,1,2,0,128,449,635,470,55,495,998,694,656,723,639,859,948,76,838,75,322,305,380,306,887,981,530,555,204,471,896,124,126,723,935,745,112,79,74,69,75,58,71,72,54,65,89,81,69,41,42,50,41,65,51,53,26,61,65,36,45,62,56,71,72,72,81,79,75
[ 7773.389399] [AOA] Measurement: 0,1627121449.524841,08:55:31:9b:04:ac,2,1,2,0,128,949,834,398,3,505,998,638,616,776,692,850,951,149,877,615,537,945,657,905,89,560,720,106,453,474,904,626,950,195,750,195,644,80,75,71,76,61,71,71,54,65,87,82,67,41,40,50,41,64,54,53,24,62,65,38,46,63,55,71,73,73,83,83,77
[ 7773.427980] [AOA] Measurement: 0,1627121449.563420,08:55:31:9b:04:ac,2,1,2,0,128,429,649,417,20,1008,800,47,437,163,442,335,776,606,677,29,295,328,455,320,923,970,523,552,237,491,873,640,991,748,940,291,720,80,75,72,76,59,73,73,54,64,87,82,68,39,39,50,40,65,51,54,26,61,65,37,47,64,56,74,74,75,82,83,75
[ 7773.474192] [AOA] Measurement: 0,1627121449.609627,08:55:31:9b:04:ac,2,1,2,0,128,1021,841,972,191,561,4,645,629,768,654,829,943,155,900,556,514,898,626,275,874,544,685,135,487,444,866,142,135,744,963,421,797,79,75,70,78,59,71,70,53,63,89,83,70,42,42,51,43,66,55,56,27,62,67,40,47,64,57,72,76,76,85,85,78
[ 7773.520196] [AOA] Measurement: 0,1627121449.655637,08:55:31:9b:04:ac,2,1,2,0,128,942,809,423,11,7,862,95,457,178,461,299,740,640,711,25,315,368,467,307,914,1002,539,520,218,946,681,632,956,148,731,931,327,79,75,69,77,57,70,71,55,63,87,82,70,43,44,50,42,67,58,56,30,63,69,45,49,67,57,74,76,77,84,88,82
[ 7773.564329] [AOA] Measurement: 0,1627121449.699768,08:55:31:9b:04:ac,2,1,2,0,128,990,836,942,199,521,1006,639,639,749,659,840,954,188,961,634,594,878,604,859,79,546,714,69,411,492,893,685,995,765,939,282,591,79,75,69,77,56,72,69,54,64,88,82,71,42,43,50,43,68,57,55,31,63,68,43,49,67,58,76,78,77,85,88,82
[ 7773.607545] [AOA] Measurement: 0,1627121449.742979,08:55:31:9b:04:ac,2,1,2,0,128,961,838,970,188,530,1002,621,631,768,678,879,979,133,880,594,505,951,667,888,139,541,757,46,421,493,921,100,79,179,717,801,227,85,80,75,82,66,77,76,59,71,95,90,74,45,46,57,46,70,58,60,30,68,73,44,50,71,62,80,80,78,90,90,85
[ 7773.651001] [AOA] Measurement: 0,1627121449.786436,08:55:31:9b:04:ac,2,1,2,0,128,441,616,441,21,969,806,105,465,193,421,352,801,635,689,634,510,275,389,275,874,11,540,535,238,961,712,167,149,700,877,902,308,78,76,70,74,59,72,71,53,65,89,85,68,41,42,49,42,65,54,54,26,63,68,41,48,65,57,73,75,76,84,85,79
[ 7773.696589] [AOA] Measurement: 0,1627121449.832029,08:55:31:9b:04:ac,2,1,2,0,128,953,838,933,177,520,976,587,648,677,583,824,904,125,882,68,305,905,651,270,880,971,539,68,407,430,851,179,125,685,910,830,206,80,76,71,75,60,70,72,54,64,89,83,68,41,41,51,42,66,53,55,27,63,68,38,48,67,56,73,75,75,85,85,79
[ 7773.740375] [AOA] Measurement: 0,1627121449.875813,08:55:31:9b:04:ac,2,1,2,0,128,1018,848,1002,237,483,955,156,494,171,474,887,950,169,904,632,534,911,661,897,74,512,723,115,440,517,948,74,111,699,932,192,514,85,82,74,84,63,77,77,59,70,95,90,77,46,46,57,48,71,61,60,31,69,72,45,53,71,63,78,83,80,91,90,87
[ 7773.779241] [AOA] Measurement: 0,1627121449.914681,08:55:31:9b:04:ac,2,1,2,0,128,434,637,413,2,961,821,572,645,174,413,362,785,610,682,80,351,888,645,292,911,521,712,50,417,955,725,637,954,718,897,288,708,80,76,70,76,61,72,72,54,63,88,83,70,42,42,50,41,65,55,55,27,63,67,41,47,66,56,73,75,74,87,83,77
[ 7773.820180] [AOA] Measurement: 0,1627121449.955620,08:55:31:9b:04:ac,2,1,2,0,128,430,619,419,36,953,783,67,405,158,446,309,762,580,678,60,340,388,453,851,74,515,701,556,219,916,704,164,139,733,938,444,888,80,77,69,78,59,71,71,52,63,87,83,69,42,43,51,43,65,57,54,29,65,68,42,49,66,58,75,78,74,86,86,80
[ 7773.865106] [AOA] Measurement: 0,1627121450.000541,08:55:31:9b:04:ac,2,1,2,0,128,966,823,447,31,517,8,664,654,716,670,812,906,177,891,610,540,924,663,306,881,561,760,62,399,478,919,151,144,721,922,610,979,84,80,76,82,65,77,77,56,69,93,87,71,44,44,54,45,68,56,57,28,65,69,42,51,71,60,76,81,79,89,89,83
[ 7773.915420] [AOA] Measurement: 0,1627121450.050854,08:55:31:9b:04:ac,2,1,2,0,128,996,828,954,182,984,774,73,431,149,473,320,758,595,670,618,523,847,569,334,894,1022,539,600,247,919,719,610,968,180,739,575,51,77,75,67,77,56,71,70,54,64,87,81,70,44,43,52,42,66,57,55,31,63,69,44,48,66,60,75,77,75,87,86,81
[ 7773.959431] [AOA] Measurement: 0,1627121450.094870,08:55:31:9b:04:ac,2,1,2,0,128,444,646,441,46,941,747,88,413,157,437,320,726,634,688,629,514,859,611,318,883,565,738,546,230,449,879,175,120,131,705,656,87,77,74,69,75,57,70,70,52,63,88,83,67,41,42,51,43,65,53,53,27,62,66,39,48,66,58,73,76,73,86,83,79
[ 7774.003791] [AOA] Measurement: 0,1627121450.139226,08:55:31:9b:04:ac,2,1,2,0,128,976,847,358,983,482,954,74,469,719,644,877,922,179,880,608,513,855,597,305,882,1021,524,512,167,980,710,612,960,788,982,674,53,80,76,69,77,58,72,69,54,63,87,83,68,41,42,51,43,65,54,52,26,61,64,38,47,65,56,73,75,73,84,85,77
[ 7774.053837] [AOA] Measurement: 0,1627121450.189271,08:55:31:9b:04:ac,2,1,2,0,128,996,853,947,161,504,961,646,629,695,613,308,766,139,853,613,580,894,591,839,16,557,713,58,429,462,885,670,1005,209,755,435,823,83,81,74,84,65,75,76,58,69,93,87,73,47,45,57,46,70,59,60,31,69,73,46,52,70,60,79,81,80,89,89,85
[ 7774.094353] [AOA] Measurement: 0,1627121450.229792,08:55:31:9b:04:ac,2,1,2,0,128,430,659,431,4,959,778,43,424,125,428,278,733,569,644,57,362,314,382,301,901,541,759,451,171,545,924,93,122,163,736,342,849,80,76,69,77,58,71,69,54,63,87,81,70,43,43,52,41,66,57,56,31,63,68,44,50,67,57,72,77,76,85,88,80
[ 7774.141385] [AOA] Measurement: 0,1627121450.276819,08:55:31:9b:04:ac,2,1,2,0,128,399,622,987,225,529,1010,649,638,728,664,857,926,133,889,611,543,910,640,256,872,542,735,542,229,430,867,619,962,690,897,72,483,79,74,71,75,59,70,70,54,64,87,82,67,39,39,50,42,65,53,52,24,62,65,37,48,64,58,72,76,74,85,83,78
[ 7774.186872] [AOA] Measurement: 0,1627121450.322312,08:55:31:9b:04:ac,2,1,2,0,128,417,625,339,955,1006,789,85,446,183,425,309,748,648,710,36,312,365,421,832,46,0,495,508,207,964,657,632,973,168,718,559,64,75,71,66,72,56,67,67,51,59,82,76,65,40,39,47,40,61,52,51,27,60,63,39,43,61,54,67,70,70,79,79,74
[ 7774.229908] [AOA] Measurement: 0,1627121450.365343,08:55:31:9b:04:ac,2,1,2,0,128,1018,831,925,193,429,950,78,443,120,418,294,721,634,703,114,361,288,389,348,911,31,559,30,380,467,878,604,921,176,727,726,150,80,76,70,77,60,71,72,54,64,89,83,69,41,41,51,43,65,55,54,26,64,66,38,47,65,57,74,75,75,85,84,78
[ 7774.268707] [AOA] Measurement: 0,1627121450.404146,08:55:31:9b:04:ac,2,1,2,0,128,989,837,963,169,480,986,70,433,114,399,312,752,126,831,627,542,893,654,872,72,518,733,85,455,408,858,610,959,115,703,959,430,76,75,68,77,58,72,68,53,62,87,81,69,43,44,51,42,65,57,55,30,63,68,44,49,67,58,74,77,76,84,86,83
[ 7774.312807] [AOA] Measurement: 0,1627121450.448248,08:55:31:9b:04:ac,2,1,2,0,128,984,854,996,226,523,998,645,664,741,642,862,954,106,877,598,511,900,624,306,865,548,734,63,397,476,876,163,141,732,981,275,559,83,81,73,81,62,77,76,58,68,91,86,74,45,47,54,47,70,61,60,31,70,73,45,51,71,62,77,80,80,90,93,86
[ 7774.363125] [AOA] Measurement: 0,1627121450.498560,08:55:31:9b:04:ac,2,1,2,0,128,1004,841,399,1019,0,840,108,475,758,677,855,952,146,929,565,459,333,419,816,20,571,747,490,204,513,924,150,122,765,959,441,764,80,76,72,78,58,72,71,54,64,89,84,70,43,44,51,44,67,57,56,29,65,68,42,48,66,58,74,77,77,87,86,81
[ 7774.413640] [AOA] Measurement: 0,1627121450.549074,08:55:31:9b:04:ac,2,1,2,0,128,991,862,980,212,496,993,645,661,152,442,287,727,555,636,87,359,282,425,312,893,6,565,554,250,462,887,181,104,782,944,919,250,79,74,71,76,60,70,71,54,64,88,83,68,41,42,49,43,64,55,54,25,62,66,39,48,66,58,73,77,75,84,84,78
[ 7774.456278] [AOA] Measurement: 0,1627121450.591713,08:55:31:9b:04:ac,2,1,2,0,128,960,842,991,214,483,961,626,654,667,589,873,977,144,883,602,527,919,629,838,48,573,763,535,234,964,736,660,948,715,932,978,366,78,75,70,79,59,70,70,54,63,89,84,71,44,43,52,43,65,53,53,29,64,67,42,48,66,58,73,76,76,85,87,82
[ 7774.500308] [AOA] Measurement: 0,1627121450.635744,08:55:31:9b:04:ac,2,1,2,0,128,454,662,432,41,485,988,85,453,772,668,309,767,67,831,654,580,874,633,836,80,447,675,112,452,416,864,600,947,165,718,69,496,82,80,71,83,61,75,74,57,68,93,87,74,46,48,55,47,71,61,59,33,69,72,46,52,72,63,78,81,80,90,91,86
[ 7774.543448] [AOA] Measurement: 0,1627121450.678882,08:55:31:9b:04:ac,2,1,2,0,128,979,851,975,163,1008,788,49,439,187,425,327,752,621,664,620,514,895,627,311,868,561,731,41,388,469,893,620,983,748,913,948,244,83,81,74,84,64,75,76,58,69,93,87,74,46,46,56,46,70,59,60,31,68,73,46,53,71,60,79,82,80,90,89,83
[ 7774.593677] [AOA] Measurement: 0,1627121450.729112,08:55:31:9b:04:ac,2,1,2,0,128,951,842,991,200,530,1016,619,653,725,656,854,956,139,880,74,313,320,422,317,909,30,569,77,432,457,892,627,956,677,905,542,980,77,73,68,75,56,70,70,54,63,86,82,70,41,42,49,43,66,57,55,31,63,68,42,49,65,58,74,78,77,85,86,82
[ 7774.645035] [AOA] Measurement: 0,1627121450.780469,08:55:31:9b:04:ac,2,1,2,0,128,998,855,396,1000,981,805,114,438,209,474,314,745,637,689,53,329,863,635,845,34,512,724,90,409,442,900,578,934,694,891,456,812,79,74,67,78,57,70,70,54,64,87,82,70,44,43,51,42,66,56,55,30,62,68,42,49,66,59,74,76,77,87,88,81
[ 7774.683677] [AOA] Measurement: 0,1627121450.819116,08:55:31:9b:04:ac,2,1,2,0,128,436,645,372,990,941,752,124,467,114,388,342,782,587,664,76,358,371,465,270,859,995,543,586,217,967,732,608,941,165,733,842,155,79,74,71,76,59,72,72,53,64,88,82,66,41,40,50,43,63,53,54,25,62,65,37,46,64,57,72,74,73,87,81,75
[ 7774.722197] [AOA] Measurement: 0,1627121450.857638,08:55:31:9b:04:ac,2,1,2,0,128,928,808,433,22,507,992,584,610,684,629,295,745,656,734,83,330,355,450,255,897,557,712,543,227,499,899,587,946,688,894,638,34,77,77,70,77,58,70,71,53,63,89,84,70,43,42,50,42,65,56,55,29,63,68,41,48,66,58,74,76,76,86,87,80
[ 7774.763463] [AOA] Measurement: 0,1627121450.898899,08:55:31:9b:04:ac,2,1,2,0,128,1003,854,990,201,475,957,82,460,732,623,876,947,190,927,586,501,321,399,339,929,556,742,134,467,444,890,103,136,733,917,83,490,78,74,69,78,58,71,70,54,63,89,83,70,43,41,52,43,67,57,56,31,63,69,43,50,65,57,73,77,76,83,88,81
[ 7774.806817] [AOA] Measurement: 0,1627121450.942252,08:55:31:9b:04:ac,2,1,2,0,128,418,652,388,1021,500,981,23,424,734,645,833,939,143,901,576,502,882,636,308,916,1008,557,91,423,458,891,637,960,192,735,623,974,80,77,69,78,59,72,71,53,65,88,82,69,42,42,53,44,67,56,55,28,64,69,41,47,66,59,73,77,75,86,85,77
[ 7774.846983] [AOA] Measurement: 0,1627121450.982422,08:55:31:9b:04:ac,2,1,2,0,128,958,818,908,154,479,956,86,443,167,437,309,748,138,904,580,535,903,603,884,80,512,717,59,426,504,883,138,126,758,942,734,90,79,74,70,73,59,70,70,52,62,88,82,67,40,39,50,42,64,53,52,25,60,65,37,45,63,54,72,74,72,83,81,75
[ 7774.888718] [AOA] Measurement: 0,1627121451.024153,08:55:31:9b:04:ac,2,1,2,0,128,910,796,968,189,529,5,598,616,646,559,333,753,132,874,44,363,918,626,878,76,536,716,32,403,471,902,616,976,731,893,984,374,80,76,69,77,59,72,71,54,63,88,82,67,41,42,51,42,66,56,55,27,64,67,42,49,67,58,75,76,77,85,85,82
[ 7774.928069] [AOA] Measurement: 0,1627121451.063508,08:55:31:9b:04:ac,2,1,2,0,128,1002,848,965,196,479,992,614,629,732,610,291,761,633,702,617,536,874,615,328,899,536,706,91,378,462,918,126,108,741,944,679,1004,77,73,67,76,53,68,69,52,60,86,79,69,43,43,50,42,66,58,54,32,63,68,45,49,66,59,72,77,75,84,87,82
[ 7774.972675] [AOA] Measurement: 0,1627121451.108115,08:55:31:9b:04:ac,2,1,2,0,128,409,636,389,1018,993,821,49,420,172,393,281,698,595,667,630,533,859,573,294,879,15,519,524,194,1009,746,619,960,695,929,580,1005,80,75,70,76,60,72,72,54,64,85,82,69,41,42,51,42,67,55,54,28,64,67,40,49,66,57,74,75,78,85,85,80
[ 7775.017349] [AOA] Measurement: 0,1627121451.152789,08:55:31:9b:04:ac,2,1,2,0,128,997,847,938,215,538,989,622,660,754,655,854,980,73,862,619,578,896,593,872,108,496,703,552,253,481,912,172,170,782,976,782,18,85,81,76,82,65,76,74,57,68,93,89,71,44,43,53,46,68,58,56,26,66,68,39,49,68,59,76,77,77,89,85,80
[ 7775.063015] [AOA] Measurement: 0,1627121451.198455,08:55:31:9b:04:ac,2,1,2,0,128,929,837,439,29,538,1008,586,628,198,427,870,944,89,864,645,552,861,611,896,91,576,747,46,410,454,921,155,140,717,926,1021,311,79,76,69,78,60,70,71,55,64,87,83,69,43,42,52,43,67,56,54,28,63,68,40,49,66,57,75,76,74,84,86,79
[ 7775.106365] [AOA] Measurement: 0,1627121451.241804,08:55:31:9b:04:ac,2,1,2,0,128,455,700,935,191,511,1007,630,641,810,681,854,939,591,657,602,520,335,439,863,60,526,728,107,451,460,906,179,149,755,932,308,701,75,71,64,72,55,66,67,50,58,82,75,66,39,40,47,39,63,51,51,28,59,63,40,46,61,54,68,71,71,81,82,73
[ 7775.151459] [AOA] Measurement: 0,1627121451.286899,08:55:31:9b:04:ac,2,1,2,0,128,460,671,387,0,988,779,634,637,707,633,847,912,584,684,599,484,933,666,805,59,1018,532,524,189,907,697,635,952,133,716,617,141,80,74,70,80,60,73,71,54,65,90,85,69,41,42,51,44,67,56,56,28,64,67,41,48,66,59,74,77,75,87,89,79
[ 7775.190572] [AOA] Measurement: 0,1627121451.326007,08:55:31:9b:04:ac,2,1,2,0,128,907,796,397,1015,1016,800,134,500,766,673,861,959,125,866,76,338,865,625,311,912,516,725,67,418,450,897,585,931,768,899,450,840,78,76,68,76,59,70,69,56,63,89,83,71,44,43,52,44,66,56,55,30,63,70,42,50,66,58,73,78,76,85,88,80
[ 7775.238654] [AOA] Measurement: 0,1627121451.374093,08:55:31:9b:04:ac,2,1,2,0,128,936,813,401,1009,950,766,82,426,171,434,345,768,586,645,74,320,351,441,280,884,987,508,572,280,492,930,143,125,723,952,898,291,79,75,69,77,59,71,71,55,64,90,83,70,42,44,52,43,68,57,53,29,63,68,41,48,68,58,75,78,75,87,86,81
[ 7775.286109] [AOA] Measurement: 0,1627121451.421543,08:55:31:9b:04:ac,2,1,2,0,128,922,832,415,1018,921,795,113,469,149,417,347,760,615,646,16,325,323,427,278,867,998,530,557,209,917,685,619,938,227,792,881,313,77,75,68,78,57,70,69,54,63,87,80,69,42,42,51,43,66,55,55,29,64,68,41,49,65,57,75,77,76,84,88,77
[ 7775.331028] [AOA] Measurement: 0,1627121451.466468,08:55:31:9b:04:ac,2,1,2,0,128,480,686,435,6,963,820,85,426,167,403,286,737,647,711,78,332,314,400,347,926,981,529,536,191,993,715,559,915,122,717,227,746,77,75,68,77,57,70,70,54,63,88,80,70,43,45,51,43,69,57,57,29,63,71,44,49,68,59,74,76,75,85,88,80
[ 7775.375599] [AOA] Measurement: 0,1627121451.511033,08:55:31:9b:04:ac,2,1,2,0,128,988,834,949,175,517,976,1018,396,155,373,313,773,606,643,29,298,319,420,308,915,1017,541,516,212,960,710,587,932,239,774,454,879,80,77,71,78,60,71,71,55,63,87,83,70,42,41,50,43,66,55,54,29,63,66,43,49,66,58,74,77,77,84,85,80
[ 7775.419301] [AOA] Measurement: 0,1627121451.554740,08:55:31:9b:04:ac,2,1,2,0,128,914,815,992,183,489,985,40,410,703,626,359,789,130,861,46,323,331,437,275,826,1021,556,534,202,919,712,644,956,213,753,254,674,78,76,69,78,58,72,70,53,64,87,83,69,43,43,51,43,66,56,53,30,64,67,44,49,67,59,74,78,77,86,88,81
[ 7775.459181] [AOA] Measurement: 0,1627121451.594616,08:55:31:9b:04:ac,2,1,2,0,128,384,615,408,1007,996,802,95,462,674,580,278,714,549,601,103,347,354,436,267,874,5,558,575,235,492,897,137,134,158,744,953,293,85,79,75,81,65,76,75,55,67,91,87,70,42,42,52,43,64,54,54,25,65,67,37,50,67,60,78,77,76,88,86,78
[ 7775.502613] [AOA] Measurement: 0,1627121451.638046,08:55:31:9b:04:ac,2,1,2,0,128,956,855,959,206,996,839,621,627,736,622,868,947,610,717,614,473,383,466,305,895,548,730,45,425,427,863,122,120,758,930,269,613,79,75,70,76,59,71,70,53,64,86,83,68,41,41,51,41,65,55,54,26,61,67,40,48,64,56,73,75,75,83,85,79
[ 7775.550403] [AOA] Measurement: 0,1627121451.685842,08:55:31:9b:04:ac,2,1,2,0,128,7,857,924,198,507,985,54,398,190,434,358,785,631,731,81,351,892,614,274,888,1020,528,544,235,519,915,661,967,734,943,691,18,79,77,71,77,59,73,71,54,64,89,84,69,43,43,51,43,68,55,56,28,64,69,40,50,67,56,74,77,76,85,87,81
[ 7775.588920] [AOA] Measurement: 0,1627121451.724361,08:55:31:9b:04:ac,2,1,2,0,128,939,803,378,1008,548,983,599,628,728,604,304,762,615,688,119,343,302,365,330,944,572,725,103,429,478,909,109,125,722,969,138,524,80,75,70,76,60,72,71,52,62,89,83,66,41,39,50,41,64,54,54,26,63,67,39,48,64,56,71,75,74,85,84,77
[ 7775.627822] [AOA] Measurement: 0,1627121451.763263,08:55:31:9b:04:ac,2,1,2,0,128,965,861,935,201,455,964,67,435,137,434,297,747,133,840,637,545,893,617,851,88,524,739,60,392,949,713,646,955,819,980,509,874,86,81,76,83,64,75,76,59,70,95,87,75,48,46,58,47,72,61,60,31,68,74,46,52,72,61,78,82,81,91,92,86
[ 7775.673157] [AOA] Measurement: 0,1627121451.808591,08:55:31:9b:04:ac,2,1,2,0,128,420,636,457,29,918,778,54,412,131,405,864,947,88,886,625,540,330,425,886,72,563,752,178,480,466,894,113,97,751,948,62,362,79,76,71,75,60,72,72,53,64,87,83,69,40,40,49,42,62,54,54,25,62,67,37,48,64,55,71,74,74,83,84,77
[ 7775.727766] [AOA] Measurement: 0,1627121451.863205,08:55:31:9b:04:ac,2,1,2,0,128,449,662,960,187,534,972,602,632,656,580,305,733,202,929,616,553,920,660,869,52,578,761,55,436,461,895,148,120,777,986,612,987,79,75,69,76,60,70,71,53,64,87,83,68,41,43,50,42,65,55,55,28,63,67,40,49,66,57,74,74,75,84,85,78
[ 7775.771332] [AOA] Measurement: 0,1627121451.906767,08:55:31:9b:04:ac,2,1,2,0,128,971,866,883,180,937,737,113,468,710,639,346,774,195,938,673,584,881,614,856,68,556,726,39,411,899,676,137,119,773,962,294,755,80,76,70,78,57,71,70,53,63,89,82,69,43,42,51,43,65,56,56,29,62,68,40,47,66,57,73,76,75,85,86,80
[ 7775.815249] [AOA] Measurement: 0,1627121451.950684,08:55:31:9b:04:ac,2,1,2,0,128,423,655,384,1015,960,762,108,437,214,493,282,752,583,647,56,324,349,429,307,863,1016,529,559,263,986,735,648,978,765,968,983,348,80,76,70,78,58,71,72,55,65,88,83,71,43,42,51,43,65,55,55,27,63,67,41,49,66,57,72,77,74,87,85,80
[ 7775.868225] [AOA] Measurement: 0,1627121452.003660,08:55:31:9b:04:ac,2,1,2,0,128,940,805,431,18,494,981,639,644,708,634,854,934,575,682,89,365,877,597,849,38,611,762,47,410,416,844,623,947,158,684,51,536,79,76,70,79,60,71,72,55,66,90,84,70,42,44,51,43,66,56,57,28,63,68,42,49,67,58,71,76,76,85,86,80
[ 7775.913127] [AOA] Measurement: 0,1627121452.048568,08:55:31:9b:04:ac,2,1,2,0,128,996,852,387,1013,1000,809,68,439,140,424,263,720,610,678,141,340,298,412,321,899,999,518,531,230,891,673,679,1002,703,899,685,159,80,75,70,76,60,72,70,52,64,86,82,67,39,40,50,40,63,51,52,26,62,65,36,48,65,56,74,76,73,83,82,77
[ 7775.956447] [AOA] Measurement: 0,1627121452.091881,08:55:31:9b:04:ac,2,1,2,0,128,941,807,990,204,480,972,633,635,84,344,298,753,628,666,128,391,851,621,348,944,563,742,60,414,490,913,119,146,138,722,83,512,77,74,68,78,58,71,70,54,64,87,82,70,43,44,50,44,67,57,57,31,65,69,44,50,68,58,74,77,77,87,89,82
[ 7776.000073] [AOA] Measurement: 0,1627121452.135508,08:55:31:9b:04:ac,2,1,2,0,128,986,825,443,55,924,778,111,437,118,418,344,758,136,916,523,481,341,437,290,881,960,493,473,166,508,917,631,979,193,760,242,724,84,79,74,83,63,73,75,57,67,94,88,74,45,45,54,47,70,57,58,31,68,72,43,52,70,61,78,79,78,88,90,83
[ 7776.042667] [AOA] Measurement: 0,1627121452.178107,08:55:31:9b:04:ac,2,1,2,0,128,976,803,943,213,474,947,637,634,739,640,874,938,137,901,570,487,910,619,859,80,591,749,493,227,481,906,171,109,770,933,624,968,85,82,77,82,64,78,76,59,70,96,88,74,48,48,57,47,71,61,61,31,70,73,47,53,70,63,78,83,83,91,90,87
[ 7776.086977] [AOA] Measurement: 0,1627121452.222419,08:55:31:9b:04:ac,2,1,2,0,128,414,612,377,1014,955,763,70,399,120,386,295,725,593,654,96,335,910,634,345,913,1007,548,537,208,930,672,594,948,113,702,321,838,80,75,71,75,60,70,71,54,63,87,83,67,39,39,50,41,64,52,52,23,61,63,36,46,62,54,70,71,72,81,78,73
[ 7776.131428] [AOA] Measurement: 0,1627121452.266869,08:55:31:9b:04:ac,2,1,2,0,128,1007,874,927,179,966,796,605,643,742,639,897,973,127,894,629,537,882,605,831,69,565,752,539,241,879,660,212,119,177,712,19,400,82,75,72,77,60,72,72,54,64,91,85,70,43,43,52,45,67,57,54,30,64,70,41,50,67,59,74,79,76,87,86,81
[ 7776.170872] [AOA] Measurement: 0,1627121452.306306,08:55:31:9b:04:ac,2,1,2,0,128,929,819,905,205,547,16,606,640,716,642,842,951,112,888,658,562,799,568,914,90,985,566,53,424,452,898,139,125,721,939,696,32,78,73,69,76,56,71,72,54,65,87,83,67,39,41,49,42,64,53,55,25,64,65,38,47,65,54,73,73,72,81,82,73
