
[ 6407.134920] [AOA] Measurement: 0,1627120083.270371,08:55:31:9b:0a:1d,2,1,2,0,128,87,208,236,362,722,971,581,1002,194,234,256,751,62,760,1005,110,435,677,586,947,416,656,34,454,917,607,610,0,383,522,436,636,74,81,56,87,83,83,61,71,35,62,67,105,51,28,64,47,87,81,83,66,62,72,56,68,25,58,63,54,45,33,66,43
[ 6407.175449] [AOA] Measurement: 0,1627120083.310901,08:55:31:9b:0a:1d,2,1,2,0,128,25,218,150,336,163,805,77,819,682,54,284,736,437,516,48,113,406,640,113,87,847,454,449,194,950,594,678,2,338,451,448,669,77,85,55,88,86,85,63,73,33,62,68,106,51,27,64,47,86,81,87,64,64,72,57,69,25,57,61,51,38,29,64,42
[ 6407.213169] [AOA] Measurement: 0,1627120083.348619,08:55:31:9b:0a:1d,2,1,2,0,128,35,158,215,391,667,977,575,943,165,218,318,809,1016,740,558,307,950,870,45,50,371,563,525,250,928,586,639,35,358,430,224,503,77,83,55,86,84,82,60,71,32,59,67,106,50,27,64,46,86,81,83,66,63,72,54,68,26,58,61,53,42,30,66,42
[ 6407.260872] [AOA] Measurement: 0,1627120083.396318,08:55:31:9b:0a:1d,2,1,2,0,128,76,164,257,412,696,1003,87,841,704,44,770,590,512,576,557,268,973,866,103,86,402,646,981,351,941,630,654,9,388,506,1015,253,76,84,56,87,84,83,62,72,34,62,66,106,51,28,65,47,86,81,85,65,62,71,57,66,24,58,60,53,40,30,63,40
[ 6407.303607] [AOA] Measurement: 0,1627120083.439058,08:55:31:9b:0a:1d,2,1,2,0,128,1010,147,719,198,731,999,610,1022,203,204,295,791,13,739,557,313,957,896,85,109,397,599,15,396,859,556,636,19,812,266,208,430,73,78,54,84,82,80,60,70,33,60,68,105,49,27,61,45,86,76,81,65,61,71,55,66,24,56,61,52,42,30,64,39
[ 6407.347019] [AOA] Measurement: 0,1627120083.482470,08:55:31:9b:0a:1d,2,1,2,0,128,498,1019,691,201,168,819,50,814,199,241,264,730,3,740,574,321,983,847,78,90,381,644,1010,452,867,535,53,835,822,301,853,165,77,86,57,87,85,85,64,71,33,60,67,104,52,26,62,47,83,79,84,63,61,72,56,65,24,58,59,52,37,28,62,39
[ 6407.390425] [AOA] Measurement: 0,1627120083.525873,08:55:31:9b:0a:1d,2,1,2,0,128,520,989,173,353,712,976,596,972,183,226,226,689,10,728,587,320,927,872,133,92,365,627,425,187,358,365,70,803,777,266,512,793,76,86,59,89,86,84,64,73,32,60,66,104,52,26,66,45,84,80,84,62,58,68,54,64,22,55,54,48,30,26,57,36
[ 6407.433997] [AOA] Measurement: 0,1627120083.569443,08:55:31:9b:0a:1d,2,1,2,0,128,1021,124,687,180,711,1008,52,824,166,180,776,577,9,758,589,366,974,875,77,90,378,638,1007,385,901,568,671,72,365,469,178,422,76,84,55,87,83,83,63,72,32,59,67,107,51,28,64,47,83,80,84,63,60,69,55,67,23,57,60,50,37,27,63,39
[ 6407.480746] [AOA] Measurement: 0,1627120083.616197,08:55:31:9b:0a:1d,2,1,2,0,128,493,1002,698,197,137,790,4,801,700,37,277,744,20,779,578,341,936,843,62,72,811,394,494,212,335,371,42,815,878,312,442,748,74,82,56,88,84,84,63,72,33,62,68,107,51,27,64,47,85,80,84,65,62,70,55,67,25,57,60,53,39,30,64,41
[ 6407.518354] [AOA] Measurement: 0,1627120083.653805,08:55:31:9b:0a:1d,2,1,2,0,128,95,193,158,328,694,972,42,807,586,1016,316,843,1003,706,1020,126,958,885,59,112,765,409,1017,426,894,547,635,31,779,237,227,512,77,83,56,88,83,83,63,72,34,62,68,105,52,29,65,47,86,80,83,66,63,71,55,66,25,58,61,54,43,30,65,42
[ 6407.568153] [AOA] Measurement: 0,1627120083.703599,08:55:31:9b:0a:1d,2,1,2,0,128,51,187,300,441,697,1012,588,999,197,228,262,726,17,736,548,334,986,871,88,110,401,628,43,419,944,619,615,1018,360,476,703,947,76,81,55,89,84,84,62,73,34,59,65,108,51,26,64,45,85,79,84,65,62,70,55,66,24,58,60,53,38,29,62,40
[ 6407.612661] [AOA] Measurement: 0,1627120083.748113,08:55:31:9b:0a:1d,2,1,2,0,128,70,185,187,373,753,1008,541,962,186,190,704,539,512,563,996,92,398,635,527,898,917,492,984,395,971,636,90,864,810,287,435,737,77,82,54,86,84,82,61,71,33,61,67,105,51,27,62,46,83,79,82,63,62,70,55,66,24,57,58,53,37,29,62,40
[ 6407.654839] [AOA] Measurement: 0,1627120083.790284,08:55:31:9b:0a:1d,2,1,2,0,128,47,168,222,401,697,6,609,997,148,186,766,543,502,522,583,312,975,880,115,114,387,630,47,429,848,539,633,17,798,267,485,771,75,82,54,85,81,83,62,71,33,61,68,104,51,27,63,46,82,78,82,64,62,72,56,67,25,57,58,51,39,30,64,41
[ 6407.706440] [AOA] Measurement: 0,1627120083.841893,08:55:31:9b:0a:1d,2,1,2,0,128,40,171,213,369,708,1002,583,983,196,246,340,806,1018,732,634,348,989,867,118,101,426,686,3,402,910,600,649,37,372,507,658,854,75,83,55,86,82,84,62,72,33,62,66,105,50,27,64,47,84,82,84,66,62,73,55,68,24,59,61,53,40,29,63,41
[ 6407.750112] [AOA] Measurement: 0,1627120083.885565,08:55:31:9b:0a:1d,2,1,2,0,128,69,189,233,424,735,1007,524,987,642,21,271,752,27,756,609,390,942,846,591,935,363,628,29,419,910,540,622,1002,370,491,630,831,76,84,56,87,84,83,61,72,34,62,69,106,52,27,63,48,86,80,84,66,64,72,57,66,26,58,63,54,43,32,67,43
[ 6407.788222] [AOA] Measurement: 0,1627120083.923673,08:55:31:9b:0a:1d,2,1,2,0,128,77,194,712,185,183,798,25,789,600,1004,799,569,998,732,579,333,922,842,589,943,362,626,11,388,967,585,660,47,776,250,928,191,76,83,56,87,84,85,63,71,34,62,67,106,52,26,64,46,86,80,84,65,62,73,56,66,24,58,62,53,41,31,64,42
[ 6407.832483] [AOA] Measurement: 0,1627120083.967930,08:55:31:9b:0a:1d,2,1,2,0,128,53,208,180,363,764,1014,594,1002,178,217,298,786,1015,716,555,312,1000,870,101,111,482,684,42,445,925,599,649,51,399,469,166,369,74,79,54,86,81,82,61,70,34,60,66,106,49,28,63,47,86,79,84,65,61,72,55,67,25,57,61,53,42,30,65,41
[ 6407.887564] [AOA] Measurement: 0,1627120084.023017,08:55:31:9b:0a:1d,2,1,2,0,128,67,217,669,187,155,771,33,793,679,17,775,578,483,538,61,165,1000,871,570,950,401,689,1012,407,839,557,655,15,393,509,737,966,81,89,58,94,89,89,66,76,36,64,72,113,56,29,68,50,89,85,89,67,65,74,60,70,25,59,62,56,39,31,64,42
[ 6407.930419] [AOA] Measurement: 0,1627120084.065872,08:55:31:9b:0a:1d,2,1,2,0,128,538,1014,697,170,118,785,46,807,634,1009,700,536,515,591,1019,100,414,674,553,898,854,379,469,179,356,347,62,813,815,326,433,759,70,77,52,81,76,77,58,67,32,58,62,99,48,26,58,44,81,74,77,60,59,66,52,63,23,53,56,49,37,29,61,38
[ 6407.969892] [AOA] Measurement: 0,1627120084.105345,08:55:31:9b:0a:1d,2,1,2,0,128,527,16,224,405,714,1007,23,817,633,29,296,776,1004,722,559,338,951,819,546,899,391,618,474,190,300,349,27,820,349,450,146,444,75,86,56,88,84,84,64,72,33,60,67,106,52,27,65,46,84,81,85,63,60,69,54,65,23,57,58,51,34,28,60,40
[ 6408.009691] [AOA] Measurement: 0,1627120084.145138,08:55:31:9b:0a:1d,2,1,2,0,128,37,168,208,386,162,825,68,813,613,993,773,580,464,552,25,125,411,661,538,927,396,629,490,234,956,602,642,1016,806,263,442,742,77,84,55,86,83,83,63,70,33,61,68,106,50,27,63,46,87,80,83,64,61,70,57,68,24,58,60,54,41,31,64,41
[ 6408.052957] [AOA] Measurement: 0,1627120084.188403,08:55:31:9b:0a:1d,2,1,2,0,128,1015,182,192,374,199,823,624,997,213,256,314,793,988,719,34,133,388,671,570,899,821,409,27,398,923,615,630,12,359,451,425,660,77,84,56,87,84,84,62,71,34,62,70,107,52,28,64,47,86,80,84,66,64,74,57,68,26,58,61,53,44,30,66,42
[ 6408.103859] [AOA] Measurement: 0,1627120084.239312,08:55:31:9b:0a:1d,2,1,2,0,128,513,987,684,204,728,989,7,790,683,39,285,771,503,564,1008,127,447,690,590,910,929,451,15,410,890,543,638,31,346,482,13,268,77,81,56,85,84,83,61,71,33,60,66,106,50,28,63,45,85,78,82,65,61,71,56,66,24,57,60,53,41,30,64,41
[ 6408.150901] [AOA] Measurement: 0,1627120084.286353,08:55:31:9b:0a:1d,2,1,2,0,128,470,997,685,182,167,804,31,808,652,13,784,580,511,604,52,146,417,689,563,905,862,392,506,237,332,358,133,864,805,254,163,545,82,92,60,94,89,91,66,76,33,62,69,110,57,27,68,50,88,85,89,65,63,73,58,69,23,59,60,52,36,28,61,39
[ 6408.195020] [AOA] Measurement: 0,1627120084.330474,08:55:31:9b:0a:1d,2,1,2,0,128,66,195,181,397,707,980,616,1015,210,208,297,757,53,794,564,345,961,864,82,90,409,646,38,409,881,555,627,1022,340,438,934,176,80,89,59,91,90,88,67,77,36,63,70,111,54,28,67,49,89,85,87,68,65,76,59,70,26,61,64,55,41,31,64,42
[ 6408.246486] [AOA] Measurement: 0,1627120084.381939,08:55:31:9b:0a:1d,2,1,2,0,128,48,193,197,382,698,975,636,990,637,14,774,572,516,548,1017,95,428,669,557,921,400,624,37,449,863,547,694,28,343,478,708,965,75,81,53,84,80,81,61,69,34,60,69,104,49,27,62,45,84,79,80,64,61,71,57,66,24,56,60,53,42,31,65,42
[ 6408.290114] [AOA] Measurement: 0,1627120084.425567,08:55:31:9b:0a:1d,2,1,2,0,128,32,173,212,365,91,739,50,816,656,20,735,511,472,563,47,166,954,893,27,42,875,451,2,407,901,585,642,20,296,419,468,771,82,91,60,95,90,92,67,78,35,63,71,113,56,28,68,49,89,87,90,67,64,75,59,71,24,61,63,53,39,28,65,40
[ 6408.327485] [AOA] Measurement: 0,1627120084.462937,08:55:31:9b:0a:1d,2,1,2,0,128,10,140,228,415,717,995,17,794,647,9,770,584,15,767,583,368,913,824,66,62,379,654,67,467,868,550,648,16,400,526,247,458,76,80,53,85,81,82,61,71,34,62,67,108,51,29,63,48,86,79,85,66,62,72,56,68,25,58,61,54,41,31,66,41
[ 6408.370417] [AOA] Measurement: 0,1627120084.505869,08:55:31:9b:0a:1d,2,1,2,0,128,559,11,226,403,708,991,586,1003,642,1007,318,798,989,745,1022,111,963,831,79,88,346,630,433,193,877,543,625,1013,281,444,537,824,77,82,55,84,83,82,62,69,34,62,69,106,50,28,63,46,85,77,82,64,63,70,57,68,25,58,62,54,44,32,66,43
[ 6408.411065] [AOA] Measurement: 0,1627120084.546516,08:55:31:9b:0a:1d,2,1,2,0,128,66,202,215,363,666,952,559,975,203,206,233,707,533,570,544,318,1001,870,547,940,415,646,33,446,869,555,646,36,328,450,933,102,77,84,56,87,85,84,62,72,33,61,68,106,53,25,65,47,85,81,85,64,63,73,57,68,24,57,59,51,35,27,61,40
[ 6408.449516] [AOA] Measurement: 0,1627120084.584969,08:55:31:9b:0a:1d,2,1,2,0,128,100,227,270,462,720,1000,548,969,208,238,261,741,24,754,552,315,995,894,85,116,404,640,60,456,923,607,662,19,335,458,58,226,78,91,58,93,88,87,64,75,32,60,67,108,57,25,66,49,85,84,87,62,60,70,55,66,22,57,55,49,30,25,56,38
[ 6408.489647] [AOA] Measurement: 0,1627120084.625093,08:55:31:9b:0a:1d,2,1,2,0,128,18,138,247,434,666,933,44,794,188,215,794,589,462,577,528,341,971,857,88,82,352,635,47,442,907,592,78,828,815,272,799,105,80,90,60,94,89,90,67,78,34,64,71,113,56,28,68,50,89,86,88,67,65,75,58,69,24,60,63,55,38,29,64,41
[ 6408.536176] [AOA] Measurement: 0,1627120084.671629,08:55:31:9b:0a:1d,2,1,2,0,128,29,210,192,375,694,972,588,976,686,49,274,771,1017,745,599,350,1007,899,64,100,407,709,14,411,890,551,667,16,309,486,532,791,75,84,56,89,83,83,61,71,32,60,67,106,51,25,65,45,84,80,84,62,59,70,54,66,23,58,59,50,36,27,61,37
[ 6408.579177] [AOA] Measurement: 0,1627120084.714630,08:55:31:9b:0a:1d,2,1,2,0,128,47,198,187,365,706,984,572,992,205,248,255,764,11,739,527,290,955,829,533,956,824,432,467,224,880,596,624,20,327,427,793,90,77,85,56,88,84,84,63,72,34,62,67,107,50,28,65,46,85,80,82,65,63,70,55,66,25,58,60,53,42,31,64,41
[ 6408.617468] [AOA] Measurement: 0,1627120084.752921,08:55:31:9b:0a:1d,2,1,2,0,128,559,33,185,361,153,799,40,788,643,1003,807,616,469,573,31,106,397,641,511,886,915,447,495,230,367,383,644,38,268,419,856,136,81,91,60,93,88,88,64,76,33,60,67,106,55,25,68,47,84,82,88,60,59,69,55,65,21,57,54,47,30,25,55,38
[ 6408.663469] [AOA] Measurement: 0,1627120084.798915,08:55:31:9b:0a:1d,2,1,2,0,128,534,1012,216,427,693,983,1017,773,609,994,730,569,444,510,1023,112,400,639,595,945,381,645,462,189,416,434,591,985,795,241,595,947,82,91,61,94,90,88,67,78,34,64,70,110,57,28,68,50,90,85,89,66,64,75,57,68,24,60,58,53,36,28,62,39
[ 6408.709813] [AOA] Measurement: 0,1627120084.845263,08:55:31:9b:0a:1d,2,1,2,0,128,490,961,681,176,133,791,50,785,629,1021,712,526,473,553,1,109,419,650,528,901,835,447,483,216,959,609,612,995,757,256,855,182,75,83,55,88,84,82,62,71,33,60,67,105,51,26,63,46,87,79,85,65,61,71,55,65,24,57,60,51,41,28,65,42
[ 6408.747840] [AOA] Measurement: 0,1627120084.883291,08:55:31:9b:0a:1d,2,1,2,0,128,547,1005,266,454,700,994,592,982,209,206,289,756,472,539,9,121,949,865,69,101,415,613,31,432,860,560,613,4,773,240,500,771,75,85,55,89,85,85,64,73,32,60,68,106,52,27,63,46,83,80,84,63,60,70,54,66,24,58,58,51,35,27,61,39
[ 6408.785858] [AOA] Measurement: 0,1627120084.921308,08:55:31:9b:0a:1d,2,1,2,0,128,24,172,200,386,705,1001,569,1000,213,219,289,754,20,752,590,355,940,843,60,57,414,648,1017,408,910,584,654,25,368,456,48,267,74,82,55,86,84,84,61,71,32,61,67,105,51,27,65,48,87,81,85,66,63,72,56,65,24,57,61,52,41,30,62,41
[ 6408.828845] [AOA] Measurement: 0,1627120084.964295,08:55:31:9b:0a:1d,2,1,2,0,128,75,205,135,351,695,961,606,1011,175,182,330,812,1006,735,531,329,943,843,78,78,424,664,997,394,900,583,648,28,310,438,894,97,77,85,55,88,85,84,62,70,33,60,68,107,51,27,65,47,85,80,84,64,62,70,56,68,25,57,61,52,37,29,63,40
[ 6408.872940] [AOA] Measurement: 0,1627120085.008391,08:55:31:9b:0a:1d,2,1,2,0,128,2,188,163,360,134,795,55,818,224,234,262,739,2,727,579,354,961,860,78,113,393,599,19,416,873,546,628,1007,789,243,573,846,76,81,56,86,82,83,60,70,32,58,66,106,51,28,63,46,84,80,84,64,60,68,55,66,23,56,59,51,37,27,61,39
[ 6408.914116] [AOA] Measurement: 0,1627120085.049562,08:55:31:9b:0a:1d,2,1,2,0,128,63,176,198,347,193,837,587,971,669,1022,323,797,960,701,40,139,430,701,532,890,888,478,999,393,326,369,93,866,349,440,224,550,76,83,55,87,83,84,62,72,33,62,68,105,50,27,64,46,85,79,83,63,62,70,56,66,24,58,59,53,38,29,63,40
[ 6408.959867] [AOA] Measurement: 0,1627120085.095321,08:55:31:9b:0a:1d,2,1,2,0,128,42,164,200,390,145,797,545,961,169,222,256,738,19,738,582,348,944,849,72,74,411,664,1015,396,923,576,108,845,838,284,365,662,76,85,56,88,84,84,63,71,33,60,68,105,52,28,64,48,85,80,84,64,61,72,55,66,23,57,58,51,37,28,62,39
[ 6409.003600] [AOA] Measurement: 0,1627120085.139051,08:55:31:9b:0a:1d,2,1,2,0,128,60,190,214,382,694,983,591,995,174,194,294,773,33,740,616,355,952,862,105,86,374,628,25,427,912,578,670,7,318,460,303,498,81,89,59,92,88,89,66,77,35,63,69,113,53,28,67,50,89,85,90,68,65,75,59,70,25,61,62,54,39,29,64,43
[ 6409.045877] [AOA] Measurement: 0,1627120085.181325,08:55:31:9b:0a:1d,2,1,2,0,128,58,192,190,371,147,785,46,787,171,183,274,746,72,782,543,303,993,885,24,35,374,634,456,204,426,408,625,15,345,440,909,84,77,85,57,90,85,85,63,74,33,59,67,106,50,25,64,47,83,80,85,64,60,69,54,65,23,57,56,50,35,27,59,38
[ 6409.089449] [AOA] Measurement: 0,1627120085.224896,08:55:31:9b:0a:1d,2,1,2,0,128,68,188,177,387,737,10,643,990,163,223,296,794,35,756,564,322,1013,898,53,62,363,647,1006,382,897,556,668,28,386,496,268,439,76,82,55,87,85,84,63,72,33,62,69,106,51,28,64,47,86,80,84,66,63,72,56,68,25,58,60,52,42,31,66,41
[ 6409.132225] [AOA] Measurement: 0,1627120085.267671,08:55:31:9b:0a:1d,2,1,2,0,128,592,11,675,177,718,990,597,977,637,1014,786,619,1002,743,555,324,927,839,584,913,823,417,431,194,330,353,631,28,261,458,99,405,74,78,51,84,81,82,60,71,34,62,68,105,50,28,61,46,84,78,82,65,62,72,55,66,25,57,60,54,43,31,66,42
[ 6409.182573] [AOA] Measurement: 0,1627120085.318019,08:55:31:9b:0a:1d,2,1,2,0,128,537,5,209,335,706,961,84,812,142,187,247,707,466,526,1006,106,414,677,524,933,413,670,19,450,866,558,659,29,352,474,961,143,79,84,57,88,84,84,63,73,33,60,68,103,51,27,64,47,86,81,86,64,62,73,56,67,23,58,60,52,40,29,63,39
[ 6409.230276] [AOA] Measurement: 0,1627120085.365730,08:55:31:9b:0a:1d,2,1,2,0,128,513,8,239,401,708,1006,56,818,197,221,330,783,990,776,621,349,916,843,32,62,893,474,508,270,895,560,81,810,807,262,222,540,75,81,55,85,83,82,61,71,34,60,68,108,51,29,62,47,84,79,83,66,63,72,57,67,25,59,60,54,42,31,65,42
[ 6409.268780] [AOA] Measurement: 0,1627120085.404231,08:55:31:9b:0a:1d,2,1,2,0,128,102,212,184,369,734,1016,630,1020,135,182,253,750,978,720,603,326,983,890,120,87,361,608,26,362,932,604,625,29,324,427,180,454,76,80,56,85,81,82,60,70,33,60,67,104,48,28,62,48,84,78,80,63,61,71,55,66,25,57,61,55,43,31,65,42
[ 6409.308989] [AOA] Measurement: 0,1627120085.444435,08:55:31:9b:0a:1d,2,1,2,0,128,530,18,686,207,694,972,592,1022,112,180,274,737,556,619,577,314,960,854,46,50,385,636,33,451,872,556,645,8,370,497,906,96,78,88,55,87,85,84,63,73,32,59,66,104,51,26,63,44,82,80,85,62,60,68,53,65,22,55,55,49,33,27,61,39
[ 6409.351866] [AOA] Measurement: 0,1627120085.487312,08:55:31:9b:0a:1d,2,1,2,0,128,83,199,196,407,665,944,17,761,682,36,300,771,8,741,543,309,967,851,556,918,405,651,31,442,919,588,630,16,305,462,732,998,82,89,61,95,91,90,67,77,34,63,71,110,54,27,68,50,90,86,89,66,62,75,58,68,25,60,61,51,36,26,63,39
[ 6409.394637] [AOA] Measurement: 0,1627120085.530090,08:55:31:9b:0a:1d,2,1,2,0,128,74,197,179,354,728,1009,491,935,202,230,267,767,1013,728,40,145,454,698,43,70,396,624,483,201,963,617,634,30,378,474,467,691,75,86,54,87,82,85,63,73,33,59,68,107,52,28,63,46,85,80,84,63,62,70,55,66,24,57,59,52,37,28,62,39
[ 6409.443958] [AOA] Measurement: 0,1627120085.579404,08:55:31:9b:0a:1d,2,1,2,0,128,114,221,191,399,735,1006,615,1017,250,248,237,725,8,734,555,338,946,848,35,64,376,659,8,385,376,388,682,44,352,464,114,327,78,83,54,87,83,83,63,72,33,60,67,108,52,29,64,46,86,80,86,66,61,71,56,65,24,56,59,53,40,29,64,40
[ 6409.488418] [AOA] Measurement: 0,1627120085.623869,08:55:31:9b:0a:1d,2,1,2,0,128,43,197,179,383,756,1011,593,978,189,226,293,781,46,793,588,338,999,864,18,68,392,645,2,401,874,589,623,8,402,505,374,526,75,81,55,86,82,82,62,71,33,60,67,105,51,27,63,47,86,79,84,64,61,71,55,67,24,57,60,54,41,30,65,41
[ 6409.532066] [AOA] Measurement: 0,1627120085.667517,08:55:31:9b:0a:1d,2,1,2,0,128,1022,150,180,381,689,989,85,821,691,29,263,742,29,781,540,316,1000,906,29,87,400,675,4,409,927,583,670,2,324,437,147,442,76,83,56,86,82,83,62,72,33,60,68,105,52,26,63,46,86,80,83,64,62,72,56,67,25,58,60,53,39,31,65,41
[ 6409.580253] [AOA] Measurement: 0,1627120085.715703,08:55:31:9b:0a:1d,2,1,2,0,128,39,166,226,388,148,802,40,802,118,157,300,776,474,547,42,147,980,854,77,76,386,642,425,182,383,391,639,1019,338,434,752,1015,76,86,57,90,85,85,63,73,33,61,65,104,53,26,64,47,84,81,84,64,59,69,54,67,22,56,58,50,33,27,60,40
[ 6409.619321] [AOA] Measurement: 0,1627120085.754774,08:55:31:9b:0a:1d,2,1,2,0,128,30,151,668,195,671,949,85,829,729,84,307,769,1008,735,568,336,980,878,52,101,387,622,3,447,917,581,667,80,398,525,580,722,76,83,55,86,82,84,62,74,33,61,68,109,51,28,64,47,83,81,83,64,62,71,55,67,25,58,61,54,40,31,63,41
[ 6409.664506] [AOA] Measurement: 0,1627120085.799953,08:55:31:9b:0a:1d,2,1,2,0,128,12,146,263,422,662,938,42,784,675,7,782,593,17,745,20,121,953,874,506,890,865,435,476,215,942,596,620,1017,785,252,271,582,81,91,60,94,89,89,64,78,34,61,71,108,57,27,70,49,87,84,89,64,61,70,58,66,22,57,57,52,32,26,58,38
[ 6409.718693] [AOA] Measurement: 0,1627120085.854139,08:55:31:9b:0a:1d,2,1,2,0,128,34,169,192,348,190,804,58,774,666,3,750,550,415,509,13,114,451,692,561,924,899,463,473,214,931,601,636,17,332,508,368,665,77,81,53,86,83,84,62,71,35,60,67,106,48,28,63,46,85,79,82,65,61,71,54,67,25,57,62,54,43,31,67,42
[ 6409.761009] [AOA] Measurement: 0,1627120085.896455,08:55:31:9b:0a:1d,2,1,2,0,128,34,160,238,399,669,942,634,1020,196,191,291,785,991,695,559,332,969,875,64,72,374,646,27,420,888,588,599,14,355,439,443,730,76,83,54,86,83,84,63,73,33,61,66,106,51,27,63,46,86,80,84,64,62,71,57,67,24,58,61,52,40,30,63,39
[ 6409.803444] [AOA] Measurement: 0,1627120085.938894,08:55:31:9b:0a:1d,2,1,2,0,128,42,190,218,373,753,12,605,974,192,228,291,782,469,524,533,298,1021,907,99,114,445,680,1017,410,900,603,658,49,310,448,181,427,77,86,56,87,85,84,62,74,33,60,67,105,51,26,64,45,85,81,85,63,63,70,57,65,22,57,59,51,37,28,61,39
[ 6409.846418] [AOA] Measurement: 0,1627120085.981869,08:55:31:9b:0a:1d,2,1,2,0,128,66,195,265,436,739,1008,561,969,667,29,752,562,503,557,17,105,974,839,97,70,427,675,434,217,915,579,610,968,835,257,405,636,74,84,55,88,84,83,61,72,32,58,67,104,51,26,63,45,84,78,83,62,59,69,55,64,23,55,58,49,36,28,60,38
[ 6409.891600] [AOA] Measurement: 0,1627120086.027050,08:55:31:9b:0a:1d,2,1,2,0,128,50,185,212,383,730,1009,591,981,149,178,294,780,10,766,582,368,970,857,69,83,335,617,6,410,943,584,652,1013,799,266,450,698,76,84,54,87,83,84,61,71,32,61,68,106,51,27,65,47,83,81,83,64,61,71,56,67,25,58,60,52,39,29,63,41
[ 6409.934897] [AOA] Measurement: 0,1627120086.070348,08:55:31:9b:0a:1d,2,1,2,0,128,26,177,251,406,680,938,26,775,732,78,250,729,84,788,496,275,983,876,86,114,370,618,24,417,859,565,605,0,366,466,735,941,80,90,60,92,88,89,65,76,33,60,68,105,57,26,67,48,85,83,86,62,58,68,55,65,22,57,57,50,32,27,57,36
[ 6409.980673] [AOA] Measurement: 0,1627120086.116119,08:55:31:9b:0a:1d,2,1,2,0,128,474,1007,170,378,719,983,595,1006,165,183,291,754,480,556,540,305,919,802,103,96,353,600,20,414,936,618,638,22,280,446,447,816,73,82,54,85,81,81,61,71,32,60,67,106,48,27,61,45,84,78,81,63,60,70,54,66,24,57,61,53,43,30,64,41
[ 6410.025893] [AOA] Measurement: 0,1627120086.161344,08:55:31:9b:0a:1d,2,1,2,0,128,62,199,184,378,712,975,1011,756,674,30,282,771,488,577,22,128,939,832,523,916,346,622,74,464,874,585,641,6,322,451,100,447,77,84,55,87,85,85,62,72,33,61,67,105,51,27,63,47,85,80,86,65,62,72,55,68,23,57,60,52,38,29,62,40
[ 6410.063874] [AOA] Measurement: 0,1627120086.199324,08:55:31:9b:0a:1d,2,1,2,0,128,13,158,207,340,152,783,55,801,669,1010,759,603,486,542,37,137,397,665,584,905,812,380,482,245,314,301,126,871,308,483,50,350,82,90,60,94,90,91,66,78,35,64,72,112,56,28,68,50,89,86,88,67,65,74,59,69,26,60,63,54,41,31,66,43
[ 6410.108145] [AOA] Measurement: 0,1627120086.243594,08:55:31:9b:0a:1d,2,1,2,0,128,47,202,687,181,705,969,570,966,149,203,224,745,23,743,579,316,971,855,98,118,389,629,998,438,918,587,664,15,359,481,452,659,80,89,61,94,90,88,66,76,35,64,73,112,55,29,68,49,90,85,90,68,64,75,60,71,25,60,64,55,41,30,66,41
[ 6410.152001] [AOA] Measurement: 0,1627120086.287451,08:55:31:9b:0a:1d,2,1,2,0,128,563,0,700,204,201,803,50,822,623,17,239,727,48,803,518,288,430,686,51,85,362,613,442,195,344,402,610,1018,776,271,622,937,74,81,54,84,80,80,60,70,34,61,66,106,50,27,64,46,85,78,81,63,62,71,56,67,25,57,61,54,41,30,65,41
[ 6410.201446] [AOA] Measurement: 0,1627120086.336892,08:55:31:9b:0a:1d,2,1,2,0,128,52,206,222,400,665,964,589,972,619,1022,740,530,483,542,21,184,960,859,77,98,366,631,15,396,924,604,636,22,353,489,218,460,76,83,55,87,83,84,62,73,33,59,66,105,50,27,64,46,87,81,84,65,63,72,57,68,24,57,59,53,39,30,63,41
[ 6410.248353] [AOA] Measurement: 0,1627120086.383804,08:55:31:9b:0a:1d,2,1,2,0,128,536,1010,207,376,685,991,35,816,684,53,286,778,990,705,574,334,990,882,99,101,835,448,38,426,357,368,111,855,796,262,688,1001,76,83,55,85,82,83,63,72,33,60,67,105,49,28,63,47,86,79,82,65,62,72,55,66,25,57,61,53,43,31,65,42
[ 6410.294309] [AOA] Measurement: 0,1627120086.429757,08:55:31:9b:0a:1d,2,1,2,0,128,585,33,711,210,151,790,76,820,191,206,709,525,531,579,563,320,970,838,100,75,852,428,3,414,922,542,130,892,306,404,946,198,82,92,59,93,89,89,65,77,36,63,70,112,55,29,68,50,89,86,91,69,65,76,59,71,24,61,61,53,38,29,65,42
[ 6410.339217] [AOA] Measurement: 0,1627120086.474670,08:55:31:9b:0a:1d,2,1,2,0,128,70,185,214,420,676,987,637,1023,177,204,264,749,1018,731,23,156,983,862,85,72,394,650,1020,404,948,597,106,848,319,444,1019,245,77,83,55,87,84,84,61,72,34,60,67,105,50,26,63,47,86,81,85,64,61,72,56,67,23,56,59,51,38,28,62,40
[ 6410.383431] [AOA] Measurement: 0,1627120086.518882,08:55:31:9b:0a:1d,2,1,2,0,128,45,180,211,390,708,7,575,989,188,224,269,762,8,764,569,298,941,839,87,71,467,704,61,442,906,571,648,24,299,472,665,880,73,77,51,82,78,79,59,68,33,59,65,102,46,28,58,45,80,74,75,63,61,69,53,63,25,55,59,54,45,33,66,42
[ 6410.425525] [AOA] Measurement: 0,1627120086.560971,08:55:31:9b:0a:1d,2,1,2,0,128,37,184,678,160,187,800,66,819,185,195,271,786,7,751,68,140,468,681,94,100,796,411,470,216,901,558,648,1004,358,478,200,466,76,81,55,85,83,79,63,71,33,61,68,106,51,28,62,47,85,80,83,63,62,72,56,67,24,57,61,54,41,29,63,40
[ 6410.469406] [AOA] Measurement: 0,1627120086.604853,08:55:31:9b:0a:1d,2,1,2,0,128,45,170,183,364,659,999,564,983,187,206,283,779,999,673,21,102,928,835,116,111,349,635,64,434,920,599,635,44,336,451,56,372,75,83,56,86,85,83,62,72,33,59,67,105,51,26,64,46,85,80,84,63,61,71,56,65,23,56,58,51,37,28,62,39
[ 6410.512201] [AOA] Measurement: 0,1627120086.647647,08:55:31:9b:0a:1d,2,1,2,0,128,539,1022,670,166,750,1000,631,1010,176,202,274,772,3,753,14,165,998,895,24,77,376,653,19,400,338,377,91,858,795,238,510,847,76,84,54,89,84,86,63,72,32,59,65,107,51,26,65,45,85,79,85,63,60,69,55,67,24,56,57,49,34,27,60,38
[ 6410.561999] [AOA] Measurement: 0,1627120086.697445,08:55:31:9b:0a:1d,2,1,2,0,128,79,208,174,350,686,967,56,804,685,28,287,744,494,576,1021,126,405,649,549,895,839,439,7,395,929,597,616,30,315,479,19,316,77,85,54,86,83,84,60,70,33,59,66,105,51,26,61,45,83,78,82,63,60,69,55,65,23,55,57,49,36,28,59,40
[ 6410.611999] [AOA] Measurement: 0,1627120086.747445,08:55:31:9b:0a:1d,2,1,2,0,128,46,181,173,394,676,959,41,807,642,7,711,539,508,547,634,329,982,868,134,109,410,662,42,442,917,582,642,1006,343,464,402,726,80,90,59,94,87,87,64,76,34,60,67,105,54,25,66,47,86,83,88,62,59,71,55,67,23,58,57,51,33,27,60,37
[ 6410.656796] [AOA] Measurement: 0,1627120086.792249,08:55:31:9b:0a:1d,2,1,2,0,128,4,164,183,390,674,975,593,983,240,265,328,793,21,745,585,368,988,879,112,109,366,667,18,410,883,591,680,40,341,469,110,338,76,84,56,87,84,82,63,73,34,61,67,106,52,27,64,47,85,81,85,65,59,71,55,67,24,56,58,50,34,27,61,39
[ 6410.701000] [AOA] Measurement: 0,1627120086.836452,08:55:31:9b:0a:1d,2,1,2,0,128,54,192,216,390,684,988,670,21,196,219,338,801,44,766,538,317,936,861,111,90,356,620,1009,390,952,627,679,44,315,470,582,735,76,83,56,88,83,84,61,73,31,60,66,105,53,26,65,47,84,82,85,63,59,71,56,67,25,54,58,52,36,28,60,40
[ 6410.744607] [AOA] Measurement: 0,1627120086.880060,08:55:31:9b:0a:1d,2,1,2,0,128,991,133,683,183,142,817,49,791,697,33,280,733,459,545,0,132,337,632,555,907,881,427,494,200,941,587,566,978,844,277,219,611,75,82,54,87,82,82,62,71,34,60,67,105,51,27,63,46,85,79,82,64,63,72,57,69,25,57,60,52,41,30,65,40
[ 6410.788431] [AOA] Measurement: 0,1627120086.923877,08:55:31:9b:0a:1d,2,1,2,0,128,66,194,641,144,163,808,61,795,651,1001,763,553,485,568,16,136,935,862,60,96,405,676,33,422,967,597,686,42,265,437,494,749,74,83,54,87,83,81,60,71,33,58,66,104,49,27,62,45,84,79,84,63,61,69,55,65,24,55,58,52,37,29,61,39
[ 6410.831853] [AOA] Measurement: 0,1627120086.967299,08:55:31:9b:0a:1d,2,1,2,0,128,1023,136,228,408,738,1022,523,950,217,227,319,772,28,773,555,322,925,839,573,976,404,634,2,382,914,625,635,1023,337,437,105,349,78,90,59,93,88,88,65,77,34,61,69,109,55,26,67,49,86,83,88,66,62,73,57,68,23,59,59,52,36,28,62,38
[ 6410.879344] [AOA] Measurement: 0,1627120087.014797,08:55:31:9b:0a:1d,2,1,2,0,128,152,224,232,419,669,987,62,815,235,246,337,805,22,752,561,307,968,867,73,57,378,618,43,447,924,608,653,54,375,494,77,326,75,84,54,86,85,84,62,72,31,58,65,105,51,25,63,45,82,79,83,61,59,69,52,63,22,54,53,46,32,26,58,36
[ 6410.922658] [AOA] Measurement: 0,1627120087.058110,08:55:31:9b:0a:1d,2,1,2,0,128,29,173,687,205,141,793,0,767,678,26,305,770,56,780,570,326,933,843,533,932,406,619,523,238,929,578,686,38,375,444,256,588,76,84,56,89,85,84,62,72,33,60,67,103,52,28,65,47,82,81,84,63,61,70,56,66,23,57,59,52,36,28,62,39
[ 6410.962709] [AOA] Measurement: 0,1627120087.098155,08:55:31:9b:0a:1d,2,1,2,0,128,38,170,214,359,682,959,578,988,156,189,263,736,467,553,47,143,971,866,530,898,412,638,488,207,381,394,665,40,344,486,443,655,75,82,55,86,82,83,60,71,32,60,66,105,50,28,63,47,86,80,83,64,61,71,55,66,25,57,60,54,40,30,64,41
[ 6411.008343] [AOA] Measurement: 0,1627120087.143794,08:55:31:9b:0a:1d,2,1,2,0,128,559,997,683,184,121,791,45,801,646,4,767,592,470,519,998,85,423,667,555,934,805,391,466,210,957,601,615,985,352,447,775,51,75,81,54,86,83,82,63,71,34,59,67,105,50,27,63,46,84,78,82,63,62,72,56,67,24,56,59,52,41,31,64,40
[ 6411.052518] [AOA] Measurement: 0,1627120087.187969,08:55:31:9b:0a:1d,2,1,2,0,128,51,186,203,374,741,1006,553,971,640,1018,324,766,985,714,570,328,421,651,548,904,889,461,420,159,340,385,58,828,797,230,180,421,75,82,56,86,82,83,61,68,34,60,67,106,50,28,63,47,84,80,83,64,61,70,55,67,24,58,60,52,39,30,63,40
[ 6411.102692] [AOA] Measurement: 0,1627120087.238137,08:55:31:9b:0a:1d,2,1,2,0,128,1017,148,217,401,686,1007,55,815,151,188,292,769,30,786,608,386,958,875,87,124,377,622,26,410,921,592,602,989,377,470,457,655,76,83,55,87,83,84,60,70,33,60,67,104,49,26,63,47,82,79,83,62,60,68,54,66,23,55,57,50,36,29,61,40
[ 6411.152279] [AOA] Measurement: 0,1627120087.287725,08:55:31:9b:0a:1d,2,1,2,0,128,36,182,671,160,189,822,52,814,635,1015,765,575,508,569,563,303,975,864,64,52,434,641,431,185,331,347,109,851,785,247,671,994,76,83,54,88,84,82,61,72,34,60,68,106,50,26,63,46,84,77,83,63,61,71,56,66,24,56,61,52,40,30,64,41
[ 6411.196969] [AOA] Measurement: 0,1627120087.332421,08:55:31:9b:0a:1d,2,1,2,0,128,11,161,166,349,177,803,73,809,190,218,305,775,10,714,577,292,949,872,91,99,408,645,21,400,943,612,680,56,371,454,735,962,75,83,55,87,84,84,62,71,33,59,67,105,51,27,63,48,83,80,84,65,62,71,56,67,25,56,61,52,38,30,64,42
[ 6411.239081] [AOA] Measurement: 0,1627120087.374527,08:55:31:9b:0a:1d,2,1,2,0,128,24,215,232,417,726,1002,577,991,226,235,269,724,1,750,470,266,415,670,543,895,909,473,8,409,886,574,622,14,323,463,426,716,74,81,53,85,82,82,60,70,32,59,67,106,50,27,62,46,85,79,82,63,62,69,56,66,23,57,59,50,38,28,63,41
[ 6411.278471] [AOA] Measurement: 0,1627120087.413922,08:55:31:9b:0a:1d,2,1,2,0,128,996,164,180,360,746,998,605,996,149,205,305,789,990,750,583,354,929,823,81,67,365,642,13,439,936,622,615,1016,323,476,594,872,76,83,55,86,84,83,63,71,33,61,67,107,51,27,64,46,84,79,84,63,61,69,55,65,23,56,58,52,36,28,63,40
[ 6411.325399] [AOA] Measurement: 0,1627120087.460845,08:55:31:9b:0a:1d,2,1,2,0,128,23,188,678,163,158,837,588,1002,180,249,299,764,999,665,42,151,970,862,46,50,865,448,34,394,355,388,96,844,314,457,225,492,76,84,56,86,84,83,61,71,31,58,66,106,51,26,63,44,82,79,85,63,62,72,55,66,22,56,58,50,35,27,59,39
[ 6411.375000] [AOA] Measurement: 0,1627120087.510446,08:55:31:9b:0a:1d,2,1,2,0,128,57,162,646,184,164,821,77,829,197,203,312,796,45,786,619,355,990,857,83,93,393,623,4,431,872,553,681,34,337,458,429,648,77,84,55,90,84,85,62,73,32,60,66,104,52,27,64,46,84,82,85,64,60,72,58,67,23,58,57,49,37,27,60,40
[ 6411.424464] [AOA] Measurement: 0,1627120087.559912,08:55:31:9b:0a:1d,2,1,2,0,128,74,214,215,404,722,987,586,987,241,257,282,773,1013,709,16,169,949,826,110,93,366,664,42,419,905,582,624,1022,329,447,595,800,78,85,55,86,82,83,63,71,32,61,66,105,52,26,65,47,85,81,85,63,62,70,56,66,24,58,59,52,36,29,62,38
[ 6411.468294] [AOA] Measurement: 0,1627120087.603745,08:55:31:9b:0a:1d,2,1,2,0,128,33,185,206,393,739,1005,566,987,200,232,290,792,29,736,587,364,994,868,43,54,410,638,80,439,934,615,607,1008,386,459,917,132,78,85,56,87,84,85,63,73,33,61,63,104,52,27,63,45,84,81,85,62,62,71,55,66,23,57,59,50,35,28,60,38
[ 6411.512547] [AOA] Measurement: 0,1627120087.647998,08:55:31:9b:0a:1d,2,1,2,0,128,71,214,695,163,125,759,59,795,623,19,798,585,456,513,19,135,387,659,540,889,913,468,472,196,938,591,603,1018,835,275,896,193,74,82,54,86,84,84,61,72,32,60,66,106,51,26,63,46,83,80,85,63,59,69,54,65,23,55,57,51,36,27,61,39
[ 6411.562008] [AOA] Measurement: 0,1627120087.697430,08:55:31:9b:0a:1d,2,1,2,0,128,487,1013,691,189,164,807,8,778,616,979,863,619,434,516,16,128,941,870,82,131,390,641,989,387,889,557,621,1017,806,284,194,512,71,80,52,81,77,77,58,67,31,57,62,99,48,25,59,44,80,75,78,60,58,67,52,62,22,53,55,47,37,27,57,37
[ 6411.614407] [AOA] Measurement: 0,1627120087.749860,08:55:31:9b:0a:1d,2,1,2,0,128,51,182,195,367,671,979,608,1001,153,154,765,559,460,542,25,156,938,837,100,83,877,453,28,442,880,575,681,52,299,422,405,712,76,85,56,88,83,84,62,72,31,59,67,107,54,25,64,47,85,82,82,63,59,69,55,65,22,56,56,50,36,28,59,37
[ 6411.652752] [AOA] Measurement: 0,1627120087.788202,08:55:31:9b:0a:1d,2,1,2,0,128,527,1011,222,406,720,1004,32,792,650,1016,740,544,458,532,39,149,370,633,592,953,402,667,1004,353,932,576,112,861,334,433,878,217,82,91,61,94,89,90,67,77,35,63,71,113,54,29,66,50,91,86,90,67,66,75,59,71,25,61,61,54,40,30,66,42
[ 6411.697500] [AOA] Measurement: 0,1627120087.832953,08:55:31:9b:0a:1d,2,1,2,0,128,41,182,189,388,730,1009,10,784,688,33,768,569,11,733,529,279,978,858,65,99,329,578,508,226,900,561,649,4,382,497,102,278,76,84,56,89,84,85,62,73,33,60,68,106,52,28,65,48,85,80,86,65,62,73,57,68,25,57,61,53,40,30,64,40
[ 6411.741033] [AOA] Measurement: 0,1627120087.876486,08:55:31:9b:0a:1d,2,1,2,0,128,31,165,702,233,755,1,553,986,674,33,307,770,439,498,567,298,955,856,99,103,394,652,1018,415,913,593,594,1020,352,477,653,896,80,90,58,93,86,88,63,76,34,61,68,109,56,27,66,48,87,83,88,65,62,72,57,68,24,58,59,51,36,28,62,38
[ 6411.779934] [AOA] Measurement: 0,1627120087.915384,08:55:31:9b:0a:1d,2,1,2,0,128,52,173,188,366,691,952,75,829,196,222,271,739,1018,769,541,316,958,854,83,82,368,623,995,409,889,547,84,828,823,270,927,242,82,90,60,94,88,90,65,77,33,60,68,109,54,27,68,49,85,82,87,64,62,73,56,68,23,59,57,50,33,26,60,38
[ 6411.818159] [AOA] Measurement: 0,1627120087.953608,08:55:31:9b:0a:1d,2,1,2,0,128,44,193,254,393,682,974,28,817,178,196,295,753,8,756,24,152,969,859,102,122,335,605,999,383,873,555,689,50,298,449,374,576,78,84,56,87,82,84,62,72,33,57,68,105,51,28,63,46,85,80,83,63,60,70,55,66,23,56,60,53,37,28,61,39
[ 6411.861777] [AOA] Measurement: 0,1627120087.997229,08:55:31:9b:0a:1d,2,1,2,0,128,500,977,244,417,749,1011,612,979,167,189,786,574,497,575,1015,127,941,834,564,943,840,451,74,432,916,601,75,805,852,320,402,675,82,89,59,92,88,90,66,76,34,65,72,112,55,30,68,51,91,84,87,69,66,77,60,70,26,61,65,57,44,32,69,43
[ 6411.911588] [AOA] Measurement: 0,1627120088.047035,08:55:31:9b:0a:1d,2,1,2,0,128,47,193,216,394,691,999,584,988,722,90,252,735,31,744,523,324,958,868,43,78,412,636,1022,410,936,608,629,2,358,465,529,796,80,87,58,92,88,88,66,77,36,64,71,110,54,29,68,50,89,84,88,68,66,75,59,71,25,60,64,56,42,31,67,43
[ 6411.961406] [AOA] Measurement: 0,1627120088.096852,08:55:31:9b:0a:1d,2,1,2,0,128,508,12,713,215,125,758,72,790,706,43,277,750,467,549,65,128,400,668,510,900,426,642,441,186,918,572,104,848,789,261,183,503,75,80,54,85,83,82,61,71,33,61,68,106,49,28,62,46,85,76,83,65,60,72,55,67,24,57,62,54,42,32,65,42
[ 6412.006664] [AOA] Measurement: 0,1627120088.142117,08:55:31:9b:0a:1d,2,1,2,0,128,509,994,681,193,172,823,592,981,253,235,182,692,485,561,64,177,942,834,549,918,858,463,458,160,378,398,644,14,294,433,836,163,75,83,55,86,82,84,62,73,33,60,68,105,50,28,63,47,85,81,83,63,62,70,56,68,24,56,59,51,38,29,63,40
[ 6412.044462] [AOA] Measurement: 0,1627120088.179915,08:55:31:9b:0a:1d,2,1,2,0,128,525,29,208,375,689,995,40,769,684,44,285,782,25,796,552,324,965,840,128,113,382,639,51,429,880,554,603,1011,353,495,185,383,73,80,53,84,80,79,59,69,31,59,67,104,49,27,64,45,84,79,82,63,61,71,55,66,23,57,58,51,37,28,62,38
[ 6412.082742] [AOA] Measurement: 0,1627120088.218195,08:55:31:9b:0a:1d,2,1,2,0,128,54,187,228,404,723,1003,644,1009,173,190,274,738,48,759,599,337,954,837,97,101,347,608,1009,410,910,597,623,19,318,420,59,349,75,80,53,85,81,82,61,70,33,60,67,107,49,28,63,46,83,77,81,62,62,71,55,67,25,58,59,52,42,29,65,41
[ 6412.130468] [AOA] Measurement: 0,1627120088.265915,08:55:31:9b:0a:1d,2,1,2,0,128,80,210,157,383,703,1011,568,2,690,43,284,745,26,773,584,352,938,871,75,116,363,606,1015,398,942,586,648,1019,378,478,479,695,76,83,56,87,84,85,61,70,34,61,67,106,51,27,64,47,86,81,83,65,62,71,56,67,25,57,60,53,39,30,63,40
[ 6412.176199] [AOA] Measurement: 0,1627120088.311652,08:55:31:9b:0a:1d,2,1,2,0,128,569,33,674,178,755,1017,608,37,175,215,294,751,1005,737,556,333,974,871,64,101,349,615,451,191,342,342,34,816,826,281,228,487,76,80,54,85,81,82,62,71,34,60,67,107,49,27,62,46,85,77,83,66,62,71,56,66,24,57,60,53,38,28,63,40
[ 6412.219217] [AOA] Measurement: 0,1627120088.354664,08:55:31:9b:0a:1d,2,1,2,0,128,23,169,286,437,672,980,635,1022,187,196,243,753,1014,754,31,129,934,828,533,898,854,436,42,389,864,556,645,4,352,505,966,229,76,83,55,84,83,82,62,70,32,60,67,105,52,27,64,45,83,78,82,63,61,72,55,66,25,56,59,52,37,28,62,40
[ 6412.261514] [AOA] Measurement: 0,1627120088.396966,08:55:31:9b:0a:1d,2,1,2,0,128,24,185,205,365,703,976,38,770,259,264,244,751,423,475,41,160,938,834,544,924,814,389,486,230,970,618,634,1007,301,421,221,556,79,91,59,92,87,87,66,77,33,60,68,105,54,27,67,47,84,81,85,63,61,71,56,66,22,55,56,50,32,26,57,38
[ 6412.302250] [AOA] Measurement: 0,1627120088.437696,08:55:31:9b:0a:1d,2,1,2,0,128,531,1006,667,172,148,812,54,817,645,8,751,549,522,598,989,96,397,643,520,880,879,439,478,152,387,372,37,797,754,238,973,299,76,81,53,87,80,83,61,71,33,59,67,105,49,28,62,46,85,78,81,66,63,71,55,68,25,58,61,53,40,31,66,40
[ 6412.350077] [AOA] Measurement: 0,1627120088.485531,08:55:31:9b:0a:1d,2,1,2,0,128,502,994,681,168,727,1002,577,981,154,181,770,578,24,765,573,321,947,889,94,100,438,693,1022,404,927,635,546,959,805,282,541,864,75,82,54,84,82,83,63,72,34,60,68,103,51,27,64,47,83,82,83,64,62,70,57,65,23,58,58,52,37,27,62,40
[ 6412.388684] [AOA] Measurement: 0,1627120088.524137,08:55:31:9b:0a:1d,2,1,2,0,128,54,180,652,172,692,983,95,834,190,218,284,770,23,740,569,309,984,887,53,93,359,624,964,371,910,588,118,865,864,297,479,751,76,83,54,87,84,82,62,74,33,59,68,106,50,28,62,48,84,81,84,63,60,72,56,67,24,57,60,53,40,30,63,41
[ 6412.433606] [AOA] Measurement: 0,1627120088.569054,08:55:31:9b:0a:1d,2,1,2,0,128,512,1011,678,215,149,811,545,940,663,23,249,729,19,764,8,122,999,866,64,50,337,602,1007,394,916,565,623,1001,311,441,773,25,75,83,54,87,83,83,61,73,33,60,64,105,52,27,66,46,84,79,83,62,60,70,53,65,22,56,57,52,37,28,60,40
[ 6412.483616] [AOA] Measurement: 0,1627120088.619063,08:55:31:9b:0a:1d,2,1,2,0,128,15,135,688,180,697,979,1022,793,205,223,288,756,3,733,36,119,972,860,79,103,356,618,455,235,871,560,635,10,343,498,133,322,74,82,55,86,82,84,61,73,34,61,68,106,51,27,63,46,84,78,84,64,59,71,55,66,24,56,58,52,36,27,60,39
[ 6412.525646] [AOA] Measurement: 0,1627120088.661093,08:55:31:9b:0a:1d,2,1,2,0,128,67,184,237,424,744,1012,598,992,674,46,234,731,992,715,625,361,397,682,574,945,841,414,557,244,870,571,638,1021,295,416,552,830,82,90,60,94,89,89,65,76,35,64,71,115,55,29,68,50,90,84,89,67,66,76,61,71,27,62,63,57,44,32,68,43
[ 6412.570501] [AOA] Measurement: 0,1627120088.705954,08:55:31:9b:0a:1d,2,1,2,0,128,47,179,679,205,137,794,86,853,166,252,220,731,448,515,49,146,359,648,552,920,853,431,47,427,914,581,86,844,341,454,645,970,76,83,54,87,81,85,63,72,34,62,68,104,51,29,62,46,85,79,80,64,62,72,56,68,26,58,60,54,42,31,66,41
[ 6412.614178] [AOA] Measurement: 0,1627120088.749632,08:55:31:9b:0a:1d,2,1,2,0,128,981,140,707,189,162,763,47,815,627,1014,725,523,501,555,1016,112,420,659,151,143,349,598,36,433,844,578,72,823,834,256,730,20,74,83,53,85,82,82,61,72,33,62,67,105,52,26,64,47,85,78,85,65,62,70,56,67,23,57,61,52,40,29,66,42
[ 6412.659526] [AOA] Measurement: 0,1627120088.794972,08:55:31:9b:0a:1d,2,1,2,0,128,62,204,221,399,675,984,599,1015,172,212,285,769,1011,747,550,308,424,664,573,948,352,614,17,428,906,550,651,11,345,481,212,533,71,77,51,81,78,77,58,68,31,55,61,97,47,25,57,42,78,74,78,60,56,67,52,62,22,54,54,48,36,27,58,36
[ 6412.702931] [AOA] Measurement: 0,1627120088.838377,08:55:31:9b:0a:1d,2,1,2,0,128,560,34,246,395,136,780,41,816,643,1021,724,572,445,543,78,164,967,863,1,31,881,468,416,167,332,367,662,5,835,295,329,604,77,83,55,86,82,83,63,70,33,61,68,105,50,27,63,46,85,77,82,65,61,72,57,67,24,58,58,52,38,29,62,40
[ 6412.752763] [AOA] Measurement: 0,1627120088.888210,08:55:31:9b:0a:1d,2,1,2,0,128,86,190,210,351,789,37,551,947,168,233,287,772,991,722,1020,126,965,853,112,102,420,660,38,438,889,569,705,38,372,491,79,304,75,83,55,86,83,81,62,70,33,59,66,105,50,27,63,46,85,80,83,64,60,71,56,67,23,56,59,52,37,30,63,40
[ 6412.798459] [AOA] Measurement: 0,1627120088.933910,08:55:31:9b:0a:1d,2,1,2,0,128,25,177,239,430,727,1010,583,978,151,206,253,718,1020,714,998,97,426,652,77,79,392,640,21,414,896,574,641,1012,328,432,487,714,79,91,60,95,88,88,64,77,33,64,71,110,57,27,68,49,87,87,88,64,63,73,59,68,23,60,61,53,36,27,62,39
[ 6412.842454] [AOA] Measurement: 0,1627120088.977905,08:55:31:9b:0a:1d,2,1,2,0,128,1022,174,226,435,708,995,533,981,217,228,277,760,424,496,37,145,340,638,94,86,419,650,30,438,888,558,658,33,337,403,995,192,75,86,57,89,84,85,62,72,32,58,65,103,51,24,64,45,83,79,83,60,59,68,54,63,22,54,54,46,30,25,57,37
[ 6412.884983] [AOA] Measurement: 0,1627120089.020429,08:55:31:9b:0a:1d,2,1,2,0,128,1022,148,728,199,688,993,26,790,156,181,342,775,1009,751,982,101,1019,931,83,91,411,643,51,461,886,589,690,67,374,488,838,1021,76,85,57,90,85,85,60,73,32,59,65,103,53,26,64,45,83,79,84,61,58,69,54,65,23,55,55,49,34,25,58,36
[ 6412.939147] [AOA] Measurement: 0,1627120089.074594,08:55:31:9b:0a:1d,2,1,2,0,128,45,184,205,352,718,1000,579,982,169,195,278,764,21,733,574,323,931,839,538,943,344,585,485,209,381,386,86,829,360,462,699,974,75,83,53,87,82,85,61,70,32,60,69,106,52,27,62,46,85,81,84,63,62,71,54,66,23,57,57,50,36,27,61,39
[ 6412.979115] [AOA] Measurement: 0,1627120089.114567,08:55:31:9b:0a:1d,2,1,2,0,128,79,204,205,388,719,995,571,1017,212,213,291,779,943,676,7,137,418,690,562,934,375,653,994,443,291,366,650,25,344,473,983,205,77,83,54,88,83,83,61,73,32,60,66,105,51,27,64,46,84,78,83,61,59,71,54,65,23,56,57,50,36,28,60,39
[ 6413.022992] [AOA] Measurement: 0,1627120089.158442,08:55:31:9b:0a:1d,2,1,2,0,128,57,174,680,174,135,747,33,810,602,6,738,589,478,558,550,298,362,621,569,922,851,425,497,235,325,357,67,842,751,202,49,426,79,90,59,94,88,87,64,76,32,58,67,106,53,26,65,48,83,82,87,62,59,69,55,65,20,57,54,49,31,25,57,37
[ 6413.070803] [AOA] Measurement: 0,1627120089.206250,08:55:31:9b:0a:1d,2,1,2,0,128,32,156,193,360,709,991,568,1003,187,207,709,554,451,552,19,135,401,661,530,867,859,463,585,256,895,554,651,16,350,466,870,112,76,83,54,88,82,83,62,70,34,60,67,105,51,27,64,46,85,80,84,62,59,69,54,66,23,56,57,51,35,29,59,38
[ 6413.109307] [AOA] Measurement: 0,1627120089.244756,08:55:31:9b:0a:1d,2,1,2,0,128,578,21,193,364,720,974,38,802,641,1010,782,588,9,737,561,338,992,852,536,922,823,398,503,250,403,451,637,9,784,248,88,376,77,85,56,88,84,84,63,73,33,60,67,108,52,27,65,47,84,80,84,63,61,71,55,66,23,57,58,51,37,28,61,39
[ 6413.152929] [AOA] Measurement: 0,1627120089.288381,08:55:31:9b:0a:1d,2,1,2,0,128,1019,164,664,179,160,805,33,787,715,39,313,778,47,787,584,334,967,869,74,88,408,619,1021,397,885,568,93,855,317,420,53,380,80,90,59,91,87,87,66,77,35,64,71,112,55,30,68,49,91,86,89,66,64,75,60,70,26,61,63,54,41,31,67,43
[ 6413.200124] [AOA] Measurement: 0,1627120089.335571,08:55:31:9b:0a:1d,2,1,2,0,128,1009,150,721,207,695,996,603,976,650,69,780,537,504,567,3,110,450,718,552,928,378,651,983,388,295,338,635,1014,843,288,70,330,76,83,55,87,84,85,62,71,33,59,68,104,50,28,63,46,83,79,81,64,61,71,56,66,25,58,60,53,39,30,63,40
[ 6413.243369] [AOA] Measurement: 0,1627120089.378817,08:55:31:9b:0a:1d,2,1,2,0,128,71,217,174,339,689,983,609,4,648,43,230,712,494,564,28,132,935,828,575,910,837,431,481,221,324,365,89,850,323,448,342,737,76,83,55,87,84,83,63,73,33,62,67,108,49,26,62,46,85,79,83,64,61,72,56,66,25,57,60,52,40,30,65,40
[ 6413.292580] [AOA] Measurement: 0,1627120089.428027,08:55:31:9b:0a:1d,2,1,2,0,128,33,196,207,402,686,986,593,996,167,211,238,757,1006,716,78,163,947,848,121,131,363,636,1015,428,298,354,79,844,842,258,858,139,82,90,60,94,90,86,66,76,35,62,70,110,55,28,68,49,90,85,87,65,61,74,57,69,24,58,60,52,36,27,61,40
[ 6413.337824] [AOA] Measurement: 0,1627120089.473275,08:55:31:9b:0a:1d,2,1,2,0,128,512,1002,257,417,692,992,566,977,213,230,273,770,0,742,610,361,947,849,70,113,378,650,996,363,898,551,710,60,337,473,830,49,77,84,55,89,86,86,64,73,32,58,66,104,51,27,63,47,84,83,85,64,60,70,56,66,23,58,60,53,38,29,63,41
[ 6413.375771] [AOA] Measurement: 0,1627120089.511223,08:55:31:9b:0a:1d,2,1,2,0,128,69,217,207,368,759,1022,572,955,217,231,276,775,76,767,490,280,975,881,112,123,341,618,31,405,890,557,616,1017,323,498,361,566,74,82,55,87,84,84,62,71,30,59,67,104,52,27,64,46,84,78,85,63,61,71,55,66,23,58,57,51,36,28,60,40
[ 6413.420064] [AOA] Measurement: 0,1627120089.555515,08:55:31:9b:0a:1d,2,1,2,0,128,19,174,190,357,709,998,554,971,185,238,289,726,477,536,48,157,964,847,518,912,847,473,490,234,930,603,626,1004,357,515,525,746,81,92,59,94,90,90,66,75,34,62,70,108,55,27,68,48,88,82,89,66,63,73,57,69,23,58,57,51,34,27,59,39
[ 6413.464022] [AOA] Measurement: 0,1627120089.599472,08:55:31:9b:0a:1d,2,1,2,0,128,80,192,237,396,746,999,550,957,220,233,250,755,7,745,560,339,950,876,82,82,394,619,413,190,932,574,634,1017,320,461,904,56,79,88,60,94,89,88,65,77,33,61,68,108,56,26,66,47,89,86,90,64,62,73,58,69,24,58,60,52,35,27,62,40
[ 6413.507262] [AOA] Measurement: 0,1627120089.642708,08:55:31:9b:0a:1d,2,1,2,0,128,467,1012,235,401,698,982,53,793,687,32,272,755,489,544,1013,102,981,878,567,929,850,438,483,232,877,561,649,1023,314,430,522,812,80,89,59,92,87,88,66,75,34,60,67,106,56,26,67,47,86,84,87,64,62,71,56,68,23,57,56,49,35,26,60,38
[ 6413.551003] [AOA] Measurement: 0,1627120089.686454,08:55:31:9b:0a:1d,2,1,2,0,128,14,177,649,168,186,833,35,817,660,29,273,759,4,753,561,341,987,901,42,96,395,630,20,388,876,564,102,834,347,464,430,719,75,85,55,88,84,84,62,72,32,59,64,104,51,26,63,47,82,78,82,61,59,70,54,65,22,55,57,49,35,27,60,39
[ 6413.588739] [AOA] Measurement: 0,1627120089.724190,08:55:31:9b:0a:1d,2,1,2,0,128,105,224,193,372,732,989,630,1015,190,195,280,750,2,756,1013,134,968,836,131,149,352,611,36,416,871,536,680,52,310,450,250,456,77,86,57,90,84,84,62,73,31,60,67,103,52,26,65,49,85,82,84,62,59,71,56,67,24,56,58,52,36,28,62,40
[ 6413.633680] [AOA] Measurement: 0,1627120089.769129,08:55:31:9b:0a:1d,2,1,2,0,128,496,1001,661,186,198,818,612,974,121,168,812,639,11,737,29,147,948,843,92,90,403,641,1006,393,912,593,643,22,321,432,519,799,79,91,59,91,88,88,64,77,32,60,64,105,55,25,65,46,83,81,84,61,60,66,51,65,22,55,54,46,30,25,54,37
[ 6413.677333] [AOA] Measurement: 0,1627120089.812784,08:55:31:9b:0a:1d,2,1,2,0,128,27,184,254,430,673,992,593,970,641,1018,260,758,461,589,66,181,445,675,73,66,402,655,50,418,876,571,583,1015,345,477,705,981,79,89,59,94,88,87,64,75,33,61,68,107,54,26,65,47,86,81,86,61,60,70,55,67,22,59,57,50,34,27,59,38
[ 6413.721561] [AOA] Measurement: 0,1627120089.857012,08:55:31:9b:0a:1d,2,1,2,0,128,40,172,194,390,707,980,106,858,188,259,336,807,32,764,588,357,915,823,532,911,392,606,19,419,930,636,656,8,309,460,100,335,80,88,59,93,88,89,65,77,35,63,69,110,56,28,68,50,90,85,90,67,63,73,58,69,25,59,63,54,39,30,64,42
[ 6413.759952] [AOA] Measurement: 0,1627120089.895399,08:55:31:9b:0a:1d,2,1,2,0,128,45,197,211,390,677,981,28,777,207,231,269,754,1020,717,546,278,947,841,108,59,448,626,19,440,864,565,674,71,351,490,779,960,81,92,60,94,89,89,67,77,35,64,70,111,56,29,67,50,88,86,90,66,64,73,59,69,24,59,62,55,40,29,64,41
[ 6413.802024] [AOA] Measurement: 0,1627120089.937476,08:55:31:9b:0a:1d,2,1,2,0,128,23,162,171,339,138,782,16,756,641,5,781,583,431,535,3,120,400,697,559,920,857,440,505,237,897,563,53,853,757,265,363,728,80,88,57,93,88,88,65,74,33,63,71,110,54,28,66,49,87,84,88,67,64,74,59,68,25,59,62,54,42,30,66,42
[ 6413.839732] [AOA] Measurement: 0,1627120089.975181,08:55:31:9b:0a:1d,2,1,2,0,128,6,168,258,439,701,992,601,1010,217,241,335,811,36,788,577,360,942,842,109,111,393,653,36,467,894,576,693,39,318,426,242,449,79,90,61,94,89,89,65,77,33,62,70,109,55,27,67,49,89,84,89,66,63,73,57,70,23,61,60,53,35,29,61,39
[ 6413.885263] [AOA] Measurement: 0,1627120090.020714,08:55:31:9b:0a:1d,2,1,2,0,128,34,176,255,435,676,960,557,974,168,218,254,733,1015,745,620,368,982,879,59,56,448,678,40,468,868,559,644,12,340,455,403,563,76,81,55,87,83,82,62,71,32,61,66,105,51,26,64,45,84,79,83,63,62,71,55,67,23,57,59,51,37,30,61,41
[ 6413.928394] [AOA] Measurement: 0,1627120090.063844,08:55:31:9b:0a:1d,2,1,2,0,128,499,979,718,215,150,796,1018,748,629,1019,731,556,508,538,25,135,380,642,571,944,339,581,29,415,918,606,655,1007,809,260,809,94,79,87,58,90,87,86,66,75,34,63,70,111,52,28,66,48,87,84,87,66,62,73,56,71,25,60,62,54,41,29,64,43
[ 6413.974342] [AOA] Measurement: 0,1627120090.109790,08:55:31:9b:0a:1d,2,1,2,0,128,968,163,227,395,723,985,86,821,168,195,253,743,1002,713,622,357,987,864,111,94,429,660,51,437,886,549,654,26,331,447,148,391,79,91,60,93,87,88,64,75,32,58,67,105,55,26,67,47,84,83,87,63,61,69,55,64,22,56,57,48,32,24,56,36
[ 6414.019699] [AOA] Measurement: 0,1627120090.155151,08:55:31:9b:0a:1d,2,1,2,0,128,65,175,653,169,196,820,109,847,163,220,274,792,981,734,597,342,380,669,499,872,830,406,511,234,349,392,661,1017,305,463,640,864,76,85,56,87,85,83,62,73,31,60,65,106,52,26,65,46,84,81,85,63,59,70,55,64,22,56,56,50,35,27,60,38
[ 6414.064091] [AOA] Measurement: 0,1627120090.199545,08:55:31:9b:0a:1d,2,1,2,0,128,565,30,615,219,149,818,83,844,154,165,267,763,1008,757,568,315,422,657,80,87,365,613,1017,418,908,529,664,1022,348,484,745,54,80,89,58,94,89,87,64,76,34,61,69,109,55,27,65,46,85,82,87,63,62,70,55,66,22,57,58,51,34,27,60,39
[ 6414.113650] [AOA] Measurement: 0,1627120090.249098,08:55:31:9b:0a:1d,2,1,2,0,128,38,181,302,426,725,989,602,1001,199,211,253,736,464,531,624,372,977,870,87,65,441,681,991,398,941,612,631,1013,351,464,425,636,76,81,55,86,84,84,61,70,33,61,66,106,49,28,64,47,85,82,85,65,63,72,57,66,25,58,61,52,40,30,63,40
[ 6414.163653] [AOA] Measurement: 0,1627120090.299099,08:55:31:9b:0a:1d,2,1,2,0,128,102,213,171,364,683,969,576,986,152,193,718,532,465,555,7,125,950,860,114,134,355,640,54,423,883,539,631,5,324,446,891,99,73,79,54,85,83,82,61,70,33,61,68,105,49,29,61,46,84,76,79,63,63,70,55,65,25,55,61,53,39,30,63,41
[ 6414.207478] [AOA] Measurement: 0,1627120090.342931,08:55:31:9b:0a:1d,2,1,2,0,128,34,209,194,379,724,995,605,1018,197,225,257,783,42,774,623,372,968,875,18,79,403,638,48,467,902,589,591,980,395,504,392,547,79,90,59,92,89,89,66,76,33,60,69,108,55,26,66,47,87,84,89,65,63,73,57,66,23,59,57,51,34,27,60,39
[ 6414.251297] [AOA] Measurement: 0,1627120090.386750,08:55:31:9b:0a:1d,2,1,2,0,128,70,192,219,376,114,771,30,807,210,200,757,568,456,555,556,296,960,833,530,883,868,427,35,404,897,570,660,47,330,443,331,633,81,92,58,93,89,88,65,75,32,59,66,106,55,26,66,48,84,84,87,62,59,68,54,65,22,54,54,47,30,24,54,36
[ 6414.295106] [AOA] Measurement: 0,1627120090.430559,08:55:31:9b:0a:1d,2,1,2,0,128,538,18,679,175,143,788,75,795,642,1003,312,780,25,758,543,290,415,675,54,58,352,642,473,170,319,342,125,864,297,468,48,284,82,91,61,93,88,90,67,77,34,63,72,110,56,27,66,50,89,84,89,66,63,75,58,69,23,60,60,54,37,28,62,39
[ 6414.338462] [AOA] Measurement: 0,1627120090.473908,08:55:31:9b:0a:1d,2,1,2,0,128,67,176,194,352,686,954,567,978,653,1004,755,552,473,565,40,168,941,840,582,926,408,621,515,250,927,567,71,823,773,267,878,205,75,82,55,87,82,83,61,71,33,60,68,105,50,28,63,47,86,80,82,65,62,70,56,66,24,58,60,54,39,30,63,41
[ 6414.381455] [AOA] Measurement: 0,1627120090.516902,08:55:31:9b:0a:1d,2,1,2,0,128,30,178,703,230,699,961,44,815,679,7,306,785,996,748,535,335,956,854,20,63,399,624,17,426,932,567,66,819,298,461,991,300,75,82,53,87,83,84,60,72,33,60,67,106,50,27,63,46,85,79,83,64,62,70,54,66,25,55,58,53,39,29,61,40
[ 6414.422603] [AOA] Measurement: 0,1627120090.558053,08:55:31:9b:0a:1d,2,1,2,0,128,576,38,201,359,694,949,591,977,677,40,784,582,438,547,537,303,414,672,584,917,854,457,474,193,346,382,97,854,362,493,585,908,78,88,58,91,87,88,63,76,31,55,65,101,54,24,63,45,80,80,85,59,56,65,52,63,21,54,51,45,27,23,52,34
[ 6414.466531] [AOA] Measurement: 0,1627120090.601984,08:55:31:9b:0a:1d,2,1,2,0,128,50,191,249,405,735,1009,588,982,227,252,300,799,72,767,572,329,1023,885,54,74,385,610,1012,415,902,574,698,46,320,438,863,43,78,89,60,94,89,87,64,76,33,59,67,107,54,26,66,47,86,82,88,63,60,72,57,67,22,57,56,50,32,25,57,38
[ 6414.509961] [AOA] Measurement: 0,1627120090.645414,08:55:31:9b:0a:1d,2,1,2,0,128,66,210,188,374,775,1007,576,1011,172,178,288,763,60,739,620,341,967,861,83,76,380,616,1000,393,927,591,639,19,340,451,843,78,76,83,54,87,83,83,62,71,34,62,67,106,50,28,64,47,86,79,83,64,62,72,55,68,26,58,60,53,40,31,64,41
[ 6414.547939] [AOA] Measurement: 0,1627120090.683393,08:55:31:9b:0a:1d,2,1,2,0,128,40,180,211,388,684,1003,60,811,705,60,740,521,513,585,34,134,457,700,80,73,395,640,485,241,970,620,663,26,364,478,914,120,76,83,53,88,82,83,61,70,32,59,66,105,50,27,62,45,83,78,82,62,60,69,54,66,24,55,58,51,37,28,60,37
[ 6414.590439] [AOA] Measurement: 0,1627120090.725891,08:55:31:9b:0a:1d,2,1,2,0,128,42,173,221,389,682,972,21,790,643,32,289,764,484,558,1005,110,444,675,59,98,338,596,1023,385,879,549,95,857,355,505,795,37,75,81,55,86,83,84,61,71,33,61,67,103,49,28,63,46,83,76,82,64,62,71,56,67,24,57,62,52,41,31,66,40
[ 6414.633623] [AOA] Measurement: 0,1627120090.769074,08:55:31:9b:0a:1d,2,1,2,0,128,43,201,216,399,720,1002,597,3,168,218,265,767,18,776,565,319,975,844,59,92,382,626,15,418,962,606,625,17,379,494,93,221,80,90,59,94,87,88,65,78,34,60,67,106,56,26,67,47,84,84,88,63,61,72,56,67,22,57,58,51,33,27,59,39
[ 6414.685758] [AOA] Measurement: 0,1627120090.821209,08:55:31:9b:0a:1d,2,1,2,0,128,29,169,247,393,706,1001,641,1003,203,212,255,734,507,588,22,165,973,880,534,926,381,595,27,386,946,587,615,3,791,273,993,375,72,78,54,84,82,80,61,66,33,60,67,106,48,28,60,45,85,77,79,64,61,70,54,67,25,56,60,53,43,31,64,42
[ 6414.729254] [AOA] Measurement: 0,1627120090.864699,08:55:31:9b:0a:1d,2,1,2,0,128,81,234,178,360,695,996,575,961,226,236,308,786,29,761,569,358,984,869,53,89,373,602,30,400,917,588,624,1004,352,461,428,610,76,82,56,87,84,84,63,71,33,61,67,102,50,27,62,47,84,79,82,65,60,69,55,67,24,57,60,51,40,29,63,42
[ 6414.771873] [AOA] Measurement: 0,1627120090.907320,08:55:31:9b:0a:1d,2,1,2,0,128,993,139,190,403,752,1012,602,1018,218,236,293,771,1010,754,567,314,972,886,529,918,430,633,28,428,889,586,672,55,285,430,233,441,76,83,56,87,85,85,63,73,33,62,68,106,51,27,64,47,85,80,82,63,61,70,55,67,23,57,61,51,41,28,64,39
[ 6414.822235] [AOA] Measurement: 0,1627120090.957682,08:55:31:9b:0a:1d,2,1,2,0,128,554,5,160,317,701,975,40,797,681,47,261,756,452,552,17,118,431,688,546,913,399,631,528,244,927,585,627,26,258,463,337,609,76,83,56,87,84,84,62,70,33,60,64,103,52,27,63,46,83,79,82,63,60,69,54,65,23,57,58,50,36,27,61,37
[ 6414.870498] [AOA] Measurement: 0,1627120091.005949,08:55:31:9b:0a:1d,2,1,2,0,128,48,196,229,406,744,1006,636,993,205,234,275,745,37,762,565,326,971,873,70,105,369,640,5,403,930,609,646,19,357,488,552,726,74,81,56,87,82,82,63,70,33,61,67,105,49,27,63,48,84,80,83,62,61,70,56,67,24,57,60,52,42,30,63,39
[ 6414.909480] [AOA] Measurement: 0,1627120091.044930,08:55:31:9b:0a:1d,2,1,2,0,128,38,161,230,378,172,807,47,802,682,28,236,729,1014,724,554,307,470,760,527,910,406,622,1021,434,960,621,614,13,324,462,894,128,74,83,54,87,81,83,61,72,33,59,67,104,50,26,62,45,83,79,83,62,60,70,55,66,24,55,58,51,37,28,60,38
[ 6414.953360] [AOA] Measurement: 0,1627120091.088811,08:55:31:9b:0a:1d,2,1,2,0,128,41,197,277,433,731,998,557,1010,212,233,228,701,1002,713,17,165,964,861,28,73,352,595,490,192,899,587,649,21,364,481,685,958,76,80,55,86,82,83,60,70,33,60,68,106,51,27,62,46,84,79,83,63,61,71,55,67,23,58,58,52,38,28,61,38
[ 6414.997208] [AOA] Measurement: 0,1627120091.132662,08:55:31:9b:0a:1d,2,1,2,0,128,67,200,127,304,718,994,34,793,660,1020,748,534,497,554,26,123,975,863,47,49,843,406,498,228,900,554,632,21,328,472,880,170,77,81,53,85,82,83,61,70,33,60,67,105,50,28,63,46,86,79,83,65,62,71,54,65,25,56,61,54,41,29,64,42
[ 6415.043412] [AOA] Measurement: 0,1627120091.178865,08:55:31:9b:0a:1d,2,1,2,0,128,54,180,182,352,695,969,583,969,641,27,767,577,448,507,609,341,994,889,34,67,842,437,482,215,885,543,107,862,330,456,688,959,76,81,56,86,85,84,63,71,33,62,67,107,50,28,63,46,86,77,82,62,61,71,55,66,24,57,62,53,41,30,64,40
[ 6415.093142] [AOA] Measurement: 0,1627120091.228589,08:55:31:9b:0a:1d,2,1,2,0,128,120,235,196,411,714,971,587,999,693,69,275,772,456,550,1,106,979,856,85,111,352,656,968,379,908,573,701,29,257,438,750,958,78,92,58,94,89,89,66,77,33,60,67,107,57,26,67,48,85,83,90,64,60,70,56,67,23,57,56,49,32,28,58,38
[ 6415.147344] [AOA] Measurement: 0,1627120091.282797,08:55:31:9b:0a:1d,2,1,2,0,128,996,138,241,394,731,995,577,1005,172,205,293,761,1023,736,551,285,922,834,514,909,404,621,1008,409,944,590,590,22,792,253,44,356,74,79,53,84,82,81,62,71,33,59,65,104,50,27,63,45,83,80,82,64,61,69,56,65,23,57,60,52,40,29,63,41
[ 6415.190410] [AOA] Measurement: 0,1627120091.325856,08:55:31:9b:0a:1d,2,1,2,0,128,480,1013,658,128,163,808,20,800,646,36,233,732,6,752,571,312,952,852,33,40,372,668,29,420,930,577,582,996,316,450,568,938,76,82,56,86,85,83,60,71,32,58,67,104,52,26,63,45,83,78,82,61,59,67,53,63,22,55,55,48,35,26,58,37
[ 6415.232487] [AOA] Measurement: 0,1627120091.367940,08:55:31:9b:0a:1d,2,1,2,0,128,561,0,695,201,79,745,58,770,627,0,742,546,475,542,22,123,429,688,78,91,372,620,431,181,354,362,606,1004,827,298,891,202,77,83,56,87,83,83,62,72,34,60,68,107,51,28,64,46,83,78,82,64,61,71,56,66,23,57,59,52,39,30,62,41
[ 6415.271835] [AOA] Measurement: 0,1627120091.407288,08:55:31:9b:0a:1d,2,1,2,0,128,20,169,224,379,728,1014,577,982,257,278,270,742,27,737,588,357,918,811,92,112,394,661,18,414,939,612,681,15,387,501,749,885,80,88,61,93,87,88,66,76,34,62,71,109,55,27,66,48,89,84,88,66,63,73,58,69,24,59,61,55,37,29,64,40
[ 6415.321956] [AOA] Measurement: 0,1627120091.457402,08:55:31:9b:0a:1d,2,1,2,0,128,530,1019,663,153,180,846,30,803,693,58,292,768,495,577,592,312,977,864,75,115,380,630,29,440,860,564,669,11,317,446,241,535,77,90,59,93,87,87,64,76,33,60,68,108,54,26,66,47,84,81,88,63,60,72,54,66,22,57,56,50,33,26,58,37
[ 6415.369261] [AOA] Measurement: 0,1627120091.504714,08:55:31:9b:0a:1d,2,1,2,0,128,53,188,214,385,699,1009,70,823,648,34,316,793,1011,741,535,337,951,848,550,926,418,653,478,218,893,596,615,998,381,461,171,407,76,81,54,86,83,83,59,70,32,61,68,106,51,28,63,47,85,78,80,64,62,72,57,67,26,58,60,53,42,30,64,42
[ 6415.407352] [AOA] Measurement: 0,1627120091.542805,08:55:31:9b:0a:1d,2,1,2,0,128,481,994,641,132,122,792,63,822,614,1022,294,770,452,540,965,69,418,640,595,904,847,409,516,216,343,342,3,801,793,233,627,974,79,91,60,93,88,87,64,75,32,60,67,105,56,25,65,48,83,83,87,61,59,69,54,67,21,56,54,48,29,23,57,35
[ 6415.453094] [AOA] Measurement: 0,1627120091.588547,08:55:31:9b:0a:1d,2,1,2,0,128,24,179,672,181,111,775,609,1013,194,245,292,776,984,715,13,127,964,840,59,71,366,599,498,220,878,560,83,839,357,453,951,225,80,90,60,93,90,89,65,76,33,60,66,106,56,25,67,48,83,82,86,61,57,68,53,65,21,55,53,48,29,24,56,36
[ 6415.496580] [AOA] Measurement: 0,1627120091.632033,08:55:31:9b:0a:1d,2,1,2,0,128,79,187,203,395,749,994,33,797,164,199,291,777,1015,726,1016,102,934,840,528,873,839,458,22,443,936,610,648,42,329,443,739,960,78,88,59,93,89,88,64,76,33,60,69,110,57,27,66,50,88,84,88,65,63,73,56,67,23,58,57,52,34,26,60,39
[ 6415.534440] [AOA] Measurement: 0,1627120091.669893,08:55:31:9b:0a:1d,2,1,2,0,128,55,189,185,384,695,980,612,4,149,163,754,561,474,532,555,349,979,845,86,98,782,394,553,298,891,593,644,1015,340,451,774,993,74,83,55,88,83,83,60,72,33,60,68,107,51,27,65,46,85,79,83,63,60,71,57,67,25,57,61,53,40,29,63,42
[ 6415.574875] [AOA] Measurement: 0,1627120091.710322,08:55:31:9b:0a:1d,2,1,2,0,128,97,260,163,348,734,1016,561,987,183,206,320,785,7,726,548,295,959,847,125,138,408,644,56,447,946,610,651,21,371,458,423,533,75,80,55,86,83,83,62,71,32,58,67,104,50,27,61,45,85,79,83,62,59,69,54,66,24,56,60,51,41,29,62,42
[ 6415.620361] [AOA] Measurement: 0,1627120091.755813,08:55:31:9b:0a:1d,2,1,2,0,128,17,178,233,417,720,978,576,992,191,206,311,791,10,710,510,316,1,884,34,78,425,673,993,376,883,550,657,22,806,274,556,844,76,84,55,87,83,85,63,72,31,57,64,100,53,25,65,45,82,80,83,61,61,70,53,65,22,57,57,50,32,27,59,37
[ 6415.663878] [AOA] Measurement: 0,1627120091.799332,08:55:31:9b:0a:1d,2,1,2,0,128,106,231,199,358,743,998,556,984,169,205,300,791,436,546,50,181,908,789,569,930,385,640,1010,385,917,567,126,886,358,478,813,68,74,79,53,82,80,81,60,69,33,58,67,103,48,28,61,45,82,76,80,65,61,70,54,65,25,55,60,53,42,31,63,42
[ 6415.707643] [AOA] Measurement: 0,1627120091.843097,08:55:31:9b:0a:1d,2,1,2,0,128,498,1010,189,379,686,949,82,820,219,212,252,731,458,548,9,120,921,839,548,901,941,510,18,417,891,565,78,843,342,474,514,747,76,83,55,88,82,83,61,71,32,58,67,106,52,27,63,48,83,78,84,65,62,71,57,69,24,56,61,54,40,30,63,40
[ 6415.751133] [AOA] Measurement: 0,1627120091.886585,08:55:31:9b:0a:1d,2,1,2,0,128,73,208,240,401,664,955,623,2,155,204,303,791,990,707,579,358,965,856,84,126,405,646,31,426,863,546,607,985,356,475,85,264,75,83,54,85,78,82,61,71,32,60,64,104,51,26,62,46,84,79,84,64,61,69,56,66,23,55,57,51,38,28,61,40
[ 6415.794363] [AOA] Measurement: 0,1627120091.929817,08:55:31:9b:0a:1d,2,1,2,0,128,36,177,204,382,698,984,1018,772,646,38,792,591,951,683,74,141,391,659,567,940,870,435,981,396,281,325,639,15,371,469,3,270,76,84,55,89,84,84,62,72,33,59,66,105,52,26,62,45,85,80,85,64,62,71,56,66,24,57,60,53,39,29,63,40
[ 6415.837814] [AOA] Measurement: 0,1627120091.973267,08:55:31:9b:0a:1d,2,1,2,0,128,509,1020,703,208,201,795,34,790,208,219,267,807,1008,732,563,305,993,885,17,64,413,649,1011,391,867,555,153,881,346,466,532,716,76,82,54,85,83,83,61,71,34,61,68,105,50,28,65,46,85,80,84,66,63,73,56,67,25,58,60,55,41,32,66,41
[ 6415.882947] [AOA] Measurement: 0,1627120092.018393,08:55:31:9b:0a:1d,2,1,2,0,128,23,146,631,162,131,797,61,801,634,1008,760,583,481,579,991,86,382,605,556,925,407,624,1010,379,870,514,667,21,296,481,174,462,75,84,55,87,85,85,63,73,33,60,66,104,50,26,62,45,84,79,83,63,61,70,54,67,24,56,59,52,38,28,63,39
[ 6415.933287] [AOA] Measurement: 0,1627120092.068740,08:55:31:9b:0a:1d,2,1,2,0,128,69,199,673,190,716,1004,625,1011,159,168,280,740,1018,746,533,292,383,647,578,933,861,421,494,226,896,568,658,33,330,489,661,892,75,82,56,87,83,81,62,71,31,59,67,105,52,26,63,46,84,78,83,62,59,68,55,67,22,55,54,49,33,25,59,37
[ 6415.976786] [AOA] Measurement: 0,1627120092.112238,08:55:31:9b:0a:1d,2,1,2,0,128,1023,147,207,381,710,976,609,1004,184,194,350,802,29,777,533,312,410,670,114,107,377,622,1023,415,849,517,668,13,337,477,510,694,76,82,55,85,80,82,61,70,34,60,68,105,50,28,62,47,83,80,82,64,62,71,56,67,24,58,60,55,41,30,65,41
[ 6416.024959] [AOA] Measurement: 0,1627120092.160406,08:55:31:9b:0a:1d,2,1,2,0,128,22,171,209,374,659,943,49,823,721,32,258,773,38,791,558,326,415,689,512,883,377,635,1008,366,376,422,634,14,359,502,800,1018,76,81,52,84,82,81,61,70,33,61,67,104,51,27,64,45,85,79,83,65,63,72,57,66,24,58,60,53,42,29,65,41
[ 6416.067496] [AOA] Measurement: 0,1627120092.202949,08:55:31:9b:0a:1d,2,1,2,0,128,498,997,657,168,181,829,623,983,185,207,316,770,456,524,2,137,369,662,525,936,898,487,465,224,323,388,63,820,832,272,563,859,80,91,60,93,87,89,64,77,33,59,67,106,56,27,66,48,84,83,88,62,60,70,55,68,22,57,56,49,31,25,58,38
[ 6416.109656] [AOA] Measurement: 0,1627120092.245102,08:55:31:9b:0a:1d,2,1,2,0,128,1014,160,166,375,146,784,29,801,679,46,267,779,472,556,1011,109,987,884,80,98,387,603,987,333,355,373,73,792,789,259,51,367,74,80,55,87,80,83,62,70,32,58,66,104,52,26,63,46,84,78,81,62,60,68,54,65,24,55,59,53,38,29,62,39
[ 6416.153397] [AOA] Measurement: 0,1627120092.288850,08:55:31:9b:0a:1d,2,1,2,0,128,74,206,714,191,136,783,613,960,656,33,759,606,479,539,10,122,429,651,592,948,817,443,503,225,347,391,95,848,842,287,867,187,75,84,56,88,85,84,62,72,34,61,67,104,50,26,62,45,83,79,83,62,62,70,55,68,25,57,59,52,39,27,62,40
[ 6416.202760] [AOA] Measurement: 0,1627120092.338206,08:55:31:9b:0a:1d,2,1,2,0,128,38,203,260,361,750,1015,553,999,164,205,728,560,487,574,3,132,956,831,77,106,333,604,463,206,869,565,69,785,787,254,595,929,74,81,54,85,81,83,58,67,32,58,66,103,50,27,63,46,83,80,81,62,59,69,55,66,24,56,59,50,39,28,64,39
[ 6416.252771] [AOA] Measurement: 0,1627120092.388217,08:55:31:9b:0a:1d,2,1,2,0,128,71,202,211,420,698,1002,609,990,633,29,307,785,18,764,567,356,920,809,582,934,378,643,33,402,909,585,649,36,292,462,339,564,76,82,57,88,84,83,62,72,33,58,66,105,49,27,63,46,85,80,83,65,61,71,55,67,24,57,59,52,39,29,62,40
[ 6416.297116] [AOA] Measurement: 0,1627120092.432569,08:55:31:9b:0a:1d,2,1,2,0,128,563,39,681,196,196,853,614,987,188,212,339,795,989,708,567,323,1000,881,72,98,389,617,5,425,898,552,708,54,321,422,770,978,77,84,55,87,83,83,61,72,33,61,66,104,52,26,64,47,84,80,83,61,58,69,56,64,24,57,58,50,37,27,62,39
[ 6416.343115] [AOA] Measurement: 0,1627120092.478561,08:55:31:9b:0a:1d,2,1,2,0,128,475,992,671,178,679,988,572,999,175,197,737,558,42,772,1005,151,460,703,58,92,383,639,508,254,347,398,20,797,829,297,22,312,76,81,55,88,86,84,62,71,32,59,68,105,51,27,64,46,86,79,84,63,61,71,56,67,24,58,59,53,38,29,62,39
[ 6416.392531] [AOA] Measurement: 0,1627120092.527979,08:55:31:9b:0a:1d,2,1,2,0,128,45,192,192,375,675,964,16,774,672,16,242,736,410,528,9,119,414,641,586,925,887,442,15,396,368,372,73,823,800,291,544,866,77,86,57,90,83,84,62,72,31,57,66,102,52,26,64,46,81,81,84,60,57,68,51,64,22,55,54,50,34,26,59,37
[ 6416.442013] [AOA] Measurement: 0,1627120092.577460,08:55:31:9b:0a:1d,2,1,2,0,128,18,195,159,346,705,992,554,946,662,5,733,574,493,551,47,130,387,639,526,911,827,380,476,192,356,412,626,1,338,466,1011,212,75,82,55,87,84,85,62,71,33,61,68,106,50,26,63,47,85,78,83,65,62,71,56,66,24,59,59,53,42,29,65,41
[ 6416.486388] [AOA] Measurement: 0,1627120092.621841,08:55:31:9b:0a:1d,2,1,2,0,128,557,16,182,382,677,1001,577,961,195,205,264,769,493,566,59,183,973,877,2,39,898,439,526,230,940,623,664,26,331,449,830,70,72,78,51,82,78,78,56,65,30,54,61,96,48,23,59,42,76,75,79,57,56,64,51,59,21,52,53,45,29,25,53,35
[ 6416.523943] [AOA] Measurement: 0,1627120092.659398,08:55:31:9b:0a:1d,2,1,2,0,128,43,177,224,394,675,974,3,755,678,9,741,546,523,581,1005,132,978,873,42,79,371,643,456,192,337,365,115,847,814,295,102,460,73,80,53,85,81,81,61,69,33,61,68,106,48,27,61,45,85,79,81,64,62,70,56,66,24,56,60,53,43,29,67,42
[ 6416.564803] [AOA] Measurement: 0,1627120092.700250,08:55:31:9b:0a:1d,2,1,2,0,128,22,156,257,445,689,989,550,969,185,211,344,784,18,761,568,358,986,889,40,59,420,659,45,417,891,542,631,10,372,478,345,555,74,82,54,86,81,83,63,72,33,59,67,103,51,25,64,47,83,80,84,62,59,69,52,64,24,56,57,50,36,26,61,38
[ 6416.611370] [AOA] Measurement: 0,1627120092.746815,08:55:31:9b:0a:1d,2,1,2,0,128,13,190,246,425,690,981,601,1010,123,154,288,772,1016,750,555,302,989,890,75,74,397,642,21,414,903,566,659,26,292,418,327,619,73,80,52,85,80,80,59,68,33,60,67,105,48,27,60,46,83,78,79,62,60,70,54,66,25,56,61,53,45,30,65,41
[ 6416.653992] [AOA] Measurement: 0,1627120092.789445,08:55:31:9b:0a:1d,2,1,2,0,128,49,168,234,410,712,1008,617,19,212,228,329,775,65,741,547,326,977,889,121,129,340,646,49,450,886,551,607,1004,334,436,553,663,82,90,58,92,89,89,65,78,35,63,69,109,55,28,67,49,87,84,89,66,63,75,58,70,24,59,59,53,35,28,62,41
[ 6416.697380] [AOA] Measurement: 0,1627120092.832832,08:55:31:9b:0a:1d,2,1,2,0,128,95,223,189,372,655,968,613,1005,641,1018,735,543,505,574,28,113,968,860,55,69,380,635,1006,388,876,512,82,824,848,277,479,740,77,83,55,85,83,84,61,73,35,60,67,106,52,26,63,46,83,78,82,62,60,70,53,65,23,56,59,51,37,29,60,38
[ 6416.740686] [AOA] Measurement: 0,1627120092.876134,08:55:31:9b:0a:1d,2,1,2,0,128,53,176,272,440,635,939,536,959,677,15,257,757,52,799,577,389,948,863,101,96,342,583,477,215,383,404,659,1007,778,264,213,628,75,83,55,87,83,83,61,72,32,60,65,105,51,27,62,46,83,78,83,61,59,68,53,65,23,56,59,50,35,28,59,37
[ 6416.784184] [AOA] Measurement: 0,1627120092.919637,08:55:31:9b:0a:1d,2,1,2,0,128,104,250,171,366,777,1014,606,986,191,208,248,754,1010,725,534,282,989,843,581,942,432,645,8,461,876,587,673,37,344,490,233,429,76,86,55,89,85,83,62,72,32,59,65,105,52,25,63,47,84,81,83,64,59,69,55,65,22,56,55,50,35,26,61,40
[ 6416.827349] [AOA] Measurement: 0,1627120092.962799,08:55:31:9b:0a:1d,2,1,2,0,128,13,168,226,380,690,956,54,828,655,13,267,772,10,717,5,118,427,672,524,882,907,469,1003,387,920,587,630,5,315,464,885,99,75,83,55,86,81,83,61,69,33,59,67,107,51,26,62,45,84,78,81,63,62,69,56,67,25,57,60,53,41,30,63,41
[ 6416.870590] [AOA] Measurement: 0,1627120093.006040,08:55:31:9b:0a:1d,2,1,2,0,128,79,231,225,388,136,782,33,795,646,29,285,755,1011,740,43,140,941,842,58,108,354,588,2,379,909,558,635,1001,314,450,774,9,75,85,56,87,84,84,63,73,33,59,67,105,51,27,64,47,85,79,84,63,61,71,55,68,23,56,59,52,39,29,62,39
[ 6416.910719] [AOA] Measurement: 0,1627120093.046165,08:55:31:9b:0a:1d,2,1,2,0,128,46,160,664,187,731,983,610,1007,161,205,736,510,500,555,599,325,912,862,595,925,389,649,15,391,897,561,683,6,807,292,40,450,77,91,59,92,87,87,64,76,32,60,69,109,56,26,67,49,87,85,88,65,63,73,58,69,23,59,60,52,35,28,62,40
[ 6416.952840] [AOA] Measurement: 0,1627120093.088286,08:55:31:9b:0a:1d,2,1,2,0,128,74,217,264,423,742,1014,591,994,180,196,302,787,23,775,544,319,970,887,67,107,364,633,971,395,933,600,691,51,272,444,844,73,81,90,61,96,90,91,66,77,34,62,70,111,55,27,68,50,89,86,88,68,65,73,60,69,24,60,60,54,39,29,64,42
[ 6416.998093] [AOA] Measurement: 0,1627120093.133541,08:55:31:9b:0a:1d,2,1,2,0,128,1015,131,682,201,148,773,50,780,181,211,287,741,452,522,41,144,405,664,574,926,420,651,26,405,914,601,585,998,790,250,61,322,76,85,56,88,84,85,62,72,32,61,66,104,50,25,62,46,83,79,83,63,59,69,53,65,23,55,56,50,33,25,58,37
[ 6417.035996] [AOA] Measurement: 0,1627120093.171449,08:55:31:9b:0a:1d,2,1,2,0,128,550,7,244,416,686,985,590,1020,134,201,265,745,499,536,31,135,962,853,80,59,799,438,35,412,893,553,626,1011,781,233,263,564,82,91,60,93,88,89,65,76,34,62,69,109,55,27,66,48,87,83,89,64,62,70,58,68,23,57,57,50,33,27,59,37
[ 6417.073861] [AOA] Measurement: 0,1627120093.209312,08:55:31:9b:0a:1d,2,1,2,0,128,49,199,687,204,696,1010,611,1009,180,193,757,575,499,556,1014,128,427,645,510,925,346,591,11,397,890,561,629,1009,360,482,509,728,77,85,56,86,82,83,62,73,33,61,66,105,51,26,62,46,84,80,85,65,61,72,55,65,23,56,57,51,35,28,59,38
[ 6417.117280] [AOA] Measurement: 0,1627120093.252733,08:55:31:9b:0a:1d,2,1,2,0,128,50,202,251,417,693,971,592,1003,631,12,775,576,459,512,573,333,379,631,609,956,836,421,40,473,914,563,44,812,847,298,577,859,76,83,55,88,81,83,63,71,32,60,68,107,51,27,65,46,84,78,82,62,60,70,54,65,24,56,60,52,39,30,63,39
[ 6417.164114] [AOA] Measurement: 0,1627120093.299560,08:55:31:9b:0a:1d,2,1,2,0,128,47,186,168,346,649,974,617,1015,219,223,317,780,1014,743,15,126,386,666,577,950,391,612,5,395,900,564,625,27,294,403,482,777,75,80,54,85,80,82,62,70,33,59,66,104,48,27,62,47,83,77,82,65,62,72,57,67,24,58,58,52,39,28,63,41
[ 6417.208784] [AOA] Measurement: 0,1627120093.344237,08:55:31:9b:0a:1d,2,1,2,0,128,80,217,192,338,713,1010,570,986,173,214,279,759,991,734,600,325,1003,881,70,80,422,651,27,400,916,564,85,844,292,457,656,908,75,80,53,84,82,83,60,70,33,61,68,105,49,28,61,46,85,77,81,64,62,71,55,66,25,58,60,53,42,32,66,43
[ 6417.252169] [AOA] Measurement: 0,1627120093.387620,08:55:31:9b:0a:1d,2,1,2,0,128,74,190,680,175,135,798,40,792,621,1022,281,774,997,754,554,317,941,836,72,65,391,652,2,443,908,539,651,35,775,246,401,783,75,81,53,85,82,83,61,70,33,57,66,103,50,28,63,45,83,78,84,62,60,70,54,65,24,56,59,51,39,29,62,40
[ 6417.301940] [AOA] Measurement: 0,1627120093.437386,08:55:31:9b:0a:1d,2,1,2,0,128,28,202,225,400,684,988,559,966,211,201,295,779,443,523,1020,89,381,652,550,913,858,433,502,210,371,405,655,3,299,447,635,904,80,88,57,92,87,89,66,77,35,64,70,110,56,28,67,49,86,83,89,66,64,73,57,70,25,60,61,54,39,30,64,42
[ 6417.349065] [AOA] Measurement: 0,1627120093.484519,08:55:31:9b:0a:1d,2,1,2,0,128,533,977,708,192,684,977,24,797,172,206,275,741,480,568,990,68,419,684,538,933,848,380,1010,401,353,342,118,836,826,317,184,527,76,84,56,89,82,84,62,75,34,61,67,105,51,27,64,46,82,81,84,63,60,69,55,66,24,57,59,50,37,28,61,38
[ 6417.387338] [AOA] Measurement: 0,1627120093.522791,08:55:31:9b:0a:1d,2,1,2,0,128,62,198,149,353,747,1017,649,15,135,178,287,787,1012,752,556,310,946,868,87,104,358,599,47,411,927,575,684,44,389,495,971,163,74,83,55,88,80,85,62,73,34,61,68,105,50,26,64,46,84,81,84,64,62,71,56,67,23,57,60,53,39,29,64,41
[ 6417.432917] [AOA] Measurement: 0,1627120093.568363,08:55:31:9b:0a:1d,2,1,2,0,128,53,215,209,394,717,995,618,1003,171,232,269,819,18,738,588,324,970,871,31,68,473,711,60,455,925,608,653,20,356,473,803,911,75,84,55,88,84,84,62,73,34,59,67,107,53,28,64,48,86,81,84,64,61,69,56,67,25,57,59,54,39,28,60,39
[ 6417.478385] [AOA] Measurement: 0,1627120093.613835,08:55:31:9b:0a:1d,2,1,2,0,128,18,183,638,171,724,998,55,825,692,8,303,807,68,805,575,346,955,845,104,108,381,619,31,420,920,579,665,14,315,446,818,44,79,89,59,94,88,88,65,76,33,61,68,108,56,26,66,48,85,83,89,63,61,73,57,68,23,58,58,50,31,26,59,37
[ 6417.524919] [AOA] Measurement: 0,1627120093.660367,08:55:31:9b:0a:1d,2,1,2,0,128,25,182,653,135,160,813,32,810,592,9,721,559,446,556,951,86,377,661,561,931,847,404,515,272,960,621,607,1,319,459,864,137,78,89,59,93,87,88,65,78,35,63,69,111,54,28,67,50,88,85,89,66,64,73,58,69,24,59,61,51,38,28,61,39
[ 6417.573851] [AOA] Measurement: 0,1627120093.709297,08:55:31:9b:0a:1d,2,1,2,0,128,33,180,221,391,693,960,615,991,232,252,287,791,27,765,587,330,979,858,502,898,816,418,509,241,911,578,630,22,368,483,64,333,75,83,56,88,83,84,62,70,32,58,66,105,49,27,62,46,85,78,84,63,61,70,54,65,22,56,57,52,38,28,63,40
[ 6417.627255] [AOA] Measurement: 0,1627120093.762709,08:55:31:9b:0a:1d,2,1,2,0,128,80,225,272,439,763,16,571,988,227,232,309,774,19,760,589,353,957,887,52,90,362,652,5,435,917,591,688,52,365,488,20,150,76,83,56,89,83,84,63,71,33,59,64,106,52,27,64,48,86,80,83,63,61,71,57,67,24,57,58,51,36,29,60,38
[ 6417.670657] [AOA] Measurement: 0,1627120093.806110,08:55:31:9b:0a:1d,2,1,2,0,128,54,195,273,415,733,1015,607,1016,185,190,300,749,490,569,68,194,977,873,36,61,421,688,999,398,874,562,620,21,368,503,336,517,77,85,55,87,83,84,62,70,31,60,67,105,51,25,64,48,85,82,84,63,59,71,55,65,24,56,59,52,37,29,64,40
[ 6417.714268] [AOA] Measurement: 0,1627120093.849718,08:55:31:9b:0a:1d,2,1,2,0,128,487,1006,650,162,221,852,82,808,192,204,288,753,461,528,27,131,956,861,75,85,441,677,35,471,847,533,643,20,279,435,854,170,77,84,53,86,81,82,62,71,33,61,68,106,51,27,63,46,85,79,82,64,60,70,55,66,25,57,59,51,38,30,62,40
[ 6417.757608] [AOA] Measurement: 0,1627120093.893059,08:55:31:9b:0a:1d,2,1,2,0,128,44,214,597,120,155,836,560,1006,192,219,311,758,1015,736,993,97,387,630,63,74,361,603,465,202,298,332,58,822,369,477,713,892,73,81,53,84,82,80,60,71,35,60,67,104,50,27,61,46,82,78,80,65,62,73,55,66,26,57,62,54,46,32,68,43
[ 6417.801093] [AOA] Measurement: 0,1627120093.936546,08:55:31:9b:0a:1d,2,1,2,0,128,96,185,229,409,734,967,570,970,176,201,264,728,496,585,596,358,925,839,84,108,393,661,985,394,903,568,633,6,354,503,857,44,75,84,55,88,81,83,62,72,33,60,67,106,51,28,62,46,85,80,84,64,61,72,57,67,25,57,61,54,39,30,63,40
[ 6417.844849] [AOA] Measurement: 0,1627120093.980302,08:55:31:9b:0a:1d,2,1,2,0,128,85,201,213,390,744,982,598,976,216,225,293,728,481,520,560,338,982,882,76,85,368,606,31,424,879,571,618,23,372,460,867,30,75,83,56,88,83,84,63,72,32,59,66,103,51,25,63,45,83,79,83,64,60,69,55,64,21,55,58,52,37,27,60,40
[ 6417.887926] [AOA] Measurement: 0,1627120094.023380,08:55:31:9b:0a:1d,2,1,2,0,128,56,178,670,170,147,811,72,808,229,226,280,746,427,535,29,121,977,864,16,48,383,611,500,237,317,373,106,859,316,474,819,30,81,91,61,94,88,88,66,77,34,63,70,108,55,27,69,49,89,86,90,66,61,73,59,68,23,58,60,50,36,29,63,40
[ 6417.930633] [AOA] Measurement: 0,1627120094.066080,08:55:31:9b:0a:1d,2,1,2,0,128,17,114,650,171,174,814,12,793,676,51,772,585,487,554,610,351,922,831,551,916,880,434,494,238,916,597,636,9,314,406,540,854,81,89,59,94,91,88,64,77,34,62,71,112,55,28,68,49,89,85,88,67,63,74,57,70,25,60,61,53,39,29,66,41
[ 6417.973317] [AOA] Measurement: 0,1627120094.108764,08:55:31:9b:0a:1d,2,1,2,0,128,531,999,233,403,702,975,615,983,167,187,253,752,482,552,0,143,437,689,117,107,355,630,475,239,949,617,636,13,820,275,669,932,76,84,55,85,82,83,62,70,33,61,67,106,52,27,63,47,84,79,84,63,59,70,55,66,23,57,59,52,39,28,63,39
[ 6418.023528] [AOA] Measurement: 0,1627120094.158977,08:55:31:9b:0a:1d,2,1,2,0,128,41,166,685,187,702,1007,600,984,619,1012,725,534,508,558,30,152,949,849,93,79,343,617,485,201,381,373,99,863,320,464,188,371,74,83,55,87,83,84,62,72,33,60,67,103,51,27,64,47,84,81,84,64,61,71,55,67,25,56,59,52,38,29,63,39
[ 6418.066083] [AOA] Measurement: 0,1627120094.201529,08:55:31:9b:0a:1d,2,1,2,0,128,997,148,181,373,712,995,618,998,160,223,228,743,493,596,573,311,998,880,74,77,391,626,473,211,893,573,88,870,823,310,251,545,81,89,61,93,88,87,66,77,35,63,71,111,56,27,68,49,87,83,89,66,62,74,58,68,23,59,59,52,35,27,61,40
[ 6418.105828] [AOA] Measurement: 0,1627120094.241281,08:55:31:9b:0a:1d,2,1,2,0,128,545,1005,677,194,143,772,49,782,169,193,768,615,470,554,18,115,398,709,537,920,445,678,998,382,275,318,111,868,788,258,341,768,77,84,54,85,82,84,63,71,34,62,69,107,50,28,62,46,84,80,83,64,62,73,56,67,24,57,60,54,41,31,64,40
[ 6418.148786] [AOA] Measurement: 0,1627120094.284239,08:55:31:9b:0a:1d,2,1,2,0,128,547,1016,193,353,701,983,622,997,195,265,304,791,32,755,568,312,992,905,55,78,385,619,504,228,964,611,640,25,336,449,653,872,79,88,59,92,88,87,67,75,33,63,70,111,55,26,66,50,87,84,89,66,63,74,57,70,24,60,60,52,41,29,66,42
[ 6418.192380] [AOA] Measurement: 0,1627120094.327831,08:55:31:9b:0a:1d,2,1,2,0,128,18,212,230,404,685,1008,592,997,154,180,277,774,1,764,549,300,958,840,592,945,401,629,1007,403,888,566,581,1021,341,472,76,372,76,84,53,88,83,81,59,70,32,59,66,104,50,25,63,46,84,79,82,60,57,68,53,65,22,55,55,49,33,25,58,38
[ 6418.236702] [AOA] Measurement: 0,1627120094.372155,08:55:31:9b:0a:1d,2,1,2,0,128,519,11,647,203,194,836,59,780,621,992,760,577,496,559,14,132,936,814,522,894,892,461,54,454,905,608,587,21,774,251,991,236,80,91,59,94,88,88,65,77,34,63,70,111,54,28,67,50,87,84,89,67,63,73,58,69,25,61,61,54,40,29,65,42
[ 6418.278867] [AOA] Measurement: 0,1627120094.414315,08:55:31:9b:0a:1d,2,1,2,0,128,60,204,192,378,736,1002,22,792,659,43,323,786,30,756,596,327,983,860,51,59,383,660,87,453,983,647,602,18,355,473,88,312,78,91,58,92,88,87,63,74,32,58,67,104,54,24,64,46,83,81,85,59,58,66,53,63,20,55,54,47,28,23,54,36
[ 6418.320270] [AOA] Measurement: 0,1627120094.455721,08:55:31:9b:0a:1d,2,1,2,0,128,64,191,259,440,708,1007,657,1012,183,232,241,751,1020,711,613,363,919,846,90,127,427,670,38,442,854,519,636,10,357,471,82,290,82,90,62,95,90,91,67,78,35,62,70,110,55,26,68,50,87,85,88,65,63,72,56,69,24,59,60,53,36,28,61,41
[ 6418.363706] [AOA] Measurement: 0,1627120094.499159,08:55:31:9b:0a:1d,2,1,2,0,128,64,217,198,420,758,1020,623,13,143,165,230,736,496,568,1009,111,956,819,104,96,817,404,476,211,917,578,689,43,378,461,463,644,75,83,54,86,83,82,61,70,33,61,68,106,49,28,61,48,85,79,83,65,62,71,56,67,25,58,58,53,40,30,64,41
[ 6418.401772] [AOA] Measurement: 0,1627120094.537225,08:55:31:9b:0a:1d,2,1,2,0,128,20,155,275,412,733,5,590,992,145,183,745,586,470,543,36,134,969,871,149,92,351,585,8,388,908,568,647,4,822,272,383,719,75,84,55,89,85,84,63,72,31,60,65,106,53,25,64,47,83,79,83,61,59,70,54,65,22,56,56,50,34,27,59,37
[ 6418.442567] [AOA] Measurement: 0,1627120094.578013,08:55:31:9b:0a:1d,2,1,2,0,128,554,30,698,190,171,813,588,981,194,216,240,720,20,742,527,313,406,648,547,913,444,679,997,367,400,399,89,838,808,258,936,153,80,87,60,91,89,89,67,76,35,63,71,109,55,28,66,48,89,84,88,68,64,75,59,69,25,60,61,53,41,29,65,42
[ 6418.486785] [AOA] Measurement: 0,1627120094.622238,08:55:31:9b:0a:1d,2,1,2,0,128,34,170,131,320,125,791,39,798,659,0,721,551,532,603,996,103,392,635,548,928,890,487,3,386,908,574,578,996,782,257,541,845,80,91,59,95,89,88,67,76,33,62,69,108,54,27,68,48,89,84,87,66,63,74,57,69,23,57,59,52,37,28,63,40
[ 6418.528367] [AOA] Measurement: 0,1627120094.663814,08:55:31:9b:0a:1d,2,1,2,0,128,56,207,257,390,768,1020,613,999,211,248,287,785,74,770,488,288,943,829,79,64,895,455,1009,403,941,606,87,861,333,453,823,70,80,89,58,90,89,89,66,76,34,63,71,110,52,29,67,49,90,85,87,68,65,74,59,70,25,59,64,54,41,32,66,42
[ 6418.572104] [AOA] Measurement: 0,1627120094.707557,08:55:31:9b:0a:1d,2,1,2,0,128,73,172,254,392,704,983,46,794,133,190,296,772,489,569,60,158,963,865,462,858,839,437,464,204,929,600,620,14,370,458,939,171,82,89,59,95,88,88,66,76,35,63,70,112,54,28,67,49,90,83,89,68,66,76,59,72,25,59,63,55,41,31,67,42
[ 6418.620930] [AOA] Measurement: 0,1627120094.756382,08:55:31:9b:0a:1d,2,1,2,0,128,4,154,718,209,731,995,16,772,156,202,289,751,27,777,528,291,986,860,73,43,901,450,1022,392,899,578,115,858,378,499,819,96,76,85,56,88,82,83,62,73,32,59,66,107,51,27,64,46,83,79,84,64,62,70,54,66,22,55,58,49,36,27,61,40
[ 6418.659325] [AOA] Measurement: 0,1627120094.794776,08:55:31:9b:0a:1d,2,1,2,0,128,110,216,207,395,728,972,593,980,185,208,275,765,993,727,567,338,1009,873,91,70,423,678,1022,391,948,584,659,9,341,428,899,151,79,88,58,92,88,89,67,76,36,65,72,111,54,30,68,50,91,82,88,67,67,74,60,70,27,60,64,57,44,33,68,44
[ 6418.702978] [AOA] Measurement: 0,1627120094.838424,08:55:31:9b:0a:1d,2,1,2,0,128,28,177,189,355,656,975,577,983,627,1009,782,585,471,561,11,119,995,881,545,916,383,676,1009,381,851,534,703,45,328,492,928,159,78,89,60,94,89,88,66,75,34,64,69,111,55,27,66,49,88,84,88,66,62,72,59,69,24,59,60,53,38,27,63,40
[ 6418.753605] [AOA] Measurement: 0,1627120094.889052,08:55:31:9b:0a:1d,2,1,2,0,128,554,1019,204,383,705,1000,612,1011,196,226,262,745,437,557,51,145,902,842,527,890,842,405,479,195,364,384,659,1001,321,455,883,120,73,77,52,80,78,79,59,67,32,59,64,102,46,29,59,44,80,75,78,64,62,70,53,64,24,54,62,53,45,32,67,41
[ 6418.792688] [AOA] Measurement: 0,1627120094.928140,08:55:31:9b:0a:1d,2,1,2,0,128,533,1023,698,185,157,792,34,775,618,1004,830,585,444,545,5,123,414,632,579,916,843,424,444,149,375,356,112,833,730,206,954,256,76,85,56,88,85,84,62,71,32,59,67,106,52,27,64,46,85,80,84,63,59,70,54,66,24,55,58,49,37,29,61,38
[ 6418.836527] [AOA] Measurement: 0,1627120094.971980,08:55:31:9b:0a:1d,2,1,2,0,128,43,201,223,402,700,1022,607,1004,173,207,309,764,998,710,9,159,964,871,65,92,370,626,516,250,860,548,655,9,361,510,440,644,81,90,60,93,89,88,65,75,33,62,68,108,54,27,67,48,85,83,89,63,60,70,55,67,21,57,57,50,32,25,58,37
[ 6418.874711] [AOA] Measurement: 0,1627120095.010163,08:55:31:9b:0a:1d,2,1,2,0,128,1007,156,273,433,685,978,621,8,137,214,277,766,1005,725,559,314,975,870,68,55,419,672,990,398,905,573,606,1002,310,468,215,537,80,91,59,95,89,90,67,77,34,61,66,107,55,27,65,47,83,82,87,62,60,70,57,65,21,57,55,49,31,25,57,36
[ 6418.913154] [AOA] Measurement: 0,1627120095.048606,08:55:31:9b:0a:1d,2,1,2,0,128,56,186,211,387,708,978,649,1007,232,267,339,777,27,777,553,334,944,847,93,79,359,602,23,406,902,604,663,7,369,477,431,668,79,90,59,91,89,87,64,75,31,58,67,105,54,26,66,47,86,83,88,64,60,70,56,67,22,58,55,49,32,27,57,35
[ 6418.960600] [AOA] Measurement: 0,1627120095.096045,08:55:31:9b:0a:1d,2,1,2,0,128,35,180,244,400,656,1007,572,972,222,226,316,802,1011,766,541,291,383,674,564,914,894,448,492,226,866,572,664,32,321,433,515,801,81,88,58,92,89,89,66,76,34,63,70,111,56,28,68,49,89,84,88,66,64,75,58,70,24,60,60,54,37,29,63,41
[ 6419.005300] [AOA] Measurement: 0,1627120095.140752,08:55:31:9b:0a:1d,2,1,2,0,128,51,186,254,420,718,989,601,1000,193,220,323,788,982,720,623,367,1011,900,47,102,382,614,21,429,860,571,625,13,447,517,971,128,75,82,53,86,82,82,61,70,33,60,67,106,50,28,63,46,83,78,82,64,62,72,56,67,25,58,60,53,42,30,64,41
[ 6419.056080] [AOA] Measurement: 0,1627120095.191534,08:55:31:9b:0a:1d,2,1,2,0,128,508,1019,733,215,699,986,32,798,655,43,762,588,458,541,999,114,418,701,532,922,876,430,487,214,933,574,633,1017,299,454,691,960,75,83,55,88,83,83,62,71,34,59,69,108,53,27,63,47,87,79,84,63,62,71,55,67,24,58,60,52,39,29,63,41
[ 6419.099577] [AOA] Measurement: 0,1627120095.235030,08:55:31:9b:0a:1d,2,1,2,0,128,33,189,187,370,164,802,53,810,157,193,756,567,492,579,565,331,956,847,519,911,402,668,471,250,913,588,602,1003,790,269,970,322,80,87,58,91,89,87,66,76,34,64,70,111,53,30,66,50,90,84,87,67,66,75,58,70,27,60,62,56,42,31,68,43
[ 6419.139422] [AOA] Measurement: 0,1627120095.274868,08:55:31:9b:0a:1d,2,1,2,0,128,51,192,211,401,705,996,594,1013,211,225,246,726,9,737,571,311,982,866,534,899,377,610,35,412,377,402,663,19,324,451,597,900,75,84,56,89,85,84,62,72,32,59,66,106,53,26,62,46,83,79,85,62,59,70,53,64,22,56,57,50,35,26,59,37
[ 6419.186308] [AOA] Measurement: 0,1627120095.321761,08:55:31:9b:0a:1d,2,1,2,0,128,26,181,239,407,672,961,583,963,678,34,774,591,475,564,21,139,979,812,66,90,349,595,21,417,894,599,639,1023,329,461,187,450,75,81,55,85,83,82,60,71,33,59,66,106,49,27,64,45,85,78,80,64,61,71,54,65,24,57,61,53,42,31,64,43
[ 6419.228976] [AOA] Measurement: 0,1627120095.364429,08:55:31:9b:0a:1d,2,1,2,0,128,505,991,671,191,723,980,18,771,681,2,766,560,514,548,28,120,18,883,67,59,364,625,29,386,903,570,630,10,313,428,599,904,81,92,60,92,88,89,65,76,34,62,70,110,55,28,68,47,86,84,89,66,63,73,58,70,24,59,60,53,34,27,61,38
[ 6419.274315] [AOA] Measurement: 0,1627120095.409769,08:55:31:9b:0a:1d,2,1,2,0,128,64,210,255,448,671,971,592,0,184,238,262,759,34,728,589,347,910,824,535,917,382,615,49,424,951,620,617,38,295,470,909,93,79,87,60,92,87,87,65,77,34,63,71,110,55,28,67,49,89,84,88,67,64,73,57,69,24,61,62,55,40,30,64,40
[ 6419.312668] [AOA] Measurement: 0,1627120095.448119,08:55:31:9b:0a:1d,2,1,2,0,128,80,178,639,180,126,795,59,813,680,25,784,595,11,740,577,349,918,824,584,925,859,428,478,184,345,406,65,833,313,467,458,732,82,90,60,93,89,89,67,77,34,63,72,111,54,28,67,50,88,82,87,67,63,74,58,71,25,59,61,53,37,30,63,41
[ 6419.360370] [AOA] Measurement: 0,1627120095.495816,08:55:31:9b:0a:1d,2,1,2,0,128,74,209,225,383,678,986,603,1010,162,182,751,567,494,555,1001,130,938,826,87,89,365,599,37,394,910,543,90,825,363,467,86,343,80,90,59,94,89,91,67,77,34,63,69,111,54,29,66,50,89,84,88,69,65,76,58,70,25,59,62,55,42,31,66,43
[ 6419.403884] [AOA] Measurement: 0,1627120095.539337,08:55:31:9b:0a:1d,2,1,2,0,128,556,28,213,382,667,977,558,943,680,26,752,595,468,559,601,306,964,886,522,904,411,667,29,426,865,538,649,31,816,257,531,859,75,81,52,87,81,83,61,72,32,58,67,105,49,28,63,46,85,79,83,65,60,70,55,65,23,56,59,51,39,29,62,40
[ 6419.446650] [AOA] Measurement: 0,1627120095.582104,08:55:31:9b:0a:1d,2,1,2,0,128,32,199,227,408,713,995,566,987,641,29,321,804,1,729,603,338,926,825,519,878,827,423,495,183,374,380,700,44,357,463,379,640,86,97,64,102,97,96,71,82,35,65,74,119,61,28,73,53,94,90,96,71,67,78,61,74,26,63,64,59,37,29,65,42
[ 6419.489602] [AOA] Measurement: 0,1627120095.625055,08:55:31:9b:0a:1d,2,1,2,0,128,23,174,149,291,746,1009,26,783,719,78,275,770,1001,716,1006,126,982,831,57,71,405,702,1001,363,961,589,675,76,300,461,832,1021,75,81,55,87,84,83,61,71,34,61,69,105,50,27,62,47,83,79,85,66,62,72,55,66,23,58,60,53,38,28,62,40
[ 6419.527718] [AOA] Measurement: 0,1627120095.663171,08:55:31:9b:0a:1d,2,1,2,0,128,555,14,634,163,166,805,64,798,660,27,731,555,446,559,43,161,973,863,72,52,835,396,527,203,391,398,97,833,349,473,161,460,75,82,56,85,82,82,61,71,33,58,66,105,50,25,63,45,83,78,84,64,60,70,55,66,24,57,59,50,38,28,61,39
[ 6419.572821] [AOA] Measurement: 0,1627120095.708274,08:55:31:9b:0a:1d,2,1,2,0,128,66,203,270,436,651,949,625,999,236,237,275,802,1009,721,572,312,980,865,32,69,371,607,31,425,847,544,680,51,326,463,436,710,80,91,59,94,88,88,67,77,34,61,71,109,54,27,68,48,89,83,88,66,62,72,57,68,23,58,59,53,36,29,63,39
[ 6419.615762] [AOA] Measurement: 0,1627120095.751215,08:55:31:9b:0a:1d,2,1,2,0,128,62,177,249,421,730,7,576,963,639,41,258,756,976,716,15,108,447,691,99,74,335,579,999,386,919,544,598,1001,330,450,641,946,78,82,55,87,83,83,61,72,33,59,66,105,51,28,63,48,86,79,84,62,61,71,54,67,25,56,59,52,39,30,64,41
[ 6419.658211] [AOA] Measurement: 0,1627120095.793662,08:55:31:9b:0a:1d,2,1,2,0,128,50,178,593,138,156,818,27,780,709,33,320,791,1017,749,1011,87,412,666,595,925,824,377,508,223,866,559,616,1018,819,248,648,873,74,79,54,85,81,81,59,70,33,59,67,104,48,28,61,46,84,77,79,64,60,70,54,67,24,56,59,52,42,30,64,40
[ 6419.701811] [AOA] Measurement: 0,1627120095.837258,08:55:31:9b:0a:1d,2,1,2,0,128,41,164,706,181,711,989,1006,778,648,17,781,561,495,575,6,151,930,835,92,70,436,691,59,456,891,583,93,821,864,319,527,828,75,81,53,85,82,80,60,69,33,59,67,104,50,27,63,46,86,78,81,65,62,72,55,66,25,57,61,53,41,30,65,43
[ 6419.753827] [AOA] Measurement: 0,1627120095.889280,08:55:31:9b:0a:1d,2,1,2,0,128,1018,151,686,168,692,975,12,788,627,24,718,525,427,477,1022,138,371,646,552,915,886,445,22,426,918,591,598,976,762,225,992,226,79,89,59,94,88,89,65,75,34,61,68,108,53,26,66,48,86,83,86,66,62,71,57,69,23,57,59,49,34,28,61,37
[ 6419.792373] [AOA] Measurement: 0,1627120095.927826,08:55:31:9b:0a:1d,2,1,2,0,128,61,207,193,382,770,2,621,1021,218,190,272,750,11,755,553,336,942,819,158,140,430,690,42,453,970,638,630,10,327,437,249,456,71,76,51,79,74,75,57,64,30,56,62,99,46,25,58,42,77,72,77,62,59,67,52,62,23,53,58,49,39,29,59,38
[ 6419.833052] [AOA] Measurement: 0,1627120095.968498,08:55:31:9b:0a:1d,2,1,2,0,128,61,203,674,159,204,811,579,994,144,166,285,787,981,747,564,337,978,864,533,919,340,630,530,267,325,402,661,17,310,494,930,136,75,85,57,87,84,83,62,72,32,59,66,104,52,27,63,47,83,81,84,62,60,70,54,67,23,55,58,51,35,27,60,39
[ 6419.880124] [AOA] Measurement: 0,1627120096.015577,08:55:31:9b:0a:1d,2,1,2,0,128,534,18,206,357,113,767,18,797,668,16,283,793,983,723,976,92,446,699,548,893,884,449,1018,396,872,545,47,819,783,292,942,244,78,90,59,92,88,88,65,76,33,62,67,107,56,25,68,49,86,83,88,63,60,70,54,66,22,58,56,49,32,26,57,38
[ 6419.927053] [AOA] Measurement: 0,1627120096.062505,08:55:31:9b:0a:1d,2,1,2,0,128,528,1020,221,383,674,982,75,813,164,215,287,769,9,760,594,323,970,855,29,50,432,664,22,421,884,559,644,37,306,439,305,540,82,90,60,92,91,89,67,78,36,66,71,113,56,29,67,49,89,84,88,67,65,75,60,70,26,61,62,54,41,32,67,43
[ 6419.969796] [AOA] Measurement: 0,1627120096.105242,08:55:31:9b:0a:1d,2,1,2,0,128,3,147,253,440,651,945,27,788,659,17,796,641,991,743,592,306,922,844,591,928,384,647,996,389,936,574,598,1012,309,429,927,193,80,87,57,92,86,87,64,74,33,61,69,109,54,27,67,48,87,82,87,66,62,71,58,68,23,58,57,52,33,26,59,39
[ 6420.012964] [AOA] Measurement: 0,1627120096.148410,08:55:31:9b:0a:1d,2,1,2,0,128,70,223,174,350,699,986,11,781,181,186,275,731,1021,746,541,303,970,846,96,66,439,649,1001,440,958,639,629,10,305,458,411,740,81,90,59,94,88,87,67,78,36,64,71,112,54,27,67,49,88,84,89,67,64,74,60,71,25,60,62,54,38,30,65,41
[ 6420.061030] [AOA] Measurement: 0,1627120096.196481,08:55:31:9b:0a:1d,2,1,2,0,128,48,181,185,357,724,1007,592,983,176,185,318,791,1005,728,544,295,938,826,560,947,371,620,80,457,902,592,613,997,396,484,134,320,80,89,58,91,86,86,66,77,35,63,70,109,52,28,67,48,89,85,90,67,64,75,59,70,24,60,60,54,39,29,65,41
[ 6420.109896] [AOA] Measurement: 0,1627120096.245341,08:55:31:9b:0a:1d,2,1,2,0,128,37,195,233,424,711,1009,629,20,178,222,333,796,21,759,569,319,970,840,91,103,810,394,65,445,858,565,638,1006,345,467,324,520,74,82,53,85,83,83,60,70,34,61,68,105,50,28,63,46,83,78,81,64,63,72,56,67,25,58,60,53,39,29,64,39
[ 6420.152569] [AOA] Measurement: 0,1627120096.288022,08:55:31:9b:0a:1d,2,1,2,0,128,32,144,682,164,161,818,623,981,657,8,295,793,464,564,1020,101,946,830,536,906,885,470,466,237,351,374,74,824,326,448,383,669,74,83,53,86,82,84,61,73,33,60,67,106,52,27,64,47,85,81,83,65,62,70,56,67,23,58,58,53,38,29,63,41
[ 6420.196276] [AOA] Measurement: 0,1627120096.331729,08:55:31:9b:0a:1d,2,1,2,0,128,549,15,207,401,702,1001,592,1017,165,180,302,775,1017,720,525,309,967,844,90,105,396,649,988,390,939,603,667,40,295,447,673,816,81,90,59,94,89,88,66,77,34,62,68,110,54,28,67,49,89,85,90,67,64,74,59,69,25,59,59,54,36,28,64,41
[ 6420.240354] [AOA] Measurement: 0,1627120096.375807,08:55:31:9b:0a:1d,2,1,2,0,128,33,195,206,376,697,1002,524,967,181,235,273,740,1020,728,1008,102,434,687,537,933,335,569,25,393,970,603,641,22,349,480,245,495,77,83,54,89,83,85,63,71,33,59,66,104,50,25,62,45,83,78,83,60,60,70,54,64,22,57,57,51,36,27,61,36
[ 6420.278972] [AOA] Measurement: 0,1627120096.414425,08:55:31:9b:0a:1d,2,1,2,0,128,50,212,229,396,682,943,2,815,623,21,302,793,438,522,31,165,960,864,51,80,430,669,981,387,925,620,632,22,323,426,2,223,80,90,58,95,90,87,65,77,33,63,71,110,54,27,66,48,87,85,89,66,65,73,58,70,27,59,63,53,36,29,63,39
[ 6420.323302] [AOA] Measurement: 0,1627120096.458751,08:55:31:9b:0a:1d,2,1,2,0,128,9,169,249,441,726,997,596,1005,262,270,277,786,55,771,594,341,976,855,60,89,399,655,28,452,892,598,591,6,415,522,782,17,75,82,55,88,82,83,63,70,34,59,68,106,51,28,63,47,87,81,83,66,62,72,56,67,22,56,58,53,39,30,64,41
