
[ 2901.322096] [AOA] Measurement: 0,1627161643.160207,08:55:31:9b:0a:1b,2,1,2,0,128,453,150,83,864,161,771,957,212,774,115,175,867,1003,461,435,35,649,466,397,115,563,195,696,1023,610,139,1021,234,678,167,984,611,112,76,78,77,81,80,87,71,101,93,116,100,92,74,93,79,65,86,64,82,77,85,82,74,101,69,96,74,98,102,96,103
[ 2901.376343] [AOA] Measurement: 0,1627161643.214452,08:55:31:9b:0a:1b,2,1,2,0,128,928,1008,602,699,755,1019,421,342,236,948,730,49,515,642,467,52,642,463,433,112,507,146,743,35,606,116,424,37,700,176,486,115,112,76,76,78,82,81,86,75,101,93,112,101,95,76,96,80,66,86,66,82,79,88,86,76,102,74,99,79,103,103,101,105
[ 2901.417188] [AOA] Measurement: 0,1627161643.255304,08:55:31:9b:0a:1b,2,1,2,0,128,468,163,68,869,757,978,505,422,774,115,707,49,556,667,967,235,241,723,920,308,28,336,223,187,599,146,467,56,604,130,629,371,107,70,71,72,77,77,82,71,97,90,108,97,87,71,89,75,63,81,60,77,71,81,78,69,96,68,92,73,98,99,94,98
[ 2901.456446] [AOA] Measurement: 0,1627161643.294560,08:55:31:9b:0a:1b,2,1,2,2,128,468,163,68,869,757,978,505,422,774,115,707,49,556,667,967,235,241,723,920,308,28,336,223,187,599,146,467,56,604,130,629,371,112,76,76,78,82,81,86,75,101,93,112,101,95,76,96,80,66,86,66,82,79,88,86,76,102,74,99,79,103,103,101,105
[ 2901.504322] [AOA] Measurement: 0,1627161643.342431,08:55:31:9b:0a:1b,2,1,2,2,128,468,163,68,869,757,978,505,422,774,115,707,49,556,667,967,235,241,723,920,308,28,336,223,187,599,146,467,56,604,130,629,371,107,70,71,72,77,77,82,71,97,90,108,97,87,71,89,75,63,81,60,77,71,81,78,69,96,68,92,73,98,99,94,98
[ 2901.548414] [AOA] Measurement: 0,1627161643.386523,08:55:31:9b:0a:1b,2,1,2,0,128,426,185,122,899,750,959,439,362,764,116,732,35,549,685,1016,224,180,641,955,317,503,143,195,168,71,269,968,201,644,165,979,682,105,68,70,73,77,77,81,70,95,86,106,96,87,71,91,74,66,78,60,77,73,82,77,71,96,69,94,75,100,100,96,104
[ 2901.593656] [AOA] Measurement: 0,1627161643.431767,08:55:31:9b:0a:1b,2,1,2,0,128,901,972,544,633,194,815,929,233,737,98,676,18,966,480,377,15,723,489,385,118,527,150,696,988,581,93,973,225,66,977,508,164,107,71,70,74,77,78,84,73,97,88,109,98,90,73,91,77,64,81,61,79,73,82,78,72,97,71,95,76,100,102,96,104
[ 2901.645175] [AOA] Measurement: 0,1627161643.483283,08:55:31:9b:0a:1b,2,1,2,0,128,966,1007,575,654,218,811,940,214,724,72,772,60,487,608,407,20,175,670,424,140,511,168,278,223,149,316,983,225,119,1019,416,29,104,68,69,67,74,74,79,67,92,86,104,91,82,67,86,74,58,79,59,78,69,81,76,67,90,64,90,71,91,95,89,96
[ 2901.697318] [AOA] Measurement: 0,1627161643.535427,08:55:31:9b:0a:1b,2,1,2,2,128,966,1007,575,654,218,811,940,214,724,72,772,60,487,608,407,20,175,670,424,140,511,168,278,223,149,316,983,225,119,1019,416,29,107,71,70,74,77,78,84,73,97,88,109,98,90,73,91,77,64,81,61,79,73,82,78,72,97,71,95,76,100,102,96,104
[ 2901.742272] [AOA] Measurement: 0,1627161643.580386,08:55:31:9b:0a:1b,2,1,2,2,128,966,1007,575,654,218,811,940,214,724,72,772,60,487,608,407,20,175,670,424,140,511,168,278,223,149,316,983,225,119,1019,416,29,112,76,76,78,82,81,86,75,101,93,112,101,95,76,96,80,66,86,66,82,79,88,86,76,102,74,99,79,103,103,101,105
[ 2901.787550] [AOA] Measurement: 0,1627161643.625666,08:55:31:9b:0a:1b,2,1,2,2,128,966,1007,575,654,218,811,940,214,724,72,772,60,487,608,407,20,175,670,424,140,511,168,278,223,149,316,983,225,119,1019,416,29,107,71,70,74,77,78,84,73,97,88,109,98,90,73,91,77,64,81,61,79,73,82,78,72,97,71,95,76,100,102,96,104
[ 2901.834953] [AOA] Measurement: 0,1627161643.673061,08:55:31:9b:0a:1b,2,1,2,0,128,962,1008,89,859,152,750,899,173,171,911,155,874,934,424,424,13,691,488,381,116,514,143,724,28,577,82,436,1023,63,938,719,433,108,72,72,73,76,78,82,71,95,87,106,95,89,71,89,77,65,79,61,81,75,83,80,73,99,71,94,78,101,100,99,104
[ 2901.876308] [AOA] Measurement: 0,1627161643.714424,08:55:31:9b:0a:1b,2,1,2,0,128,968,1022,98,844,180,802,921,176,240,936,179,919,975,466,476,93,216,655,969,331,506,110,727,23,648,117,401,1017,123,978,962,697,109,71,72,73,76,77,82,69,94,88,108,95,85,69,89,77,60,83,61,77,72,81,76,70,95,66,89,70,93,96,87,95
[ 2901.923392] [AOA] Measurement: 0,1627161643.761501,08:55:31:9b:0a:1b,2,1,2,0,128,921,1002,127,891,737,978,894,168,224,952,718,56,947,432,478,80,178,660,962,328,990,289,242,224,111,277,381,1006,117,991,559,243,109,70,71,72,78,79,82,70,97,89,109,98,89,72,92,76,63,82,63,79,75,81,77,71,96,68,94,75,98,101,96,99
[ 2901.969553] [AOA] Measurement: 0,1627161643.807659,08:55:31:9b:0a:1b,2,1,2,0,128,499,195,81,842,731,1003,893,186,814,157,667,18,496,655,1004,219,140,617,958,334,60,378,205,181,78,265,962,203,655,177,498,110,105,69,71,69,74,74,79,68,93,85,106,90,86,65,86,72,60,79,60,76,70,80,76,67,90,63,88,70,91,93,87,95
[ 2902.013364] [AOA] Measurement: 0,1627161643.851477,08:55:31:9b:0a:1b,2,1,2,0,128,445,172,133,879,711,968,446,371,785,132,763,91,541,685,993,270,192,666,977,322,35,351,249,202,147,382,970,159,628,129,304,990,108,70,72,73,81,81,85,74,99,92,110,100,89,73,94,79,65,82,63,81,73,85,80,74,99,73,99,79,102,104,99,106
[ 2902.058159] [AOA] Measurement: 0,1627161643.896273,08:55:31:9b:0a:1b,2,1,2,0,128,467,156,50,817,256,851,919,200,805,107,691,31,570,661,406,989,798,558,366,102,55,340,201,188,87,259,1014,249,660,165,778,407,103,69,69,72,75,77,82,70,92,88,104,92,85,71,88,73,64,75,60,78,72,80,77,70,95,69,93,76,98,99,96,100
[ 2902.104777] [AOA] Measurement: 0,1627161643.942885,08:55:31:9b:0a:1b,2,1,2,0,128,379,130,114,875,760,1000,426,395,778,110,153,876,972,463,426,31,672,447,450,117,80,363,259,167,85,286,370,1018,108,986,433,136,104,67,69,70,75,76,78,67,92,85,105,94,85,72,86,72,61,78,58,76,70,80,76,70,94,67,91,74,98,97,95,101
[ 2902.157868] [AOA] Measurement: 0,1627161643.995980,08:55:31:9b:0a:1b,2,1,2,0,128,1000,20,99,876,200,841,423,345,769,88,734,85,512,684,1013,254,138,633,944,317,26,345,693,1005,94,279,999,208,649,157,237,843,104,69,69,66,72,74,78,66,92,85,105,90,83,65,84,72,55,79,57,74,68,76,70,64,88,60,83,66,85,89,82,88
[ 2902.196514] [AOA] Measurement: 0,1627161644.034630,08:55:31:9b:0a:1b,2,1,2,0,128,477,176,124,880,764,1022,479,421,787,134,759,55,480,603,451,29,694,502,964,308,31,351,670,994,593,138,977,235,683,184,644,265,108,73,74,77,79,80,84,75,98,90,111,97,90,75,94,79,66,83,65,82,75,84,81,76,102,72,98,78,99,102,97,106
[ 2902.238920] [AOA] Measurement: 0,1627161644.077029,08:55:31:9b:0a:1b,2,1,2,0,128,437,164,110,872,755,993,440,341,195,927,783,87,491,654,949,211,220,638,927,316,531,162,271,212,83,254,982,212,647,174,133,775,111,73,73,75,77,80,83,72,97,90,107,97,89,74,92,77,66,81,64,81,76,84,81,73,99,70,96,78,100,104,99,106
[ 2902.278285] [AOA] Measurement: 0,1627161644.116399,08:55:31:9b:0a:1b,2,1,2,0,128,477,206,542,631,160,808,981,260,228,961,159,875,989,459,457,29,662,453,424,123,536,137,727,2,575,124,950,196,620,156,208,938,107,71,71,74,77,76,83,70,94,90,108,97,87,73,91,78,65,83,63,79,75,84,81,72,100,71,95,76,101,102,98,104
[ 2902.323428] [AOA] Measurement: 0,1627161644.161541,08:55:31:9b:0a:1b,2,1,2,0,128,520,225,80,837,677,965,443,394,771,80,721,47,935,425,378,1007,645,446,423,147,463,124,181,157,103,333,971,197,642,154,9,627,102,67,71,70,75,75,81,69,94,85,106,95,87,68,87,75,60,81,59,77,72,81,77,69,92,63,89,70,94,97,89,97
[ 2902.366641] [AOA] Measurement: 0,1627161644.204750,08:55:31:9b:0a:1b,2,1,2,0,128,442,169,558,648,186,807,944,207,223,935,189,872,950,439,398,26,659,485,378,83,507,142,763,42,574,83,380,10,80,965,425,132,104,68,70,72,75,76,82,71,94,88,106,93,85,70,87,75,61,78,61,78,72,82,76,69,93,65,91,73,94,95,91,99
[ 2902.421563] [AOA] Measurement: 0,1627161644.259672,08:55:31:9b:0a:1b,2,1,2,0,128,496,222,37,847,189,829,427,383,765,111,206,923,975,456,966,265,668,452,926,264,82,365,225,192,117,308,379,1014,115,1018,6,652,106,68,71,71,75,75,81,69,95,86,106,94,86,68,88,74,60,81,58,79,72,81,79,70,94,67,89,71,95,98,89,96
[ 2902.467282] [AOA] Measurement: 0,1627161644.305396,08:55:31:9b:0a:1b,2,1,2,0,128,482,176,94,817,166,799,948,221,800,122,747,65,504,649,997,230,245,709,902,302,57,369,256,234,140,297,1000,227,647,157,104,762,103,69,70,72,75,77,81,70,93,88,102,94,88,72,91,74,64,78,61,77,72,80,76,70,93,67,92,74,97,97,97,100
[ 2902.513995] [AOA] Measurement: 0,1627161644.352106,08:55:31:9b:0a:1b,2,1,2,2,128,482,176,94,817,166,799,948,221,800,122,747,65,504,649,997,230,245,709,902,302,57,369,256,234,140,297,1000,227,647,157,104,762,106,68,71,71,75,75,81,69,95,86,106,94,86,68,88,74,60,81,58,79,72,81,79,70,94,67,89,71,95,98,89,96
[ 2902.566248] [AOA] Measurement: 0,1627161644.404356,08:55:31:9b:0a:1b,2,1,2,2,128,482,176,94,817,166,799,948,221,800,122,747,65,504,649,997,230,245,709,902,302,57,369,256,234,140,297,1000,227,647,157,104,762,106,68,71,71,75,75,81,69,95,86,106,94,86,68,88,74,60,81,58,79,72,81,79,70,94,67,89,71,95,98,89,96
[ 2902.613004] [AOA] Measurement: 0,1627161644.451116,08:55:31:9b:0a:1b,2,1,2,2,128,482,176,94,817,166,799,948,221,800,122,747,65,504,649,997,230,245,709,902,302,57,369,256,234,140,297,1000,227,647,157,104,762,103,69,70,72,75,77,81,70,93,88,102,94,88,72,91,74,64,78,61,77,72,80,76,70,93,67,92,74,97,97,97,100
[ 2902.659401] [AOA] Measurement: 0,1627161644.497511,08:55:31:9b:0a:1b,2,1,2,2,128,482,176,94,817,166,799,948,221,800,122,747,65,504,649,997,230,245,709,902,302,57,369,256,234,140,297,1000,227,647,157,104,762,106,68,71,71,75,75,81,69,95,86,106,94,86,68,88,74,60,81,58,79,72,81,79,70,94,67,89,71,95,98,89,96
[ 2902.704426] [AOA] Measurement: 0,1627161644.542534,08:55:31:9b:0a:1b,2,1,2,0,128,427,160,504,642,196,762,903,187,269,932,239,918,992,452,1014,233,133,646,413,140,474,114,668,1003,556,91,396,27,47,960,574,308,106,69,72,73,77,79,81,70,94,86,106,95,87,68,90,74,62,81,60,78,73,82,77,70,95,67,92,73,97,97,93,99
[ 2902.755743] [AOA] Measurement: 0,1627161644.593851,08:55:31:9b:0a:1b,2,1,2,0,128,498,210,633,720,702,990,466,415,725,52,197,882,1003,477,406,3,198,652,433,153,50,370,222,169,609,136,447,73,638,159,843,481,110,74,72,74,78,79,82,71,97,92,110,98,89,72,90,78,65,82,62,79,76,85,79,73,100,71,96,76,99,101,97,102
[ 2902.802884] [AOA] Measurement: 0,1627161644.640999,08:55:31:9b:0a:1b,2,1,2,0,128,917,992,570,669,770,1023,909,227,761,95,98,851,987,447,485,73,697,497,381,161,16,331,220,156,549,94,963,209,651,132,1021,730,109,73,72,72,79,79,84,72,100,93,110,99,89,72,91,78,64,82,62,80,75,83,81,72,98,69,95,75,99,102,93,101
[ 2902.848122] [AOA] Measurement: 0,1627161644.686234,08:55:31:9b:0a:1b,2,1,2,0,128,463,168,554,651,236,812,929,167,229,966,154,876,961,437,490,53,661,471,388,95,524,145,240,201,569,97,1014,216,584,107,278,985,104,68,70,70,74,75,80,71,93,87,104,93,85,70,88,74,61,79,60,78,72,80,76,69,91,66,89,71,96,97,92,98
[ 2902.893271] [AOA] Measurement: 0,1627161644.731386,08:55:31:9b:0a:1b,2,1,2,0,128,927,19,567,653,225,806,898,160,249,939,172,884,983,457,453,34,699,499,379,51,560,111,717,1023,602,115,374,6,115,6,300,7,112,69,73,74,78,78,86,72,96,89,109,94,88,72,91,77,63,83,61,79,74,83,79,72,98,69,95,73,97,102,93,101
[ 2902.936723] [AOA] Measurement: 0,1627161644.774836,08:55:31:9b:0a:1b,2,1,2,0,128,953,1008,587,664,166,766,901,158,213,931,159,871,971,429,411,28,668,461,410,98,485,144,753,16,101,305,993,206,71,973,800,464,105,68,68,67,75,77,80,69,95,86,107,93,86,68,89,75,62,81,58,77,70,80,78,68,93,67,91,72,94,97,89,96
[ 2902.980835] [AOA] Measurement: 0,1627161644.818949,08:55:31:9b:0a:1b,2,1,2,0,128,955,998,589,691,733,966,901,195,744,95,735,65,526,675,994,237,140,615,996,311,0,294,205,147,62,264,432,41,79,970,743,403,108,69,71,73,77,80,85,73,97,87,110,96,88,72,90,78,62,81,61,81,74,82,78,73,95,67,93,74,93,96,92,99
[ 2903.019313] [AOA] Measurement: 0,1627161644.857428,08:55:31:9b:0a:1b,2,1,2,0,128,945,8,599,655,222,852,433,410,731,85,143,835,926,436,450,43,656,456,406,133,495,201,235,154,577,62,392,1001,137,1006,905,660,104,68,70,68,73,74,78,66,92,84,106,91,84,63,84,71,54,79,56,75,69,76,73,65,87,60,85,65,84,89,81,90
[ 2903.058279] [AOA] Measurement: 0,1627161644.896392,08:55:31:9b:0a:1b,2,1,2,0,128,469,175,98,875,706,974,936,180,693,48,751,62,918,441,449,68,624,433,403,134,58,359,239,194,532,89,992,242,652,158,513,234,110,75,74,74,78,78,84,74,98,91,111,97,89,74,91,80,68,83,63,81,77,83,81,73,98,71,95,78,102,103,101,106
[ 2903.103443] [AOA] Measurement: 0,1627161644.941553,08:55:31:9b:0a:1b,2,1,2,0,128,489,185,83,827,817,1020,457,391,754,92,728,37,949,434,454,27,646,446,379,73,520,143,233,160,618,108,455,57,644,160,556,172,107,73,73,75,80,80,85,73,97,91,112,100,91,73,93,78,64,84,62,82,75,85,81,73,99,71,96,76,100,102,96,103
[ 2903.154736] [AOA] Measurement: 0,1627161644.992844,08:55:31:9b:0a:1b,2,1,2,0,128,964,13,569,647,230,794,967,233,199,919,166,859,995,434,484,81,630,452,991,322,19,301,718,16,563,84,408,47,76,949,280,93,109,72,73,76,78,80,85,72,101,92,109,99,91,75,92,77,65,83,64,82,76,84,81,74,98,72,97,78,99,100,99,105
[ 2903.198353] [AOA] Measurement: 0,1627161645.036462,08:55:31:9b:0a:1b,2,1,2,0,128,535,213,102,863,777,1016,479,397,821,161,667,17,1019,472,10,253,197,698,1020,355,73,336,213,214,92,301,999,248,656,177,113,804,107,69,70,69,76,77,81,70,93,88,107,93,85,70,88,73,62,80,59,77,70,80,77,68,94,67,90,73,95,96,92,99
[ 2903.243190] [AOA] Measurement: 0,1627161645.081297,08:55:31:9b:0a:1b,2,1,2,0,128,987,1022,127,886,161,821,915,192,244,937,242,893,960,472,474,52,221,718,965,323,30,344,226,201,581,99,956,216,87,970,404,120,113,73,75,76,80,80,85,73,99,91,110,100,90,74,95,77,66,83,64,81,75,86,81,73,100,72,99,79,103,105,101,107
[ 2903.294663] [AOA] Measurement: 0,1627161645.132771,08:55:31:9b:0a:1b,2,1,2,0,128,558,238,50,831,202,805,896,157,244,936,170,853,992,479,1015,229,627,429,447,127,35,390,180,137,74,264,991,207,77,974,191,948,107,71,72,75,78,80,83,73,97,89,108,96,89,74,92,78,67,80,63,81,75,84,80,73,99,72,95,79,102,102,101,105
[ 2903.338272] [AOA] Measurement: 0,1627161645.176380,08:55:31:9b:0a:1b,2,1,2,0,128,979,5,86,832,218,815,929,208,231,935,778,72,451,624,970,198,185,661,967,311,41,342,215,206,122,295,419,43,612,130,161,836,105,69,70,72,77,77,81,70,92,86,103,94,86,71,90,74,64,79,60,77,70,80,78,70,95,67,93,74,97,98,95,101
[ 2903.384437] [AOA] Measurement: 0,1627161645.222550,08:55:31:9b:0a:1b,2,1,2,0,128,447,172,95,874,743,983,469,423,741,84,708,57,493,682,1012,265,164,684,884,271,511,151,240,208,119,297,997,255,687,176,901,489,104,66,72,69,75,76,81,67,95,86,103,90,84,67,85,73,57,79,58,77,71,79,75,68,91,64,90,71,92,96,88,96
[ 2903.423463] [AOA] Measurement: 0,1627161645.261577,08:55:31:9b:0a:1b,2,1,2,0,128,431,197,106,866,711,955,1006,213,733,74,753,76,471,641,998,273,231,721,970,326,61,330,258,198,148,314,983,201,627,146,552,244,109,74,74,74,79,81,83,72,97,89,108,97,89,74,92,77,66,82,63,80,76,84,81,74,101,72,98,80,102,103,99,105
[ 2903.464003] [AOA] Measurement: 0,1627161645.302118,08:55:31:9b:0a:1b,2,1,2,2,128,431,197,106,866,711,955,1006,213,733,74,753,76,471,641,998,273,231,721,970,326,61,330,258,198,148,314,983,201,627,146,552,244,104,66,72,69,75,76,81,67,95,86,103,90,84,67,85,73,57,79,58,77,71,79,75,68,91,64,90,71,92,96,88,96
[ 2903.508453] [AOA] Measurement: 0,1627161645.346566,08:55:31:9b:0a:1b,2,1,2,2,128,431,197,106,866,711,955,1006,213,733,74,753,76,471,641,998,273,231,721,970,326,61,330,258,198,148,314,983,201,627,146,552,244,109,74,74,74,79,81,83,72,97,89,108,97,89,74,92,77,66,82,63,80,76,84,81,74,101,72,98,80,102,103,99,105
[ 2903.554474] [AOA] Measurement: 0,1627161645.392586,08:55:31:9b:0a:1b,2,1,2,2,128,431,197,106,866,711,955,1006,213,733,74,753,76,471,641,998,273,231,721,970,326,61,330,258,198,148,314,983,201,627,146,552,244,104,66,72,69,75,76,81,67,95,86,103,90,84,67,85,73,57,79,58,77,71,79,75,68,91,64,90,71,92,96,88,96
[ 2903.598248] [AOA] Measurement: 0,1627161645.436361,08:55:31:9b:0a:1b,2,1,2,0,128,441,170,74,821,178,791,950,232,738,59,147,875,946,425,398,1002,693,487,396,110,478,137,210,176,569,112,377,0,128,962,929,654,106,70,70,73,77,79,80,72,96,89,106,96,87,72,93,76,64,79,62,80,72,83,78,72,99,69,95,77,102,99,96,100
[ 2903.644848] [AOA] Measurement: 0,1627161645.482956,08:55:31:9b:0a:1b,2,1,2,0,128,531,221,86,860,763,21,436,374,809,103,687,0,1009,483,9,258,181,654,954,331,1017,297,216,182,50,234,454,51,662,134,735,398,106,70,70,71,76,76,81,70,95,87,105,93,85,68,89,75,61,79,61,77,72,80,77,70,95,66,89,70,95,98,92,99
[ 2903.691284] [AOA] Measurement: 0,1627161645.529399,08:55:31:9b:0a:1b,2,1,2,0,128,955,993,566,653,178,801,887,171,227,946,187,885,512,612,411,21,162,661,958,324,16,307,717,19,86,256,459,32,63,970,243,967,108,70,72,75,80,80,83,73,95,90,108,96,88,73,91,76,64,83,61,81,74,83,81,72,97,70,95,76,98,100,94,101
[ 2903.733521] [AOA] Measurement: 0,1627161645.571630,08:55:31:9b:0a:1b,2,1,2,0,128,953,990,614,703,704,921,998,227,205,945,195,896,980,485,975,207,183,623,404,99,539,134,650,964,648,132,441,39,660,111,423,92,110,72,74,73,79,79,82,72,97,90,110,94,89,71,93,77,62,81,61,79,76,83,80,73,98,70,95,74,100,102,92,98
[ 2903.772793] [AOA] Measurement: 0,1627161645.610905,08:55:31:9b:0a:1b,2,1,2,0,128,505,181,560,671,790,991,486,393,763,94,743,51,451,623,981,223,182,688,986,292,526,159,709,28,568,100,972,194,621,149,311,5,110,70,74,72,76,76,82,71,96,88,108,96,86,69,89,77,61,82,61,81,72,79,75,69,93,64,90,72,92,97,90,98
[ 2903.817382] [AOA] Measurement: 0,1627161645.655498,08:55:31:9b:0a:1b,2,1,2,0,128,481,212,95,884,174,803,448,370,774,143,769,84,493,669,944,202,209,673,963,289,51,332,249,212,122,315,974,229,611,125,152,860,109,72,72,74,78,80,83,71,97,90,108,95,89,72,92,77,63,85,62,80,73,83,79,73,99,68,93,73,95,97,93,101
[ 2903.856399] [AOA] Measurement: 0,1627161645.694512,08:55:31:9b:0a:1b,2,1,2,0,128,448,191,565,670,233,802,474,404,749,96,746,87,522,655,38,295,176,674,935,312,40,340,237,198,134,302,1006,235,634,113,308,931,105,68,69,71,75,76,79,68,92,86,103,95,85,70,89,74,61,77,59,75,71,78,77,70,94,66,91,72,94,97,90,98
[ 2903.898543] [AOA] Measurement: 0,1627161645.736652,08:55:31:9b:0a:1b,2,1,2,0,128,506,206,99,862,832,12,468,399,205,947,210,916,549,704,1017,237,123,620,389,87,548,157,255,221,66,282,1022,262,639,187,624,283,104,67,70,71,74,76,79,68,92,86,105,93,85,67,87,73,59,77,59,77,70,79,76,70,91,64,89,70,92,95,91,98
[ 2903.943591] [AOA] Measurement: 0,1627161645.781707,08:55:31:9b:0a:1b,2,1,2,0,128,970,1023,172,926,742,1013,914,174,260,985,737,71,522,647,20,267,126,647,416,127,449,114,717,1021,579,91,374,22,51,981,582,275,109,74,74,76,80,81,83,72,99,91,110,98,91,74,92,79,67,82,63,81,75,85,82,73,100,71,96,77,101,105,99,103
[ 2903.989238] [AOA] Measurement: 0,1627161645.827346,08:55:31:9b:0a:1b,2,1,2,0,128,532,223,70,859,744,1014,447,403,219,940,198,928,508,641,927,206,215,690,999,371,33,346,255,213,86,281,945,232,105,964,383,76,110,71,74,75,79,80,82,73,96,91,111,99,90,70,91,77,64,81,61,80,73,83,80,72,99,69,96,78,98,101,97,102
[ 2904.036003] [AOA] Measurement: 0,1627161645.874112,08:55:31:9b:0a:1b,2,1,2,0,128,973,1,564,676,766,982,961,206,759,112,709,12,474,670,423,15,680,465,385,115,6,316,181,140,131,319,987,215,639,172,921,526,109,71,72,72,78,78,83,70,95,90,110,97,88,70,90,76,59,82,61,79,75,81,78,70,94,67,89,71,92,97,88,93
[ 2904.086927] [AOA] Measurement: 0,1627161645.925036,08:55:31:9b:0a:1b,2,1,2,0,128,452,167,69,832,730,993,939,191,762,78,178,880,943,413,491,86,650,453,997,329,51,339,219,207,107,295,1003,238,594,128,147,894,111,73,73,72,79,78,85,71,99,92,111,99,89,72,91,79,63,84,63,83,76,84,81,72,94,71,95,76,100,101,95,100
[ 2904.130779] [AOA] Measurement: 0,1627161645.968888,08:55:31:9b:0a:1b,2,1,2,0,128,498,171,143,892,721,961,916,199,213,944,695,43,1000,484,979,229,177,662,908,255,525,167,250,204,94,287,987,242,646,167,795,373,106,70,71,71,75,73,80,69,92,87,104,92,86,71,89,73,63,80,60,77,72,81,78,70,94,67,90,72,96,99,91,98
[ 2904.176479] [AOA] Measurement: 0,1627161646.014593,08:55:31:9b:0a:1b,2,1,2,0,128,951,3,136,874,710,991,941,216,789,116,744,64,500,640,967,212,162,668,409,114,1017,330,719,1008,598,106,976,212,633,163,318,973,100,66,67,72,74,74,76,69,85,82,98,92,82,70,85,72,66,72,60,75,69,79,76,68,94,70,89,76,99,94,98,100
[ 2904.222345] [AOA] Measurement: 0,1627161646.060454,08:55:31:9b:0a:1b,2,1,2,0,128,445,158,133,871,774,25,410,381,759,108,729,45,525,662,947,227,663,444,408,114,526,139,261,221,98,307,950,197,157,22,17,654,108,70,72,75,78,80,83,72,97,91,108,98,90,73,92,77,66,80,62,80,75,83,80,74,99,72,97,78,102,101,100,105
[ 2904.273487] [AOA] Measurement: 0,1627161646.111595,08:55:31:9b:0a:1b,2,1,2,0,128,982,994,595,646,235,829,910,212,744,99,724,75,459,634,430,26,161,666,356,110,570,178,714,13,103,290,444,29,74,992,1000,720,104,69,68,72,75,77,81,71,92,87,104,93,85,71,90,75,63,79,60,77,72,80,77,69,96,68,93,75,97,98,95,101
[ 2904.324725] [AOA] Measurement: 0,1627161646.162834,08:55:31:9b:0a:1b,2,1,2,0,128,472,169,587,665,192,791,941,193,720,72,212,892,541,650,452,14,653,480,418,110,60,326,728,998,140,309,427,38,123,1016,818,434,105,66,69,72,76,77,81,70,93,87,101,92,87,70,90,74,64,79,59,78,70,79,77,68,94,68,93,73,98,97,93,100
[ 2904.369298] [AOA] Measurement: 0,1627161646.207411,08:55:31:9b:0a:1b,2,1,2,0,128,974,1022,116,868,731,1016,918,167,796,116,736,55,485,615,987,251,672,463,415,138,509,118,706,8,577,98,412,30,168,26,916,593,109,73,73,77,81,82,85,72,99,93,111,99,90,74,95,79,68,83,65,82,75,86,83,74,102,72,98,78,101,103,98,105
[ 2904.413565] [AOA] Measurement: 0,1627161646.251673,08:55:31:9b:0a:1b,2,1,2,0,128,984,1016,592,659,230,866,420,372,794,95,737,55,525,662,955,214,156,654,398,84,511,157,199,153,598,132,381,7,157,1008,192,882,107,70,71,70,76,76,81,68,95,87,106,93,85,69,90,74,62,82,60,77,72,82,77,70,93,65,91,72,93,98,94,100
[ 2904.464506] [AOA] Measurement: 0,1627161646.302613,08:55:31:9b:0a:1b,2,1,2,0,128,465,171,104,830,708,993,406,366,775,79,740,45,496,680,969,222,185,693,306,61,53,325,217,200,84,286,925,195,140,1014,376,30,110,73,73,74,78,81,83,71,100,89,112,97,90,72,92,80,62,84,62,80,75,83,80,72,96,69,95,74,96,100,93,100
[ 2904.518424] [AOA] Measurement: 0,1627161646.356535,08:55:31:9b:0a:1b,2,1,2,0,128,486,218,136,840,818,16,471,449,748,97,764,68,467,631,967,234,154,639,370,97,476,127,294,247,119,317,972,208,655,152,290,974,114,74,76,73,79,79,87,72,101,91,112,99,92,72,92,78,65,85,63,81,76,83,81,72,99,70,96,77,101,103,94,104
[ 2904.561674] [AOA] Measurement: 0,1627161646.399789,08:55:31:9b:0a:1b,2,1,2,0,128,468,187,83,851,814,3,436,383,772,84,733,67,537,662,415,46,158,661,1009,350,16,329,212,156,79,284,975,202,106,975,521,194,109,71,72,76,79,81,83,73,97,92,107,98,91,75,95,78,68,81,62,78,75,84,81,74,100,73,98,79,104,103,101,106
[ 2904.600527] [AOA] Measurement: 0,1627161646.438640,08:55:31:9b:0a:1b,2,1,2,0,128,944,992,597,700,220,854,915,188,833,134,712,35,1009,476,382,981,708,476,389,115,525,172,642,973,585,127,449,46,54,940,647,432,112,72,74,75,78,79,84,73,99,92,111,98,91,72,92,79,63,85,63,81,74,83,80,72,97,69,95,75,97,101,93,100
[ 2904.645923] [AOA] Measurement: 0,1627161646.484035,08:55:31:9b:0a:1b,2,1,2,0,128,956,981,612,686,182,824,899,202,221,901,232,934,493,641,426,49,201,675,957,312,30,326,190,153,100,291,1001,224,638,176,251,946,109,70,74,72,77,78,83,69,99,90,113,97,88,70,89,75,60,85,60,78,75,83,78,69,95,66,90,71,91,96,90,94
[ 2904.692004] [AOA] Measurement: 0,1627161646.530086,08:55:31:9b:0a:1b,2,1,2,0,128,497,176,155,892,702,979,450,374,780,152,681,28,993,460,404,1,673,466,374,100,497,134,669,995,119,295,985,200,650,176,227,847,104,68,70,70,75,75,82,69,94,87,106,93,87,72,88,75,63,78,59,77,71,81,77,69,93,68,93,75,97,95,93,100
[ 2904.742254] [AOA] Measurement: 0,1627161646.580362,08:55:31:9b:0a:1b,2,1,2,0,128,504,179,112,863,753,1009,404,357,774,95,710,23,950,400,437,18,687,483,415,161,43,334,225,188,622,123,373,33,681,186,334,962,103,68,70,72,74,78,80,72,92,86,103,94,86,71,88,73,64,77,59,75,68,79,77,70,92,68,91,74,98,97,96,102
[ 2904.787703] [AOA] Measurement: 0,1627161646.625819,08:55:31:9b:0a:1b,2,1,2,0,128,938,1012,543,633,214,806,482,388,226,943,736,43,991,472,986,220,113,622,408,130,528,155,687,1000,630,173,407,15,26,938,156,962,104,68,69,72,76,78,80,70,92,87,104,93,85,70,87,74,62,79,59,76,70,79,77,71,96,68,91,75,96,99,94,99
[ 2904.832485] [AOA] Measurement: 0,1627161646.670600,08:55:31:9b:0a:1b,2,1,2,0,128,910,998,575,661,171,782,911,198,232,913,227,908,938,426,442,47,693,502,357,68,501,125,634,1021,640,140,939,235,106,998,956,698,104,69,72,72,75,75,82,70,94,85,106,92,86,67,87,73,59,78,59,76,70,79,73,68,91,64,89,70,91,95,89,94
[ 2904.876575] [AOA] Measurement: 0,1627161646.714689,08:55:31:9b:0a:1b,2,1,2,0,128,474,165,127,880,753,981,467,388,233,966,712,70,513,687,1006,236,204,672,918,310,70,345,206,185,144,338,963,221,674,141,895,480,109,72,74,74,78,80,83,74,99,91,111,98,89,72,92,77,65,83,62,82,74,83,80,72,95,67,94,73,95,99,91,99
[ 2904.921294] [AOA] Measurement: 0,1627161646.759402,08:55:31:9b:0a:1b,2,1,2,0,128,911,1012,550,664,218,802,972,234,191,916,164,874,1021,457,408,5,645,450,432,106,495,164,676,1022,130,324,983,228,655,188,213,831,108,72,73,74,78,79,82,72,98,89,110,97,90,73,93,79,65,84,62,81,74,83,79,71,97,69,95,75,100,101,94,101
[ 2904.969263] [AOA] Measurement: 0,1627161646.807378,08:55:31:9b:0a:1b,2,1,2,0,128,990,22,70,851,179,812,907,135,210,935,237,909,964,436,422,22,188,649,366,135,35,296,659,1000,553,84,409,985,100,961,182,912,108,71,73,74,77,80,83,72,97,90,111,99,89,74,94,79,64,84,63,81,74,83,80,72,98,72,94,77,98,99,94,101
[ 2905.010367] [AOA] Measurement: 0,1627161646.848475,08:55:31:9b:0a:1b,2,1,2,0,128,444,183,93,859,189,805,464,416,814,133,726,50,511,650,986,209,201,675,962,324,37,349,227,184,152,315,944,183,135,1013,924,652,106,67,71,70,75,77,79,67,92,86,106,91,86,67,87,74,59,81,59,77,71,79,75,68,93,63,88,68,88,93,85,92
[ 2905.059372] [AOA] Measurement: 0,1627161646.897480,08:55:31:9b:0a:1b,2,1,2,0,128,456,190,587,658,754,1021,433,385,771,145,699,38,531,663,1002,220,256,702,982,357,27,285,663,982,637,128,452,54,95,1022,527,207,109,73,73,74,79,80,82,73,99,90,110,97,89,72,93,77,64,83,63,79,75,84,81,72,96,69,94,74,99,100,93,100
[ 2905.102505] [AOA] Measurement: 0,1627161646.940620,08:55:31:9b:0a:1b,2,1,2,0,128,986,10,120,844,211,808,936,192,246,962,184,882,24,473,432,49,686,498,939,307,535,143,706,1018,620,81,963,204,59,964,846,513,111,72,73,77,79,81,83,72,98,89,109,99,92,76,93,79,66,83,64,80,75,82,80,73,100,71,97,80,103,103,98,106
[ 2905.145875] [AOA] Measurement: 0,1627161646.983990,08:55:31:9b:0a:1b,2,1,2,0,128,455,175,107,874,769,998,935,214,200,911,180,864,993,443,498,98,160,633,415,134,49,381,250,234,100,287,922,217,749,216,805,436,105,68,72,70,74,76,78,70,93,87,106,95,85,67,87,75,60,79,59,77,70,79,75,67,90,64,89,70,92,96,87,97
[ 2905.189997] [AOA] Measurement: 0,1627161647.028113,08:55:31:9b:0a:1b,2,1,2,0,128,445,161,124,878,214,825,440,407,697,57,734,55,500,651,411,33,662,481,395,128,549,182,265,219,92,241,987,224,598,124,719,424,105,68,70,69,76,75,80,68,94,87,107,93,85,68,86,73,61,79,60,76,70,77,75,68,92,65,88,69,92,94,86,95
[ 2905.228512] [AOA] Measurement: 0,1627161647.066625,08:55:31:9b:0a:1b,2,1,2,0,128,447,173,64,847,802,10,442,377,752,86,759,64,529,646,965,224,172,636,1000,336,1013,341,261,171,122,304,990,214,678,162,534,157,106,69,72,70,74,75,79,68,94,85,106,92,85,67,89,76,59,80,58,75,70,78,74,65,93,63,88,68,88,94,86,93
[ 2905.273644] [AOA] Measurement: 0,1627161647.111753,08:55:31:9b:0a:1b,2,1,2,0,128,465,180,43,823,162,783,1000,222,196,933,784,60,520,646,1013,250,234,682,998,366,989,285,710,1,168,305,448,65,72,970,422,103,105,70,71,71,74,75,81,69,96,87,102,93,86,68,87,74,62,79,60,78,70,81,75,68,92,66,91,72,95,95,90,97
[ 2905.324175] [AOA] Measurement: 0,1627161647.162282,08:55:31:9b:0a:1b,2,1,2,0,128,465,188,171,910,755,2,476,413,839,151,740,45,560,682,1007,255,196,652,942,309,77,367,296,225,105,382,1009,260,685,181,428,49,104,67,69,71,75,76,79,67,90,84,104,93,86,70,89,75,62,80,60,78,70,80,76,70,95,68,92,75,96,98,92,99
[ 2905.368941] [AOA] Measurement: 0,1627161647.207056,08:55:31:9b:0a:1b,2,1,2,0,128,526,211,39,822,745,999,454,386,750,86,162,860,995,428,446,20,706,486,968,296,31,358,187,192,100,292,420,1020,669,160,967,596,112,73,74,74,78,79,84,72,99,89,109,96,87,69,91,77,62,84,61,79,75,83,80,71,97,68,93,74,94,98,89,94
[ 2905.413214] [AOA] Measurement: 0,1627161647.251327,08:55:31:9b:0a:1b,2,1,2,0,128,918,966,613,708,743,1018,410,360,725,106,686,45,984,454,1023,243,199,633,420,147,42,345,299,221,525,98,435,54,77,953,389,102,111,71,74,73,79,79,83,72,99,92,110,98,92,72,93,78,64,83,62,80,76,84,81,72,97,70,95,75,96,100,92,102
[ 2905.456316] [AOA] Measurement: 0,1627161647.294426,08:55:31:9b:0a:1b,2,1,2,0,128,973,1001,611,663,169,807,939,198,751,67,745,24,971,441,414,39,642,442,372,92,470,138,761,2,565,98,395,23,98,932,238,997,108,73,74,73,80,81,85,73,98,91,110,99,90,74,93,79,66,84,64,82,76,85,79,74,98,70,95,76,99,102,95,103
[ 2905.499986] [AOA] Measurement: 0,1627161647.338096,08:55:31:9b:0a:1b,2,1,2,0,128,934,994,583,675,747,975,442,393,210,907,180,864,993,470,452,33,657,464,383,117,514,190,218,210,126,278,381,1018,666,127,332,7,105,68,71,71,74,78,80,69,94,85,105,95,88,69,89,76,59,79,59,78,71,79,76,69,92,68,92,71,94,96,91,99
[ 2905.543446] [AOA] Measurement: 0,1627161647.381561,08:55:31:9b:0a:1b,2,1,2,0,128,972,0,617,724,209,797,467,426,779,97,144,854,517,658,995,236,199,691,908,257,73,367,174,170,105,286,976,206,751,191,400,27,105,69,68,70,75,76,81,69,93,86,102,93,85,71,88,74,62,79,58,75,71,81,78,70,94,68,92,73,97,98,94,100
[ 2905.586796] [AOA] Measurement: 0,1627161647.424910,08:55:31:9b:0a:1b,2,1,2,0,128,433,173,611,722,241,840,883,144,294,973,691,32,488,628,473,40,689,514,396,119,58,342,256,199,55,246,402,37,99,1007,834,538,104,69,68,71,74,75,80,69,92,87,105,93,86,70,88,76,63,79,60,76,72,81,79,71,94,69,93,75,97,97,95,100
[ 2905.631375] [AOA] Measurement: 0,1627161647.469489,08:55:31:9b:0a:1b,2,1,2,0,128,985,1015,596,668,217,822,967,226,756,94,722,39,531,653,979,235,218,685,905,289,27,332,663,998,156,342,977,215,632,138,480,133,110,73,73,75,79,79,84,70,97,91,109,96,88,72,92,77,64,82,61,80,76,83,79,73,97,69,94,74,97,100,95,102
[ 2905.674368] [AOA] Measurement: 0,1627161647.512476,08:55:31:9b:0a:1b,2,1,2,0,128,916,1016,608,668,196,817,892,181,193,940,180,870,958,443,463,8,637,408,425,107,30,333,243,195,124,314,990,246,649,169,282,992,104,68,70,71,76,76,81,69,94,85,105,93,85,67,86,73,59,79,59,76,70,79,72,66,92,65,90,70,93,95,89,94
[ 2905.725376] [AOA] Measurement: 0,1627161647.563484,08:55:31:9b:0a:1b,2,1,2,0,128,920,990,561,663,786,1017,454,405,243,951,182,882,557,649,424,41,172,660,911,294,11,334,213,181,534,70,410,13,638,162,298,992,104,68,70,70,75,76,79,67,95,88,105,93,87,69,86,75,61,81,58,77,70,82,76,70,93,67,92,72,95,97,90,96
[ 2905.763827] [AOA] Measurement: 0,1627161647.601939,08:55:31:9b:0a:1b,2,1,2,0,128,442,127,118,857,801,1010,974,230,233,935,718,57,567,680,997,235,234,688,913,324,86,386,259,217,70,285,998,223,674,173,138,742,111,74,73,73,79,80,85,71,98,91,107,99,91,73,91,78,63,82,62,78,75,83,79,73,100,70,96,77,98,101,94,104
[ 2905.802597] [AOA] Measurement: 0,1627161647.640711,08:55:31:9b:0a:1b,2,1,2,0,128,428,138,554,649,228,821,938,207,216,926,166,857,0,471,459,40,698,499,372,95,526,173,227,181,605,102,435,24,78,941,190,846,105,69,71,70,75,75,81,68,94,87,106,92,84,68,86,71,60,79,59,78,72,81,75,67,90,64,89,72,91,96,85,94
[ 2905.846892] [AOA] Measurement: 0,1627161647.685008,08:55:31:9b:0a:1b,2,1,2,0,128,453,200,74,844,749,1006,889,213,184,900,801,98,518,670,1003,219,211,677,399,108,58,380,215,193,111,274,1014,237,627,174,657,251,106,70,69,73,74,77,79,69,93,87,107,94,86,71,88,74,63,79,60,77,71,80,78,70,95,68,92,74,97,97,92,101
[ 2905.891409] [AOA] Measurement: 0,1627161647.729522,08:55:31:9b:0a:1b,2,1,2,0,128,876,991,609,692,207,812,939,211,749,85,164,883,999,466,480,83,653,425,401,77,461,123,716,17,100,311,912,202,663,149,627,254,110,72,75,75,79,80,86,73,99,91,109,99,90,74,93,78,64,82,63,80,75,83,81,74,98,71,96,78,103,103,99,105
[ 2905.940883] [AOA] Measurement: 0,1627161647.778996,08:55:31:9b:0a:1b,2,1,2,0,128,447,192,137,899,756,1006,496,436,776,136,676,13,546,672,4,258,182,639,380,121,81,379,196,184,59,277,1,247,603,148,815,403,103,69,71,70,74,76,80,69,94,88,104,93,86,67,88,73,59,80,60,77,72,79,75,69,92,65,90,72,92,95,90,95
[ 2905.980989] [AOA] Measurement: 0,1627161647.819098,08:55:31:9b:0a:1b,2,1,2,0,128,905,987,581,656,157,818,477,410,744,97,725,63,507,626,460,54,190,650,954,301,23,341,241,225,137,329,997,227,687,186,421,151,105,69,68,69,76,75,79,68,94,86,105,94,86,70,88,74,62,79,60,77,70,79,75,69,92,66,91,71,95,95,92,95
[ 2906.024593] [AOA] Measurement: 0,1627161647.862701,08:55:31:9b:0a:1b,2,1,2,0,128,445,180,131,892,762,991,936,208,730,77,786,73,518,648,455,66,154,615,416,80,519,127,738,22,599,134,959,213,678,155,138,755,112,75,76,74,79,80,84,74,98,91,111,97,93,72,93,78,64,85,63,79,76,83,79,72,97,69,91,74,94,100,90,95
[ 2906.067403] [AOA] Measurement: 0,1627161647.905518,08:55:31:9b:0a:1b,2,1,2,0,128,442,174,129,898,679,989,426,399,762,121,687,13,509,672,996,247,196,682,392,86,416,94,698,993,567,70,432,34,635,134,163,880,110,72,73,76,79,81,84,71,98,91,108,99,90,73,91,77,66,82,64,80,76,83,82,73,97,69,96,76,99,100,97,104
[ 2906.111044] [AOA] Measurement: 0,1627161647.949157,08:55:31:9b:0a:1b,2,1,2,0,128,923,1014,99,853,164,789,451,380,747,78,732,23,977,437,428,9,707,508,945,293,47,315,270,213,101,296,961,226,621,140,916,478,108,69,71,71,73,77,78,69,92,87,105,92,85,67,86,74,59,80,59,76,69,79,75,69,90,64,87,69,93,94,87,95
[ 2906.149702] [AOA] Measurement: 0,1627161647.987818,08:55:31:9b:0a:1b,2,1,2,0,128,898,975,593,699,252,836,895,161,779,107,168,875,4,473,452,60,209,697,961,326,36,322,698,30,140,327,971,237,643,165,933,572,106,70,70,69,75,76,80,68,94,87,106,92,83,67,85,74,57,79,59,77,72,79,75,69,93,62,89,70,89,94,84,92
[ 2906.188169] [AOA] Measurement: 0,1627161648.026278,08:55:31:9b:0a:1b,2,1,2,0,128,469,162,117,849,759,8,956,243,744,85,744,69,470,644,492,67,699,508,963,322,509,169,260,223,562,94,967,186,680,175,141,837,109,72,73,76,78,81,84,72,95,89,107,96,89,72,91,76,67,79,62,81,73,83,81,74,101,73,97,79,103,103,97,105
[ 2906.237303] [AOA] Measurement: 0,1627161648.075416,08:55:31:9b:0a:1b,2,1,2,0,128,946,986,637,715,177,785,938,166,190,913,159,895,539,653,1022,274,171,662,931,287,500,109,691,1013,648,133,424,12,136,1000,433,145,111,72,74,76,78,81,83,74,97,91,110,97,91,74,91,77,65,81,64,80,75,84,82,72,100,71,97,79,102,102,100,106
[ 2906.276675] [AOA] Measurement: 0,1627161648.114789,08:55:31:9b:0a:1b,2,1,2,0,128,1018,50,117,902,754,1019,459,430,703,69,708,40,526,650,455,92,195,658,970,311,69,351,188,151,600,131,412,19,33,932,323,107,105,70,71,70,77,76,82,70,94,88,106,94,87,71,88,74,62,79,62,76,70,81,79,69,95,68,92,73,98,97,94,101
[ 2906.320870] [AOA] Measurement: 0,1627161648.158983,08:55:31:9b:0a:1b,2,1,2,0,128,464,156,123,867,734,1002,496,375,763,101,720,34,561,709,996,244,188,667,935,272,40,335,235,204,98,308,971,245,635,153,673,339,102,70,69,69,74,76,81,70,94,86,105,93,85,69,89,74,64,77,59,77,72,79,78,69,95,67,94,75,95,98,92,100
[ 2906.360352] [AOA] Measurement: 0,1627161648.198461,08:55:31:9b:0a:1b,2,1,2,0,128,1015,1022,633,687,740,991,481,427,783,130,715,71,478,654,996,258,160,651,954,302,13,337,755,24,70,261,980,230,642,166,229,949,107,71,72,75,79,80,83,72,98,92,110,98,91,74,95,78,67,82,63,82,76,83,80,72,99,70,96,76,98,101,97,104
[ 2906.411324] [AOA] Measurement: 0,1627161648.249432,08:55:31:9b:0a:1b,2,1,2,0,128,965,2,130,904,751,14,446,418,803,110,728,53,484,661,24,252,142,647,1000,349,1019,318,230,225,135,363,964,225,693,152,835,408,105,69,71,71,75,77,82,69,94,87,106,93,85,70,88,75,61,79,60,79,70,78,75,69,92,66,92,72,93,96,91,94
[ 2906.456678] [AOA] Measurement: 0,1627161648.294792,08:55:31:9b:0a:1b,2,1,2,0,128,426,161,91,827,804,1012,466,405,744,92,205,918,474,644,1011,225,637,447,453,115,47,344,154,146,599,116,999,212,645,167,361,53,107,69,70,71,76,76,79,70,94,87,105,93,86,68,86,73,61,78,58,76,69,79,74,68,93,67,90,72,92,95,90,95
[ 2906.499896] [AOA] Measurement: 0,1627161648.338005,08:55:31:9b:0a:1b,2,1,2,0,128,439,158,158,911,778,8,419,371,749,98,779,81,483,643,434,39,165,655,424,135,9,323,202,180,155,298,947,174,643,147,686,286,113,73,76,76,80,81,84,74,98,92,110,98,90,73,92,79,63,86,63,82,75,83,78,73,98,69,96,76,96,99,93,96
[ 2906.544551] [AOA] Measurement: 0,1627161648.382665,08:55:31:9b:0a:1b,2,1,2,0,128,513,204,85,859,765,1006,915,167,238,918,166,860,502,655,988,264,185,652,327,55,567,165,695,26,535,92,431,9,701,169,819,478,104,68,70,70,74,75,80,68,92,87,104,95,86,71,87,72,63,79,60,78,71,81,77,70,94,66,91,74,96,95,93,97
[ 2906.588320] [AOA] Measurement: 0,1627161648.426433,08:55:31:9b:0a:1b,2,1,2,0,128,975,16,118,881,183,816,888,190,793,130,182,887,559,667,986,222,172,671,920,267,511,139,732,14,122,281,387,1008,116,995,471,200,104,68,68,72,75,76,81,69,92,85,103,91,85,72,88,74,65,78,59,75,72,81,76,70,96,70,92,76,98,99,95,102
[ 2906.631902] [AOA] Measurement: 0,1627161648.470015,08:55:31:9b:0a:1b,2,1,2,0,128,986,1021,124,845,196,806,480,435,820,159,705,45,508,650,972,212,687,460,366,105,569,190,241,201,109,304,985,272,620,164,797,468,105,67,69,70,74,74,80,69,92,86,105,92,84,68,85,73,60,80,61,77,70,78,75,69,93,64,91,71,94,95,89,96
[ 2906.676645] [AOA] Measurement: 0,1627161648.514758,08:55:31:9b:0a:1b,2,1,2,0,128,476,162,111,906,764,1000,460,362,746,112,713,27,986,438,970,226,223,715,939,312,43,344,193,155,136,315,978,201,629,168,334,915,111,73,74,74,77,80,86,75,98,92,109,98,89,72,94,77,64,84,62,80,75,85,81,73,99,70,95,76,100,101,96,102
[ 2906.725047] [AOA] Measurement: 0,1627161648.563155,08:55:31:9b:0a:1b,2,1,2,0,128,450,168,124,843,741,9,889,172,197,935,132,870,949,459,418,7,232,696,391,99,545,163,717,10,572,104,461,7,713,173,955,547,106,69,70,69,73,75,80,69,95,85,105,94,85,69,86,73,61,79,59,75,70,79,76,69,94,67,92,73,94,94,94,98
[ 2906.769349] [AOA] Measurement: 0,1627161648.607462,08:55:31:9b:0a:1b,2,1,2,0,128,977,13,151,854,242,851,932,211,125,888,241,922,977,473,415,16,721,505,996,352,995,296,689,995,580,74,997,251,590,95,636,435,106,66,72,67,76,76,79,68,94,86,106,93,86,66,88,74,59,79,60,76,71,79,74,67,92,64,89,69,92,96,89,98
[ 2906.813451] [AOA] Measurement: 0,1627161648.651563,08:55:31:9b:0a:1b,2,1,2,0,128,569,248,84,823,776,1007,438,393,763,107,744,68,479,634,1009,227,137,622,391,121,47,352,237,193,142,308,927,192,674,158,312,976,112,74,73,72,77,76,85,71,100,89,111,97,89,69,87,76,59,83,60,80,73,80,78,69,96,64,90,69,89,96,84,92
[ 2906.857668] [AOA] Measurement: 0,1627161648.695783,08:55:31:9b:0a:1b,2,1,2,0,128,422,179,116,890,765,1,392,351,199,945,208,932,991,489,507,84,201,665,931,319,11,291,241,187,576,92,1012,228,660,166,110,822,104,69,71,72,75,74,81,68,93,87,104,93,86,70,88,75,62,80,60,77,71,80,77,70,94,67,91,73,97,97,91,97
[ 2906.903168] [AOA] Measurement: 0,1627161648.741281,08:55:31:9b:0a:1b,2,1,2,0,128,482,227,92,826,723,974,932,182,223,929,180,896,512,664,1002,251,232,677,382,96,57,333,294,216,77,284,942,204,140,1020,196,844,110,71,75,75,79,79,85,72,99,91,112,97,90,73,92,78,64,83,63,83,77,83,79,71,98,69,96,75,96,98,95,102
[ 2906.946945] [AOA] Measurement: 0,1627161648.785058,08:55:31:9b:0a:1b,2,1,2,0,128,481,171,111,880,719,1004,908,150,247,918,220,879,533,656,938,216,182,661,396,119,55,322,267,220,602,118,979,207,650,174,1011,687,105,68,68,70,74,75,79,68,91,87,106,93,85,70,88,74,62,78,59,77,71,80,75,69,92,65,91,72,94,97,89,98
[ 2906.995013] [AOA] Measurement: 0,1627161648.833122,08:55:31:9b:0a:1b,2,1,2,0,128,472,187,114,867,713,958,931,224,792,126,176,877,1006,471,393,44,651,455,359,62,507,152,206,160,617,149,422,23,95,981,205,938,107,69,69,71,75,75,80,68,93,85,106,95,85,68,88,75,61,78,60,77,73,79,76,67,94,66,89,71,94,95,90,96
[ 2907.033782] [AOA] Measurement: 0,1627161648.871895,08:55:31:9b:0a:1b,2,1,2,0,128,437,153,66,832,225,820,951,245,806,123,702,13,536,677,964,227,217,677,914,284,58,372,277,238,78,289,369,35,65,961,525,282,105,69,69,71,75,76,80,69,93,88,106,93,84,69,86,73,60,81,58,75,71,79,75,69,92,65,89,70,91,96,88,95
[ 2907.074958] [AOA] Measurement: 0,1627161648.913066,08:55:31:9b:0a:1b,2,1,2,0,128,412,113,136,870,734,1000,463,412,204,937,204,919,954,464,370,1001,714,510,407,139,13,315,222,203,528,54,417,2,151,7,882,599,105,69,69,71,73,76,78,68,92,86,105,94,85,69,87,72,61,76,60,76,72,79,77,67,93,67,92,72,95,97,90,96
[ 2907.117832] [AOA] Measurement: 0,1627161648.955941,08:55:31:9b:0a:1b,2,1,2,0,128,935,4,591,674,773,10,868,138,219,915,196,907,493,645,443,23,672,474,331,71,582,198,208,201,102,306,969,238,681,173,530,180,107,69,72,68,75,75,80,67,95,84,107,91,85,65,84,72,55,81,57,75,69,76,73,67,89,61,85,65,86,91,84,88
[ 2907.160852] [AOA] Measurement: 0,1627161648.998961,08:55:31:9b:0a:1b,2,1,2,0,128,1002,5,129,900,687,968,907,191,773,75,204,868,512,648,421,32,654,431,367,146,534,147,730,14,582,96,977,246,656,152,504,133,105,69,69,69,76,76,81,67,94,86,106,94,84,66,86,73,57,78,58,76,71,78,74,67,91,63,88,70,90,95,88,92
[ 2907.206028] [AOA] Measurement: 0,1627161649.044144,08:55:31:9b:0a:1b,2,1,2,0,128,960,3,557,648,230,844,445,392,786,107,719,32,479,630,68,307,190,701,909,278,474,151,228,199,627,137,966,204,648,172,279,908,107,68,71,73,76,77,80,67,94,87,104,94,86,69,89,75,61,80,60,76,71,79,77,68,92,67,91,72,97,98,90,98
[ 2907.244579] [AOA] Measurement: 0,1627161649.082691,08:55:31:9b:0a:1b,2,1,2,0,128,449,177,133,882,752,1003,456,386,823,149,698,21,481,632,0,240,216,653,971,363,1013,351,233,151,82,277,428,46,745,201,873,530,103,66,69,69,73,75,80,68,93,86,105,93,85,68,88,74,60,77,58,76,70,80,76,71,93,67,90,73,93,94,91,97
[ 2907.283025] [AOA] Measurement: 0,1627161649.121140,08:55:31:9b:0a:1b,2,1,2,0,128,965,1022,104,872,797,21,470,435,766,117,728,38,558,723,973,196,210,683,968,316,105,389,245,192,112,288,952,194,558,133,885,532,111,72,74,76,79,81,84,73,98,91,111,100,90,75,92,78,67,83,63,80,75,83,80,73,98,72,97,78,102,103,97,106
[ 2907.331295] [AOA] Measurement: 0,1627161649.169408,08:55:31:9b:0a:1b,2,1,2,0,128,950,982,590,681,232,791,918,191,201,927,168,880,582,660,973,217,212,653,955,331,1023,324,678,965,590,69,428,17,104,982,84,769,104,68,72,70,75,75,79,67,94,87,105,92,85,68,86,72,58,80,59,77,71,79,75,69,90,65,87,69,89,95,87,93
[ 2907.381181] [AOA] Measurement: 0,1627161649.219294,08:55:31:9b:0a:1b,2,1,2,0,128,466,153,89,886,174,811,958,198,214,934,225,928,1009,475,472,62,154,643,1003,351,6,346,703,1018,617,177,992,211,608,153,567,164,105,69,71,70,75,77,81,69,93,86,104,93,87,71,89,73,62,79,60,77,73,81,77,70,94,68,92,73,96,97,93,99
[ 2907.422638] [AOA] Measurement: 0,1627161649.260720,08:55:31:9b:0a:1b,2,1,2,0,128,960,1008,594,687,173,815,492,423,185,932,751,86,469,658,971,231,217,694,960,331,511,114,759,43,119,327,953,188,686,209,733,350,106,69,72,71,74,75,81,69,96,90,102,94,86,70,90,76,62,81,58,77,71,79,78,71,94,68,92,72,96,97,92,98
[ 2907.472714] [AOA] Measurement: 0,1627161649.310821,08:55:31:9b:0a:1b,2,1,2,0,128,1006,24,571,648,224,813,975,213,187,943,100,818,966,466,485,80,142,620,1002,337,68,357,168,155,591,99,379,13,117,1004,981,732,103,68,72,71,74,77,80,68,93,85,105,92,86,70,87,72,60,78,59,75,71,79,75,70,94,65,90,71,93,95,90,94
[ 2907.517689] [AOA] Measurement: 0,1627161649.355804,08:55:31:9b:0a:1b,2,1,2,0,128,931,1014,77,820,727,1006,426,399,754,72,680,44,1012,493,439,46,618,423,439,133,461,115,673,8,591,81,421,0,662,145,553,188,104,70,70,71,76,76,79,69,93,86,102,94,84,69,86,73,63,78,58,77,70,79,76,70,94,68,91,73,97,97,94,98
[ 2907.556094] [AOA] Measurement: 0,1627161649.394209,08:55:31:9b:0a:1b,2,1,2,0,128,993,22,103,869,733,1004,439,332,183,931,183,898,995,443,511,67,613,411,444,159,58,373,230,182,42,263,372,24,72,973,219,995,110,73,73,74,79,80,84,72,96,93,111,98,91,73,91,78,63,85,62,80,75,85,81,73,100,69,94,76,100,101,95,100
[ 2907.601544] [AOA] Measurement: 0,1627161649.439657,08:55:31:9b:0a:1b,2,1,2,0,128,932,26,594,676,231,831,897,163,222,940,732,56,529,649,369,32,657,467,334,86,486,148,687,1003,558,78,429,44,653,111,983,713,104,70,70,72,75,76,81,70,94,86,106,93,84,70,89,74,64,78,61,74,72,80,76,70,94,69,90,74,97,97,94,99
[ 2907.645551] [AOA] Measurement: 0,1627161649.483664,08:55:31:9b:0a:1b,2,1,2,0,128,470,154,117,886,725,982,977,250,766,108,724,63,432,593,996,255,168,665,940,321,41,366,280,255,133,334,978,218,611,127,915,510,110,74,74,75,81,81,85,74,97,93,110,99,91,75,94,78,67,82,65,81,77,85,84,74,100,73,97,76,103,103,101,106
[ 2907.689912] [AOA] Measurement: 0,1627161649.528027,08:55:31:9b:0a:1b,2,1,2,0,128,999,41,86,824,202,823,891,192,240,939,165,860,987,479,440,31,202,662,392,121,480,148,208,180,121,325,957,200,76,976,103,805,112,72,75,76,79,80,86,73,100,93,111,100,92,73,93,81,64,84,63,81,74,83,80,74,99,71,98,76,101,103,92,104
[ 2907.728697] [AOA] Measurement: 0,1627161649.566806,08:55:31:9b:0a:1b,2,1,2,0,128,475,170,574,700,740,976,461,422,765,101,174,870,537,639,986,223,641,452,388,125,550,189,193,177,616,85,962,208,680,187,947,600,105,69,71,71,77,76,79,70,95,89,104,93,86,70,87,73,61,79,59,77,72,79,77,71,92,65,91,72,94,97,91,95
[ 2907.773363] [AOA] Measurement: 0,1627161649.611476,08:55:31:9b:0a:1b,2,1,2,0,128,926,1009,81,790,201,822,938,202,258,930,189,889,987,432,451,31,699,487,429,111,511,169,203,172,611,119,960,193,631,148,979,672,104,69,70,71,75,76,80,69,93,87,105,93,85,71,90,75,61,80,60,77,70,78,77,69,95,68,92,75,97,96,93,99
[ 2907.820357] [AOA] Measurement: 0,1627161649.658465,08:55:31:9b:0a:1b,2,1,2,0,128,503,177,138,889,749,968,463,379,751,67,203,889,962,412,441,22,734,481,918,305,26,329,725,43,82,290,968,237,666,165,459,57,111,74,73,78,80,82,84,74,99,92,110,99,92,76,95,79,68,82,64,81,76,85,82,73,99,71,98,79,100,104,100,107
[ 2907.863809] [AOA] Measurement: 0,1627161649.701918,08:55:31:9b:0a:1b,2,1,2,0,128,474,172,94,875,717,1007,406,352,232,974,720,60,441,594,428,30,155,671,997,307,511,111,697,1002,598,77,402,4,100,973,941,677,104,69,69,70,75,77,79,70,93,87,105,96,86,70,88,74,64,80,62,77,72,80,79,70,96,68,94,76,99,97,97,100
[ 2907.903860] [AOA] Measurement: 0,1627161649.741973,08:55:31:9b:0a:1b,2,1,2,0,128,927,1014,598,714,751,980,974,214,770,104,714,39,459,618,453,58,611,441,412,116,522,169,178,187,652,156,384,1,122,1001,465,165,104,68,69,69,75,74,79,66,94,83,105,92,84,68,88,73,60,78,59,76,71,79,77,70,92,65,90,69,92,93,88,95
[ 2907.947786] [AOA] Measurement: 0,1627161649.785901,08:55:31:9b:0a:1b,2,1,2,0,128,483,198,95,866,772,1016,410,373,236,919,228,898,933,447,460,87,163,657,951,296,28,339,230,206,165,306,933,188,657,137,959,643,104,69,69,69,74,76,80,69,94,86,106,95,83,68,88,75,59,79,59,77,71,80,78,69,95,66,92,73,93,96,92,97
[ 2907.995806] [AOA] Measurement: 0,1627161649.833915,08:55:31:9b:0a:1b,2,1,2,0,128,465,170,104,846,759,1004,445,394,769,69,196,882,1010,506,995,252,215,702,927,312,17,336,239,162,576,112,997,238,62,997,862,567,107,68,70,72,74,77,80,70,94,87,103,94,86,70,88,75,63,78,61,77,70,81,77,70,95,68,91,73,97,98,93,100
[ 2908.040261] [AOA] Measurement: 0,1627161649.878369,08:55:31:9b:0a:1b,2,1,2,0,128,979,29,111,871,709,969,933,177,747,97,134,861,979,464,437,22,215,681,417,131,38,341,201,129,566,60,467,50,588,102,525,117,111,71,74,73,78,80,85,73,99,93,110,99,90,74,92,77,64,84,63,81,75,83,78,72,97,67,95,76,98,101,93,100
[ 2908.083465] [AOA] Measurement: 0,1627161649.921574,08:55:31:9b:0a:1b,2,1,2,0,128,957,1017,575,645,217,788,930,178,247,951,710,37,994,446,461,18,177,647,960,305,26,338,227,189,577,95,446,5,106,981,466,184,111,72,73,74,80,80,84,75,100,90,110,99,90,72,93,78,65,83,63,81,74,85,82,76,100,71,97,77,103,103,98,103
[ 2908.134367] [AOA] Measurement: 0,1627161649.972475,08:55:31:9b:0a:1b,2,1,2,0,128,499,198,65,805,812,11,420,368,798,132,680,33,1017,483,980,214,686,472,391,93,473,122,674,1007,614,109,406,27,95,1007,239,924,111,72,73,73,80,81,84,71,97,91,109,98,90,73,92,77,65,84,62,81,76,85,82,73,99,71,98,78,101,101,99,103
[ 2908.182936] [AOA] Measurement: 0,1627161650.021051,08:55:31:9b:0a:1b,2,1,2,0,128,988,45,101,869,718,974,408,349,244,961,213,909,545,699,963,227,178,639,864,251,530,145,729,20,605,94,414,10,96,976,297,1003,109,72,72,75,79,83,81,73,96,92,108,99,88,73,92,78,68,82,64,82,74,83,83,75,98,72,97,78,104,103,101,107
[ 2908.239026] [AOA] Measurement: 0,1627161650.077111,08:55:31:9b:0a:1b,2,1,2,0,128,885,979,126,864,750,1000,933,195,176,937,174,875,15,482,997,225,253,713,915,306,64,396,178,181,105,303,922,206,12,930,832,526,110,71,72,77,78,81,82,73,96,91,107,95,90,76,94,80,67,84,63,80,74,84,81,72,100,73,97,79,101,102,99,106
[ 2908.287317] [AOA] Measurement: 0,1627161650.125431,08:55:31:9b:0a:1b,2,1,2,0,128,440,132,168,923,751,998,447,423,763,117,699,48,530,701,968,227,157,675,969,342,9,281,250,228,83,243,13,253,615,182,345,941,105,67,71,67,73,73,77,64,94,84,103,90,82,63,83,72,54,80,56,73,68,74,71,64,86,59,82,64,83,88,78,87
[ 2908.325816] [AOA] Measurement: 0,1627161650.163929,08:55:31:9b:0a:1b,2,1,2,0,128,453,152,162,904,737,1004,404,331,182,936,152,876,558,671,1023,261,222,685,942,306,68,352,230,208,81,301,958,236,662,156,398,15,105,68,70,69,76,75,81,69,94,86,104,92,86,70,87,73,62,79,60,77,72,80,77,68,94,67,90,71,93,95,91,97
[ 2908.370616] [AOA] Measurement: 0,1627161650.208729,08:55:31:9b:0a:1b,2,1,2,0,128,364,133,101,852,772,999,416,383,756,97,696,67,494,654,384,15,685,528,966,328,1017,314,239,194,549,87,417,40,614,140,962,826,105,68,70,69,74,74,78,66,95,84,105,93,84,67,89,74,59,79,57,76,71,79,75,68,92,64,89,70,93,95,88,95
[ 2908.414782] [AOA] Measurement: 0,1627161650.252895,08:55:31:9b:0a:1b,2,1,2,0,128,480,192,90,882,758,1008,432,374,844,129,719,9,1001,487,1002,251,185,647,944,291,44,360,273,199,39,248,1021,242,683,183,418,119,107,69,69,70,75,76,80,69,95,87,106,94,88,70,88,75,62,80,61,77,74,81,77,69,94,67,91,73,92,94,91,95
[ 2908.459153] [AOA] Measurement: 0,1627161650.297262,08:55:31:9b:0a:1b,2,1,2,0,128,471,186,594,692,198,826,954,206,779,104,732,45,472,611,19,279,159,646,399,93,53,340,254,204,41,240,387,1021,96,975,738,457,104,69,70,71,76,79,80,71,93,87,103,92,85,69,89,74,62,79,61,76,71,80,78,70,93,67,91,71,91,99,92,98
[ 2908.502160] [AOA] Measurement: 0,1627161650.340270,08:55:31:9b:0a:1b,2,1,2,0,128,431,114,162,920,673,966,504,442,788,94,740,36,965,455,489,43,646,448,387,125,50,333,193,184,577,114,417,1019,686,212,156,788,112,72,72,73,78,77,83,71,99,90,111,98,89,69,92,79,60,84,60,80,72,82,77,69,94,64,91,72,92,97,87,92
[ 2908.552521] [AOA] Measurement: 0,1627161650.390630,08:55:31:9b:0a:1b,2,1,2,0,128,455,156,128,879,735,6,436,321,797,134,755,43,549,647,930,188,227,655,973,360,71,364,217,188,136,301,912,226,642,158,589,189,114,74,75,75,82,82,86,74,99,94,110,99,92,74,92,78,65,84,63,82,75,84,81,71,98,70,95,76,100,104,95,104
[ 2908.603423] [AOA] Measurement: 0,1627161650.441531,08:55:31:9b:0a:1b,2,1,2,0,128,486,182,130,874,714,991,934,221,192,907,776,91,498,651,1014,248,208,679,959,333,3,304,251,188,114,310,982,254,627,139,426,74,104,67,70,73,75,77,79,68,93,87,104,92,86,70,88,72,62,79,59,78,70,79,77,67,94,68,90,73,94,96,92,99
[ 2908.647841] [AOA] Measurement: 0,1627161650.485956,08:55:31:9b:0a:1b,2,1,2,0,128,923,989,585,659,168,781,939,200,246,901,122,851,10,489,387,1016,684,474,394,81,519,164,686,1013,577,117,451,33,102,974,144,844,105,69,70,69,76,77,80,70,95,86,104,91,85,70,88,73,61,79,59,75,71,78,76,68,92,65,90,72,95,97,90,96
[ 2908.688110] [AOA] Measurement: 0,1627161650.526224,08:55:31:9b:0a:1b,2,1,2,0,128,921,976,552,649,223,815,902,195,760,63,205,894,509,644,440,38,159,649,431,125,1023,301,235,162,91,302,975,229,619,140,296,10,102,68,69,70,75,76,80,70,93,87,104,95,87,70,88,75,60,79,59,78,72,81,77,68,95,67,91,73,96,96,93,98
[ 2908.732076] [AOA] Measurement: 0,1627161650.570188,08:55:31:9b:0a:1b,2,1,2,0,128,465,185,107,890,752,1022,450,396,707,87,194,885,1007,493,480,81,153,648,1001,343,59,323,258,219,134,326,917,181,105,1001,8,786,107,72,72,75,77,81,83,73,97,93,111,97,90,75,94,77,66,84,63,82,76,86,81,74,100,72,98,78,102,103,98,108
[ 2908.781544] [AOA] Measurement: 0,1627161650.619660,08:55:31:9b:0a:1b,2,1,2,0,128,926,978,533,637,224,842,911,182,228,927,732,42,515,698,984,231,199,694,399,107,472,142,717,0,582,93,432,43,119,982,116,873,106,70,72,71,73,75,80,69,93,85,107,93,86,70,89,76,60,81,60,78,72,79,76,69,93,65,91,71,93,97,88,98
[ 2908.820645] [AOA] Measurement: 0,1627161650.658753,08:55:31:9b:0a:1b,2,1,2,0,128,424,133,119,860,737,994,425,355,756,133,670,6,539,640,991,229,218,688,922,303,99,368,186,137,117,306,949,195,73,983,585,271,111,72,72,74,80,82,84,73,96,92,108,96,90,73,94,79,65,82,63,79,75,84,80,72,99,71,96,76,99,102,94,102
[ 2908.863628] [AOA] Measurement: 0,1627161650.701743,08:55:31:9b:0a:1b,2,1,2,0,128,962,1019,123,844,730,997,440,381,775,130,144,886,976,439,428,56,638,484,380,119,86,370,264,163,145,338,953,198,628,144,345,24,112,75,76,75,79,81,85,74,100,91,111,96,92,73,93,78,62,85,64,82,76,84,84,74,99,69,96,75,98,99,96,100
[ 2908.909967] [AOA] Measurement: 0,1627161650.748075,08:55:31:9b:0a:1b,2,1,2,0,128,944,19,112,845,155,774,934,184,183,901,230,896,465,601,467,63,218,715,380,106,511,162,247,189,72,263,1015,234,654,171,107,739,107,69,70,74,77,77,81,70,96,87,106,94,86,71,89,74,62,81,60,77,72,81,77,71,94,69,93,74,99,99,94,99
[ 2908.953245] [AOA] Measurement: 0,1627161650.791352,08:55:31:9b:0a:1b,2,1,2,0,128,936,1000,640,686,748,6,873,165,200,922,203,906,1023,455,989,229,683,496,369,82,473,122,701,1006,516,71,422,3,117,994,221,1018,107,69,69,69,75,76,80,69,95,85,104,93,86,70,88,74,62,80,59,78,71,81,79,69,94,68,91,73,96,95,92,99
[ 2908.996621] [AOA] Measurement: 0,1627161650.834729,08:55:31:9b:0a:1b,2,1,2,0,128,492,237,105,862,216,803,931,186,248,966,697,55,968,485,444,24,660,452,372,95,510,147,704,30,595,81,390,1005,104,1001,566,333,104,69,73,69,74,75,79,66,96,86,105,90,84,66,86,73,58,81,56,74,69,78,75,68,93,63,90,71,88,94,85,90
[ 2909.040187] [AOA] Measurement: 0,1627161650.878295,08:55:31:9b:0a:1b,2,1,2,0,128,460,166,110,873,195,823,976,225,192,919,176,899,3,466,999,273,121,616,935,291,20,337,226,185,101,316,939,186,665,141,891,608,104,68,69,71,74,74,79,69,95,87,105,94,85,69,88,72,60,78,59,74,71,79,77,69,94,66,91,72,96,97,93,98
[ 2909.078861] [AOA] Measurement: 0,1627161650.916976,08:55:31:9b:0a:1b,2,1,2,0,128,493,166,154,889,749,987,500,414,756,81,767,48,440,571,1002,264,596,425,986,341,27,335,707,20,135,314,361,1013,140,1012,789,436,111,73,75,72,78,81,86,72,99,90,111,98,90,71,92,78,63,84,64,82,76,85,80,73,97,69,95,73,97,97,95,101
[ 2909.123460] [AOA] Measurement: 0,1627161650.961574,08:55:31:9b:0a:1b,2,1,2,0,128,528,227,168,918,721,999,430,393,768,142,720,12,949,419,1001,214,194,674,921,274,69,367,289,238,148,319,953,206,621,137,764,449,113,74,74,76,80,81,86,73,98,92,111,98,90,74,93,78,63,84,62,80,76,85,80,73,97,69,96,75,97,102,93,100
[ 2909.162236] [AOA] Measurement: 0,1627161651.000351,08:55:31:9b:0a:1b,2,1,2,0,128,966,1021,134,879,752,1002,461,427,738,99,709,59,522,652,448,81,181,668,937,344,32,343,225,187,133,308,960,213,650,175,275,13,104,70,69,69,73,75,79,66,94,87,102,93,83,68,85,72,60,78,60,76,70,78,75,67,91,65,89,71,92,94,88,94
[ 2909.206934] [AOA] Measurement: 0,1627161651.045047,08:55:31:9b:0a:1b,2,1,2,0,128,444,163,90,830,776,1005,419,363,178,917,720,64,549,648,25,251,176,645,394,101,455,138,744,38,112,311,948,192,626,105,515,216,110,72,74,75,79,80,84,72,97,91,108,96,90,74,94,77,65,82,63,80,75,83,79,75,98,70,97,78,99,102,97,100
[ 2909.250448] [AOA] Measurement: 0,1627161651.088557,08:55:31:9b:0a:1b,2,1,2,0,128,936,1007,556,631,220,814,967,221,241,941,162,883,979,451,445,34,650,450,418,150,17,347,238,223,565,87,985,215,648,129,245,952,103,67,69,71,74,76,78,70,92,85,103,93,85,71,88,72,62,77,61,78,71,80,76,70,92,68,92,74,97,97,93,100
[ 2909.293456] [AOA] Measurement: 0,1627161651.131572,08:55:31:9b:0a:1b,2,1,2,0,128,491,182,101,897,715,996,483,439,759,128,728,46,514,647,39,271,197,674,985,400,11,326,250,183,558,131,404,35,612,135,257,1002,106,70,69,73,74,76,80,70,93,87,104,94,85,71,89,75,61,79,59,75,69,82,76,70,95,69,91,74,96,97,94,99
[ 2909.336908] [AOA] Measurement: 0,1627161651.175021,08:55:31:9b:0a:1b,2,1,2,0,128,985,993,137,883,703,992,450,365,782,136,679,41,534,661,932,183,657,466,405,114,507,140,731,9,616,117,419,1018,669,190,668,285,111,73,75,75,79,80,84,73,99,91,110,99,89,74,93,79,67,82,62,81,74,83,82,73,99,72,98,79,102,104,101,108
[ 2909.383551] [AOA] Measurement: 0,1627161651.221660,08:55:31:9b:0a:1b,2,1,2,0,128,994,3,97,863,795,2,455,426,722,86,707,54,926,449,1020,241,241,706,974,295,69,363,263,220,92,298,410,28,64,985,465,136,108,71,74,72,77,77,84,69,97,89,112,96,88,68,89,78,58,83,62,80,74,81,76,69,91,63,88,67,91,92,84,91
[ 2909.429526] [AOA] Measurement: 0,1627161651.267640,08:55:31:9b:0a:1b,2,1,2,0,128,417,190,552,685,760,963,477,436,774,101,712,73,471,639,444,20,267,704,950,323,35,297,688,1011,584,63,410,40,628,177,206,899,104,68,70,70,75,77,81,70,92,87,104,95,84,72,89,75,65,78,61,75,72,80,77,70,95,70,93,75,98,95,96,101
[ 2909.467831] [AOA] Measurement: 0,1627161651.305947,08:55:31:9b:0a:1b,2,1,2,0,128,434,135,169,912,710,957,435,356,795,133,724,47,513,673,458,6,242,715,944,273,49,338,239,221,102,325,962,227,663,135,976,646,113,72,75,73,80,81,84,72,100,92,111,97,89,72,92,77,64,86,63,82,76,83,81,72,99,69,94,73,95,101,93,98
[ 2909.506383] [AOA] Measurement: 0,1627161651.344498,08:55:31:9b:0a:1b,2,1,2,0,128,433,134,119,828,178,778,923,201,740,78,194,891,972,442,1019,246,114,636,967,298,25,347,199,147,613,85,1004,249,661,150,532,180,110,70,73,74,80,82,83,73,98,92,111,98,89,74,95,79,64,84,65,81,76,85,81,74,100,71,97,77,100,100,97,102
[ 2909.553092] [AOA] Measurement: 0,1627161651.391201,08:55:31:9b:0a:1b,2,1,2,0,128,533,208,80,845,762,1011,463,374,793,114,780,97,494,640,2,264,184,656,941,353,34,336,279,196,167,325,946,207,679,167,286,993,106,70,70,69,73,75,80,69,95,85,107,95,85,70,87,75,59,80,59,77,72,81,74,69,92,65,90,72,92,97,90,98
[ 2909.597637] [AOA] Measurement: 0,1627161651.435752,08:55:31:9b:0a:1b,2,1,2,0,128,511,217,104,851,740,1004,480,396,711,63,792,84,519,643,443,3,207,653,992,290,55,329,232,202,133,298,2,255,667,198,172,798,105,71,69,72,76,76,80,70,95,87,107,93,85,68,90,76,60,79,60,78,70,80,74,69,93,65,91,71,95,96,92,98
[ 2909.635873] [AOA] Measurement: 0,1627161651.473987,08:55:31:9b:0a:1b,2,1,2,0,128,465,148,590,687,789,1020,461,405,216,941,230,916,1018,495,968,227,690,481,366,88,477,131,252,187,564,89,390,1006,63,944,995,762,106,71,70,68,76,76,79,68,94,86,106,90,86,67,85,74,59,81,60,76,71,81,75,68,94,65,90,70,90,95,86,93
[ 2909.680553] [AOA] Measurement: 0,1627161651.518666,08:55:31:9b:0a:1b,2,1,2,0,128,515,206,70,861,740,1004,440,382,742,86,725,69,517,635,1002,272,188,645,930,313,57,353,284,231,65,239,974,223,669,160,272,885,109,71,73,73,80,80,84,72,98,91,108,97,91,73,92,78,64,82,63,82,74,82,78,71,96,68,95,74,94,100,93,103
[ 2909.725071] [AOA] Measurement: 0,1627161651.563184,08:55:31:9b:0a:1b,2,1,2,0,128,490,192,129,888,706,965,905,125,829,114,775,74,515,616,965,224,181,692,423,106,528,159,202,171,565,103,433,21,612,140,719,402,102,70,70,72,76,78,81,71,92,87,104,93,84,71,90,74,64,78,59,78,71,81,77,69,94,68,91,73,97,99,93,101
[ 2909.770405] [AOA] Measurement: 0,1627161651.608513,08:55:31:9b:0a:1b,2,1,2,0,128,919,982,544,661,215,784,923,207,742,93,711,17,478,655,418,27,239,682,931,284,521,155,670,1000,569,94,946,246,679,154,862,551,104,67,70,70,75,75,78,66,92,87,104,92,85,70,87,75,60,80,60,76,70,79,75,70,94,66,90,71,95,96,91,97
[ 2909.813038] [AOA] Measurement: 0,1627161651.651153,08:55:31:9b:0a:1b,2,1,2,0,128,416,140,70,823,177,822,517,424,822,128,679,19,443,614,424,64,159,663,406,167,441,135,692,992,597,102,974,189,75,989,806,496,106,69,69,72,77,78,80,68,92,87,106,95,85,70,88,74,61,79,59,77,71,79,77,69,97,68,93,74,96,99,93,100
[ 2909.856722] [AOA] Measurement: 0,1627161651.694836,08:55:31:9b:0a:1b,2,1,2,0,128,972,1008,101,856,760,1005,442,375,227,937,732,53,998,496,408,21,677,456,916,321,10,320,219,148,144,305,953,184,615,119,382,78,105,69,70,69,76,76,80,69,94,87,104,91,84,69,88,74,61,80,61,78,72,79,78,70,95,68,92,73,92,96,89,98
[ 2909.903014] [AOA] Measurement: 0,1627161651.741123,08:55:31:9b:0a:1b,2,1,2,0,128,416,185,109,866,748,972,449,365,731,119,709,60,563,713,968,230,232,695,980,338,37,307,217,163,541,69,6,255,705,193,98,656,110,74,72,73,77,80,84,75,99,92,110,99,88,72,94,77,64,83,64,81,75,86,82,74,98,71,94,77,100,101,98,103
[ 2909.949118] [AOA] Measurement: 0,1627161651.787230,08:55:31:9b:0a:1b,2,1,2,0,128,949,998,567,647,187,809,906,214,237,926,165,888,532,608,1021,277,189,639,370,74,465,125,756,25,90,246,398,16,57,986,525,246,108,70,74,75,79,82,84,75,94,91,105,98,87,74,95,79,69,80,64,83,75,84,82,75,100,74,96,82,104,102,101,108
[ 2909.993715] [AOA] Measurement: 0,1627161651.831830,08:55:31:9b:0a:1b,2,1,2,0,128,471,165,134,866,722,992,444,411,763,88,711,5,12,477,469,58,222,708,957,320,41,361,168,172,130,317,0,268,592,117,267,877,110,75,73,77,80,81,84,75,99,91,111,99,92,75,94,79,67,85,67,84,77,87,83,74,98,70,96,77,99,102,96,103
[ 2910.036487] [AOA] Measurement: 0,1627161651.874595,08:55:31:9b:0a:1b,2,1,2,0,128,438,182,112,852,735,969,471,424,771,135,159,858,917,432,428,25,192,649,972,336,55,349,190,163,92,296,954,193,621,123,772,436,109,73,73,77,80,81,85,72,99,93,111,100,89,74,93,78,67,84,64,81,76,85,81,74,98,70,98,79,100,102,98,104
[ 2910.080344] [AOA] Measurement: 0,1627161651.918452,08:55:31:9b:0a:1b,2,1,2,0,128,479,165,87,830,241,842,471,396,786,86,225,919,540,684,997,245,204,648,324,77,526,156,697,1006,112,313,990,215,644,145,678,316,104,69,69,69,74,75,81,68,93,87,105,93,85,68,87,74,58,79,58,75,70,77,72,66,89,59,88,68,89,93,85,92
[ 2910.123712] [AOA] Measurement: 0,1627161651.961827,08:55:31:9b:0a:1b,2,1,2,0,128,930,31,142,888,733,984,465,426,784,116,714,47,496,639,981,232,199,712,944,319,43,315,241,206,107,302,1003,246,611,132,661,312,104,70,69,69,75,78,81,70,93,87,103,95,86,72,88,73,63,79,61,79,72,83,78,70,95,69,94,76,98,97,96,101
[ 2910.162393] [AOA] Measurement: 0,1627161652.000502,08:55:31:9b:0a:1b,2,1,2,0,128,487,187,55,825,773,1012,919,161,209,919,232,890,538,700,981,253,211,692,972,306,45,337,154,145,145,304,921,202,592,156,456,99,106,69,70,70,76,77,81,70,95,87,107,94,87,69,90,74,61,80,61,75,71,83,76,68,92,66,91,71,96,98,93,100
[ 2910.213651] [AOA] Measurement: 0,1627161652.051759,08:55:31:9b:0a:1b,2,1,2,0,128,938,1001,129,890,734,973,466,385,740,83,728,38,545,661,974,245,186,663,367,124,48,359,707,32,540,76,391,13,693,176,504,182,104,70,72,71,74,75,79,69,92,85,104,94,86,68,89,74,62,78,60,77,72,80,77,70,94,66,93,71,94,96,90,97
[ 2910.257491] [AOA] Measurement: 0,1627161652.095599,08:55:31:9b:0a:1b,2,1,2,0,128,482,159,122,875,721,968,934,218,738,99,164,884,951,444,393,23,686,495,374,93,497,121,185,166,612,156,951,223,630,154,147,766,104,69,72,72,77,77,82,70,96,88,105,94,84,69,87,74,61,81,60,78,73,82,77,72,94,66,90,73,96,95,91,98
[ 2910.296594] [AOA] Measurement: 0,1627161652.134710,08:55:31:9b:0a:1b,2,1,2,0,128,952,1011,626,687,204,812,445,377,213,894,141,884,987,466,471,48,712,511,411,129,31,316,267,201,590,119,958,192,628,162,964,672,108,70,72,74,78,81,82,72,98,91,110,98,89,72,91,77,63,83,61,80,75,84,80,71,98,69,96,75,95,102,90,101
[ 2910.337599] [AOA] Measurement: 0,1627161652.175707,08:55:31:9b:0a:1b,2,1,2,0,128,435,169,102,855,700,962,985,222,204,944,202,908,978,478,957,219,645,466,391,126,473,110,740,19,121,277,952,205,641,123,852,506,106,70,72,67,74,74,78,67,96,84,106,92,83,66,84,73,54,79,58,75,70,77,71,66,88,59,86,65,87,88,79,88
[ 2910.384202] [AOA] Measurement: 0,1627161652.222315,08:55:31:9b:0a:1b,2,1,2,0,128,978,5,560,645,210,809,885,161,273,940,179,902,986,438,415,16,679,472,390,98,508,155,743,5,569,98,422,1018,68,967,439,193,111,73,76,72,79,79,83,72,99,91,112,99,92,71,93,78,61,84,63,81,75,84,79,72,98,68,94,74,95,100,91,98
[ 2910.428913] [AOA] Measurement: 0,1627161652.267028,08:55:31:9b:0a:1b,2,1,2,0,128,483,216,47,791,237,833,937,214,777,128,693,4,3,487,939,160,671,498,979,334,54,350,266,194,43,241,449,19,122,1000,756,375,110,71,74,74,77,80,83,73,97,90,110,97,90,70,91,77,63,83,63,82,76,83,80,73,99,69,98,76,98,100,94,102
[ 2910.468765] [AOA] Measurement: 0,1627161652.306880,08:55:31:9b:0a:1b,2,1,2,0,128,471,195,88,871,205,803,941,204,220,975,762,81,487,681,977,239,227,733,880,264,20,320,246,205,581,123,946,184,109,1008,249,901,111,71,73,75,80,81,85,72,97,89,109,99,91,74,91,77,65,85,63,82,77,85,80,73,100,70,96,75,100,102,97,102
[ 2910.513709] [AOA] Measurement: 0,1627161652.351822,08:55:31:9b:0a:1b,2,1,2,0,128,470,183,102,842,198,793,1000,199,235,934,731,51,544,685,968,212,248,670,948,318,28,342,213,211,550,81,438,30,612,124,545,215,103,67,67,71,74,77,79,68,92,86,105,94,84,69,86,76,61,77,60,77,71,78,76,70,92,68,90,74,97,96,95,100
[ 2910.552320] [AOA] Measurement: 0,1627161652.390434,08:55:31:9b:0a:1b,2,1,2,0,128,531,246,95,854,720,945,498,444,751,116,687,33,500,660,453,68,147,634,922,313,498,146,251,166,540,54,402,52,614,145,486,105,113,74,75,74,77,79,83,70,99,91,111,96,90,71,91,78,61,84,61,82,74,84,80,70,97,66,93,73,93,99,88,96
[ 2910.594753] [AOA] Measurement: 0,1627161652.432861,08:55:31:9b:0a:1b,2,1,2,0,128,909,982,581,671,171,817,935,158,246,924,214,889,891,415,402,4,635,442,479,124,13,338,674,960,591,108,487,49,83,963,904,701,111,73,72,76,80,81,83,73,99,92,108,98,90,74,92,79,66,83,62,82,76,84,82,75,101,72,97,77,103,102,100,104
[ 2910.640570] [AOA] Measurement: 0,1627161652.478679,08:55:31:9b:0a:1b,2,1,2,0,128,981,1021,113,873,169,850,464,393,224,965,707,48,958,454,1013,213,196,672,432,94,21,349,707,1018,64,243,422,17,634,138,931,567,109,73,74,76,81,81,85,73,97,91,110,97,91,73,93,80,65,83,63,81,75,85,81,74,99,69,98,75,99,104,94,102
[ 2910.683956] [AOA] Measurement: 0,1627161652.522069,08:55:31:9b:0a:1b,2,1,2,0,128,968,1000,538,655,213,834,456,374,235,940,718,61,985,451,451,40,661,445,431,145,479,128,727,1021,106,259,951,197,86,979,484,180,106,69,71,71,73,75,82,70,96,88,106,94,88,71,89,74,61,80,60,78,70,78,76,69,93,67,90,73,95,98,90,97
[ 2910.727790] [AOA] Measurement: 0,1627161652.565905,08:55:31:9b:0a:1b,2,1,2,0,128,967,1023,617,657,194,816,895,172,223,929,202,867,1019,447,475,45,656,446,385,109,525,147,698,1011,525,89,954,187,126,1014,798,436,105,68,70,71,76,77,80,68,95,89,106,94,84,70,88,75,62,79,60,78,71,81,76,69,95,69,91,73,96,98,92,99
[ 2910.775977] [AOA] Measurement: 0,1627161652.614086,08:55:31:9b:0a:1b,2,1,2,0,128,979,16,601,693,188,788,944,203,789,105,786,75,487,648,14,273,188,654,429,140,553,201,237,196,604,123,405,19,70,968,829,587,110,71,71,74,79,82,81,72,97,91,108,99,88,75,93,78,67,81,63,81,74,82,82,73,99,72,96,79,103,103,99,104
[ 2910.821863] [AOA] Measurement: 0,1627161652.659976,08:55:31:9b:0a:1b,2,1,2,0,128,460,159,104,881,175,783,934,206,779,118,708,44,532,686,1001,227,188,664,968,375,1015,285,218,167,588,100,419,55,146,1011,971,659,112,73,76,74,80,79,82,72,98,89,110,97,91,69,92,78,63,84,62,82,75,82,80,73,97,67,93,74,96,99,90,100
[ 2910.864787] [AOA] Measurement: 0,1627161652.702895,08:55:31:9b:0a:1b,2,1,2,0,128,916,978,528,633,182,830,922,178,225,929,695,22,18,479,1001,270,133,623,939,300,32,324,694,1015,621,132,947,192,97,991,976,768,110,73,76,73,81,81,85,73,98,92,111,98,91,74,93,78,63,85,63,79,75,85,79,73,97,68,97,75,97,100,94,103
[ 2910.916615] [AOA] Measurement: 0,1627161652.754730,08:55:31:9b:0a:1b,2,1,2,0,128,920,986,88,801,793,3,871,147,797,96,682,42,977,455,1008,246,149,652,382,73,502,166,207,156,608,109,463,38,102,956,889,594,104,68,71,70,76,76,80,69,93,87,105,94,86,70,88,73,59,78,59,76,71,79,76,70,92,64,91,70,94,96,89,96
[ 2910.960154] [AOA] Measurement: 0,1627161652.798267,08:55:31:9b:0a:1b,2,1,2,0,128,520,202,179,885,745,978,506,407,772,129,701,32,561,681,406,1,151,664,409,135,64,354,211,142,115,285,381,3,122,1006,6,732,110,73,73,76,80,79,84,73,97,92,109,99,89,73,93,77,67,80,64,81,74,85,81,73,99,70,95,75,100,103,97,105
[ 2910.999192] [AOA] Measurement: 0,1627161652.837304,08:55:31:9b:0a:1b,2,1,2,0,128,417,140,105,842,716,955,945,216,182,930,687,46,502,632,998,240,158,637,924,273,92,399,277,229,72,265,1003,276,606,134,565,270,106,69,71,70,75,75,80,68,94,87,107,92,86,67,85,75,59,79,58,76,70,79,75,68,91,63,89,70,92,96,86,93
[ 2911.038006] [AOA] Measurement: 0,1627161652.876113,08:55:31:9b:0a:1b,2,1,2,0,128,942,1010,117,831,812,34,436,363,753,113,690,73,916,391,424,18,696,495,918,303,507,115,726,1005,559,88,966,217,120,1021,1016,600,107,70,71,70,76,76,82,69,94,88,104,95,87,69,87,74,60,80,59,77,71,80,78,70,94,67,91,72,97,97,91,98
[ 2911.086245] [AOA] Measurement: 0,1627161652.924358,08:55:31:9b:0a:1b,2,1,2,0,128,960,1012,596,688,163,803,895,174,206,919,220,924,968,402,457,64,186,639,424,82,509,128,612,971,601,102,372,1013,89,973,748,455,108,73,73,75,77,80,83,74,98,91,109,99,91,73,93,77,66,84,65,80,76,83,80,74,100,72,98,79,103,104,98,103
[ 2911.132958] [AOA] Measurement: 0,1627161652.971067,08:55:31:9b:0a:1b,2,1,2,0,128,468,191,131,874,782,1004,428,403,749,100,679,20,498,677,987,228,159,626,974,330,501,133,234,196,163,362,998,232,602,123,821,450,104,68,69,72,75,76,80,70,94,85,104,93,87,69,89,73,63,80,61,75,70,80,76,69,95,67,92,73,96,97,93,97
[ 2911.177885] [AOA] Measurement: 0,1627161653.015998,08:55:31:9b:0a:1b,2,1,2,0,128,1017,22,136,873,765,1009,908,204,262,932,169,880,961,467,405,35,653,482,383,92,543,146,259,197,577,102,440,54,641,136,733,411,106,69,71,75,78,79,83,73,96,90,108,95,88,74,91,76,67,81,63,79,73,83,81,73,98,71,96,79,100,103,99,103
[ 2911.222577] [AOA] Measurement: 0,1627161653.060690,08:55:31:9b:0a:1b,2,1,2,0,128,470,174,142,885,129,770,885,140,203,954,158,879,1018,497,435,41,636,418,359,92,537,160,675,1016,137,346,939,173,635,130,420,25,107,69,71,72,75,77,81,69,96,88,106,94,85,69,87,73,62,79,59,77,71,80,77,68,93,66,93,69,94,97,90,97
[ 2911.266730] [AOA] Measurement: 0,1627161653.104845,08:55:31:9b:0a:1b,2,1,2,0,128,482,145,107,874,718,1001,413,346,711,77,687,13,992,495,415,29,647,435,396,94,557,179,155,126,668,144,362,986,127,999,870,503,105,70,69,69,73,76,78,68,94,86,106,93,86,67,88,73,59,80,58,77,70,78,74,66,90,64,89,68,87,95,85,91
[ 2911.309663] [AOA] Measurement: 0,1627161653.147777,08:55:31:9b:0a:1b,2,1,2,0,128,961,18,129,893,734,975,417,357,196,925,164,841,4,453,441,52,673,450,422,106,47,352,215,187,118,314,971,205,149,4,470,84,105,69,69,72,75,77,81,68,94,87,106,94,87,72,88,75,63,80,61,77,72,80,78,71,95,69,93,74,97,99,95,102
[ 2911.347417] [AOA] Measurement: 0,1627161653.185529,08:55:31:9b:0a:1b,2,1,2,0,128,535,211,62,829,181,813,485,443,799,134,753,65,501,651,1020,273,188,665,430,132,527,171,252,177,46,239,447,14,662,135,953,562,101,68,69,73,73,76,79,68,92,87,101,92,85,71,87,73,63,78,60,76,72,80,79,70,95,68,90,75,97,97,94,100
[ 2911.391508] [AOA] Measurement: 0,1627161653.229617,08:55:31:9b:0a:1b,2,1,2,0,128,471,180,75,836,795,18,449,416,788,114,681,46,948,419,468,45,255,704,984,283,1013,304,678,1020,144,315,403,10,91,966,359,89,110,74,74,75,79,81,85,73,99,91,109,97,90,74,93,79,65,82,63,81,77,85,82,76,101,73,98,80,103,104,100,107
[ 2911.439572] [AOA] Measurement: 0,1627161653.277687,08:55:31:9b:0a:1b,2,1,2,0,128,461,159,159,871,764,1020,428,404,766,115,696,31,502,667,985,206,218,675,945,304,19,325,271,232,107,313,986,247,644,144,89,742,102,70,69,72,76,77,81,71,94,86,104,94,86,72,90,75,64,77,62,78,73,80,78,70,95,68,92,75,98,98,96,102
[ 2911.478159] [AOA] Measurement: 0,1627161653.316272,08:55:31:9b:0a:1b,2,1,2,0,128,403,147,66,823,760,979,441,352,759,83,789,68,523,670,991,224,220,665,938,317,0,299,691,16,598,145,1009,239,697,195,792,375,105,69,70,71,74,76,81,69,92,86,106,94,86,70,88,75,61,78,59,76,71,81,76,70,95,66,92,74,94,96,92,98
[ 2911.524234] [AOA] Measurement: 0,1627161653.362342,08:55:31:9b:0a:1b,2,1,2,0,128,483,177,112,879,770,1012,432,353,724,76,759,66,501,617,1012,231,211,685,944,308,29,305,244,207,109,307,935,200,640,178,169,855,105,70,72,70,76,75,80,68,95,86,106,91,84,66,89,75,61,80,59,77,71,79,74,68,93,63,87,69,90,94,87,95
[ 2911.570515] [AOA] Measurement: 0,1627161653.408630,08:55:31:9b:0a:1b,2,1,2,0,128,483,186,112,860,741,945,462,369,192,909,155,883,981,455,996,221,219,686,415,156,495,144,282,220,131,301,1017,246,613,145,835,479,105,69,70,73,74,77,80,67,91,86,106,93,87,71,89,75,62,80,60,79,72,81,77,70,95,67,94,72,96,98,92,99
[ 2911.614909] [AOA] Measurement: 0,1627161653.453024,08:55:31:9b:0a:1b,2,1,2,0,128,493,184,91,847,745,1014,890,199,746,77,668,1012,954,406,482,73,236,663,991,348,1021,315,231,205,87,307,415,1023,101,1005,342,70,106,70,71,70,76,76,79,69,95,85,107,93,86,70,89,75,63,79,61,78,72,81,77,69,95,68,93,74,99,98,93,99
[ 2911.659073] [AOA] Measurement: 0,1627161653.497181,08:55:31:9b:0a:1b,2,1,2,0,128,983,1013,627,694,166,774,915,172,257,975,185,914,984,478,455,23,712,479,393,114,557,143,187,165,584,101,442,44,75,1003,458,231,109,74,72,76,78,82,82,71,96,91,110,98,87,73,95,78,64,81,63,80,76,85,81,74,98,71,95,77,98,101,96,102
[ 2911.702691] [AOA] Measurement: 0,1627161653.540800,08:55:31:9b:0a:1b,2,1,2,0,128,475,193,109,864,698,978,530,457,739,56,768,44,960,423,425,1017,718,500,399,132,11,328,237,215,144,311,972,234,686,152,592,219,104,69,70,72,76,78,81,71,93,87,104,93,86,71,88,74,63,78,60,78,69,81,77,70,95,68,92,75,99,99,95,98
[ 2911.753586] [AOA] Measurement: 0,1627161653.591694,08:55:31:9b:0a:1b,2,1,2,0,128,473,163,567,694,165,809,469,415,736,81,767,102,475,653,406,13,240,692,964,316,9,306,248,194,98,269,928,180,121,998,73,781,110,73,72,78,76,80,85,74,97,91,109,99,91,76,93,78,67,83,63,80,75,84,80,75,100,73,98,78,101,103,96,103
[ 2911.799960] [AOA] Measurement: 0,1627161653.638075,08:55:31:9b:0a:1b,2,1,2,0,128,945,996,588,672,221,818,941,176,180,889,212,910,997,477,493,63,216,704,378,93,496,131,271,198,132,299,1012,208,645,145,938,600,105,69,70,70,77,76,80,69,93,88,105,94,86,71,90,73,63,78,60,76,71,82,79,71,95,70,92,75,97,98,94,99
[ 2911.844352] [AOA] Measurement: 0,1627161653.682465,08:55:31:9b:0a:1b,2,1,2,0,128,461,160,116,850,743,972,936,210,796,117,706,41,1011,467,447,39,191,636,931,302,1016,308,300,218,94,313,942,196,628,145,703,362,106,69,71,70,73,74,79,67,92,84,105,93,86,68,88,74,58,80,59,78,71,80,74,67,92,62,89,68,86,92,84,90
[ 2911.888500] [AOA] Measurement: 0,1627161653.726608,08:55:31:9b:0a:1b,2,1,2,0,128,505,199,50,857,772,995,414,401,723,109,717,32,532,686,53,287,179,657,983,343,1018,329,217,204,109,282,951,200,705,208,716,415,107,69,71,71,76,77,82,69,94,88,108,95,86,69,91,74,62,80,60,79,72,82,78,70,94,67,93,73,94,96,91,97
[ 2911.931917] [AOA] Measurement: 0,1627161653.770030,08:55:31:9b:0a:1b,2,1,2,0,128,411,143,141,882,703,1020,967,231,727,59,738,50,471,613,1005,239,160,673,959,332,33,340,212,173,93,278,995,229,645,132,376,64,107,71,70,71,74,77,80,69,93,87,105,94,87,69,87,75,59,79,60,78,72,78,77,70,94,66,93,73,92,95,90,96
[ 2911.971804] [AOA] Measurement: 0,1627161653.809917,08:55:31:9b:0a:1b,2,1,2,0,128,931,1018,614,659,192,796,908,175,166,895,116,854,962,436,459,36,663,489,388,122,45,359,256,183,135,290,392,1015,128,976,336,5,105,68,70,71,77,78,80,69,92,86,103,93,85,70,87,74,61,78,58,78,71,79,75,70,95,66,90,74,96,96,90,96
[ 2912.022639] [AOA] Measurement: 0,1627161653.860754,08:55:31:9b:0a:1b,2,1,2,0,128,445,195,115,865,731,1010,407,365,205,920,172,862,455,628,451,58,674,497,989,315,70,337,333,259,95,304,1016,260,634,155,914,524,110,72,74,76,79,83,85,74,98,90,109,100,91,74,94,78,65,84,63,81,76,85,82,74,98,70,97,77,102,103,98,104
[ 2912.066655] [AOA] Measurement: 0,1627161653.904770,08:55:31:9b:0a:1b,2,1,2,0,128,945,1007,156,910,716,981,934,190,772,99,746,50,542,681,388,18,665,482,377,108,489,129,616,969,585,100,398,23,644,168,363,57,110,74,76,74,79,80,84,72,97,93,111,99,90,73,95,80,66,85,64,83,76,84,83,74,98,72,98,78,102,102,100,106
[ 2912.114822] [AOA] Measurement: 0,1627161653.952931,08:55:31:9b:0a:1b,2,1,2,0,128,456,168,141,864,738,969,431,387,754,83,710,39,577,700,1004,255,188,685,997,345,85,386,242,211,115,303,969,216,666,168,932,588,104,70,73,71,75,76,81,68,95,87,105,91,85,67,87,73,59,79,58,76,70,81,76,68,91,64,87,70,91,95,86,94
[ 2912.160185] [AOA] Measurement: 0,1627161653.998297,08:55:31:9b:0a:1b,2,1,2,0,128,451,166,611,698,806,16,917,187,784,131,740,18,528,661,1018,257,182,654,407,109,499,134,253,195,129,356,953,230,646,179,500,161,108,72,73,74,77,81,83,73,96,91,108,99,88,75,94,79,65,80,62,81,74,84,81,72,97,70,95,78,103,100,99,106
[ 2912.204717] [AOA] Measurement: 0,1627161654.042828,08:55:31:9b:0a:1b,2,1,2,0,128,940,992,106,886,153,785,931,170,204,923,145,852,1001,436,462,23,208,692,369,115,516,156,237,174,72,290,442,45,649,164,969,662,103,68,71,72,76,77,81,70,94,86,104,94,86,68,88,72,61,77,59,79,72,82,77,71,93,66,92,73,95,97,92,98
[ 2912.249559] [AOA] Measurement: 0,1627161654.087668,08:55:31:9b:0a:1b,2,1,2,0,128,481,173,91,899,779,4,372,362,703,41,705,28,528,708,974,204,224,705,913,304,32,366,209,134,126,300,1005,255,667,210,483,99,113,74,75,75,79,82,84,73,98,90,111,97,90,74,94,79,66,83,63,82,75,84,83,75,100,72,95,78,102,104,99,106
[ 2912.293206] [AOA] Measurement: 0,1627161654.131315,08:55:31:9b:0a:1b,2,1,2,0,128,977,995,605,697,189,786,956,202,187,954,176,871,946,420,482,37,648,454,410,106,488,99,657,972,621,93,448,32,61,962,257,993,110,73,74,74,78,81,86,74,98,93,110,100,91,75,94,80,68,84,66,82,77,85,83,75,100,72,96,78,101,102,101,107
[ 2912.344185] [AOA] Measurement: 0,1627161654.182293,08:55:31:9b:0a:1b,2,1,2,0,128,911,983,627,709,185,798,958,228,760,92,723,52,566,690,933,171,146,679,389,96,6,310,701,1015,611,101,382,0,74,954,555,255,107,72,73,75,80,81,85,73,98,92,110,99,90,74,92,78,66,84,64,80,75,85,80,72,97,71,94,77,101,102,96,104
[ 2912.390674] [AOA] Measurement: 0,1627161654.228789,08:55:31:9b:0a:1b,2,1,2,0,128,946,1005,152,877,732,999,434,380,749,88,729,40,493,618,975,231,200,684,935,301,558,202,658,985,544,79,422,19,86,969,113,809,106,70,70,70,74,75,79,68,93,86,105,93,86,66,86,72,59,79,58,75,71,78,75,68,91,65,89,73,92,97,87,97
[ 2912.434721] [AOA] Measurement: 0,1627161654.272836,08:55:31:9b:0a:1b,2,1,2,0,128,932,960,568,640,197,817,939,170,192,948,167,855,1011,442,417,29,732,465,967,313,80,382,254,223,96,310,366,1003,126,975,475,204,107,70,72,72,76,76,81,68,92,86,104,93,86,70,88,75,60,80,60,78,73,82,77,70,94,67,91,73,96,98,92,99
[ 2912.479689] [AOA] Measurement: 0,1627161654.317798,08:55:31:9b:0a:1b,2,1,2,0,128,509,164,102,881,789,1001,448,387,725,109,731,37,507,652,936,175,257,702,914,275,29,338,250,196,592,117,1014,256,629,148,615,291,107,70,71,72,75,77,81,67,95,88,104,93,85,69,87,74,61,76,60,78,71,80,78,70,93,68,91,73,96,97,91,98
[ 2912.523954] [AOA] Measurement: 0,1627161654.362062,08:55:31:9b:0a:1b,2,1,2,0,128,460,167,125,894,783,7,457,364,788,100,739,56,583,658,991,254,677,472,414,134,491,143,743,1015,568,113,974,245,688,191,782,402,107,70,71,68,75,74,81,68,96,86,105,92,86,67,87,74,58,79,59,75,70,78,74,69,92,62,88,68,92,93,87,93
[ 2912.575002] [AOA] Measurement: 0,1627161654.413110,08:55:31:9b:0a:1b,2,1,2,0,128,924,1003,79,852,157,784,960,187,229,956,206,907,505,648,423,35,656,482,376,132,566,167,707,1003,569,68,484,49,724,196,27,582,106,69,72,70,76,76,81,70,95,87,106,92,84,66,87,74,58,81,60,77,73,80,75,67,90,63,89,69,91,93,86,90
[ 2912.619182] [AOA] Measurement: 0,1627161654.457289,08:55:31:9b:0a:1b,2,1,2,0,128,540,228,132,869,726,1004,395,350,802,125,757,60,490,642,1019,250,226,671,987,350,12,321,249,192,96,293,981,252,632,126,792,496,106,67,71,71,75,75,79,70,95,88,105,91,85,66,89,75,59,80,58,76,71,80,77,68,91,67,88,71,91,96,89,98
[ 2912.664343] [AOA] Measurement: 0,1627161654.502458,08:55:31:9b:0a:1b,2,1,2,0,128,956,8,135,850,133,781,951,201,729,64,749,92,518,689,999,234,168,671,980,319,66,350,176,176,101,297,1022,229,607,125,310,38,103,69,71,71,76,77,82,69,93,88,103,93,84,70,89,75,61,79,60,76,71,80,74,70,93,67,92,73,95,96,93,98
[ 2912.708559] [AOA] Measurement: 0,1627161654.546667,08:55:31:9b:0a:1b,2,1,2,0,128,423,157,602,686,144,809,905,170,223,951,178,916,938,428,413,24,698,453,398,109,518,159,187,139,636,104,943,187,639,141,21,671,107,68,69,70,76,76,79,69,94,87,104,93,85,69,87,73,61,80,61,77,71,80,77,70,95,67,93,72,92,98,93,97
[ 2912.752322] [AOA] Measurement: 0,1627161654.590431,08:55:31:9b:0a:1b,2,1,2,0,128,430,154,658,756,687,986,437,363,793,105,742,65,503,631,1005,230,271,697,965,304,83,390,206,160,120,267,967,216,635,149,405,95,104,68,70,70,75,75,79,68,93,87,104,91,85,67,85,72,57,81,57,75,69,78,74,66,92,63,89,67,89,93,86,92
[ 2912.803739] [AOA] Measurement: 0,1627161654.641848,08:55:31:9b:0a:1b,2,1,2,0,128,435,164,152,921,746,1015,896,168,232,951,711,56,508,619,1006,231,219,692,912,282,25,333,707,1008,150,319,20,254,610,159,97,773,107,72,74,75,76,79,85,70,99,90,112,98,89,72,91,78,63,84,64,82,75,83,80,74,97,70,95,75,98,99,94,102
[ 2912.850329] [AOA] Measurement: 0,1627161654.688445,08:55:31:9b:0a:1b,2,1,2,0,128,485,163,77,882,725,992,950,215,776,117,733,39,512,637,442,48,212,685,887,239,35,320,200,158,108,294,934,196,605,129,313,948,108,70,72,71,75,77,80,70,95,85,106,91,86,70,89,75,61,82,60,77,70,80,78,68,93,66,92,73,94,96,90,98
[ 2912.888959] [AOA] Measurement: 0,1627161654.727074,08:55:31:9b:0a:1b,2,1,2,0,128,492,203,94,831,795,7,478,443,799,122,728,53,470,645,962,206,191,665,413,156,48,352,250,215,103,275,3,263,603,154,720,370,111,72,73,75,79,79,86,72,99,94,110,100,91,73,93,77,65,83,63,82,76,83,83,74,99,70,96,77,101,101,95,102
[ 2912.946627] [AOA] Measurement: 0,1627161654.784740,08:55:31:9b:0a:1b,2,1,2,0,128,577,245,92,857,755,993,410,365,245,930,748,66,505,648,504,78,176,617,935,321,526,157,662,1020,105,303,998,214,665,136,353,27,105,69,72,71,75,77,81,70,95,87,105,93,86,69,86,73,62,81,57,76,73,80,77,69,95,68,93,74,95,98,93,97
[ 2912.991121] [AOA] Measurement: 0,1627161654.829236,08:55:31:9b:0a:1b,2,1,2,0,128,433,147,113,862,725,967,972,241,201,935,766,55,553,678,397,1006,727,514,931,275,75,334,209,199,55,284,410,19,131,1013,396,79,111,73,75,73,79,80,87,74,97,91,112,99,92,72,94,79,65,85,64,82,75,84,81,74,99,70,97,74,99,100,94,102
[ 2913.032703] [AOA] Measurement: 0,1627161654.870812,08:55:31:9b:0a:1b,2,1,2,0,128,984,1022,557,679,210,802,485,406,779,136,726,71,504,641,413,1020,687,499,365,74,486,121,282,241,70,292,1022,276,641,147,866,460,111,73,74,74,78,79,85,72,99,92,110,97,90,74,91,77,65,82,62,82,75,84,80,72,98,69,95,75,99,101,98,103
[ 2913.079795] [AOA] Measurement: 0,1627161654.917910,08:55:31:9b:0a:1b,2,1,2,0,128,540,217,166,927,740,1022,392,352,781,105,757,84,543,679,942,203,160,650,363,129,532,156,269,184,624,121,402,1018,113,1019,271,856,105,68,71,72,74,77,82,69,95,87,107,95,86,69,89,73,62,81,60,76,73,79,78,70,94,67,91,72,95,97,90,96
[ 2913.124495] [AOA] Measurement: 0,1627161654.962607,08:55:31:9b:0a:1b,2,1,2,0,128,496,191,60,812,227,826,468,376,764,121,727,81,487,633,456,34,201,657,377,117,519,138,756,1018,104,281,988,242,687,178,213,941,104,67,68,72,74,76,79,69,95,87,102,91,83,70,87,73,64,78,60,77,71,80,77,70,94,68,91,74,98,97,94,102
[ 2913.169035] [AOA] Measurement: 0,1627161655.007143,08:55:31:9b:0a:1b,2,1,2,0,128,469,217,113,888,760,1011,493,387,810,127,657,1014,561,723,926,165,687,475,957,348,12,343,267,227,88,298,1001,201,616,141,68,727,105,70,68,72,76,75,81,70,93,87,106,92,86,69,89,74,59,77,58,77,70,80,77,69,93,66,90,70,92,95,90,94
[ 2913.212217] [AOA] Measurement: 0,1627161655.050332,08:55:31:9b:0a:1b,2,1,2,0,128,922,978,147,861,186,806,993,242,764,112,744,75,939,432,1010,224,668,469,400,116,56,298,711,0,566,52,375,997,118,989,113,801,103,68,69,71,72,76,78,67,94,86,104,93,84,71,88,73,60,81,60,75,70,78,77,70,95,66,90,74,95,94,91,94
[ 2913.256518] [AOA] Measurement: 0,1627161655.094633,08:55:31:9b:0a:1b,2,1,2,0,128,459,172,542,622,214,769,955,220,247,937,669,1014,18,526,1002,235,193,642,412,98,451,132,697,988,578,110,984,227,601,127,692,324,105,70,71,71,77,76,81,70,96,88,106,91,86,70,88,74,61,80,59,79,71,81,76,69,93,66,89,72,96,98,90,98
[ 2913.303602] [AOA] Measurement: 0,1627161655.141711,08:55:31:9b:0a:1b,2,1,2,0,128,445,163,586,695,172,796,893,169,223,952,226,886,516,641,348,997,693,486,398,80,498,126,671,1000,597,110,395,26,101,970,760,432,112,73,74,74,78,79,84,71,99,92,112,99,88,72,94,78,64,84,64,81,76,84,81,74,97,70,96,77,98,100,97,104
[ 2913.350292] [AOA] Measurement: 0,1627161655.188406,08:55:31:9b:0a:1b,2,1,2,0,128,917,1007,582,701,744,1009,430,342,767,102,705,48,505,618,420,50,213,696,950,276,489,155,204,168,557,103,422,34,641,156,778,371,109,71,69,74,77,78,81,71,96,89,109,99,89,73,91,77,65,81,62,80,76,86,80,73,98,73,96,76,100,102,100,104
[ 2913.395219] [AOA] Measurement: 0,1627161655.233334,08:55:31:9b:0a:1b,2,1,2,0,128,954,1004,139,896,226,823,954,182,769,99,133,872,516,656,425,35,640,434,422,105,523,173,697,1018,582,115,986,244,630,140,671,331,105,69,70,71,75,76,81,70,94,88,105,95,86,71,87,75,60,79,59,77,74,82,77,70,94,67,92,72,95,96,93,99
[ 2913.439135] [AOA] Measurement: 0,1627161655.277243,08:55:31:9b:0a:1b,2,1,2,0,128,461,183,125,882,723,983,436,364,235,968,711,42,530,682,24,247,165,684,938,311,91,345,292,271,147,319,912,194,649,170,571,164,104,69,71,71,74,77,80,70,92,86,104,93,85,70,91,75,62,79,60,77,72,80,76,71,95,69,91,73,98,98,93,98
[ 2913.483001] [AOA] Measurement: 0,1627161655.321109,08:55:31:9b:0a:1b,2,1,2,0,128,475,184,155,922,728,983,457,379,762,113,190,904,480,635,397,25,609,472,448,141,529,179,210,179,137,318,956,201,626,138,76,682,110,74,74,75,78,80,85,73,100,90,112,99,90,74,94,80,63,85,64,81,76,85,79,73,98,69,96,75,100,104,94,103
[ 2913.534535] [AOA] Measurement: 0,1627161655.372644,08:55:31:9b:0a:1b,2,1,2,0,128,501,191,566,682,778,1012,400,364,753,97,706,60,488,654,999,234,192,691,939,304,35,347,237,200,57,265,452,58,612,137,739,430,100,67,69,70,74,76,79,69,93,85,103,94,86,72,89,73,65,78,59,76,72,80,79,70,95,69,93,76,98,97,95,102
[ 2913.578966] [AOA] Measurement: 0,1627161655.417076,08:55:31:9b:0a:1b,2,1,2,0,128,431,133,96,853,165,789,949,221,721,64,158,878,996,477,488,106,204,635,315,63,546,172,723,3,134,326,990,258,653,161,775,471,104,69,68,72,73,77,78,68,90,86,101,92,83,68,85,73,62,78,58,77,70,78,76,68,93,66,91,72,98,98,92,98
[ 2913.622272] [AOA] Measurement: 0,1627161655.460387,08:55:31:9b:0a:1b,2,1,2,0,128,958,14,156,897,790,15,436,412,713,93,741,58,512,669,958,162,233,672,905,282,51,343,220,150,577,92,388,1009,137,1013,973,668,106,68,69,70,77,76,80,70,94,87,103,93,85,69,87,73,63,78,60,76,73,78,77,70,93,68,91,72,97,96,92,98
[ 2913.666330] [AOA] Measurement: 0,1627161655.504446,08:55:31:9b:0a:1b,2,1,2,0,128,544,234,99,923,732,989,481,394,776,139,146,856,981,434,987,225,168,648,983,342,24,335,273,219,101,322,403,19,724,189,732,390,104,67,69,69,72,71,80,67,94,85,105,91,83,66,87,70,58,79,58,75,71,78,74,68,90,63,88,69,91,94,91,96
[ 2913.712628] [AOA] Measurement: 0,1627161655.550736,08:55:31:9b:0a:1b,2,1,2,0,128,485,212,120,888,166,783,902,207,753,130,770,96,562,686,7,242,174,686,974,327,73,372,221,181,179,328,991,230,615,130,660,365,108,70,70,71,76,76,81,70,95,88,106,93,87,70,89,74,61,81,59,76,73,82,78,70,95,69,91,73,98,96,92,100
[ 2913.763520] [AOA] Measurement: 0,1627161655.601629,08:55:31:9b:0a:1b,2,1,2,0,128,446,193,87,878,750,999,454,362,757,97,688,54,595,722,997,217,268,710,930,289,481,116,717,1002,601,89,419,18,69,958,78,843,105,70,71,69,75,76,81,67,93,85,106,93,85,68,88,74,62,82,59,77,70,79,74,66,93,66,90,69,92,94,90,95
[ 2913.805844] [AOA] Measurement: 0,1627161655.643952,08:55:31:9b:0a:1b,2,1,2,0,128,441,150,123,892,758,1004,469,384,812,164,724,44,475,613,972,243,232,682,946,325,74,354,236,215,107,309,0,257,630,171,727,296,107,69,72,70,76,76,82,69,96,88,107,93,85,68,88,74,60,81,60,77,70,79,75,69,93,65,90,70,91,95,87,96
[ 2913.848210] [AOA] Measurement: 0,1627161655.686317,08:55:31:9b:0a:1b,2,1,2,0,128,415,130,558,686,708,1005,394,356,232,943,136,870,526,660,1004,246,196,657,366,93,519,135,266,253,141,318,945,195,650,163,1010,636,105,69,70,71,75,78,81,70,94,87,102,93,85,69,87,75,62,78,59,75,70,80,76,69,94,67,89,73,96,97,91,99
[ 2913.893019] [AOA] Measurement: 0,1627161655.731133,08:55:31:9b:0a:1b,2,1,2,0,128,449,187,93,843,760,996,444,384,777,107,766,76,545,696,975,233,215,688,948,313,53,377,276,222,93,263,963,216,676,164,696,229,109,73,74,76,78,80,84,73,97,92,111,100,90,73,93,78,65,84,64,79,76,83,82,74,100,70,98,77,100,101,96,104
[ 2913.936235] [AOA] Measurement: 0,1627161655.774345,08:55:31:9b:0a:1b,2,1,2,0,128,916,985,553,621,203,834,951,225,721,68,162,869,994,430,470,25,228,693,956,278,484,125,672,1000,582,76,408,1000,46,954,728,474,102,67,68,70,75,75,79,70,93,87,102,91,86,70,88,73,63,76,59,75,71,81,77,69,94,69,92,76,97,99,94,100
[ 2913.980066] [AOA] Measurement: 0,1627161655.818181,08:55:31:9b:0a:1b,2,1,2,0,128,904,997,589,625,207,790,968,191,197,914,192,877,27,493,368,12,639,447,375,76,478,128,714,1021,556,117,399,26,625,133,1009,686,104,70,71,70,73,75,80,69,93,89,107,93,86,68,86,75,60,80,59,77,72,79,75,68,94,66,90,71,90,94,89,94
[ 2914.019779] [AOA] Measurement: 0,1627161655.857894,08:55:31:9b:0a:1b,2,1,2,0,128,988,10,554,653,200,806,891,160,235,953,183,886,931,426,451,45,671,467,458,149,1004,290,715,1007,592,116,427,1016,58,966,548,211,105,70,70,71,76,77,80,71,92,87,105,95,86,72,89,74,63,80,59,78,71,82,78,70,94,69,92,73,96,97,95,102
[ 2914.066768] [AOA] Measurement: 0,1627161655.904880,08:55:31:9b:0a:1b,2,1,2,0,128,500,229,42,823,218,815,950,197,252,949,782,60,1003,478,988,241,149,624,927,321,534,151,270,189,548,80,450,42,636,132,409,52,106,70,71,70,76,77,80,70,93,88,107,93,86,69,87,74,61,80,58,76,70,79,75,69,96,66,90,72,94,96,89,98
[ 2914.110330] [AOA] Measurement: 0,1627161655.948440,08:55:31:9b:0a:1b,2,1,2,0,128,519,207,76,829,753,971,460,393,767,89,695,16,925,408,408,0,654,461,954,316,31,361,236,207,114,300,915,189,608,102,286,11,105,69,70,70,75,77,81,69,91,86,103,90,84,67,89,73,60,79,60,77,73,80,75,69,93,65,90,70,89,97,88,92
[ 2914.155202] [AOA] Measurement: 0,1627161655.993311,08:55:31:9b:0a:1b,2,1,2,0,128,388,151,57,839,210,812,944,220,202,959,709,33,533,666,1005,266,195,636,340,78,547,189,212,163,120,287,938,177,602,95,918,559,106,70,70,71,74,77,80,70,94,88,105,93,86,68,88,74,63,78,59,77,71,81,78,70,94,68,91,72,95,98,91,100
[ 2914.206062] [AOA] Measurement: 0,1627161656.044169,08:55:31:9b:0a:1b,2,1,2,0,128,418,154,138,882,733,996,459,361,760,115,720,51,541,676,997,215,155,669,942,289,53,382,314,259,111,283,1007,245,638,180,610,261,105,68,71,72,75,77,78,69,92,88,105,95,84,72,90,74,64,79,61,77,70,80,76,70,93,68,91,75,98,99,95,102
[ 2914.248748] [AOA] Measurement: 0,1627161656.086857,08:55:31:9b:0a:1b,2,1,2,0,128,974,1018,584,678,163,803,899,194,260,962,164,843,977,447,457,36,661,481,422,118,535,159,709,994,576,79,408,972,115,972,615,460,105,70,69,73,76,76,81,70,93,88,105,95,86,71,89,75,62,77,60,77,73,81,78,70,95,67,93,73,97,98,93,98
[ 2914.287900] [AOA] Measurement: 0,1627161656.126015,08:55:31:9b:0a:1b,2,1,2,0,128,920,979,597,659,243,845,852,139,221,956,224,902,1022,495,1013,247,152,641,974,317,607,189,731,8,649,156,384,1009,118,964,924,561,104,69,69,70,76,75,81,70,95,87,104,94,85,71,88,73,61,79,61,75,72,78,75,69,94,66,91,71,94,98,91,96
[ 2914.332402] [AOA] Measurement: 0,1627161656.170515,08:55:31:9b:0a:1b,2,1,2,0,128,495,186,102,860,780,996,984,251,759,118,179,908,1016,477,446,62,676,487,920,317,68,358,271,199,93,285,381,7,59,964,105,760,104,69,71,71,76,77,81,71,94,88,105,93,85,69,87,73,59,79,58,78,71,81,75,70,93,66,90,72,91,97,90,94
[ 2914.377891] [AOA] Measurement: 0,1627161656.215997,08:55:31:9b:0a:1b,2,1,2,0,128,517,206,132,871,733,974,904,166,778,100,707,38,593,698,980,222,219,682,408,134,560,154,275,233,157,348,943,205,673,173,456,107,104,70,69,69,74,76,80,67,94,88,103,94,85,71,89,75,64,80,60,78,72,81,79,71,95,69,92,76,97,97,95,102
[ 2914.421748] [AOA] Measurement: 0,1627161656.259861,08:55:31:9b:0a:1b,2,1,2,0,128,994,21,116,896,748,2,473,399,817,156,692,22,505,660,979,228,243,719,935,310,14,348,227,164,99,276,985,225,667,154,725,428,110,72,72,75,79,81,84,73,98,92,109,99,90,75,94,77,68,83,65,83,76,85,82,74,100,71,97,78,102,102,101,107
[ 2914.462420] [AOA] Measurement: 0,1627161656.300535,08:55:31:9b:0a:1b,2,1,2,0,128,534,227,85,867,768,1017,374,356,774,95,723,42,549,723,979,269,188,677,962,299,59,358,219,178,126,312,998,245,590,113,711,389,110,70,73,73,76,80,84,72,98,90,112,95,89,72,93,76,63,84,63,81,75,84,82,72,97,69,95,76,97,100,92,99
[ 2914.506932] [AOA] Measurement: 0,1627161656.345045,08:55:31:9b:0a:1b,2,1,2,0,128,476,194,97,894,771,1020,458,385,225,942,135,878,964,462,0,232,211,674,945,280,562,180,270,202,104,280,949,196,647,128,594,286,105,69,71,69,74,75,82,69,95,87,105,94,84,67,86,75,58,80,58,76,70,79,74,69,91,63,90,69,92,96,88,94
[ 2914.554075] [AOA] Measurement: 0,1627161656.392183,08:55:31:9b:0a:1b,2,1,2,0,128,964,5,111,864,148,790,477,362,806,144,689,38,477,602,424,30,229,673,371,114,523,164,676,1017,108,317,997,236,91,983,702,377,105,69,69,69,76,76,81,68,94,85,105,91,85,69,87,73,62,80,59,76,71,79,75,70,95,66,91,71,96,98,91,97
[ 2914.601736] [AOA] Measurement: 0,1627161656.439851,08:55:31:9b:0a:1b,2,1,2,0,128,986,14,181,928,760,1020,493,395,780,71,733,27,485,599,487,79,168,665,942,269,502,147,677,1002,547,98,414,12,174,1,446,126,104,69,69,70,76,76,82,68,94,86,106,92,83,70,88,73,61,79,59,76,72,79,76,68,91,66,90,70,94,94,90,97
[ 2914.651299] [AOA] Measurement: 0,1627161656.489412,08:55:31:9b:0a:1b,2,1,2,0,128,459,120,157,891,704,988,419,361,219,956,119,887,511,650,979,241,221,720,942,282,107,393,241,221,71,280,966,210,114,1004,169,858,105,68,67,72,76,77,80,70,92,87,102,94,85,70,89,75,64,76,58,78,71,79,77,70,94,69,93,77,97,95,91,98
[ 2914.691145] [AOA] Measurement: 0,1627161656.529253,08:55:31:9b:0a:1b,2,1,2,0,128,964,1007,149,879,774,996,438,436,780,111,734,49,466,631,995,242,194,658,413,146,525,143,714,1002,149,330,958,232,629,149,190,844,104,70,70,71,75,75,81,68,95,88,105,94,87,70,87,75,62,79,61,77,71,80,78,69,94,68,93,74,94,97,92,96
