
[13600.721237] [AOA] Measurement: 0,1627141218.098065,08:55:31:9b:05:29,2,1,2,0,128,179,579,149,981,282,834,570,885,928,526,928,830,261,11,597,599,59,1,946,508,98,478,602,191,242,734,120,985,214,517,159,460,61,48,48,66,56,58,57,45,50,67,54,59,52,43,61,66,62,61,48,61,32,58,26,43,48,52,56,56,62,56,71,77
[13600.766299] [AOA] Measurement: 0,1627141218.143131,08:55:31:9b:05:29,2,1,2,0,128,157,527,171,985,779,957,508,859,937,485,851,792,235,1021,87,480,565,187,522,763,498,248,590,166,728,538,560,755,666,273,104,530,65,51,53,69,58,60,59,49,52,70,58,61,55,48,65,70,69,64,52,64,34,59,27,43,50,53,56,57,63,57,71,75
[13600.805279] [AOA] Measurement: 0,1627141218.182111,08:55:31:9b:05:29,2,1,2,0,128,772,785,719,153,756,947,2,650,341,273,316,593,756,870,650,608,986,985,955,518,551,257,40,5,717,534,559,780,744,344,488,855,63,49,50,67,59,60,59,47,50,71,58,62,55,47,65,73,69,65,53,65,34,61,27,43,51,54,60,58,64,59,73,78
[13600.848521] [AOA] Measurement: 0,1627141218.225353,08:55:31:9b:05:29,2,1,2,0,128,773,795,706,158,755,953,10,695,371,287,358,649,684,816,99,470,531,148,558,763,24,453,653,230,229,711,505,774,250,536,966,340,58,54,54,64,58,56,53,50,48,71,56,42,53,37,60,57,61,57,47,59,28,48,21,27,35,39,48,46,51,43,51,64
[13600.894712] [AOA] Measurement: 0,1627141218.271540,08:55:31:9b:05:29,2,1,2,0,128,203,585,718,182,816,975,547,830,912,547,873,781,254,10,670,656,579,211,452,701,18,411,624,187,734,579,59,954,237,517,605,969,71,57,58,77,66,65,64,54,56,80,64,62,58,48,69,74,73,69,55,70,35,63,28,43,51,54,61,59,65,58,71,77
[13600.947909] [AOA] Measurement: 0,1627141218.324742,08:55:31:9b:05:29,2,1,2,0,128,796,783,692,144,262,827,577,877,923,493,840,798,214,994,730,677,638,222,503,713,16,422,694,217,296,774,536,786,180,483,865,180,79,61,61,90,75,75,70,58,62,96,71,71,65,50,79,86,85,79,59,82,37,71,27,45,52,58,66,67,73,64,84,96
[13600.992301] [AOA] Measurement: 0,1627141218.369134,08:55:31:9b:05:29,2,1,2,0,128,760,757,165,968,247,781,37,663,463,363,305,592,748,882,171,447,15,987,561,768,16,426,95,12,315,784,141,1010,283,535,278,578,79,63,67,84,73,71,71,61,62,84,70,65,65,52,75,81,80,75,62,78,37,67,28,45,54,57,63,63,69,62,78,86
[13601.030999] [AOA] Measurement: 0,1627141218.407831,08:55:31:9b:05:29,2,1,2,0,128,759,746,733,169,811,1009,527,831,919,530,863,798,304,61,678,661,510,120,1010,527,113,479,673,242,240,717,89,959,222,509,47,414,70,56,55,75,63,64,63,53,56,76,63,65,59,49,68,73,73,66,55,66,34,63,27,45,51,55,60,59,65,60,73,79
[13601.075648] [AOA] Measurement: 0,1627141218.452480,08:55:31:9b:05:29,2,1,2,0,128,735,732,152,981,228,765,25,689,386,335,279,573,725,839,200,523,574,181,492,732,68,462,661,229,254,771,123,998,182,508,794,180,69,56,58,75,65,63,63,53,56,79,61,61,59,50,70,75,72,69,57,71,35,61,28,43,52,53,60,57,62,58,69,78
[13601.127131] [AOA] Measurement: 0,1627141218.503966,08:55:31:9b:05:29,2,1,2,0,128,686,696,772,218,783,966,560,863,904,492,895,780,224,1012,716,710,556,173,499,725,507,243,96,1005,702,528,571,753,747,337,544,923,72,61,61,78,68,66,65,58,57,80,66,62,59,49,70,75,74,68,57,71,34,62,28,41,51,53,60,58,62,58,72,80
[13601.174216] [AOA] Measurement: 0,1627141218.551043,08:55:31:9b:05:29,2,1,2,0,128,246,589,726,146,813,1009,591,885,875,512,323,619,715,853,137,489,559,192,1003,515,1007,427,38,997,690,500,553,743,718,359,959,413,70,53,57,73,64,63,63,52,55,77,61,62,58,47,67,72,70,68,55,69,35,61,28,43,51,55,59,59,63,60,71,79
[13601.219678] [AOA] Measurement: 0,1627141218.596509,08:55:31:9b:05:29,2,1,2,0,128,732,762,687,147,769,971,1006,638,417,388,882,812,240,29,160,480,541,143,934,485,495,219,670,242,248,756,95,950,211,499,266,615,61,55,55,67,63,58,59,53,50,72,58,46,53,39,62,60,61,60,51,63,29,51,22,30,38,44,49,49,50,46,59,63
[13601.263991] [AOA] Measurement: 0,1627141218.640822,08:55:31:9b:05:29,2,1,2,0,128,746,734,768,201,796,1008,512,809,332,298,358,621,268,88,744,686,548,175,499,727,11,426,708,264,261,763,26,919,167,478,651,1017,59,45,46,65,54,56,53,45,47,64,51,59,50,44,60,67,64,59,49,59,32,56,25,43,48,51,56,57,62,54,71,74
[13601.308397] [AOA] Measurement: 0,1627141218.685229,08:55:31:9b:05:29,2,1,2,0,128,740,743,718,160,759,976,975,626,378,320,940,850,689,827,106,450,598,204,524,751,437,169,119,23,784,582,71,934,240,498,768,136,63,49,51,67,58,57,54,47,49,68,55,60,52,46,62,70,65,60,49,61,31,57,26,42,48,52,56,57,62,56,71,76
[13601.353096] [AOA] Measurement: 0,1627141218.729929,08:55:31:9b:05:29,2,1,2,0,128,135,492,159,971,182,746,5,643,371,309,251,535,714,847,44,388,977,952,918,464,497,234,50,1004,669,521,536,723,692,320,859,202,67,51,53,70,60,60,57,50,51,70,60,62,56,47,64,73,67,63,51,64,34,61,27,42,50,54,58,57,63,58,73,77
[13601.397987] [AOA] Measurement: 0,1627141218.774818,08:55:31:9b:05:29,2,1,2,0,128,736,788,712,146,828,4,538,875,939,513,872,798,213,1007,165,494,998,980,520,757,42,419,647,229,264,720,60,965,268,569,819,33,58,46,48,64,56,56,56,47,49,66,54,59,51,44,62,67,66,59,49,60,32,57,26,42,49,52,56,57,62,56,70,75
[13601.444031] [AOA] Measurement: 0,1627141218.820857,08:55:31:9b:05:29,2,1,2,0,128,792,813,737,160,833,999,578,892,896,498,884,785,278,23,713,700,518,148,913,483,521,249,724,229,275,772,127,1001,211,520,576,1005,68,53,52,73,59,62,60,51,53,74,59,63,57,47,67,73,71,67,53,68,35,62,27,43,51,55,60,59,66,58,71,78
[13601.499816] [AOA] Measurement: 0,1627141218.876647,08:55:31:9b:05:29,2,1,2,0,128,782,803,761,180,818,1006,672,923,925,513,914,842,239,1,598,568,595,189,1010,543,518,279,688,254,296,752,78,948,253,555,75,334,71,54,53,79,66,67,60,49,50,83,60,62,56,46,73,75,74,68,50,70,31,59,23,41,46,52,57,65,64,56,78,84
[13601.542965] [AOA] Measurement: 0,1627141218.919793,08:55:31:9b:05:29,2,1,2,0,128,737,774,674,123,261,819,531,840,917,529,889,803,762,874,703,651,0,996,989,571,46,455,619,235,714,519,539,743,295,567,706,62,74,60,57,82,69,71,65,53,54,88,65,65,61,48,77,79,75,71,54,73,31,60,22,41,47,52,58,64,65,56,79,86
[13601.593472] [AOA] Measurement: 0,1627141218.970299,08:55:31:9b:05:29,2,1,2,0,128,747,733,737,201,791,965,555,850,897,512,880,781,289,65,680,647,525,143,516,720,71,475,684,224,264,751,115,980,254,550,648,958,75,60,58,84,71,72,65,55,56,88,66,65,62,49,75,77,74,71,54,72,30,59,22,39,46,50,57,61,60,53,75,84
[13601.647290] [AOA] Measurement: 0,1627141219.024122,08:55:31:9b:05:29,2,1,2,0,128,201,542,180,998,232,783,18,632,439,365,874,823,210,971,119,500,522,140,453,704,21,417,631,244,726,543,570,789,684,304,710,35,72,56,56,82,67,67,64,51,54,85,63,65,59,48,73,78,75,69,55,74,32,62,22,40,46,51,57,63,64,57,78,86
[13601.690911] [AOA] Measurement: 0,1627141219.067738,08:55:31:9b:05:29,2,1,2,0,128,144,503,164,990,222,780,914,549,438,303,282,572,676,842,132,453,1003,981,1003,534,501,262,71,9,749,540,565,748,687,325,156,529,73,56,56,82,68,68,64,53,53,83,63,64,59,49,76,79,76,69,53,73,31,61,22,41,47,52,60,65,64,59,79,85
[13601.734141] [AOA] Measurement: 0,1627141219.110974,08:55:31:9b:05:29,2,1,2,0,128,174,510,227,2,781,998,537,791,364,307,397,610,247,18,698,653,551,195,566,771,32,439,614,191,229,697,578,749,698,343,838,150,72,58,55,82,68,69,63,51,52,85,62,66,61,48,74,79,76,70,54,74,32,62,22,41,46,51,58,64,63,58,80,87
[13601.777638] [AOA] Measurement: 0,1627141219.154469,08:55:31:9b:05:29,2,1,2,0,128,123,482,117,952,276,813,1015,654,310,288,322,609,708,824,89,418,992,991,938,488,552,302,104,30,277,752,7,902,673,278,223,652,74,58,56,83,68,70,65,53,53,87,63,65,60,48,75,78,77,69,52,72,30,61,21,41,46,51,58,63,64,57,78,84
[13601.823598] [AOA] Measurement: 0,1627141219.200425,08:55:31:9b:05:29,2,1,2,0,128,203,575,680,128,798,977,8,630,403,308,292,531,735,824,125,469,999,934,932,502,451,199,47,998,717,568,571,752,728,344,976,339,75,60,57,84,70,70,65,54,55,87,65,64,62,49,74,78,77,69,52,70,31,59,23,42,47,52,58,64,65,57,79,86
[13601.874383] [AOA] Measurement: 0,1627141219.251210,08:55:31:9b:05:29,2,1,2,0,128,759,772,726,145,826,993,522,816,398,329,898,793,257,37,655,650,2,1008,492,699,475,229,632,201,720,552,573,771,696,309,163,533,75,61,58,83,72,72,66,54,55,86,66,62,62,48,73,77,75,71,54,75,31,60,22,39,45,49,57,62,62,55,76,85
[13601.918935] [AOA] Measurement: 0,1627141219.295769,08:55:31:9b:05:29,2,1,2,0,128,687,736,688,144,817,1015,543,832,959,529,874,822,148,1005,668,659,963,954,996,539,496,209,140,36,694,533,588,785,272,550,343,739,73,57,55,81,68,68,64,51,53,86,64,66,60,49,74,79,75,70,55,71,32,61,23,42,47,52,58,64,66,58,80,87
[13601.963746] [AOA] Measurement: 0,1627141219.340578,08:55:31:9b:05:29,2,1,2,0,128,712,759,105,942,248,773,1002,637,380,311,282,578,731,832,155,459,38,1022,977,529,50,421,690,260,324,800,125,996,229,543,344,710,74,60,56,82,72,70,65,56,56,87,65,62,60,48,73,78,77,71,54,74,29,58,22,36,44,47,55,60,61,52,69,81
[13602.007357] [AOA] Measurement: 0,1627141219.384188,08:55:31:9b:05:29,2,1,2,0,128,667,734,87,947,231,814,19,723,954,528,329,602,735,877,711,708,561,168,500,719,28,427,644,203,276,703,75,965,209,501,421,748,72,56,54,80,66,68,62,49,53,83,61,64,58,48,72,76,75,68,52,70,32,60,23,42,47,53,57,65,64,57,80,86
[13602.051779] [AOA] Measurement: 0,1627141219.428613,08:55:31:9b:05:29,2,1,2,0,128,747,720,166,990,198,748,27,662,366,314,906,776,694,794,9,367,1022,992,912,493,484,208,71,1010,668,492,578,730,679,280,649,130,74,57,56,82,69,68,64,52,54,87,63,65,61,47,75,78,76,70,53,72,31,59,23,40,47,52,59,65,64,58,79,86
[13602.095659] [AOA] Measurement: 0,1627141219.472491,08:55:31:9b:05:29,2,1,2,0,128,726,701,120,916,213,762,45,685,303,278,336,575,682,793,136,461,20,993,926,472,518,299,665,214,761,568,542,743,711,345,902,207,72,56,55,80,68,69,63,52,53,84,65,63,60,47,73,78,74,68,53,72,30,58,22,41,47,49,57,63,63,55,77,85
[13602.138810] [AOA] Measurement: 0,1627141219.515641,08:55:31:9b:05:29,2,1,2,0,128,688,721,128,979,281,857,929,647,385,299,350,620,274,91,666,665,602,165,525,740,997,443,640,242,248,744,506,738,653,262,1010,432,73,58,58,83,72,70,65,53,53,88,65,64,60,48,74,77,75,69,53,72,31,62,22,41,46,52,60,63,65,56,78,87
[13602.183672] [AOA] Measurement: 0,1627141219.560503,08:55:31:9b:05:29,2,1,2,0,128,748,757,164,996,817,988,1023,675,969,560,926,842,248,7,663,671,982,956,1019,534,84,494,644,251,290,786,83,964,230,557,55,334,73,55,55,82,67,69,62,53,54,85,64,65,61,47,73,77,74,70,53,74,32,60,23,41,47,51,59,64,64,55,76,83
[13602.226382] [AOA] Measurement: 0,1627141219.603209,08:55:31:9b:05:29,2,1,2,0,128,724,749,715,162,801,987,1,668,308,287,917,837,214,1009,772,727,590,201,513,724,94,546,638,196,255,753,74,965,208,531,991,306,71,56,54,80,66,68,62,52,53,85,63,65,58,48,74,77,76,69,51,70,30,60,23,41,46,53,57,64,64,57,78,85
[13602.269841] [AOA] Measurement: 0,1627141219.646667,08:55:31:9b:05:29,2,1,2,0,128,175,519,180,978,818,970,525,841,949,574,898,822,236,1020,159,489,968,1003,517,737,47,426,73,35,235,704,69,963,208,501,393,856,75,56,57,82,68,69,64,51,53,83,62,66,58,48,73,76,75,67,52,70,30,60,23,42,47,52,58,65,65,57,80,84
[13602.314278] [AOA] Measurement: 0,1627141219.691111,08:55:31:9b:05:29,2,1,2,0,128,737,759,658,147,295,815,997,588,360,314,361,625,286,46,650,637,18,1003,536,737,30,453,654,267,287,775,24,971,222,517,382,791,71,54,54,78,66,66,63,48,52,84,63,67,59,48,75,80,77,69,53,72,32,63,22,41,47,52,59,64,64,56,78,86
[13602.359008] [AOA] Measurement: 0,1627141219.735840,08:55:31:9b:05:29,2,1,2,0,128,721,727,140,950,229,782,1013,667,385,306,333,581,702,815,121,451,1023,979,1013,521,81,487,600,183,242,745,570,771,688,350,507,826,71,56,53,80,67,68,63,49,54,83,63,65,60,49,74,79,77,70,54,71,31,61,24,42,47,53,59,66,66,58,80,86
[13602.403300] [AOA] Measurement: 0,1627141219.780127,08:55:31:9b:05:29,2,1,2,0,128,750,757,710,149,763,999,1004,639,384,300,307,605,744,863,160,486,627,243,444,680,40,434,618,193,254,752,98,943,683,313,6,409,74,57,56,81,70,67,64,53,55,86,65,64,60,47,76,78,74,69,53,73,31,62,22,40,45,52,58,63,64,55,78,86
[13602.454106] [AOA] Measurement: 0,1627141219.830932,08:55:31:9b:05:29,2,1,2,0,128,688,743,740,171,789,996,565,880,955,527,874,802,160,988,781,723,550,201,607,820,107,553,642,252,240,740,528,749,248,559,617,992,76,58,58,83,70,69,65,54,56,86,65,62,59,48,75,80,76,72,53,74,33,61,23,40,47,52,59,63,62,55,76,83
[13602.508028] [AOA] Measurement: 0,1627141219.884858,08:55:31:9b:05:29,2,1,2,0,128,741,766,757,175,819,987,546,834,940,513,907,841,273,33,683,713,613,176,457,678,34,426,656,216,256,727,105,983,213,502,952,397,70,55,52,80,66,69,62,51,51,83,62,66,60,49,74,79,77,70,54,71,31,59,23,41,46,52,57,64,65,56,79,86
[13602.552493] [AOA] Measurement: 0,1627141219.929325,08:55:31:9b:05:29,2,1,2,0,128,773,765,751,169,860,38,534,834,873,483,879,797,158,997,739,658,578,165,546,775,67,460,708,267,301,780,111,1000,187,475,633,907,74,60,59,84,71,70,65,56,55,89,66,61,61,47,74,79,77,72,54,74,30,59,22,38,45,49,56,61,63,55,75,81
[13602.595278] [AOA] Measurement: 0,1627141219.972105,08:55:31:9b:05:29,2,1,2,0,128,737,749,737,179,265,807,1020,658,991,561,892,827,245,45,675,647,583,174,462,705,76,425,698,250,245,718,552,756,207,533,93,279,74,58,57,83,70,69,66,53,54,87,64,63,60,47,73,78,78,71,52,73,31,61,23,41,46,52,58,64,64,56,78,86
[13602.639547] [AOA] Measurement: 0,1627141220.016375,08:55:31:9b:05:29,2,1,2,0,128,181,542,152,973,283,808,39,665,1005,579,899,846,212,7,685,643,1010,981,968,529,479,216,92,38,711,549,566,767,670,320,72,500,73,61,61,82,70,69,65,56,57,84,67,66,63,51,73,78,74,70,55,72,33,61,25,42,49,52,60,64,65,57,76,82
[13602.684359] [AOA] Measurement: 0,1627141220.061188,08:55:31:9b:05:29,2,1,2,0,128,802,771,738,191,765,973,539,815,965,504,291,587,681,820,114,452,23,981,968,514,483,232,91,26,773,601,103,956,740,353,855,168,71,56,55,80,66,68,62,50,52,83,62,66,58,48,71,79,75,67,53,70,30,61,23,42,46,51,57,65,63,56,77,84
[13602.734817] [AOA] Measurement: 0,1627141220.111645,08:55:31:9b:05:29,2,1,2,0,128,703,711,206,986,841,999,585,894,948,562,848,821,247,9,696,665,573,181,511,723,57,470,645,243,164,709,78,972,217,540,24,294,74,56,54,81,67,67,62,49,51,81,62,65,58,46,73,76,73,65,52,69,30,59,22,41,46,52,56,62,62,55,77,85
[13602.780617] [AOA] Measurement: 0,1627141220.157447,08:55:31:9b:05:29,2,1,2,0,128,749,744,728,170,796,1012,586,884,894,494,866,788,700,787,102,440,924,888,946,489,472,195,44,994,743,575,104,935,233,529,2,252,73,58,59,84,70,69,64,55,53,85,65,65,60,48,75,80,75,70,54,74,32,60,22,40,46,50,58,63,64,56,78,85
[13602.825111] [AOA] Measurement: 0,1627141220.201946,08:55:31:9b:05:29,2,1,2,0,128,170,544,203,1016,211,774,29,656,347,295,342,604,732,847,728,707,610,201,505,730,431,216,81,8,721,523,487,723,703,340,92,539,71,55,54,80,65,67,62,51,52,84,62,66,59,49,71,76,75,68,50,69,30,59,23,41,48,51,58,64,64,56,80,86
[13602.871008] [AOA] Measurement: 0,1627141220.247836,08:55:31:9b:05:29,2,1,2,0,128,741,759,686,117,234,794,19,684,400,344,325,609,701,830,674,682,545,182,543,759,97,497,715,319,357,777,179,1005,234,537,121,368,74,59,55,83,70,69,65,55,55,86,65,65,60,49,75,78,77,71,54,73,32,62,24,42,47,54,59,64,64,56,78,87
[13602.913996] [AOA] Measurement: 0,1627141220.290828,08:55:31:9b:05:29,2,1,2,0,128,634,675,67,917,289,831,957,626,403,326,252,558,713,858,88,427,40,1004,958,491,515,213,85,1004,625,483,517,735,709,293,124,610,73,57,55,81,69,68,64,53,54,88,65,66,61,47,75,79,75,70,54,73,32,62,23,41,48,53,60,65,65,56,78,86
[13602.957417] [AOA] Measurement: 0,1627141220.334251,08:55:31:9b:05:29,2,1,2,0,128,640,693,739,144,777,975,979,629,328,273,378,645,731,826,740,705,595,197,506,715,58,432,614,196,259,740,50,948,241,517,762,85,72,57,54,81,69,70,62,53,54,84,62,65,59,47,75,79,76,71,54,75,32,62,22,41,47,51,58,63,65,56,79,85
[13603.003304] [AOA] Measurement: 0,1627141220.380130,08:55:31:9b:05:29,2,1,2,0,128,763,779,735,178,249,794,982,634,350,337,892,829,301,62,713,718,562,146,936,476,551,250,64,10,774,583,531,781,748,375,9,350,72,54,54,81,67,68,61,49,50,82,62,64,57,46,74,77,73,68,51,70,31,60,23,42,48,53,58,65,66,56,79,86
[13603.058080] [AOA] Measurement: 0,1627141220.434908,08:55:31:9b:05:29,2,1,2,0,128,802,762,725,170,799,979,584,874,900,523,941,864,267,42,715,687,668,253,530,784,61,447,651,234,268,772,100,1000,203,521,330,664,68,53,50,77,62,64,59,48,49,77,58,63,56,46,72,75,74,66,51,67,31,60,23,42,48,52,58,65,65,57,78,84
[13603.098302] [AOA] Measurement: 0,1627141220.475134,08:55:31:9b:05:29,2,1,2,0,128,724,736,735,168,232,795,982,643,378,321,328,581,709,843,160,466,0,995,491,742,25,427,668,276,257,775,59,916,621,241,921,402,74,57,57,84,69,71,64,56,56,87,65,63,61,48,75,79,78,71,54,71,30,60,24,39,46,50,58,64,63,56,75,82
[13603.142664] [AOA] Measurement: 0,1627141220.519497,08:55:31:9b:05:29,2,1,2,0,128,747,775,719,144,803,941,531,870,356,312,973,878,287,20,748,724,570,172,578,761,454,235,74,7,717,537,515,760,751,353,187,493,75,61,59,85,71,71,63,56,55,85,65,60,59,46,72,76,75,69,53,72,30,59,22,37,44,49,58,60,60,53,71,80
[13603.185538] [AOA] Measurement: 0,1627141220.562369,08:55:31:9b:05:29,2,1,2,0,128,718,704,775,229,840,1016,573,839,934,496,349,626,719,866,182,500,599,146,959,541,519,254,117,41,252,741,113,1004,209,542,628,902,72,53,53,78,64,65,62,49,49,80,59,64,56,45,70,75,72,66,50,66,30,59,22,42,46,52,54,63,62,55,77,82
[13603.230400] [AOA] Measurement: 0,1627141220.607231,08:55:31:9b:05:29,2,1,2,0,128,716,748,761,198,781,986,968,583,316,265,305,616,737,879,665,636,638,213,572,783,12,415,643,225,251,766,65,954,211,509,519,817,76,59,58,82,70,70,63,54,55,87,67,64,62,49,76,78,77,71,55,75,33,61,23,40,46,51,58,63,64,56,75,83
[13603.273599] [AOA] Measurement: 0,1627141220.650432,08:55:31:9b:05:29,2,1,2,0,128,717,687,148,975,847,10,569,888,956,550,904,842,261,68,734,714,618,242,516,744,30,441,651,218,762,562,46,937,742,354,969,296,73,57,56,81,67,66,63,52,54,85,64,66,61,48,73,77,75,71,52,73,31,61,23,41,45,51,59,64,65,55,80,85
[13603.317135] [AOA] Measurement: 0,1627141220.693968,08:55:31:9b:05:29,2,1,2,0,128,192,554,231,29,844,8,504,843,954,559,837,813,279,20,683,691,588,194,522,743,31,434,79,18,730,566,558,766,229,529,132,472,66,51,49,73,63,63,59,48,48,78,57,65,55,45,67,74,69,61,48,65,30,58,21,40,45,50,53,60,62,54,76,81
[13603.365395] [AOA] Measurement: 0,1627141220.742224,08:55:31:9b:05:29,2,1,2,0,128,742,720,761,181,873,20,545,835,964,558,899,842,333,65,698,673,547,172,484,676,550,282,634,224,323,778,105,960,190,494,403,848,69,53,52,79,66,67,62,49,51,82,61,65,57,46,72,74,74,67,52,70,30,60,23,41,47,51,59,65,65,58,80,86
[13603.410558] [AOA] Measurement: 0,1627141220.787391,08:55:31:9b:05:29,2,1,2,0,128,143,488,234,1011,211,787,6,671,394,329,356,638,278,13,696,676,549,195,457,692,84,477,641,203,235,725,543,784,651,299,744,80,69,53,52,73,63,64,62,49,50,77,58,64,55,48,70,74,71,66,50,68,34,61,24,44,48,55,57,64,64,57,75,81
[13603.454513] [AOA] Measurement: 0,1627141220.831346,08:55:31:9b:05:29,2,1,2,0,128,754,718,167,999,232,763,17,663,329,286,942,804,757,883,114,439,3,1010,995,511,477,178,86,1014,797,553,575,805,230,529,568,934,74,59,57,84,70,70,65,54,54,86,65,65,61,50,75,78,75,71,53,73,31,61,23,40,47,52,59,64,64,55,80,86
[13603.498502] [AOA] Measurement: 0,1627141220.875335,08:55:31:9b:05:29,2,1,2,0,128,645,682,172,972,265,815,958,613,324,302,421,691,204,0,721,715,568,196,392,639,458,215,58,1016,739,538,512,728,747,356,749,112,73,57,54,82,68,68,64,52,54,84,63,66,60,47,73,79,76,69,52,71,32,60,23,42,46,51,57,65,64,56,80,87
[13603.543167] [AOA] Measurement: 0,1627141220.919997,08:55:31:9b:05:29,2,1,2,0,128,172,529,725,134,220,757,991,627,383,350,351,588,743,826,142,459,1015,978,1020,564,537,260,102,15,694,540,122,969,158,454,644,20,68,51,52,77,64,65,60,49,50,80,59,64,56,46,72,75,71,65,50,67,30,59,22,43,45,50,54,64,63,55,78,81
[13603.594527] [AOA] Measurement: 0,1627141220.971355,08:55:31:9b:05:29,2,1,2,0,128,729,747,701,143,821,997,564,876,961,548,339,616,702,823,177,483,28,990,991,542,527,297,670,245,248,750,62,917,211,492,983,392,68,52,49,75,62,62,60,47,49,79,57,64,55,44,68,72,72,62,48,66,30,58,21,42,45,51,54,63,62,54,77,82
[13603.641136] [AOA] Measurement: 0,1627141221.017969,08:55:31:9b:05:29,2,1,2,0,128,231,582,742,160,798,976,557,874,968,536,894,820,188,6,703,671,605,189,529,776,69,472,654,206,254,746,67,960,250,544,574,958,74,59,59,84,70,71,65,55,54,86,64,63,61,48,75,79,76,70,55,73,31,61,22,40,46,52,59,64,64,56,76,82
[13603.685525] [AOA] Measurement: 0,1627141221.062358,08:55:31:9b:05:29,2,1,2,0,128,746,745,757,197,791,965,606,879,967,586,894,857,253,20,149,441,89,33,492,737,464,209,60,18,322,804,60,953,225,499,834,187,69,54,52,78,63,66,60,49,50,81,60,63,58,47,72,78,75,68,50,71,31,60,23,41,48,51,58,65,64,56,77,84
[13603.739628] [AOA] Measurement: 0,1627141221.116457,08:55:31:9b:05:29,2,1,2,0,128,694,721,156,1001,770,945,980,645,373,339,259,560,645,758,96,429,933,947,929,496,442,160,89,1017,721,556,585,763,733,326,496,966,74,56,55,82,66,68,64,51,53,84,63,65,60,48,72,78,76,67,51,71,30,61,23,42,47,53,59,65,64,57,78,84
[13603.783342] [AOA] Measurement: 0,1627141221.160170,08:55:31:9b:05:29,2,1,2,0,128,217,542,142,992,250,812,999,632,329,259,307,566,719,818,92,432,59,0,501,707,71,484,594,195,760,547,511,743,697,295,697,95,73,57,55,81,67,68,62,52,53,85,61,65,59,49,74,77,78,69,54,71,31,59,23,41,47,52,59,65,66,57,79,86
[13603.829605] [AOA] Measurement: 0,1627141221.206438,08:55:31:9b:05:29,2,1,2,0,128,165,531,138,946,266,809,1010,613,412,353,354,631,252,20,707,705,569,188,906,488,438,163,55,5,629,499,589,765,681,309,930,340,73,57,54,82,67,70,63,53,52,85,63,64,61,49,74,79,76,71,55,73,32,62,23,41,46,51,61,65,64,55,77,83
[13603.873880] [AOA] Measurement: 0,1627141221.250714,08:55:31:9b:05:29,2,1,2,0,128,740,752,733,215,764,934,975,625,362,331,908,817,716,858,700,657,525,157,495,708,510,283,611,223,233,721,619,823,282,549,222,416,73,57,53,80,67,68,64,52,54,86,65,64,62,49,75,79,76,68,51,74,31,61,22,40,45,49,58,60,62,53,75,84
[13603.919348] [AOA] Measurement: 0,1627141221.296177,08:55:31:9b:05:29,2,1,2,0,128,743,759,663,128,787,943,995,608,1001,566,948,862,276,27,732,690,570,163,494,694,432,222,80,60,741,550,118,983,216,543,83,431,72,58,55,81,67,68,63,51,51,84,62,65,59,49,74,78,75,67,53,70,32,60,22,42,48,51,59,65,66,59,78,87
[13603.962695] [AOA] Measurement: 0,1627141221.339528,08:55:31:9b:05:29,2,1,2,0,128,757,761,782,205,786,996,563,866,967,551,821,753,689,862,690,645,29,1001,944,508,496,235,96,72,259,760,52,954,194,539,330,505,73,57,55,81,68,69,64,53,53,85,62,65,59,48,74,77,75,69,54,71,31,61,23,42,48,53,58,65,65,56,79,87
[13604.007102] [AOA] Measurement: 0,1627141221.383936,08:55:31:9b:05:29,2,1,2,0,128,771,748,796,188,798,992,538,874,978,542,901,826,204,24,688,653,12,975,960,513,466,206,70,1008,747,560,566,774,748,371,925,317,71,56,54,79,64,68,64,52,53,84,64,63,60,47,75,79,77,69,54,71,30,62,22,40,47,52,58,63,65,56,79,86
[13604.053117] [AOA] Measurement: 0,1627141221.429946,08:55:31:9b:05:29,2,1,2,0,128,706,749,700,186,782,1009,537,827,910,520,887,799,267,16,715,676,631,234,488,747,49,458,638,219,242,731,125,974,207,527,490,822,73,58,56,83,70,69,63,55,55,86,66,63,61,47,73,77,73,67,52,73,32,59,22,37,43,49,57,61,59,53,72,81
[13604.103675] [AOA] Measurement: 0,1627141221.480502,08:55:31:9b:05:29,2,1,2,0,128,795,767,834,215,855,1,498,854,938,556,928,826,224,28,698,692,655,259,486,736,981,389,667,214,724,554,558,777,227,547,441,796,69,51,50,76,61,65,59,47,49,80,58,65,57,46,71,77,71,67,49,67,31,60,23,41,46,50,55,63,63,56,77,84
[13604.146494] [AOA] Measurement: 0,1627141221.523324,08:55:31:9b:05:29,2,1,2,0,128,212,562,133,986,239,770,2,676,344,311,357,612,695,813,173,504,624,209,465,714,49,476,641,223,613,487,472,751,652,276,606,149,67,49,47,71,58,61,56,43,45,75,54,62,52,43,63,70,67,59,44,59,29,53,20,40,41,47,50,57,57,50,72,72
[13604.189443] [AOA] Measurement: 0,1627141221.566272,08:55:31:9b:05:29,2,1,2,0,128,792,788,762,222,822,1012,565,844,972,536,959,829,206,7,673,641,592,203,507,737,45,502,705,279,293,782,161,18,222,539,894,107,67,51,50,76,63,65,59,49,50,81,59,64,57,45,71,74,71,65,50,67,30,59,24,41,45,53,56,65,64,57,78,84
[13604.233754] [AOA] Measurement: 0,1627141221.610588,08:55:31:9b:05:29,2,1,2,0,128,697,707,731,113,803,995,557,875,907,509,896,797,295,35,697,660,642,270,520,761,137,501,656,236,263,748,133,992,227,544,9,317,73,57,57,82,69,69,64,52,53,86,61,64,61,49,74,77,74,70,53,71,30,60,23,40,48,52,60,63,64,57,77,85
[13604.277681] [AOA] Measurement: 0,1627141221.654515,08:55:31:9b:05:29,2,1,2,0,128,180,534,156,971,264,806,537,847,405,311,247,508,753,855,93,450,85,33,495,707,46,415,66,3,743,573,558,761,728,332,985,346,70,53,51,79,63,66,60,48,48,80,58,63,57,47,71,76,72,66,50,67,31,59,23,42,47,51,56,64,64,56,78,87
[13604.322699] [AOA] Measurement: 0,1627141221.699531,08:55:31:9b:05:29,2,1,2,0,128,167,519,170,988,217,811,959,602,426,357,912,789,307,52,684,633,10,1007,453,677,439,195,70,979,720,545,593,779,214,504,306,611,75,58,57,83,71,72,66,55,54,88,66,65,61,49,75,78,79,71,54,74,31,60,22,41,47,53,58,63,64,55,77,87
[13604.367061] [AOA] Measurement: 0,1627141221.743894,08:55:31:9b:05:29,2,1,2,0,128,749,760,756,201,777,960,990,633,412,341,877,795,230,12,711,658,39,3,524,735,50,458,672,223,263,768,552,776,637,295,679,141,74,61,58,85,70,70,64,55,55,87,64,61,62,48,75,78,76,72,56,74,32,61,23,39,45,50,57,60,61,54,75,84
[13604.415324] [AOA] Measurement: 0,1627141221.792151,08:55:31:9b:05:29,2,1,2,0,128,812,760,712,187,818,1016,558,867,915,512,887,791,715,865,700,693,605,211,422,671,519,270,723,252,282,761,1012,888,285,561,14,302,76,60,59,84,69,69,64,53,55,85,65,63,61,46,74,78,75,71,53,73,31,60,23,39,46,49,57,60,62,53,72,80
[13604.460117] [AOA] Measurement: 0,1627141221.836951,08:55:31:9b:05:29,2,1,2,0,128,713,749,750,205,791,1001,535,825,963,545,887,818,262,50,695,639,568,178,532,778,37,440,650,241,290,759,36,972,698,327,142,534,72,56,56,81,68,70,63,52,52,84,62,64,59,47,74,79,75,69,53,73,31,60,22,42,48,51,58,63,65,57,78,86
[13604.498541] [AOA] Measurement: 0,1627141221.875375,08:55:31:9b:05:29,2,1,2,0,128,742,718,695,150,763,951,1022,683,445,338,327,595,264,26,643,621,623,227,516,721,7,435,678,218,726,548,80,987,171,514,374,606,75,59,58,84,70,69,64,54,54,88,65,65,62,49,76,80,76,71,55,73,32,60,23,41,47,51,59,63,64,57,77,88
[13604.542800] [AOA] Measurement: 0,1627141221.919632,08:55:31:9b:05:29,2,1,2,0,128,761,785,726,160,781,993,611,900,983,581,887,803,692,845,155,481,1017,2,944,502,487,226,74,26,723,573,590,802,650,298,246,662,68,54,54,79,66,67,62,51,53,85,63,66,58,46,73,76,73,69,52,69,31,61,23,42,47,51,58,64,65,56,79,86
[13604.594144] [AOA] Measurement: 0,1627141221.970970,08:55:31:9b:05:29,2,1,2,0,128,148,501,106,967,294,839,974,592,340,257,284,521,751,844,170,485,8,993,939,483,444,206,98,7,727,562,549,813,168,464,605,1,69,53,52,79,64,67,61,49,50,82,59,66,56,46,70,77,73,65,51,69,31,60,22,41,45,52,57,64,64,56,78,84
[13604.644245] [AOA] Measurement: 0,1627141222.021072,08:55:31:9b:05:29,2,1,2,0,128,199,552,195,1019,827,1019,951,589,393,330,314,588,739,843,714,700,469,137,929,480,505,267,56,2,728,563,131,969,200,532,935,188,74,59,58,83,69,69,64,54,54,84,66,61,60,47,74,79,73,70,54,73,30,58,20,37,43,49,56,59,60,51,69,78
[13604.688784] [AOA] Measurement: 0,1627141222.065616,08:55:31:9b:05:29,2,1,2,0,128,764,803,691,158,849,0,605,924,954,583,879,839,225,20,707,692,581,162,929,484,436,177,116,34,272,754,503,734,730,368,460,870,70,52,53,80,64,67,61,51,50,84,60,64,56,45,72,77,76,68,53,72,31,60,22,41,47,52,58,64,64,56,79,86
[13604.732840] [AOA] Measurement: 0,1627141222.109673,08:55:31:9b:05:29,2,1,2,0,128,146,529,161,968,251,814,24,656,342,309,331,607,641,771,99,445,43,15,927,451,498,247,90,35,739,570,92,919,690,281,210,644,69,51,52,77,63,65,60,48,49,81,60,64,55,45,69,74,71,65,50,67,30,56,21,41,46,52,55,63,64,57,77,84
[13604.783039] [AOA] Measurement: 0,1627141222.159866,08:55:31:9b:05:29,2,1,2,0,128,766,761,762,215,834,3,552,841,917,503,818,732,712,815,118,442,983,995,934,500,455,224,58,28,321,793,61,932,229,512,489,857,74,57,56,81,69,69,65,54,53,87,65,63,60,49,74,79,75,69,54,72,31,59,23,41,47,51,58,64,63,56,77,85
[13604.834717] [AOA] Measurement: 0,1627141222.211545,08:55:31:9b:05:29,2,1,2,0,128,133,510,100,990,257,779,40,630,401,305,903,782,255,56,716,688,564,151,509,722,1000,412,638,218,756,586,553,765,689,307,900,323,74,58,57,82,69,70,65,53,55,88,64,63,60,49,75,79,76,72,56,74,32,60,23,39,47,51,58,63,62,56,76,84
[13604.879043] [AOA] Measurement: 0,1627141222.255871,08:55:31:9b:05:29,2,1,2,0,128,740,728,169,988,216,807,37,693,887,489,317,616,728,851,164,478,22,1003,501,710,95,475,56,20,289,746,151,996,256,582,706,945,75,59,60,81,70,69,65,56,56,82,65,65,60,50,73,77,73,71,57,73,34,64,26,43,49,54,60,64,64,59,76,83
[13604.922082] [AOA] Measurement: 0,1627141222.298916,08:55:31:9b:05:29,2,1,2,0,128,261,597,143,1002,236,786,19,663,950,561,949,862,219,4,659,652,580,182,514,732,13,404,161,75,254,734,144,995,223,508,642,12,69,52,51,78,62,64,59,47,49,78,55,63,54,45,68,74,71,62,47,64,30,56,22,41,44,50,54,62,62,54,77,82
[13604.960080] [AOA] Measurement: 0,1627141222.336914,08:55:31:9b:05:29,2,1,2,0,128,734,758,826,222,804,978,578,879,914,470,903,820,296,54,725,726,634,220,556,776,45,452,677,235,264,754,73,962,211,516,792,38,72,57,55,81,67,68,62,53,53,83,63,64,61,47,75,77,76,69,54,72,32,60,23,41,47,54,59,65,63,56,78,86
[13604.999065] [AOA] Measurement: 0,1627141222.375897,08:55:31:9b:05:29,2,1,2,0,128,193,550,171,972,254,827,988,631,390,311,296,553,658,798,109,440,1012,980,947,485,458,182,87,994,664,483,529,746,659,311,850,239,71,54,52,79,64,65,61,48,50,81,59,63,56,46,72,76,75,67,53,70,30,59,22,41,47,50,57,64,64,54,76,85
[13605.043939] [AOA] Measurement: 0,1627141222.420771,08:55:31:9b:05:29,2,1,2,0,128,736,758,155,945,288,819,541,818,953,523,827,741,698,836,111,454,569,178,431,718,477,250,643,172,292,763,472,723,739,374,683,76,72,56,54,81,69,69,64,52,55,86,64,64,59,47,73,76,76,67,54,73,31,60,22,41,47,51,57,63,64,56,75,83
[13605.086703] [AOA] Measurement: 0,1627141222.463530,08:55:31:9b:05:29,2,1,2,0,128,677,701,741,155,810,1021,539,822,978,569,878,793,276,58,648,595,49,0,471,725,512,259,140,74,744,569,600,786,656,316,474,799,72,56,55,82,69,69,62,52,52,85,61,63,58,47,73,75,74,67,53,72,31,61,22,42,47,51,58,63,64,57,80,86
[13605.130547] [AOA] Measurement: 0,1627141222.507375,08:55:31:9b:05:29,2,1,2,0,128,185,543,140,958,233,809,545,846,344,274,252,525,721,858,18,374,985,966,957,472,473,198,114,41,677,524,55,915,696,287,809,175,74,57,57,81,68,69,63,53,52,84,63,64,60,48,73,77,77,68,53,74,32,60,23,42,48,52,60,64,65,57,79,88
[13605.173751] [AOA] Measurement: 0,1627141222.550580,08:55:31:9b:05:29,2,1,2,0,128,698,723,185,979,272,804,995,637,312,325,885,825,254,17,155,467,594,171,952,505,504,262,638,248,281,745,70,946,283,542,628,1006,73,59,56,83,69,70,62,52,54,84,63,65,60,49,75,79,77,69,54,75,31,62,23,41,45,52,59,63,65,56,79,85
[13605.226226] [AOA] Measurement: 0,1627141222.603053,08:55:31:9b:05:29,2,1,2,0,128,221,572,189,1010,849,20,989,636,385,312,304,587,747,876,85,432,62,42,532,714,74,484,558,150,691,545,564,735,678,258,65,517,73,56,54,80,67,67,65,53,53,87,64,66,61,48,73,79,73,69,53,72,31,61,21,40,45,51,56,61,61,55,78,84
[13605.271773] [AOA] Measurement: 0,1627141222.648605,08:55:31:9b:05:29,2,1,2,0,128,711,737,716,176,781,962,578,856,862,495,342,616,330,56,711,663,534,151,502,751,60,480,696,292,339,780,157,5,240,560,243,526,72,56,55,82,67,68,63,52,52,83,64,65,58,46,75,78,76,70,52,72,31,61,22,41,46,52,59,64,65,56,77,86
[13605.310944] [AOA] Measurement: 0,1627141222.687775,08:55:31:9b:05:29,2,1,2,0,128,689,693,168,995,194,773,978,602,331,270,296,553,736,858,99,423,33,14,934,491,467,224,78,19,734,570,530,751,710,352,843,136,73,57,57,82,71,69,65,51,56,85,63,62,60,47,75,77,74,69,52,73,31,58,22,39,46,48,57,61,61,53,74,82
[13605.354949] [AOA] Measurement: 0,1627141222.731781,08:55:31:9b:05:29,2,1,2,0,128,708,733,752,191,861,25,612,884,929,544,896,812,203,5,695,680,613,160,557,785,78,501,669,262,255,742,157,1016,266,578,957,149,73,57,55,81,68,70,65,53,54,86,65,64,61,48,75,79,76,69,53,73,31,59,23,40,47,52,58,65,65,56,78,86
[13605.398997] [AOA] Measurement: 0,1627141222.775825,08:55:31:9b:05:29,2,1,2,0,128,186,544,189,1014,778,1009,503,835,891,490,865,805,735,849,748,679,583,186,526,735,9,415,67,22,200,719,514,771,695,305,873,286,69,53,52,79,65,66,62,50,52,84,62,65,59,48,73,78,75,66,52,69,30,60,22,41,47,51,58,64,65,58,79,86
[13605.442593] [AOA] Measurement: 0,1627141222.819419,08:55:31:9b:05:29,2,1,2,0,128,216,546,765,206,859,9,548,859,900,482,327,571,718,834,114,432,7,982,1015,531,535,265,603,168,752,548,568,764,728,365,570,958,72,58,55,80,68,69,63,50,53,85,61,64,57,46,74,77,74,68,53,72,31,61,23,42,47,52,58,63,65,57,78,86
[13605.494042] [AOA] Measurement: 0,1627141222.870869,08:55:31:9b:05:29,2,1,2,0,128,753,758,761,203,855,9,601,849,393,316,329,615,278,14,615,617,590,182,532,755,76,472,637,178,295,767,70,972,197,539,623,857,74,59,57,83,70,69,63,54,54,87,66,63,60,47,74,77,73,69,53,74,30,60,22,38,46,50,58,62,64,57,77,86
[13605.533932] [AOA] Measurement: 0,1627141222.910764,08:55:31:9b:05:29,2,1,2,0,128,658,696,177,993,823,958,968,663,372,275,281,553,702,819,117,457,50,1009,977,517,498,237,155,60,298,762,88,966,285,557,651,906,76,58,57,83,71,70,66,54,54,85,66,64,62,49,76,80,78,72,55,74,31,62,23,42,47,52,58,64,64,57,78,87
[13605.578038] [AOA] Measurement: 0,1627141222.954869,08:55:31:9b:05:29,2,1,2,0,128,729,757,762,167,285,816,990,650,369,318,865,797,257,1003,714,679,532,133,981,490,579,279,716,246,224,700,531,723,757,360,200,580,71,54,52,79,66,66,60,49,52,83,63,64,58,47,70,77,76,69,52,71,31,60,23,40,47,52,58,63,64,56,76,83
[13605.622570] [AOA] Measurement: 0,1627141222.999402,08:55:31:9b:05:29,2,1,2,0,128,118,502,132,967,290,801,33,679,334,298,350,607,733,874,161,471,1023,1006,953,529,504,248,39,989,783,589,499,742,735,344,653,33,70,57,56,79,66,65,64,55,55,83,65,65,59,50,72,74,73,69,55,73,34,62,24,44,50,54,59,66,66,59,77,83
[13605.661409] [AOA] Measurement: 0,1627141223.038241,08:55:31:9b:05:29,2,1,2,0,128,777,774,675,143,782,980,1017,632,357,269,380,647,768,847,100,448,1008,980,520,733,510,256,672,239,319,780,64,976,231,547,278,519,69,54,53,77,66,66,61,50,50,83,61,65,57,46,73,76,75,67,53,69,31,58,22,41,46,52,57,64,63,57,78,85
[13605.703105] [AOA] Measurement: 0,1627141223.079933,08:55:31:9b:05:29,2,1,2,0,128,803,785,692,157,825,1000,607,890,946,559,875,836,257,15,683,668,570,176,451,699,526,273,81,11,793,588,582,776,241,518,974,253,72,55,53,81,67,70,62,53,54,84,61,65,60,48,73,76,75,68,53,71,31,60,22,41,47,53,57,65,65,55,79,87
[13605.749515] [AOA] Measurement: 0,1627141223.126349,08:55:31:9b:05:29,2,1,2,0,128,678,726,653,103,242,805,56,648,396,327,348,595,709,829,54,418,30,980,989,517,55,440,618,184,228,736,96,983,259,542,819,86,70,54,53,80,67,68,62,49,52,80,61,65,58,47,73,78,74,69,52,70,30,59,24,41,47,50,55,63,64,56,77,85
[13605.793478] [AOA] Measurement: 0,1627141223.170311,08:55:31:9b:05:29,2,1,2,0,128,156,528,187,6,295,792,1011,647,359,305,903,800,301,17,756,707,531,146,911,473,511,286,129,58,271,749,143,1005,154,479,179,460,74,58,55,80,68,69,64,54,54,83,65,64,60,47,73,78,74,68,52,72,32,62,23,41,46,52,58,62,64,55,76,84
[13605.837214] [AOA] Measurement: 0,1627141223.214041,08:55:31:9b:05:29,2,1,2,0,128,748,702,694,135,278,799,29,682,929,523,261,543,695,805,34,357,982,940,886,411,502,212,139,67,236,721,513,734,648,309,65,591,74,58,54,82,66,68,63,52,53,86,63,64,58,48,73,78,77,70,52,71,31,60,22,41,47,53,58,63,63,56,79,85
[13605.881503] [AOA] Measurement: 0,1627141223.258331,08:55:31:9b:05:29,2,1,2,0,128,70,439,148,964,229,760,16,623,326,292,310,565,741,849,99,426,997,1018,993,484,465,186,45,994,719,553,532,734,582,236,783,321,75,60,59,84,69,70,65,54,56,89,65,63,61,49,77,78,77,70,55,74,31,59,22,39,45,49,58,61,61,53,74,84
[13605.925322] [AOA] Measurement: 0,1627141223.302154,08:55:31:9b:05:29,2,1,2,0,128,756,788,751,191,887,20,516,846,952,558,827,771,691,819,704,683,562,162,482,735,0,427,77,1016,715,538,553,775,786,345,10,412,71,57,56,78,65,67,64,54,54,79,64,67,59,51,72,78,75,70,56,72,34,62,26,44,51,55,62,65,64,59,77,82
[13605.971321] [AOA] Measurement: 0,1627141223.348148,08:55:31:9b:05:29,2,1,2,0,128,208,573,710,146,765,959,1023,633,423,371,313,581,694,837,122,453,25,1002,491,704,484,241,644,182,280,775,63,968,194,510,900,229,74,58,58,83,69,69,63,54,54,87,64,63,62,49,75,80,77,73,57,76,32,62,22,40,47,50,58,64,64,54,76,84
[13606.022660] [AOA] Measurement: 0,1627141223.399487,08:55:31:9b:05:29,2,1,2,0,128,726,698,768,199,720,970,483,819,946,553,905,811,265,12,640,633,618,199,535,736,12,427,645,209,305,824,167,1015,244,523,944,148,75,59,57,79,70,69,66,55,56,84,66,65,62,50,75,77,75,69,55,73,34,62,25,43,50,54,60,64,66,58,77,83
[13606.068173] [AOA] Measurement: 0,1627141223.445007,08:55:31:9b:05:29,2,1,2,0,128,788,806,770,207,787,974,549,880,887,512,864,770,742,871,740,713,32,15,501,720,68,501,668,272,341,828,99,997,236,493,486,819,73,58,56,79,68,67,65,55,57,80,66,66,61,50,75,76,77,72,56,72,34,63,26,42,50,53,59,64,64,57,75,82
[13606.113346] [AOA] Measurement: 0,1627141223.490175,08:55:31:9b:05:29,2,1,2,0,128,188,522,130,948,316,823,1018,666,961,545,869,783,252,8,684,642,998,980,957,525,526,284,56,1015,704,538,558,776,762,370,590,40,72,57,55,81,69,68,63,52,55,86,63,66,61,49,74,77,75,67,53,72,33,59,23,41,46,53,58,65,65,59,81,85
[13606.165988] [AOA] Measurement: 0,1627141223.542817,08:55:31:9b:05:29,2,1,2,0,128,737,726,734,169,809,950,521,795,379,331,921,841,318,86,769,729,642,230,533,770,13,455,655,217,233,686,100,985,214,526,422,802,65,50,47,72,59,62,57,46,45,77,55,63,54,44,68,72,70,61,48,65,29,57,21,40,45,51,54,62,60,54,76,82
[13606.212474] [AOA] Measurement: 0,1627141223.589307,08:55:31:9b:05:29,2,1,2,0,128,139,497,125,957,224,806,1014,641,359,291,321,624,748,840,102,446,29,985,963,551,514,282,25,14,713,562,569,791,240,542,310,584,73,56,56,82,68,68,64,51,54,84,63,66,59,48,72,75,75,68,54,71,31,60,23,43,47,53,58,65,65,56,78,85
[13606.255339] [AOA] Measurement: 0,1627141223.632166,08:55:31:9b:05:29,2,1,2,0,128,214,594,192,1022,779,954,526,809,889,505,829,793,708,819,738,681,590,148,523,742,96,486,685,251,347,771,53,931,154,482,878,234,72,56,55,82,69,69,65,53,55,87,66,65,62,49,76,79,78,69,54,71,32,60,23,40,47,51,59,65,65,57,78,86
[13606.299763] [AOA] Measurement: 0,1627141223.676594,08:55:31:9b:05:29,2,1,2,0,128,694,710,171,985,776,984,1000,654,956,531,861,807,234,1021,698,670,1002,989,983,515,437,199,83,1008,749,575,113,957,212,532,900,314,72,56,55,81,67,70,64,53,53,86,63,64,59,48,75,77,76,69,52,72,32,62,24,40,47,51,58,64,63,56,78,86
[13606.339134] [AOA] Measurement: 0,1627141223.715966,08:55:31:9b:05:29,2,1,2,0,128,788,817,739,191,820,1000,557,867,953,551,862,786,710,863,727,678,596,175,481,748,36,431,686,242,293,776,121,993,207,512,623,927,71,53,53,79,64,65,59,49,49,83,61,63,58,46,71,77,74,66,52,69,30,60,22,41,47,51,58,65,64,55,80,85
[13606.383826] [AOA] Measurement: 0,1627141223.760657,08:55:31:9b:05:29,2,1,2,0,128,780,799,711,172,795,970,983,596,347,301,305,593,739,868,135,470,590,154,496,700,78,473,632,194,238,742,65,976,236,544,371,644,69,51,51,76,64,64,60,48,50,79,58,64,54,45,69,75,71,65,50,66,29,58,22,41,45,50,57,63,63,56,79,85
[13606.427368] [AOA] Measurement: 0,1627141223.804195,08:55:31:9b:05:29,2,1,2,0,128,766,777,790,203,886,5,611,887,31,615,860,794,255,21,643,630,528,152,503,727,86,497,684,273,297,777,34,961,226,501,295,636,74,58,56,84,67,70,62,53,54,85,65,62,61,46,74,78,75,70,53,73,31,59,23,40,47,50,58,62,62,55,76,84
[13606.473134] [AOA] Measurement: 0,1627141223.849962,08:55:31:9b:05:29,2,1,2,0,128,245,612,685,130,844,985,1004,635,354,292,360,623,678,841,131,443,1001,962,67,609,66,459,44,5,696,537,595,767,172,472,103,513,73,56,55,82,70,69,62,54,53,86,65,63,60,48,75,77,76,72,54,75,32,61,22,39,45,51,57,62,63,55,75,83
[13606.523951] [AOA] Measurement: 0,1627141223.900778,08:55:31:9b:05:29,2,1,2,0,128,752,746,166,1021,772,986,951,636,404,358,914,837,281,39,630,628,56,1012,567,758,57,481,688,244,222,731,63,948,698,328,313,727,73,59,55,82,69,70,65,54,55,87,65,65,60,49,74,79,76,70,53,72,32,61,23,42,47,53,57,63,65,56,79,85
[13606.566775] [AOA] Measurement: 0,1627141223.943602,08:55:31:9b:05:29,2,1,2,0,128,769,779,732,179,768,981,953,623,378,339,862,760,713,834,100,450,37,1015,978,510,499,282,674,212,758,553,557,752,731,318,99,447,73,57,59,82,70,70,63,54,53,86,64,63,61,48,73,76,76,70,54,72,31,59,23,38,45,51,59,61,62,53,75,83
[13606.612259] [AOA] Measurement: 0,1627141223.989092,08:55:31:9b:05:29,2,1,2,0,128,750,740,139,926,325,821,560,833,932,548,883,803,289,12,707,672,560,181,961,537,461,205,111,20,695,506,564,759,647,317,211,713,71,55,54,78,67,67,63,51,51,84,61,66,58,49,73,77,75,67,52,70,31,59,23,41,47,52,57,64,66,56,80,86
[13606.651212] [AOA] Measurement: 0,1627141224.028042,08:55:31:9b:05:29,2,1,2,0,128,765,746,139,1011,730,916,22,650,348,325,869,760,689,844,715,704,590,173,485,682,480,191,81,1017,736,541,537,760,690,309,986,309,75,59,57,84,70,71,65,54,56,87,65,65,61,49,75,80,78,72,54,73,31,62,23,40,47,51,57,59,61,56,74,83
[13606.695896] [AOA] Measurement: 0,1627141224.072728,08:55:31:9b:05:29,2,1,2,0,128,213,551,201,40,784,979,575,861,934,523,854,758,738,858,146,419,76,17,517,710,523,264,100,27,245,749,78,929,652,291,267,736,70,56,55,79,66,64,62,50,51,84,60,63,59,47,72,77,75,68,52,71,31,59,21,40,45,50,57,62,63,55,76,83
[13606.739636] [AOA] Measurement: 0,1627141224.116463,08:55:31:9b:05:29,2,1,2,0,128,751,764,686,133,229,741,1021,625,399,338,299,584,705,823,96,431,29,1016,912,474,482,253,140,52,704,501,588,752,675,338,599,989,71,57,56,76,66,65,63,51,55,76,63,66,60,50,72,76,75,68,55,70,34,61,24,44,49,54,60,63,64,59,76,83
[13606.784774] [AOA] Measurement: 0,1627141224.161601,08:55:31:9b:05:29,2,1,2,0,128,802,813,779,205,789,973,533,836,354,365,889,777,244,11,737,676,614,190,937,508,523,198,150,71,297,783,63,949,259,579,756,60,73,56,57,81,66,68,62,52,53,85,64,65,60,48,75,77,75,69,53,72,32,60,23,41,47,52,59,64,65,56,80,86
[13606.835215] [AOA] Measurement: 0,1627141224.212043,08:55:31:9b:05:29,2,1,2,0,128,755,750,762,208,807,1018,557,890,931,574,959,848,347,82,713,713,504,138,502,760,997,392,86,28,743,529,563,777,687,323,609,933,70,52,52,78,65,67,62,50,52,83,63,66,58,49,73,79,75,68,51,71,31,60,23,41,47,51,58,65,64,55,78,87
[13606.877933] [AOA] Measurement: 0,1627141224.254760,08:55:31:9b:05:29,2,1,2,0,128,680,741,736,166,817,981,34,654,375,313,873,783,293,65,703,659,573,178,490,715,72,461,713,268,319,828,125,1,224,541,685,1014,72,56,54,81,66,67,63,50,51,83,61,65,59,46,71,77,74,68,51,70,31,60,22,42,47,53,57,63,65,57,78,86
[13606.921044] [AOA] Measurement: 0,1627141224.297871,08:55:31:9b:05:29,2,1,2,0,128,746,753,148,981,778,968,1,669,345,306,889,796,722,878,174,493,36,995,564,753,489,209,132,68,738,586,573,779,713,338,326,671,72,57,55,82,68,69,63,53,53,86,63,62,60,49,74,77,75,71,54,72,32,61,22,40,47,51,57,61,64,54,76,85
[13606.966995] [AOA] Measurement: 0,1627141224.343826,08:55:31:9b:05:29,2,1,2,0,128,167,549,109,945,307,872,567,884,964,573,868,811,219,997,103,410,65,1009,982,513,505,214,603,209,734,553,78,949,249,532,417,858,73,58,59,82,68,68,63,53,55,86,65,61,61,46,73,74,74,68,54,72,29,57,21,37,43,47,54,56,58,50,69,77
[13607.011223] [AOA] Measurement: 0,1627141224.388050,08:55:31:9b:05:29,2,1,2,0,128,766,759,765,161,856,15,616,917,949,517,881,788,251,22,625,648,6,989,979,523,476,219,50,1012,296,793,103,1023,197,498,495,900,72,53,53,79,64,67,62,50,51,82,61,66,58,47,73,78,75,69,53,70,31,60,23,42,46,51,56,62,62,55,79,86
[13607.054177] [AOA] Measurement: 0,1627141224.431009,08:55:31:9b:05:29,2,1,2,0,128,828,812,753,172,788,974,519,805,325,263,267,579,717,831,173,506,579,184,471,685,516,253,613,203,688,541,121,983,263,528,517,861,73,59,57,79,68,70,64,54,55,82,65,65,61,49,71,77,76,69,54,73,33,62,24,42,49,53,59,63,64,57,74,81
[13607.097886] [AOA] Measurement: 0,1627141224.474718,08:55:31:9b:05:29,2,1,2,0,128,196,543,744,199,796,1009,541,840,931,518,244,514,711,844,137,462,595,196,477,718,0,416,57,1004,738,545,524,746,686,322,148,611,70,56,53,81,66,66,62,50,52,83,61,64,58,46,72,77,73,68,51,69,31,59,22,41,44,50,57,64,63,56,77,86
[13607.144427] [AOA] Measurement: 0,1627141224.521254,08:55:31:9b:05:29,2,1,2,0,128,695,755,793,216,830,2,509,849,927,484,295,573,708,806,156,473,602,193,532,766,63,482,620,205,283,781,76,952,304,592,820,965,72,57,52,81,66,68,62,49,51,84,60,66,59,46,72,77,73,68,51,70,31,60,22,42,47,52,55,65,64,56,79,85
[13607.190439] [AOA] Measurement: 0,1627141224.567271,08:55:31:9b:05:29,2,1,2,0,128,181,538,143,974,227,789,1002,623,362,282,332,597,692,804,230,536,538,150,512,754,417,197,48,996,730,528,524,741,634,302,10,508,75,57,56,82,69,70,65,52,54,86,65,64,61,48,76,79,77,70,54,71,32,61,22,41,46,52,58,65,65,58,79,87
[13607.234461] [AOA] Measurement: 0,1627141224.611292,08:55:31:9b:05:29,2,1,2,0,128,163,539,202,1008,258,796,1009,661,361,321,347,618,277,15,705,676,579,215,498,721,528,241,117,68,293,739,132,989,215,520,796,91,75,58,58,79,69,70,66,54,55,82,63,63,60,49,73,77,76,72,56,73,33,61,24,43,48,53,59,64,64,58,74,81
[13607.278484] [AOA] Measurement: 0,1627141224.655316,08:55:31:9b:05:29,2,1,2,0,128,681,709,704,145,791,969,500,804,936,532,305,567,727,848,158,457,56,1006,941,496,449,180,136,35,753,583,73,933,737,388,851,244,70,54,54,78,64,66,62,51,51,84,61,65,58,47,74,77,75,68,54,74,31,61,24,41,47,52,59,62,63,54,76,86
[13607.322639] [AOA] Measurement: 0,1627141224.699471,08:55:31:9b:05:29,2,1,2,0,128,725,718,146,983,284,802,1003,609,391,338,883,805,738,859,685,675,553,153,495,719,18,404,91,74,758,576,572,773,262,528,35,479,73,56,56,81,68,68,64,54,53,86,65,64,60,48,76,78,75,69,53,73,30,60,23,39,45,51,57,62,61,54,76,84
[13607.366246] [AOA] Measurement: 0,1627141224.743079,08:55:31:9b:05:29,2,1,2,0,128,763,754,711,149,790,979,987,615,369,325,276,570,732,870,715,641,593,192,435,679,496,251,149,57,684,521,508,734,772,369,972,283,71,56,56,80,69,69,64,51,53,84,64,65,60,48,74,79,77,69,53,73,30,60,23,41,47,53,59,65,64,56,79,84
[13607.409954] [AOA] Measurement: 0,1627141224.786784,08:55:31:9b:05:29,2,1,2,0,128,163,536,189,1016,250,816,46,714,959,549,849,832,235,20,693,657,1019,978,504,761,95,487,663,217,250,741,506,779,702,315,88,443,75,59,58,84,71,69,64,53,54,87,65,61,60,46,75,78,76,68,52,74,31,58,22,39,45,49,57,62,62,54,75,84
[13607.448552] [AOA] Measurement: 0,1627141224.825379,08:55:31:9b:05:29,2,1,2,0,128,726,711,132,974,219,802,1003,664,391,314,350,613,671,849,170,478,20,1008,920,496,505,254,645,197,260,786,79,961,285,555,669,945,72,59,59,85,70,70,65,55,56,88,66,63,62,48,77,79,76,71,53,73,30,59,22,36,44,46,54,59,59,52,71,79
[13607.491574] [AOA] Measurement: 0,1627141224.868406,08:55:31:9b:05:29,2,1,2,0,128,685,728,162,1015,248,820,1017,689,897,500,332,614,700,814,154,474,27,990,978,539,511,232,97,47,285,746,100,970,225,536,809,66,74,57,55,79,67,67,63,51,52,85,62,64,61,48,75,80,76,69,52,73,31,61,22,40,46,52,58,65,64,56,77,85
[13607.530718] [AOA] Measurement: 0,1627141224.907545,08:55:31:9b:05:29,2,1,2,0,128,126,472,152,989,256,785,1022,663,330,303,327,595,749,845,129,477,51,9,462,715,80,512,645,219,190,713,41,939,636,299,394,787,72,55,53,79,63,66,62,49,51,80,61,65,59,48,73,77,75,68,51,71,31,60,22,41,44,52,56,62,63,56,79,86
[13607.573551] [AOA] Measurement: 0,1627141224.950383,08:55:31:9b:05:29,2,1,2,0,128,728,742,748,213,820,1009,492,826,1015,614,855,788,249,1019,673,683,29,1018,512,717,505,260,74,39,249,703,124,1014,310,610,729,976,74,58,57,80,68,69,63,51,53,84,62,64,60,48,74,77,76,68,52,71,32,61,23,42,47,52,58,65,65,57,79,86
[13607.617768] [AOA] Measurement: 0,1627141224.994600,08:55:31:9b:05:29,2,1,2,0,128,725,753,729,165,762,954,0,666,362,302,890,823,723,877,734,726,542,152,593,803,84,532,702,266,271,757,65,942,212,494,931,263,73,57,57,83,68,69,64,52,55,86,64,66,60,48,74,79,76,69,53,73,31,61,23,41,48,51,59,64,64,58,80,87
[13607.666238] [AOA] Measurement: 0,1627141225.043067,08:55:31:9b:05:29,2,1,2,0,128,726,741,677,149,841,1005,556,856,383,320,297,576,689,830,120,444,3,970,998,541,454,190,128,97,266,783,74,998,185,507,465,842,73,57,55,80,68,69,62,53,53,85,64,62,60,49,74,78,78,70,55,74,29,61,22,37,46,50,57,59,62,54,71,81
[13607.711472] [AOA] Measurement: 0,1627141225.088304,08:55:31:9b:05:29,2,1,2,0,128,124,509,789,210,261,802,549,846,903,509,884,791,248,21,690,644,584,201,428,680,500,217,704,285,264,763,118,976,191,493,76,458,70,53,54,78,66,67,62,51,53,84,62,66,60,48,73,77,76,70,53,70,32,61,24,42,48,53,58,64,66,57,78,85
[13607.755620] [AOA] Measurement: 0,1627141225.132452,08:55:31:9b:05:29,2,1,2,0,128,764,790,760,182,814,981,548,850,974,591,868,775,748,859,127,443,997,975,1003,555,536,231,638,212,249,739,94,997,233,559,89,329,73,54,51,78,64,66,62,50,50,82,59,64,57,47,71,77,73,69,52,69,29,60,23,41,47,52,58,65,64,58,79,86
[13607.799686] [AOA] Measurement: 0,1627141225.176513,08:55:31:9b:05:29,2,1,2,0,128,94,482,192,991,260,818,517,817,905,492,785,752,657,790,61,404,976,975,939,495,578,316,41,1015,697,547,535,756,682,294,589,888,73,58,56,83,70,72,64,54,55,87,64,65,60,48,74,77,76,70,53,74,31,60,22,40,47,51,58,63,63,56,77,85
[13607.842607] [AOA] Measurement: 0,1627141225.219441,08:55:31:9b:05:29,2,1,2,0,128,774,746,724,168,796,996,511,817,380,320,310,572,715,833,169,477,567,186,523,730,57,453,650,230,279,760,93,952,209,534,913,143,72,54,53,79,65,67,61,50,52,83,61,65,58,46,74,76,74,68,52,71,31,61,22,41,47,53,57,65,65,58,79,84
[13607.888636] [AOA] Measurement: 0,1627141225.265469,08:55:31:9b:05:29,2,1,2,0,128,188,563,747,188,854,28,528,835,958,562,863,788,754,863,166,495,18,1010,931,484,543,296,569,169,742,539,518,760,253,532,43,435,72,56,54,81,67,69,61,50,52,85,63,65,58,46,72,77,74,67,53,70,31,62,22,42,46,51,55,61,64,57,76,86
[13607.934787] [AOA] Measurement: 0,1627141225.311614,08:55:31:9b:05:29,2,1,2,0,128,756,733,712,184,751,960,574,850,326,282,312,542,679,815,77,452,984,947,992,543,476,229,68,29,719,561,554,759,662,293,426,952,74,57,54,83,68,69,63,53,55,86,65,65,61,49,75,80,75,70,55,73,31,60,23,40,46,52,57,63,64,57,77,85
[13607.977838] [AOA] Measurement: 0,1627141225.354665,08:55:31:9b:05:29,2,1,2,0,128,745,776,751,202,853,1018,539,847,962,511,823,754,778,847,126,452,55,12,555,743,100,487,711,290,224,739,116,990,214,500,172,621,72,57,56,81,67,69,64,51,53,83,63,63,60,50,74,80,76,70,55,73,32,62,22,41,47,52,57,63,63,56,77,84
[13608.017472] [AOA] Measurement: 0,1627141225.394306,08:55:31:9b:05:29,2,1,2,0,128,161,524,163,1005,227,785,564,821,349,351,334,606,690,816,100,454,9,1003,35,569,70,467,684,219,327,800,120,974,217,513,128,463,72,57,56,81,69,68,64,54,54,86,64,65,60,48,73,76,76,71,53,73,32,60,22,41,46,51,57,63,62,55,79,87
[13608.061726] [AOA] Measurement: 0,1627141225.438558,08:55:31:9b:05:29,2,1,2,0,128,149,513,146,958,798,1002,524,819,372,305,273,557,754,880,718,640,550,159,1014,538,498,262,698,245,214,712,516,741,645,329,936,401,73,57,57,81,68,68,62,52,53,85,65,63,60,48,73,76,74,68,54,70,32,61,23,39,46,52,57,61,63,54,79,86
[13608.104013] [AOA] Measurement: 0,1627141225.480841,08:55:31:9b:05:29,2,1,2,0,128,729,746,183,1005,806,999,583,876,355,347,883,812,268,48,717,638,534,186,445,683,610,308,664,272,303,781,89,961,236,517,974,337,70,56,53,81,65,66,62,49,52,83,61,64,58,47,74,75,76,68,52,69,29,59,23,41,47,52,58,64,65,57,79,85
[13608.148465] [AOA] Measurement: 0,1627141225.525296,08:55:31:9b:05:29,2,1,2,0,128,726,737,691,167,828,11,554,862,979,565,868,780,270,30,707,673,607,206,505,742,30,469,629,211,252,740,151,1011,233,526,689,977,73,58,56,83,70,68,63,54,57,89,66,65,62,48,74,78,76,71,55,73,32,60,21,38,44,49,56,61,60,53,72,81
[13608.192578] [AOA] Measurement: 0,1627141225.569410,08:55:31:9b:05:29,2,1,2,0,128,734,732,776,211,838,986,555,847,901,499,902,793,231,1009,131,466,22,1010,972,535,467,226,87,13,332,760,84,971,220,542,114,479,73,58,56,83,69,69,64,53,52,85,63,65,59,47,73,78,75,68,53,72,31,61,22,42,47,52,58,65,65,57,79,84
[13608.237178] [AOA] Measurement: 0,1627141225.614012,08:55:31:9b:05:29,2,1,2,0,128,716,746,670,132,231,807,581,852,892,486,296,589,299,21,177,533,506,147,497,742,518,236,102,64,295,783,127,991,203,523,1015,366,74,59,57,81,68,68,63,54,55,86,65,63,61,47,74,79,74,69,53,73,31,60,23,39,45,49,56,61,61,54,75,85
[13608.280527] [AOA] Measurement: 0,1627141225.657359,08:55:31:9b:05:29,2,1,2,0,128,733,743,686,144,774,981,559,856,932,532,923,825,267,10,713,701,623,235,587,780,35,480,676,231,254,747,40,922,721,336,672,26,74,60,58,84,71,69,65,55,54,86,64,61,61,47,72,76,73,71,54,74,30,59,21,38,43,47,56,58,57,49,69,79
[13608.320730] [AOA] Measurement: 0,1627141225.697558,08:55:31:9b:05:29,2,1,2,0,128,719,728,711,179,751,954,581,866,910,515,910,831,290,83,722,710,565,170,534,747,4,420,671,250,219,715,570,811,682,299,224,606,68,53,54,79,66,66,63,52,52,86,62,66,58,48,71,75,74,67,53,69,31,60,23,41,47,51,57,64,63,56,79,86
[13608.363378] [AOA] Measurement: 0,1627141225.740210,08:55:31:9b:05:29,2,1,2,0,128,196,511,167,955,246,796,46,683,383,319,377,627,742,876,59,415,36,1002,492,748,488,239,613,236,301,780,51,991,240,519,497,799,67,53,52,74,64,65,60,49,51,76,61,66,58,47,69,74,70,66,53,68,34,61,25,45,48,52,60,63,63,57,75,79
[13608.407023] [AOA] Measurement: 0,1627141225.783853,08:55:31:9b:05:29,2,1,2,0,128,776,768,762,198,799,981,960,612,415,341,897,818,310,66,769,753,502,111,517,747,39,420,665,240,275,751,10,926,662,314,902,253,74,57,55,81,68,69,63,52,54,86,64,66,61,49,76,78,76,68,53,71,31,60,23,41,48,53,58,64,64,57,77,87
[13608.453280] [AOA] Measurement: 0,1627141225.830109,08:55:31:9b:05:29,2,1,2,0,128,701,753,759,178,743,964,555,840,410,316,363,609,778,875,698,657,572,167,591,801,28,449,671,239,310,770,69,962,209,554,528,844,72,54,55,80,65,67,62,51,53,82,60,65,58,48,72,77,75,69,54,70,31,60,23,42,47,53,57,63,64,57,79,86
[13608.499876] [AOA] Measurement: 0,1627141225.876707,08:55:31:9b:05:29,2,1,2,0,128,759,741,695,128,819,1012,500,799,891,540,867,797,211,1021,693,667,566,176,493,737,88,472,691,255,323,767,68,968,229,489,676,33,66,51,49,74,61,63,58,47,47,79,60,64,56,47,70,74,73,66,50,67,31,58,22,41,45,51,56,64,64,57,80,85
[13608.543916] [AOA] Measurement: 0,1627141225.920747,08:55:31:9b:05:29,2,1,2,0,128,715,733,200,993,804,965,582,847,923,561,933,831,301,47,713,670,565,149,571,768,13,423,615,179,269,758,27,938,671,309,804,147,72,58,57,81,68,68,62,51,53,85,64,64,60,47,73,78,76,70,54,74,30,60,22,40,46,51,58,64,61,55,76,82
[13608.587766] [AOA] Measurement: 0,1627141225.964593,08:55:31:9b:05:29,2,1,2,0,128,168,557,171,956,282,836,983,625,372,326,364,608,720,865,680,660,534,177,970,529,509,218,68,14,750,577,54,948,219,502,81,411,72,60,57,82,70,68,61,53,52,86,64,58,62,46,74,76,73,69,53,71,29,57,20,35,42,45,54,58,57,48,67,74
[13608.631753] [AOA] Measurement: 0,1627141226.008581,08:55:31:9b:05:29,2,1,2,0,128,265,590,693,149,771,940,976,607,941,526,863,765,680,805,146,450,1019,954,966,463,546,293,624,186,300,763,80,958,196,492,310,795,73,57,55,82,68,68,62,53,53,86,65,64,61,48,74,79,76,71,53,75,31,60,22,38,45,49,56,61,62,53,73,83
[13608.679608] [AOA] Measurement: 0,1627141226.056439,08:55:31:9b:05:29,2,1,2,0,128,730,736,180,999,799,954,994,643,377,340,887,830,214,14,671,634,1023,985,946,494,539,279,662,227,266,738,132,1004,200,525,719,5,74,60,59,79,71,69,65,57,57,83,63,64,63,48,71,77,75,71,56,73,33,61,24,41,49,52,61,63,64,57,73,80
[13608.720773] [AOA] Measurement: 0,1627141226.097599,08:55:31:9b:05:29,2,1,2,0,128,157,536,746,193,796,990,594,891,933,555,863,826,723,853,656,641,660,219,545,765,29,454,659,258,263,744,81,946,274,579,704,18,70,56,54,79,68,68,61,52,53,82,63,64,60,47,73,77,75,69,54,73,32,60,23,41,47,51,58,62,61,54,75,83
[13608.763743] [AOA] Measurement: 0,1627141226.140570,08:55:31:9b:05:29,2,1,2,0,128,766,769,690,155,829,1,549,883,930,540,899,817,248,24,682,712,637,221,580,774,86,511,676,239,318,794,91,943,262,543,425,703,74,55,55,82,67,70,66,54,55,84,65,65,61,49,75,80,75,68,53,73,30,61,23,41,46,49,58,62,62,53,73,83
[13608.810275] [AOA] Measurement: 0,1627141226.187106,08:55:31:9b:05:29,2,1,2,0,128,144,519,233,12,208,772,1013,667,338,294,310,609,745,873,135,485,572,212,503,749,37,427,631,227,244,729,57,951,251,532,17,378,73,59,57,82,69,71,65,55,55,88,66,62,60,47,74,79,77,71,54,73,30,60,22,39,46,49,56,60,62,53,72,84
[13608.853350] [AOA] Measurement: 0,1627141226.230183,08:55:31:9b:05:29,2,1,2,0,128,670,681,134,980,283,812,1015,650,412,378,952,866,266,57,696,648,4,5,954,503,516,249,115,50,705,546,561,797,250,555,631,954,74,57,56,82,69,69,63,54,53,87,63,64,60,48,75,78,77,71,54,75,32,61,23,41,47,51,59,62,64,53,76,84
[13608.896729] [AOA] Measurement: 0,1627141226.273562,08:55:31:9b:05:29,2,1,2,0,128,748,765,752,159,841,1019,561,844,942,541,837,767,692,815,168,457,1008,970,1008,599,139,496,641,215,699,513,540,770,677,312,276,600,73,58,56,82,68,68,61,52,53,85,64,64,58,47,73,79,76,70,54,72,31,60,23,40,46,51,57,63,64,56,78,84
[13608.941204] [AOA] Measurement: 0,1627141226.318031,08:55:31:9b:05:29,2,1,2,0,128,806,774,743,163,757,955,987,620,350,294,277,576,750,821,149,455,25,983,976,502,488,234,177,69,292,774,53,918,219,511,931,192,72,57,56,82,69,70,63,52,55,86,64,66,59,48,73,78,75,68,54,73,31,62,23,42,46,50,59,63,64,55,78,85
[13608.988576] [AOA] Measurement: 0,1627141226.365407,08:55:31:9b:05:29,2,1,2,0,128,797,754,664,115,232,796,584,855,873,496,853,793,201,998,176,456,1012,994,972,516,448,235,91,1023,281,765,162,1004,219,534,701,26,74,56,56,82,68,68,62,52,52,82,65,63,58,46,74,77,76,69,54,73,31,60,22,40,46,50,57,64,62,55,77,86
[13609.037590] [AOA] Measurement: 0,1627141226.414416,08:55:31:9b:05:29,2,1,2,0,128,770,785,738,198,792,1002,572,836,956,552,909,808,295,41,657,665,587,163,901,446,484,204,94,31,763,587,557,734,731,333,416,904,73,55,54,80,68,68,63,52,53,86,63,65,59,47,73,76,76,68,53,74,31,60,21,40,46,51,57,63,63,56,79,84
[13609.081991] [AOA] Measurement: 0,1627141226.458822,08:55:31:9b:05:29,2,1,2,0,128,793,799,767,208,811,1014,552,850,870,498,881,836,278,19,651,644,586,140,933,510,454,223,717,255,258,735,91,965,295,570,43,303,72,58,54,81,66,69,62,51,53,84,63,64,59,48,73,78,76,70,53,71,31,60,23,40,47,51,58,62,64,55,76,85
[13609.120612] [AOA] Measurement: 0,1627141226.497445,08:55:31:9b:05:29,2,1,2,0,128,702,739,790,210,839,0,559,863,928,535,863,799,219,22,688,670,623,231,554,778,119,534,659,251,253,717,78,983,184,512,1020,405,71,55,53,81,66,67,62,51,52,84,62,64,59,47,73,78,72,67,52,70,32,61,23,42,46,51,57,64,64,57,79,86
[13609.165661] [AOA] Measurement: 0,1627141226.542493,08:55:31:9b:05:29,2,1,2,0,128,730,748,709,140,794,1004,571,829,923,504,965,864,199,11,731,684,629,228,564,775,28,464,642,198,256,721,536,773,679,315,627,51,73,57,56,83,69,71,64,54,54,87,65,65,60,48,76,78,76,69,54,72,29,59,22,39,44,49,57,61,63,55,74,84
[13609.209630] [AOA] Measurement: 0,1627141226.586457,08:55:31:9b:05:29,2,1,2,0,128,687,695,723,130,762,976,988,644,365,279,269,544,721,831,151,470,10,1001,981,552,512,227,605,181,300,780,72,995,247,535,812,71,72,55,54,79,66,67,62,50,52,82,61,64,58,46,74,77,75,67,53,70,31,60,23,41,47,50,58,64,65,55,78,87
[13609.252108] [AOA] Measurement: 0,1627141226.628939,08:55:31:9b:05:29,2,1,2,0,128,190,533,152,1014,295,850,523,829,407,336,820,753,757,855,127,445,1018,993,934,458,553,294,64,7,766,589,476,702,695,310,655,83,73,56,56,82,66,66,62,52,53,86,64,64,59,48,76,78,76,70,53,72,32,61,23,41,46,52,59,65,65,55,76,83
[13609.290507] [AOA] Measurement: 0,1627141226.667334,08:55:31:9b:05:29,2,1,2,0,128,155,533,141,965,319,825,1012,645,336,266,294,590,731,872,151,482,44,1001,424,668,104,494,634,184,750,571,115,995,699,324,271,766,72,56,54,82,67,68,62,50,52,84,63,65,59,47,75,79,75,69,54,73,32,61,22,41,47,53,58,64,65,56,79,86
[13609.333822] [AOA] Measurement: 0,1627141226.710657,08:55:31:9b:05:29,2,1,2,0,128,731,750,712,165,774,956,6,683,346,303,344,601,682,820,159,467,4,974,6,533,50,451,611,198,320,774,69,928,249,549,998,343,74,59,57,82,70,69,65,55,56,87,66,64,62,49,76,79,76,71,55,74,31,60,23,37,45,49,56,60,61,54,73,81
[13609.376993] [AOA] Measurement: 0,1627141226.753825,08:55:31:9b:05:29,2,1,2,0,128,683,707,114,932,324,862,999,670,403,337,931,832,218,26,713,723,522,182,519,732,1016,403,84,994,715,532,615,754,231,539,9,377,74,58,57,82,69,68,65,52,55,85,64,65,62,48,74,78,76,69,54,74,33,61,22,42,47,52,58,62,62,56,78,83
[13609.421078] [AOA] Measurement: 0,1627141226.797910,08:55:31:9b:05:29,2,1,2,0,128,757,784,707,150,811,971,969,612,394,363,313,614,707,817,173,498,549,179,545,771,82,483,663,236,286,770,69,962,191,484,960,309,73,58,58,82,70,68,65,54,54,87,64,65,60,48,76,80,78,70,54,74,33,62,23,40,47,50,58,62,61,56,77,85
[13609.459515] [AOA] Measurement: 0,1627141226.836348,08:55:31:9b:05:29,2,1,2,0,128,734,746,750,209,861,38,602,884,932,527,853,753,761,890,112,475,570,185,452,672,481,216,626,202,332,776,113,996,188,488,783,97,69,52,52,77,63,64,62,48,51,80,61,64,56,47,71,77,74,69,51,69,31,60,23,41,46,54,57,64,64,55,76,86
[13609.497912] [AOA] Measurement: 0,1627141226.874740,08:55:31:9b:05:29,2,1,2,0,128,670,696,120,941,264,785,75,694,899,509,251,574,745,875,700,654,586,148,922,484,496,253,101,51,702,526,567,747,655,294,290,730,73,59,56,83,69,69,64,54,54,86,64,63,61,47,74,78,75,68,55,73,31,60,23,41,46,52,58,63,63,55,76,82
[13609.541975] [AOA] Measurement: 0,1627141226.918801,08:55:31:9b:05:29,2,1,2,0,128,218,574,748,181,823,1009,594,903,863,512,888,808,707,855,746,710,559,193,476,715,17,425,656,216,294,771,52,981,603,292,463,921,71,56,55,81,68,68,63,51,52,85,61,62,57,48,74,76,76,69,54,72,31,61,24,41,47,52,57,64,65,57,79,85
[13609.592304] [AOA] Measurement: 0,1627141226.969131,08:55:31:9b:05:29,2,1,2,0,128,759,748,720,141,831,978,3,665,338,272,339,631,758,906,663,636,574,189,460,673,24,477,707,286,262,746,79,982,252,544,854,140,73,58,56,82,68,69,63,53,55,87,64,66,60,49,73,79,76,70,54,71,31,61,23,40,48,53,59,64,66,56,79,87
[13609.637697] [AOA] Measurement: 0,1627141227.014529,08:55:31:9b:05:29,2,1,2,0,128,765,755,717,129,806,1002,974,643,418,356,284,576,236,13,646,627,605,179,514,718,68,454,650,226,282,756,71,952,673,346,361,689,69,53,51,77,63,66,61,48,49,79,59,65,57,46,71,74,72,64,49,66,30,58,23,41,46,51,56,62,63,55,78,85
[13609.681949] [AOA] Measurement: 0,1627141227.058782,08:55:31:9b:05:29,2,1,2,0,128,763,753,705,160,800,979,584,896,940,557,879,802,323,69,717,656,561,181,538,716,51,443,676,244,266,735,74,981,273,591,213,451,71,57,55,80,68,68,63,51,53,85,63,65,59,48,74,79,75,67,53,72,32,61,23,42,48,52,57,65,65,57,80,86
[13609.720468] [AOA] Measurement: 0,1627141227.097299,08:55:31:9b:05:29,2,1,2,0,128,628,660,116,962,248,832,1005,658,947,520,880,801,276,78,668,664,562,173,501,713,8,449,88,992,648,506,510,732,721,351,189,657,72,55,54,81,68,69,63,52,52,84,63,66,61,47,74,78,76,69,53,74,32,60,23,41,47,53,58,63,64,55,76,84
[13609.764493] [AOA] Measurement: 0,1627141227.141327,08:55:31:9b:05:29,2,1,2,0,128,715,749,668,110,211,751,32,676,941,520,338,608,715,824,132,454,15,961,990,537,558,292,654,254,271,770,74,953,231,519,898,373,75,61,57,84,72,69,64,55,57,87,66,60,59,45,70,73,71,66,50,72,28,56,21,35,41,45,53,56,56,49,67,73
[13609.808704] [AOA] Measurement: 0,1627141227.185536,08:55:31:9b:05:29,2,1,2,0,128,720,756,725,145,813,964,0,650,958,563,902,774,731,864,135,478,44,13,978,561,3,440,621,229,210,769,101,971,264,566,718,998,70,55,55,76,63,65,63,51,53,79,62,66,59,48,71,76,74,69,53,68,34,61,26,45,49,54,58,64,64,58,77,83
[13609.852510] [AOA] Measurement: 0,1627141227.229342,08:55:31:9b:05:29,2,1,2,0,128,686,730,133,986,227,785,958,591,336,286,362,615,646,809,159,472,50,1019,979,533,33,471,633,195,666,489,510,743,704,338,440,902,73,57,55,83,68,68,63,52,53,85,63,65,60,49,75,79,78,70,53,72,32,62,22,42,47,51,60,65,65,55,79,86
[13609.896708] [AOA] Measurement: 0,1627141227.273537,08:55:31:9b:05:29,2,1,2,0,128,174,522,129,944,275,809,11,665,428,343,327,590,303,45,722,685,946,944,952,474,476,249,44,986,792,614,33,922,265,520,350,763,70,54,53,73,64,64,63,51,52,78,61,65,59,48,70,74,73,67,53,69,33,61,24,43,48,53,60,65,64,58,77,84
[13609.940509] [AOA] Measurement: 0,1627141227.317337,08:55:31:9b:05:29,2,1,2,0,128,745,719,746,200,848,12,535,860,987,573,884,793,265,26,679,669,529,190,515,760,31,422,621,248,245,753,86,962,263,558,298,608,71,55,54,79,66,67,61,50,52,81,61,64,58,46,73,78,74,67,53,69,31,60,22,41,47,53,58,64,64,58,78,86
[13609.987935] [AOA] Measurement: 0,1627141227.364767,08:55:31:9b:05:29,2,1,2,0,128,793,777,702,135,821,999,556,857,374,344,281,590,809,939,756,733,590,212,488,742,28,429,650,227,236,758,20,900,695,300,350,869,73,56,56,80,69,69,64,51,55,85,62,64,58,48,71,77,76,69,52,73,30,61,22,40,45,52,58,63,62,56,76,84
[13610.035766] [AOA] Measurement: 0,1627141227.412593,08:55:31:9b:05:29,2,1,2,0,128,212,553,713,159,782,978,34,703,977,564,897,823,335,86,763,742,523,118,952,501,469,228,53,998,728,546,585,786,702,330,522,983,73,53,53,80,66,66,62,51,51,83,60,63,56,45,72,74,74,67,51,69,30,59,22,41,46,52,57,63,64,56,80,86
[13610.074286] [AOA] Measurement: 0,1627141227.451118,08:55:31:9b:05:29,2,1,2,0,128,740,758,720,140,780,963,592,880,923,500,870,798,224,11,712,653,596,175,527,751,492,253,626,198,279,782,73,929,217,516,202,450,73,56,55,81,69,68,64,53,52,85,63,64,61,48,76,79,77,70,53,73,30,60,23,41,48,53,60,64,65,56,80,87
[13610.112854] [AOA] Measurement: 0,1627141227.489686,08:55:31:9b:05:29,2,1,2,0,128,851,806,742,233,785,979,556,867,915,504,850,778,710,816,160,465,10,1021,495,743,95,479,698,283,224,756,93,966,235,561,202,558,70,54,50,77,65,66,63,50,51,81,60,63,56,46,71,75,72,66,51,71,31,61,23,42,45,51,57,63,64,56,74,82
[13610.159584] [AOA] Measurement: 0,1627141227.536415,08:55:31:9b:05:29,2,1,2,0,128,788,767,775,215,817,1009,589,871,874,502,287,577,720,844,168,479,611,172,502,735,50,482,631,170,308,792,20,943,633,309,757,117,74,60,58,82,71,69,65,54,55,87,65,61,61,47,74,78,74,70,53,74,31,59,21,36,44,47,55,60,60,53,74,82
[13610.203876] [AOA] Measurement: 0,1627141227.580708,08:55:31:9b:05:29,2,1,2,0,128,749,751,735,149,827,6,542,872,924,516,862,769,728,894,685,683,572,200,513,717,498,245,96,1018,764,578,553,741,729,353,990,355,73,57,55,80,68,69,63,53,52,87,63,62,59,48,74,79,77,71,53,74,31,62,23,41,45,51,58,63,62,53,75,85
[13610.246342] [AOA] Measurement: 0,1627141227.623168,08:55:31:9b:05:29,2,1,2,0,128,733,742,720,165,840,998,500,816,336,279,356,627,271,55,654,626,27,998,941,489,477,213,127,27,747,562,97,981,224,513,892,225,71,56,53,79,66,66,63,50,52,82,62,65,58,48,72,78,75,66,53,70,31,59,23,40,46,51,55,64,63,56,79,85
[13610.290097] [AOA] Measurement: 0,1627141227.666924,08:55:31:9b:05:29,2,1,2,0,128,188,550,152,962,244,791,982,625,334,324,326,594,730,849,153,516,526,178,985,551,46,457,697,225,268,761,114,986,166,480,65,578,72,54,55,79,68,67,62,51,52,84,61,65,59,47,71,77,75,69,51,73,32,59,22,42,47,52,59,63,63,54,75,85
[13610.333233] [AOA] Measurement: 0,1627141227.710062,08:55:31:9b:05:29,2,1,2,0,128,751,742,763,182,809,987,554,848,307,281,301,600,766,884,107,454,14,990,1014,575,31,470,691,244,284,737,63,926,193,512,469,780,69,53,51,75,66,67,62,49,51,82,60,64,58,47,71,75,72,65,49,67,30,59,22,42,45,50,55,62,62,54,79,84
[13610.384367] [AOA] Measurement: 0,1627141227.761195,08:55:31:9b:05:29,2,1,2,0,128,168,549,152,987,781,981,993,643,1015,591,978,876,249,56,680,717,508,145,548,800,105,502,689,251,267,772,107,953,245,549,767,51,73,56,58,84,69,68,65,54,54,86,64,63,60,48,73,78,74,69,51,74,31,61,22,39,46,50,58,60,61,55,73,84
[13610.434693] [AOA] Measurement: 0,1627141227.811522,08:55:31:9b:05:29,2,1,2,0,128,121,522,163,963,832,991,512,822,418,361,870,812,258,26,643,647,601,187,542,767,1021,413,654,203,218,700,160,988,230,557,76,239,72,60,57,84,70,69,63,54,54,85,63,65,61,49,75,79,77,72,56,75,31,61,22,41,46,51,59,63,63,57,80,85
[13610.478043] [AOA] Measurement: 0,1627141227.854871,08:55:31:9b:05:29,2,1,2,0,128,756,750,770,228,820,995,511,814,915,491,340,627,690,793,118,460,1003,954,981,565,498,262,129,60,294,747,125,991,233,492,755,106,71,55,55,81,67,67,64,52,54,85,63,65,59,49,73,79,78,71,53,71,30,62,24,43,48,53,58,65,66,57,78,86
[13610.522896] [AOA] Measurement: 0,1627141227.899727,08:55:31:9b:05:29,2,1,2,0,128,745,765,790,222,794,1000,520,825,899,493,891,793,230,36,634,615,1014,1001,496,724,84,503,671,248,344,823,136,17,265,586,1005,171,70,54,52,78,66,69,62,52,50,83,60,64,57,46,72,76,73,67,52,70,31,61,23,42,46,52,57,64,63,56,80,87
[13610.573623] [AOA] Measurement: 0,1627141227.950451,08:55:31:9b:05:29,2,1,2,0,128,151,531,165,989,253,784,29,666,913,520,285,593,764,893,107,433,1002,998,989,513,469,206,11,953,690,456,524,749,697,316,395,969,69,53,52,79,66,66,61,49,49,80,61,64,58,45,70,75,72,65,51,67,30,58,23,43,47,52,56,64,62,56,77,83
[13610.624170] [AOA] Measurement: 0,1627141228.000996,08:55:31:9b:05:29,2,1,2,0,128,699,730,186,1002,257,762,23,710,363,316,351,638,731,887,141,472,1014,1006,531,739,86,529,641,238,264,752,112,961,233,551,923,207,73,56,54,80,67,68,63,52,52,84,63,65,60,48,73,78,76,71,54,74,32,61,23,40,47,50,58,63,63,56,77,86
[13610.671554] [AOA] Measurement: 0,1627141228.048383,08:55:31:9b:05:29,2,1,2,0,128,699,712,208,11,776,987,952,615,361,269,313,563,673,803,150,465,8,995,493,725,49,500,623,197,241,733,38,945,154,489,703,42,71,56,54,78,66,67,62,49,50,83,61,65,57,47,71,76,74,69,53,70,32,60,23,41,48,52,58,66,65,56,80,87
[13610.715894] [AOA] Measurement: 0,1627141228.092722,08:55:31:9b:05:29,2,1,2,0,128,786,801,807,254,812,15,536,860,331,300,343,600,717,836,180,493,602,140,481,718,529,263,658,201,245,689,524,738,688,307,17,260,72,58,56,83,70,70,65,55,53,88,64,62,60,47,73,76,74,69,53,73,31,59,22,38,44,50,57,61,61,55,74,81
[13610.762299] [AOA] Measurement: 0,1627141228.139131,08:55:31:9b:05:29,2,1,2,0,128,829,791,676,141,801,1012,990,647,410,342,862,784,256,4,128,444,31,1013,935,519,509,270,123,10,272,777,119,961,216,531,889,229,67,53,50,77,63,65,60,47,49,79,58,65,57,46,71,76,71,66,49,67,31,58,20,41,46,52,57,65,64,55,77,85
[13610.803593] [AOA] Measurement: 0,1627141228.180422,08:55:31:9b:05:29,2,1,2,0,128,171,543,142,974,253,777,16,650,363,288,329,614,628,758,111,470,961,922,901,460,440,202,48,1003,703,536,521,720,657,277,786,344,74,58,56,83,70,68,63,53,55,87,63,62,60,48,76,79,75,70,54,73,31,59,21,39,45,49,58,62,62,53,74,84
[13610.843037] [AOA] Measurement: 0,1627141228.219868,08:55:31:9b:05:29,2,1,2,0,128,145,547,136,931,214,780,13,655,325,261,279,542,712,817,119,433,8,976,938,475,477,195,61,10,764,587,98,959,667,240,887,279,72,57,57,82,70,68,64,54,55,88,65,64,60,47,73,77,75,71,54,75,30,59,23,38,44,50,56,60,62,54,75,83
[13610.890943] [AOA] Measurement: 0,1627141228.267770,08:55:31:9b:05:29,2,1,2,0,128,756,790,731,167,824,994,521,835,939,543,889,801,280,67,630,636,567,155,919,483,498,218,36,1007,707,544,553,729,683,305,89,414,72,56,54,81,69,69,62,53,54,86,64,63,59,47,74,78,75,70,53,73,30,59,23,37,45,48,57,59,60,52,73,81
[13610.929903] [AOA] Measurement: 0,1627141228.306736,08:55:31:9b:05:29,2,1,2,0,128,806,822,761,200,804,997,610,888,977,557,933,877,294,83,734,731,616,193,541,759,36,427,627,209,724,555,82,958,232,570,454,708,74,58,57,83,70,69,64,54,55,86,64,64,60,47,75,78,75,70,54,72,29,59,22,41,46,52,59,64,64,57,77,87
[13610.973920] [AOA] Measurement: 0,1627141228.350754,08:55:31:9b:05:29,2,1,2,0,128,842,822,750,165,831,13,555,875,965,548,843,826,210,21,643,643,608,192,952,488,534,249,689,257,254,754,113,985,202,522,553,923,73,59,55,83,69,69,64,53,52,82,64,64,60,48,74,79,77,69,53,74,32,61,23,40,47,52,58,64,63,55,74,84
[13611.016450] [AOA] Measurement: 0,1627141228.393279,08:55:31:9b:05:29,2,1,2,0,128,793,793,718,195,823,985,543,849,969,551,896,821,296,78,710,669,565,169,523,743,500,248,681,248,347,819,63,973,276,596,486,756,74,58,55,83,71,70,64,53,55,89,66,65,61,48,76,78,77,73,54,74,29,61,22,39,47,52,59,62,65,55,77,86
[13611.063083] [AOA] Measurement: 0,1627141228.439912,08:55:31:9b:05:29,2,1,2,0,128,675,759,152,962,297,808,78,673,420,359,1002,874,304,53,724,682,627,233,523,742,59,430,642,226,230,749,559,797,248,559,484,810,75,59,58,84,71,71,65,54,56,88,67,64,62,49,76,79,77,72,56,75,32,62,23,40,47,52,60,63,65,57,78,85
[13611.110821] [AOA] Measurement: 0,1627141228.487655,08:55:31:9b:05:29,2,1,2,0,128,160,550,144,986,224,780,59,663,357,316,381,634,743,853,135,442,46,1005,459,671,77,524,595,184,738,545,549,748,737,367,685,1020,72,57,54,82,70,69,64,53,54,85,64,64,58,48,73,76,76,68,53,73,32,61,22,41,46,51,59,63,64,55,79,87
[13611.149318] [AOA] Measurement: 0,1627141228.526150,08:55:31:9b:05:29,2,1,2,0,128,749,757,752,181,775,962,546,847,905,507,827,762,256,28,663,683,574,171,514,730,2,444,646,236,221,751,566,767,706,336,636,8,73,55,54,80,66,66,62,51,52,83,62,64,59,48,73,77,75,69,53,72,32,61,23,41,48,51,58,64,66,57,82,87
[13611.193672] [AOA] Measurement: 0,1627141228.570501,08:55:31:9b:05:29,2,1,2,0,128,735,757,700,147,236,782,66,692,968,571,895,793,259,29,87,430,45,17,971,511,488,259,86,1014,305,772,59,950,224,546,715,110,73,58,55,82,66,68,63,52,54,86,64,64,60,48,74,79,76,69,53,72,32,62,24,42,48,51,59,62,64,57,79,86
[13611.250342] [AOA] Measurement: 0,1627141228.627170,08:55:31:9b:05:29,2,1,2,0,128,188,511,105,963,333,857,565,853,955,537,854,808,268,17,664,639,998,952,954,515,500,278,681,237,274,752,124,1002,239,526,525,877,69,52,50,77,64,66,59,48,49,82,58,66,55,46,69,75,73,65,49,69,30,59,22,42,45,52,57,63,64,55,79,83
[13611.292667] [AOA] Measurement: 0,1627141228.669499,08:55:31:9b:05:29,2,1,2,0,128,804,804,695,133,779,1000,533,826,322,300,889,815,253,5,732,694,570,161,541,769,44,463,630,212,282,744,85,942,215,530,531,885,69,54,51,77,64,66,61,48,48,82,59,62,56,45,73,73,73,66,51,68,31,59,21,41,46,53,57,64,63,56,80,84
[13611.336961] [AOA] Measurement: 0,1627141228.713794,08:55:31:9b:05:29,2,1,2,0,128,750,760,162,994,277,785,576,844,1002,628,939,862,240,23,652,643,4,973,537,708,77,486,655,215,299,756,143,1007,298,591,24,241,73,57,56,81,68,69,64,53,53,88,66,64,60,48,75,79,76,70,53,72,30,59,22,39,45,50,57,63,61,54,76,83
[13611.383088] [AOA] Measurement: 0,1627141228.759918,08:55:31:9b:05:29,2,1,2,0,128,772,772,702,160,808,997,534,867,910,540,881,781,251,57,738,686,583,186,572,802,66,471,694,288,300,802,88,969,299,581,615,894,70,56,53,80,64,66,63,51,51,83,60,64,58,46,72,75,72,66,51,67,30,58,21,40,46,51,54,63,62,55,78,84
[13611.432751] [AOA] Measurement: 0,1627141228.809584,08:55:31:9b:05:29,2,1,2,0,128,202,564,176,1002,297,824,577,880,946,512,887,792,700,836,154,482,591,186,526,754,20,459,660,227,714,550,67,930,244,527,813,105,74,58,57,82,70,71,63,53,53,87,65,63,60,47,75,78,77,70,55,73,30,60,23,38,44,50,57,61,63,56,75,84
[13611.482811] [AOA] Measurement: 0,1627141228.859640,08:55:31:9b:05:29,2,1,2,0,128,147,535,188,0,774,986,556,842,927,543,946,831,294,74,715,690,530,165,498,714,5,459,618,186,320,808,115,11,191,533,877,204,69,54,53,76,65,65,62,53,52,81,61,65,58,48,70,73,72,67,54,70,33,60,26,43,50,54,60,64,64,57,75,81
[13611.535155] [AOA] Measurement: 0,1627141228.911983,08:55:31:9b:05:29,2,1,2,0,128,682,684,169,983,779,967,14,666,382,338,366,627,720,842,744,727,546,149,504,734,21,454,637,235,208,719,94,975,319,583,533,885,72,57,56,82,68,70,65,54,56,87,66,65,60,48,73,78,75,68,53,74,32,61,23,42,47,52,59,66,65,58,78,87
[13611.579326] [AOA] Measurement: 0,1627141228.956154,08:55:31:9b:05:29,2,1,2,0,128,747,739,751,205,736,960,602,856,954,546,844,805,245,1020,145,477,572,214,448,665,518,262,28,1,732,562,561,796,769,360,619,1019,73,56,55,81,67,67,64,51,51,84,62,66,59,48,74,77,75,68,52,71,31,61,22,42,47,51,58,65,64,57,78,87
[13611.622547] [AOA] Measurement: 0,1627141228.999375,08:55:31:9b:05:29,2,1,2,0,128,673,698,221,7,242,789,998,653,412,372,862,753,745,875,170,514,576,191,468,684,3,450,639,201,733,560,79,971,670,304,196,603,74,60,55,82,70,69,64,54,55,87,63,63,60,48,75,79,76,70,54,74,32,61,22,39,45,48,57,60,59,52,73,79
[13611.672873] [AOA] Measurement: 0,1627141229.049704,08:55:31:9b:05:29,2,1,2,0,128,775,772,733,150,760,956,979,636,346,273,353,602,283,19,694,697,516,138,511,730,54,462,97,42,260,745,502,744,685,320,126,650,71,55,52,80,66,66,61,50,52,82,62,65,59,47,73,78,73,67,51,71,30,59,22,41,45,51,56,62,64,55,80,87
[13611.727755] [AOA] Measurement: 0,1627141229.104588,08:55:31:9b:05:29,2,1,2,0,128,730,738,728,148,233,743,587,867,914,495,835,787,196,1020,126,473,614,222,530,769,39,461,625,215,346,787,161,1012,249,579,475,768,71,55,55,78,69,67,62,52,53,85,63,63,61,48,75,79,76,69,54,73,31,60,23,40,46,51,59,63,64,57,76,86
[13611.771851] [AOA] Measurement: 0,1627141229.148682,08:55:31:9b:05:29,2,1,2,0,128,678,679,160,22,814,1012,571,915,928,525,902,799,266,19,697,699,561,144,501,734,71,441,97,51,665,491,502,714,730,349,470,934,73,59,56,81,69,69,65,53,54,85,62,63,60,49,74,80,76,71,53,73,32,62,22,40,46,50,56,63,62,56,76,84
[13611.823038] [AOA] Measurement: 0,1627141229.199866,08:55:31:9b:05:29,2,1,2,0,128,142,521,109,920,305,801,22,660,345,294,267,546,727,817,107,436,0,1010,933,476,431,182,105,12,759,549,503,733,691,315,126,614,73,58,54,82,68,69,61,53,54,85,65,66,61,48,75,77,76,69,53,72,32,60,23,40,46,50,58,62,63,55,78,85
[13611.867806] [AOA] Measurement: 0,1627141229.244641,08:55:31:9b:05:29,2,1,2,0,128,806,792,741,182,792,956,592,862,369,332,910,784,757,883,136,464,82,45,485,752,32,434,679,240,254,754,87,975,257,557,613,905,70,55,53,78,66,67,62,50,51,82,60,64,57,47,71,75,74,67,52,68,30,61,21,42,46,53,58,63,64,56,79,85
[13611.912116] [AOA] Measurement: 0,1627141229.288950,08:55:31:9b:05:29,2,1,2,0,128,194,511,116,932,335,839,571,858,944,558,857,792,263,37,757,704,542,167,877,463,492,225,59,1012,739,577,69,962,671,309,119,547,72,57,56,79,68,67,64,51,51,84,64,65,60,48,75,78,76,69,52,73,30,61,23,39,46,50,56,63,62,55,77,86
[13611.962460] [AOA] Measurement: 0,1627141229.339288,08:55:31:9b:05:29,2,1,2,0,128,157,542,178,976,274,794,18,645,376,310,275,550,707,808,163,432,1009,992,478,683,501,264,626,184,735,514,553,752,718,347,68,544,67,51,48,72,61,63,60,45,46,78,57,64,54,45,67,73,69,63,47,64,30,57,21,41,45,52,55,62,62,54,77,81
[13612.012846] [AOA] Measurement: 0,1627141229.389674,08:55:31:9b:05:29,2,1,2,0,128,767,772,810,249,817,3,521,829,896,469,314,640,232,30,727,659,547,171,530,703,90,520,589,200,260,701,148,6,308,586,581,752,73,58,55,81,68,69,64,53,55,85,63,65,59,47,72,76,75,68,53,74,32,60,23,41,45,51,57,62,62,55,76,84
[13612.057110] [AOA] Measurement: 0,1627141229.433943,08:55:31:9b:05:29,2,1,2,0,128,146,501,188,2,299,853,49,671,979,541,861,788,255,20,99,432,1020,993,962,482,477,215,58,990,733,548,536,719,658,307,37,498,73,58,54,83,68,69,64,54,53,87,64,63,61,49,75,80,76,71,54,74,31,60,22,40,46,51,57,62,63,54,76,83
[13612.101139] [AOA] Measurement: 0,1627141229.477968,08:55:31:9b:05:29,2,1,2,0,128,710,767,683,110,781,948,981,593,330,262,381,646,748,838,677,682,569,196,508,730,121,497,699,253,318,784,54,929,250,556,846,212,75,58,57,82,71,70,65,55,56,87,66,65,62,48,72,78,76,69,52,74,32,62,23,41,48,50,58,65,64,56,77,85
[13612.144301] [AOA] Measurement: 0,1627141229.521137,08:55:31:9b:05:29,2,1,2,0,128,209,530,176,1008,278,829,587,829,1021,560,911,836,289,48,672,672,562,188,435,696,442,219,137,86,220,711,465,723,694,329,361,761,73,56,56,81,67,67,63,54,54,85,64,64,60,47,75,77,74,69,54,72,32,61,22,41,47,51,57,65,64,55,77,86
[13612.189493] [AOA] Measurement: 0,1627141229.566326,08:55:31:9b:05:29,2,1,2,0,128,209,589,710,161,810,1017,533,844,959,550,864,824,210,1010,644,622,26,993,509,698,545,280,643,180,696,523,583,746,246,538,829,141,73,56,56,82,68,69,64,52,51,84,60,65,59,47,75,78,75,68,52,72,32,62,23,42,48,51,58,65,64,57,78,86
[13612.235118] [AOA] Measurement: 0,1627141229.611946,08:55:31:9b:05:29,2,1,2,0,128,152,516,752,169,855,1016,508,827,342,276,299,575,744,843,145,485,44,1004,956,511,483,231,84,5,761,553,605,814,690,297,615,989,74,59,56,85,68,69,63,53,54,86,64,65,60,49,75,79,76,71,53,73,32,60,22,39,47,49,57,62,62,55,78,83
[13612.285447] [AOA] Measurement: 0,1627141229.662276,08:55:31:9b:05:29,2,1,2,0,128,703,693,200,1012,811,978,1011,650,334,251,263,564,687,816,144,453,11,981,1003,508,467,236,102,33,751,561,546,763,757,329,205,591,74,57,54,84,67,70,63,52,53,85,63,64,60,48,73,78,74,69,52,72,31,61,23,40,47,52,58,65,65,57,80,88
[13612.329607] [AOA] Measurement: 0,1627141229.706437,08:55:31:9b:05:29,2,1,2,0,128,741,765,707,163,241,817,504,838,356,299,875,799,751,845,165,489,81,30,529,751,20,449,612,221,365,831,54,959,249,574,165,468,74,61,57,85,72,69,66,55,57,88,65,64,61,47,74,77,76,69,53,74,32,60,23,38,45,49,55,60,62,53,75,82
[13612.372554] [AOA] Measurement: 0,1627141229.749386,08:55:31:9b:05:29,2,1,2,0,128,173,527,147,979,249,798,958,604,345,283,297,561,770,860,55,404,32,1017,877,443,497,223,81,18,757,569,105,979,685,289,898,317,72,56,55,76,66,66,63,52,53,79,61,67,58,49,67,73,72,66,51,67,33,60,24,44,50,55,60,65,64,58,76,81
[13612.416773] [AOA] Measurement: 0,1627141229.793605,08:55:31:9b:05:29,2,1,2,0,128,702,733,117,963,220,757,35,664,338,302,293,550,699,838,159,458,625,171,496,722,0,376,647,177,288,771,88,946,693,312,34,530,71,54,53,79,65,66,62,50,51,81,61,63,57,46,72,77,75,68,52,71,31,60,23,43,46,51,57,65,64,57,79,86
[13612.460040] [AOA] Measurement: 0,1627141229.836873,08:55:31:9b:05:29,2,1,2,0,128,757,759,696,167,832,983,947,618,426,343,871,797,248,2,703,650,12,18,962,512,509,255,108,42,290,775,144,1006,151,479,658,1003,72,57,55,83,68,69,62,52,53,84,64,64,60,47,72,78,75,69,52,73,32,61,22,41,47,52,59,64,64,56,79,85
[13612.498478] [AOA] Measurement: 0,1627141229.875311,08:55:31:9b:05:29,2,1,2,0,128,689,708,154,970,201,763,33,664,959,547,900,825,258,26,674,647,1021,983,972,510,477,214,149,49,756,508,555,762,748,371,413,745,71,55,54,80,68,67,63,52,52,85,63,63,60,47,73,77,76,68,53,71,31,61,24,42,48,53,58,64,64,56,79,86
[13612.542462] [AOA] Measurement: 0,1627141229.919293,08:55:31:9b:05:29,2,1,2,0,128,684,721,142,960,283,844,1021,650,350,311,361,600,264,1017,134,442,986,970,931,497,553,268,149,28,294,777,35,943,278,591,490,745,74,58,57,78,68,68,64,54,55,82,66,66,62,50,72,76,76,69,57,72,34,63,25,43,50,55,60,64,64,58,76,82
[13612.586702] [AOA] Measurement: 0,1627141229.963535,08:55:31:9b:05:29,2,1,2,0,128,743,774,725,192,769,958,14,643,410,304,335,615,786,880,697,664,570,184,500,749,18,435,106,46,298,767,54,953,286,534,842,74,72,56,53,79,66,67,61,51,53,84,63,65,60,48,74,79,76,70,53,70,31,59,22,40,46,51,57,62,62,56,76,84
[13612.629488] [AOA] Measurement: 0,1627141230.006321,08:55:31:9b:05:29,2,1,2,0,128,777,803,742,203,799,956,558,868,959,532,911,814,266,12,630,595,57,1,982,517,552,285,760,299,223,768,41,964,257,592,454,684,71,57,55,79,67,67,63,52,53,83,63,64,59,48,73,78,74,69,53,71,31,59,23,41,46,53,59,64,62,55,78,85
[13612.673281] [AOA] Measurement: 0,1627141230.050113,08:55:31:9b:05:29,2,1,2,0,128,205,533,156,997,848,989,601,813,931,510,297,584,711,857,148,450,28,28,458,707,485,224,187,104,245,713,84,961,678,317,416,805,75,59,57,84,71,70,63,53,55,89,67,63,62,49,75,80,77,71,55,75,32,61,22,39,46,51,58,61,61,54,73,82
[13612.719603] [AOA] Measurement: 0,1627141230.096435,08:55:31:9b:05:29,2,1,2,0,128,762,789,763,181,866,6,547,835,880,465,833,795,790,921,753,755,537,169,537,728,15,425,644,239,313,764,113,981,288,590,230,424,76,60,57,82,68,69,62,53,53,87,64,62,61,48,74,79,75,70,55,72,30,60,23,39,47,51,58,62,64,56,76,84
[13612.764044] [AOA] Measurement: 0,1627141230.140877,08:55:31:9b:05:29,2,1,2,0,128,150,521,142,941,246,775,27,666,368,328,891,805,268,38,612,625,9,987,504,704,1023,448,49,1015,735,569,49,927,649,305,756,224,72,56,54,82,69,67,63,50,52,83,61,63,57,48,74,77,76,70,55,73,32,62,22,40,47,52,57,63,65,57,77,85
[13612.807544] [AOA] Measurement: 0,1627141230.184375,08:55:31:9b:05:29,2,1,2,0,128,259,597,746,195,799,971,25,664,343,314,379,669,291,35,731,749,514,134,500,704,456,184,74,12,749,544,157,974,164,517,803,245,74,59,58,84,71,69,64,53,55,87,65,63,61,48,74,78,76,71,55,73,30,59,22,39,45,50,57,61,62,54,76,83
[13612.854641] [AOA] Measurement: 0,1627141230.231441,08:55:31:9b:05:29,2,1,2,0,128,790,775,741,193,819,1009,523,808,378,324,303,578,768,872,173,479,59,44,524,757,61,500,623,212,332,766,182,7,148,486,855,196,69,53,49,75,62,64,59,47,49,80,59,64,56,47,70,75,73,67,52,68,29,59,23,41,45,50,54,63,62,56,78,84
[13612.900043] [AOA] Measurement: 0,1627141230.276875,08:55:31:9b:05:29,2,1,2,0,128,690,706,691,148,826,983,608,906,915,514,881,793,201,1011,708,682,1009,987,587,766,58,489,687,233,208,714,533,751,682,295,584,1011,74,61,59,80,70,67,65,57,57,84,67,61,62,49,73,77,73,70,56,73,32,59,23,40,47,50,57,60,62,53,70,77
[13612.938509] [AOA] Measurement: 0,1627141230.315341,08:55:31:9b:05:29,2,1,2,0,128,775,760,683,153,799,967,7,693,931,521,889,812,214,19,756,711,528,124,995,520,480,245,676,258,261,777,71,952,220,505,349,742,73,56,55,81,68,69,63,52,54,86,63,65,59,48,74,77,74,69,53,73,32,62,22,40,47,52,58,62,63,56,76,83
[13612.984788] [AOA] Measurement: 0,1627141230.361616,08:55:31:9b:05:29,2,1,2,0,128,706,731,689,173,801,979,496,817,409,354,272,567,655,791,59,379,16,988,917,503,457,212,134,11,284,781,6,885,703,343,276,785,75,58,57,83,70,68,63,52,52,86,64,64,61,48,76,79,77,70,54,72,32,61,24,42,48,53,59,65,63,55,77,87
[13613.031161] [AOA] Measurement: 0,1627141230.407992,08:55:31:9b:05:29,2,1,2,0,128,727,765,744,150,774,973,1009,665,894,499,323,549,712,835,138,449,17,1007,914,445,463,178,91,32,712,517,542,763,679,306,100,544,71,56,55,81,67,67,63,52,54,86,63,66,60,47,75,78,77,68,53,72,32,61,23,40,46,50,58,64,65,57,78,86
[13613.071104] [AOA] Measurement: 0,1627141230.447936,08:55:31:9b:05:29,2,1,2,0,128,219,561,165,939,237,751,944,573,412,301,336,597,739,831,78,425,1001,968,960,503,424,166,59,1020,812,586,546,788,695,322,840,330,71,56,55,79,67,67,66,53,54,85,63,65,59,47,73,76,74,68,53,71,31,61,22,41,47,51,58,63,62,54,74,82
[13613.120691] [AOA] Measurement: 0,1627141230.497517,08:55:31:9b:05:29,2,1,2,0,128,143,549,231,28,819,1014,572,843,413,343,857,803,268,45,671,641,632,251,473,675,505,227,57,1019,796,584,106,967,225,510,941,252,73,57,55,81,68,69,63,52,55,86,65,65,60,48,75,81,77,69,53,73,31,61,24,41,47,52,57,63,64,57,80,86
[13613.162866] [AOA] Measurement: 0,1627141230.539697,08:55:31:9b:05:29,2,1,2,0,128,240,568,201,1010,264,797,590,898,901,518,252,527,685,802,132,463,8,998,977,514,454,211,61,986,728,517,545,759,717,361,759,95,73,54,54,79,66,66,62,50,50,83,61,64,57,47,72,77,75,68,52,71,32,60,23,42,48,52,56,63,64,56,78,87
[13613.206709] [AOA] Measurement: 0,1627141230.583541,08:55:31:9b:05:29,2,1,2,0,128,187,553,243,22,813,1005,992,654,961,526,893,767,300,78,686,656,559,146,968,542,481,258,39,1021,745,528,544,778,655,313,200,546,70,56,51,79,63,68,61,51,51,83,61,65,56,47,72,75,73,66,50,71,30,60,23,42,46,51,57,63,63,55,79,85
[13613.252930] [AOA] Measurement: 0,1627141230.629757,08:55:31:9b:05:29,2,1,2,0,128,726,696,672,124,255,773,33,699,936,533,951,849,209,3,145,462,1006,970,920,495,538,259,653,246,672,510,564,763,664,303,572,905,74,59,55,82,68,68,64,52,54,86,64,66,61,48,75,79,78,71,54,72,30,60,23,41,46,52,58,65,65,57,80,86
[13613.298704] [AOA] Measurement: 0,1627141230.675535,08:55:31:9b:05:29,2,1,2,0,128,169,534,191,1019,214,774,968,617,357,265,291,571,733,859,132,466,584,196,548,751,979,400,85,1,734,555,540,759,659,293,65,522,65,48,48,71,61,62,57,45,46,75,56,62,53,44,67,71,69,63,47,64,30,57,22,40,45,51,52,61,61,54,77,83
[13613.342807] [AOA] Measurement: 0,1627141230.719639,08:55:31:9b:05:29,2,1,2,0,128,725,732,718,171,844,996,531,848,940,531,857,804,185,991,100,422,4,979,998,528,478,218,142,66,325,770,132,991,256,526,89,319,71,55,52,79,65,66,61,49,51,81,59,64,58,49,73,77,73,68,51,69,30,61,22,42,47,52,57,63,65,56,79,86
[13613.385289] [AOA] Measurement: 0,1627141230.762116,08:55:31:9b:05:29,2,1,2,0,128,709,753,721,162,804,1014,499,817,973,545,882,838,239,18,714,688,586,191,507,725,43,477,702,268,268,738,67,979,222,527,180,507,73,56,52,79,65,66,63,50,52,84,63,64,60,49,75,79,75,69,52,71,32,61,23,41,47,53,60,65,66,56,79,88
[13613.429329] [AOA] Measurement: 0,1627141230.806157,08:55:31:9b:05:29,2,1,2,0,128,704,723,174,979,222,793,1004,648,356,301,378,640,695,809,107,423,47,1007,533,747,8,462,657,198,280,737,499,724,686,331,775,191,70,53,53,80,66,68,62,51,50,82,59,66,57,46,71,76,73,67,52,70,32,61,23,42,47,53,58,63,65,56,81,87
[13613.472216] [AOA] Measurement: 0,1627141230.849048,08:55:31:9b:05:29,2,1,2,0,128,138,513,180,1019,824,1019,541,868,887,489,892,817,655,807,74,396,1000,961,1019,556,9,465,639,204,221,665,533,744,673,290,205,719,71,54,53,80,66,66,63,51,51,82,62,64,59,47,73,77,74,69,52,69,30,59,23,42,46,51,59,65,64,57,79,89
[13613.515708] [AOA] Measurement: 0,1627141230.892539,08:55:31:9b:05:29,2,1,2,0,128,771,799,702,143,812,962,17,724,937,544,877,829,203,1017,709,693,580,180,536,750,68,502,676,253,295,788,85,948,212,484,175,583,75,60,58,84,72,71,65,54,55,86,66,65,61,49,74,79,78,71,56,73,32,60,23,41,45,52,58,63,64,56,77,85
[13613.560013] [AOA] Measurement: 0,1627141230.936844,08:55:31:9b:05:29,2,1,2,0,128,767,769,708,194,807,1022,521,841,920,533,957,872,304,56,678,681,581,210,557,797,33,472,651,235,302,785,226,46,296,583,341,489,71,53,52,79,62,65,61,48,50,80,58,64,55,45,69,73,73,65,49,66,30,58,21,42,44,50,55,62,61,54,77,82
[13613.598246] [AOA] Measurement: 0,1627141230.975077,08:55:31:9b:05:29,2,1,2,0,128,153,527,176,1011,803,1007,524,830,380,288,264,580,741,836,92,424,983,964,1020,574,479,218,132,51,320,798,79,961,232,523,356,864,68,54,51,78,64,66,60,50,49,81,60,66,58,47,72,78,75,68,52,70,31,60,22,42,46,52,57,64,65,58,79,84
[13613.645608] [AOA] Measurement: 0,1627141231.022436,08:55:31:9b:05:29,2,1,2,0,128,193,534,195,995,218,786,1019,664,356,310,380,648,263,12,651,648,588,172,528,715,11,448,685,281,301,765,1009,912,698,332,191,527,73,58,57,81,67,68,63,52,53,84,63,64,61,48,74,76,75,70,53,70,31,59,22,39,47,52,58,62,63,56,77,83
[13613.691801] [AOA] Measurement: 0,1627141231.068632,08:55:31:9b:05:29,2,1,2,0,128,750,735,726,205,876,26,544,844,906,552,840,794,215,1002,126,417,10,1018,8,582,469,207,153,58,214,701,73,974,220,521,500,792,73,56,54,82,69,69,64,53,54,85,64,67,60,48,72,77,76,69,53,73,31,61,23,41,47,51,58,64,65,57,78,87
[13613.735921] [AOA] Measurement: 0,1627141231.112753,08:55:31:9b:05:29,2,1,2,0,128,786,815,766,185,902,38,592,900,920,535,907,762,236,0,673,638,1000,1008,993,539,439,150,110,17,755,556,106,987,260,541,885,166,76,61,59,83,70,68,65,56,55,88,66,64,61,47,76,79,77,71,54,75,31,61,23,38,46,49,58,62,62,54,74,84
[13613.779766] [AOA] Measurement: 0,1627141231.156595,08:55:31:9b:05:29,2,1,2,0,128,787,797,803,237,825,1008,577,860,869,502,881,836,751,884,723,648,575,167,520,724,18,396,640,207,253,734,113,1014,309,588,1017,251,75,57,57,83,71,69,65,55,56,87,66,64,62,49,74,78,73,71,54,71,30,59,22,39,47,51,58,63,64,57,76,83
[13613.822895] [AOA] Measurement: 0,1627141231.199722,08:55:31:9b:05:29,2,1,2,0,128,766,791,800,214,797,968,527,834,915,523,925,871,280,60,749,725,633,199,579,778,31,451,721,278,248,741,559,803,678,357,303,760,71,57,57,82,68,69,63,53,52,88,65,65,60,46,75,78,74,70,53,73,30,60,23,39,47,52,57,64,63,55,80,88
[13613.871399] [AOA] Measurement: 0,1627141231.248230,08:55:31:9b:05:29,2,1,2,0,128,240,609,706,165,786,991,543,837,365,312,251,557,809,887,701,646,980,963,942,482,451,209,22,997,702,508,532,748,660,267,532,972,74,56,55,82,69,69,64,53,53,85,65,64,58,48,73,79,76,70,53,73,32,62,23,40,47,51,58,64,64,57,78,86
[13613.912589] [AOA] Measurement: 0,1627141231.289415,08:55:31:9b:05:29,2,1,2,0,128,140,495,210,1021,322,828,998,652,315,283,323,592,769,901,716,686,615,213,501,742,62,453,607,173,720,555,93,949,714,345,515,896,74,57,58,82,70,69,64,52,54,87,65,65,60,48,73,79,76,69,54,73,30,61,24,41,47,52,58,64,63,56,78,86
[13613.962875] [AOA] Measurement: 0,1627141231.339702,08:55:31:9b:05:29,2,1,2,0,128,206,564,770,202,858,21,542,881,837,506,867,795,731,858,118,454,993,1006,37,561,575,292,671,219,302,775,85,1001,219,526,1018,360,71,55,52,79,65,67,61,50,51,83,60,63,56,45,71,77,74,67,51,71,31,61,23,42,47,52,57,63,64,56,78,85
[13614.007439] [AOA] Measurement: 0,1627141231.384269,08:55:31:9b:05:29,2,1,2,0,128,774,773,767,190,772,977,517,864,885,502,865,745,718,850,131,466,54,0,506,745,1010,419,634,238,225,714,584,787,236,519,1018,352,75,59,57,83,73,69,65,54,54,85,66,64,63,49,76,81,77,72,53,73,32,60,23,38,46,50,56,61,62,52,72,83
[13614.051751] [AOA] Measurement: 0,1627141231.428583,08:55:31:9b:05:29,2,1,2,0,128,789,801,757,175,760,980,534,844,985,545,917,848,264,16,731,703,585,186,502,737,85,476,661,245,301,745,565,773,266,565,621,998,74,58,55,82,69,68,63,54,55,87,65,65,61,48,75,78,76,69,55,72,32,60,22,40,47,52,58,63,64,55,77,84
[13614.101819] [AOA] Measurement: 0,1627141231.478646,08:55:31:9b:05:29,2,1,2,0,128,735,790,729,172,806,996,573,869,970,559,897,801,243,42,725,706,633,208,496,749,13,407,624,203,718,528,141,998,300,606,62,208,73,58,57,84,69,70,64,52,54,83,62,63,60,48,75,77,76,71,53,73,32,61,24,41,46,52,59,62,63,55,74,83
[13614.153211] [AOA] Measurement: 0,1627141231.530039,08:55:31:9b:05:29,2,1,2,0,128,787,807,766,198,821,988,1021,642,423,316,922,819,766,866,88,467,1015,978,966,536,535,258,635,241,302,776,108,985,221,537,796,122,73,60,60,79,67,70,65,55,56,82,65,59,60,48,73,75,73,69,55,72,31,59,22,35,45,48,56,57,57,52,68,74
