
[12137.871740] [AOA] Measurement: 0,1627139755.248582,08:55:31:9b:05:29,2,1,2,0,128,424,932,0,373,863,992,593,1017,493,372,311,685,245,789,699,487,181,310,233,584,625,237,220,56,289,246,96,779,710,79,482,558,95,85,79,95,90,73,65,75,63,50,87,74,55,57,90,64,97,92,104,79,75,89,49,78,57,70,87,101,73,51,80,40
[12137.925627] [AOA] Measurement: 0,1627139755.302466,08:55:31:9b:05:29,2,1,2,0,128,391,876,515,220,265,787,114,877,901,107,828,489,793,616,101,260,262,383,266,652,158,486,147,1016,226,160,26,716,653,63,150,364,81,72,63,82,77,69,61,66,61,50,82,73,51,53,83,62,89,82,89,70,74,87,48,74,55,68,83,96,74,55,84,45
[12137.968514] [AOA] Measurement: 0,1627139755.345355,08:55:31:9b:05:29,2,1,2,0,128,415,938,515,216,808,996,607,1002,500,335,326,692,289,804,620,466,221,369,327,680,683,312,697,213,844,466,662,1016,125,217,166,198,79,73,62,81,76,68,62,65,61,50,82,69,49,52,80,62,86,82,83,69,71,86,48,73,54,69,83,94,74,55,82,47
[12138.014014] [AOA] Measurement: 0,1627139755.390860,08:55:31:9b:05:29,2,1,2,0,128,943,89,997,332,264,819,605,996,931,151,347,695,225,791,644,467,784,558,804,813,161,439,727,234,883,506,687,1015,290,337,504,488,100,86,83,94,92,72,65,77,61,49,87,71,56,59,91,64,98,96,104,78,73,91,48,79,57,67,81,98,68,49,79,35
[12138.058512] [AOA] Measurement: 0,1627139755.435357,08:55:31:9b:05:29,2,1,2,0,128,955,111,110,430,791,992,20,765,981,168,796,449,830,662,136,332,253,366,852,825,635,228,137,22,276,256,88,786,631,27,794,25,93,80,75,91,87,72,66,74,63,50,88,74,58,59,91,66,98,94,100,79,76,91,48,77,57,69,84,100,71,51,82,41
[12138.103394] [AOA] Measurement: 0,1627139755.480235,08:55:31:9b:05:29,2,1,2,0,128,464,950,476,164,298,836,97,841,567,390,310,662,779,619,707,529,833,604,835,820,174,446,125,1013,887,469,671,994,675,104,758,878,95,81,76,92,87,73,67,76,62,51,88,72,56,57,89,63,96,92,103,77,76,92,47,80,57,69,84,100,70,51,81,36
[12138.155951] [AOA] Measurement: 0,1627139755.532789,08:55:31:9b:05:29,2,1,2,0,128,954,121,19,377,770,983,599,999,444,322,375,708,257,842,694,480,861,579,854,842,208,496,765,272,846,530,727,37,185,277,593,514,93,79,78,92,88,73,66,73,62,49,89,75,55,57,91,63,96,90,100,80,78,94,50,79,57,70,85,101,76,55,84,45
[12138.200002] [AOA] Measurement: 0,1627139755.576840,08:55:31:9b:05:29,2,1,2,0,128,938,59,187,544,867,1023,610,29,456,336,409,759,277,819,668,453,794,533,238,648,180,451,722,232,807,423,736,23,139,278,540,493,91,81,74,89,87,70,65,73,61,51,85,72,53,55,90,62,95,89,97,77,76,92,47,76,56,70,85,99,75,55,84,45
[12138.239110] [AOA] Measurement: 0,1627139755.615957,08:55:31:9b:05:29,2,1,2,0,128,939,110,1010,378,222,788,64,799,909,111,853,493,734,617,97,248,261,375,862,866,159,483,690,198,284,316,616,1004,146,259,844,868,90,80,73,91,85,73,66,71,62,51,86,73,55,56,86,64,95,89,94,75,76,90,48,77,56,71,86,97,75,55,84,48
[12138.283839] [AOA] Measurement: 0,1627139755.660685,08:55:31:9b:05:29,2,1,2,0,128,966,137,1013,396,826,14,632,24,401,279,826,476,714,609,158,277,263,403,857,836,182,484,800,270,873,494,622,1006,168,297,587,687,82,73,67,83,79,68,62,66,60,49,85,73,52,55,86,64,91,87,89,71,73,90,49,74,56,70,86,100,76,57,84,48
[12138.327622] [AOA] Measurement: 0,1627139755.704468,08:55:31:9b:05:29,2,1,2,0,128,905,49,530,250,253,809,43,817,917,99,796,495,324,850,679,516,810,542,843,852,161,464,765,221,850,483,650,970,121,227,158,381,80,73,64,83,76,67,60,63,59,48,79,69,50,52,82,62,87,82,84,68,71,84,46,72,55,69,83,93,76,57,82,49
[12138.373379] [AOA] Measurement: 0,1627139755.750220,08:55:31:9b:05:29,2,1,2,0,128,952,99,490,201,233,793,630,0,483,353,391,747,331,838,670,470,776,563,307,638,667,295,741,218,835,470,670,981,218,295,623,731,96,82,82,95,93,70,64,76,58,49,85,70,56,57,86,57,92,87,99,74,71,84,43,72,52,60,75,93,60,42,74,29
[12138.427523] [AOA] Measurement: 0,1627139755.804370,08:55:31:9b:05:29,2,1,2,0,128,933,94,63,433,823,1019,622,47,397,282,833,521,254,801,702,519,779,574,851,857,232,532,771,236,782,417,137,847,573,55,235,383,91,79,72,90,83,71,64,69,63,50,87,72,52,56,84,64,93,88,91,75,74,88,47,76,56,69,85,99,77,56,83,48
[12138.472103] [AOA] Measurement: 0,1627139755.848947,08:55:31:9b:05:29,2,1,2,0,128,933,110,49,401,252,776,121,865,946,156,379,732,260,840,676,464,791,591,842,807,162,477,703,243,862,500,658,993,674,65,942,44,92,82,76,93,87,73,65,72,62,51,88,73,55,58,89,64,96,92,99,77,77,91,48,78,58,70,86,102,77,56,85,44
[12138.523446] [AOA] Measurement: 0,1627139755.900286,08:55:31:9b:05:29,2,1,2,0,128,394,916,500,232,244,787,118,835,914,115,344,653,794,681,744,540,762,566,853,827,184,461,827,325,861,507,702,15,116,227,541,752,93,83,75,93,88,72,66,71,63,51,87,75,54,57,88,64,95,90,97,77,76,91,49,78,57,71,87,100,77,54,85,44
[12138.566368] [AOA] Measurement: 0,1627139755.943212,08:55:31:9b:05:29,2,1,2,0,128,373,927,585,258,241,823,602,1012,504,404,346,722,695,578,74,246,248,348,333,666,660,299,729,231,281,245,106,851,591,38,109,269,95,85,78,97,89,74,66,73,62,51,85,73,57,57,91,66,96,93,102,78,74,90,48,78,57,69,82,98,72,53,82,39
[12138.606819] [AOA] Measurement: 0,1627139755.983665,08:55:31:9b:05:29,2,1,2,0,128,943,102,20,371,830,979,677,37,456,342,358,741,355,870,651,452,804,564,828,853,158,475,130,999,276,265,105,805,607,77,754,961,89,79,72,91,83,71,65,70,62,49,86,73,53,58,89,63,93,89,99,76,76,90,49,78,57,70,85,101,73,53,84,44
[12138.653454] [AOA] Measurement: 0,1627139756.030296,08:55:31:9b:05:29,2,1,2,0,128,943,122,57,396,783,1008,650,12,553,400,339,684,304,842,662,479,842,603,905,880,217,485,742,229,848,465,616,954,603,11,824,5,89,80,72,90,86,72,65,72,62,49,87,73,55,57,88,64,94,90,96,75,75,90,47,74,57,68,85,100,76,55,83,45
[12138.698583] [AOA] Measurement: 0,1627139756.075429,08:55:31:9b:05:29,2,1,2,0,128,1012,157,96,441,834,1012,555,1003,439,318,366,711,294,832,611,450,228,382,266,631,185,506,728,213,846,466,680,973,619,59,605,725,93,85,78,92,89,73,66,73,62,52,87,75,56,58,91,66,96,92,98,76,75,92,48,77,57,70,86,101,77,56,85,47
[12138.744835] [AOA] Measurement: 0,1627139756.121683,08:55:31:9b:05:29,2,1,2,0,128,934,92,549,226,818,1023,671,58,454,338,382,726,216,803,681,465,787,509,329,668,640,289,183,33,874,465,684,17,137,250,171,284,91,80,73,88,87,73,65,72,63,53,86,74,54,55,86,63,94,90,97,76,74,90,49,78,57,71,87,101,78,57,84,46
[12138.788322] [AOA] Measurement: 0,1627139756.165167,08:55:31:9b:05:29,2,1,2,0,128,392,934,495,153,254,763,111,817,907,115,786,446,744,602,113,260,200,328,249,634,736,347,725,222,824,430,98,850,150,261,632,742,83,76,68,85,81,68,62,69,60,48,81,71,54,54,83,64,88,86,89,73,73,86,49,75,56,68,80,92,70,54,74,41
[12138.834614] [AOA] Measurement: 0,1627139756.211453,08:55:31:9b:05:29,2,1,2,0,128,898,45,509,192,841,1006,666,39,429,353,380,728,250,801,646,451,823,581,828,839,199,479,714,200,838,457,708,30,152,269,823,989,92,82,75,93,89,69,65,74,60,50,87,73,56,56,86,62,96,92,99,77,75,90,46,76,57,68,84,97,72,52,82,42
[12138.887945] [AOA] Measurement: 0,1627139756.264792,08:55:31:9b:05:29,2,1,2,0,128,431,915,56,403,836,1017,649,18,447,328,384,742,282,807,709,505,769,527,283,661,655,249,165,20,835,466,113,799,255,352,581,555,92,82,73,91,84,72,65,72,62,50,84,73,55,57,88,64,95,89,97,75,74,90,47,77,57,69,85,101,75,54,85,45
[12138.932408] [AOA] Measurement: 0,1627139756.309249,08:55:31:9b:05:29,2,1,2,0,128,388,947,535,228,861,3,587,998,887,123,773,467,764,626,63,273,274,366,294,621,690,282,164,14,256,240,74,793,656,64,201,396,84,80,68,87,81,71,64,68,61,50,85,73,53,56,84,62,92,87,93,74,74,89,48,77,57,70,86,100,75,55,85,48
[12138.983786] [AOA] Measurement: 0,1627139756.360625,08:55:31:9b:05:29,2,1,2,0,128,403,921,524,226,272,832,104,884,469,333,452,764,306,846,684,489,868,612,867,863,134,475,768,222,817,449,631,981,683,75,562,541,87,79,72,89,86,72,65,72,61,51,87,71,53,55,87,62,94,89,96,75,74,89,47,77,56,68,84,100,72,54,83,41
[12139.028742] [AOA] Measurement: 0,1627139756.405588,08:55:31:9b:05:29,2,1,2,0,128,958,99,21,393,783,970,614,1,447,332,341,691,736,619,685,486,790,538,861,863,191,503,739,251,834,485,632,1009,207,284,5,153,87,80,72,88,84,71,64,69,64,51,84,73,52,55,85,63,90,86,90,72,72,88,47,75,55,69,85,96,75,54,84,49
[12139.073161] [AOA] Measurement: 0,1627139756.450005,08:55:31:9b:05:29,2,1,2,0,128,979,135,995,387,813,992,69,824,907,87,799,485,753,616,77,283,263,377,860,880,191,507,740,202,829,423,627,1006,621,47,480,544,85,79,68,89,82,70,64,68,63,51,85,73,53,54,85,65,91,85,89,72,75,89,46,76,57,70,84,97,77,56,84,50
[12139.124354] [AOA] Measurement: 0,1627139756.501196,08:55:31:9b:05:29,2,1,2,0,128,374,915,499,193,832,973,51,805,922,132,831,463,324,843,700,470,253,394,806,833,226,493,752,246,880,488,690,15,212,320,529,493,94,83,77,92,89,71,64,73,61,50,87,73,57,58,89,63,95,92,102,78,75,91,48,79,58,70,84,100,75,54,83,42
[12139.172961] [AOA] Measurement: 0,1627139756.549807,08:55:31:9b:05:29,2,1,2,0,128,981,131,10,369,911,32,685,56,465,380,412,732,333,832,639,465,187,355,245,592,635,235,771,235,256,222,115,801,707,119,929,28,89,82,74,90,87,71,64,71,62,49,88,71,56,57,89,65,96,90,97,78,78,91,48,79,55,69,86,96,74,54,84,44
[12139.216113] [AOA] Measurement: 0,1627139756.592956,08:55:31:9b:05:29,2,1,2,0,128,394,950,525,223,782,991,82,826,939,141,789,497,699,581,138,281,240,353,294,644,651,281,181,52,249,244,102,846,684,86,393,494,89,81,72,90,85,72,65,71,63,50,86,74,54,58,86,65,96,90,96,75,76,88,49,76,56,70,86,101,76,57,86,45
[12139.260730] [AOA] Measurement: 0,1627139756.637571,08:55:31:9b:05:29,2,1,2,0,128,1011,163,81,441,822,994,628,23,482,372,327,670,283,823,130,272,200,357,261,652,676,322,194,31,294,248,109,820,200,246,227,328,90,81,75,92,88,72,67,74,63,51,87,72,55,57,91,64,94,91,99,77,76,91,47,76,55,66,83,98,70,51,80,39
[12139.303870] [AOA] Measurement: 0,1627139756.680715,08:55:31:9b:05:29,2,1,2,0,128,913,52,65,431,850,15,607,1018,475,361,391,769,286,834,643,477,756,550,826,854,198,495,734,226,801,450,727,5,123,242,816,939,91,80,75,90,87,72,65,72,62,51,86,73,56,58,90,65,94,90,98,75,75,89,48,78,55,70,85,99,74,54,83,44
[12139.347367] [AOA] Measurement: 0,1627139756.724212,08:55:31:9b:05:29,2,1,2,0,128,406,907,499,193,261,788,104,849,900,142,799,480,762,600,167,316,805,611,301,637,657,296,180,37,338,288,704,29,261,311,872,959,91,82,72,92,86,74,66,72,66,53,87,76,54,57,87,65,95,91,92,76,78,93,51,80,58,75,88,101,81,60,88,53
[12139.393785] [AOA] Measurement: 0,1627139756.770628,08:55:31:9b:05:29,2,1,2,0,128,981,108,1022,364,818,972,655,47,530,362,345,718,348,843,644,433,810,557,857,857,185,513,775,221,808,449,618,978,685,94,668,681,76,68,60,80,73,65,58,60,58,46,75,67,46,50,75,58,82,76,80,65,65,81,44,67,52,65,79,90,74,55,80,49
[12139.437103] [AOA] Measurement: 0,1627139756.813944,08:55:31:9b:05:29,2,1,2,0,128,364,899,460,161,198,772,40,797,941,114,752,405,721,559,185,329,825,614,783,759,685,346,706,207,276,267,663,974,615,9,210,486,96,84,79,93,91,72,65,77,61,50,88,70,55,57,92,62,97,94,103,77,73,89,47,76,56,65,81,97,70,50,80,36
[12139.480565] [AOA] Measurement: 0,1627139756.857406,08:55:31:9b:05:29,2,1,2,0,128,954,91,33,389,785,1001,20,795,910,118,361,664,302,835,711,504,825,574,819,860,146,467,707,224,854,512,645,3,173,295,951,995,95,85,75,90,86,72,66,73,63,51,87,72,54,57,90,66,97,91,98,77,76,89,49,77,56,69,84,101,76,55,85,44
[12139.523998] [AOA] Measurement: 0,1627139756.900837,08:55:31:9b:05:29,2,1,2,0,128,1000,146,108,456,801,964,632,7,917,145,873,495,716,633,645,475,849,619,860,876,135,402,760,267,834,496,703,1020,200,291,946,1006,87,80,70,87,84,69,65,72,60,50,86,73,55,56,86,62,94,89,98,77,76,91,48,77,57,67,82,99,68,51,79,40
[12139.569200] [AOA] Measurement: 0,1627139756.946046,08:55:31:9b:05:29,2,1,2,0,128,400,936,536,218,805,994,82,843,960,175,348,680,727,589,162,284,281,349,846,863,188,498,763,261,836,477,690,1018,103,198,5,105,93,80,75,91,85,71,64,71,61,48,86,73,55,58,87,62,94,91,98,77,75,89,49,77,55,69,84,99,73,52,81,41
[12139.613791] [AOA] Measurement: 0,1627139756.990636,08:55:31:9b:05:29,2,1,2,0,128,392,941,515,181,255,801,616,24,482,368,351,674,185,761,104,289,260,374,237,576,641,288,185,46,842,481,691,24,136,278,434,455,97,88,78,99,91,75,69,77,65,54,93,77,58,59,95,66,104,99,107,83,82,98,52,84,60,74,92,109,80,59,89,46
[12139.657413] [AOA] Measurement: 0,1627139757.034254,08:55:31:9b:05:29,2,1,2,0,128,915,97,5,385,804,982,631,28,546,401,315,713,279,827,629,466,782,586,831,819,683,301,675,197,872,515,613,1019,576,6,44,167,82,75,65,83,80,68,62,66,61,50,81,70,51,53,82,63,90,84,91,73,73,88,46,74,55,70,84,98,77,56,82,48
[12139.701241] [AOA] Measurement: 0,1627139757.078082,08:55:31:9b:05:29,2,1,2,0,128,955,121,1013,394,796,936,66,838,943,153,745,443,730,581,51,223,326,421,325,674,255,510,756,231,874,447,669,1011,653,72,897,30,89,81,71,88,85,69,64,69,60,49,85,73,52,57,87,62,91,89,95,75,75,90,47,75,55,70,86,97,75,56,84,46
[12139.744050] [AOA] Measurement: 0,1627139757.120898,08:55:31:9b:05:29,2,1,2,0,128,402,916,539,230,844,6,31,841,442,335,327,662,365,852,642,487,842,583,288,657,592,243,211,58,873,483,663,983,103,249,376,464,93,81,77,92,88,72,64,72,63,50,88,74,56,58,90,63,98,95,100,77,76,88,48,76,57,68,84,101,72,53,82,41
[12139.787813] [AOA] Measurement: 0,1627139757.164659,08:55:31:9b:05:29,2,1,2,0,128,946,87,536,192,272,808,99,852,923,122,847,493,778,650,646,477,800,603,795,806,185,510,764,211,861,487,620,988,183,285,434,490,92,83,75,92,86,72,65,70,64,50,86,73,52,56,89,65,95,91,96,77,76,93,49,78,56,70,86,99,78,56,85,46
[12139.833659] [AOA] Measurement: 0,1627139757.210502,08:55:31:9b:05:29,2,1,2,0,128,400,920,570,262,872,12,577,1008,478,341,311,682,743,588,119,312,227,346,824,821,191,495,717,242,867,480,730,56,151,286,585,580,94,83,76,92,88,73,65,74,62,50,87,72,57,57,90,65,97,93,103,78,74,88,46,78,57,67,83,100,72,53,82,41
[12139.885032] [AOA] Measurement: 0,1627139757.261872,08:55:31:9b:05:29,2,1,2,0,128,417,968,495,223,814,1015,660,70,486,342,364,714,733,626,144,319,799,574,862,843,649,294,793,296,841,465,686,31,139,250,713,792,95,82,74,93,89,71,62,74,60,50,86,71,56,56,90,62,96,94,104,78,74,89,47,76,54,66,79,95,66,48,74,35
[12139.930584] [AOA] Measurement: 0,1627139757.307427,08:55:31:9b:05:29,2,1,2,0,128,928,88,17,399,803,1020,589,994,927,122,818,507,739,601,794,565,856,598,853,854,146,456,735,260,869,506,601,967,195,259,710,810,95,84,76,94,88,72,67,73,62,50,86,74,54,57,89,64,97,90,100,77,76,90,48,79,56,71,87,101,76,54,83,44
[12139.973920] [AOA] Measurement: 0,1627139757.350766,08:55:31:9b:05:29,2,1,2,0,128,961,122,89,444,823,986,644,28,462,352,397,697,727,613,114,251,259,375,281,635,683,304,722,215,864,472,662,1016,186,282,36,89,91,82,70,90,85,73,64,71,62,50,85,73,56,58,87,64,93,88,93,75,73,88,48,78,57,70,87,99,76,56,84,47
[12140.017339] [AOA] Measurement: 0,1627139757.394185,08:55:31:9b:05:29,2,1,2,0,128,447,970,39,413,823,1002,54,785,922,120,769,450,749,634,131,306,272,403,314,647,644,270,132,1005,306,286,660,1004,219,305,979,941,103,86,82,102,94,78,70,78,67,54,93,80,59,61,96,70,101,98,106,82,80,98,52,83,61,75,93,108,82,61,89,49
[12140.061936] [AOA] Measurement: 0,1627139757.438782,08:55:31:9b:05:29,2,1,2,0,128,972,122,17,410,828,1004,616,1015,521,380,402,720,278,837,716,554,795,566,894,885,161,459,759,259,873,492,647,1014,160,284,941,30,78,71,63,81,75,68,61,65,61,48,82,70,51,52,83,63,87,81,84,66,71,81,47,71,54,67,82,95,76,54,82,49
[12140.101922] [AOA] Measurement: 0,1627139757.478763,08:55:31:9b:05:29,2,1,2,0,128,940,83,492,225,872,9,574,1016,510,362,380,724,300,839,659,507,778,566,810,866,116,421,160,24,302,290,62,783,162,262,83,50,88,78,71,87,84,70,64,70,61,51,84,73,53,53,87,63,93,88,94,75,73,90,47,77,55,70,84,99,77,56,83,49
[12140.152769] [AOA] Measurement: 0,1627139757.529609,08:55:31:9b:05:29,2,1,2,0,128,394,954,483,195,270,773,55,844,948,169,877,517,281,806,214,355,826,599,793,823,658,290,716,229,856,478,602,986,196,280,746,883,101,87,83,99,97,76,69,80,66,53,93,76,60,62,98,68,104,96,107,83,79,96,50,83,59,73,86,106,74,54,87,42
[12140.198538] [AOA] Measurement: 0,1627139757.575385,08:55:31:9b:05:29,2,1,2,0,128,918,105,14,409,797,964,98,848,909,117,802,448,771,639,699,485,797,566,883,868,188,508,685,166,311,225,146,851,630,44,347,576,92,81,74,90,89,72,65,75,62,50,89,73,55,56,90,63,93,91,102,77,75,89,47,77,56,66,80,95,66,47,78,34
[12140.243319] [AOA] Measurement: 0,1627139757.620163,08:55:31:9b:05:29,2,1,2,0,128,911,64,95,427,834,1013,635,1,965,174,762,417,691,562,74,216,319,443,872,858,138,519,777,271,865,510,692,1011,166,269,887,41,75,72,58,80,74,67,60,65,61,50,80,71,50,54,81,61,86,81,84,71,70,87,45,74,55,68,81,97,75,55,83,48
[12140.294006] [AOA] Measurement: 0,1627139757.670846,08:55:31:9b:05:29,2,1,2,0,128,965,108,33,431,790,997,554,974,931,130,809,479,241,801,142,297,245,375,857,858,629,253,713,217,889,505,670,1023,181,269,78,128,81,72,64,83,78,68,62,66,61,49,77,69,49,51,80,60,85,80,84,69,69,85,45,70,50,68,81,93,76,56,80,50
[12140.345128] [AOA] Measurement: 0,1627139757.721972,08:55:31:9b:05:29,2,1,2,0,128,421,955,544,224,290,819,618,14,453,307,372,703,243,766,83,290,236,328,235,606,585,259,211,45,308,280,96,807,657,91,240,376,96,88,79,96,93,80,73,81,70,58,96,83,62,65,96,74,101,99,104,84,83,98,57,87,66,79,94,109,85,64,90,52
[12140.390368] [AOA] Measurement: 0,1627139757.767209,08:55:31:9b:05:29,2,1,2,0,128,421,953,502,208,287,827,60,795,917,158,781,455,731,610,86,223,279,378,847,849,624,279,144,15,257,219,106,815,686,119,828,968,89,82,71,92,86,73,67,72,66,54,87,76,54,58,90,67,98,90,97,78,77,93,50,79,58,73,89,104,81,57,88,51
[12140.434377] [AOA] Measurement: 0,1627139757.811216,08:55:31:9b:05:29,2,1,2,0,128,987,127,75,456,822,982,569,968,948,146,365,723,284,819,672,441,838,554,861,857,201,504,712,182,249,223,677,1021,195,259,943,43,84,74,67,84,78,68,62,67,62,49,82,71,52,56,83,63,90,84,90,73,73,87,47,75,56,69,84,98,76,56,84,47
[12140.485695] [AOA] Measurement: 0,1627139757.862536,08:55:31:9b:05:29,2,1,2,0,128,1013,109,52,399,221,780,9,800,935,152,839,494,274,807,597,445,270,374,300,626,651,295,166,14,293,240,678,20,199,300,150,202,86,79,70,89,83,71,65,70,61,50,86,73,52,56,86,64,89,85,92,73,74,87,48,76,55,70,83,97,77,55,83,48
[12140.532276] [AOA] Measurement: 0,1627139757.909121,08:55:31:9b:05:29,2,1,2,0,128,958,117,8,390,835,6,588,996,460,328,405,736,273,808,675,448,869,648,879,846,212,506,760,229,893,492,707,0,160,266,469,528,86,77,65,85,78,68,63,66,62,50,82,72,50,53,84,63,91,85,89,72,72,85,48,75,54,70,84,97,76,55,82,49
[12140.576106] [AOA] Measurement: 0,1627139757.952952,08:55:31:9b:05:29,2,1,2,0,128,931,89,459,157,798,996,605,32,429,338,396,769,233,817,709,497,818,585,902,887,196,506,733,227,820,459,663,1007,121,233,694,674,92,83,74,91,87,73,64,73,63,51,86,73,55,58,90,65,95,92,98,76,77,90,47,76,57,71,83,102,75,53,82,44
[12140.620240] [AOA] Measurement: 0,1627139757.997086,08:55:31:9b:05:29,2,1,2,0,128,409,925,518,191,260,805,67,847,1001,176,812,503,762,601,82,289,271,368,277,658,675,320,185,1005,300,306,717,31,197,241,402,571,85,78,71,88,82,72,64,70,62,51,87,72,51,56,86,63,91,86,94,72,73,88,46,75,54,69,84,97,74,56,82,48
[12140.659259] [AOA] Measurement: 0,1627139758.036100,08:55:31:9b:05:29,2,1,2,0,128,415,954,496,202,268,785,109,843,960,164,840,498,789,626,712,530,780,545,796,832,210,481,197,26,280,242,130,855,628,53,526,703,87,78,67,88,81,71,65,68,62,51,84,73,51,55,84,63,91,86,89,71,74,88,47,75,53,69,84,97,75,55,83,48
[12140.703045] [AOA] Measurement: 0,1627139758.079889,08:55:31:9b:05:29,2,1,2,0,128,376,898,522,215,298,828,37,849,981,187,343,662,687,580,47,243,257,367,322,666,744,317,709,189,819,406,127,800,663,66,419,694,91,82,73,91,84,71,64,72,63,50,87,73,56,57,88,65,95,90,96,75,75,89,47,75,56,67,85,98,73,55,82,43
[12140.754035] [AOA] Measurement: 0,1627139758.130875,08:55:31:9b:05:29,2,1,2,0,128,971,109,37,403,789,970,600,985,925,96,850,528,739,647,182,322,864,667,880,874,164,492,744,209,282,279,681,1015,152,243,694,833,103,90,82,98,95,75,72,80,65,53,95,77,59,62,97,69,103,102,108,84,82,99,52,83,61,74,89,106,78,56,87,42
[12140.800663] [AOA] Measurement: 0,1627139758.177508,08:55:31:9b:05:29,2,1,2,0,128,976,107,48,433,890,20,675,54,498,377,397,741,328,887,756,535,897,620,830,860,205,499,786,259,840,487,705,8,174,237,671,653,93,83,77,92,88,72,65,73,62,52,86,71,55,56,89,63,96,90,97,76,75,89,47,76,55,68,84,100,74,51,83,42
[12140.839534] [AOA] Measurement: 0,1627139758.216380,08:55:31:9b:05:29,2,1,2,0,128,997,113,86,480,912,35,651,62,440,320,327,690,215,785,110,318,865,649,833,858,233,543,763,227,905,517,643,1006,153,255,460,554,87,79,69,87,82,72,64,68,62,51,82,71,53,56,84,64,90,87,87,74,73,86,47,74,55,70,84,98,77,56,84,49
[12140.884094] [AOA] Measurement: 0,1627139758.260940,08:55:31:9b:05:29,2,1,2,0,128,381,912,533,262,189,768,101,842,924,170,413,709,293,829,748,559,774,528,888,869,268,544,724,191,313,277,54,781,706,136,74,198,81,74,66,83,79,69,62,66,61,49,80,70,50,52,79,61,85,78,85,69,71,84,45,72,53,67,82,94,74,56,81,49
[12140.927076] [AOA] Measurement: 0,1627139758.303919,08:55:31:9b:05:29,2,1,2,0,128,918,78,0,391,779,941,72,851,902,131,389,720,314,870,672,492,779,541,833,846,171,476,737,244,903,513,671,1015,110,222,120,194,87,79,69,89,83,70,63,70,62,49,85,71,53,54,86,62,91,86,92,72,73,88,46,75,54,69,84,98,77,55,84,47
[12140.971006] [AOA] Measurement: 0,1627139758.347850,08:55:31:9b:05:29,2,1,2,0,128,950,119,15,386,754,946,70,837,467,334,328,672,320,832,140,306,217,346,301,642,592,234,718,215,825,421,664,1009,145,245,717,768,103,90,84,101,96,78,72,80,67,55,95,78,61,62,96,68,102,97,107,81,77,96,49,80,59,70,88,105,78,56,86,43
[12141.023154] [AOA] Measurement: 0,1627139758.400000,08:55:31:9b:05:29,2,1,2,0,128,925,75,19,400,819,1008,613,54,499,393,362,675,304,821,695,505,870,643,829,851,212,524,774,277,833,449,643,1004,166,245,470,536,90,79,72,89,86,70,64,72,60,51,86,72,55,57,88,62,94,90,99,75,75,90,47,77,56,69,85,101,73,54,82,43
[12141.080112] [AOA] Measurement: 0,1627139758.456953,08:55:31:9b:05:29,2,1,2,0,128,424,952,42,407,793,954,78,851,934,133,334,676,784,632,115,271,224,328,254,604,578,230,172,22,294,273,72,752,627,14,840,1019,88,77,69,88,83,69,62,69,62,51,86,72,54,58,88,64,95,91,97,78,76,89,47,76,58,70,87,101,75,55,85,45
[12141.126114] [AOA] Measurement: 0,1627139758.502962,08:55:31:9b:05:29,2,1,2,0,128,978,120,97,504,820,998,672,52,452,310,410,737,323,877,641,467,829,585,841,865,206,490,656,185,256,215,125,800,180,272,579,630,88,80,71,89,84,71,64,69,62,49,87,73,52,55,86,63,90,87,93,75,74,91,47,76,55,70,85,99,77,56,85,47
[12141.171698] [AOA] Measurement: 0,1627139758.548539,08:55:31:9b:05:29,2,1,2,0,128,396,936,481,181,279,814,83,799,940,168,818,479,711,589,89,255,162,321,251,605,610,258,216,60,910,521,660,982,184,254,126,284,87,80,69,89,82,69,64,70,63,51,85,71,54,57,87,64,94,90,96,77,76,90,50,76,55,70,86,99,76,55,83,45
[12141.222580] [AOA] Measurement: 0,1627139758.599419,08:55:31:9b:05:29,2,1,2,0,128,958,83,468,194,243,804,95,846,866,95,355,678,326,841,680,454,744,547,314,638,551,211,125,998,368,321,655,981,172,279,524,571,92,81,74,91,88,72,66,74,63,50,88,73,55,56,88,64,95,92,99,77,75,92,48,77,57,70,85,99,73,54,83,43
[12141.267717] [AOA] Measurement: 0,1627139758.644562,08:55:31:9b:05:29,2,1,2,0,128,426,939,515,229,207,760,88,838,989,181,359,685,281,801,702,483,729,527,877,868,635,242,740,244,284,280,140,853,639,79,284,433,92,81,74,92,88,73,65,71,62,49,86,72,56,58,89,65,97,90,101,78,78,90,48,79,55,70,84,99,72,53,84,44
[12141.312539] [AOA] Measurement: 0,1627139758.689384,08:55:31:9b:05:29,2,1,2,0,128,964,137,134,523,817,28,593,0,433,350,377,724,260,808,94,246,213,367,852,859,143,481,683,226,835,509,680,1015,223,325,148,30,86,80,71,89,83,71,66,71,63,50,86,73,54,57,87,62,93,89,95,76,75,90,48,75,56,69,85,100,76,55,84,47
[12141.356538] [AOA] Measurement: 0,1627139758.733385,08:55:31:9b:05:29,2,1,2,0,128,989,129,19,402,827,1000,671,61,380,267,345,694,308,864,611,421,846,609,850,849,165,451,683,172,822,474,687,1019,112,188,890,165,94,83,77,92,87,71,62,70,59,47,85,70,54,55,88,64,95,93,100,75,74,89,47,77,57,67,80,97,69,51,79,40
[12141.401237] [AOA] Measurement: 0,1627139758.778084,08:55:31:9b:05:29,2,1,2,0,128,997,118,1003,382,789,976,38,799,938,125,823,485,715,593,725,497,752,582,818,836,637,282,780,259,788,448,690,5,173,255,322,442,91,81,71,89,85,71,65,72,62,52,86,72,51,56,88,64,94,87,96,75,76,90,48,78,56,71,86,100,76,54,83,45
[12141.440125] [AOA] Measurement: 0,1627139758.816970,08:55:31:9b:05:29,2,1,2,0,128,908,63,34,410,193,763,17,799,916,102,839,501,291,837,665,494,722,537,825,847,652,305,733,206,857,492,668,4,134,243,293,342,93,82,75,90,85,73,65,73,64,52,87,74,55,56,89,65,95,89,98,76,76,91,47,78,57,70,86,99,76,54,83,47
[12141.478941] [AOA] Measurement: 0,1627139758.855782,08:55:31:9b:05:29,2,1,2,0,128,423,954,450,150,854,1002,631,1016,477,361,371,752,261,832,665,504,797,561,935,893,205,499,680,186,281,289,77,800,201,254,620,858,85,76,69,88,82,69,63,68,61,49,84,72,53,53,84,63,89,86,90,72,73,87,47,75,55,70,83,98,76,54,82,49
[12141.522648] [AOA] Measurement: 0,1627139758.899493,08:55:31:9b:05:29,2,1,2,0,128,946,111,57,415,766,966,64,841,464,364,331,653,747,621,73,247,222,349,251,636,618,277,160,1017,865,474,647,1003,163,255,422,554,97,83,79,94,89,70,65,76,60,50,88,71,57,58,90,62,97,93,101,74,73,88,46,76,54,65,80,98,67,49,79,35
[12141.566327] [AOA] Measurement: 0,1627139758.943173,08:55:31:9b:05:29,2,1,2,0,128,387,946,22,383,211,800,146,847,880,91,849,492,702,582,157,308,246,389,341,682,671,286,739,225,879,525,585,941,699,72,259,542,94,80,74,89,85,72,65,71,62,50,87,72,53,54,86,63,94,89,97,75,75,90,48,77,56,70,84,100,74,54,81,43
[12141.616158] [AOA] Measurement: 0,1627139758.992998,08:55:31:9b:05:29,2,1,2,0,128,965,136,60,422,836,1018,592,7,483,352,326,698,273,825,655,494,787,564,839,852,201,505,737,219,856,517,632,1005,159,262,180,125,93,82,75,91,88,71,66,74,62,50,87,72,55,56,88,64,96,91,100,77,75,92,48,78,54,70,84,99,74,54,82,43
[12141.662006] [AOA] Measurement: 0,1627139759.038850,08:55:31:9b:05:29,2,1,2,0,128,995,140,68,426,808,1002,633,1011,444,292,315,681,719,618,126,295,285,396,871,884,187,504,805,276,907,536,705,24,182,272,993,0,96,86,78,97,91,77,69,77,66,54,92,79,59,61,95,68,103,95,100,80,78,97,49,82,59,76,92,108,81,60,90,51
[12141.705442] [AOA] Measurement: 0,1627139759.082283,08:55:31:9b:05:29,2,1,2,0,128,935,89,66,407,799,988,628,9,488,391,336,707,321,875,631,429,826,606,892,873,154,463,739,241,934,528,754,17,197,315,294,135,102,92,86,102,98,81,73,83,69,54,98,80,64,65,99,70,101,100,109,85,81,96,53,85,61,72,85,103,75,55,84,40
[12141.750234] [AOA] Measurement: 0,1627139759.127075,08:55:31:9b:05:29,2,1,2,0,128,966,128,56,427,817,994,555,965,907,123,791,449,769,617,117,276,252,349,301,640,667,279,180,21,837,487,754,23,190,293,998,65,94,85,75,95,88,75,67,73,65,52,88,76,54,57,89,67,96,92,94,78,77,94,50,79,59,73,90,102,81,60,88,53
[12141.797045] [AOA] Measurement: 0,1627139759.173890,08:55:31:9b:05:29,2,1,2,0,128,1013,139,0,394,834,8,645,1023,449,325,807,506,783,624,111,291,236,377,310,684,594,241,209,9,806,448,644,971,201,275,432,485,75,71,61,80,74,67,62,66,59,48,78,69,52,52,79,59,84,78,81,69,67,78,47,70,55,65,80,89,73,53,79,47
[12141.843569] [AOA] Measurement: 0,1627139759.220408,08:55:31:9b:05:29,2,1,2,0,128,389,922,530,234,831,969,588,17,483,371,335,690,269,785,691,474,216,357,323,668,721,339,754,237,853,514,746,64,156,272,962,128,90,79,74,90,86,72,65,71,61,50,84,73,54,57,88,65,95,91,97,76,76,91,47,76,56,70,83,97,76,55,83,47
[12141.886571] [AOA] Measurement: 0,1627139759.263411,08:55:31:9b:05:29,2,1,2,0,128,975,136,50,427,850,6,672,53,500,336,333,701,229,759,694,507,812,601,877,918,179,487,649,212,246,254,99,805,650,98,60,193,88,79,73,91,85,72,65,72,63,50,88,74,55,55,89,65,94,90,98,74,77,92,48,78,57,71,85,99,75,56,84,46
[12141.932571] [AOA] Measurement: 0,1627139759.309416,08:55:31:9b:05:29,2,1,2,0,128,837,23,568,241,799,977,116,867,451,352,343,707,308,837,634,462,801,611,872,836,653,307,719,232,836,443,632,978,627,13,693,944,92,81,74,92,87,72,65,71,62,49,84,72,53,57,88,64,97,91,98,75,75,90,47,78,55,69,85,101,77,55,83,45
[12141.975308] [AOA] Measurement: 0,1627139759.352149,08:55:31:9b:05:29,2,1,2,0,128,387,941,529,204,215,766,51,820,974,174,356,700,247,788,160,298,809,606,909,864,159,486,771,241,835,497,644,1015,585,27,834,68,94,84,78,92,89,71,63,72,58,47,84,69,53,55,88,60,96,93,104,77,73,88,46,75,54,66,80,98,64,47,76,31
[12142.021696] [AOA] Measurement: 0,1627139759.398538,08:55:31:9b:05:29,2,1,2,0,128,927,93,15,393,827,1006,598,23,907,128,847,502,269,801,752,512,807,565,824,840,195,483,729,216,852,464,700,21,253,302,891,908,96,83,75,93,88,73,66,73,62,50,86,72,55,57,89,63,95,91,97,76,73,90,47,75,55,67,83,99,71,51,81,40
[12142.072668] [AOA] Measurement: 0,1627139759.449507,08:55:31:9b:05:29,2,1,2,0,128,961,129,46,402,213,800,56,847,478,304,361,739,274,852,736,558,886,663,825,816,169,487,690,195,818,452,62,797,655,94,543,679,97,83,78,87,90,69,63,74,58,49,84,67,56,57,88,62,95,93,105,77,73,87,44,73,53,62,77,94,62,45,74,32
[12142.119714] [AOA] Measurement: 0,1627139759.496560,08:55:31:9b:05:29,2,1,2,0,128,956,106,37,406,814,1009,570,998,923,136,352,673,197,768,106,291,777,557,836,837,146,479,110,7,804,429,687,7,645,66,188,338,91,81,74,92,87,73,65,74,63,52,86,73,55,57,90,64,93,91,95,76,74,90,47,75,58,68,86,100,75,54,84,44
[12142.164446] [AOA] Measurement: 0,1627139759.541292,08:55:31:9b:05:29,2,1,2,0,128,388,947,517,192,777,964,534,972,906,123,792,454,732,610,90,239,162,285,245,637,674,306,160,1018,315,259,91,822,607,73,753,788,90,78,75,90,88,72,65,72,62,50,87,73,55,56,89,65,97,92,99,75,73,86,47,77,55,68,82,97,73,51,82,41
[12142.209225] [AOA] Measurement: 0,1627139759.586068,08:55:31:9b:05:29,2,1,2,0,128,398,960,7,397,890,9,631,1013,456,352,309,664,287,818,111,261,176,325,297,686,177,501,781,271,840,483,658,968,147,225,485,546,84,75,68,86,79,69,61,66,62,51,82,72,51,54,82,62,88,79,88,69,72,88,47,75,55,67,83,96,76,56,84,49
[12142.253293] [AOA] Measurement: 0,1627139759.630132,08:55:31:9b:05:29,2,1,2,0,128,389,922,479,150,252,803,79,825,961,185,374,702,255,788,616,453,247,361,276,623,550,230,152,1001,326,296,689,1011,224,314,430,546,93,81,73,90,86,71,65,72,63,52,87,73,55,58,89,66,95,89,96,76,76,89,48,75,56,69,84,99,76,55,84,46
[12142.304873] [AOA] Measurement: 0,1627139759.681712,08:55:31:9b:05:29,2,1,2,0,128,386,936,486,164,256,781,8,813,957,141,848,514,664,571,104,254,280,362,286,614,708,272,235,52,872,434,57,762,620,72,214,415,85,80,68,89,82,70,63,68,62,49,83,74,53,54,87,62,92,88,94,75,72,87,47,76,54,68,84,97,75,54,82,47
[12142.351102] [AOA] Measurement: 0,1627139759.727947,08:55:31:9b:05:29,2,1,2,0,128,393,961,531,238,290,811,69,819,943,108,821,489,719,604,168,347,744,515,334,664,180,516,728,235,768,420,114,820,658,60,424,526,87,77,70,86,83,71,63,70,63,51,84,73,53,55,85,62,88,84,87,72,72,87,48,73,55,69,85,99,76,56,85,49
[12142.395495] [AOA] Measurement: 0,1627139759.772341,08:55:31:9b:05:29,2,1,2,0,128,403,911,563,280,802,1005,643,51,487,346,372,728,321,846,638,442,840,600,829,844,605,257,716,210,260,208,111,786,648,51,130,227,86,78,66,84,77,70,63,69,63,51,83,72,51,55,85,64,91,87,90,71,74,87,47,75,55,69,85,98,76,56,82,48
[12142.439882] [AOA] Measurement: 0,1627139759.816725,08:55:31:9b:05:29,2,1,2,0,128,416,926,547,241,783,1003,565,985,473,359,335,688,683,601,138,284,828,612,856,833,586,213,191,40,256,262,109,809,657,56,185,292,99,85,81,96,92,72,65,73,59,49,87,71,54,57,91,64,98,94,102,77,75,90,47,77,57,67,84,101,74,52,81,41
[12142.482938] [AOA] Measurement: 0,1627139759.859783,08:55:31:9b:05:29,2,1,2,0,128,952,69,477,157,281,826,59,807,982,174,795,488,751,609,92,290,225,378,901,867,138,468,736,262,816,445,100,799,609,60,948,36,89,79,73,90,84,70,65,72,62,51,86,73,55,56,88,64,94,89,99,76,76,91,47,77,58,68,83,98,75,54,83,41
[12142.526774] [AOA] Measurement: 0,1627139759.903619,08:55:31:9b:05:29,2,1,2,0,128,361,930,472,156,276,812,23,816,933,173,375,722,271,773,83,256,199,373,915,877,617,249,201,34,333,271,593,970,679,105,174,261,84,76,68,87,81,69,62,67,61,48,84,72,52,52,83,63,90,86,92,73,73,90,46,75,56,69,86,99,76,57,83,48
[12142.570806] [AOA] Measurement: 0,1627139759.947651,08:55:31:9b:05:29,2,1,2,0,128,14,162,42,451,871,37,619,1021,437,314,789,503,262,791,698,468,797,587,869,869,162,491,769,235,939,516,678,19,159,319,588,578,91,80,71,88,82,69,62,69,62,50,86,72,53,57,89,65,96,91,98,76,75,91,48,78,57,71,84,101,75,54,83,44
[12142.610401] [AOA] Measurement: 0,1627139759.987244,08:55:31:9b:05:29,2,1,2,0,128,955,138,1013,352,248,779,77,856,942,84,813,484,703,589,139,316,802,582,872,888,174,474,759,244,850,457,652,1003,642,65,474,676,87,80,70,91,83,73,65,71,65,54,89,76,57,58,89,67,98,91,95,80,78,94,52,78,58,75,90,103,83,62,88,50
[12142.661948] [AOA] Measurement: 0,1627139760.038790,08:55:31:9b:05:29,2,1,2,0,128,941,111,485,165,226,769,91,858,956,145,378,727,257,805,95,277,257,357,346,699,643,268,184,1016,292,263,105,789,687,114,476,556,91,80,75,91,90,73,66,73,61,50,86,72,54,56,89,63,96,93,100,76,75,89,45,76,57,67,83,94,67,50,78,33
[12142.707717] [AOA] Measurement: 0,1627139760.084563,08:55:31:9b:05:29,2,1,2,0,128,968,80,65,426,829,986,712,95,431,300,289,638,255,834,765,527,810,561,840,865,216,489,729,242,827,469,603,953,696,98,528,625,88,80,71,90,84,72,64,68,61,48,85,74,54,56,87,64,94,89,95,76,75,89,48,76,54,71,84,98,76,54,82,46
[12142.752293] [AOA] Measurement: 0,1627139760.129141,08:55:31:9b:05:29,2,1,2,0,128,953,99,1008,391,837,981,570,7,942,126,390,740,361,832,690,490,750,537,880,851,605,241,107,1010,319,294,45,758,159,258,782,913,88,77,70,88,83,70,65,69,62,50,85,74,52,56,87,64,92,89,98,76,76,90,48,76,56,71,87,100,77,56,87,46
[12142.791386] [AOA] Measurement: 0,1627139760.168232,08:55:31:9b:05:29,2,1,2,0,128,993,134,42,413,784,981,652,10,475,322,379,726,239,804,633,464,203,363,847,851,199,484,766,269,798,459,686,1016,178,280,579,627,96,83,78,92,91,69,64,75,59,48,86,67,54,56,91,61,95,91,101,74,71,85,46,74,52,60,76,93,60,45,72,29
[12142.844588] [AOA] Measurement: 0,1627139760.221435,08:55:31:9b:05:29,2,1,2,0,128,344,932,493,226,285,797,692,22,494,362,344,645,725,587,115,234,271,360,346,660,692,320,690,209,255,243,643,984,656,84,380,429,95,83,77,92,87,70,65,73,63,50,87,72,56,58,89,64,95,89,99,76,75,89,48,77,58,70,86,101,73,54,83,41
[12142.890536] [AOA] Measurement: 0,1627139760.267377,08:55:31:9b:05:29,2,1,2,0,128,950,113,521,229,846,4,679,29,514,368,397,747,297,857,681,487,743,513,828,829,655,272,231,46,870,521,700,1020,211,313,857,863,89,78,71,90,84,71,64,71,63,50,84,71,55,54,87,63,91,88,93,74,74,89,46,74,54,69,83,98,75,55,83,46
[12142.934004] [AOA] Measurement: 0,1627139760.310845,08:55:31:9b:05:29,2,1,2,0,128,932,100,15,372,252,822,88,873,487,372,487,809,256,798,626,444,220,347,310,670,611,273,187,29,823,452,648,999,176,224,801,927,84,75,68,85,79,70,62,67,61,50,81,71,52,54,83,62,85,82,86,69,72,86,46,71,54,68,82,94,74,54,82,49
[12142.977340] [AOA] Measurement: 0,1627139760.354181,08:55:31:9b:05:29,2,1,2,0,128,376,918,438,144,280,779,83,807,891,113,766,461,689,548,105,295,218,329,314,650,659,264,784,234,865,490,667,1000,248,340,98,166,85,78,69,88,82,71,62,68,61,50,83,71,51,55,85,63,92,88,91,72,73,87,48,74,55,69,84,97,76,55,82,47
[12143.025641] [AOA] Measurement: 0,1627139760.402484,08:55:31:9b:05:29,2,1,2,0,128,377,919,456,165,247,799,103,854,466,342,791,481,680,562,66,230,239,387,224,581,660,312,162,3,386,313,79,788,626,44,383,575,90,81,72,88,84,71,65,70,61,50,84,73,53,54,84,63,93,87,92,74,72,87,48,74,55,70,84,98,76,54,84,45
[12143.075521] [AOA] Measurement: 0,1627139760.452361,08:55:31:9b:05:29,2,1,2,0,128,428,964,4,374,236,776,74,876,500,336,396,726,220,763,109,270,840,593,839,859,178,519,695,204,285,275,140,808,663,72,583,718,88,84,72,94,85,78,71,76,72,55,90,81,59,62,91,70,99,93,96,80,82,96,55,82,63,77,93,104,86,65,92,54
[12143.118694] [AOA] Measurement: 0,1627139760.495534,08:55:31:9b:05:29,2,1,2,0,128,959,141,47,429,788,998,587,1020,446,311,353,687,213,741,706,495,838,597,876,906,131,451,686,153,296,254,707,0,186,272,886,995,80,72,64,82,77,69,59,66,60,49,79,69,50,51,81,61,87,81,86,70,72,85,46,73,53,69,83,94,76,54,82,47
[12143.158541] [AOA] Measurement: 0,1627139760.535386,08:55:31:9b:05:29,2,1,2,0,128,892,85,10,392,862,1016,32,843,903,119,339,690,227,756,127,262,262,380,276,659,660,289,162,40,284,261,135,810,156,263,722,768,89,79,72,88,82,71,64,69,62,52,84,73,51,55,86,63,92,87,92,73,74,89,47,75,56,70,85,96,77,57,85,48
[12143.203272] [AOA] Measurement: 0,1627139760.580118,08:55:31:9b:05:29,2,1,2,0,128,404,955,508,217,828,1021,575,1007,919,117,854,519,235,786,21,199,190,323,246,634,580,193,177,11,295,313,607,974,155,269,569,657,92,81,73,91,86,70,65,71,63,50,86,71,53,54,86,64,95,91,97,76,75,90,48,78,57,69,84,99,75,54,80,43
[12143.250620] [AOA] Measurement: 0,1627139760.627466,08:55:31:9b:05:29,2,1,2,0,128,339,881,494,198,289,855,38,835,908,111,822,502,746,631,91,242,231,362,349,685,659,257,136,11,285,242,75,813,653,71,484,539,87,83,71,93,85,76,72,73,71,56,94,82,62,64,94,72,99,95,99,81,81,97,55,83,63,79,93,106,86,65,92,56
[12143.294055] [AOA] Measurement: 0,1627139760.670901,08:55:31:9b:05:29,2,1,2,0,128,930,80,21,411,774,949,98,904,468,350,380,739,279,819,682,486,797,587,905,866,132,482,769,242,871,494,685,15,213,301,134,234,92,84,75,96,88,75,68,73,66,53,88,79,56,60,92,69,100,92,98,78,78,95,51,81,59,74,90,105,81,60,89,53
[12143.338066] [AOA] Measurement: 0,1627139760.714910,08:55:31:9b:05:29,2,1,2,0,128,944,56,119,423,779,957,45,778,905,117,796,503,718,588,151,284,820,562,327,648,208,516,165,27,254,219,105,819,609,44,132,395,91,81,71,89,83,72,65,71,63,52,85,73,54,56,88,64,94,88,96,74,76,92,48,79,57,71,86,100,76,56,83,46
[12143.381843] [AOA] Measurement: 0,1627139760.758687,08:55:31:9b:05:29,2,1,2,0,128,395,911,524,230,277,827,589,7,469,333,336,680,279,832,675,481,804,579,290,631,636,253,128,1020,273,230,109,809,638,1018,59,238,86,78,71,86,83,70,65,69,62,50,85,73,52,54,86,64,93,87,93,73,75,88,49,75,56,70,85,99,76,55,84,49
[12143.420733] [AOA] Measurement: 0,1627139760.797578,08:55:31:9b:05:29,2,1,2,0,128,994,129,487,175,818,1018,567,1004,521,367,375,711,282,824,632,439,826,611,846,892,233,498,818,272,868,493,720,25,143,288,251,249,99,89,80,98,92,79,70,77,66,52,92,78,58,59,95,68,99,96,102,81,79,95,51,82,58,74,92,106,81,59,89,49
[12143.460697] [AOA] Measurement: 0,1627139760.837542,08:55:31:9b:05:29,2,1,2,0,128,10,148,137,501,830,997,647,36,429,292,406,692,275,836,728,539,827,609,868,894,175,496,737,203,843,465,633,961,114,230,128,310,79,72,60,82,74,67,61,64,60,49,80,71,48,52,79,60,86,78,83,68,68,85,45,71,52,67,82,94,74,56,82,50
[12143.499692] [AOA] Measurement: 0,1627139760.876537,08:55:31:9b:05:29,2,1,2,0,128,429,953,63,424,890,2,605,37,460,302,351,704,258,813,62,246,168,322,273,642,572,240,191,42,265,211,76,767,688,111,171,270,88,78,72,89,86,73,65,71,63,50,85,74,54,56,85,63,93,87,93,73,74,89,47,75,56,69,84,98,77,56,83,47
[12143.543907] [AOA] Measurement: 0,1627139760.920752,08:55:31:9b:05:29,2,1,2,0,128,951,112,106,427,821,1005,601,1020,442,301,383,696,283,795,672,473,737,529,853,854,162,451,690,160,884,495,674,1015,160,255,1008,13,90,82,75,91,86,71,65,71,60,49,87,74,55,56,87,63,97,91,101,76,76,90,47,77,56,68,85,99,73,53,82,41
[12143.589250] [AOA] Measurement: 0,1627139760.966090,08:55:31:9b:05:29,2,1,2,0,128,949,110,45,432,800,980,631,4,443,361,360,728,259,789,687,499,799,611,239,615,585,232,198,0,274,249,709,1004,238,315,593,556,95,85,76,95,91,77,69,75,67,55,91,79,57,59,92,68,98,95,101,80,79,95,50,82,61,76,90,108,83,60,90,50
[12143.633396] [AOA] Measurement: 0,1627139761.010240,08:55:31:9b:05:29,2,1,2,0,128,934,90,29,421,854,16,641,39,483,352,353,691,198,757,61,233,282,391,316,670,645,280,155,38,289,269,98,856,145,248,192,109,95,84,77,92,90,71,65,74,61,48,86,71,55,54,89,62,96,92,99,75,74,89,45,75,51,66,81,97,69,50,80,36
[12143.686106] [AOA] Measurement: 0,1627139761.062948,08:55:31:9b:05:29,2,1,2,0,128,977,132,33,455,877,18,693,62,486,325,406,743,283,847,658,459,780,549,883,901,257,543,735,251,857,503,637,991,173,264,294,371,91,79,73,89,85,70,64,70,62,49,86,72,54,56,86,63,94,89,95,74,74,89,46,73,55,68,84,99,74,53,83,43
[12143.731943] [AOA] Measurement: 0,1627139761.108787,08:55:31:9b:05:29,2,1,2,0,128,436,940,539,222,276,829,55,851,450,327,374,689,272,836,677,511,735,534,871,837,656,272,765,246,887,522,680,3,83,221,461,637,89,79,69,89,82,72,63,70,62,51,84,74,54,57,89,66,96,92,97,77,75,90,49,76,56,70,84,97,76,55,84,45
[12143.770842] [AOA] Measurement: 0,1627139761.147686,08:55:31:9b:05:29,2,1,2,0,128,429,968,544,281,842,1018,615,30,431,287,363,713,730,582,142,266,224,370,899,866,197,487,791,285,821,466,697,1019,129,250,694,780,88,81,72,89,85,72,65,71,63,50,85,73,53,57,87,65,95,90,98,77,75,91,48,76,56,70,86,99,74,55,82,45
[12143.815433] [AOA] Measurement: 0,1627139761.192278,08:55:31:9b:05:29,2,1,2,0,128,931,72,522,188,232,794,58,811,964,136,806,512,762,584,138,278,219,348,825,814,637,242,822,280,860,479,674,994,207,241,46,218,84,76,66,88,82,69,63,67,60,50,83,71,51,54,84,63,91,86,88,73,72,86,47,73,54,68,85,97,77,56,84,49
[12143.858655] [AOA] Measurement: 0,1627139761.235500,08:55:31:9b:05:29,2,1,2,0,128,973,156,36,410,890,14,529,961,934,132,831,552,752,605,79,258,308,407,860,857,205,484,740,232,279,286,89,809,643,72,62,223,86,82,70,92,84,78,72,75,69,54,92,79,57,59,94,71,98,95,101,82,83,97,55,84,65,78,93,105,86,64,90,54
[12143.897433] [AOA] Measurement: 0,1627139761.274277,08:55:31:9b:05:29,2,1,2,0,128,361,927,509,203,224,740,95,853,926,165,875,529,273,783,703,491,785,555,326,675,654,311,112,978,313,284,101,816,692,80,275,442,95,83,78,92,88,71,66,74,60,50,89,73,54,57,91,64,97,92,102,78,74,90,47,76,55,67,83,98,70,51,81,38
[12143.942211] [AOA] Measurement: 0,1627139761.319056,08:55:31:9b:05:29,2,1,2,0,128,451,961,6,365,274,798,70,811,918,126,840,520,758,651,660,474,854,600,826,835,651,284,745,224,848,459,92,817,674,104,173,289,92,80,74,90,87,70,65,74,61,48,86,69,54,56,88,62,95,89,102,76,74,87,43,73,53,64,75,92,67,48,77,34
[12143.981023] [AOA] Measurement: 0,1627139761.357868,08:55:31:9b:05:29,2,1,2,0,128,977,116,1023,399,855,1009,582,1004,425,320,761,445,799,643,156,320,783,572,819,819,674,318,150,1020,227,205,112,849,604,39,670,910,80,72,63,81,78,68,60,67,59,49,84,71,52,53,86,62,92,86,91,73,73,85,45,75,54,67,83,98,76,56,83,47
[12144.020467] [AOA] Measurement: 0,1627139761.397312,08:55:31:9b:05:29,2,1,2,0,128,959,105,53,414,857,1019,601,1001,921,130,793,482,752,623,657,503,840,600,865,870,161,435,192,2,876,481,717,37,197,293,924,950,86,78,69,87,80,70,62,69,60,49,83,71,53,54,86,63,92,88,92,74,72,87,48,76,56,69,85,97,76,55,82,48
[12144.064654] [AOA] Measurement: 0,1627139761.441498,08:55:31:9b:05:29,2,1,2,0,128,940,84,39,399,818,1007,616,1016,490,337,370,726,207,797,731,504,781,588,875,863,145,429,731,220,874,485,679,1017,169,260,767,726,91,81,72,92,89,71,63,69,61,49,85,72,54,55,84,61,93,93,101,78,76,90,46,78,56,67,82,97,69,50,81,39
[12144.109488] [AOA] Measurement: 0,1627139761.486330,08:55:31:9b:05:29,2,1,2,0,128,388,916,481,189,352,861,581,19,473,369,390,714,296,837,676,483,816,590,850,819,639,262,185,40,288,246,157,832,219,291,490,629,87,78,70,88,84,68,64,69,61,49,85,71,56,56,88,63,95,92,97,77,75,91,47,76,56,69,84,95,75,56,83,46
[12144.152682] [AOA] Measurement: 0,1627139761.529525,08:55:31:9b:05:29,2,1,2,0,128,422,933,522,181,265,788,27,784,872,111,823,454,718,584,89,256,237,345,232,581,604,233,157,36,297,248,76,759,673,95,537,740,80,70,62,80,76,66,59,65,59,48,80,69,49,52,82,61,86,84,87,70,71,85,45,73,54,68,83,95,75,56,80,46
[12144.191308] [AOA] Measurement: 0,1627139761.568149,08:55:31:9b:05:29,2,1,2,0,128,404,939,475,177,185,766,72,820,896,99,874,540,248,772,757,498,761,537,855,832,607,243,199,48,863,498,661,995,189,268,165,227,92,80,74,89,85,72,64,71,61,50,83,71,55,56,89,64,96,92,99,78,76,90,48,79,56,69,85,99,76,54,84,46
[12144.233998] [AOA] Measurement: 0,1627139761.610842,08:55:31:9b:05:29,2,1,2,0,128,956,110,66,401,821,1022,581,1014,418,322,373,755,271,845,728,504,764,518,317,652,663,270,194,33,865,465,682,981,106,206,118,350,84,75,68,86,82,69,63,68,61,49,83,71,50,54,85,63,93,86,92,74,73,91,48,75,55,70,84,97,76,56,86,48
[12144.278403] [AOA] Measurement: 0,1627139761.655249,08:55:31:9b:05:29,2,1,2,0,128,900,67,583,265,795,1009,584,1015,476,366,321,663,296,835,658,442,856,636,868,858,121,433,712,226,812,438,133,844,636,58,880,5,94,88,77,98,92,76,69,78,64,53,89,76,57,58,94,68,101,98,104,83,82,95,53,82,61,74,91,106,77,56,88,45
[12144.325148] [AOA] Measurement: 0,1627139761.701986,08:55:31:9b:05:29,2,1,2,0,128,955,108,39,421,792,1001,650,48,479,348,328,718,255,788,133,285,295,421,862,848,169,470,786,275,821,486,680,8,135,249,495,552,89,78,69,89,85,72,64,71,62,50,85,73,53,55,85,62,92,87,92,74,75,90,48,76,55,69,85,98,75,55,84,47
[12144.368424] [AOA] Measurement: 0,1627139761.745264,08:55:31:9b:05:29,2,1,2,0,128,951,124,11,360,260,817,640,22,487,331,388,705,217,778,75,292,803,557,900,869,217,498,722,226,819,434,629,1011,205,299,711,839,86,78,68,87,83,70,64,69,62,50,84,71,52,56,84,63,92,87,93,74,75,88,46,74,54,69,84,99,76,55,84,47
[12144.414371] [AOA] Measurement: 0,1627139761.791216,08:55:31:9b:05:29,2,1,2,0,128,394,907,493,184,235,763,78,849,979,189,790,492,301,858,618,433,800,528,921,898,195,499,752,242,781,460,628,987,205,283,307,348,98,87,78,95,91,79,68,77,66,53,92,78,58,59,93,68,99,95,103,80,78,94,50,81,59,74,90,105,81,59,89,49
[12144.455220] [AOA] Measurement: 0,1627139761.832064,08:55:31:9b:05:29,2,1,2,0,128,919,64,529,219,811,1009,1010,746,877,129,839,496,745,631,713,474,829,628,831,824,618,242,191,7,311,299,682,1015,650,58,49,264,92,82,73,91,85,70,63,69,59,49,82,69,52,55,87,62,94,90,96,77,74,89,46,75,56,68,83,99,75,53,83,44
[12144.497822] [AOA] Measurement: 0,1627139761.874667,08:55:31:9b:05:29,2,1,2,0,128,407,934,493,158,314,835,44,818,843,114,871,536,749,598,154,288,220,362,316,669,202,525,739,266,883,507,663,977,638,30,926,188,88,77,70,89,83,70,64,71,62,51,83,72,51,54,86,61,91,85,91,73,75,88,47,74,55,68,83,97,76,54,84,48
[12144.537289] [AOA] Measurement: 0,1627139761.914133,08:55:31:9b:05:29,2,1,2,0,128,956,127,1013,428,812,1008,1022,800,902,104,807,473,764,594,89,292,818,573,813,842,61,428,761,235,871,478,615,982,138,237,798,854,81,75,65,83,82,69,62,68,62,50,86,72,53,55,89,62,94,89,96,74,75,88,46,76,57,69,84,100,74,53,85,44
[12144.585782] [AOA] Measurement: 0,1627139761.962622,08:55:31:9b:05:29,2,1,2,0,128,946,81,464,186,244,819,39,844,939,114,348,694,253,798,84,233,821,599,845,817,210,478,733,239,787,429,114,811,175,255,706,863,105,93,85,102,97,79,74,83,68,55,94,79,64,65,98,70,102,99,108,83,82,97,52,85,64,73,89,105,75,54,85,39
[12144.634976] [AOA] Measurement: 0,1627139762.011822,08:55:31:9b:05:29,2,1,2,0,128,394,945,466,155,257,762,34,780,916,132,779,446,728,613,145,287,256,350,272,659,693,335,722,202,842,447,122,834,660,85,1005,168,91,84,73,93,87,74,68,72,65,53,88,78,57,59,93,69,100,93,99,79,80,95,50,82,59,75,90,104,83,61,92,51
[12144.680133] [AOA] Measurement: 0,1627139762.056979,08:55:31:9b:05:29,2,1,2,0,128,1001,151,2,388,819,993,603,1023,517,377,307,708,240,792,735,532,845,633,900,876,218,495,718,227,892,528,672,1006,208,303,743,810,92,81,72,92,84,72,63,71,62,49,85,71,55,57,89,64,96,92,96,74,75,88,48,77,56,69,85,102,76,52,82,42
[12144.719453] [AOA] Measurement: 0,1627139762.096299,08:55:31:9b:05:29,2,1,2,0,128,954,122,22,367,813,8,537,981,514,340,388,730,282,829,701,476,214,341,255,604,661,298,228,63,275,273,681,6,610,52,345,468,91,81,71,87,85,71,64,71,61,48,85,71,53,54,86,64,92,89,96,75,76,91,48,77,55,69,85,99,74,54,85,45
[12144.766529] [AOA] Measurement: 0,1627139762.143370,08:55:31:9b:05:29,2,1,2,0,128,1011,120,115,477,825,1017,569,981,465,328,786,496,768,625,139,301,265,390,877,901,132,442,727,247,860,501,718,1,118,240,630,824,93,81,73,90,88,73,66,72,63,50,86,70,55,56,89,62,95,91,101,77,76,91,48,78,56,69,84,101,72,52,83,41
[12144.806962] [AOA] Measurement: 0,1627139762.183808,08:55:31:9b:05:29,2,1,2,0,128,453,965,501,216,766,987,39,830,434,293,448,764,249,805,107,291,156,319,347,690,233,479,778,231,260,230,151,838,609,63,554,670,89,82,71,92,85,74,65,70,66,53,90,76,54,58,91,67,98,92,98,79,79,94,52,80,60,73,90,104,82,58,87,49
[12144.848539] [AOA] Measurement: 0,1627139762.225380,08:55:31:9b:05:29,2,1,2,0,128,385,941,14,418,874,22,686,27,495,380,347,685,359,832,683,523,752,554,265,631,139,436,750,271,862,510,671,1008,212,330,7,970,93,80,71,91,86,71,66,73,61,50,86,73,54,56,84,63,95,92,103,79,76,92,48,78,57,68,84,99,72,53,82,41
[12144.894361] [AOA] Measurement: 0,1627139762.271207,08:55:31:9b:05:29,2,1,2,0,128,8,141,476,179,837,1005,628,17,469,330,776,473,789,670,113,295,192,300,292,651,200,481,783,275,931,550,679,21,240,316,366,380,89,81,71,90,84,72,64,70,62,50,87,72,54,56,88,63,95,90,96,75,74,91,49,77,56,68,84,101,73,53,82,43
[12144.933101] [AOA] Measurement: 0,1627139762.309946,08:55:31:9b:05:29,2,1,2,0,128,408,944,10,395,811,987,72,810,849,33,769,423,719,599,84,237,244,334,288,648,669,301,206,1,328,296,103,810,622,88,1008,166,89,81,71,88,83,71,64,69,61,51,86,72,53,55,86,63,93,87,95,75,72,89,48,75,55,69,86,99,74,56,83,46
[12144.977239] [AOA] Measurement: 0,1627139762.354084,08:55:31:9b:05:29,2,1,2,0,128,387,936,470,173,259,801,633,20,443,299,354,722,291,814,682,476,221,342,915,864,625,242,187,34,292,282,66,795,630,42,724,855,81,75,67,84,79,68,62,66,59,49,82,71,49,53,82,63,88,84,85,71,71,86,45,74,53,68,83,95,76,54,80,47
[12145.020739] [AOA] Measurement: 0,1627139762.397579,08:55:31:9b:05:29,2,1,2,0,128,386,907,535,236,264,778,53,823,894,105,755,450,674,560,143,297,232,327,341,708,196,543,700,203,829,431,665,986,627,17,885,189,90,81,74,92,87,72,64,72,62,50,84,72,54,54,87,64,94,88,96,75,75,90,48,76,55,69,83,99,74,55,82,46
[12145.060124] [AOA] Measurement: 0,1627139762.436968,08:55:31:9b:05:29,2,1,2,0,128,385,899,521,215,310,847,74,875,455,357,363,676,281,825,63,245,218,350,196,598,610,265,191,5,331,293,110,813,145,249,961,143,92,80,76,89,87,70,64,74,59,48,87,71,55,56,89,62,95,92,100,76,73,90,46,77,56,67,81,97,69,48,81,36
[12145.098898] [AOA] Measurement: 0,1627139762.475743,08:55:31:9b:05:29,2,1,2,0,128,392,964,522,228,777,1002,585,1002,920,116,801,442,754,591,167,333,821,570,853,846,173,497,785,251,825,454,658,1014,156,266,241,310,97,91,82,100,93,80,74,82,72,57,96,83,63,66,99,73,104,100,106,86,86,100,56,86,63,76,91,105,79,59,91,46
[12145.144176] [AOA] Measurement: 0,1627139762.521019,08:55:31:9b:05:29,2,1,2,0,128,393,918,569,269,822,998,631,1019,461,339,292,657,757,587,130,276,260,374,876,858,554,197,159,999,339,282,138,812,622,1008,890,31,104,93,85,102,93,80,72,81,68,55,97,81,63,65,96,69,100,100,108,87,83,98,55,88,64,76,88,106,76,58,88,44
[12145.189343] [AOA] Measurement: 0,1627139762.566184,08:55:31:9b:05:29,2,1,2,0,128,917,69,1011,361,214,785,145,839,498,376,324,619,716,589,59,236,215,352,252,633,706,314,783,249,839,454,645,1005,157,241,695,788,82,74,64,86,77,68,61,66,59,51,82,73,51,55,83,62,89,82,89,70,72,86,47,75,55,69,83,95,75,55,82,49
[12145.233741] [AOA] Measurement: 0,1627139762.610584,08:55:31:9b:05:29,2,1,2,0,128,951,130,58,404,175,753,94,825,915,124,820,491,730,632,697,494,218,345,869,846,200,494,822,271,777,388,148,820,636,72,333,541,90,79,72,88,84,69,63,70,62,50,85,72,53,57,87,64,94,89,97,76,73,87,47,74,54,69,85,98,74,55,82,44
[12145.284634] [AOA] Measurement: 0,1627139762.661473,08:55:31:9b:05:29,2,1,2,0,128,898,43,472,170,257,771,66,826,959,119,430,732,318,839,646,465,794,537,853,869,180,455,767,237,821,477,723,21,138,237,354,557,87,76,71,88,83,71,63,71,62,49,85,73,52,55,86,63,92,88,94,75,74,90,49,75,55,70,84,96,77,56,84,46
[12145.331007] [AOA] Measurement: 0,1627139762.707851,08:55:31:9b:05:29,2,1,2,0,128,450,933,73,418,182,730,40,805,894,155,818,478,714,596,151,298,228,366,303,618,220,501,723,228,839,466,615,991,631,49,481,640,95,81,76,93,90,72,66,73,62,52,84,72,53,57,88,62,91,89,97,76,75,90,47,77,55,69,83,100,72,52,82,43
[12145.375294] [AOA] Measurement: 0,1627139762.752138,08:55:31:9b:05:29,2,1,2,0,128,985,118,35,396,754,963,608,18,943,135,815,483,315,853,665,493,780,571,878,876,184,481,735,237,870,487,703,33,181,282,509,538,93,81,76,91,87,71,64,73,62,49,87,72,54,56,89,63,94,88,95,72,74,89,48,77,55,69,84,100,73,53,82,43
[12145.419942] [AOA] Measurement: 0,1627139762.796783,08:55:31:9b:05:29,2,1,2,0,128,968,102,64,423,811,954,68,819,943,122,856,526,285,803,668,461,832,589,903,902,150,465,702,203,295,303,764,52,187,298,115,112,94,83,76,93,86,72,65,72,60,51,87,73,55,58,87,64,95,91,97,76,75,90,48,77,56,70,85,100,75,55,86,43
[12145.462946] [AOA] Measurement: 0,1627139762.839792,08:55:31:9b:05:29,2,1,2,0,128,959,91,44,399,775,974,565,975,578,425,414,747,293,824,748,527,771,551,870,892,165,476,799,273,859,479,710,21,158,290,85,131,86,76,70,86,82,69,61,67,59,47,80,67,53,54,82,59,86,85,88,74,71,83,48,73,56,67,78,92,71,53,76,43
[12145.507117] [AOA] Measurement: 0,1627139762.883960,08:55:31:9b:05:29,2,1,2,0,128,360,886,508,225,224,786,23,826,915,125,817,480,680,590,108,264,202,345,301,651,192,490,690,193,791,436,68,805,203,269,367,461,87,78,67,86,81,70,64,67,61,50,84,73,51,54,85,63,91,87,93,73,73,88,47,75,55,70,84,96,75,54,83,47
[12145.546449] [AOA] Measurement: 0,1627139762.923293,08:55:31:9b:05:29,2,1,2,0,128,370,942,29,390,816,985,630,47,457,346,359,702,313,821,705,533,757,514,306,655,591,234,714,196,269,258,644,976,615,29,467,611,91,83,74,91,86,70,63,72,60,50,86,72,54,56,87,63,94,90,98,74,75,91,47,78,57,68,84,100,71,51,83,42
[12145.592566] [AOA] Measurement: 0,1627139762.969405,08:55:31:9b:05:29,2,1,2,0,128,415,906,477,198,239,811,89,850,938,122,845,528,312,874,688,490,208,347,330,678,637,263,174,44,306,284,86,835,606,40,484,651,98,88,79,97,91,77,69,80,66,53,92,77,58,61,93,67,103,97,104,82,81,98,52,83,61,74,91,107,78,58,87,46
[12145.643218] [AOA] Measurement: 0,1627139763.020058,08:55:31:9b:05:29,2,1,2,0,128,1001,131,185,549,826,1017,697,72,428,303,391,691,338,871,668,521,844,591,887,902,219,537,721,226,847,488,736,32,256,360,138,94,89,80,70,90,83,71,64,71,61,49,85,73,53,56,87,63,92,88,95,73,74,87,45,73,54,69,83,97,73,54,83,46
[12145.688370] [AOA] Measurement: 0,1627139763.065215,08:55:31:9b:05:29,2,1,2,0,128,943,95,108,461,841,1023,578,15,416,282,395,720,720,631,725,509,830,601,928,924,157,508,762,220,851,472,678,1012,204,316,815,830,100,86,79,100,93,78,68,79,67,54,93,79,57,59,94,69,102,97,107,82,82,97,51,81,60,74,91,107,80,58,89,48
[12145.734060] [AOA] Measurement: 0,1627139763.110907,08:55:31:9b:05:29,2,1,2,0,128,942,104,68,449,802,962,624,23,436,323,316,667,802,666,143,294,801,562,808,809,627,273,785,254,907,524,701,29,211,327,275,230,79,73,62,82,79,68,62,65,61,50,83,70,51,53,84,63,91,86,90,70,72,88,46,74,55,69,85,97,74,56,83,47
[12145.778330] [AOA] Measurement: 0,1627139763.155175,08:55:31:9b:05:29,2,1,2,0,128,937,102,1020,406,856,1018,576,985,454,328,353,672,743,590,156,320,766,516,907,875,169,481,754,265,893,520,632,1007,572,30,700,782,97,89,78,97,91,76,68,78,65,54,94,77,59,62,97,67,104,100,112,83,83,97,52,84,60,72,90,107,75,55,88,42
[12145.823714] [AOA] Measurement: 0,1627139763.200557,08:55:31:9b:05:29,2,1,2,0,128,399,910,516,205,238,767,71,816,923,130,337,674,256,794,660,482,759,575,872,847,183,489,136,1,880,474,675,984,127,253,26,28,89,80,70,88,83,69,64,70,61,49,83,73,52,53,85,62,91,85,92,74,75,89,47,75,54,70,83,98,77,56,83,47
[12145.873958] [AOA] Measurement: 0,1627139763.250797,08:55:31:9b:05:29,2,1,2,0,128,356,911,484,188,216,780,36,786,920,147,732,397,751,620,136,307,211,359,300,667,158,480,188,16,311,286,119,838,203,294,846,996,98,87,81,98,92,77,71,80,65,55,93,79,60,62,98,69,104,99,107,83,82,96,50,82,60,75,89,105,78,56,86,41
[12145.918928] [AOA] Measurement: 0,1627139763.295772,08:55:31:9b:05:29,2,1,2,0,128,470,984,466,184,286,829,55,831,895,144,845,519,683,586,92,245,239,340,300,631,177,478,139,25,339,299,114,796,638,59,188,345,92,82,73,90,84,71,65,70,61,50,86,72,53,58,88,62,94,91,98,76,75,91,47,77,56,70,83,100,75,54,82,46
[12145.963403] [AOA] Measurement: 0,1627139763.340250,08:55:31:9b:05:29,2,1,2,0,128,984,128,38,401,865,1021,631,19,455,315,812,509,280,785,735,538,795,569,870,862,128,460,143,17,323,290,697,17,242,322,475,369,94,84,74,94,87,74,69,74,65,53,90,78,56,59,94,68,101,96,101,79,81,95,50,83,59,74,91,106,81,59,89,49
[12146.015299] [AOA] Measurement: 0,1627139763.392137,08:55:31:9b:05:29,2,1,2,0,128,377,901,527,221,209,742,117,834,926,119,806,456,744,636,70,232,245,375,254,603,657,256,161,15,852,481,713,9,130,235,302,428,89,79,71,88,83,70,64,69,61,48,85,72,53,57,86,63,94,90,96,75,75,90,48,75,56,70,85,99,77,56,84,47
[12146.068725] [AOA] Measurement: 0,1627139763.445567,08:55:31:9b:05:29,2,1,2,0,128,455,969,52,438,835,10,515,948,909,89,753,448,720,561,93,228,844,593,908,884,167,473,191,44,908,501,601,983,681,95,951,1021,86,78,68,89,81,70,61,69,62,49,85,72,52,56,87,64,93,87,94,74,74,87,46,73,54,67,81,97,73,53,82,43
[12146.112794] [AOA] Measurement: 0,1627139763.489635,08:55:31:9b:05:29,2,1,2,0,128,981,163,38,430,829,1016,665,41,471,335,307,668,264,798,634,438,801,559,858,889,177,476,734,223,820,445,667,1013,205,305,742,742,99,86,80,95,92,73,64,74,59,49,85,69,55,56,90,61,95,94,101,76,74,89,47,76,54,67,82,96,67,49,78,37
[12146.163985] [AOA] Measurement: 0,1627139763.540828,08:55:31:9b:05:29,2,1,2,0,128,434,959,499,203,845,0,660,7,407,290,829,477,723,577,98,258,250,365,295,622,638,272,149,3,325,259,114,836,661,55,344,565,95,83,78,92,86,68,63,72,61,50,87,71,56,58,89,63,96,93,101,74,71,88,47,76,56,64,79,96,68,48,78,34
[12146.210073] [AOA] Measurement: 0,1627139763.586918,08:55:31:9b:05:29,2,1,2,0,128,428,938,512,194,882,12,663,49,461,339,380,711,319,817,597,422,216,331,323,641,545,230,191,23,344,285,149,820,580,57,125,302,84,77,65,86,80,69,62,67,61,49,83,71,51,56,83,61,90,84,90,71,74,88,47,76,56,70,84,98,76,57,84,47
[12146.254727] [AOA] Measurement: 0,1627139763.631574,08:55:31:9b:05:29,2,1,2,0,128,958,96,40,417,829,1005,654,34,459,362,342,711,274,835,641,460,207,333,282,642,633,290,177,16,229,210,101,805,675,55,87,234,92,84,77,94,90,72,66,74,60,50,86,70,54,56,88,62,95,93,101,77,75,91,47,78,55,68,83,99,71,52,81,36
[12146.309986] [AOA] Measurement: 0,1627139763.686827,08:55:31:9b:05:29,2,1,2,0,128,952,108,36,364,213,769,16,845,542,365,401,749,273,816,680,481,814,570,880,850,155,468,750,242,848,457,649,975,150,242,906,46,92,82,75,91,87,72,63,70,61,51,84,72,55,57,90,63,95,91,96,77,74,89,47,76,56,71,84,100,74,54,82,44
[12146.353541] [AOA] Measurement: 0,1627139763.730382,08:55:31:9b:05:29,2,1,2,0,128,345,903,523,203,195,766,94,842,962,151,787,452,704,572,77,226,203,327,318,643,632,261,155,1,313,239,672,1002,619,73,616,776,82,75,66,85,79,69,61,67,60,49,80,72,49,54,82,62,90,83,87,70,71,85,47,73,53,68,82,94,76,55,82,49
[12146.398584] [AOA] Measurement: 0,1627139763.775430,08:55:31:9b:05:29,2,1,2,0,128,965,118,42,405,802,986,678,32,478,317,330,709,330,867,699,528,822,616,933,924,229,549,798,261,884,547,655,988,139,233,812,922,94,83,75,90,88,72,64,73,60,50,86,70,55,56,88,61,96,92,99,76,74,88,48,76,56,67,83,98,71,52,81,40
[12146.443754] [AOA] Measurement: 0,1627139763.820599,08:55:31:9b:05:29,2,1,2,0,128,934,68,48,425,849,1021,638,27,469,334,343,683,266,799,120,276,222,355,370,685,184,489,719,222,814,451,103,800,149,242,609,786,90,79,71,88,83,69,64,69,61,50,85,72,52,53,86,62,91,87,89,73,74,88,46,73,55,68,82,97,75,54,82,46
[12146.487716] [AOA] Measurement: 0,1627139763.864561,08:55:31:9b:05:29,2,1,2,0,128,946,125,48,423,798,999,581,1008,494,328,331,661,274,853,653,459,805,544,280,634,615,249,182,1006,294,259,94,803,721,106,705,787,86,79,70,88,84,70,63,69,60,49,84,72,53,53,87,63,91,87,95,74,73,87,47,75,56,69,84,98,74,54,82,44
[12146.533935] [AOA] Measurement: 0,1627139763.910774,08:55:31:9b:05:29,2,1,2,0,128,987,119,110,419,912,42,649,9,473,375,407,716,239,823,653,459,773,567,879,870,224,500,774,271,858,464,713,5,192,293,975,934,100,87,82,100,97,77,70,80,66,55,90,79,58,61,95,66,100,99,105,81,80,96,50,84,59,73,89,106,77,55,87,45
[12146.588421] [AOA] Measurement: 0,1627139763.965262,08:55:31:9b:05:29,2,1,2,0,128,958,113,113,454,858,5,584,1007,895,100,808,481,738,609,682,482,225,326,339,682,630,241,189,20,318,280,134,864,227,282,547,540,87,77,69,88,83,70,63,70,61,48,82,72,50,55,85,63,91,87,94,73,74,88,46,74,53,67,83,98,75,55,81,44
[12146.633313] [AOA] Measurement: 0,1627139764.010159,08:55:31:9b:05:29,2,1,2,0,128,416,912,507,230,808,1006,606,1021,443,326,357,671,302,815,672,515,781,593,870,856,122,432,181,46,887,488,128,829,687,81,896,972,95,85,77,92,89,72,65,73,60,50,88,71,53,58,89,61,96,92,101,77,73,89,45,78,56,66,81,95,68,50,79,36
[12146.677369] [AOA] Measurement: 0,1627139764.054214,08:55:31:9b:05:29,2,1,2,0,128,355,879,602,260,871,38,673,24,474,340,419,724,241,825,680,514,862,593,852,862,146,482,714,201,230,261,122,798,680,77,144,317,85,74,67,86,82,71,63,71,62,50,85,73,53,56,86,63,93,88,94,75,74,88,48,76,56,70,85,99,75,54,86,46
[12146.726135] [AOA] Measurement: 0,1627139764.102976,08:55:31:9b:05:29,2,1,2,0,128,938,117,18,367,780,975,59,835,898,111,807,485,728,608,210,343,812,590,866,830,140,411,192,30,842,463,659,3,243,289,248,305,92,83,77,95,89,76,70,75,67,53,91,76,58,58,93,67,100,97,106,82,79,97,52,84,61,75,92,108,79,58,89,48
[12146.770776] [AOA] Measurement: 0,1627139764.147616,08:55:31:9b:05:29,2,1,2,0,128,956,108,12,427,815,995,589,984,452,353,377,728,261,844,698,485,755,559,839,885,108,403,764,193,817,481,671,1008,137,267,684,684,96,85,76,95,91,76,66,73,66,54,89,75,54,58,91,68,101,95,104,81,80,97,51,80,60,75,91,106,81,58,89,51
[12146.815146] [AOA] Measurement: 0,1627139764.191989,08:55:31:9b:05:29,2,1,2,0,128,950,90,60,411,742,953,636,18,504,376,431,728,206,782,671,473,804,570,275,613,649,254,133,1013,861,497,647,1012,191,305,986,67,93,81,74,91,87,72,65,72,59,49,85,71,54,57,87,62,96,92,99,76,75,88,48,78,56,68,80,99,71,53,82,39
[12146.866529] [AOA] Measurement: 0,1627139764.243373,08:55:31:9b:05:29,2,1,2,0,128,419,964,8,421,848,1017,538,958,929,121,411,745,322,840,620,460,860,611,894,884,184,467,741,225,877,511,678,1005,162,277,159,339,87,78,71,89,81,69,63,69,61,50,85,73,52,55,86,63,94,88,92,70,72,90,46,76,53,67,83,98,75,54,79,46
[12146.913355] [AOA] Measurement: 0,1627139764.290201,08:55:31:9b:05:29,2,1,2,0,128,943,85,439,140,250,808,38,812,948,132,825,484,776,646,687,510,150,310,347,688,193,498,733,239,880,478,715,34,143,236,632,794,99,86,79,96,90,76,69,76,67,55,93,78,57,58,92,68,101,95,102,82,80,95,51,82,60,76,91,107,81,59,89,51
[12146.958508] [AOA] Measurement: 0,1627139764.335351,08:55:31:9b:05:29,2,1,2,0,128,952,144,55,405,831,1019,567,1,445,326,366,714,302,860,671,472,756,540,858,849,141,461,792,272,875,514,707,26,167,268,97,187,88,78,70,90,82,70,64,68,62,48,84,70,51,55,87,64,94,88,96,76,72,90,47,76,56,70,85,100,75,54,85,46
[12147.002150] [AOA] Measurement: 0,1627139764.378991,08:55:31:9b:05:29,2,1,2,0,128,435,964,69,417,265,815,71,841,954,148,343,691,276,810,112,287,224,315,267,615,630,281,162,6,347,287,60,790,663,84,140,367,94,83,75,93,89,76,69,72,67,54,93,78,57,60,92,69,100,95,104,80,81,97,51,81,60,73,90,105,80,59,90,50
[12147.053187] [AOA] Measurement: 0,1627139764.430028,08:55:31:9b:05:29,2,1,2,0,128,933,104,425,141,219,762,29,809,972,192,346,697,332,819,677,500,854,554,252,634,632,251,226,25,921,515,683,14,191,289,192,277,94,84,77,94,88,71,65,72,61,49,86,72,51,58,87,63,93,91,97,74,74,91,48,76,55,67,85,100,72,52,80,41
[12147.099615] [AOA] Measurement: 0,1627139764.476461,08:55:31:9b:05:29,2,1,2,0,128,424,924,500,199,307,794,667,36,450,352,833,534,283,826,100,287,302,420,303,650,638,270,170,29,312,259,695,26,187,254,588,679,76,72,60,79,72,67,61,65,60,49,78,69,52,53,79,62,85,81,82,69,68,82,47,71,55,68,79,91,72,53,78,44
[12147.145415] [AOA] Measurement: 0,1627139764.522256,08:55:31:9b:05:29,2,1,2,0,128,5,169,983,333,842,1002,39,834,948,152,335,649,711,599,84,235,242,373,828,853,226,506,828,327,832,479,603,984,657,86,636,761,89,77,68,87,82,68,63,68,61,50,82,72,52,55,86,62,88,86,90,70,72,88,47,75,56,71,84,97,75,55,83,48
[12147.196065] [AOA] Measurement: 0,1627139764.572908,08:55:31:9b:05:29,2,1,2,0,128,913,68,101,464,867,55,575,1020,457,359,377,721,236,792,642,464,850,654,905,906,175,503,746,240,872,538,623,984,168,257,1017,153,93,81,76,91,87,70,64,70,59,50,84,72,55,56,89,62,95,90,98,77,76,90,48,77,58,69,84,100,72,53,83,44
[12147.244092] [AOA] Measurement: 0,1627139764.620937,08:55:31:9b:05:29,2,1,2,0,128,991,98,25,396,796,958,94,838,481,362,380,712,352,840,609,448,201,335,282,619,603,284,177,25,291,246,36,787,650,73,292,359,85,76,68,85,81,69,64,68,61,49,85,72,51,53,85,63,92,89,93,73,71,88,46,74,55,68,82,95,73,55,83,45
[12147.288410] [AOA] Measurement: 0,1627139764.665255,08:55:31:9b:05:29,2,1,2,0,128,1006,153,41,417,840,1011,643,58,434,338,342,688,327,835,683,497,753,564,873,880,191,514,754,275,838,479,652,1015,133,237,618,744,95,83,76,91,86,71,64,73,61,48,85,71,54,56,89,63,94,91,102,77,73,86,45,75,55,67,79,98,68,50,81,37
[12147.333856] [AOA] Measurement: 0,1627139764.710699,08:55:31:9b:05:29,2,1,2,0,128,387,888,509,192,256,798,17,788,918,139,796,503,799,644,678,520,787,596,871,850,625,266,240,43,272,258,78,789,646,39,446,572,99,87,80,98,93,77,69,78,65,53,92,74,57,58,92,67,99,96,102,81,80,95,51,80,59,75,90,106,79,58,90,48
[12147.384553] [AOA] Measurement: 0,1627139764.761392,08:55:31:9b:05:29,2,1,2,0,128,939,81,524,211,865,1016,583,990,881,105,843,522,342,853,638,455,755,576,847,848,174,562,737,206,809,449,701,13,195,277,898,915,85,80,67,87,83,71,63,69,62,49,85,73,53,55,88,64,94,89,95,75,74,90,48,76,56,70,85,101,76,54,85,44
[12147.435306] [AOA] Measurement: 0,1627139764.812146,08:55:31:9b:05:29,2,1,2,0,128,975,108,1020,375,221,753,99,834,492,326,339,698,288,846,639,462,182,315,297,631,566,205,178,5,295,287,103,836,608,40,960,182,96,84,77,92,88,72,63,71,59,48,87,70,55,57,88,62,96,91,101,76,74,88,47,78,57,66,82,98,71,51,81,38
[12147.480273] [AOA] Measurement: 0,1627139764.857114,08:55:31:9b:05:29,2,1,2,0,128,979,156,21,437,821,991,603,13,458,329,345,734,313,852,678,468,818,609,922,871,257,514,770,241,860,500,631,1011,166,253,156,168,96,89,79,97,92,81,74,81,72,57,95,85,63,65,95,74,102,96,102,83,85,97,56,86,65,78,93,107,87,64,92,52
[12147.523853] [AOA] Measurement: 0,1627139764.900698,08:55:31:9b:05:29,2,1,2,0,128,1011,120,70,438,841,10,599,1019,481,344,336,698,257,824,663,491,779,564,825,798,638,289,717,216,866,471,669,1003,194,247,843,951,91,80,73,91,85,71,66,73,63,50,89,72,55,55,90,63,95,90,101,76,76,89,48,77,56,68,82,97,69,50,82,38
[12147.569708] [AOA] Measurement: 0,1627139764.946552,08:55:31:9b:05:29,2,1,2,0,128,1006,164,9,436,781,969,622,37,430,297,416,724,247,799,752,522,890,631,915,873,201,527,710,240,848,487,698,1012,159,286,243,283,93,83,73,93,87,74,68,72,65,54,88,74,53,58,89,67,98,92,96,78,76,94,49,78,58,74,89,103,80,58,88,51
[12147.617645] [AOA] Measurement: 0,1627139764.994486,08:55:31:9b:05:29,2,1,2,0,128,973,123,534,188,802,1018,580,990,947,126,855,537,721,609,157,341,775,564,833,833,150,446,795,271,825,477,120,851,165,269,163,314,90,79,74,90,87,71,65,73,63,51,88,73,54,56,89,63,95,91,97,77,75,90,48,77,55,70,84,100,75,54,83,44
[12147.657937] [AOA] Measurement: 0,1627139765.034781,08:55:31:9b:05:29,2,1,2,0,128,454,967,28,386,242,805,649,32,481,303,385,713,274,813,614,454,777,564,844,852,164,496,760,243,799,422,722,11,223,337,25,59,91,80,74,90,85,71,64,71,61,50,86,73,54,55,87,63,94,91,99,76,76,91,48,76,56,69,86,99,75,54,83,44
[12147.702556] [AOA] Measurement: 0,1627139765.079400,08:55:31:9b:05:29,2,1,2,0,128,888,47,493,177,228,767,100,856,469,341,389,706,310,860,689,481,838,598,869,843,198,517,760,275,768,410,659,992,678,77,756,905,73,69,60,77,71,65,59,61,59,47,75,68,48,51,74,60,81,75,77,67,67,80,46,69,51,66,77,88,73,52,75,49
[12147.745520] [AOA] Measurement: 0,1627139765.122360,08:55:31:9b:05:29,2,1,2,0,128,440,966,74,441,798,999,559,989,940,142,378,695,269,813,668,483,831,582,291,636,661,243,158,5,849,486,661,5,212,301,663,657,91,81,76,92,88,72,64,73,60,49,85,72,53,55,87,61,93,91,98,76,76,89,47,76,54,70,82,98,71,53,83,43
[12147.788446] [AOA] Measurement: 0,1627139765.165287,08:55:31:9b:05:29,2,1,2,0,128,911,90,58,432,814,971,625,19,468,356,320,699,251,817,128,335,851,595,848,861,101,405,826,341,858,506,694,986,164,275,630,616,80,73,64,84,75,68,60,64,60,48,77,68,48,50,79,61,89,81,83,70,71,84,44,72,53,68,82,92,75,55,82,50
[12147.832736] [AOA] Measurement: 0,1627139765.209576,08:55:31:9b:05:29,2,1,2,0,128,420,968,474,169,227,789,54,827,991,191,398,716,287,797,146,259,257,366,241,621,636,262,155,1,248,206,163,883,169,232,973,24,83,75,66,87,78,69,63,66,61,49,82,71,50,53,84,61,88,82,86,71,71,85,47,73,53,68,84,97,76,55,83,48
[12147.884358] [AOA] Measurement: 0,1627139765.261198,08:55:31:9b:05:29,2,1,2,0,128,915,67,515,209,783,975,626,1001,1000,188,376,710,746,593,208,322,747,555,837,813,636,273,762,259,842,445,648,1000,161,278,563,704,105,91,87,101,99,78,70,80,66,53,92,77,60,62,98,67,104,101,108,84,82,98,52,83,60,74,91,106,80,58,90,47
[12147.930954] [AOA] Measurement: 0,1627139765.307799,08:55:31:9b:05:29,2,1,2,0,128,361,888,595,258,840,1018,574,995,436,288,828,486,661,554,189,370,809,580,846,846,190,490,696,219,812,437,686,1010,133,266,660,748,92,83,76,91,89,71,64,74,60,49,86,72,55,56,90,63,96,93,104,77,73,89,47,79,56,68,81,97,68,50,79,37
[12147.975435] [AOA] Measurement: 0,1627139765.352280,08:55:31:9b:05:29,2,1,2,0,128,975,137,102,461,781,1012,600,18,427,328,330,666,783,611,106,227,233,332,295,675,610,238,769,260,849,458,696,11,223,298,754,874,88,78,72,88,83,71,63,71,62,50,84,72,53,55,86,63,93,89,95,74,74,88,47,75,56,70,85,98,76,54,83,45
[12148.019133] [AOA] Measurement: 0,1627139765.395974,08:55:31:9b:05:29,2,1,2,0,128,931,84,13,396,235,802,45,805,958,160,367,712,753,646,661,487,839,636,860,848,181,505,735,203,262,262,56,824,637,49,862,1000,91,84,74,91,85,73,64,72,61,51,84,71,54,55,88,64,95,92,99,76,74,89,47,76,56,69,84,99,73,54,83,44
[12148.067198] [AOA] Measurement: 0,1627139765.444041,08:55:31:9b:05:29,2,1,2,0,128,404,917,575,276,246,771,57,808,981,160,759,419,756,631,98,285,250,400,286,646,221,540,672,195,282,238,85,786,562,15,543,820,89,79,69,90,83,69,63,70,61,49,83,69,51,55,85,62,93,87,95,74,75,89,47,76,54,69,85,99,74,54,81,45
[12148.113960] [AOA] Measurement: 0,1627139765.490804,08:55:31:9b:05:29,2,1,2,0,128,934,116,5,396,867,9,587,17,466,345,343,689,714,612,662,473,798,579,902,863,165,455,733,231,795,424,100,810,669,94,805,95,92,81,75,92,87,73,65,71,63,50,85,74,55,57,88,64,94,91,99,76,75,90,48,76,56,70,83,98,73,54,83,44
[12148.155224] [AOA] Measurement: 0,1627139765.532064,08:55:31:9b:05:29,2,1,2,0,128,950,130,81,422,821,2,599,27,405,297,401,731,244,827,652,503,852,632,906,894,115,424,774,258,830,461,667,1017,158,232,333,455,91,78,73,89,86,71,64,71,61,49,88,73,53,55,85,63,94,88,97,74,74,88,48,78,55,68,81,99,72,52,82,41
[12148.198334] [AOA] Measurement: 0,1627139765.575175,08:55:31:9b:05:29,2,1,2,0,128,955,97,53,409,877,7,589,27,502,367,348,665,232,800,650,481,834,582,310,659,602,222,200,32,307,245,658,989,126,218,345,350,92,84,75,92,88,69,65,72,60,48,87,70,54,56,88,59,90,88,99,73,73,89,45,74,55,67,81,97,69,48,81,35
[12148.244246] [AOA] Measurement: 0,1627139765.621090,08:55:31:9b:05:29,2,1,2,0,128,872,72,537,263,800,946,53,843,952,151,369,719,304,815,629,436,787,575,896,876,139,472,743,248,836,492,683,1010,133,255,640,750,94,83,77,92,87,69,64,74,59,50,87,72,55,57,91,63,95,94,103,78,74,91,47,76,58,67,82,99,67,50,80,36
[12148.286663] [AOA] Measurement: 0,1627139765.663507,08:55:31:9b:05:29,2,1,2,0,128,976,148,63,445,817,1015,595,1,428,345,322,651,715,594,676,464,812,582,887,865,100,442,760,257,804,473,629,985,624,32,865,77,85,76,71,85,82,71,64,70,62,50,84,71,53,54,84,64,91,85,91,72,73,89,48,76,56,71,87,98,76,56,83,47
[12148.329606] [AOA] Measurement: 0,1627139765.706449,08:55:31:9b:05:29,2,1,2,0,128,918,83,103,391,814,994,606,1006,471,369,351,691,304,839,656,483,751,546,879,863,569,222,171,1002,253,227,121,835,179,268,38,135,95,85,76,96,89,77,69,76,68,55,91,79,58,61,94,70,98,92,98,81,79,97,50,80,59,75,90,104,81,60,92,50
[12148.374397] [AOA] Measurement: 0,1627139765.751242,08:55:31:9b:05:29,2,1,2,0,128,441,974,49,407,818,1017,541,979,949,149,761,452,691,555,102,283,275,420,258,600,665,297,159,5,242,250,98,810,658,85,43,93,88,81,70,89,85,72,64,70,62,51,86,72,55,57,87,63,94,90,96,75,75,90,47,76,56,69,82,97,74,54,83,45
[12148.423301] [AOA] Measurement: 0,1627139765.800144,08:55:31:9b:05:29,2,1,2,0,128,940,118,3,354,808,969,614,1005,489,354,400,709,263,811,651,460,246,360,849,846,181,473,761,249,838,481,667,988,215,269,930,1015,85,78,70,88,85,72,64,72,62,49,85,72,54,55,88,65,94,90,94,76,75,88,47,75,56,68,87,100,77,55,83,45
[12148.467718] [AOA] Measurement: 0,1627139765.844563,08:55:31:9b:05:29,2,1,2,0,128,379,938,535,240,844,6,622,1016,457,331,396,727,278,837,686,510,802,576,886,889,147,447,135,2,247,248,68,779,624,40,570,795,94,82,76,92,89,71,63,72,61,49,87,72,55,56,90,61,96,93,101,78,75,88,48,75,55,69,83,99,70,51,81,39
[12148.506786] [AOA] Measurement: 0,1627139765.883629,08:55:31:9b:05:29,2,1,2,0,128,1004,140,58,408,771,947,15,777,970,165,408,733,281,803,81,260,804,559,875,872,132,425,153,6,309,301,682,994,206,312,743,908,97,84,78,94,89,73,64,73,60,49,86,71,55,58,89,64,96,90,102,78,75,90,46,76,56,68,82,97,71,51,81,41
[12148.551255] [AOA] Measurement: 0,1627139765.928099,08:55:31:9b:05:29,2,1,2,0,128,969,136,72,410,847,15,539,7,435,321,404,712,314,798,711,495,790,526,781,842,664,247,766,239,853,504,598,985,197,289,1009,108,83,78,68,85,80,69,61,66,61,50,82,72,51,53,84,63,89,84,90,72,72,87,48,74,55,68,82,95,75,55,83,48
[12148.594116] [AOA] Measurement: 0,1627139765.970956,08:55:31:9b:05:29,2,1,2,0,128,942,86,71,419,902,50,629,36,472,350,327,679,327,842,678,468,820,603,892,858,140,416,732,220,870,506,682,8,109,239,920,28,82,74,63,84,77,68,62,67,61,50,81,70,51,51,82,59,89,85,87,70,73,89,48,73,54,69,85,99,77,55,84,46
[12148.648268] [AOA] Measurement: 0,1627139766.025112,08:55:31:9b:05:29,2,1,2,0,128,997,108,53,402,796,985,619,1022,470,352,349,708,281,802,78,272,278,385,340,678,671,313,773,271,804,433,676,1016,157,268,120,184,90,80,71,89,83,69,65,71,62,50,86,73,53,55,86,63,92,90,96,74,76,89,48,77,56,70,84,100,74,57,85,46
[12148.692398] [AOA] Measurement: 0,1627139766.069238,08:55:31:9b:05:29,2,1,2,0,128,971,129,81,439,835,16,632,12,486,362,333,666,711,578,82,242,217,333,276,635,159,456,817,265,839,423,663,1008,211,336,450,410,95,83,76,92,86,72,63,73,60,49,85,69,54,55,88,63,92,89,101,76,75,88,48,77,56,67,83,98,70,49,80,38
[12148.743539] [AOA] Measurement: 0,1627139766.120379,08:55:31:9b:05:29,2,1,2,0,128,993,150,46,427,817,1008,516,945,453,310,850,533,286,822,734,520,792,580,260,656,668,273,179,30,259,232,129,854,177,272,97,219,87,78,69,91,84,74,67,72,65,51,88,74,54,57,89,67,95,91,96,79,79,93,51,81,58,75,90,104,81,60,90,50
[12148.790196] [AOA] Measurement: 0,1627139766.167041,08:55:31:9b:05:29,2,1,2,0,128,907,101,45,403,767,948,663,4,488,362,350,719,305,843,660,466,825,563,913,910,179,471,699,221,854,492,656,986,191,263,86,44,90,80,74,91,86,71,64,72,63,51,88,72,53,57,88,63,91,89,95,76,75,89,48,76,56,69,85,100,74,55,84,48
[12148.834367] [AOA] Measurement: 0,1627139766.211211,08:55:31:9b:05:29,2,1,2,0,128,399,959,472,200,812,1020,650,1,456,357,340,675,742,616,68,255,799,584,858,853,200,475,714,212,805,435,688,14,153,230,775,836,96,87,77,97,91,76,70,75,66,53,92,78,59,60,95,68,103,98,104,81,80,97,50,84,60,75,91,107,81,58,89,48
[12148.886231] [AOA] Measurement: 0,1627139766.263075,08:55:31:9b:05:29,2,1,2,0,128,924,97,0,393,812,970,606,1019,916,111,417,749,274,818,724,514,889,647,864,847,190,509,705,238,821,457,640,980,215,286,594,618,89,78,70,88,84,69,64,71,62,49,85,73,53,54,88,62,93,87,94,74,74,89,47,75,55,70,84,97,75,55,84,46
[12148.933742] [AOA] Measurement: 0,1627139766.310581,08:55:31:9b:05:29,2,1,2,0,128,356,849,525,210,262,827,81,853,914,115,846,500,791,600,152,292,208,342,295,635,626,271,744,236,867,471,108,806,674,65,358,495,94,82,74,93,89,72,66,73,61,51,88,72,54,57,89,63,94,90,99,77,76,90,48,76,56,70,87,100,75,54,83,44
[12148.977004] [AOA] Measurement: 0,1627139766.353844,08:55:31:9b:05:29,2,1,2,0,128,952,64,61,405,253,814,46,835,920,123,804,476,729,614,113,256,902,623,234,618,651,285,747,231,843,471,673,1001,127,217,799,913,88,75,67,87,82,70,62,68,60,49,81,71,51,54,83,61,90,85,87,72,71,87,47,73,54,69,83,95,75,54,82,47
[12149.020144] [AOA] Measurement: 0,1627139766.396987,08:55:31:9b:05:29,2,1,2,0,128,373,942,63,450,766,981,51,850,966,139,384,741,263,797,640,441,812,574,830,838,195,488,711,201,210,213,108,826,627,22,31,212,97,90,82,99,95,78,75,83,68,55,94,81,64,66,97,70,102,100,108,83,83,97,53,85,64,76,87,106,75,58,84,42
[12149.067541] [AOA] Measurement: 0,1627139766.444385,08:55:31:9b:05:29,2,1,2,0,128,977,165,47,425,842,1015,595,997,893,123,397,739,230,801,76,242,218,349,909,914,178,490,776,263,897,518,659,1012,146,256,841,900,90,78,70,88,84,68,63,68,60,49,82,71,52,54,88,62,93,89,97,77,76,88,48,76,54,68,84,98,75,53,83,43
[12149.113134] [AOA] Measurement: 0,1627139766.489978,08:55:31:9b:05:29,2,1,2,0,128,930,105,2,412,763,936,662,6,437,329,419,748,244,784,746,524,797,560,838,828,626,266,196,16,324,321,61,794,618,22,148,272,94,84,77,92,88,71,65,74,61,50,86,73,54,58,86,63,95,90,99,77,75,89,48,77,55,68,83,100,71,52,80,41
[12149.156912] [AOA] Measurement: 0,1627139766.533757,08:55:31:9b:05:29,2,1,2,0,128,959,129,1001,384,803,983,53,815,460,329,333,685,276,860,653,452,230,395,290,676,596,231,783,255,856,479,675,2,200,313,697,763,97,85,77,96,91,76,70,76,67,55,92,78,57,59,94,69,100,94,103,81,79,95,51,81,57,74,91,106,83,59,89,51
[12149.208403] [AOA] Measurement: 0,1627139766.585242,08:55:31:9b:05:29,2,1,2,0,128,424,957,538,224,844,1016,98,830,876,117,800,450,780,606,133,271,300,410,347,638,240,507,710,218,888,488,656,992,192,275,163,168,97,87,80,96,93,75,70,76,65,51,91,76,58,60,96,67,102,98,107,82,81,98,50,84,59,72,89,106,78,55,87,43
[12149.253341] [AOA] Measurement: 0,1627139766.630185,08:55:31:9b:05:29,2,1,2,0,128,429,945,506,180,247,801,84,831,1008,193,366,711,251,771,102,257,192,329,288,658,617,255,782,280,825,458,701,15,77,239,724,765,89,81,72,89,86,71,63,72,63,50,87,72,55,57,90,65,93,91,97,77,76,91,49,78,56,69,83,100,74,51,83,44
[12149.303661] [AOA] Measurement: 0,1627139766.680503,08:55:31:9b:05:29,2,1,2,0,128,927,96,77,419,829,1002,541,982,497,402,356,728,318,857,745,530,803,547,830,807,210,521,697,201,856,453,700,1010,159,277,93,308,95,81,76,91,88,70,66,76,59,49,86,70,54,57,89,62,95,90,101,75,70,85,44,73,52,63,76,91,65,44,75,33
[12149.354624] [AOA] Measurement: 0,1627139766.731463,08:55:31:9b:05:29,2,1,2,0,128,369,920,505,207,219,782,60,794,920,110,768,422,717,584,170,303,121,259,198,572,634,278,118,986,331,328,719,15,91,237,1022,113,95,87,80,98,92,79,71,77,70,56,92,80,62,63,95,70,101,98,103,85,84,99,54,85,67,78,94,108,83,62,91,52
[12149.399691] [AOA] Measurement: 0,1627139766.776538,08:55:31:9b:05:29,2,1,2,0,128,898,74,1019,369,811,1010,74,852,945,133,322,663,751,611,127,269,217,382,253,614,622,266,143,1006,332,272,74,811,625,48,517,715,86,77,68,87,84,72,64,70,62,51,83,72,51,56,85,62,91,87,92,74,72,87,48,74,53,68,83,97,75,55,83,46
[12149.443228] [AOA] Measurement: 0,1627139766.820073,08:55:31:9b:05:29,2,1,2,0,128,473,998,26,404,810,992,663,23,471,337,306,650,797,681,706,518,820,607,767,805,666,276,719,214,305,297,663,999,223,294,544,539,88,80,73,91,86,70,64,73,62,50,85,73,53,57,87,63,93,88,98,75,75,89,49,75,57,69,85,97,76,54,84,45
[12149.486472] [AOA] Measurement: 0,1627139766.863317,08:55:31:9b:05:29,2,1,2,0,128,427,948,455,151,276,783,66,829,885,101,813,503,781,624,146,307,223,366,888,860,181,443,695,189,288,293,82,775,670,46,962,185,89,78,70,88,81,69,62,70,61,50,86,72,54,56,86,64,93,91,96,75,74,89,49,76,57,70,85,101,74,54,83,44
[12149.524970] [AOA] Measurement: 0,1627139766.901815,08:55:31:9b:05:29,2,1,2,0,128,959,95,29,433,794,1001,38,801,926,114,827,491,738,596,719,500,161,317,270,626,633,259,181,38,822,429,694,1006,192,291,461,583,94,86,75,93,88,71,65,72,62,49,88,74,54,58,90,63,96,92,99,77,75,89,46,76,55,67,83,100,69,51,81,41
[12149.568285] [AOA] Measurement: 0,1627139766.945130,08:55:31:9b:05:29,2,1,2,0,128,941,117,463,172,217,803,77,848,499,370,286,636,707,581,142,292,787,551,290,626,643,239,160,999,290,278,641,1001,630,63,494,650,88,78,70,89,82,70,64,69,63,48,87,72,52,55,85,62,92,87,92,74,73,87,48,73,55,69,85,98,76,56,85,48
[12149.611747] [AOA] Measurement: 0,1627139766.988592,08:55:31:9b:05:29,2,1,2,0,128,351,911,531,203,172,732,127,845,944,144,367,711,264,805,112,283,214,356,321,677,623,281,214,15,311,266,74,809,618,69,401,590,83,73,68,83,79,68,63,68,60,48,80,68,53,54,81,62,86,83,87,72,71,83,47,73,55,66,80,91,71,53,78,42
[12149.651093] [AOA] Measurement: 0,1627139767.027932,08:55:31:9b:05:29,2,1,2,0,128,974,117,13,367,883,31,625,27,408,299,353,710,350,852,782,592,805,615,838,861,145,420,637,140,787,424,659,985,132,246,179,243,81,75,66,84,78,68,62,65,62,50,83,72,50,55,84,62,88,82,87,70,72,85,47,72,54,70,83,95,75,56,83,49
[12149.701708] [AOA] Measurement: 0,1627139767.078554,08:55:31:9b:05:29,2,1,2,0,128,925,111,73,405,860,16,593,1010,453,345,299,660,720,621,675,467,264,407,846,847,633,290,743,232,908,503,724,24,196,274,85,85,92,83,76,91,86,71,64,72,61,50,85,71,53,56,86,64,94,90,100,77,75,90,48,77,58,70,85,101,73,52,82,40
[12149.751038] [AOA] Measurement: 0,1627139767.127879,08:55:31:9b:05:29,2,1,2,0,128,942,114,46,391,820,1000,16,797,890,111,828,510,714,594,66,245,279,373,343,656,212,520,762,251,857,473,670,6,162,253,658,803,94,82,79,94,89,71,63,75,59,48,86,70,55,56,90,61,92,90,100,76,72,87,45,75,53,65,78,93,64,46,76,33
[12149.799512] [AOA] Measurement: 0,1627139767.176356,08:55:31:9b:05:29,2,1,2,0,128,431,978,64,429,843,0,670,29,424,282,873,515,741,625,105,278,309,420,286,625,682,301,189,35,233,257,705,16,179,285,545,622,82,74,67,86,81,70,63,67,60,51,82,72,52,52,84,63,91,83,88,71,70,88,47,74,54,68,82,95,76,56,82,48
[12149.845162] [AOA] Measurement: 0,1627139767.222003,08:55:31:9b:05:29,2,1,2,0,128,1010,128,1014,328,758,1003,20,806,966,161,327,649,750,600,113,254,168,326,299,647,651,270,762,244,879,483,678,16,181,244,883,954,95,86,76,96,91,76,67,74,64,52,91,75,57,59,93,67,102,96,102,82,81,96,49,82,59,72,90,104,81,56,89,49
[12149.916811] [AOA] Measurement: 0,1627139767.293656,08:55:31:9b:05:29,2,1,2,0,128,899,54,576,259,815,1013,592,1016,505,382,390,740,345,842,641,422,216,329,288,646,576,227,207,47,882,464,693,1002,152,263,163,271,89,81,73,91,83,70,64,72,62,50,88,73,56,57,90,64,97,91,99,74,74,91,48,77,56,69,84,100,72,51,83,41
[12149.961593] [AOA] Measurement: 0,1627139767.338439,08:55:31:9b:05:29,2,1,2,0,128,976,115,65,415,824,993,634,39,492,373,377,728,231,822,663,479,833,604,807,840,168,484,690,179,873,482,695,7,157,251,238,321,83,77,67,84,78,68,62,67,61,50,80,72,51,54,81,62,88,81,85,70,72,84,46,73,53,68,82,94,76,55,82,51
[12150.012542] [AOA] Measurement: 0,1627139767.389383,08:55:31:9b:05:29,2,1,2,0,128,940,87,32,430,802,986,631,44,388,302,356,741,256,807,663,491,819,572,841,838,179,489,763,246,832,496,628,964,677,100,568,693,95,86,78,94,90,71,65,75,60,49,87,72,56,57,90,62,95,90,101,75,75,89,45,76,56,68,82,100,70,49,79,38
[12150.060081] [AOA] Measurement: 0,1627139767.436925,08:55:31:9b:05:29,2,1,2,0,128,961,122,3,374,242,796,679,50,478,363,301,646,776,637,124,277,217,343,338,672,183,483,741,247,767,430,82,804,681,112,153,309,91,80,72,89,87,72,65,72,62,50,86,72,55,56,88,63,95,92,100,76,77,91,47,78,56,68,83,99,74,52,81,38
[12150.098536] [AOA] Measurement: 0,1627139767.475382,08:55:31:9b:05:29,2,1,2,0,128,919,123,69,421,848,7,627,25,404,303,375,744,328,864,687,487,831,620,847,855,195,510,636,153,293,242,681,1005,167,265,314,440,93,82,75,92,87,72,64,71,62,48,86,71,55,56,89,63,95,91,99,76,75,89,46,76,56,68,84,100,71,52,81,41
[12150.145177] [AOA] Measurement: 0,1627139767.522017,08:55:31:9b:05:29,2,1,2,0,128,890,75,27,367,255,799,60,870,478,328,357,738,293,830,782,622,785,563,876,866,257,530,749,203,886,471,734,37,140,278,984,11,90,78,70,88,84,70,63,70,60,48,87,69,54,57,88,64,95,89,99,75,74,89,48,78,55,67,84,99,73,51,80,41
[12150.193403] [AOA] Measurement: 0,1627139767.570249,08:55:31:9b:05:29,2,1,2,0,128,12,157,80,412,838,0,586,1005,887,135,360,718,756,626,138,286,836,611,832,846,210,498,691,240,861,504,681,995,198,270,654,517,89,80,71,89,86,70,64,71,61,49,86,72,52,56,85,63,92,88,94,74,74,86,46,75,55,70,82,97,74,53,83,45
[12150.243950] [AOA] Measurement: 0,1627139767.620791,08:55:31:9b:05:29,2,1,2,0,128,928,123,53,412,769,976,43,831,486,336,760,455,252,783,146,287,219,401,846,872,227,522,763,208,888,472,637,1001,166,249,443,515,93,80,76,93,87,73,65,74,62,50,86,72,55,56,88,64,91,89,97,77,76,90,48,76,57,70,84,100,75,56,85,44
[12150.296004] [AOA] Measurement: 0,1627139767.672843,08:55:31:9b:05:29,2,1,2,0,128,904,106,71,420,816,973,640,36,514,409,398,737,292,855,657,452,835,602,888,865,206,518,795,280,886,516,686,1019,138,253,653,746,85,80,68,89,85,71,64,71,63,50,85,73,53,56,88,64,95,92,100,76,76,91,48,78,56,70,84,98,74,51,82,43
[12150.341918] [AOA] Measurement: 0,1627139767.718762,08:55:31:9b:05:29,2,1,2,0,128,404,943,543,246,770,984,648,11,506,344,371,694,310,849,645,454,796,553,263,632,602,222,193,15,332,321,681,980,656,96,656,701,91,80,73,89,85,71,64,70,61,51,85,72,53,55,86,63,94,87,93,75,76,89,48,76,55,69,84,98,75,55,83,45
[12150.380749] [AOA] Measurement: 0,1627139767.757593,08:55:31:9b:05:29,2,1,2,0,128,898,80,68,412,823,972,576,993,453,292,446,721,367,909,719,508,841,624,747,740,621,227,205,31,270,283,94,808,612,65,844,900,80,72,61,82,76,68,60,64,60,49,81,70,51,53,80,62,86,81,83,69,70,87,45,70,53,68,83,93,77,54,82,48
[12150.425061] [AOA] Measurement: 0,1627139767.801904,08:55:31:9b:05:29,2,1,2,0,128,929,91,86,453,823,975,711,63,471,362,299,661,282,804,708,529,835,586,833,821,121,444,184,15,827,437,119,806,191,266,256,307,92,79,73,91,86,71,65,70,62,50,85,72,54,56,87,63,97,92,99,77,77,92,47,77,57,70,87,100,75,56,85,43
[12150.468350] [AOA] Measurement: 0,1627139767.845195,08:55:31:9b:05:29,2,1,2,0,128,359,919,468,160,262,828,114,846,941,154,861,524,285,841,635,435,768,555,276,634,690,313,171,26,922,527,655,11,146,283,921,969,91,82,73,93,89,75,69,75,68,54,91,79,56,57,91,66,95,90,97,78,80,94,51,80,60,75,90,106,83,59,89,50
[12150.511811] [AOA] Measurement: 0,1627139767.888655,08:55:31:9b:05:29,2,1,2,0,128,442,936,474,159,222,772,88,833,897,111,841,487,343,839,679,484,827,609,281,622,580,219,148,36,245,223,183,873,589,35,424,753,88,80,71,89,85,69,64,70,62,50,85,73,54,55,89,65,94,90,97,76,75,91,46,75,56,69,83,99,75,54,83,44
[12150.551502] [AOA] Measurement: 0,1627139767.928341,08:55:31:9b:05:29,2,1,2,0,128,431,944,1022,364,771,996,630,6,432,315,388,722,241,818,626,441,836,575,315,636,632,286,182,9,277,234,107,814,646,95,778,1002,80,73,63,82,75,67,60,64,60,48,81,69,49,52,81,60,88,82,88,70,70,86,46,72,54,68,82,94,75,54,82,47
[12150.593742] [AOA] Measurement: 0,1627139767.970586,08:55:31:9b:05:29,2,1,2,0,128,987,162,48,425,787,979,636,20,488,373,403,766,300,834,645,464,817,590,855,841,202,495,732,240,835,477,624,983,214,317,699,732,91,81,74,91,88,72,64,71,62,51,84,73,53,55,88,64,96,91,99,78,76,90,49,77,56,69,83,98,74,54,83,45
[12150.637501] [AOA] Measurement: 0,1627139768.014345,08:55:31:9b:05:29,2,1,2,0,128,907,54,35,387,213,798,42,815,891,128,789,424,740,610,67,243,209,336,253,614,652,275,171,33,276,220,103,813,669,72,400,506,93,83,76,91,88,70,65,72,61,51,86,71,53,54,88,62,97,91,101,79,76,92,48,79,55,68,83,98,72,51,79,39
[12150.680827] [AOA] Measurement: 0,1627139768.057671,08:55:31:9b:05:29,2,1,2,0,128,968,137,50,401,828,1003,644,59,447,335,312,630,756,612,167,298,891,605,915,881,159,464,705,209,850,469,588,971,206,307,536,695,94,82,75,92,91,73,64,72,62,50,86,71,55,57,90,62,95,91,97,75,73,88,46,76,55,68,80,97,69,51,79,37
[12150.719691] [AOA] Measurement: 0,1627139768.096535,08:55:31:9b:05:29,2,1,2,0,128,964,63,1023,395,870,2,643,42,541,420,332,671,239,778,103,223,840,585,872,825,209,506,184,3,310,276,123,806,661,37,697,869,87,81,73,92,84,71,65,72,62,50,85,74,54,55,87,63,95,91,98,76,75,89,47,78,55,70,85,100,73,52,81,41
[12150.758192] [AOA] Measurement: 0,1627139768.135035,08:55:31:9b:05:29,2,1,2,0,128,996,133,22,411,270,828,624,18,462,322,320,680,273,833,666,455,784,557,834,870,612,261,180,46,270,254,156,834,618,71,800,873,92,81,75,91,86,71,66,71,61,48,85,72,54,57,88,64,95,92,96,77,74,90,48,75,55,67,84,100,77,56,84,47
[12150.801543] [AOA] Measurement: 0,1627139768.178387,08:55:31:9b:05:29,2,1,2,0,128,981,137,993,344,822,995,65,839,463,341,340,635,789,627,111,272,294,399,310,651,203,512,713,201,800,438,665,984,601,28,128,300,93,86,76,94,90,78,73,77,70,57,93,81,62,63,95,71,98,97,97,82,84,97,55,85,64,78,95,108,86,64,91,54
[12150.840220] [AOA] Measurement: 0,1627139768.217059,08:55:31:9b:05:29,2,1,2,0,128,421,945,506,202,218,766,123,891,917,130,823,488,696,539,106,216,208,340,276,635,598,257,159,27,321,285,85,814,613,44,243,450,88,80,73,89,85,71,64,71,61,51,85,72,54,56,86,62,93,87,96,76,75,90,49,79,56,70,86,101,75,55,83,46
[12150.883848] [AOA] Measurement: 0,1627139768.260687,08:55:31:9b:05:29,2,1,2,0,128,905,94,518,187,753,963,75,831,534,369,404,739,207,732,87,256,193,307,297,629,579,217,147,1009,281,239,636,993,182,261,964,70,91,80,74,90,86,70,64,70,61,50,83,72,53,56,86,61,91,89,95,76,73,90,48,76,55,69,84,99,73,53,81,41
[12150.935435] [AOA] Measurement: 0,1627139768.312274,08:55:31:9b:05:29,2,1,2,0,128,947,94,21,404,822,972,110,868,946,142,347,669,752,587,136,281,270,374,330,664,623,290,205,64,854,460,762,22,142,240,519,554,89,79,72,89,83,70,65,68,61,50,85,73,53,55,88,64,94,88,94,75,75,89,47,75,56,69,82,100,73,56,84,45
[12150.980531] [AOA] Measurement: 0,1627139768.357374,08:55:31:9b:05:29,2,1,2,0,128,435,914,484,167,243,790,72,816,909,115,810,472,291,809,671,466,215,348,250,646,634,274,178,63,286,243,134,818,707,89,726,892,94,84,78,94,89,71,64,74,61,49,86,73,55,57,90,62,95,93,98,76,76,86,47,77,54,67,79,97,70,52,80,40
[12151.024491] [AOA] Measurement: 0,1627139768.401336,08:55:31:9b:05:29,2,1,2,0,128,982,120,994,360,276,817,609,10,447,283,357,713,733,603,120,312,185,318,319,665,204,506,780,259,853,497,678,1007,217,303,560,618,81,73,63,84,76,67,61,65,60,50,80,71,51,52,82,61,86,81,87,68,71,87,45,74,55,68,82,97,77,55,82,48
[12151.069198] [AOA] Measurement: 0,1627139768.446038,08:55:31:9b:05:29,2,1,2,0,128,964,90,37,401,825,970,43,818,938,148,329,690,278,786,72,265,183,311,254,668,663,270,712,200,282,244,635,985,678,101,669,777,91,80,75,92,88,71,65,73,62,50,87,72,54,58,90,64,95,90,98,77,74,90,48,78,55,69,84,98,72,52,82,43
[12151.115314] [AOA] Measurement: 0,1627139768.492154,08:55:31:9b:05:29,2,1,2,0,128,387,928,583,277,831,3,641,10,465,332,339,723,289,819,738,565,864,612,888,887,176,455,679,185,298,278,129,837,155,256,443,603,90,79,72,87,85,71,65,69,61,50,87,74,55,55,87,64,95,90,96,75,77,89,48,77,57,71,85,99,74,56,82,46
[12151.165936] [AOA] Measurement: 0,1627139768.542776,08:55:31:9b:05:29,2,1,2,0,128,923,102,483,182,839,1012,613,1021,498,362,402,771,254,830,616,411,223,344,311,646,633,248,164,1019,274,235,114,830,180,282,649,732,88,78,70,87,83,69,64,70,62,50,88,73,55,56,89,63,95,91,99,77,77,91,48,78,57,68,82,99,72,52,82,40
[12151.206673] [AOA] Measurement: 0,1627139768.583518,08:55:31:9b:05:29,2,1,2,0,128,948,121,1018,381,822,999,633,1010,481,347,327,673,741,612,103,285,287,416,861,855,167,458,784,254,848,473,77,792,621,48,674,953,87,78,70,85,83,70,63,69,61,50,83,72,53,53,82,60,90,84,88,73,72,86,45,73,53,68,83,97,78,54,84,48
[12151.256238] [AOA] Measurement: 0,1627139768.633078,08:55:31:9b:05:29,2,1,2,0,128,351,948,472,177,230,759,49,797,911,109,785,448,762,630,136,239,196,353,326,680,220,518,717,240,869,489,616,977,648,82,117,265,87,77,71,88,85,71,63,68,62,50,86,72,53,54,86,62,93,87,95,73,73,89,49,75,56,69,85,99,76,54,84,46
[12151.300512] [AOA] Measurement: 0,1627139768.677357,08:55:31:9b:05:29,2,1,2,0,128,956,80,31,425,808,996,591,5,417,318,364,750,271,828,629,453,884,665,842,870,60,432,798,268,822,493,685,1002,87,208,37,175,86,79,69,86,81,70,63,69,62,49,83,73,51,54,87,64,92,87,90,73,74,88,48,74,55,69,84,95,74,56,81,49
[12151.344193] [AOA] Measurement: 0,1627139768.721039,08:55:31:9b:05:29,2,1,2,0,128,355,875,460,151,869,18,557,1023,458,301,321,654,295,800,722,554,767,581,768,816,182,454,788,244,943,551,704,8,166,271,79,128,80,74,66,82,76,66,62,66,60,49,78,69,52,53,78,60,84,81,83,71,69,83,46,72,54,66,80,91,71,53,77,44
[12151.387555] [AOA] Measurement: 0,1627139768.764399,08:55:31:9b:05:29,2,1,2,0,128,949,124,79,389,844,1015,589,990,11,182,300,680,200,748,120,301,238,382,310,650,590,254,178,1022,274,262,138,848,229,298,17,56,86,78,69,88,82,69,61,68,60,49,83,72,52,54,86,62,92,88,95,74,73,87,47,76,54,68,84,98,76,55,81,47
[12151.433180] [AOA] Measurement: 0,1627139768.810019,08:55:31:9b:05:29,2,1,2,0,128,348,891,536,201,274,796,60,806,953,129,830,476,748,633,68,232,251,380,320,659,634,271,777,241,871,474,691,6,629,26,703,876,95,82,77,94,90,72,66,75,63,50,87,73,54,56,90,64,96,90,98,77,74,89,47,78,56,70,84,100,73,53,82,40
