
[13831.785070] [AOA] Measurement: 0,1627141449.161901,08:55:31:9b:05:29,2,1,2,0,128,158,537,136,981,282,828,983,666,370,318,333,636,253,8,675,647,1010,949,945,551,1017,404,69,1013,253,761,111,965,633,264,183,668,70,54,54,82,64,64,60,49,50,84,59,57,54,42,70,73,74,66,51,71,29,57,20,35,41,46,52,56,60,52,73,82
[13831.823761] [AOA] Measurement: 0,1627141449.200591,08:55:31:9b:05:29,2,1,2,0,128,134,459,171,985,258,790,24,665,940,510,889,780,279,39,673,683,597,168,907,494,457,195,81,12,753,574,556,776,256,509,645,20,71,54,53,80,63,64,60,49,51,85,61,60,55,43,70,74,74,66,50,71,28,59,21,37,45,48,54,58,64,55,76,87
[13831.865213] [AOA] Measurement: 0,1627141449.242039,08:55:31:9b:05:29,2,1,2,0,128,682,699,666,101,237,807,987,626,430,368,866,768,325,108,730,707,596,188,499,697,1010,429,83,1019,709,563,568,746,720,343,778,62,66,48,48,73,60,59,56,43,47,77,55,58,50,42,66,72,68,61,47,66,27,55,21,37,41,47,51,56,60,51,72,81
[13831.910078] [AOA] Measurement: 0,1627141449.286903,08:55:31:9b:05:29,2,1,2,0,128,721,771,776,187,766,1013,548,860,361,291,379,629,728,839,776,738,607,205,574,788,92,482,729,238,346,819,49,922,277,593,732,6,72,54,55,82,66,67,62,51,52,87,62,60,56,43,71,76,75,67,52,72,30,59,22,37,43,48,55,59,63,53,75,86
[13831.954418] [AOA] Measurement: 0,1627141449.331247,08:55:31:9b:05:29,2,1,2,0,128,808,777,723,198,816,1022,486,795,290,296,285,552,733,864,144,492,1007,981,507,711,54,458,619,241,252,749,131,982,228,560,74,360,70,54,53,80,63,64,59,49,50,83,60,59,54,41,68,74,71,66,49,70,29,58,21,36,43,47,54,56,61,52,72,82
[13831.999159] [AOA] Measurement: 0,1627141449.375989,08:55:31:9b:05:29,2,1,2,0,128,718,718,730,159,862,17,598,882,917,516,930,824,718,859,718,682,603,201,438,707,461,213,60,8,745,575,75,981,220,516,998,364,70,54,54,79,63,63,60,49,50,84,60,54,53,40,65,69,70,65,47,66,27,53,20,31,39,43,48,52,55,46,64,73
[13832.043644] [AOA] Measurement: 0,1627141449.420469,08:55:31:9b:05:29,2,1,2,0,128,746,736,240,30,771,980,599,900,341,298,297,614,738,833,138,472,989,942,936,501,471,225,87,11,711,518,567,774,724,341,296,567,82,63,64,93,71,71,69,58,58,95,68,62,62,46,78,80,79,73,57,78,30,62,22,36,44,49,57,60,61,52,74,85
[13832.093775] [AOA] Measurement: 0,1627141449.470600,08:55:31:9b:05:29,2,1,2,0,128,734,760,770,166,844,1023,557,846,990,599,888,805,721,880,728,704,542,152,499,722,46,450,690,263,244,738,516,757,735,350,998,331,81,63,65,93,74,74,68,56,59,98,70,68,65,49,80,84,87,78,58,82,33,66,26,42,50,54,62,66,70,60,84,95
[13832.140185] [AOA] Measurement: 0,1627141449.517015,08:55:31:9b:05:29,2,1,2,0,128,707,742,128,961,282,829,986,640,307,294,895,839,202,1022,695,642,1018,976,509,714,463,223,11,960,705,526,486,706,622,262,174,774,69,52,53,79,62,62,59,48,49,83,59,59,54,42,68,72,72,65,49,70,28,58,22,36,43,48,55,59,61,54,75,86
[13832.184530] [AOA] Measurement: 0,1627141449.561360,08:55:31:9b:05:29,2,1,2,0,128,707,727,846,226,852,17,544,881,921,518,831,766,230,17,689,646,594,235,500,702,483,243,121,42,281,775,542,766,211,536,662,976,70,54,53,80,65,65,60,49,49,83,58,57,52,41,67,71,71,66,49,69,28,56,21,34,42,45,52,55,58,52,73,83
[13832.231576] [AOA] Measurement: 0,1627141449.608408,08:55:31:9b:05:29,2,1,2,0,128,686,705,722,183,787,964,0,655,358,332,857,761,704,870,68,405,13,1005,908,465,461,178,12,981,703,539,521,731,617,222,186,685,64,47,46,71,56,59,55,42,46,77,53,59,50,40,64,68,66,59,47,66,28,54,21,37,42,48,51,57,60,53,73,82
[13832.274420] [AOA] Measurement: 0,1627141449.651251,08:55:31:9b:05:29,2,1,2,0,128,747,731,680,117,213,780,1017,615,377,274,201,510,717,860,181,510,15,1012,520,739,502,259,649,244,209,758,49,922,628,283,174,692,69,53,54,82,66,65,61,48,52,85,61,59,55,43,69,74,75,67,50,71,28,59,22,37,44,48,55,58,61,53,73,83
[13832.317568] [AOA] Measurement: 0,1627141449.694400,08:55:31:9b:05:29,2,1,2,0,128,745,740,165,989,831,1012,575,889,930,524,869,783,697,829,145,434,1021,963,940,516,478,210,103,1012,671,513,565,764,674,297,707,977,68,52,52,79,61,63,59,47,49,83,59,58,53,41,68,73,73,66,50,71,29,57,21,35,41,47,53,57,61,52,71,82
[13832.361160] [AOA] Measurement: 0,1627141449.737989,08:55:31:9b:05:29,2,1,2,0,128,771,781,745,149,867,11,584,891,894,527,902,832,306,87,742,703,560,169,572,772,64,431,613,247,294,764,176,71,248,553,857,57,69,51,54,80,63,61,58,49,51,84,60,57,53,41,69,73,71,66,48,71,27,58,20,36,44,48,55,58,60,53,74,85
[13832.399570] [AOA] Measurement: 0,1627141449.776398,08:55:31:9b:05:29,2,1,2,0,128,726,772,688,145,804,970,605,888,913,521,873,814,225,17,728,694,572,181,506,708,497,240,74,17,706,532,541,753,672,315,527,950,60,44,43,67,53,55,52,38,41,68,50,54,47,37,60,65,62,56,43,58,25,51,20,35,38,45,47,55,56,48,69,75
[13832.443061] [AOA] Measurement: 0,1627141449.819886,08:55:31:9b:05:29,2,1,2,0,128,177,528,797,177,834,992,545,868,911,513,889,806,253,22,116,456,57,1011,547,765,70,475,667,197,225,718,91,940,718,336,295,671,70,52,54,83,65,65,60,50,50,85,61,61,56,42,70,76,74,69,51,70,29,57,21,37,42,47,53,58,61,55,75,86
[13832.492961] [AOA] Measurement: 0,1627141449.869787,08:55:31:9b:05:29,2,1,2,0,128,778,780,186,984,814,976,17,672,321,274,943,844,264,19,651,654,606,175,471,700,446,231,140,51,287,785,548,740,781,335,78,483,66,48,47,75,60,61,57,46,47,79,55,60,53,40,65,71,70,62,47,65,28,55,21,37,42,47,52,58,62,52,72,82
[13832.538930] [AOA] Measurement: 0,1627141449.915760,08:55:31:9b:05:29,2,1,2,0,128,135,469,176,998,261,794,34,678,353,314,853,771,706,839,99,459,21,980,917,462,446,168,93,32,720,579,578,791,223,514,477,876,69,53,54,78,63,63,58,48,50,83,60,55,54,41,69,71,71,65,51,71,28,55,20,34,40,44,50,54,57,49,69,78
[13832.582683] [AOA] Measurement: 0,1627141449.959513,08:55:31:9b:05:29,2,1,2,0,128,736,749,704,130,785,999,575,867,902,493,919,831,263,0,694,708,604,231,531,753,41,414,674,217,203,698,99,971,622,281,932,345,69,51,50,78,62,63,59,47,48,82,59,60,54,42,67,73,73,66,49,70,29,55,21,37,43,48,53,58,61,53,76,86
[13832.625015] [AOA] Measurement: 0,1627141450.001840,08:55:31:9b:05:29,2,1,2,0,128,759,728,702,139,817,982,517,872,338,320,337,571,725,837,144,452,33,995,533,743,520,212,47,1012,761,587,529,747,772,359,852,136,68,51,55,80,63,65,60,48,51,85,60,60,55,43,71,75,76,69,50,72,29,57,21,37,43,47,54,58,62,53,75,85
[13832.669981] [AOA] Measurement: 0,1627141450.046808,08:55:31:9b:05:29,2,1,2,0,128,170,538,160,1000,804,955,1012,655,407,336,833,761,254,21,693,664,521,178,461,695,1007,407,105,39,721,548,505,734,638,263,941,401,83,60,61,93,75,75,70,57,59,98,70,70,64,50,82,87,86,76,59,84,33,66,25,43,50,56,65,68,72,62,86,98
[13832.713111] [AOA] Measurement: 0,1627141450.089937,08:55:31:9b:05:29,2,1,2,0,128,740,733,743,153,773,956,586,871,921,495,919,791,752,860,168,498,600,208,956,508,457,214,44,1004,727,526,552,730,290,546,911,249,68,52,53,79,62,64,58,46,48,80,58,58,53,41,67,71,72,64,49,69,29,57,22,37,41,48,52,56,61,53,74,84
[13832.764002] [AOA] Measurement: 0,1627141450.140828,08:55:31:9b:05:29,2,1,2,0,128,761,751,721,159,798,972,536,831,972,563,920,831,290,41,643,629,594,145,494,714,481,222,615,203,318,814,88,989,250,523,46,405,69,54,54,79,64,64,59,50,50,83,61,53,53,39,67,68,68,65,48,70,27,52,19,30,38,42,47,51,55,46,64,74
[13832.803852] [AOA] Measurement: 0,1627141450.180682,08:55:31:9b:05:29,2,1,2,0,128,776,767,742,166,793,1006,938,626,432,376,310,566,745,845,739,716,533,129,550,740,31,416,719,262,323,806,154,0,211,550,703,901,68,51,52,79,61,63,58,46,47,81,57,59,54,42,69,74,73,66,47,71,27,58,22,37,44,48,55,59,62,53,76,86
[13832.842254] [AOA] Measurement: 0,1627141450.219085,08:55:31:9b:05:29,2,1,2,0,128,741,731,728,117,204,786,48,705,877,475,385,644,736,841,142,482,28,991,1006,523,552,278,611,228,271,761,50,949,224,523,952,160,79,60,65,91,74,74,69,58,58,96,70,62,62,44,77,78,80,75,56,77,31,62,21,36,43,47,57,58,62,53,71,83
[13832.881318] [AOA] Measurement: 0,1627141450.258143,08:55:31:9b:05:29,2,1,2,0,128,159,548,152,1006,801,979,569,861,861,455,381,615,612,781,145,459,33,2,448,681,507,211,133,72,757,544,96,994,178,526,31,304,66,49,47,74,60,60,57,46,48,77,56,59,52,42,67,71,70,63,47,68,28,56,22,37,41,47,54,56,62,53,75,84
[13832.926151] [AOA] Measurement: 0,1627141450.302978,08:55:31:9b:05:29,2,1,2,0,128,737,762,762,222,807,972,580,864,939,528,819,760,700,843,160,445,47,1011,979,575,29,476,621,189,261,790,123,975,210,530,466,760,72,53,54,82,65,65,60,49,49,83,60,58,53,43,69,74,73,67,49,71,28,56,21,36,41,45,52,57,59,51,72,82
[13832.972662] [AOA] Measurement: 0,1627141450.349491,08:55:31:9b:05:29,2,1,2,0,128,747,794,696,107,226,764,981,625,434,346,328,641,275,51,660,638,5,1013,506,730,498,270,87,42,294,795,93,977,235,507,820,101,70,51,54,79,66,64,59,49,50,84,59,56,55,42,69,74,74,66,51,73,28,58,22,37,43,46,53,58,61,52,72,84
[13833.013282] [AOA] Measurement: 0,1627141450.390110,08:55:31:9b:05:29,2,1,2,0,128,688,696,694,149,269,815,1005,657,415,342,910,821,278,70,706,691,634,235,414,695,49,464,616,206,269,777,82,960,229,511,721,76,61,43,44,67,53,56,52,40,41,71,50,55,49,39,63,67,67,58,45,63,27,54,22,37,42,47,52,57,61,50,73,80
[13833.059138] [AOA] Measurement: 0,1627141450.435969,08:55:31:9b:05:29,2,1,2,0,128,202,518,103,947,237,767,998,640,461,356,334,616,792,886,114,465,78,3,507,759,24,421,673,232,232,695,567,775,712,359,176,606,70,52,52,80,63,64,59,48,50,84,58,60,55,43,70,72,72,67,50,70,29,57,21,37,43,49,54,58,63,52,75,86
[13833.103356] [AOA] Measurement: 0,1627141450.480186,08:55:31:9b:05:29,2,1,2,0,128,815,845,720,179,810,998,990,637,366,330,908,818,199,1008,158,453,1001,991,968,558,541,238,77,25,706,542,559,752,217,502,946,320,80,60,61,93,71,72,69,54,57,95,67,68,60,46,80,84,81,73,56,80,32,66,26,44,51,57,62,68,72,61,84,96
[13833.147241] [AOA] Measurement: 0,1627141450.524066,08:55:31:9b:05:29,2,1,2,0,128,747,754,187,1006,849,1005,539,844,925,507,823,748,730,838,717,687,617,212,504,762,5,410,636,205,294,785,18,914,646,293,386,922,65,48,50,75,59,60,55,46,47,79,55,57,53,41,68,73,71,64,49,68,28,57,21,36,44,46,52,56,59,52,72,82
[13833.192508] [AOA] Measurement: 0,1627141450.569334,08:55:31:9b:05:29,2,1,2,0,128,785,774,749,165,768,971,569,901,342,303,310,631,274,1020,746,720,574,183,493,760,73,447,623,229,170,671,564,757,707,325,419,827,71,54,54,79,63,63,57,49,49,83,60,53,53,39,67,69,71,65,50,69,26,54,20,33,38,43,49,52,55,47,64,75
[13833.244584] [AOA] Measurement: 0,1627141450.621408,08:55:31:9b:05:29,2,1,2,0,128,189,551,178,978,267,796,578,885,402,330,882,808,261,25,652,638,618,177,511,725,971,349,631,213,690,516,604,798,193,453,953,300,65,49,48,75,59,60,57,45,48,78,56,59,53,41,67,72,69,62,46,65,27,53,21,39,42,46,51,57,60,51,72,81
[13833.290812] [AOA] Measurement: 0,1627141450.667642,08:55:31:9b:05:29,2,1,2,0,128,687,739,720,135,839,5,579,878,1019,641,902,801,273,48,697,721,601,246,422,685,52,451,644,177,299,786,73,972,222,499,868,174,64,47,48,74,58,59,54,44,47,78,57,57,52,41,67,70,68,62,48,66,28,56,20,37,42,47,52,57,60,53,73,83
[13833.335483] [AOA] Measurement: 0,1627141450.712312,08:55:31:9b:05:29,2,1,2,0,128,101,491,177,1014,220,769,78,674,294,244,337,589,696,817,135,495,0,996,999,536,509,261,672,247,199,744,40,926,240,523,880,212,70,53,54,84,65,66,62,50,51,87,62,60,56,43,68,75,75,69,51,71,29,57,21,38,44,48,54,59,63,55,75,85
[13833.379101] [AOA] Measurement: 0,1627141450.755926,08:55:31:9b:05:29,2,1,2,0,128,156,544,150,963,224,781,979,660,432,387,869,785,288,40,122,441,551,187,517,733,31,476,654,245,246,716,79,983,232,511,844,92,73,56,57,85,66,66,60,51,51,87,61,56,56,41,69,72,71,67,51,73,29,56,20,34,39,45,53,55,58,51,70,80
[13833.422878] [AOA] Measurement: 0,1627141450.799703,08:55:31:9b:05:29,2,1,2,0,128,751,786,683,148,827,997,512,828,377,304,914,835,261,15,137,451,37,26,987,519,43,466,641,207,259,749,52,948,222,533,959,210,81,60,62,94,73,74,70,58,58,99,69,66,64,48,82,85,85,79,60,82,33,66,23,42,49,53,62,66,71,60,84,96
[13833.473460] [AOA] Measurement: 0,1627141450.850286,08:55:31:9b:05:29,2,1,2,0,128,716,783,682,149,831,1008,610,906,926,545,879,812,258,37,713,699,585,173,557,766,80,479,720,277,290,793,113,990,291,580,495,772,69,52,52,81,62,65,61,48,49,85,61,60,55,43,69,75,73,67,50,70,29,57,22,37,43,48,53,58,62,54,73,85
[13833.518210] [AOA] Measurement: 0,1627141450.895039,08:55:31:9b:05:29,2,1,2,0,128,795,820,801,225,872,25,557,912,978,567,905,863,312,78,625,657,597,215,550,774,62,435,642,215,279,734,558,763,256,507,433,742,84,64,64,94,75,77,71,58,60,100,74,68,65,50,81,86,85,79,60,84,33,67,25,42,49,53,61,65,69,59,81,94
[13833.562743] [AOA] Measurement: 0,1627141450.939572,08:55:31:9b:05:29,2,1,2,0,128,754,750,757,180,782,985,577,863,928,577,904,818,234,1015,730,698,532,181,452,707,12,391,710,240,274,762,57,905,624,250,861,327,67,49,50,78,61,62,57,46,47,79,56,59,52,41,67,72,71,62,46,67,28,54,21,37,42,47,53,58,61,54,73,85
[13833.613202] [AOA] Measurement: 0,1627141450.990028,08:55:31:9b:05:29,2,1,2,0,128,789,768,751,193,821,993,557,852,954,569,903,843,239,19,676,653,1010,996,503,714,496,226,67,11,744,542,530,751,740,351,837,54,70,53,54,80,63,64,59,48,49,83,61,56,53,41,68,70,71,66,49,70,26,56,21,34,41,44,53,55,56,49,67,78
[13833.668173] [AOA] Measurement: 0,1627141451.045000,08:55:31:9b:05:29,2,1,2,0,128,713,726,783,175,808,1016,556,900,922,544,968,870,275,28,660,656,535,127,522,753,79,477,617,199,220,746,143,1011,226,527,270,533,69,50,53,80,64,63,60,48,49,84,61,59,55,42,70,75,72,67,51,70,29,57,21,36,42,48,54,57,59,52,71,81
[13833.712526] [AOA] Measurement: 0,1627141451.089352,08:55:31:9b:05:29,2,1,2,0,128,738,747,731,167,786,968,1004,667,351,297,337,584,723,845,122,435,22,1002,983,533,507,250,718,219,230,748,69,922,232,526,354,648,66,51,50,76,62,62,58,45,49,81,58,58,53,42,67,71,70,65,48,67,27,56,21,37,43,47,53,56,60,53,75,83
[13833.763215] [AOA] Measurement: 0,1627141451.140039,08:55:31:9b:05:29,2,1,2,0,128,191,533,117,939,258,807,1019,687,937,549,827,742,234,1004,154,465,989,995,940,502,397,184,30,985,720,528,476,710,783,356,386,811,67,50,50,77,58,61,55,47,47,80,58,58,52,40,68,73,71,64,49,70,28,56,22,37,42,46,54,58,61,53,74,83
[13833.806892] [AOA] Measurement: 0,1627141451.183717,08:55:31:9b:05:29,2,1,2,0,128,769,784,709,150,845,29,563,832,884,457,942,847,189,19,658,652,989,953,485,701,471,253,48,1000,726,512,605,811,237,506,898,208,66,50,52,81,64,64,60,49,49,83,61,58,55,39,68,74,74,68,51,71,27,57,21,37,42,45,53,56,59,49,69,80
[13833.850679] [AOA] Measurement: 0,1627141451.227505,08:55:31:9b:05:29,2,1,2,0,128,142,481,136,982,325,837,1012,658,384,360,343,589,258,16,709,678,1001,968,996,521,567,272,660,208,248,742,77,944,677,314,294,702,72,55,56,81,64,66,59,49,51,84,62,60,55,43,71,74,73,68,52,73,30,59,22,35,43,48,54,57,60,52,76,85
[13833.895176] [AOA] Measurement: 0,1627141451.272005,08:55:31:9b:05:29,2,1,2,0,128,743,767,688,121,235,777,590,876,972,566,940,856,265,36,703,671,2,989,949,553,419,204,111,46,780,555,529,786,268,570,596,861,67,51,50,77,62,61,58,45,48,81,57,57,54,41,68,71,72,62,47,66,27,55,22,37,43,47,53,57,61,53,72,84
[13833.952615] [AOA] Measurement: 0,1627141451.329445,08:55:31:9b:05:29,2,1,2,0,128,800,821,720,185,841,1018,610,898,928,554,845,812,326,83,809,780,661,287,513,747,40,472,724,314,314,773,114,1019,229,532,858,185,69,51,53,79,63,63,58,48,50,84,59,59,53,42,68,73,72,66,50,69,29,57,21,37,41,48,53,57,61,52,73,84
[13833.991488] [AOA] Measurement: 0,1627141451.368318,08:55:31:9b:05:29,2,1,2,0,128,682,731,160,1021,845,22,554,844,888,489,300,548,722,807,136,479,659,220,532,725,76,490,690,238,276,759,61,971,228,509,299,575,71,54,54,82,65,65,60,49,50,84,61,60,55,42,72,75,72,66,52,72,29,59,22,38,44,48,56,58,62,52,74,82
[13834.032962] [AOA] Measurement: 0,1627141451.409787,08:55:31:9b:05:29,2,1,2,0,128,692,699,677,150,852,8,549,881,876,480,858,795,300,10,691,667,539,153,1012,577,79,436,720,287,242,737,122,961,205,489,881,248,81,62,61,92,75,75,68,57,58,96,69,66,63,48,79,84,85,76,58,82,33,67,25,40,48,52,62,63,69,59,80,94
[13834.079899] [AOA] Measurement: 0,1627141451.456728,08:55:31:9b:05:29,2,1,2,0,128,141,511,194,1023,806,974,994,612,955,531,354,604,735,838,138,453,1008,971,994,526,538,251,88,19,255,727,544,766,230,507,306,630,82,65,66,95,76,76,70,59,56,97,69,61,63,45,80,81,82,75,57,80,31,60,23,36,43,49,58,61,66,55,76,89
[13834.124169] [AOA] Measurement: 0,1627141451.501000,08:55:31:9b:05:29,2,1,2,0,128,161,530,155,964,254,788,998,612,373,280,298,560,728,801,188,492,1009,968,979,534,93,457,667,218,260,784,78,970,728,292,693,93,69,52,54,78,62,62,59,48,49,83,60,58,53,42,67,71,71,64,47,69,27,56,20,34,40,45,53,55,59,51,70,82
[13834.162776] [AOA] Measurement: 0,1627141451.539606,08:55:31:9b:05:29,2,1,2,0,128,117,519,180,998,786,993,555,826,327,296,352,620,720,854,78,438,75,1000,969,552,505,244,698,225,257,755,88,976,220,510,627,1018,70,55,55,81,65,65,61,49,51,86,62,56,55,41,71,72,73,66,50,72,28,57,21,35,43,46,54,57,59,52,74,84
[13834.207163] [AOA] Measurement: 0,1627141451.583994,08:55:31:9b:05:29,2,1,2,0,128,169,511,103,907,228,780,989,601,410,336,333,607,661,816,59,393,6,984,948,502,445,201,1016,1006,705,556,530,753,735,351,393,728,70,54,54,80,65,64,59,48,49,83,60,60,54,42,68,73,73,64,50,70,29,58,22,37,43,48,53,60,63,53,75,84
[13834.252173] [AOA] Measurement: 0,1627141451.629001,08:55:31:9b:05:29,2,1,2,0,128,719,734,788,178,814,1011,527,823,933,538,847,798,244,1010,629,633,560,190,475,699,17,446,633,222,295,802,43,928,136,467,820,232,64,49,48,73,59,58,56,44,46,77,54,59,51,41,65,70,68,62,45,66,27,55,21,38,41,47,52,56,62,52,73,81
[13834.303205] [AOA] Measurement: 0,1627141451.680031,08:55:31:9b:05:29,2,1,2,0,128,694,759,735,157,771,994,487,854,921,528,901,819,265,31,631,682,547,186,557,776,10,421,620,180,316,779,114,994,272,531,855,66,71,53,55,80,64,64,60,50,49,84,58,57,55,42,71,74,74,66,51,72,29,57,21,35,43,47,54,58,60,52,72,83
[13834.349180] [AOA] Measurement: 0,1627141451.726011,08:55:31:9b:05:29,2,1,2,0,128,822,795,728,202,858,1023,581,876,898,501,873,775,244,53,701,691,541,166,534,759,14,442,581,137,732,559,618,808,669,324,592,933,71,54,52,82,64,66,60,49,51,84,61,59,56,43,70,73,73,67,48,71,29,59,21,38,44,48,55,59,63,54,76,86
[13834.393700] [AOA] Measurement: 0,1627141451.770532,08:55:31:9b:05:29,2,1,2,0,128,155,543,206,1012,813,979,543,836,927,514,861,747,671,796,132,459,998,966,981,536,476,214,39,1023,800,562,531,769,289,584,608,856,70,52,54,77,64,64,58,48,50,80,58,53,52,40,66,71,71,64,51,68,27,53,20,32,39,43,50,52,56,48,65,78
[13834.432437] [AOA] Measurement: 0,1627141451.809266,08:55:31:9b:05:29,2,1,2,0,128,677,701,710,155,818,1018,559,869,1019,547,928,854,238,32,656,643,585,160,932,478,516,245,81,35,209,683,90,971,219,494,656,999,67,52,54,77,64,62,58,48,49,83,58,54,53,40,67,69,70,65,49,70,27,55,20,33,39,43,51,53,57,49,68,78
[13834.471124] [AOA] Measurement: 0,1627141451.847953,08:55:31:9b:05:29,2,1,2,0,128,699,711,747,167,760,956,1002,607,335,265,309,574,681,820,201,501,555,141,959,537,50,479,635,216,282,786,35,946,251,542,777,140,73,54,54,86,66,69,65,50,53,90,62,70,59,49,77,84,80,73,56,77,31,64,25,44,49,56,60,68,71,61,86,97
[13834.513219] [AOA] Measurement: 0,1627141451.890046,08:55:31:9b:05:29,2,1,2,0,128,763,734,711,156,755,953,551,854,399,332,946,835,231,33,688,688,558,167,497,737,27,447,716,250,258,773,49,961,202,543,365,644,81,63,64,91,74,73,68,56,57,96,69,59,62,43,78,77,79,75,57,78,30,57,20,34,39,46,55,56,60,50,70,81
[13834.558345] [AOA] Measurement: 0,1627141451.935175,08:55:31:9b:05:29,2,1,2,0,128,757,725,693,111,290,840,13,669,337,282,300,573,674,797,134,443,555,166,488,731,440,213,76,993,732,530,557,752,676,283,823,252,71,53,54,82,65,68,63,50,51,85,60,66,56,46,72,80,77,68,52,72,31,62,23,43,46,52,58,65,68,60,81,91
[13834.603497] [AOA] Measurement: 0,1627141451.980328,08:55:31:9b:05:29,2,1,2,0,128,171,578,183,1015,257,815,569,878,918,505,921,811,742,849,706,678,29,1008,500,725,48,453,686,260,317,767,124,1011,238,571,965,267,69,52,53,80,64,64,57,48,48,83,58,61,56,41,71,74,74,67,51,73,29,58,22,36,44,48,53,58,62,54,76,87
[13834.647430] [AOA] Measurement: 0,1627141452.024260,08:55:31:9b:05:29,2,1,2,0,128,714,722,731,178,822,13,491,836,372,286,333,601,268,23,671,673,549,159,953,542,87,474,663,244,258,756,43,945,231,537,935,321,70,52,52,78,62,62,57,48,48,81,58,57,54,40,67,72,70,63,48,70,29,56,20,36,42,46,52,55,59,51,71,81
[13834.690826] [AOA] Measurement: 0,1627141452.067657,08:55:31:9b:05:29,2,1,2,0,128,189,548,122,993,779,979,504,815,371,309,816,725,700,855,660,634,537,139,897,443,482,223,47,1017,727,552,533,740,683,305,272,635,68,51,52,79,63,63,59,48,49,81,59,60,55,42,68,73,73,65,48,69,28,58,21,37,42,47,53,57,61,53,72,81
[13834.730559] [AOA] Measurement: 0,1627141452.107383,08:55:31:9b:05:29,2,1,2,0,128,790,795,644,115,791,994,592,920,989,586,955,851,273,69,716,674,627,202,488,689,20,434,634,227,296,778,79,990,200,528,61,326,81,62,64,92,75,73,69,58,58,98,71,68,63,47,82,82,85,76,59,83,33,65,24,39,48,50,59,63,66,58,81,94
[13834.778239] [AOA] Measurement: 0,1627141452.155069,08:55:31:9b:05:29,2,1,2,0,128,768,770,681,110,857,976,545,863,948,531,890,816,256,61,691,666,549,144,571,796,29,442,643,227,211,755,56,938,225,492,638,68,81,61,62,90,74,73,67,56,57,97,70,69,63,47,79,84,84,76,58,83,34,67,25,42,52,55,63,68,71,62,87,96
[13834.822590] [AOA] Measurement: 0,1627141452.199420,08:55:31:9b:05:29,2,1,2,0,128,715,734,772,164,815,1009,573,852,414,384,908,790,709,840,150,478,31,4,972,562,77,496,717,249,305,773,73,951,210,488,188,636,81,63,63,91,75,73,69,57,57,97,69,66,62,47,80,81,81,74,56,81,32,63,24,38,46,50,59,61,64,55,76,85
[13834.864044] [AOA] Measurement: 0,1627141452.240870,08:55:31:9b:05:29,2,1,2,0,128,689,744,710,156,743,953,579,855,923,501,852,789,713,824,98,415,3,999,989,551,521,240,681,235,257,755,87,976,252,567,817,71,70,52,54,80,65,64,59,49,51,83,60,57,57,43,71,75,74,68,52,72,28,57,21,36,40,46,52,57,58,50,70,80
[13834.910748] [AOA] Measurement: 0,1627141452.287578,08:55:31:9b:05:29,2,1,2,0,128,730,757,712,185,852,997,987,662,944,537,886,814,244,21,672,662,596,212,443,738,42,428,686,262,311,807,114,978,253,544,486,763,60,43,44,68,56,56,52,40,44,73,51,57,49,39,63,67,67,59,44,63,27,54,20,38,42,48,52,57,60,51,73,81
[13834.954700] [AOA] Measurement: 0,1627141452.331530,08:55:31:9b:05:29,2,1,2,0,128,666,731,753,182,826,1005,531,864,315,304,899,825,221,1005,686,661,529,168,524,775,44,435,630,225,282,789,119,1011,226,548,608,891,68,50,53,78,63,63,58,48,49,81,59,57,54,40,68,72,73,66,49,71,28,57,21,37,41,47,53,57,59,50,70,80
[13834.999349] [AOA] Measurement: 0,1627141452.376174,08:55:31:9b:05:29,2,1,2,0,128,772,786,743,173,767,974,529,873,299,267,884,768,689,803,131,415,1018,995,19,580,27,462,712,292,309,785,99,989,239,528,280,658,70,53,53,80,65,64,61,50,50,86,61,59,55,42,70,74,73,66,50,71,29,58,21,37,42,48,53,56,62,52,74,85
[13835.042833] [AOA] Measurement: 0,1627141452.419659,08:55:31:9b:05:29,2,1,2,0,128,772,794,726,199,831,1022,488,833,899,500,902,846,296,89,703,693,574,208,484,694,52,486,598,207,244,770,74,965,679,299,227,664,70,54,52,79,65,65,60,48,50,83,59,61,53,42,69,71,73,65,49,69,29,59,22,37,44,48,55,58,63,53,75,86
[13835.093560] [AOA] Measurement: 0,1627141452.470386,08:55:31:9b:05:29,2,1,2,0,128,732,732,725,117,773,967,538,832,957,537,894,798,248,1011,655,671,534,129,915,487,438,234,116,5,703,507,522,702,730,329,519,840,69,54,53,81,64,61,60,51,51,85,59,51,52,38,68,66,70,63,50,68,26,53,19,31,38,40,49,50,54,45,61,70
[13835.148408] [AOA] Measurement: 0,1627141452.525234,08:55:31:9b:05:29,2,1,2,0,128,750,778,671,129,786,1000,981,669,941,506,844,789,222,23,630,643,522,154,496,699,136,516,667,268,266,789,44,939,688,290,142,541,69,52,51,77,62,62,58,46,49,81,58,60,53,42,68,73,70,65,48,67,28,57,21,37,42,48,53,57,62,53,74,83
[13835.192301] [AOA] Measurement: 0,1627141452.569129,08:55:31:9b:05:29,2,1,2,0,128,207,573,738,167,848,14,512,853,888,474,367,638,286,1011,158,493,13,1011,955,482,477,246,61,4,752,568,514,743,720,321,670,1002,71,57,57,81,65,64,60,49,52,86,60,56,54,41,66,71,73,67,50,72,27,56,20,34,41,45,53,56,58,51,69,81
[13835.242832] [AOA] Measurement: 0,1627141452.619657,08:55:31:9b:05:29,2,1,2,0,128,162,535,224,9,765,997,555,864,920,492,226,528,679,812,183,489,21,1,950,540,432,218,690,221,266,739,56,920,214,486,949,393,71,55,54,81,64,65,59,50,50,84,59,58,56,43,70,76,74,69,49,72,29,58,21,35,41,47,54,57,60,52,73,84
[13835.287857] [AOA] Measurement: 0,1627141452.664687,08:55:31:9b:05:29,2,1,2,0,128,744,746,769,170,883,10,570,867,949,534,890,790,210,991,163,493,578,186,520,776,78,444,630,210,326,815,106,974,323,582,651,790,69,52,53,79,63,64,58,48,49,82,59,60,54,42,70,74,72,66,50,71,29,57,21,38,43,47,55,59,64,53,75,86
[13835.333399] [AOA] Measurement: 0,1627141452.710233,08:55:31:9b:05:29,2,1,2,0,128,165,494,139,962,241,795,1,674,895,481,322,579,649,816,141,451,15,1008,945,482,499,278,102,12,277,764,96,977,242,544,765,122,67,50,53,79,62,63,58,49,49,84,60,56,54,41,68,72,70,66,50,70,28,57,21,35,42,45,53,55,58,51,68,80
[13835.376804] [AOA] Measurement: 0,1627141452.753633,08:55:31:9b:05:29,2,1,2,0,128,736,745,779,204,790,997,573,878,949,580,892,827,303,95,702,697,587,219,531,763,27,426,710,273,245,765,82,960,187,538,614,892,68,51,51,77,63,62,58,46,49,81,57,59,53,42,68,73,72,65,48,71,28,56,22,36,43,47,53,56,60,51,72,81
[13835.422726] [AOA] Measurement: 0,1627141452.799555,08:55:31:9b:05:29,2,1,2,0,128,670,675,734,175,836,1007,520,839,346,302,349,596,747,857,719,694,19,1007,964,535,517,270,600,191,696,535,589,801,357,612,801,976,68,49,50,75,62,60,56,46,47,79,57,59,53,42,67,71,70,64,47,67,28,56,21,37,42,48,52,59,61,52,73,82
[13835.469373] [AOA] Measurement: 0,1627141452.846198,08:55:31:9b:05:29,2,1,2,0,128,745,771,699,144,830,984,520,823,937,547,878,773,278,30,753,716,587,166,540,759,87,464,659,253,315,772,67,947,256,531,344,579,66,48,48,75,59,60,56,45,46,77,54,59,50,41,64,70,69,62,48,67,27,55,21,38,43,48,52,56,59,50,72,82
[13835.509504] [AOA] Measurement: 0,1627141452.886334,08:55:31:9b:05:29,2,1,2,0,128,710,761,156,973,227,760,17,718,334,313,318,615,696,830,92,414,34,1006,993,553,515,227,110,28,267,723,73,979,661,310,377,783,81,61,63,92,73,74,68,57,57,97,70,65,64,48,78,83,83,74,58,80,32,64,22,38,45,51,60,62,64,56,77,90
[13835.551123] [AOA] Measurement: 0,1627141452.927949,08:55:31:9b:05:29,2,1,2,0,128,174,522,162,962,302,825,0,630,365,319,330,596,245,12,693,662,610,191,452,712,42,465,585,201,219,761,548,730,196,504,469,821,70,53,55,80,63,63,59,49,49,84,59,57,54,41,68,71,70,66,50,69,27,56,22,34,41,46,53,57,59,51,71,81
[13835.601633] [AOA] Measurement: 0,1627141452.978459,08:55:31:9b:05:29,2,1,2,0,128,763,764,718,170,804,988,6,726,927,513,876,794,255,18,733,705,571,197,518,755,47,449,624,220,260,744,123,1022,225,501,934,249,64,47,48,74,58,59,55,41,46,76,54,60,50,39,64,69,67,59,44,62,26,54,21,38,42,47,51,55,59,49,72,80
[13835.645987] [AOA] Measurement: 0,1627141453.022818,08:55:31:9b:05:29,2,1,2,0,128,153,521,115,980,263,822,16,660,370,313,866,754,758,857,92,463,603,234,539,806,997,400,650,195,259,783,489,737,664,327,316,834,66,47,49,73,57,59,55,43,46,77,54,59,52,41,66,73,70,62,46,66,29,57,22,39,43,47,52,58,63,53,76,84
[13835.691300] [AOA] Measurement: 0,1627141453.068125,08:55:31:9b:05:29,2,1,2,0,128,710,730,668,122,754,977,969,676,929,546,875,763,751,839,692,665,2,977,930,492,465,261,56,13,728,559,548,753,762,354,974,277,68,51,53,78,62,64,60,48,51,83,59,58,54,42,69,73,74,66,51,72,29,59,22,37,45,49,55,59,61,54,76,86
[13835.741634] [AOA] Measurement: 0,1627141453.118459,08:55:31:9b:05:29,2,1,2,0,128,236,564,144,963,250,813,1010,652,936,513,893,771,248,18,702,683,561,160,444,687,474,217,86,1002,760,563,513,733,723,330,413,851,69,49,49,80,62,64,59,47,49,83,58,60,54,41,70,74,74,67,49,69,29,58,21,38,44,48,54,57,62,55,73,85
[13835.787312] [AOA] Measurement: 0,1627141453.164143,08:55:31:9b:05:29,2,1,2,0,128,710,715,164,992,258,792,967,622,436,356,312,606,343,68,734,685,581,166,420,635,605,326,89,29,259,747,98,962,185,529,652,1019,64,47,46,73,58,60,56,44,47,75,55,58,51,40,66,70,68,62,47,64,27,54,20,37,42,47,53,56,61,53,74,82
[13835.832297] [AOA] Measurement: 0,1627141453.209127,08:55:31:9b:05:29,2,1,2,0,128,704,752,694,178,783,976,577,894,908,538,880,808,258,32,741,773,616,205,591,811,2,414,636,228,322,809,97,981,231,563,584,873,67,52,51,75,62,62,58,48,49,82,58,57,54,41,69,73,71,65,49,69,29,56,20,35,42,47,54,56,59,52,73,84
[13835.881397] [AOA] Measurement: 0,1627141453.258230,08:55:31:9b:05:29,2,1,2,0,128,241,572,150,996,812,1019,498,800,322,278,258,553,695,836,132,469,975,972,988,529,30,442,695,259,258,721,95,951,704,294,213,647,61,52,51,71,58,58,53,47,44,76,54,42,48,33,60,60,62,58,44,63,23,45,16,24,29,35,43,43,45,37,52,59
[13835.919868] [AOA] Measurement: 0,1627141453.296698,08:55:31:9b:05:29,2,1,2,0,128,675,706,104,957,242,788,28,677,343,278,293,557,728,849,688,660,542,166,514,775,80,462,656,233,279,778,69,979,233,533,355,726,68,51,50,78,61,62,57,46,48,82,58,57,54,42,70,73,72,65,50,69,29,57,22,37,44,48,55,58,60,54,75,84
[13835.958424] [AOA] Measurement: 0,1627141453.335254,08:55:31:9b:05:29,2,1,2,0,128,755,804,754,207,840,5,600,917,931,532,849,800,336,71,671,670,621,195,489,722,17,405,101,29,286,736,122,1017,221,521,79,417,81,60,60,91,72,74,67,55,57,95,70,70,64,48,81,86,86,77,57,82,33,65,25,42,51,55,62,67,71,62,87,98
[13836.001529] [AOA] Measurement: 0,1627141453.378359,08:55:31:9b:05:29,2,1,2,0,128,97,458,156,955,314,789,936,575,286,260,357,629,235,23,692,701,568,169,483,701,79,505,721,269,254,777,95,948,232,516,128,508,69,53,53,79,62,64,58,49,50,83,59,57,53,41,69,71,72,65,49,70,28,56,21,35,42,45,54,56,58,52,70,82
[13836.041234] [AOA] Measurement: 0,1627141453.418059,08:55:31:9b:05:29,2,1,2,0,128,735,753,648,104,826,1013,1001,662,380,348,910,835,287,107,646,664,528,155,514,760,1000,419,690,221,199,707,576,794,674,308,321,713,83,62,63,94,76,75,68,57,58,98,71,67,65,48,82,85,85,76,59,82,34,65,24,40,48,52,59,65,69,58,79,92
[13836.089359] [AOA] Measurement: 0,1627141453.466190,08:55:31:9b:05:29,2,1,2,0,128,771,788,757,201,815,1004,536,844,892,524,920,847,263,42,657,654,20,3,505,699,74,459,644,205,271,761,70,972,199,463,801,102,69,50,51,77,61,62,57,49,50,84,61,61,56,43,69,73,72,66,49,72,28,56,22,34,44,47,54,57,59,51,69,81
[13836.133017] [AOA] Measurement: 0,1627141453.509848,08:55:31:9b:05:29,2,1,2,0,128,208,560,158,976,770,979,948,607,377,315,357,596,292,32,696,679,563,162,890,484,503,250,131,24,743,558,564,776,699,329,973,372,71,55,55,83,65,65,60,49,51,86,60,59,54,41,70,74,76,68,52,72,29,58,21,37,44,48,54,58,61,52,73,84
[13836.177725] [AOA] Measurement: 0,1627141453.554554,08:55:31:9b:05:29,2,1,2,0,128,724,721,181,988,235,775,1001,593,343,284,354,596,677,818,20,341,2,979,913,484,503,262,91,1022,726,519,477,733,695,308,285,763,70,52,52,79,62,63,58,46,49,84,59,61,54,42,70,75,73,66,49,70,28,57,22,37,43,49,54,59,64,54,76,85
[13836.222108] [AOA] Measurement: 0,1627141453.598939,08:55:31:9b:05:29,2,1,2,0,128,159,471,189,974,217,765,3,647,421,326,278,554,720,838,127,483,570,185,498,719,472,212,680,246,228,730,102,946,215,488,801,121,68,51,51,76,62,62,59,48,48,82,58,58,54,41,67,73,72,65,49,69,28,56,22,37,43,47,53,58,60,52,71,82
[13836.260708] [AOA] Measurement: 0,1627141453.637538,08:55:31:9b:05:29,2,1,2,0,128,690,732,736,181,761,943,8,683,325,307,314,585,677,835,92,416,1005,982,0,553,514,272,65,20,717,521,117,991,235,554,876,184,68,48,52,79,61,64,57,48,48,79,56,60,53,41,69,72,72,64,48,69,28,55,21,38,44,46,53,58,62,53,74,84
[13836.298880] [AOA] Measurement: 0,1627141453.675712,08:55:31:9b:05:29,2,1,2,0,128,642,684,174,1003,845,1019,588,876,965,547,864,759,716,819,122,444,73,31,532,751,40,464,677,238,264,739,570,790,292,590,735,1015,77,57,56,86,68,69,66,52,55,91,66,70,62,48,78,86,82,75,55,77,32,64,25,43,50,56,62,66,70,60,84,98
[13836.344268] [AOA] Measurement: 0,1627141453.721099,08:55:31:9b:05:29,2,1,2,0,128,223,543,748,174,824,1015,554,858,907,527,917,849,256,26,636,620,11,1005,942,484,497,262,73,14,733,584,466,663,799,383,687,898,78,60,60,88,73,72,67,55,59,94,68,67,61,47,79,84,82,76,58,81,32,64,24,41,49,52,60,65,68,58,83,95
[13836.388540] [AOA] Measurement: 0,1627141453.765371,08:55:31:9b:05:29,2,1,2,0,128,745,800,793,215,748,957,570,866,913,518,871,783,696,847,707,684,598,211,519,771,39,435,672,259,285,732,145,1023,338,631,243,408,68,51,52,80,64,64,60,48,50,82,60,60,53,42,69,72,72,66,49,71,29,58,22,37,43,48,54,58,62,54,77,85
[13836.432855] [AOA] Measurement: 0,1627141453.809680,08:55:31:9b:05:29,2,1,2,0,128,739,774,742,163,821,1010,533,852,994,615,830,783,655,828,161,469,20,1008,990,528,69,448,652,205,282,762,96,959,730,353,984,335,61,52,52,71,58,58,54,45,45,78,55,45,50,34,61,61,63,59,44,63,25,49,16,26,33,37,46,47,50,43,58,70
[13836.480818] [AOA] Measurement: 0,1627141453.857648,08:55:31:9b:05:29,2,1,2,0,128,682,671,132,966,178,725,985,627,377,312,304,554,780,917,735,703,619,203,454,685,1002,405,66,1001,762,564,118,988,221,512,205,583,64,46,47,74,56,59,53,44,46,75,54,57,50,40,65,69,67,60,45,63,27,55,21,36,41,46,51,56,58,51,71,80
[13836.520934] [AOA] Measurement: 0,1627141453.897759,08:55:31:9b:05:29,2,1,2,0,128,207,566,149,958,220,777,12,645,944,509,325,583,733,872,138,447,44,1017,513,699,57,441,53,999,705,546,90,957,212,517,31,454,70,53,54,80,64,63,60,49,51,83,61,59,54,42,67,72,72,64,50,68,28,55,21,34,40,45,52,55,59,50,70,81
[13836.571621] [AOA] Measurement: 0,1627141453.948446,08:55:31:9b:05:29,2,1,2,0,128,813,771,733,181,806,990,564,859,289,254,302,618,643,798,109,402,992,951,984,509,543,256,94,26,779,567,90,952,666,315,605,933,68,54,52,79,63,62,58,48,50,84,60,51,52,39,65,68,70,63,48,66,26,53,20,31,37,42,49,51,55,46,63,74
[13836.617007] [AOA] Measurement: 0,1627141453.993838,08:55:31:9b:05:29,2,1,2,0,128,782,780,758,167,870,26,601,854,915,533,946,849,272,38,652,635,53,16,487,731,61,447,630,227,701,534,542,777,699,335,793,173,73,52,53,84,67,68,63,49,52,88,63,69,57,47,74,81,78,71,51,76,33,65,24,45,49,55,62,68,72,63,86,96
[13836.654729] [AOA] Measurement: 0,1627141454.031557,08:55:31:9b:05:29,2,1,2,0,128,690,728,165,984,793,953,548,900,945,527,879,772,687,818,75,490,540,155,515,724,469,197,646,229,771,592,136,998,279,573,888,136,69,52,53,80,62,64,59,47,48,82,58,57,55,43,70,73,72,66,51,71,28,56,21,37,43,46,54,57,60,51,71,80
[13836.693492] [AOA] Measurement: 0,1627141454.070323,08:55:31:9b:05:29,2,1,2,0,128,184,552,156,968,208,767,912,588,243,215,291,568,700,805,106,416,996,959,940,496,564,267,99,22,720,550,548,772,651,267,709,144,67,50,50,77,60,61,59,45,48,82,58,58,53,41,70,73,71,65,51,70,29,56,22,37,43,47,54,57,61,51,72,83
[13836.732341] [AOA] Measurement: 0,1627141454.109171,08:55:31:9b:05:29,2,1,2,0,128,161,539,139,966,237,784,14,666,929,511,843,745,684,810,89,407,8,990,945,492,495,206,84,26,747,555,567,732,681,289,896,338,68,50,52,78,61,60,57,47,48,81,59,57,51,40,67,70,71,65,49,69,27,55,21,35,42,46,54,56,58,49,70,81
[13836.772463] [AOA] Measurement: 0,1627141454.149289,08:55:31:9b:05:29,2,1,2,0,128,154,516,776,177,850,2,529,840,956,539,854,803,285,44,730,706,481,106,977,515,489,216,86,14,339,787,119,1009,163,467,869,225,81,60,61,93,74,71,68,58,58,98,69,67,63,48,80,86,85,78,60,84,34,65,24,41,48,53,63,64,69,59,83,91
[13836.823221] [AOA] Measurement: 0,1627141454.200046,08:55:31:9b:05:29,2,1,2,0,128,680,714,147,960,279,827,1006,647,351,315,848,784,738,871,134,440,1011,997,925,489,453,179,99,5,728,523,556,760,708,318,4,337,72,55,55,80,66,66,60,49,51,87,60,59,55,42,70,75,76,68,50,72,28,57,21,34,43,47,55,58,61,52,73,83
[13836.867794] [AOA] Measurement: 0,1627141454.244624,08:55:31:9b:05:29,2,1,2,0,128,769,782,739,155,816,16,505,842,395,328,916,808,210,2,77,435,47,1016,973,532,447,248,82,34,303,788,61,963,280,567,557,781,72,51,53,79,65,66,59,49,50,85,61,58,55,41,70,74,74,67,49,72,28,57,21,35,43,48,54,57,60,51,72,82
[13836.911692] [AOA] Measurement: 0,1627141454.288521,08:55:31:9b:05:29,2,1,2,0,128,726,735,691,147,776,997,501,833,882,458,891,806,285,19,747,740,543,185,494,716,484,231,191,83,229,746,106,955,293,588,435,679,64,47,47,72,56,58,55,43,45,77,55,57,50,40,65,70,67,61,46,65,27,52,20,37,42,46,53,56,60,51,73,82
[13836.950419] [AOA] Measurement: 0,1627141454.327250,08:55:31:9b:05:29,2,1,2,0,128,752,743,809,217,875,29,523,850,917,532,814,743,741,823,173,506,14,982,468,712,22,445,665,191,214,693,112,1005,223,515,110,492,76,55,58,86,68,70,65,50,54,89,64,67,60,46,76,80,80,70,52,74,32,62,24,44,48,55,60,66,68,60,86,93
[13836.989151] [AOA] Measurement: 0,1627141454.365981,08:55:31:9b:05:29,2,1,2,0,128,741,740,724,165,840,972,629,923,923,519,885,812,246,2,86,412,37,1004,955,517,494,210,46,1020,712,519,550,789,651,273,842,265,69,52,53,80,65,64,60,49,50,86,61,59,53,40,69,72,72,66,50,72,29,58,21,34,40,45,52,57,58,49,71,79
[13837.033579] [AOA] Measurement: 0,1627141454.410410,08:55:31:9b:05:29,2,1,2,0,128,753,795,728,170,747,941,582,878,995,603,938,824,253,17,88,436,990,964,988,494,551,250,146,34,745,555,103,994,267,562,380,611,72,56,55,82,65,65,59,49,50,86,60,58,55,42,70,73,72,67,52,72,30,58,21,35,42,46,54,58,59,51,71,82
[13837.076277] [AOA] Measurement: 0,1627141454.453103,08:55:31:9b:05:29,2,1,2,0,128,795,805,751,214,826,1017,444,790,364,302,909,799,261,25,684,691,598,197,492,738,26,424,102,6,264,758,541,764,248,520,301,588,71,53,52,82,64,64,59,49,51,83,61,58,53,42,69,73,74,67,50,73,29,58,21,35,42,46,52,56,62,52,73,84
[13837.120573] [AOA] Measurement: 0,1627141454.497400,08:55:31:9b:05:29,2,1,2,0,128,765,724,729,142,204,770,1007,641,940,503,322,579,734,832,637,634,582,180,443,691,459,221,99,16,711,526,511,725,264,551,865,168,71,53,54,80,63,63,59,48,49,84,61,60,55,42,71,75,75,67,52,73,29,59,23,36,44,46,52,56,60,51,71,83
[13837.164211] [AOA] Measurement: 0,1627141454.541036,08:55:31:9b:05:29,2,1,2,0,128,754,752,732,206,739,956,587,886,907,543,334,582,832,899,89,429,61,25,485,733,1016,428,148,75,272,758,533,747,661,285,494,929,72,53,53,81,65,66,61,49,52,85,59,61,56,43,70,76,75,68,51,72,29,58,22,37,42,49,56,59,62,55,77,86
[13837.214741] [AOA] Measurement: 0,1627141454.591567,08:55:31:9b:05:29,2,1,2,0,128,691,718,717,164,831,5,943,612,401,310,858,773,220,22,650,658,1015,989,460,687,471,220,54,0,688,513,552,754,665,297,646,27,72,60,61,83,72,71,65,56,52,91,66,53,60,41,74,73,77,72,53,78,30,59,21,34,42,48,57,58,63,53,73,86
[13837.260605] [AOA] Measurement: 0,1627141454.637434,08:55:31:9b:05:29,2,1,2,0,128,171,528,156,1005,243,796,48,686,956,583,891,792,297,43,703,642,582,207,464,678,437,187,37,1023,721,520,545,733,742,376,746,996,69,51,53,80,63,63,59,50,49,85,59,57,54,41,70,73,73,66,51,73,28,56,22,36,40,45,54,57,60,52,72,83
[13837.304429] [AOA] Measurement: 0,1627141454.681258,08:55:31:9b:05:29,2,1,2,0,128,756,775,735,202,810,1001,569,849,840,477,908,818,323,75,680,692,568,172,531,797,1009,433,691,246,273,768,74,957,214,505,483,810,68,52,53,79,60,63,59,48,49,81,59,58,54,41,67,72,71,65,49,69,28,57,22,38,44,47,54,58,61,52,73,83
[13837.351539] [AOA] Measurement: 0,1627141454.728368,08:55:31:9b:05:29,2,1,2,0,128,720,759,744,185,756,953,560,904,944,541,837,760,307,49,679,667,579,166,552,738,36,462,647,195,263,755,78,978,249,521,907,281,80,62,63,91,76,74,70,58,59,99,71,65,64,46,80,82,84,77,57,81,33,63,24,39,48,51,61,64,66,58,77,94
[13837.394304] [AOA] Measurement: 0,1627141454.771135,08:55:31:9b:05:29,2,1,2,0,128,730,665,149,999,846,9,481,820,893,482,340,595,710,841,122,449,20,1022,964,535,517,268,96,27,308,786,46,926,190,493,969,309,69,54,55,81,63,64,59,49,51,85,61,58,55,42,70,74,74,67,50,71,29,58,20,37,43,47,53,59,62,53,75,84
[13837.437875] [AOA] Measurement: 0,1627141454.814705,08:55:31:9b:05:29,2,1,2,0,128,699,728,740,169,816,11,574,877,908,511,854,812,663,828,155,459,508,118,444,679,525,256,96,6,245,790,101,973,271,570,763,924,67,50,50,74,61,61,57,46,49,80,58,58,53,40,66,68,71,63,49,69,28,57,20,35,42,46,53,56,59,50,72,82
[13837.482941] [AOA] Measurement: 0,1627141454.859766,08:55:31:9b:05:29,2,1,2,0,128,99,486,150,973,302,841,557,883,918,543,882,792,183,992,113,415,58,1005,919,472,552,268,631,206,712,553,556,763,725,349,987,330,65,47,48,74,57,59,54,45,45,75,54,58,51,42,68,71,71,61,46,65,28,54,20,36,41,47,52,57,60,53,70,82
[13837.538408] [AOA] Measurement: 0,1627141454.915233,08:55:31:9b:05:29,2,1,2,0,128,798,831,806,227,834,1002,518,870,988,597,896,830,303,19,749,707,548,162,933,528,442,195,643,233,310,804,998,877,219,507,939,248,81,60,62,92,74,74,71,57,58,95,68,69,64,50,81,86,86,76,58,80,33,66,25,44,52,56,64,68,73,63,88,101
[13837.581591] [AOA] Measurement: 0,1627141454.958421,08:55:31:9b:05:29,2,1,2,0,128,134,507,135,945,269,766,1002,616,384,352,278,590,759,896,57,413,610,205,515,758,65,477,627,185,252,744,527,750,217,467,303,699,69,53,51,80,64,65,59,50,50,86,60,57,54,42,71,74,74,67,51,73,29,59,22,37,42,46,54,56,60,51,74,84
[13837.620077] [AOA] Measurement: 0,1627141454.996907,08:55:31:9b:05:29,2,1,2,0,128,742,742,699,144,851,6,535,838,903,500,859,744,722,847,68,438,982,976,946,475,458,217,148,41,713,529,98,950,238,521,837,97,67,51,53,79,63,63,57,48,48,83,59,59,53,41,69,74,74,66,50,71,28,57,21,36,41,46,53,58,62,52,75,84
[13837.658738] [AOA] Measurement: 0,1627141455.035568,08:55:31:9b:05:29,2,1,2,0,128,717,716,725,174,233,824,599,896,919,508,934,814,241,9,658,636,562,198,898,479,498,201,138,69,689,528,598,790,156,449,326,765,81,59,61,92,74,73,70,55,57,96,68,69,62,48,79,83,84,75,58,80,33,67,25,44,50,56,63,67,71,62,85,98
[13837.703233] [AOA] Measurement: 0,1627141455.080064,08:55:31:9b:05:29,2,1,2,0,128,767,761,733,152,737,954,510,792,313,283,336,556,704,833,733,713,599,216,492,729,21,468,636,229,257,737,571,767,253,545,514,773,79,59,58,90,70,73,66,55,55,93,66,67,60,48,80,86,84,74,56,81,33,65,23,41,49,54,62,65,70,60,82,94
[13837.747130] [AOA] Measurement: 0,1627141455.123960,08:55:31:9b:05:29,2,1,2,0,128,204,544,766,189,842,1,506,813,893,523,305,593,756,856,113,476,550,140,479,688,490,272,682,216,307,814,91,971,167,494,771,107,65,49,49,75,58,61,57,45,46,79,57,58,52,40,66,70,70,62,47,67,29,55,20,36,42,48,52,56,60,52,71,82
[13837.790473] [AOA] Measurement: 0,1627141455.167298,08:55:31:9b:05:29,2,1,2,0,128,165,553,161,978,285,817,14,648,376,311,321,582,686,795,116,461,22,991,1014,540,44,458,20,1007,676,514,561,747,645,287,914,354,67,50,53,78,63,63,58,47,50,82,58,57,54,42,68,73,74,64,51,69,28,58,21,37,42,46,54,57,60,53,74,84
[13837.834220] [AOA] Measurement: 0,1627141455.211045,08:55:31:9b:05:29,2,1,2,0,128,733,764,754,191,848,1021,511,820,930,543,923,828,250,43,686,668,34,989,539,735,54,450,708,248,342,814,105,992,248,545,755,65,70,53,53,81,64,65,60,48,50,84,58,59,55,41,70,74,73,65,51,71,28,57,22,37,43,48,53,57,62,54,73,85
[13837.884546] [AOA] Measurement: 0,1627141455.261371,08:55:31:9b:05:29,2,1,2,0,128,164,555,199,995,835,1000,541,883,889,500,931,806,327,83,687,688,570,146,513,763,966,404,135,1021,272,765,114,979,225,573,518,736,71,53,55,82,65,66,60,50,52,88,62,60,56,43,70,74,75,67,51,72,29,58,21,38,44,48,55,58,61,54,76,84
[13837.928685] [AOA] Measurement: 0,1627141455.305517,08:55:31:9b:05:29,2,1,2,0,128,778,784,725,161,806,982,554,869,332,268,299,574,659,789,110,426,47,1004,480,700,429,210,62,6,253,737,523,736,267,545,324,579,65,47,48,74,58,59,56,44,45,78,55,58,50,40,64,70,68,62,46,64,27,54,21,36,41,45,50,55,58,51,69,80
[13837.972070] [AOA] Measurement: 0,1627141455.348902,08:55:31:9b:05:29,2,1,2,0,128,778,768,162,1013,839,9,468,792,332,263,324,611,324,71,653,623,988,1001,907,483,438,161,107,17,741,574,30,951,686,309,544,916,71,54,55,80,63,63,60,50,51,84,60,56,54,41,68,73,74,67,50,70,27,56,20,35,40,44,52,55,58,51,70,80
[13838.010797] [AOA] Measurement: 0,1627141455.387629,08:55:31:9b:05:29,2,1,2,0,128,170,527,133,973,291,832,14,696,898,520,910,810,247,1021,713,672,553,164,918,454,432,229,65,9,759,555,569,748,779,373,449,835,81,63,63,93,75,75,70,56,58,98,70,67,64,49,81,84,85,77,58,83,33,65,24,40,48,52,63,65,69,60,81,94
[13838.049380] [AOA] Measurement: 0,1627141455.426210,08:55:31:9b:05:29,2,1,2,0,128,148,519,156,969,308,829,19,678,316,260,249,522,708,826,112,425,1022,993,511,727,46,435,662,207,681,503,49,911,669,290,578,931,67,48,49,76,60,60,56,44,47,80,55,59,52,42,67,73,70,62,47,66,27,57,21,37,43,47,51,57,60,53,74,82
[13838.093951] [AOA] Measurement: 0,1627141455.470779,08:55:31:9b:05:29,2,1,2,0,128,679,717,224,0,797,963,581,856,922,516,804,756,727,850,158,489,1018,979,534,712,463,218,135,59,300,733,78,939,225,527,275,669,67,52,53,79,62,63,60,49,50,84,59,58,54,40,70,72,69,66,50,70,28,55,20,36,42,47,53,57,60,52,70,80
[13838.132642] [AOA] Measurement: 0,1627141455.509473,08:55:31:9b:05:29,2,1,2,0,128,134,526,158,956,324,865,490,836,902,480,894,802,239,4,728,692,607,211,516,755,505,244,53,7,730,566,484,723,250,555,734,119,69,53,53,79,65,64,59,49,51,83,60,57,54,42,69,72,72,66,51,70,29,58,21,37,43,46,53,56,59,52,70,81
[13838.176710] [AOA] Measurement: 0,1627141455.553538,08:55:31:9b:05:29,2,1,2,0,128,647,681,201,992,248,822,38,693,440,359,903,809,200,9,139,468,616,176,537,772,72,474,679,204,262,776,63,932,672,303,734,225,79,60,62,92,73,71,68,56,58,96,70,69,64,50,80,86,84,76,57,80,32,64,25,42,51,55,63,67,71,63,86,97
[13838.220474] [AOA] Measurement: 0,1627141455.597299,08:55:31:9b:05:29,2,1,2,0,128,747,766,714,184,886,41,497,821,374,308,311,566,685,820,132,448,84,28,903,476,528,233,704,238,253,741,101,934,244,530,302,674,70,53,54,78,60,60,57,48,50,81,60,57,54,40,66,70,70,64,48,70,29,57,21,35,42,45,52,55,57,49,69,79
[13838.264171] [AOA] Measurement: 0,1627141455.640997,08:55:31:9b:05:29,2,1,2,0,128,737,760,780,229,790,985,538,849,992,581,889,814,249,50,757,696,575,175,604,829,23,425,694,241,249,747,77,993,258,564,338,592,69,53,52,80,63,63,59,48,51,83,59,57,53,41,69,74,73,66,49,71,29,56,21,37,44,48,53,59,62,53,75,85
[13838.314807] [AOA] Measurement: 0,1627141455.691634,08:55:31:9b:05:29,2,1,2,0,128,726,793,787,214,847,1020,560,863,978,563,889,819,279,32,677,683,601,153,430,652,36,436,110,48,760,575,110,992,282,547,104,376,68,55,54,81,65,64,60,49,50,84,61,54,53,39,68,71,72,65,49,70,27,55,20,32,38,42,51,51,55,46,65,76
[13838.357555] [AOA] Measurement: 0,1627141455.734380,08:55:31:9b:05:29,2,1,2,0,128,767,789,782,249,730,966,527,839,991,554,319,596,671,837,140,507,1000,4,992,541,564,272,656,267,303,788,127,991,278,555,949,245,79,56,59,89,71,72,67,55,57,93,67,69,62,48,76,83,81,72,56,77,33,65,24,44,51,55,63,67,72,63,86,97
[13838.397965] [AOA] Measurement: 0,1627141455.774795,08:55:31:9b:05:29,2,1,2,0,128,714,741,747,162,769,964,44,685,377,335,912,828,246,16,91,453,948,948,938,476,579,260,693,246,247,687,569,770,668,282,139,591,80,59,60,92,74,73,70,56,57,97,69,71,63,49,81,84,83,76,57,81,33,66,26,44,51,56,63,68,72,62,85,98
[13838.440301] [AOA] Measurement: 0,1627141455.817127,08:55:31:9b:05:29,2,1,2,0,128,692,732,699,146,777,943,607,871,999,602,892,805,239,1004,739,705,591,188,509,726,106,495,666,221,290,732,42,942,220,515,948,311,58,43,41,67,52,54,49,40,42,70,51,56,49,38,60,65,64,58,43,61,27,53,19,34,39,45,48,52,59,49,72,78
[13838.483855] [AOA] Measurement: 0,1627141455.860675,08:55:31:9b:05:29,2,1,2,0,128,772,762,102,956,284,812,998,654,357,284,263,560,645,824,192,461,1022,1023,457,702,493,223,668,213,271,745,64,927,729,351,65,556,69,54,54,79,65,65,58,50,50,84,60,54,55,40,69,70,73,64,49,70,28,55,19,33,39,44,51,53,55,49,68,80
[13838.530272] [AOA] Measurement: 0,1627141455.907101,08:55:31:9b:05:29,2,1,2,0,128,760,736,679,160,245,808,554,844,393,333,891,816,299,53,692,636,571,200,511,714,492,236,137,85,269,748,19,922,713,322,356,752,67,51,50,77,60,61,57,46,47,80,59,59,53,41,67,72,71,64,48,67,28,56,21,36,43,47,54,58,60,52,72,83
[13838.574145] [AOA] Measurement: 0,1627141455.950975,08:55:31:9b:05:29,2,1,2,0,128,734,759,144,972,252,769,11,684,325,279,258,532,765,871,175,508,20,1013,943,498,451,209,94,25,690,542,602,788,701,330,545,964,69,51,52,80,64,64,59,47,50,83,60,60,53,42,69,72,70,65,50,69,29,58,22,39,43,48,53,59,62,54,74,84
[13838.619647] [AOA] Measurement: 0,1627141455.996472,08:55:31:9b:05:29,2,1,2,0,128,705,696,176,1020,792,1001,570,887,909,545,855,799,221,1013,165,490,27,1009,509,720,491,247,621,174,280,756,512,713,739,339,271,731,70,55,54,81,65,63,60,49,49,85,60,53,54,39,68,70,70,65,49,70,27,53,19,32,40,44,50,53,57,47,65,74
[13838.663607] [AOA] Measurement: 0,1627141456.040432,08:55:31:9b:05:29,2,1,2,0,128,752,748,750,176,841,1022,987,663,961,543,888,792,233,22,60,422,49,7,964,539,553,247,114,28,247,755,65,958,252,523,508,833,70,53,55,81,64,65,59,49,50,84,59,59,55,43,71,76,74,68,51,70,29,58,21,36,43,46,54,57,60,52,72,83
[13838.713908] [AOA] Measurement: 0,1627141456.090732,08:55:31:9b:05:29,2,1,2,0,128,124,493,741,169,801,942,0,659,894,493,891,784,267,1014,700,673,607,201,537,771,10,410,701,264,200,727,63,960,730,364,742,45,67,52,51,80,63,63,59,47,49,82,60,59,55,41,68,74,73,65,50,69,28,57,22,36,43,48,54,59,61,50,72,82
[13838.762792] [AOA] Measurement: 0,1627141456.139621,08:55:31:9b:05:29,2,1,2,0,128,117,504,121,950,251,809,1014,635,418,331,932,818,675,797,714,651,562,166,969,549,505,230,650,241,282,790,68,921,718,360,107,472,65,46,49,75,59,60,56,43,46,78,55,59,52,41,66,69,70,61,47,65,27,57,21,37,42,47,53,58,61,51,74,83
[13838.813521] [AOA] Measurement: 0,1627141456.190346,08:55:31:9b:05:29,2,1,2,0,128,120,502,105,948,216,770,1002,614,310,227,365,584,261,36,627,662,566,171,466,697,514,238,54,1013,722,546,547,733,681,271,906,444,80,62,62,93,74,73,70,57,58,98,71,67,64,49,83,85,85,78,56,83,32,66,24,42,50,54,62,66,68,59,82,94
[13838.865140] [AOA] Measurement: 0,1627141456.241965,08:55:31:9b:05:29,2,1,2,0,128,126,494,160,970,326,812,1023,650,342,286,305,574,714,812,117,402,1010,973,949,482,521,289,646,232,312,784,93,981,212,512,168,490,65,48,48,72,59,59,56,43,45,77,55,57,50,40,64,71,67,60,46,63,27,55,20,38,41,47,51,55,60,52,72,81
[13838.909512] [AOA] Measurement: 0,1627141456.286337,08:55:31:9b:05:29,2,1,2,0,128,191,563,169,945,252,775,1018,627,335,293,306,561,648,787,125,431,999,944,1019,556,44,480,671,241,275,757,70,956,220,491,853,244,77,58,57,90,70,71,67,53,56,92,66,68,62,49,80,86,84,73,56,81,33,65,25,42,49,53,61,66,70,60,84,95
[13838.952971] [AOA] Measurement: 0,1627141456.329796,08:55:31:9b:05:29,2,1,2,0,128,760,732,696,126,250,804,964,606,353,310,304,536,699,796,152,462,994,991,492,686,450,177,78,1006,682,553,497,693,658,263,115,580,71,53,54,81,66,65,61,50,51,85,61,57,55,42,68,73,75,65,51,73,29,57,21,34,42,46,53,55,59,51,70,81
[13839.001551] [AOA] Measurement: 0,1627141456.378383,08:55:31:9b:05:29,2,1,2,0,128,782,793,769,209,772,987,522,841,904,483,954,854,344,90,735,723,685,250,569,796,83,496,639,206,224,685,564,795,264,554,280,450,83,63,64,94,76,74,69,58,58,97,70,66,62,47,78,83,84,77,58,80,32,64,24,38,47,50,59,61,67,57,79,90
[13839.041514] [AOA] Measurement: 0,1627141456.418339,08:55:31:9b:05:29,2,1,2,0,128,194,578,777,182,800,956,11,627,973,502,852,777,685,821,238,514,555,148,552,745,45,443,636,205,290,746,53,906,670,264,408,879,76,56,55,86,66,68,65,52,54,89,65,68,59,49,76,83,82,73,56,78,32,65,24,42,49,56,62,68,71,61,86,97
[13839.092318] [AOA] Measurement: 0,1627141456.469143,08:55:31:9b:05:29,2,1,2,0,128,778,768,784,220,808,1008,535,867,899,465,945,840,269,28,701,676,526,161,513,744,78,452,660,255,267,707,172,16,182,524,516,784,81,62,63,94,74,74,70,59,60,98,70,65,65,48,79,83,84,75,58,82,33,65,25,40,48,53,61,63,68,57,81,95
[13839.137250] [AOA] Measurement: 0,1627141456.514078,08:55:31:9b:05:29,2,1,2,0,128,795,794,761,176,816,1015,523,870,983,565,894,804,255,22,726,721,524,149,504,724,44,464,657,230,256,767,521,751,236,529,853,143,68,50,51,76,60,62,57,45,48,79,57,58,50,39,65,69,70,62,48,66,28,56,21,38,42,46,53,57,60,52,73,84
[13839.181776] [AOA] Measurement: 0,1627141456.558605,08:55:31:9b:05:29,2,1,2,0,128,782,779,728,153,815,5,560,862,298,264,937,844,201,979,164,477,1016,975,975,530,8,404,87,27,267,738,100,982,290,557,725,1004,82,61,64,91,75,74,70,56,59,98,69,66,62,49,78,84,82,76,58,81,32,66,25,43,50,53,61,66,71,60,84,96
[13839.234017] [AOA] Measurement: 0,1627141456.610842,08:55:31:9b:05:29,2,1,2,0,128,174,530,193,28,828,995,519,841,371,295,869,782,232,1005,647,604,986,981,956,484,515,236,155,78,232,746,480,742,219,467,928,314,70,51,53,79,62,64,60,49,48,82,61,58,54,42,70,74,73,67,50,70,29,57,22,37,43,46,54,58,61,53,75,85
[13839.284627] [AOA] Measurement: 0,1627141456.661453,08:55:31:9b:05:29,2,1,2,0,128,697,751,761,171,829,997,514,858,921,503,886,829,679,822,81,445,40,17,476,727,26,434,114,22,299,787,59,960,201,518,995,288,69,52,54,80,64,63,60,49,51,83,61,56,54,41,67,72,71,64,49,70,27,54,19,34,39,45,50,54,56,50,69,80
[13839.328569] [AOA] Measurement: 0,1627141456.705398,08:55:31:9b:05:29,2,1,2,0,128,816,830,723,156,822,994,928,576,960,535,868,802,277,36,686,703,595,196,497,722,44,452,624,204,282,771,122,997,245,532,556,918,63,47,48,74,57,60,55,43,46,76,54,56,49,39,65,70,68,61,47,67,27,55,21,36,42,48,51,57,61,53,71,81
[13839.372056] [AOA] Measurement: 0,1627141456.748882,08:55:31:9b:05:29,2,1,2,0,128,702,721,172,999,146,729,991,623,309,261,308,578,808,861,68,402,72,44,981,508,1008,375,153,82,698,531,495,730,755,342,921,276,79,57,58,89,71,73,68,54,54,93,65,68,61,47,78,85,84,77,57,78,32,66,25,42,49,56,63,67,73,61,86,97
[13839.421368] [AOA] Measurement: 0,1627141456.798199,08:55:31:9b:05:29,2,1,2,0,128,678,688,207,4,791,965,582,848,870,492,289,565,697,883,677,657,571,192,440,660,463,242,89,988,328,760,540,757,186,485,599,20,68,51,52,77,64,63,58,47,50,83,57,60,54,43,67,72,71,65,49,69,28,56,22,37,44,49,54,58,62,53,72,83
[13839.461068] [AOA] Measurement: 0,1627141456.837897,08:55:31:9b:05:29,2,1,2,0,128,722,770,766,176,786,973,604,867,880,500,929,833,308,43,733,699,546,167,498,697,992,385,696,298,274,748,55,934,697,356,1006,335,70,53,54,81,65,65,58,48,50,85,61,55,53,40,69,72,73,67,50,71,28,54,20,32,39,44,51,55,55,48,66,77
[13839.501937] [AOA] Measurement: 0,1627141456.878762,08:55:31:9b:05:29,2,1,2,0,128,675,728,706,164,935,68,589,925,994,606,883,819,272,65,686,666,594,208,503,744,998,393,86,11,760,575,55,943,685,316,539,953,69,50,51,77,61,63,58,47,49,81,58,60,53,41,66,73,72,64,47,67,28,56,21,37,44,47,54,57,60,52,73,80
[13839.549065] [AOA] Measurement: 0,1627141456.925895,08:55:31:9b:05:29,2,1,2,0,128,736,716,704,137,239,804,992,640,386,333,909,804,280,23,688,671,612,199,494,718,20,401,672,229,221,733,108,983,719,353,998,331,69,52,52,79,63,65,61,47,49,83,60,61,55,41,68,72,72,66,50,70,28,57,22,38,43,49,55,59,59,51,73,84
[13839.594040] [AOA] Measurement: 0,1627141456.970868,08:55:31:9b:05:29,2,1,2,0,128,169,539,105,950,271,790,1014,618,365,285,250,537,664,802,154,486,28,1,457,682,993,420,646,214,230,707,77,938,209,522,93,454,81,63,62,92,75,75,68,56,58,98,70,66,64,50,81,86,84,76,57,81,33,67,25,42,50,54,63,67,70,61,86,98
[13839.639595] [AOA] Measurement: 0,1627141457.016426,08:55:31:9b:05:29,2,1,2,0,128,150,513,157,992,289,827,545,854,945,532,906,854,284,50,720,700,515,123,498,696,450,179,46,1022,713,508,545,730,670,271,5,541,66,48,48,74,59,60,55,46,47,78,55,58,53,42,67,68,70,63,47,66,28,55,21,37,43,47,53,57,61,50,74,82
[13839.684339] [AOA] Measurement: 0,1627141457.061169,08:55:31:9b:05:29,2,1,2,0,128,696,735,677,135,815,9,499,814,953,529,853,792,713,815,128,482,589,189,551,759,1,422,722,269,251,719,62,938,731,335,194,423,69,51,53,79,63,63,59,48,49,83,60,58,54,41,67,71,72,65,48,68,28,55,22,35,43,46,52,56,61,52,71,83
[13839.723595] [AOA] Measurement: 0,1627141457.100425,08:55:31:9b:05:29,2,1,2,0,128,142,538,161,962,264,777,1015,590,369,280,880,807,287,19,716,698,602,198,504,714,12,453,630,223,260,778,118,972,152,479,670,46,63,48,47,74,58,59,55,43,46,75,54,58,51,41,66,70,69,63,47,66,28,55,20,37,41,47,51,56,60,51,71,79
[13839.774242] [AOA] Measurement: 0,1627141457.151067,08:55:31:9b:05:29,2,1,2,0,128,700,731,707,146,730,949,550,855,284,269,308,589,695,820,683,645,496,136,957,500,505,265,105,991,648,524,517,692,696,276,602,28,72,55,54,81,65,65,61,49,51,86,61,60,55,42,72,76,76,66,50,70,28,58,22,38,44,48,52,57,62,53,73,84
[13839.826044] [AOA] Measurement: 0,1627141457.202869,08:55:31:9b:05:29,2,1,2,0,128,712,726,718,158,751,977,479,808,402,349,884,813,260,51,740,677,631,200,484,737,49,463,662,213,337,801,91,971,312,588,820,56,77,58,58,88,69,69,65,52,54,90,66,70,61,47,79,84,84,72,56,79,33,66,25,44,50,56,63,68,72,62,89,97
[13839.870804] [AOA] Measurement: 0,1627141457.247633,08:55:31:9b:05:29,2,1,2,0,128,187,529,200,975,896,15,480,821,954,527,953,840,183,995,697,684,3,987,547,746,1008,402,703,261,715,532,82,981,640,277,995,282,71,53,55,79,63,63,60,49,49,80,60,55,55,42,68,72,72,67,50,69,27,56,20,34,39,44,52,55,59,49,68,81
[13839.914182] [AOA] Measurement: 0,1627141457.291012,08:55:31:9b:05:29,2,1,2,0,128,714,719,643,77,223,794,569,851,883,521,924,832,232,22,657,647,27,17,960,492,460,249,657,193,661,488,521,724,733,336,815,262,71,53,55,83,65,66,60,49,51,86,63,60,58,43,72,75,75,67,50,70,29,58,22,36,44,48,56,59,62,54,76,86
[13839.952669] [AOA] Measurement: 0,1627141457.329497,08:55:31:9b:05:29,2,1,2,0,128,758,749,715,145,789,971,536,871,914,488,854,799,273,41,693,659,28,4,481,690,99,470,654,211,269,782,73,939,649,288,391,814,82,64,64,94,76,76,71,59,58,99,70,66,64,48,82,82,85,76,59,83,32,65,25,40,48,53,62,64,66,56,78,92
[13839.991526] [AOA] Measurement: 0,1627141457.368356,08:55:31:9b:05:29,2,1,2,0,128,759,734,134,974,285,835,13,699,949,518,879,779,736,857,140,485,999,1001,1005,544,488,251,619,178,745,556,515,737,672,304,320,754,80,61,63,93,74,74,69,58,58,99,70,69,63,50,82,87,86,77,60,82,34,67,25,42,50,54,63,67,70,59,84,96
[13840.036373] [AOA] Measurement: 0,1627141457.413203,08:55:31:9b:05:29,2,1,2,0,128,758,761,718,163,836,1002,597,883,906,563,905,834,264,3,728,679,602,192,432,686,412,182,68,1011,792,625,86,918,244,532,278,579,73,54,55,84,66,68,63,48,52,87,61,66,58,47,76,82,80,69,53,75,32,65,24,44,50,55,60,66,70,62,86,97
[13840.080169] [AOA] Measurement: 0,1627141457.456995,08:55:31:9b:05:29,2,1,2,0,128,776,798,750,186,837,25,531,831,930,530,910,828,221,2,630,616,999,1014,512,752,8,444,112,44,286,798,36,933,670,303,829,210,62,48,47,72,54,58,54,44,44,76,54,57,51,39,65,70,69,63,46,65,27,53,21,36,41,46,52,58,60,52,74,81
[13840.123072] [AOA] Measurement: 0,1627141457.499898,08:55:31:9b:05:29,2,1,2,0,128,762,758,166,978,776,995,1020,652,374,268,250,554,219,1002,158,467,496,140,951,519,43,478,659,211,192,693,577,785,166,502,808,134,69,52,53,81,64,64,59,47,50,83,61,60,55,43,70,73,73,65,50,69,28,57,22,39,43,48,55,59,61,54,76,86
[13840.174036] [AOA] Measurement: 0,1627141457.550861,08:55:31:9b:05:29,2,1,2,0,128,828,763,707,132,232,800,4,675,380,331,311,569,790,863,712,656,600,162,952,476,497,260,49,1004,770,575,53,928,697,327,541,969,71,54,56,79,67,63,59,50,50,83,60,52,54,39,68,69,72,65,50,71,27,54,18,33,37,44,50,53,56,49,65,77
[13840.220104] [AOA] Measurement: 0,1627141457.596935,08:55:31:9b:05:29,2,1,2,0,128,153,527,142,948,237,766,48,661,326,260,921,822,240,18,635,644,609,158,475,734,465,249,81,12,265,737,88,964,262,538,4,278,70,53,54,81,64,65,61,50,50,86,60,59,55,42,71,75,73,67,51,73,29,57,20,35,43,48,54,55,60,51,71,82
[13840.264364] [AOA] Measurement: 0,1627141457.641193,08:55:31:9b:05:29,2,1,2,0,128,720,742,732,139,745,969,521,852,911,513,945,837,240,1,677,648,651,223,545,778,56,438,615,190,293,732,57,946,287,584,493,766,68,50,51,78,64,63,58,49,49,83,58,58,54,41,70,73,73,66,51,71,28,57,21,35,41,46,53,56,61,51,75,86
[13840.308892] [AOA] Measurement: 0,1627141457.685722,08:55:31:9b:05:29,2,1,2,0,128,702,724,777,209,813,996,572,887,910,539,874,790,285,16,689,684,541,149,564,782,47,472,755,298,262,716,118,1014,276,585,501,745,83,62,64,94,74,72,70,57,58,97,71,66,65,48,81,83,84,75,57,83,33,64,24,39,47,53,63,64,71,59,83,94
[13840.352425] [AOA] Measurement: 0,1627141457.729251,08:55:31:9b:05:29,2,1,2,0,128,136,519,224,31,796,1002,470,809,406,326,306,601,677,801,56,418,20,1009,560,755,90,509,693,285,257,777,71,926,232,526,343,578,83,63,62,94,73,75,71,58,58,98,71,67,64,48,81,87,87,80,58,84,33,67,24,42,49,53,63,66,70,60,84,97
[13840.401430] [AOA] Measurement: 0,1627141457.778260,08:55:31:9b:05:29,2,1,2,0,128,94,505,152,977,813,996,563,878,891,500,870,812,283,31,705,700,10,1017,928,512,422,145,92,19,781,590,546,785,708,304,77,469,66,47,50,76,59,61,55,46,48,78,58,61,54,42,69,73,72,65,48,69,28,57,21,37,43,48,54,58,60,52,77,85
[13840.440848] [AOA] Measurement: 0,1627141457.817673,08:55:31:9b:05:29,2,1,2,0,128,773,743,730,166,813,1016,582,893,943,561,904,829,315,59,709,687,650,248,515,699,71,494,685,228,330,772,134,8,236,545,299,610,69,51,51,77,61,61,58,47,48,81,57,58,53,42,66,71,70,65,47,67,27,55,21,37,42,47,52,57,60,52,72,83
[13840.487870] [AOA] Measurement: 0,1627141457.864701,08:55:31:9b:05:29,2,1,2,0,128,663,700,699,163,740,964,572,859,990,568,922,816,247,32,661,655,542,188,510,726,66,477,662,237,348,796,22,943,730,347,869,172,80,62,64,95,75,75,70,59,59,98,70,66,64,49,78,83,81,75,56,79,32,63,23,36,44,50,59,61,63,56,74,87
[13840.533578] [AOA] Measurement: 0,1627141457.910408,08:55:31:9b:05:29,2,1,2,0,128,156,472,97,947,245,784,998,616,396,298,319,594,737,875,76,386,933,949,924,471,455,203,50,1012,707,491,459,699,683,290,1002,462,75,56,55,87,68,71,64,53,54,90,64,65,59,47,76,82,81,72,53,76,32,65,25,45,50,56,63,68,71,62,85,97
[13840.578280] [AOA] Measurement: 0,1627141457.955109,08:55:31:9b:05:29,2,1,2,0,128,744,740,771,209,812,1018,594,902,1000,556,890,815,256,26,660,646,599,199,541,742,1,389,650,247,730,558,124,996,207,497,731,8,65,49,48,74,59,60,54,45,47,79,56,58,52,42,67,71,71,63,49,68,28,55,21,38,42,47,53,55,61,52,73,81
[13840.622517] [AOA] Measurement: 0,1627141457.999346,08:55:31:9b:05:29,2,1,2,0,128,728,750,162,965,195,783,1011,638,350,305,297,576,728,839,138,429,27,14,521,719,16,481,561,140,249,769,515,731,611,232,921,453,67,50,51,78,63,62,58,47,49,83,58,59,55,43,70,74,73,66,51,69,27,58,20,37,43,48,55,58,60,52,74,85
[13840.667714] [AOA] Measurement: 0,1627141458.044544,08:55:31:9b:05:29,2,1,2,0,128,235,587,703,116,855,4,564,840,926,527,920,819,691,802,717,678,971,950,968,511,9,475,742,265,309,765,109,1013,237,545,918,230,71,53,53,81,62,64,59,47,51,85,60,59,55,42,70,75,73,65,51,70,29,56,21,36,41,47,53,57,60,53,73,85
[13840.711221] [AOA] Measurement: 0,1627141458.088051,08:55:31:9b:05:29,2,1,2,0,128,693,759,794,208,740,920,1016,654,358,281,384,631,227,0,682,685,21,1012,472,723,36,440,620,239,238,734,80,966,241,553,126,408,67,50,50,77,60,63,57,47,48,79,57,57,54,41,69,73,72,65,50,70,28,57,22,37,42,47,52,56,61,52,71,80
[13840.750222] [AOA] Measurement: 0,1627141458.127048,08:55:31:9b:05:29,2,1,2,0,128,702,725,746,179,833,1014,611,912,982,635,924,865,207,1,716,707,595,227,516,745,102,516,710,281,272,753,85,964,250,554,590,863,82,60,63,93,74,77,69,57,58,96,69,71,62,50,79,85,85,75,57,81,33,66,24,44,49,56,64,69,72,62,87,96
[13840.792631] [AOA] Measurement: 0,1627141458.169461,08:55:31:9b:05:29,2,1,2,0,128,676,698,719,152,828,1020,642,899,993,617,975,904,219,29,614,614,10,980,970,513,510,230,714,254,284,780,65,966,220,536,944,222,66,47,51,76,60,61,57,45,47,78,55,57,53,41,66,70,72,65,49,70,28,56,21,36,41,46,52,57,60,51,72,82
[13840.836559] [AOA] Measurement: 0,1627141458.213387,08:55:31:9b:05:29,2,1,2,0,128,670,680,143,963,320,847,564,887,936,519,252,545,709,812,63,416,993,969,982,486,506,266,624,194,241,740,534,735,678,272,482,1007,65,48,49,74,60,60,57,45,48,78,56,59,50,42,66,71,69,62,49,67,28,56,21,37,42,47,51,57,60,52,73,82
[13840.883501] [AOA] Measurement: 0,1627141458.260326,08:55:31:9b:05:29,2,1,2,0,128,726,700,111,963,785,989,572,848,916,511,838,775,198,12,80,376,6,1,523,727,490,228,80,1002,317,766,104,978,214,501,382,684,82,61,61,90,72,75,69,57,57,97,70,67,64,47,80,85,84,76,57,80,32,65,24,42,49,53,62,66,67,58,82,95
[13840.929391] [AOA] Measurement: 0,1627141458.306219,08:55:31:9b:05:29,2,1,2,0,128,203,528,176,998,243,832,32,687,918,531,917,832,233,1017,719,675,530,149,542,775,121,515,674,249,306,789,35,939,726,342,432,744,66,49,50,75,58,60,55,45,47,79,55,57,51,40,66,71,70,63,47,67,29,55,21,36,42,47,52,56,59,52,74,84
[13840.974899] [AOA] Measurement: 0,1627141458.351728,08:55:31:9b:05:29,2,1,2,0,128,120,490,154,964,195,740,12,624,318,270,180,484,717,802,86,420,995,967,953,491,506,242,671,222,214,737,510,708,675,282,4,391,71,54,54,80,65,65,61,50,51,85,61,59,55,43,70,74,73,67,52,71,29,59,21,36,44,47,56,59,62,53,72,83
[13841.018671] [AOA] Measurement: 0,1627141458.395504,08:55:31:9b:05:29,2,1,2,0,128,215,553,802,210,809,950,543,863,953,565,856,796,295,76,723,720,655,263,496,747,120,495,710,288,208,752,137,958,160,496,146,573,69,52,53,78,63,63,59,48,49,82,58,58,53,40,67,71,71,64,49,70,29,56,21,37,42,47,54,57,61,52,74,82
[13841.063177] [AOA] Measurement: 0,1627141458.440003,08:55:31:9b:05:29,2,1,2,0,128,708,780,740,177,789,975,555,884,922,517,956,843,272,38,671,678,564,163,474,715,51,456,701,261,267,755,212,53,266,603,748,816,68,51,52,78,63,65,59,47,49,83,60,60,55,42,71,73,73,67,50,70,29,56,22,36,44,48,53,60,61,54,74,84
[13841.113370] [AOA] Measurement: 0,1627141458.490195,08:55:31:9b:05:29,2,1,2,0,128,732,743,755,191,773,998,986,604,401,360,392,628,246,1008,142,476,5,1003,962,531,411,164,115,1021,702,522,584,761,714,326,922,279,68,52,53,79,63,62,60,47,48,82,59,58,54,42,68,73,74,66,51,71,28,56,20,37,43,46,53,56,59,52,71,82
[13841.157208] [AOA] Measurement: 0,1627141458.534033,08:55:31:9b:05:29,2,1,2,0,128,683,721,699,135,818,987,25,693,395,293,352,616,762,844,718,710,606,191,476,725,19,435,647,205,325,783,46,955,663,291,42,475,71,52,55,80,64,64,60,48,50,84,60,58,55,42,70,74,74,67,51,72,29,57,21,37,43,48,54,58,60,52,72,82
[13841.199772] [AOA] Measurement: 0,1627141458.576596,08:55:31:9b:05:29,2,1,2,0,128,716,729,745,125,896,993,537,822,925,560,848,765,704,838,725,680,619,218,481,730,53,462,656,219,296,764,66,969,702,322,830,78,58,48,48,65,54,55,51,41,41,74,51,37,47,31,56,53,56,52,39,55,22,42,14,22,26,32,39,40,42,35,49,56
[13841.244770] [AOA] Measurement: 0,1627141458.621601,08:55:31:9b:05:29,2,1,2,0,128,723,752,710,124,839,1017,556,858,939,542,847,763,702,827,172,485,953,963,923,479,506,239,110,43,742,580,89,958,175,500,1003,291,72,55,55,83,67,65,61,49,52,87,62,58,55,42,70,73,72,66,50,71,29,55,21,35,42,47,54,57,62,52,73,83
[13841.288364] [AOA] Measurement: 0,1627141458.665194,08:55:31:9b:05:29,2,1,2,0,128,143,536,128,976,273,793,19,655,359,286,325,593,644,820,93,443,1,985,958,487,509,260,681,238,250,748,51,930,244,538,807,185,66,52,53,79,64,62,57,50,49,82,57,53,52,38,68,68,71,64,49,69,25,53,19,32,39,42,49,52,56,47,63,75
[13841.331417] [AOA] Measurement: 0,1627141458.708248,08:55:31:9b:05:29,2,1,2,0,128,161,563,144,982,818,1023,594,897,982,584,895,813,253,19,712,721,575,203,481,702,94,448,685,249,259,743,494,770,688,296,176,644,68,53,53,79,62,63,57,47,50,82,60,58,56,42,68,74,71,66,49,70,28,55,21,36,42,47,53,55,60,52,71,81
[13841.370727] [AOA] Measurement: 0,1627141458.747552,08:55:31:9b:05:29,2,1,2,0,128,735,760,136,937,277,806,14,674,368,310,860,773,231,1021,135,446,23,1,479,742,40,455,639,196,232,763,105,977,187,488,797,156,82,61,62,94,75,76,70,56,58,98,69,67,63,49,80,86,85,77,57,83,33,67,25,43,51,54,63,67,71,60,83,96
[13841.420843] [AOA] Measurement: 0,1627141458.797668,08:55:31:9b:05:29,2,1,2,0,128,740,726,706,139,274,802,567,842,1001,566,969,867,244,35,705,660,629,207,443,711,508,253,707,246,312,810,75,961,647,270,115,595,71,54,54,81,65,65,60,49,50,85,61,58,55,42,69,74,75,67,50,71,28,57,22,36,43,47,54,58,59,51,73,82
[13841.464316] [AOA] Measurement: 0,1627141458.841141,08:55:31:9b:05:29,2,1,2,0,128,623,686,174,1002,801,13,551,876,879,486,899,802,242,1017,675,665,594,162,524,693,499,236,654,214,286,769,72,986,250,552,185,520,70,53,53,80,64,63,58,49,50,83,60,59,55,42,69,73,72,65,48,70,28,56,21,35,42,47,53,58,61,53,72,82
[13841.509261] [AOA] Measurement: 0,1627141458.886091,08:55:31:9b:05:29,2,1,2,0,128,177,559,715,135,808,996,985,654,390,307,874,797,703,838,117,467,51,27,995,552,35,434,638,231,336,825,63,963,227,526,784,245,71,53,55,82,65,65,60,51,50,85,60,57,55,42,70,74,73,67,50,71,28,56,20,35,42,47,55,57,62,53,74,83
[13841.554241] [AOA] Measurement: 0,1627141458.931070,08:55:31:9b:05:29,2,1,2,0,128,776,777,718,167,884,45,578,871,970,545,921,792,236,1022,659,645,600,181,469,701,120,513,693,264,294,735,132,3,277,552,264,453,82,62,61,92,73,75,70,55,58,97,68,69,63,49,80,85,84,75,56,81,32,66,25,44,49,56,64,66,71,62,88,99
[13841.597525] [AOA] Measurement: 0,1627141458.974356,08:55:31:9b:05:29,2,1,2,0,128,698,703,211,986,240,786,15,667,426,355,342,615,706,865,646,628,29,1017,541,756,75,459,706,226,293,807,109,1022,283,567,479,631,68,50,52,80,62,63,58,45,49,82,57,60,51,42,67,73,72,63,48,66,28,56,20,37,44,48,53,58,60,53,74,84
[13841.640977] [AOA] Measurement: 0,1627141459.017807,08:55:31:9b:05:29,2,1,2,0,128,228,577,749,179,835,14,524,824,954,536,857,739,681,831,119,459,2,998,949,530,496,238,168,50,307,793,571,768,204,503,123,463,83,62,63,92,75,74,67,56,56,97,68,65,64,48,81,84,83,76,59,79,31,64,23,39,48,52,61,63,67,57,77,93
[13841.679547] [AOA] Measurement: 0,1627141459.056378,08:55:31:9b:05:29,2,1,2,0,128,206,575,167,1003,820,990,10,697,351,364,936,848,212,993,683,687,1023,979,933,494,499,213,102,45,296,728,110,1020,227,524,577,978,72,54,53,80,63,65,60,49,50,84,61,58,54,43,70,74,73,66,49,72,28,58,20,34,42,46,53,58,61,52,74,83
[13841.718396] [AOA] Measurement: 0,1627141459.095226,08:55:31:9b:05:29,2,1,2,0,128,774,760,753,177,741,969,551,836,872,510,939,866,259,64,638,626,576,155,537,817,33,426,619,224,268,757,97,935,205,503,561,979,70,52,52,79,64,63,59,48,50,82,60,55,55,41,68,72,71,66,50,70,28,56,19,35,41,45,53,55,58,49,69,80
[13841.761771] [AOA] Measurement: 0,1627141459.138601,08:55:31:9b:05:29,2,1,2,0,128,671,662,676,110,794,1004,552,804,318,240,206,524,263,988,631,652,492,136,471,695,13,427,721,220,208,743,5,882,171,466,671,6,82,63,63,94,74,75,69,58,59,98,70,68,64,49,81,84,84,77,57,82,32,65,24,41,47,51,60,64,69,58,80,96
[13841.801169] [AOA] Measurement: 0,1627141459.177994,08:55:31:9b:05:29,2,1,2,0,128,721,716,160,985,272,808,556,867,914,523,867,801,308,58,694,681,561,150,566,768,20,467,591,198,285,788,53,973,140,472,547,1009,70,53,54,83,65,65,60,50,50,85,60,57,55,41,70,74,74,68,50,72,28,57,21,35,42,46,53,55,59,51,72,82
[13841.843224] [AOA] Measurement: 0,1627141459.220053,08:55:31:9b:05:29,2,1,2,0,128,172,529,158,952,277,799,563,845,898,508,836,772,747,872,168,495,1012,982,896,439,529,251,674,225,218,697,597,790,223,540,155,463,67,50,50,76,60,62,58,46,47,81,57,59,53,41,67,74,71,65,48,68,28,57,22,38,42,47,52,57,62,53,75,85
[13841.887362] [AOA] Measurement: 0,1627141459.264191,08:55:31:9b:05:29,2,1,2,0,128,754,742,729,163,800,975,992,675,917,518,919,810,273,1,632,614,567,197,510,748,39,483,710,265,196,710,538,772,264,557,877,174,78,56,59,88,71,74,68,54,55,94,67,69,61,46,79,82,83,73,55,78,32,65,25,43,51,54,62,66,69,60,86,97
[13841.937186] [AOA] Measurement: 0,1627141459.314011,08:55:31:9b:05:29,2,1,2,0,128,789,793,683,146,244,804,1003,625,416,353,861,770,716,860,124,510,590,196,500,712,15,463,703,247,289,749,519,749,261,544,718,124,66,47,47,74,57,59,55,44,46,79,54,57,51,40,66,70,67,59,45,65,27,54,21,37,41,47,52,56,60,51,72,80
[13841.981720] [AOA] Measurement: 0,1627141459.358550,08:55:31:9b:05:29,2,1,2,0,128,702,715,664,118,770,940,603,880,1011,586,928,833,218,16,641,650,532,155,422,679,477,213,117,37,263,739,36,961,661,308,304,685,69,51,53,80,64,66,59,48,49,83,59,59,55,42,69,72,74,65,49,69,28,57,21,38,43,48,54,58,63,55,75,86
[13842.020247] [AOA] Measurement: 0,1627141459.397077,08:55:31:9b:05:29,2,1,2,0,128,693,708,674,124,829,1007,646,925,943,541,855,771,200,7,685,667,602,190,519,738,1004,412,672,254,266,741,39,955,286,568,904,115,67,47,49,75,60,61,55,47,47,78,54,59,51,39,64,70,69,62,47,65,27,54,22,37,42,47,52,58,61,52,71,81
[13842.062031] [AOA] Measurement: 0,1627141459.438861,08:55:31:9b:05:29,2,1,2,0,128,755,787,752,202,813,971,517,850,937,553,852,766,703,820,123,405,61,1,1012,599,28,430,623,222,289,767,113,988,233,543,229,549,70,53,55,81,65,67,60,48,50,84,58,56,55,40,70,74,74,68,50,70,28,57,20,34,43,47,54,57,60,53,73,85
[13842.106416] [AOA] Measurement: 0,1627141459.483247,08:55:31:9b:05:29,2,1,2,0,128,188,569,711,175,779,987,540,809,370,323,889,767,666,824,89,445,996,1000,928,512,568,294,643,193,325,778,112,995,157,463,466,842,70,53,53,75,62,63,59,49,49,83,59,57,54,42,66,74,71,66,49,69,28,56,20,36,41,45,52,55,59,50,70,80
[13842.150802] [AOA] Measurement: 0,1627141459.527628,08:55:31:9b:05:29,2,1,2,0,128,807,799,689,157,812,990,1003,620,379,308,898,819,232,1004,130,463,58,1010,523,745,28,417,85,3,310,762,66,953,265,544,659,11,68,49,50,76,61,61,57,47,49,81,57,57,52,42,68,71,71,65,49,68,28,56,20,35,41,45,52,56,60,50,70,82
[13842.193954] [AOA] Measurement: 0,1627141459.570784,08:55:31:9b:05:29,2,1,2,0,128,169,563,177,956,855,1007,516,833,911,524,912,791,314,76,744,724,614,234,474,705,28,431,648,235,270,756,52,934,229,506,937,328,70,51,52,81,65,66,62,48,51,86,60,67,57,46,73,79,77,69,50,72,31,62,24,43,48,53,59,63,70,60,83,94
[13842.237191] [AOA] Measurement: 0,1627141459.614020,08:55:31:9b:05:29,2,1,2,0,128,731,767,692,132,793,996,1,656,396,328,280,578,712,825,43,413,23,1013,917,478,474,204,125,12,208,735,56,944,203,485,151,483,69,49,52,78,62,62,57,48,49,83,57,60,54,41,69,75,72,66,47,68,28,57,21,38,42,48,55,59,63,54,75,84
[13842.280421] [AOA] Measurement: 0,1627141459.657253,08:55:31:9b:05:29,2,1,2,0,128,143,529,178,980,274,824,551,844,982,599,890,795,309,63,636,629,1,973,510,719,36,440,671,253,249,756,54,931,666,312,635,52,82,62,63,91,73,75,68,58,58,98,72,65,65,49,81,84,84,77,55,79,31,65,23,39,48,51,61,64,67,57,80,94
[13842.318768] [AOA] Measurement: 0,1627141459.695593,08:55:31:9b:05:29,2,1,2,0,128,174,496,138,966,224,793,1011,645,364,302,340,614,267,53,663,665,535,172,459,674,63,453,113,4,722,560,548,774,651,269,43,502,69,53,54,81,64,64,59,48,49,85,61,56,55,42,71,72,74,67,51,71,28,56,21,34,40,45,51,55,59,49,71,81
[13842.362801] [AOA] Measurement: 0,1627141459.739626,08:55:31:9b:05:29,2,1,2,0,128,739,769,777,204,793,990,526,863,933,515,878,812,671,822,96,453,962,972,994,532,457,215,714,251,320,774,61,959,653,314,679,72,78,58,57,89,70,71,68,53,56,94,67,68,61,49,79,84,82,74,56,79,32,63,24,42,50,53,62,67,71,61,84,97
[13842.413373] [AOA] Measurement: 0,1627141459.790199,08:55:31:9b:05:29,2,1,2,0,128,683,742,735,139,852,978,522,833,862,466,892,759,293,32,748,725,564,195,457,710,78,523,745,303,342,783,82,957,190,517,254,600,69,51,53,81,63,62,58,48,49,83,58,59,53,42,68,72,72,65,49,70,27,57,21,38,42,47,54,58,62,53,75,85
[13842.457987] [AOA] Measurement: 0,1627141459.834815,08:55:31:9b:05:29,2,1,2,0,128,771,738,789,198,859,4,534,867,927,551,926,867,278,65,682,651,630,208,544,773,1020,415,668,230,290,800,109,995,230,509,363,672,65,47,46,75,57,60,55,44,45,77,55,58,52,40,66,72,69,62,46,66,27,55,20,36,41,47,51,57,61,53,73,83
[13842.502431] [AOA] Measurement: 0,1627141459.879261,08:55:31:9b:05:29,2,1,2,0,128,739,744,696,159,815,1005,567,906,935,503,910,784,381,79,728,700,559,162,505,726,564,309,107,12,356,831,87,993,249,537,469,680,80,62,61,92,74,75,68,54,57,96,69,69,63,50,81,85,84,75,58,81,33,67,25,44,51,55,63,67,69,61,85,96
[13842.552688] [AOA] Measurement: 0,1627141459.929513,08:55:31:9b:05:29,2,1,2,0,128,700,706,736,184,755,950,991,583,374,312,840,772,255,39,732,717,605,208,492,738,72,468,692,231,176,721,48,927,236,526,349,721,70,56,55,82,66,66,61,49,50,84,59,54,55,40,70,72,73,68,49,71,26,55,20,32,40,44,52,52,57,50,68,81
[13842.604629] [AOA] Measurement: 0,1627141459.981454,08:55:31:9b:05:29,2,1,2,0,128,105,491,62,912,232,787,989,600,399,339,300,574,763,871,87,447,2,998,523,736,68,452,617,201,238,750,37,914,654,264,411,857,66,50,51,77,62,62,58,46,48,78,58,59,52,41,66,72,71,63,47,67,27,56,20,38,42,47,52,56,60,52,72,82
[13842.649063] [AOA] Measurement: 0,1627141460.025892,08:55:31:9b:05:29,2,1,2,0,128,224,575,733,170,802,1006,574,878,919,541,933,826,208,32,119,430,12,983,1004,532,505,205,621,201,233,706,480,720,690,308,67,567,79,59,59,91,71,72,68,53,57,94,67,70,63,49,79,85,84,75,56,79,32,66,25,42,50,55,62,68,71,62,85,97
[13842.693903] [AOA] Measurement: 0,1627141460.070733,08:55:31:9b:05:29,2,1,2,0,128,659,709,756,187,820,1004,533,849,932,532,862,797,248,1014,704,674,591,191,516,773,69,468,668,219,262,768,20,953,633,289,554,872,65,47,48,73,58,59,54,43,45,73,52,58,49,38,62,69,65,57,43,60,25,52,20,37,41,45,50,55,58,50,70,79
[13842.737316] [AOA] Measurement: 0,1627141460.114145,08:55:31:9b:05:29,2,1,2,0,128,718,727,758,199,819,1011,497,832,937,554,846,771,250,43,673,639,578,158,973,515,542,265,615,196,746,537,557,762,250,536,324,594,80,62,64,91,73,75,68,57,57,97,71,64,62,47,78,82,81,76,58,80,31,60,22,36,46,49,57,60,63,53,74,85
[13842.781345] [AOA] Measurement: 0,1627141460.158174,08:55:31:9b:05:29,2,1,2,0,128,137,503,105,910,222,801,1012,622,325,286,336,629,717,835,133,462,54,30,448,712,465,215,92,992,718,572,550,762,666,302,157,490,70,52,53,81,62,64,59,48,49,84,59,57,54,42,69,72,73,66,50,70,29,58,22,37,43,48,55,58,60,53,75,84
[13842.821171] [AOA] Measurement: 0,1627141460.197997,08:55:31:9b:05:29,2,1,2,0,128,703,734,673,153,830,0,529,877,944,548,898,800,206,20,681,669,589,172,464,681,30,440,615,196,737,530,515,725,584,227,326,882,60,44,42,68,55,56,51,40,41,70,50,56,47,38,61,65,65,57,43,61,26,50,21,35,41,46,48,53,56,49,70,74
[13842.871563] [AOA] Measurement: 0,1627141460.248389,08:55:31:9b:05:29,2,1,2,0,128,215,569,695,110,284,824,530,819,343,310,891,812,243,29,733,688,590,181,490,695,46,467,635,188,699,534,485,741,685,290,196,662,70,54,56,81,65,64,61,50,51,85,60,56,54,41,68,71,71,67,52,70,28,57,21,34,41,43,52,55,58,49,70,81
[13842.916921] [AOA] Measurement: 0,1627141460.293753,08:55:31:9b:05:29,2,1,2,0,128,137,493,135,941,193,725,20,694,336,269,276,568,716,828,103,473,8,994,961,519,80,464,666,257,240,727,33,899,672,296,175,602,66,47,47,76,58,59,56,45,46,78,54,58,51,41,66,71,68,63,47,65,28,55,21,37,42,48,53,58,61,52,74,84
[13842.961192] [AOA] Measurement: 0,1627141460.338019,08:55:31:9b:05:29,2,1,2,0,128,175,550,146,965,852,23,527,830,932,527,886,798,186,962,180,474,5,982,929,502,476,215,89,2,769,596,538,741,232,524,524,867,71,53,53,81,64,65,60,48,49,83,59,59,55,42,69,73,74,65,50,69,29,56,22,37,44,48,54,58,62,54,75,86
[13843.000433] [AOA] Measurement: 0,1627141460.377263,08:55:31:9b:05:29,2,1,2,0,128,154,537,235,1019,782,966,531,859,933,533,860,786,209,0,108,463,1019,995,943,458,466,223,23,973,736,521,528,747,693,322,986,317,64,47,48,75,59,62,56,46,47,79,58,57,52,41,68,74,70,65,48,69,29,56,21,37,42,48,54,59,62,53,74,85
[13843.044116] [AOA] Measurement: 0,1627141460.420947,08:55:31:9b:05:29,2,1,2,0,128,203,517,156,968,224,764,25,696,993,553,866,789,258,3,129,467,23,1017,941,512,528,298,121,39,275,769,57,941,641,276,150,673,81,62,62,92,75,74,69,58,58,99,70,62,63,47,80,81,84,77,59,83,33,65,23,39,47,51,61,62,66,58,80,94
[13843.086645] [AOA] Measurement: 0,1627141460.463470,08:55:31:9b:05:29,2,1,2,0,128,769,757,748,175,794,961,955,607,370,312,310,556,660,761,76,389,1020,974,922,479,472,205,60,994,722,567,570,758,688,301,74,560,83,62,66,97,77,76,71,57,61,102,72,71,65,49,84,89,89,78,61,86,34,68,26,44,50,56,65,68,72,62,87,101
[13843.130456] [AOA] Measurement: 0,1627141460.507288,08:55:31:9b:05:29,2,1,2,0,128,644,668,207,997,869,45,502,828,412,321,876,760,219,23,94,417,960,954,944,490,475,215,123,18,219,717,530,749,735,332,257,702,70,54,54,79,64,63,59,48,49,81,58,55,53,40,67,70,72,65,49,68,26,55,19,34,40,44,50,54,59,50,69,80
[13843.169096] [AOA] Measurement: 0,1627141460.545922,08:55:31:9b:05:29,2,1,2,0,128,683,724,142,962,198,799,995,636,436,326,862,817,183,982,94,470,61,1007,481,714,492,236,135,38,336,822,71,939,232,525,476,776,59,42,44,68,54,57,51,41,42,72,51,56,47,37,62,67,65,58,44,63,26,54,20,38,41,46,51,56,58,52,71,80
[13843.213109] [AOA] Measurement: 0,1627141460.589933,08:55:31:9b:05:29,2,1,2,0,128,160,528,109,954,209,766,8,597,368,312,304,593,738,819,671,622,44,1014,925,495,471,214,91,11,846,684,51,948,230,554,1011,254,69,52,54,80,64,64,60,50,50,84,59,60,54,42,69,75,73,67,50,70,29,58,21,36,44,48,54,59,60,52,74,82
[13843.263923] [AOA] Measurement: 0,1627141460.640748,08:55:31:9b:05:29,2,1,2,0,128,760,773,693,130,812,1010,987,613,407,371,285,543,762,831,92,425,39,23,507,706,22,432,636,193,292,779,77,961,244,574,469,840,80,61,61,93,74,73,70,55,58,99,70,67,62,47,81,83,84,77,58,81,31,66,24,41,48,51,61,63,67,59,80,93
[13843.307644] [AOA] Measurement: 0,1627141460.684468,08:55:31:9b:05:29,2,1,2,0,128,153,559,231,1013,808,988,1011,645,318,292,277,584,739,877,118,461,40,1013,477,713,53,444,622,179,682,504,587,787,251,566,854,215,83,63,64,93,74,75,69,58,60,98,71,67,63,49,82,87,86,77,59,82,33,66,24,41,49,54,62,65,68,60,81,92
[13843.347425] [AOA] Measurement: 0,1627141460.724254,08:55:31:9b:05:29,2,1,2,0,128,157,524,207,988,252,788,575,863,934,543,899,783,736,825,718,655,35,1007,516,733,506,252,625,221,686,540,577,780,696,317,389,753,67,50,52,78,61,63,58,46,48,80,57,59,52,41,68,74,73,66,48,69,29,57,22,37,43,49,54,58,62,52,74,84
[13843.393162] [AOA] Measurement: 0,1627141460.769992,08:55:31:9b:05:29,2,1,2,0,128,719,701,233,2,819,1005,564,828,929,496,926,827,332,104,719,674,573,200,526,719,110,537,667,250,315,789,81,1004,290,601,483,788,62,45,46,72,56,58,55,41,45,75,53,58,50,39,64,70,66,60,45,62,27,53,21,37,42,47,51,55,60,51,72,81
[13843.436038] [AOA] Measurement: 0,1627141460.812864,08:55:31:9b:05:29,2,1,2,0,128,748,751,730,165,739,967,524,866,965,542,916,808,255,61,695,669,599,191,519,741,25,460,646,216,262,749,47,965,278,562,244,512,69,53,52,82,62,64,58,49,49,84,60,60,55,42,70,74,74,66,50,70,29,58,21,36,43,47,54,58,61,54,76,86
[13843.480384] [AOA] Measurement: 0,1627141460.857210,08:55:31:9b:05:29,2,1,2,0,128,734,722,713,162,821,983,566,842,942,559,900,809,280,38,707,694,597,185,489,732,1000,423,54,16,789,625,67,944,706,367,604,972,83,62,65,94,77,74,70,57,59,100,71,67,64,49,82,85,85,78,59,83,34,66,24,42,49,53,64,67,71,62,85,99
[13843.523480] [AOA] Measurement: 0,1627141460.900312,08:55:31:9b:05:29,2,1,2,0,128,708,772,743,159,784,995,472,782,371,323,867,758,205,1009,673,661,987,963,526,737,38,448,708,287,263,811,75,965,665,276,15,382,72,55,55,81,66,66,62,51,50,84,60,59,55,42,68,72,71,66,51,72,29,58,22,37,42,48,56,58,60,51,72,84
[13843.567096] [AOA] Measurement: 0,1627141460.943925,08:55:31:9b:05:29,2,1,2,0,128,696,691,92,934,251,765,1003,616,335,269,280,535,720,825,141,486,980,987,921,472,563,267,57,1009,749,558,71,941,221,478,736,93,69,52,51,80,62,64,58,48,50,83,59,59,55,42,71,74,73,66,49,71,29,56,21,35,42,48,54,59,60,52,72,83
[13843.614829] [AOA] Measurement: 0,1627141460.991658,08:55:31:9b:05:29,2,1,2,0,128,188,554,163,989,268,814,1017,695,913,503,857,750,743,868,106,440,601,188,446,684,10,389,618,174,718,525,539,753,716,339,768,77,68,53,53,79,62,63,60,49,50,84,60,58,55,41,70,73,73,67,50,72,29,56,20,36,41,46,53,56,58,51,71,83
[13843.661490] [AOA] Measurement: 0,1627141461.038314,08:55:31:9b:05:29,2,1,2,0,128,741,762,655,115,179,764,998,627,396,309,869,788,695,804,111,435,68,26,497,732,1000,392,101,21,262,755,550,761,756,330,528,829,66,50,50,76,61,62,57,46,48,80,56,59,53,41,66,72,70,62,47,67,27,56,20,36,42,47,52,57,61,51,73,83
[13843.706747] [AOA] Measurement: 0,1627141461.083579,08:55:31:9b:05:29,2,1,2,0,128,179,520,154,975,803,997,509,816,979,564,902,795,669,801,86,426,978,946,912,458,475,215,142,10,257,752,513,721,696,294,477,826,71,55,54,80,64,65,60,50,50,86,61,57,54,41,70,71,72,67,51,73,29,56,20,35,42,45,52,56,60,51,70,81
[13843.749258] [AOA] Measurement: 0,1627141461.126084,08:55:31:9b:05:29,2,1,2,0,128,150,579,143,981,329,833,525,864,385,305,862,752,697,835,686,620,12,977,889,485,444,173,24,985,793,583,489,683,656,285,357,793,78,58,57,89,70,72,67,54,54,92,67,67,61,48,79,85,85,76,56,81,33,65,24,43,50,54,63,69,72,63,85,98
[13843.787967] [AOA] Measurement: 0,1627141461.164797,08:55:31:9b:05:29,2,1,2,0,128,723,707,700,168,768,983,1008,634,425,308,882,787,714,840,30,360,990,999,897,450,446,223,3,945,695,498,551,758,740,327,150,578,68,53,54,79,65,63,59,48,49,82,59,54,53,39,69,70,70,66,50,70,27,54,20,33,39,45,51,55,57,49,68,79
[13843.832557] [AOA] Measurement: 0,1627141461.209386,08:55:31:9b:05:29,2,1,2,0,128,161,497,129,943,203,773,44,671,387,324,341,621,767,873,719,701,534,155,447,716,494,251,116,42,671,523,565,776,637,280,378,817,71,53,53,81,64,66,60,49,51,85,61,59,55,42,69,74,75,67,51,70,30,58,21,37,44,47,54,58,62,54,73,85
[13843.883371] [AOA] Measurement: 0,1627141461.260196,08:55:31:9b:05:29,2,1,2,0,128,712,728,747,197,808,987,506,850,369,325,314,627,705,809,150,483,0,988,960,529,42,460,611,213,251,715,81,977,213,513,382,679,66,50,48,76,59,58,54,44,47,78,55,57,51,41,67,72,71,61,47,65,28,55,20,36,40,46,50,55,58,52,71,78
[13843.940581] [AOA] Measurement: 0,1627141461.317410,08:55:31:9b:05:29,2,1,2,0,128,717,765,722,185,776,1016,492,805,953,579,960,863,225,26,685,660,557,159,937,523,489,199,95,1021,748,551,585,797,703,358,34,406,71,53,52,79,64,64,58,48,50,84,60,59,55,42,69,73,72,67,52,71,29,58,21,37,44,49,54,58,62,52,74,85
[13843.985165] [AOA] Measurement: 0,1627141461.361995,08:55:31:9b:05:29,2,1,2,0,128,726,779,801,230,838,20,479,811,862,477,290,584,765,877,658,667,620,211,533,798,11,419,678,221,285,765,127,994,272,587,599,829,65,46,48,74,58,59,54,43,45,75,54,58,51,41,66,70,68,60,44,65,27,53,21,37,42,47,51,57,58,53,72,81
[13844.028247] [AOA] Measurement: 0,1627141461.405076,08:55:31:9b:05:29,2,1,2,0,128,160,548,180,997,167,752,1019,628,964,527,838,777,197,985,115,453,1021,948,891,430,478,212,92,12,256,765,145,965,208,512,154,574,65,50,50,77,60,61,55,45,48,80,57,58,53,41,68,71,70,64,48,68,27,55,20,37,41,47,52,56,60,51,72,82
[13844.066952] [AOA] Measurement: 0,1627141461.443782,08:55:31:9b:05:29,2,1,2,0,128,114,442,148,963,309,835,554,862,921,520,860,797,279,23,674,649,598,168,487,743,968,358,91,1021,674,499,518,721,648,318,473,903,70,54,56,81,65,65,60,49,50,84,60,54,55,41,69,74,71,67,51,71,28,55,21,34,39,45,52,53,57,49,70,79
[13844.109957] [AOA] Measurement: 0,1627141461.486787,08:55:31:9b:05:29,2,1,2,0,128,164,550,93,925,310,839,26,692,383,360,858,798,283,13,712,723,573,163,520,747,2,441,624,191,714,493,542,752,691,333,137,603,77,56,59,88,71,72,67,53,55,92,67,68,61,47,76,82,81,73,56,78,31,65,24,43,50,55,62,67,70,61,84,96
[13844.149205] [AOA] Measurement: 0,1627141461.526035,08:55:31:9b:05:29,2,1,2,0,128,719,755,761,199,791,995,520,862,956,580,893,829,281,56,169,511,597,185,468,709,66,448,736,281,319,771,104,994,272,560,11,289,82,63,64,93,75,75,69,59,59,100,70,63,65,46,80,81,83,76,57,81,32,64,22,37,46,50,59,61,65,54,74,85
[13844.193824] [AOA] Measurement: 0,1627141461.570649,08:55:31:9b:05:29,2,1,2,0,128,751,754,775,211,799,987,553,867,865,497,886,822,254,58,98,465,31,995,994,533,501,218,43,1011,678,500,546,747,773,392,564,888,71,54,54,80,64,63,59,49,49,84,60,58,56,40,69,72,71,66,47,70,27,56,21,35,41,46,54,56,60,52,71,84
[13844.244112] [AOA] Measurement: 0,1627141461.620937,08:55:31:9b:05:29,2,1,2,0,128,718,751,741,176,775,968,566,864,914,468,909,792,305,94,735,706,620,253,510,712,36,423,666,187,245,730,90,1008,199,518,443,764,82,61,61,95,74,74,69,57,58,98,70,71,65,49,81,88,86,78,58,84,33,67,25,44,51,56,64,68,72,61,85,99
[13844.292958] [AOA] Measurement: 0,1627141461.669787,08:55:31:9b:05:29,2,1,2,0,128,768,818,707,156,780,949,1008,666,926,516,362,620,315,41,161,495,607,239,488,746,100,481,676,262,280,777,95,958,682,309,218,710,67,48,49,74,60,61,56,46,47,79,55,58,52,41,66,73,70,64,47,68,27,56,21,36,43,47,53,57,61,52,74,83
[13844.343236] [AOA] Measurement: 0,1627141461.720061,08:55:31:9b:05:29,2,1,2,0,128,742,757,692,158,908,29,624,954,976,602,899,842,255,19,644,641,66,30,555,768,40,452,692,253,306,763,74,950,306,563,306,719,61,46,45,73,55,56,53,41,44,74,51,57,48,39,63,67,66,59,45,63,26,51,20,36,40,44,51,54,58,50,72,80
[13844.398151] [AOA] Measurement: 0,1627141461.774979,08:55:31:9b:05:29,2,1,2,0,128,716,741,716,148,754,963,581,899,962,557,916,822,324,65,752,682,622,221,528,784,46,460,644,239,281,765,135,1010,238,555,564,957,78,57,57,89,71,72,67,53,56,94,67,69,63,49,78,83,83,76,55,79,33,65,25,43,50,56,64,67,70,62,87,97
[13844.441350] [AOA] Measurement: 0,1627141461.818181,08:55:31:9b:05:29,2,1,2,0,128,738,741,791,192,790,963,508,856,905,466,849,746,723,839,780,722,637,217,534,769,64,484,647,199,252,749,147,989,249,552,135,425,76,55,54,86,67,70,64,51,53,90,64,67,59,47,77,83,80,72,53,74,32,63,23,43,51,56,61,67,70,60,84,95
[13844.480081] [AOA] Measurement: 0,1627141461.856910,08:55:31:9b:05:29,2,1,2,0,128,208,538,148,971,270,802,1013,687,343,297,351,625,243,35,780,716,505,136,462,709,622,313,721,283,267,763,79,953,197,490,986,253,69,50,52,78,62,64,58,47,50,84,58,59,52,42,68,73,73,64,48,68,28,58,22,38,44,48,54,58,62,54,75,84
[13844.519597] [AOA] Measurement: 0,1627141461.896426,08:55:31:9b:05:29,2,1,2,0,128,135,518,127,953,206,780,994,621,336,280,247,544,640,780,131,475,30,1018,515,724,43,453,608,177,775,586,562,732,656,289,10,425,70,54,54,79,63,62,59,49,49,82,59,53,53,39,66,66,69,62,48,68,27,52,18,31,37,42,50,53,55,47,64,74
[13844.563969] [AOA] Measurement: 0,1627141461.940799,08:55:31:9b:05:29,2,1,2,0,128,716,725,752,201,782,966,1014,686,351,311,353,612,776,899,157,470,592,190,498,729,497,226,734,266,297,790,136,998,248,553,765,922,70,53,54,81,66,65,59,50,50,84,59,59,55,43,70,74,72,67,51,71,29,58,22,36,43,48,54,58,63,53,75,85
[13844.608758] [AOA] Measurement: 0,1627141461.985588,08:55:31:9b:05:29,2,1,2,0,128,175,524,117,942,234,769,1000,601,306,233,334,617,731,870,692,688,2,987,493,704,496,218,76,14,227,745,155,1020,252,517,865,149,80,59,61,91,71,74,67,55,57,97,69,67,62,47,79,84,83,75,57,80,32,66,24,42,48,53,62,66,69,61,83,97
[13844.653304] [AOA] Measurement: 0,1627141462.030135,08:55:31:9b:05:29,2,1,2,0,128,268,971,724,210,771,992,592,894,966,570,959,894,280,71,818,764,604,197,490,720,17,457,686,243,268,771,104,1010,238,575,392,534,71,54,55,82,65,66,62,49,50,84,61,61,54,43,70,74,75,65,51,71,28,58,21,38,43,49,55,60,63,55,76,86
[13844.697311] [AOA] Measurement: 0,1627141462.074140,08:55:31:9b:05:29,2,1,2,0,128,129,448,127,957,322,862,958,575,362,293,325,558,671,778,67,427,954,941,844,426,453,176,63,1004,683,527,536,727,662,261,648,979,69,51,50,79,62,62,59,47,49,82,59,58,55,43,70,74,74,67,51,71,30,57,21,37,42,48,54,58,62,52,74,84
[13844.741353] [AOA] Measurement: 0,1627141462.118178,08:55:31:9b:05:29,2,1,2,0,128,698,758,675,144,759,983,925,607,347,295,286,584,688,831,165,489,29,1017,946,536,54,467,590,178,741,515,550,755,687,292,245,608,71,53,54,80,63,63,59,49,49,85,60,58,55,41,70,73,75,67,51,71,29,58,22,36,42,48,55,60,62,52,75,85
[13844.788889] [AOA] Measurement: 0,1627141462.165718,08:55:31:9b:05:29,2,1,2,0,128,654,692,198,989,219,744,1012,656,388,348,295,582,755,850,195,486,535,128,473,719,560,293,122,11,273,742,86,1007,222,519,645,890,66,48,50,76,60,61,56,45,48,80,58,58,53,40,68,70,71,65,48,67,27,57,21,36,42,47,53,55,60,53,71,82
[13844.833261] [AOA] Measurement: 0,1627141462.210092,08:55:31:9b:05:29,2,1,2,0,128,780,776,752,210,842,1008,571,863,984,570,933,848,238,17,743,711,579,212,504,748,53,484,716,276,290,768,93,970,158,486,110,450,68,51,50,77,61,61,57,47,47,80,58,57,52,40,67,70,72,66,48,69,27,55,20,36,43,47,52,57,59,50,70,81
[13844.878240] [AOA] Measurement: 0,1627141462.255070,08:55:31:9b:05:29,2,1,2,0,128,753,757,742,121,812,973,960,635,340,276,285,551,738,861,144,487,39,995,536,744,0,440,83,12,267,747,499,719,730,335,952,336,66,48,49,74,58,61,55,44,47,76,55,58,52,40,66,71,68,62,47,66,27,56,22,38,43,47,52,58,60,51,71,82
[13844.922535] [AOA] Measurement: 0,1627141462.299364,08:55:31:9b:05:29,2,1,2,0,128,144,531,220,996,791,998,471,787,448,390,874,799,717,865,78,426,13,962,933,523,516,212,94,43,674,479,556,739,688,271,329,791,69,51,51,80,61,62,58,46,48,83,57,60,52,40,68,70,69,64,50,70,28,57,22,37,44,48,54,58,61,53,75,84
[13844.972935] [AOA] Measurement: 0,1627141462.349760,08:55:31:9b:05:29,2,1,2,0,128,801,769,745,156,869,27,608,905,976,577,933,835,293,84,638,678,557,162,503,705,49,443,75,22,731,533,570,763,693,349,805,202,71,52,53,82,63,63,60,49,50,83,61,60,54,41,70,75,73,67,50,70,29,58,21,38,44,48,54,59,63,54,76,85
[13845.023584] [AOA] Measurement: 0,1627141462.400410,08:55:31:9b:05:29,2,1,2,0,128,165,546,175,1001,766,970,521,807,957,572,925,813,269,25,669,643,558,178,468,719,54,455,628,203,261,759,561,763,236,518,133,523,80,61,62,93,72,74,69,56,58,94,68,67,63,47,80,84,84,76,58,82,34,66,24,43,49,54,63,64,70,62,85,97
[13845.066905] [AOA] Measurement: 0,1627141462.443731,08:55:31:9b:05:29,2,1,2,0,128,98,449,157,947,264,800,973,598,368,310,276,562,726,851,150,459,993,990,949,513,559,260,63,1010,692,532,551,736,661,294,849,293,73,54,54,86,66,69,64,51,55,91,64,68,59,47,76,81,82,73,55,76,33,65,25,44,51,55,60,67,71,62,86,97
[13845.112194] [AOA] Measurement: 0,1627141462.489019,08:55:31:9b:05:29,2,1,2,0,128,732,744,149,990,189,765,937,608,374,302,313,601,680,792,163,465,1008,1010,918,510,478,237,107,3,717,546,554,767,266,553,427,730,81,61,60,92,73,74,69,57,57,95,68,71,63,49,79,86,85,76,57,81,33,67,25,43,50,56,63,67,71,62,86,100
