
[ 8157.664457] [AOA] Measurement: 0,1627135775.041337,08:55:31:9b:05:29,2,1,2,0,128,556,181,185,673,1000,1010,524,151,517,657,519,474,296,940,195,712,5,768,978,10,143,639,342,128,601,592,392,538,343,67,956,433,141,108,97,86,88,71,93,124,13,92,66,116,28,41,32,49,40,121,96,46,19,5,80,50,70,34,39,39,29,24,32,72
[ 8157.704967] [AOA] Measurement: 0,1627135775.081846,08:55:31:9b:05:29,2,1,2,0,128,126,367,205,661,969,1008,558,200,449,674,993,315,705,685,658,456,434,546,412,751,654,468,362,186,654,640,926,737,920,330,750,1004,136,102,98,82,87,70,93,127,12,95,67,116,28,44,33,50,40,122,95,47,17,6,82,51,72,37,42,36,27,24,34,77
[ 8157.749369] [AOA] Measurement: 0,1627135775.126249,08:55:31:9b:05:29,2,1,2,0,128,83,331,172,649,989,995,471,130,515,609,517,466,247,958,224,709,1023,733,948,1011,215,659,925,371,124,770,885,737,288,128,705,136,127,117,110,102,98,64,98,128,28,113,80,100,29,52,36,63,62,130,111,63,19,21,91,66,88,53,57,27,16,25,52,99
[ 8157.793856] [AOA] Measurement: 0,1627135775.170737,08:55:31:9b:05:29,2,1,2,0,128,586,137,639,474,428,801,971,980,952,433,27,320,642,655,722,452,464,555,466,777,658,430,323,140,636,611,1007,780,846,211,117,489,137,105,96,82,84,67,91,121,13,91,63,112,27,40,32,46,36,115,89,42,17,2,74,46,62,31,35,38,31,22,25,63
[ 8157.832578] [AOA] Measurement: 0,1627135775.209458,08:55:31:9b:05:29,2,1,2,0,128,592,161,612,409,408,794,1017,990,1001,470,1001,316,256,930,323,761,976,724,962,994,604,432,335,132,632,586,363,507,319,57,581,55,148,116,110,97,98,68,100,140,24,110,78,109,28,51,34,59,59,143,110,61,19,17,89,64,89,50,55,32,20,27,48,91
[ 8157.877212] [AOA] Measurement: 0,1627135775.254091,08:55:31:9b:05:29,2,1,2,0,128,131,412,223,689,966,1012,559,198,500,745,563,550,225,895,312,760,919,719,1008,1010,127,626,894,360,620,615,382,532,939,324,978,296,130,117,111,99,99,70,101,129,24,110,78,109,29,52,34,62,58,142,109,58,18,16,90,63,88,51,56,32,19,26,50,93
[ 8157.922356] [AOA] Measurement: 0,1627135775.299236,08:55:31:9b:05:29,2,1,2,0,128,63,326,211,669,985,1,534,200,571,675,622,550,268,939,239,731,981,688,993,18,141,664,1012,404,175,821,995,800,876,318,43,399,142,106,100,84,90,69,95,129,14,96,69,118,29,44,33,49,43,123,100,50,19,6,83,52,73,35,41,39,29,23,35,76
[ 8157.971983] [AOA] Measurement: 0,1627135775.348861,08:55:31:9b:05:29,2,1,2,0,128,589,109,250,662,470,859,493,144,981,463,1009,309,723,700,622,455,486,571,415,790,157,638,367,138,226,863,865,718,933,294,237,671,129,108,100,85,89,70,94,127,13,98,69,117,29,45,33,52,45,127,99,51,20,8,84,53,76,41,44,37,27,25,36,78
[ 8158.022604] [AOA] Measurement: 0,1627135775.399479,08:55:31:9b:05:29,2,1,2,0,128,537,133,709,458,363,788,955,979,967,475,963,263,748,759,275,714,984,771,953,987,198,630,891,329,143,788,391,574,333,28,941,506,129,106,100,84,89,70,94,124,13,93,66,116,28,43,32,48,41,122,93,47,16,6,79,48,69,35,39,39,30,23,31,68
[ 8158.067326] [AOA] Measurement: 0,1627135775.444206,08:55:31:9b:05:29,2,1,2,0,128,149,386,154,666,22,9,515,189,531,713,549,495,310,935,630,446,478,578,379,725,674,485,376,190,149,813,863,718,888,287,776,105,123,92,85,71,77,64,84,106,6,78,54,109,26,36,30,42,30,104,79,37,17,1,68,40,56,26,29,39,30,23,22,57
[ 8158.114592] [AOA] Measurement: 0,1627135775.491467,08:55:31:9b:05:29,2,1,2,0,128,582,155,658,460,957,1000,971,957,975,481,994,285,737,718,721,490,457,557,432,786,703,448,406,152,566,563,449,605,945,340,241,552,150,116,108,96,96,70,99,141,22,107,76,112,29,51,35,59,56,138,109,59,18,15,90,62,86,48,54,34,21,25,46,91
[ 8158.165214] [AOA] Measurement: 0,1627135775.542092,08:55:31:9b:05:29,2,1,2,0,128,526,131,686,452,389,766,1013,990,1003,514,957,269,698,685,729,482,997,752,311,679,616,439,434,188,200,876,893,703,409,78,936,359,140,118,109,97,98,69,98,142,23,106,76,110,29,50,34,59,55,140,111,58,18,14,89,61,84,47,53,34,21,26,47,92
[ 8158.206084] [AOA] Measurement: 0,1627135775.582964,08:55:31:9b:05:29,2,1,2,0,128,85,336,183,631,946,1014,464,104,540,676,567,508,306,975,223,698,1002,786,918,984,153,612,365,124,682,638,384,550,329,101,625,51,132,111,103,89,93,72,99,132,16,100,70,115,29,46,34,53,47,128,104,52,19,10,84,55,76,42,46,37,24,25,39,83
[ 8158.244913] [AOA] Measurement: 0,1627135775.621793,08:55:31:9b:05:29,2,1,2,0,128,116,337,201,609,943,970,965,986,1020,482,597,534,357,1005,183,723,944,722,989,9,208,629,921,366,92,774,909,745,903,373,988,220,128,102,95,83,87,71,92,124,11,91,64,115,28,42,33,49,40,120,94,46,18,4,81,49,72,35,43,40,28,25,31,75
[ 8158.283294] [AOA] Measurement: 0,1627135775.660175,08:55:31:9b:05:29,2,1,2,0,128,162,420,181,696,955,983,510,143,562,677,522,463,369,992,96,626,54,750,934,984,221,668,841,287,163,816,971,804,923,435,499,619,145,111,105,89,93,71,97,132,17,102,72,115,28,48,35,54,49,134,104,53,18,11,88,57,80,43,48,37,25,25,41,84
[ 8158.326679] [AOA] Measurement: 0,1627135775.703561,08:55:31:9b:05:29,2,1,2,0,128,62,326,635,417,449,821,963,955,994,451,14,318,283,926,212,702,22,749,950,995,147,623,366,150,171,823,972,789,892,290,595,979,144,104,99,85,91,70,92,128,15,99,71,117,30,46,34,53,46,128,100,51,18,7,82,52,73,38,44,39,29,24,35,75
[ 8158.370005] [AOA] Measurement: 0,1627135775.746887,08:55:31:9b:05:29,2,1,2,0,128,612,170,201,650,478,817,970,963,957,437,992,281,726,679,720,522,400,507,417,776,643,424,352,129,686,649,957,792,921,306,519,960,151,112,107,94,95,70,97,128,20,101,75,113,29,48,33,57,51,137,105,54,19,12,85,58,81,43,50,37,23,23,41,84
[ 8158.410108] [AOA] Measurement: 0,1627135775.786989,08:55:31:9b:05:29,2,1,2,0,128,594,147,636,458,374,770,5,998,511,653,586,528,243,909,205,659,7,774,959,991,188,630,370,167,585,562,944,741,889,275,41,397,152,117,109,96,96,71,98,133,21,108,75,112,29,47,33,57,54,138,108,56,20,14,88,61,83,48,55,34,23,26,47,92
[ 8158.448363] [AOA] Measurement: 0,1627135775.825245,08:55:31:9b:05:29,2,1,2,0,128,127,363,167,648,368,779,999,978,922,469,1022,314,708,730,646,443,445,536,386,751,614,481,966,375,654,654,404,559,397,106,562,933,140,105,98,86,91,70,92,127,14,95,66,113,27,43,32,51,41,121,96,48,18,5,80,49,70,37,40,36,28,24,35,75
[ 8158.491729] [AOA] Measurement: 0,1627135775.868610,08:55:31:9b:05:29,2,1,2,0,128,43,311,178,629,472,829,478,108,559,729,590,563,294,938,238,723,1001,737,376,782,231,661,963,396,227,849,976,806,879,304,625,883,129,112,107,94,95,69,98,138,20,104,75,113,29,48,33,57,50,137,107,54,19,13,89,60,81,47,52,35,23,24,43,89
[ 8158.535478] [AOA] Measurement: 0,1627135775.912360,08:55:31:9b:05:29,2,1,2,0,128,211,414,265,723,997,1021,531,161,468,674,12,333,267,914,214,685,968,736,1015,1010,167,606,887,351,161,834,942,760,895,255,575,978,138,108,101,87,91,69,95,129,16,99,70,113,28,46,35,55,48,131,102,51,19,9,85,56,76,42,46,38,27,24,36,81
[ 8158.579957] [AOA] Measurement: 0,1627135775.956838,08:55:31:9b:05:29,2,1,2,0,128,52,350,198,681,978,984,14,997,482,657,592,539,255,895,156,648,478,553,1016,997,148,614,391,191,95,752,395,544,909,338,955,272,129,101,92,80,82,68,87,118,11,86,60,111,28,38,29,44,33,109,84,42,18,3,74,43,63,31,33,39,30,23,24,59
[ 8158.621130] [AOA] Measurement: 0,1627135775.998004,08:55:31:9b:05:29,2,1,2,0,128,509,128,165,655,433,818,994,13,508,644,570,512,229,895,646,469,0,740,393,804,202,623,911,332,169,805,897,736,904,301,204,589,129,97,87,77,82,68,87,114,11,84,58,108,25,37,30,43,33,105,82,38,18,0,71,43,58,28,30,39,29,23,24,56
[ 8158.666238] [AOA] Measurement: 0,1627135776.043119,08:55:31:9b:05:29,2,1,2,0,128,580,153,661,447,470,825,995,995,509,659,537,500,265,911,216,662,466,545,987,0,185,651,915,392,157,799,952,774,913,298,915,235,129,106,99,84,90,68,93,127,15,96,67,113,28,44,33,52,45,125,99,48,19,5,81,51,70,36,42,39,28,24,33,75
[ 8158.708837] [AOA] Measurement: 0,1627135776.085713,08:55:31:9b:05:29,2,1,2,0,128,110,341,601,390,376,768,999,985,31,545,5,332,763,730,214,696,505,592,390,821,634,421,964,436,157,794,938,782,912,320,719,18,139,108,100,88,90,69,94,130,15,97,68,113,28,43,33,49,42,123,95,48,18,6,82,52,71,38,41,39,28,25,31,72
[ 8158.747165] [AOA] Measurement: 0,1627135776.124047,08:55:31:9b:05:29,2,1,2,0,128,605,168,615,430,447,810,3,1014,510,670,521,507,768,742,718,519,964,734,425,823,612,393,356,164,642,602,435,574,979,299,640,937,128,115,109,97,96,70,99,129,21,107,76,109,28,49,34,59,53,138,106,56,18,13,87,61,84,47,51,35,22,24,43,90
[ 8158.791990] [AOA] Measurement: 0,1627135776.168873,08:55:31:9b:05:29,2,1,2,0,128,157,411,236,714,989,40,491,145,505,634,580,520,333,970,166,681,1005,751,934,978,628,427,328,104,598,592,331,547,340,145,855,226,127,111,104,98,97,64,97,127,26,109,77,103,28,51,32,60,59,132,107,59,18,17,88,61,85,48,51,31,20,24,49,92
[ 8158.847045] [AOA] Measurement: 0,1627135776.223898,08:55:31:9b:05:29,2,1,2,0,128,70,298,141,640,996,999,471,145,560,672,523,429,281,932,185,684,983,763,983,995,182,638,1000,392,104,801,882,759,901,365,37,254,156,118,110,101,98,68,99,134,26,111,81,105,30,53,35,62,60,144,111,60,19,20,88,65,88,53,57,27,17,26,54,98
[ 8158.896706] [AOA] Measurement: 0,1627135776.273588,08:55:31:9b:05:29,2,1,2,0,128,545,113,227,656,976,1005,955,937,534,652,576,519,278,937,207,686,964,710,412,803,701,461,375,146,614,583,361,541,944,383,266,603,149,113,104,94,96,71,97,135,20,102,74,110,29,48,35,56,50,127,107,54,19,12,86,59,82,46,52,34,23,24,44,88
[ 8158.935700] [AOA] Measurement: 0,1627135776.312581,08:55:31:9b:05:29,2,1,2,0,128,123,367,240,716,3,42,446,124,529,640,18,319,238,929,631,480,30,786,401,809,121,656,324,137,129,798,373,584,907,309,330,516,129,109,101,87,93,69,97,131,15,99,69,117,28,46,33,53,47,126,101,51,19,8,83,54,75,40,48,39,27,24,37,83
[ 8158.973895] [AOA] Measurement: 0,1627135776.350777,08:55:31:9b:05:29,2,1,2,0,128,80,366,186,656,923,945,960,968,940,454,21,351,240,897,679,516,436,564,426,775,645,476,908,336,221,853,980,752,837,202,308,656,127,113,109,97,95,74,101,131,21,105,76,115,31,49,36,60,52,128,107,57,22,12,91,64,82,49,50,39,28,27,45,85
[ 8159.018160] [AOA] Measurement: 0,1627135776.395040,08:55:31:9b:05:29,2,1,2,0,128,55,294,615,446,418,794,1012,1004,973,483,1014,293,705,707,726,547,16,806,13,10,186,667,913,363,119,790,391,592,329,63,893,270,136,112,104,91,95,70,98,130,18,101,71,114,29,48,34,54,48,132,102,53,17,9,84,55,76,42,45,37,26,25,37,79
[ 8159.060351] [AOA] Measurement: 0,1627135776.437231,08:55:31:9b:05:29,2,1,2,0,128,553,156,758,495,448,825,986,978,924,571,604,561,209,848,237,659,1004,800,964,991,145,62,878,300,622,634,368,488,376,37,83,681,145,112,104,91,95,71,98,138,17,102,72,116,29,47,33,53,48,128,100,53,19,10,86,58,78,42,49,37,25,25,38,83
[ 8159.104382] [AOA] Measurement: 0,1627135776.481263,08:55:31:9b:05:29,2,1,2,0,128,156,402,262,667,932,980,479,169,386,615,940,261,675,691,671,461,462,583,958,967,115,529,947,391,102,773,380,524,370,83,228,708,137,107,97,85,87,69,92,126,12,95,65,116,28,43,32,48,40,123,94,47,18,3,81,49,67,36,40,40,30,24,31,72
[ 8159.148035] [AOA] Measurement: 0,1627135776.524911,08:55:31:9b:05:29,2,1,2,0,128,512,106,683,462,394,771,955,962,980,480,1000,299,727,708,655,477,418,482,393,801,685,434,358,111,667,612,344,473,362,123,544,914,133,103,97,85,89,70,94,125,13,94,67,115,28,44,32,49,42,123,94,48,19,5,79,51,72,37,43,39,28,24,33,75
[ 8159.191553] [AOA] Measurement: 0,1627135776.568428,08:55:31:9b:05:29,2,1,2,0,128,536,126,178,671,1022,1022,479,151,473,575,987,264,813,745,584,438,472,549,380,775,697,465,357,193,118,743,417,583,885,365,267,609,145,124,117,105,105,72,104,135,24,111,80,119,30,53,36,59,56,140,110,57,20,12,90,58,82,45,50,38,28,26,40,83
[ 8159.241550] [AOA] Measurement: 0,1627135776.618431,08:55:31:9b:05:29,2,1,2,0,128,80,351,197,660,1,11,538,181,541,665,529,535,229,915,176,677,21,753,413,796,616,410,892,335,116,748,966,751,889,285,547,900,128,117,107,95,95,67,99,136,22,108,75,112,29,50,34,57,54,128,107,55,20,13,90,61,82,47,50,35,22,26,44,87
[ 8159.284823] [AOA] Measurement: 0,1627135776.661705,08:55:31:9b:05:29,2,1,2,0,128,97,312,181,631,966,1018,535,149,529,696,24,350,341,966,192,711,1000,755,923,988,212,672,852,329,591,603,311,509,346,109,196,709,150,113,105,94,95,68,98,128,21,103,75,114,28,49,34,55,52,128,106,55,20,12,85,59,81,45,52,33,23,23,43,88
[ 8159.331891] [AOA] Measurement: 0,1627135776.708766,08:55:31:9b:05:29,2,1,2,0,128,569,151,675,445,328,730,989,942,932,455,1015,275,666,691,684,476,443,556,377,789,621,401,326,106,662,660,372,538,877,268,540,905,127,111,109,96,96,74,102,127,20,105,77,116,30,51,38,60,55,130,108,58,21,13,92,63,82,48,53,38,28,28,46,88
[ 8159.377310] [AOA] Measurement: 0,1627135776.754192,08:55:31:9b:05:29,2,1,2,0,128,34,275,620,414,418,814,989,966,541,700,565,495,264,915,229,703,951,726,376,760,590,411,350,161,633,616,344,550,342,110,236,612,100,76,67,57,67,63,71,90,4,68,47,100,25,33,28,35,23,91,68,31,16,2,63,33,51,24,26,37,32,23,21,51
[ 8159.423542] [AOA] Measurement: 0,1627135776.800415,08:55:31:9b:05:29,2,1,2,0,128,66,326,234,679,7,982,493,143,620,729,604,556,335,959,210,698,11,760,1004,1002,251,690,941,377,100,758,968,774,801,328,45,318,144,115,108,95,97,68,98,140,21,105,75,113,29,49,33,56,54,128,107,56,20,12,88,60,80,45,51,35,23,25,42,87
[ 8159.473622] [AOA] Measurement: 0,1627135776.850499,08:55:31:9b:05:29,2,1,2,0,128,563,119,634,451,491,843,493,152,546,719,525,516,702,717,274,721,980,705,931,976,157,611,301,105,620,591,955,749,870,245,694,104,130,114,105,97,95,67,97,129,23,106,75,112,28,51,33,57,53,132,106,57,19,14,87,60,80,47,50,34,22,25,40,86
[ 8159.520560] [AOA] Measurement: 0,1627135776.897442,08:55:31:9b:05:29,2,1,2,0,128,567,161,239,678,1023,22,456,152,494,722,529,518,669,703,619,440,401,514,384,738,595,353,369,140,619,628,419,551,938,269,503,818,132,111,103,92,94,70,96,135,18,103,73,115,28,47,34,55,50,137,105,54,18,11,85,60,82,46,52,35,23,25,43,87
[ 8159.563681] [AOA] Measurement: 0,1627135776.940555,08:55:31:9b:05:29,2,1,2,0,128,573,121,613,436,448,807,971,963,907,460,988,285,716,712,691,504,979,750,1009,1009,148,612,907,334,174,828,969,794,318,37,781,243,144,108,100,86,92,70,96,130,17,96,69,114,28,44,32,49,42,124,99,47,18,6,81,52,72,36,41,38,28,24,32,75
[ 8159.602891] [AOA] Measurement: 0,1627135776.979771,08:55:31:9b:05:29,2,1,2,0,128,84,339,177,656,960,971,7,1011,911,508,475,436,244,949,679,471,451,565,446,808,121,567,387,127,668,644,367,503,354,40,72,436,130,105,96,85,88,69,93,126,12,93,64,114,27,43,32,49,41,121,94,46,17,4,80,49,69,34,40,39,29,26,34,76
[ 8159.646998] [AOA] Measurement: 0,1627135777.023880,08:55:31:9b:05:29,2,1,2,0,128,66,343,232,695,954,961,478,134,516,653,1002,286,729,724,735,531,1023,779,923,943,204,664,932,365,110,769,918,737,344,84,507,817,142,108,101,89,90,69,95,127,16,98,71,116,27,44,33,53,46,129,100,53,18,9,84,55,77,41,47,36,25,23,37,81
[ 8159.691443] [AOA] Measurement: 0,1627135777.068325,08:55:31:9b:05:29,2,1,2,0,128,538,87,694,462,379,792,983,972,950,452,970,294,708,716,697,498,444,569,427,758,603,273,398,201,676,651,972,765,991,263,838,163,144,108,97,85,89,71,94,128,12,96,66,115,28,42,31,47,38,115,90,44,17,5,78,49,68,34,38,39,29,24,31,69
[ 8159.730712] [AOA] Measurement: 0,1627135777.107592,08:55:31:9b:05:29,2,1,2,0,128,127,373,220,684,984,1014,460,152,499,696,989,322,250,917,198,658,979,764,410,763,216,643,359,153,194,851,875,697,291,60,818,265,140,111,101,88,93,69,95,130,18,98,72,115,27,46,33,53,47,129,100,51,19,10,84,55,76,40,46,38,27,24,40,81
[ 8159.769432] [AOA] Measurement: 0,1627135777.146313,08:55:31:9b:05:29,2,1,2,0,128,576,118,639,456,931,955,981,965,553,669,602,542,320,954,131,622,959,716,965,996,207,633,902,340,147,852,862,727,881,338,80,449,148,113,106,93,95,69,95,135,20,102,74,114,28,48,34,54,49,135,106,56,19,11,87,59,81,45,50,33,23,24,40,87
[ 8159.814034] [AOA] Measurement: 0,1627135777.190915,08:55:31:9b:05:29,2,1,2,0,128,103,350,223,644,405,792,16,1002,1006,472,613,579,190,898,263,713,976,784,956,979,128,637,916,405,193,845,339,521,328,82,24,383,136,107,97,84,87,68,90,124,12,92,65,114,27,43,33,49,42,123,95,47,18,6,81,50,72,36,41,39,27,24,34,73
[ 8159.858160] [AOA] Measurement: 0,1627135777.235039,08:55:31:9b:05:29,2,1,2,0,128,94,357,213,670,37,12,477,156,516,658,514,450,247,910,614,463,408,518,347,747,667,421,363,188,155,802,957,773,840,294,861,180,146,112,105,93,94,70,98,134,19,101,72,114,28,48,34,56,50,133,104,54,20,12,87,57,80,45,47,36,25,24,39,84
[ 8159.901557] [AOA] Measurement: 0,1627135777.278431,08:55:31:9b:05:29,2,1,2,0,128,39,311,121,602,982,989,930,917,992,445,6,279,788,791,228,724,981,726,918,960,104,605,353,166,139,805,876,722,215,86,118,550,132,107,103,91,92,70,96,132,16,97,69,116,27,46,32,52,43,122,96,48,19,5,78,50,68,36,39,39,28,24,31,70
[ 8159.952438] [AOA] Measurement: 0,1627135777.329313,08:55:31:9b:05:29,2,1,2,0,128,78,339,201,661,991,7,995,990,558,704,591,538,260,964,213,692,1004,768,974,1012,195,652,867,338,165,838,971,774,899,295,376,734,129,104,96,83,86,69,91,124,12,91,64,114,28,39,32,47,38,118,92,45,20,4,79,48,69,34,39,40,29,22,31,69
[ 8159.998202] [AOA] Measurement: 0,1627135777.375081,08:55:31:9b:05:29,2,1,2,0,128,563,102,673,474,426,817,941,956,968,454,46,335,259,923,715,507,958,776,1023,11,167,654,869,325,163,801,906,713,879,304,725,152,147,112,103,92,91,69,96,130,16,100,70,112,28,46,33,54,46,129,101,52,19,9,86,56,76,40,45,39,26,25,35,79
[ 8160.043044] [AOA] Measurement: 0,1627135777.419925,08:55:31:9b:05:29,2,1,2,0,128,994,267,660,432,465,825,1015,1005,568,669,6,326,267,903,184,689,1002,748,1001,30,139,633,947,377,69,754,886,719,856,313,871,294,150,115,105,95,95,68,99,139,21,105,75,112,28,48,34,57,52,133,105,54,17,14,88,60,81,46,50,34,23,23,43,88
[ 8160.094114] [AOA] Measurement: 0,1627135777.470989,08:55:31:9b:05:29,2,1,2,0,128,86,327,199,666,947,978,487,126,560,670,453,409,754,751,674,486,5,747,972,1022,194,671,899,357,159,805,305,509,360,170,926,288,135,117,107,94,96,72,99,136,16,100,72,126,30,47,34,53,47,131,100,51,19,7,86,55,74,39,45,40,29,26,33,75
[ 8160.148007] [AOA] Measurement: 0,1627135777.524889,08:55:31:9b:05:29,2,1,2,0,128,554,114,609,391,441,802,942,955,962,452,955,245,764,772,637,491,947,716,417,774,631,426,365,172,617,625,394,553,898,310,472,777,141,108,101,88,92,70,96,130,17,100,71,113,28,46,33,53,47,127,99,51,18,9,84,54,76,43,48,36,25,23,38,84
[ 8160.191706] [AOA] Measurement: 0,1627135777.568580,08:55:31:9b:05:29,2,1,2,0,128,137,360,129,650,402,772,971,978,484,595,522,480,335,954,649,502,5,749,982,1,212,665,928,368,141,807,875,761,785,311,577,845,129,117,109,101,97,67,97,140,27,109,80,103,27,53,34,62,60,127,110,59,18,18,86,64,87,54,58,27,15,25,55,99
[ 8160.238944] [AOA] Measurement: 0,1627135777.615826,08:55:31:9b:05:29,2,1,2,0,128,76,347,205,663,979,14,474,128,937,459,0,324,277,939,680,504,995,750,904,957,166,645,327,149,612,577,379,563,344,108,178,581,129,114,107,96,96,68,98,127,23,110,77,109,29,49,33,56,55,127,107,57,20,16,87,61,84,48,53,30,19,25,48,94
[ 8160.277266] [AOA] Measurement: 0,1627135777.654148,08:55:31:9b:05:29,2,1,2,0,128,119,358,177,667,969,965,568,175,552,736,591,561,314,978,220,722,1,769,2,1007,177,605,871,348,188,844,996,788,919,284,220,543,127,97,88,78,79,67,86,114,10,86,58,114,27,39,32,42,35,111,90,41,17,1,77,44,65,32,36,40,29,24,30,68
[ 8160.323412] [AOA] Measurement: 0,1627135777.700286,08:55:31:9b:05:29,2,1,2,0,128,601,172,648,430,964,995,979,999,938,503,1016,277,807,764,241,701,14,793,20,15,119,648,918,352,107,758,400,604,945,298,21,391,137,120,112,98,102,75,105,130,20,112,77,124,32,50,37,58,52,145,108,57,20,10,92,59,86,47,51,38,26,27,42,89
[ 8160.369232] [AOA] Measurement: 0,1627135777.746113,08:55:31:9b:05:29,2,1,2,0,128,206,413,240,680,962,1004,516,184,455,700,505,491,730,693,691,491,402,538,441,776,647,473,922,402,171,826,913,717,372,105,816,193,129,111,106,93,93,70,96,136,17,101,73,113,27,46,34,53,45,130,104,52,19,8,84,55,76,40,45,38,26,24,36,77
[ 8160.408202] [AOA] Measurement: 0,1627135777.785081,08:55:31:9b:05:29,2,1,2,0,128,111,356,613,417,467,813,16,1002,874,394,989,266,660,667,702,466,389,515,374,756,630,403,418,198,153,826,379,554,424,96,519,901,146,116,108,96,94,67,96,129,19,101,75,113,30,49,34,59,51,130,109,57,19,13,88,60,84,47,51,34,22,23,45,92
[ 8160.452325] [AOA] Measurement: 0,1627135777.829205,08:55:31:9b:05:29,2,1,2,0,128,554,130,718,515,963,978,519,144,534,713,991,314,235,914,750,508,433,527,327,702,622,416,389,169,643,642,353,526,302,23,1020,573,128,109,99,86,89,68,93,124,16,96,68,113,27,43,34,52,42,123,94,47,17,6,77,50,68,36,40,37,27,23,32,71
[ 8160.504898] [AOA] Measurement: 0,1627135777.881780,08:55:31:9b:05:29,2,1,2,0,128,42,308,187,662,952,994,918,950,962,392,958,196,804,746,664,489,462,534,968,9,223,678,885,319,39,706,367,531,308,175,202,543,119,87,81,70,78,67,82,109,7,80,55,109,26,36,29,42,30,103,83,36,17,0,72,43,61,31,33,37,30,24,27,63
[ 8160.550894] [AOA] Measurement: 0,1627135777.927769,08:55:31:9b:05:29,2,1,2,0,128,110,363,196,649,3,1000,524,158,580,739,590,560,284,941,166,667,0,742,991,8,204,691,954,394,209,810,869,723,870,298,305,625,142,108,100,86,89,68,93,130,15,95,67,114,28,43,33,50,45,128,99,50,20,7,84,54,73,38,43,39,28,25,35,78
[ 8160.596330] [AOA] Measurement: 0,1627135777.973209,08:55:31:9b:05:29,2,1,2,0,128,47,295,165,606,432,841,921,950,973,447,968,247,709,716,715,488,465,557,503,846,220,655,916,349,113,772,365,529,342,123,656,128,137,114,106,94,95,71,97,132,21,102,72,112,29,47,33,53,49,132,101,51,18,9,85,56,79,42,45,36,25,24,39,81
[ 8160.639632] [AOA] Measurement: 0,1627135778.016507,08:55:31:9b:05:29,2,1,2,0,128,114,344,215,670,394,791,972,969,965,438,992,299,710,715,718,501,409,493,379,753,632,379,428,191,172,853,967,775,837,275,388,754,128,112,102,91,94,69,97,130,17,98,69,116,29,46,34,53,49,130,103,52,19,10,85,56,76,42,45,37,26,23,36,81
[ 8160.678659] [AOA] Measurement: 0,1627135778.055539,08:55:31:9b:05:29,2,1,2,0,128,73,293,203,646,944,943,506,163,524,669,568,538,307,947,182,697,50,775,0,29,209,685,910,357,130,800,911,728,851,334,229,444,151,115,105,96,95,66,98,140,22,106,74,109,28,50,33,57,53,127,107,55,19,14,87,59,82,46,50,35,24,23,43,88
[ 8160.722657] [AOA] Measurement: 0,1627135778.099537,08:55:31:9b:05:29,2,1,2,0,128,94,319,146,618,972,977,977,947,567,716,599,562,259,897,640,439,481,591,944,997,143,595,897,361,210,841,958,770,906,295,495,949,130,111,108,92,95,68,97,136,21,106,75,112,29,47,34,57,52,135,102,54,19,12,86,59,80,45,48,35,26,24,40,82
[ 8160.765158] [AOA] Measurement: 0,1627135778.142033,08:55:31:9b:05:29,2,1,2,0,128,59,338,209,650,948,970,954,967,1013,478,14,321,731,719,637,458,478,547,441,811,679,488,931,344,167,818,935,774,916,359,765,31,134,103,94,79,86,68,90,122,12,89,63,112,28,39,32,44,34,113,85,42,18,2,71,43,59,29,33,38,29,23,25,59
[ 8160.808693] [AOA] Measurement: 0,1627135778.185568,08:55:31:9b:05:29,2,1,2,0,128,157,391,176,640,421,807,997,18,506,684,572,510,236,891,261,693,1002,824,970,926,179,658,926,354,218,898,985,795,888,228,86,538,143,109,101,86,91,71,95,129,16,96,70,113,28,44,34,51,42,123,98,48,18,6,82,51,72,36,42,38,27,24,33,73
[ 8160.853328] [AOA] Measurement: 0,1627135778.230203,08:55:31:9b:05:29,2,1,2,0,128,143,411,180,655,972,993,950,968,524,693,599,545,279,931,613,438,436,524,356,750,635,405,360,169,545,585,463,633,920,310,977,156,146,111,105,92,94,72,97,136,18,102,72,113,28,47,33,56,49,129,103,52,19,10,86,57,80,43,49,36,24,25,40,82
[ 8160.904171] [AOA] Measurement: 0,1627135778.281047,08:55:31:9b:05:29,2,1,2,0,128,162,417,217,661,907,973,479,148,470,715,4,327,294,954,208,650,975,751,945,967,226,602,941,384,255,923,1013,786,911,258,534,784,130,114,106,91,92,73,99,134,14,101,69,121,30,45,34,52,43,128,99,49,19,4,83,51,72,37,41,42,30,25,31,73
[ 8160.950313] [AOA] Measurement: 0,1627135778.327192,08:55:31:9b:05:29,2,1,2,0,128,573,175,683,458,435,805,29,2,785,492,2,307,639,625,675,444,352,567,370,657,609,908,328,123,669,676,409,506,367,998,1018,430,128,96,86,72,79,66,84,113,9,84,56,112,27,38,29,43,34,108,83,41,17,2,72,41,59,29,31,38,30,23,26,59
[ 8160.993966] [AOA] Measurement: 0,1627135778.370845,08:55:31:9b:05:29,2,1,2,0,128,119,379,265,704,991,16,501,185,501,701,540,509,707,674,717,508,442,570,423,802,529,342,347,159,733,707,870,712,356,61,669,69,132,109,99,87,90,69,93,127,16,95,67,114,29,42,33,50,43,124,96,48,18,8,84,52,73,41,43,38,26,23,37,76
[ 8161.037957] [AOA] Measurement: 0,1627135778.414837,08:55:31:9b:05:29,2,1,2,0,128,88,350,160,672,977,987,460,113,1008,466,565,498,342,980,242,718,998,724,940,1011,662,454,956,408,121,788,886,731,324,158,938,370,143,115,109,99,98,68,96,137,21,109,75,105,28,47,34,58,55,140,107,56,18,13,89,60,84,47,50,34,21,24,41,85
[ 8161.084198] [AOA] Measurement: 0,1627135778.461075,08:55:31:9b:05:29,2,1,2,0,128,535,104,195,689,966,979,1016,984,996,481,1021,272,262,936,197,668,20,784,923,982,268,724,904,356,190,828,931,774,909,365,941,218,150,114,107,94,94,65,94,128,22,104,74,108,27,50,33,58,53,127,104,55,18,15,84,58,80,47,52,32,20,24,42,88
[ 8161.134884] [AOA] Measurement: 0,1627135778.511758,08:55:31:9b:05:29,2,1,2,0,128,85,357,227,715,15,22,484,147,504,682,553,527,295,917,213,669,920,668,956,1004,184,624,915,341,107,783,943,732,928,330,908,220,145,109,101,91,91,68,93,134,18,102,72,115,29,46,33,54,49,129,100,52,17,10,83,55,77,40,44,38,25,22,35,76
[ 8161.186670] [AOA] Measurement: 0,1627135778.563546,08:55:31:9b:05:29,2,1,2,0,128,603,187,707,458,976,1015,573,179,435,627,548,461,736,731,650,447,498,562,998,984,168,620,900,377,556,555,392,584,325,76,622,14,144,107,99,89,92,68,94,129,17,97,70,114,26,43,32,52,43,125,97,49,17,6,80,51,72,36,40,37,28,25,31,71
[ 8161.230948] [AOA] Measurement: 0,1627135778.607825,08:55:31:9b:05:29,2,1,2,0,128,144,391,236,669,988,1006,572,174,577,693,610,551,309,935,105,645,956,681,404,782,197,636,930,385,109,768,975,814,864,353,580,779,146,113,104,93,93,71,98,135,18,103,73,114,30,48,34,55,50,133,102,54,20,9,84,56,78,42,47,37,25,25,40,81
[ 8161.280396] [AOA] Measurement: 0,1627135778.657277,08:55:31:9b:05:29,2,1,2,0,128,77,374,597,454,379,769,990,981,998,520,996,336,746,754,279,744,994,744,976,959,658,416,369,167,166,829,975,760,930,247,22,269,135,112,102,89,93,67,95,132,17,102,72,111,27,46,32,54,47,130,100,52,19,10,85,58,79,42,48,35,23,24,41,82
[ 8161.319396] [AOA] Measurement: 0,1627135778.696275,08:55:31:9b:05:29,2,1,2,0,128,583,130,669,453,949,981,967,982,540,672,971,249,729,707,616,441,353,496,403,770,593,394,387,124,608,625,420,569,372,141,854,177,129,109,101,85,91,68,94,128,16,94,67,115,28,43,32,49,45,127,96,48,19,7,80,51,70,36,41,38,28,23,33,71
[ 8161.358588] [AOA] Measurement: 0,1627135778.735467,08:55:31:9b:05:29,2,1,2,0,128,83,331,642,467,415,791,508,162,533,702,611,553,222,876,153,635,459,551,974,987,223,661,859,300,635,618,398,580,341,111,931,279,131,98,91,79,85,69,88,120,11,88,60,110,27,41,30,45,33,113,86,42,17,2,74,42,62,29,34,39,29,23,24,62
[ 8161.403272] [AOA] Measurement: 0,1627135778.780147,08:55:31:9b:05:29,2,1,2,0,128,115,370,271,722,960,1015,482,109,512,684,508,518,293,931,633,436,382,483,357,761,688,431,936,359,157,809,415,577,404,92,78,486,154,116,110,98,98,69,99,139,25,108,80,110,28,52,34,60,57,127,109,59,19,17,89,62,87,50,55,30,18,25,51,94
[ 8161.454024] [AOA] Measurement: 0,1627135778.830899,08:55:31:9b:05:29,2,1,2,0,128,144,362,170,657,28,46,479,126,999,464,999,314,275,933,657,473,973,670,430,823,215,662,930,353,123,749,911,746,920,359,797,103,139,112,104,92,95,69,98,136,18,101,73,116,28,49,34,54,49,129,98,51,19,10,83,57,76,42,46,36,25,24,38,82
[ 8161.498110] [AOA] Measurement: 0,1627135778.874990,08:55:31:9b:05:29,2,1,2,0,128,159,396,207,681,993,1015,564,199,552,685,569,522,275,943,230,695,995,762,997,1020,162,646,898,353,196,824,935,762,921,300,719,992,128,103,100,85,89,68,91,123,14,92,63,109,28,42,31,48,41,124,94,48,18,6,78,50,68,35,39,39,29,26,32,74
[ 8161.536968] [AOA] Measurement: 0,1627135778.913849,08:55:31:9b:05:29,2,1,2,0,128,173,404,195,653,1011,982,571,189,584,721,563,503,322,966,192,687,424,496,421,788,698,454,364,159,130,800,891,752,929,356,982,209,147,115,110,96,98,74,101,139,17,102,73,123,29,48,35,56,50,138,105,53,20,6,88,56,78,40,44,41,29,26,35,79
[ 8161.576639] [AOA] Measurement: 0,1627135778.953521,08:55:31:9b:05:29,2,1,2,0,128,546,110,670,426,379,782,995,994,583,735,552,496,255,943,232,673,977,753,985,946,238,665,872,272,639,622,379,569,377,119,981,320,130,103,96,82,86,70,90,124,11,93,65,115,27,42,33,49,40,121,93,48,18,5,80,51,71,37,42,38,28,25,32,75
[ 8161.620465] [AOA] Measurement: 0,1627135778.997340,08:55:31:9b:05:29,2,1,2,0,128,186,389,195,658,978,18,472,120,492,659,1018,311,240,916,192,665,0,790,936,959,164,636,952,387,140,811,977,803,880,273,545,826,130,108,99,88,89,69,94,125,15,95,67,111,27,44,33,49,43,120,95,46,18,7,78,50,68,37,41,38,28,24,33,76
[ 8161.664725] [AOA] Measurement: 0,1627135779.041606,08:55:31:9b:05:29,2,1,2,0,128,623,174,655,473,406,778,1006,994,564,727,518,457,320,929,224,659,973,755,424,782,697,451,326,109,599,574,362,503,341,65,742,221,139,113,106,96,96,67,97,138,20,108,75,111,28,49,33,59,54,138,109,58,19,14,88,63,83,50,54,32,20,25,46,91
[ 8161.709609] [AOA] Measurement: 0,1627135779.086484,08:55:31:9b:05:29,2,1,2,0,128,92,316,175,616,398,779,961,995,14,474,1023,314,782,752,650,482,451,554,370,770,670,441,372,182,179,834,885,726,857,279,909,289,143,113,105,93,94,68,97,132,20,103,72,114,28,48,34,56,51,136,106,57,18,12,86,57,80,44,47,36,23,24,42,85
[ 8161.752958] [AOA] Measurement: 0,1627135779.129834,08:55:31:9b:05:29,2,1,2,0,128,561,130,645,437,404,819,23,1015,488,672,1007,332,742,747,748,538,1010,784,941,982,125,597,327,93,640,643,399,525,959,338,635,889,133,107,99,90,90,69,94,127,16,98,69,114,27,43,31,52,43,125,97,49,20,6,80,49,70,36,41,36,27,23,33,72
[ 8161.803543] [AOA] Measurement: 0,1627135779.180419,08:55:31:9b:05:29,2,1,2,0,128,64,304,221,690,992,1010,464,143,551,670,563,538,354,981,253,759,56,809,953,1022,151,670,890,339,133,788,911,766,877,326,757,83,128,112,105,92,95,68,97,134,19,103,70,111,29,46,33,54,50,127,106,54,19,11,88,58,80,47,48,34,24,24,43,84
[ 8161.849536] [AOA] Measurement: 0,1627135779.226418,08:55:31:9b:05:29,2,1,2,0,128,47,254,158,631,1003,0,482,129,483,575,950,223,332,990,107,643,997,711,963,3,291,725,920,365,116,775,858,712,810,405,797,54,141,114,108,94,98,75,103,129,17,104,75,123,31,48,35,54,49,128,105,51,21,8,90,59,80,43,46,41,29,27,38,88
[ 8161.888250] [AOA] Measurement: 0,1627135779.265131,08:55:31:9b:05:29,2,1,2,0,128,103,367,225,684,985,996,469,120,7,468,971,245,681,702,661,459,477,573,421,776,702,464,351,174,171,837,933,791,966,351,433,731,136,101,95,79,83,69,87,118,11,87,60,109,27,40,31,43,35,109,85,40,18,0,74,44,60,30,32,39,29,23,24,57
[ 8161.932517] [AOA] Measurement: 0,1627135779.309396,08:55:31:9b:05:29,2,1,2,0,128,568,130,615,417,462,822,988,1004,931,448,94,358,327,968,214,705,911,694,366,766,609,390,386,160,588,572,315,525,350,108,826,96,139,114,108,94,98,70,100,142,22,106,75,111,28,50,35,59,55,129,109,59,18,15,86,63,84,48,55,34,21,26,46,93
[ 8161.977620] [AOA] Measurement: 0,1627135779.354502,08:55:31:9b:05:29,2,1,2,0,128,105,336,196,679,982,1,984,997,954,471,17,354,243,911,224,684,1021,766,341,723,655,451,338,133,641,574,396,552,350,106,530,969,139,106,96,86,87,72,94,126,14,93,65,113,27,43,31,49,39,120,92,45,19,4,78,49,67,34,37,37,28,24,30,67
[ 8162.016161] [AOA] Measurement: 0,1627135779.393042,08:55:31:9b:05:29,2,1,2,0,128,586,145,603,368,355,765,967,971,3,514,584,537,256,886,650,461,409,533,353,744,671,421,269,116,642,611,361,547,381,97,448,819,128,110,105,93,94,65,94,135,19,102,72,111,27,48,34,56,51,134,103,54,19,11,86,57,79,42,48,32,23,25,40,86
[ 8162.060867] [AOA] Measurement: 0,1627135779.437748,08:55:31:9b:05:29,2,1,2,0,128,54,302,633,420,408,773,990,985,26,548,27,321,311,957,279,760,0,757,976,996,172,648,928,346,170,805,881,707,307,82,58,597,132,113,107,94,96,69,97,132,21,104,75,111,28,49,35,57,52,128,108,56,19,13,87,61,84,47,52,33,22,26,45,91
[ 8162.108804] [AOA] Measurement: 0,1627135779.485682,08:55:31:9b:05:29,2,1,2,0,128,123,358,194,674,911,967,934,971,1,510,612,536,302,928,239,708,983,742,983,963,605,450,317,103,610,619,358,550,366,114,48,320,129,98,89,76,77,66,86,112,9,84,55,108,25,35,29,40,32,100,76,36,15,0,68,37,55,26,30,37,28,22,23,52
[ 8162.152290] [AOA] Measurement: 0,1627135779.529165,08:55:31:9b:05:29,2,1,2,0,128,63,299,228,668,959,964,484,112,452,651,1014,324,701,717,668,471,398,503,417,783,651,420,430,197,183,829,977,787,861,265,966,272,128,117,108,98,96,67,96,142,22,108,76,111,28,51,35,58,53,139,109,56,18,15,87,60,81,48,53,33,22,24,43,90
[ 8162.203361] [AOA] Measurement: 0,1627135779.580236,08:55:31:9b:05:29,2,1,2,0,128,584,163,615,416,334,767,1011,1019,986,501,973,265,681,692,707,506,419,546,437,753,186,618,919,355,188,850,965,768,894,259,864,196,129,99,92,78,83,70,87,113,11,86,61,110,27,39,30,43,36,113,88,41,17,3,74,45,65,31,35,39,29,24,28,67
[ 8162.249450] [AOA] Measurement: 0,1627135779.626330,08:55:31:9b:05:29,2,1,2,0,128,75,337,149,608,964,977,981,970,907,445,993,283,739,726,754,515,1015,739,952,948,655,443,339,148,621,585,365,542,396,128,967,280,128,112,105,93,94,70,97,127,21,102,72,111,29,47,33,53,51,128,104,53,19,11,85,57,78,43,48,37,25,26,40,84
[ 8162.294190] [AOA] Measurement: 0,1627135779.671072,08:55:31:9b:05:29,2,1,2,0,128,528,119,175,601,388,742,894,948,915,455,10,297,685,715,669,508,1000,718,382,778,131,594,878,358,581,562,344,489,398,129,900,227,137,113,103,92,93,68,98,135,18,103,72,112,27,47,34,55,49,127,102,52,19,11,85,58,77,44,46,36,24,25,39,82
[ 8162.339144] [AOA] Measurement: 0,1627135779.716020,08:55:31:9b:05:29,2,1,2,0,128,567,145,256,697,1018,26,475,170,556,707,605,583,302,971,112,672,1,756,1007,976,119,624,342,139,622,622,367,531,286,86,996,393,130,111,105,88,93,69,97,139,19,104,75,111,29,48,34,55,52,129,105,56,19,13,87,57,81,46,51,36,22,25,45,89
[ 8162.382611] [AOA] Measurement: 0,1627135779.759493,08:55:31:9b:05:29,2,1,2,0,128,111,370,202,678,914,969,1005,980,561,724,582,551,263,942,193,693,977,726,981,1023,163,640,877,318,618,597,309,533,376,72,588,990,140,105,100,84,89,68,94,127,14,92,68,114,26,42,32,50,43,122,95,46,17,6,79,50,67,35,37,39,28,23,30,70
[ 8162.426544] [AOA] Measurement: 0,1627135779.803426,08:55:31:9b:05:29,2,1,2,0,128,161,390,207,685,35,21,547,157,484,696,599,550,280,901,223,668,1013,752,993,1006,196,635,959,364,210,854,946,745,968,312,36,382,131,98,88,79,83,69,87,119,11,87,59,112,27,38,30,44,35,108,87,41,18,1,73,43,62,30,33,37,29,23,28,64
[ 8162.470499] [AOA] Measurement: 0,1627135779.847381,08:55:31:9b:05:29,2,1,2,0,128,104,345,169,647,995,1014,499,135,580,716,946,249,649,667,661,469,375,511,358,711,654,440,362,155,144,815,929,719,379,123,123,538,148,113,109,97,96,68,99,128,23,107,77,110,27,50,35,59,56,127,107,57,19,17,86,61,84,50,54,32,20,25,48,93
[ 8162.510868] [AOA] Measurement: 0,1627135779.887743,08:55:31:9b:05:29,2,1,2,0,128,113,357,159,620,959,995,974,976,944,462,1006,292,690,704,648,480,417,514,437,768,667,457,892,317,172,827,925,781,885,228,691,138,134,119,108,97,98,74,102,141,16,104,73,124,29,47,35,53,47,133,106,51,20,6,88,56,80,40,46,41,30,26,37,81
[ 8162.561807] [AOA] Measurement: 0,1627135779.938681,08:55:31:9b:05:29,2,1,2,0,128,119,340,204,681,957,1010,492,139,542,665,478,431,252,915,597,452,437,489,391,832,745,510,932,383,121,769,888,768,832,295,137,474,132,119,114,104,99,71,102,137,27,110,82,109,32,53,37,64,61,129,112,65,21,17,91,67,87,52,57,35,21,26,52,90
[ 8162.607373] [AOA] Measurement: 0,1627135779.984255,08:55:31:9b:05:29,2,1,2,0,128,608,158,649,435,400,813,1013,1023,946,482,626,556,242,927,645,457,373,496,442,790,152,636,312,118,660,606,353,561,982,328,149,395,128,101,92,82,86,68,90,119,11,87,59,111,27,38,30,43,31,107,78,37,17,0,67,38,55,25,29,38,31,23,23,55
[ 8162.646268] [AOA] Measurement: 0,1627135780.023150,08:55:31:9b:05:29,2,1,2,0,128,563,158,633,411,410,828,977,972,506,654,1020,331,273,910,719,495,0,757,942,984,148,588,288,115,145,831,940,789,911,333,265,593,128,120,111,101,100,75,102,130,20,109,78,118,30,51,36,60,53,130,110,58,20,12,93,61,85,46,50,38,28,26,42,90
[ 8162.691355] [AOA] Measurement: 0,1627135780.068237,08:55:31:9b:05:29,2,1,2,0,128,161,409,266,691,44,2,514,144,503,658,550,512,270,922,240,694,16,781,954,979,235,659,945,382,154,809,977,787,872,303,725,51,133,111,104,92,93,69,97,130,17,102,71,115,27,48,33,54,49,127,102,51,19,10,83,56,75,43,46,36,27,24,37,82
[ 8162.740674] [AOA] Measurement: 0,1627135780.117556,08:55:31:9b:05:29,2,1,2,0,128,595,162,223,684,972,1007,531,192,522,692,543,509,271,898,219,693,934,745,11,18,200,678,821,306,658,653,879,710,283,100,228,685,142,110,102,90,91,69,98,129,16,98,69,111,27,44,33,50,43,124,98,47,17,8,80,52,72,38,43,37,29,23,34,76
[ 8162.780096] [AOA] Measurement: 0,1627135780.156971,08:55:31:9b:05:29,2,1,2,0,128,137,438,266,696,961,10,541,171,312,797,602,566,202,881,251,701,933,764,1020,878,142,78,983,379,244,920,29,751,906,202,256,503,145,110,102,92,91,71,96,133,17,98,69,113,28,45,32,52,44,125,96,48,19,7,81,52,72,39,40,39,28,23,34,75
[ 8162.825055] [AOA] Measurement: 0,1627135780.201937,08:55:31:9b:05:29,2,1,2,0,128,502,89,615,371,339,735,995,982,960,495,971,288,732,719,684,484,464,541,434,801,578,369,396,131,575,585,374,543,355,81,862,232,128,111,102,90,92,67,96,132,18,100,72,110,27,47,32,53,47,129,100,52,20,11,85,57,77,43,45,37,26,24,38,82
[ 8162.868815] [AOA] Measurement: 0,1627135780.245694,08:55:31:9b:05:29,2,1,2,0,128,76,356,213,667,1019,0,476,140,567,729,579,521,294,952,264,728,21,809,945,986,133,608,353,127,191,827,888,722,926,362,352,613,140,106,98,84,90,68,94,128,14,98,68,115,28,44,34,50,41,124,95,49,18,6,82,50,72,37,42,37,28,24,35,77
[ 8162.915100] [AOA] Measurement: 0,1627135780.291974,08:55:31:9b:05:29,2,1,2,0,128,136,366,312,764,964,1004,487,132,455,625,1011,295,304,955,303,750,968,755,998,997,182,629,854,281,683,647,926,716,361,105,70,388,127,107,99,86,88,68,93,129,16,98,71,114,27,44,33,50,45,126,99,50,18,8,82,55,74,39,44,37,25,23,37,77
[ 8162.958268] [AOA] Measurement: 0,1627135780.335143,08:55:31:9b:05:29,2,1,2,0,128,552,130,661,491,402,767,970,959,945,450,31,339,765,770,218,700,1020,800,926,961,123,636,287,109,608,581,296,475,340,52,39,559,148,116,108,94,95,71,100,133,16,104,75,120,30,48,35,55,47,130,103,53,20,8,86,55,76,42,43,40,29,24,36,80
[ 8163.003938] [AOA] Measurement: 0,1627135780.380819,08:55:31:9b:05:29,2,1,2,0,128,41,294,634,440,466,785,978,978,969,450,9,288,283,964,151,642,13,780,359,762,679,487,958,334,119,749,944,774,918,361,545,813,130,104,96,82,89,67,94,122,13,90,64,113,28,40,32,50,38,118,91,45,18,3,76,48,68,36,39,39,28,23,30,71
[ 8163.048274] [AOA] Measurement: 0,1627135780.425156,08:55:31:9b:05:29,2,1,2,0,128,585,147,704,475,449,844,974,961,996,477,984,274,757,745,208,688,434,540,977,976,556,403,289,54,588,585,343,523,340,69,184,677,128,114,101,93,95,70,98,134,20,105,74,112,27,48,33,56,51,134,104,55,18,11,88,57,82,46,51,35,24,26,45,88
[ 8163.092875] [AOA] Measurement: 0,1627135780.469756,08:55:31:9b:05:29,2,1,2,0,128,106,385,132,632,1018,14,442,137,544,636,22,319,249,928,160,655,423,508,393,812,660,434,372,179,144,763,982,797,885,331,381,701,147,113,105,91,94,69,96,129,18,99,71,112,27,46,33,52,48,128,98,52,20,9,84,56,76,41,46,36,25,25,36,81
[ 8163.143238] [AOA] Measurement: 0,1627135780.520113,08:55:31:9b:05:29,2,1,2,0,128,149,402,216,673,984,988,506,164,452,742,562,564,230,922,187,680,969,769,385,742,183,629,926,342,207,876,984,794,902,238,366,663,133,107,99,86,89,70,93,128,15,96,68,117,27,44,33,49,42,123,95,47,19,6,81,50,71,35,41,38,29,24,32,71
[ 8163.193682] [AOA] Measurement: 0,1627135780.570558,08:55:31:9b:05:29,2,1,2,0,128,584,168,645,470,479,834,506,154,534,696,540,511,311,967,229,704,968,736,379,726,601,415,390,164,102,805,903,750,313,56,1002,401,128,102,97,83,89,69,92,126,14,92,63,111,27,42,30,51,39,123,94,46,19,4,80,51,69,35,39,38,28,23,31,72
[ 8163.238387] [AOA] Measurement: 0,1627135780.615266,08:55:31:9b:05:29,2,1,2,0,128,564,167,662,441,417,796,15,1013,1003,489,545,522,241,904,715,545,974,739,981,992,199,670,959,374,138,796,919,738,889,301,9,393,128,109,102,88,91,69,95,131,17,96,70,111,28,44,33,54,47,128,100,50,19,9,84,55,74,42,44,38,26,25,39,79
[ 8163.283469] [AOA] Measurement: 0,1627135780.660348,08:55:31:9b:05:29,2,1,2,0,128,69,270,181,644,1011,32,506,127,494,640,544,496,777,763,174,666,991,691,917,963,681,467,916,350,144,827,944,770,880,332,391,571,135,113,103,93,91,66,94,133,21,103,73,111,29,48,35,57,52,136,106,54,19,13,88,61,81,47,51,33,21,24,44,89
[ 8163.326383] [AOA] Measurement: 0,1627135780.703258,08:55:31:9b:05:29,2,1,2,0,128,606,192,650,441,1004,991,975,980,957,447,989,300,743,755,170,651,968,700,999,1022,218,655,928,377,219,836,968,747,934,335,359,602,129,112,105,94,93,66,94,137,20,103,74,110,28,48,33,55,53,129,105,55,18,14,88,59,80,44,49,36,24,24,42,85
[ 8163.370673] [AOA] Measurement: 0,1627135780.747548,08:55:31:9b:05:29,2,1,2,0,128,131,385,168,616,379,775,1012,1002,957,441,4,323,758,740,637,446,439,599,440,802,563,433,356,119,676,645,305,507,338,42,969,543,145,110,103,89,92,69,94,134,17,99,69,112,28,47,33,53,48,131,100,53,19,9,85,55,79,41,48,35,25,24,39,82
[ 8163.413776] [AOA] Measurement: 0,1627135780.790653,08:55:31:9b:05:29,2,1,2,0,128,581,167,639,409,404,751,1012,1006,979,528,1013,290,757,714,678,464,394,525,410,790,604,389,324,124,725,670,961,744,886,209,902,336,138,107,99,87,91,68,95,127,15,98,69,115,28,45,33,50,44,126,99,49,19,7,84,54,74,38,43,37,25,24,36,79
[ 8163.464135] [AOA] Measurement: 0,1627135780.841009,08:55:31:9b:05:29,2,1,2,0,128,638,182,624,403,397,779,969,960,967,453,1021,303,306,957,321,712,1023,789,952,985,184,700,907,326,166,803,363,539,311,23,134,707,141,105,100,85,89,69,92,128,14,95,69,114,27,41,33,50,41,124,97,49,19,7,80,52,69,37,42,37,28,24,34,76
[ 8163.510371] [AOA] Measurement: 0,1627135780.887250,08:55:31:9b:05:29,2,1,2,0,128,114,373,228,719,885,959,531,189,554,688,563,524,291,935,154,634,1017,736,452,829,184,666,974,381,170,817,922,762,816,315,193,502,146,110,102,88,90,69,95,130,15,96,69,114,28,46,31,50,44,126,100,51,20,8,82,52,73,37,44,39,28,24,35,75
[ 8163.557286] [AOA] Measurement: 0,1627135780.934168,08:55:31:9b:05:29,2,1,2,0,128,115,344,154,656,417,824,967,994,1020,508,14,338,744,740,190,672,1017,805,980,1021,149,642,320,161,653,635,357,574,303,95,28,413,134,114,105,92,94,68,93,135,21,105,73,108,28,48,34,58,51,136,105,55,19,12,88,58,82,45,49,36,23,25,41,83
[ 8163.596009] [AOA] Measurement: 0,1627135780.972888,08:55:31:9b:05:29,2,1,2,0,128,583,151,689,417,403,838,1000,1002,455,626,26,320,755,763,690,482,980,730,989,990,206,659,890,349,161,814,313,513,344,102,246,731,127,113,106,89,95,74,101,134,15,100,72,122,30,45,33,54,45,127,102,50,18,7,84,54,74,38,42,41,30,24,32,74
[ 8163.649751] [AOA] Measurement: 0,1627135781.026631,08:55:31:9b:05:29,2,1,2,0,128,121,357,155,612,933,992,516,149,525,651,557,534,247,924,643,481,1022,765,981,1007,202,674,920,338,189,838,891,753,309,69,657,172,130,106,102,87,91,70,95,131,16,99,69,114,29,45,34,52,44,127,99,50,17,9,83,54,74,41,44,38,27,24,36,80
[ 8163.688287] [AOA] Measurement: 0,1627135781.065167,08:55:31:9b:05:29,2,1,2,0,128,492,79,641,431,387,780,950,945,1005,424,983,246,731,710,671,480,993,731,932,965,236,652,906,353,100,763,901,767,794,280,717,243,127,112,104,92,94,70,97,135,18,102,72,113,29,48,34,54,47,132,100,54,19,10,84,56,77,42,44,37,25,24,37,80
[ 8163.735781] [AOA] Measurement: 0,1627135781.112657,08:55:31:9b:05:29,2,1,2,0,128,157,391,229,681,935,956,1007,989,487,670,990,307,749,750,210,677,964,762,943,970,133,611,941,406,97,790,984,802,865,322,782,75,145,109,103,88,90,71,97,131,17,98,71,115,28,45,34,53,47,129,101,49,18,8,84,54,75,41,46,37,25,24,37,81
[ 8163.781318] [AOA] Measurement: 0,1627135781.158197,08:55:31:9b:05:29,2,1,2,0,128,606,191,182,649,15,27,478,149,586,692,531,504,239,910,594,444,436,547,319,719,660,385,360,158,647,645,923,748,963,338,660,871,129,112,107,95,96,68,94,138,20,102,74,112,27,49,33,56,50,133,100,51,18,10,84,59,79,45,47,38,26,25,40,86
[ 8163.830216] [AOA] Measurement: 0,1627135781.207096,08:55:31:9b:05:29,2,1,2,0,128,605,159,610,403,394,789,952,975,913,422,986,312,659,677,727,499,367,493,386,773,618,412,330,143,646,627,388,581,949,281,1007,299,134,108,100,87,91,70,95,127,15,96,68,114,28,45,33,50,46,127,98,51,19,9,83,55,75,39,44,36,28,23,37,79
[ 8163.869185] [AOA] Measurement: 0,1627135781.246062,08:55:31:9b:05:29,2,1,2,0,128,125,347,698,453,377,762,12,1012,944,544,965,276,711,733,727,504,372,536,443,751,669,105,391,141,236,903,869,673,323,30,128,690,124,91,88,72,79,66,86,110,7,80,55,109,26,37,30,40,30,98,78,37,16,0,66,37,54,26,29,36,29,22,22,52
[ 8163.911688] [AOA] Measurement: 0,1627135781.288569,08:55:31:9b:05:29,2,1,2,0,128,588,172,612,422,424,818,951,963,986,517,986,278,753,742,692,475,416,529,369,712,635,382,401,149,709,654,1008,746,956,256,516,844,138,110,103,90,92,68,96,130,17,97,66,112,28,44,33,51,44,124,99,50,20,6,81,51,71,36,39,39,29,23,32,71
[ 8163.955269] [AOA] Measurement: 0,1627135781.332149,08:55:31:9b:05:29,2,1,2,0,128,105,319,161,659,1004,1019,519,180,550,660,478,483,288,952,181,682,937,692,929,1022,196,614,907,355,189,829,897,736,875,332,451,760,100,77,70,58,69,61,77,94,5,69,48,101,26,32,27,36,22,89,67,31,16,2,62,34,49,22,23,36,30,21,21,51
[ 8163.993530] [AOA] Measurement: 0,1627135781.370410,08:55:31:9b:05:29,2,1,2,0,128,158,385,230,673,946,965,989,958,969,452,982,273,720,736,641,471,96,820,954,1002,176,665,955,357,92,764,916,764,934,355,708,8,146,114,104,91,96,69,98,139,19,103,72,114,27,48,34,55,51,128,104,55,18,13,87,59,81,46,50,35,25,25,44,87
[ 8164.036723] [AOA] Measurement: 0,1627135781.413603,08:55:31:9b:05:29,2,1,2,0,128,500,108,638,387,430,797,19,33,492,676,995,314,634,634,689,464,427,547,432,797,639,479,438,233,113,784,962,740,918,261,268,730,140,106,99,85,89,67,95,128,15,95,68,113,26,44,33,50,44,123,99,47,19,6,81,51,73,38,42,37,27,24,33,73
[ 8164.080064] [AOA] Measurement: 0,1627135781.456944,08:55:31:9b:05:29,2,1,2,0,128,535,80,706,448,422,808,984,928,981,443,3,309,754,724,692,466,455,580,394,788,638,429,355,148,606,611,362,526,321,82,862,327,130,118,110,101,98,67,98,135,30,113,84,103,32,56,39,66,65,128,111,64,20,22,93,71,92,59,60,32,19,28,58,98
[ 8164.118870] [AOA] Measurement: 0,1627135781.495749,08:55:31:9b:05:29,2,1,2,0,128,531,114,675,475,464,831,503,148,433,635,505,451,689,703,719,521,407,533,356,756,630,440,357,114,666,611,329,512,387,120,177,579,130,111,105,93,93,70,96,136,17,100,72,114,28,47,33,54,48,127,102,53,19,9,84,56,79,43,48,36,25,25,39,86
[ 8164.157456] [AOA] Measurement: 0,1627135781.534336,08:55:31:9b:05:29,2,1,2,0,128,522,103,583,343,465,820,997,1000,896,444,19,248,714,687,640,449,439,527,386,761,721,476,885,301,567,629,940,753,294,18,196,720,140,117,105,94,96,67,96,130,23,107,75,109,28,49,34,58,54,128,107,56,18,13,87,61,82,48,52,32,20,24,45,90
[ 8164.196019] [AOA] Measurement: 0,1627135781.572899,08:55:31:9b:05:29,2,1,2,0,128,568,111,705,480,416,805,19,2,487,708,591,514,280,938,273,705,954,735,965,1002,547,390,358,185,614,610,330,492,330,37,278,675,128,116,107,95,95,68,98,133,20,105,75,111,28,50,33,59,53,135,107,56,18,14,87,61,83,47,51,32,21,23,46,89
[ 8164.240188] [AOA] Measurement: 0,1627135781.617063,08:55:31:9b:05:29,2,1,2,0,128,107,330,260,709,1019,1020,463,97,554,709,565,511,284,981,168,667,48,787,11,64,254,705,946,401,136,794,938,819,805,318,713,11,128,112,107,93,96,67,98,134,20,104,75,113,29,48,33,56,52,134,104,54,19,13,85,57,80,45,48,34,21,23,43,86
[ 8164.282883] [AOA] Measurement: 0,1627135781.659766,08:55:31:9b:05:29,2,1,2,0,128,177,407,183,632,972,1002,530,161,545,734,579,505,246,893,219,665,399,502,455,788,666,454,327,118,635,617,346,541,356,61,501,905,147,110,102,89,92,67,97,134,18,103,71,113,29,46,34,53,47,132,103,53,19,10,85,56,78,42,47,36,24,25,37,81
[ 8164.321775] [AOA] Measurement: 0,1627135781.698655,08:55:31:9b:05:29,2,1,2,0,128,105,364,107,633,449,811,531,169,510,678,516,494,298,933,205,697,1011,749,940,997,244,678,874,341,146,821,373,600,936,341,60,351,152,115,111,98,96,65,95,128,25,110,79,103,28,50,34,59,59,140,107,59,19,19,86,63,87,52,56,28,18,25,52,97
[ 8164.366034] [AOA] Measurement: 0,1627135781.742914,08:55:31:9b:05:29,2,1,2,0,128,50,303,206,696,990,25,524,202,595,715,591,563,306,949,188,677,992,709,943,971,687,434,953,412,131,790,906,753,866,351,50,370,124,97,91,75,83,69,85,113,9,82,56,110,25,37,31,42,31,102,78,37,16,1,69,39,58,27,31,37,30,22,24,56
[ 8164.403826] [AOA] Measurement: 0,1627135781.780705,08:55:31:9b:05:29,2,1,2,0,128,109,357,237,693,942,986,957,954,929,446,985,273,675,729,601,409,473,570,988,1005,228,662,883,307,594,603,328,489,379,134,106,485,128,97,89,74,81,69,88,113,8,83,58,111,27,38,30,41,33,107,81,39,17,0,70,42,58,29,30,37,30,24,25,59
[ 8164.447092] [AOA] Measurement: 0,1627135781.823971,08:55:31:9b:05:29,2,1,2,0,128,160,379,652,442,401,798,964,964,940,470,967,257,715,738,712,509,422,565,409,740,667,450,914,380,152,795,392,532,342,65,668,150,129,111,104,90,92,70,95,134,17,100,72,114,28,46,33,54,47,132,101,54,19,9,86,57,78,44,48,35,25,25,39,82
[ 8164.493721] [AOA] Measurement: 0,1627135781.870596,08:55:31:9b:05:29,2,1,2,0,128,113,420,275,717,960,990,472,152,946,450,1010,322,720,733,638,467,521,628,375,759,647,431,457,234,195,840,348,532,910,270,455,889,134,106,97,83,89,68,92,126,13,95,66,115,28,43,33,49,41,121,93,47,17,6,81,51,73,37,42,37,28,23,32,74
[ 8164.539856] [AOA] Measurement: 0,1627135781.916736,08:55:31:9b:05:29,2,1,2,0,128,149,362,244,664,957,999,482,120,481,663,501,509,236,892,230,661,995,725,1003,997,185,645,925,340,173,807,915,758,877,267,17,313,140,105,97,82,89,68,95,129,14,98,68,115,27,44,33,50,44,125,99,51,19,7,82,53,73,39,42,37,27,26,36,77
[ 8164.584204] [AOA] Measurement: 0,1627135781.961083,08:55:31:9b:05:29,2,1,2,0,128,144,380,200,725,975,989,575,201,556,693,602,567,207,881,694,502,979,757,1018,1021,200,682,956,358,86,767,971,793,842,313,372,667,146,107,101,88,91,69,93,128,16,98,69,114,28,45,33,52,47,126,99,52,18,10,85,57,77,42,45,36,26,24,37,83
[ 8164.622642] [AOA] Measurement: 0,1627135781.999521,08:55:31:9b:05:29,2,1,2,0,128,23,333,652,438,432,818,474,112,501,628,623,557,307,996,239,709,961,678,934,969,167,619,380,177,201,840,919,714,823,288,535,964,128,112,105,93,94,70,98,132,18,102,71,112,28,49,34,57,51,133,106,54,18,12,88,57,81,44,50,34,23,24,40,85
[ 8164.668229] [AOA] Measurement: 0,1627135782.045108,08:55:31:9b:05:29,2,1,2,0,128,130,342,253,711,993,987,509,158,559,703,469,436,725,710,690,495,484,571,370,799,229,654,956,384,192,828,864,722,886,353,228,648,129,110,101,89,92,71,93,133,17,99,70,113,28,45,32,53,45,128,101,50,18,9,82,53,74,40,44,37,25,22,36,78
[ 8164.712517] [AOA] Measurement: 0,1627135782.089398,08:55:31:9b:05:29,2,1,2,0,128,81,319,684,483,375,776,1023,5,956,467,8,300,307,935,631,462,500,632,435,810,161,637,321,141,128,782,380,534,254,12,725,205,78,59,50,41,54,55,57,67,4,53,35,85,22,24,23,27,14,70,53,21,12,5,50,26,36,16,18,33,29,20,18,36
[ 8164.753980] [AOA] Measurement: 0,1627135782.130855,08:55:31:9b:05:29,2,1,2,0,128,75,298,185,627,1007,14,433,120,984,428,1011,310,798,760,219,734,975,712,964,0,162,627,904,338,106,781,925,768,880,349,868,112,139,113,105,94,96,66,95,135,21,105,75,110,28,50,33,54,50,132,102,53,19,12,86,58,78,45,48,34,24,24,40,83
[ 8164.809485] [AOA] Measurement: 0,1627135782.186360,08:55:31:9b:05:29,2,1,2,0,128,96,353,175,640,466,818,911,911,1013,493,5,346,784,731,669,465,1014,729,923,1006,258,685,881,381,120,773,341,540,917,341,996,241,142,108,101,88,90,71,94,127,15,92,66,112,27,43,32,47,39,116,93,44,18,5,78,48,68,34,37,39,29,24,29,69
[ 8164.855491] [AOA] Measurement: 0,1627135782.232370,08:55:31:9b:05:29,2,1,2,0,128,75,325,179,649,956,1017,496,170,971,489,950,307,697,703,677,483,430,563,412,769,710,497,367,153,591,585,434,595,1,355,48,296,133,108,101,86,91,69,95,129,16,100,69,111,28,43,33,52,44,126,98,49,20,7,82,52,72,37,42,36,28,25,33,78
[ 8164.893638] [AOA] Measurement: 0,1627135782.270518,08:55:31:9b:05:29,2,1,2,0,128,121,435,226,705,916,985,555,177,483,702,1005,359,224,902,716,476,5,758,1003,992,241,642,930,316,196,864,960,768,965,352,650,840,129,102,94,80,85,69,91,119,12,90,63,115,27,41,32,48,38,118,90,45,18,5,78,51,68,36,38,38,29,24,29,69
[ 8164.935012] [AOA] Measurement: 0,1627135782.311886,08:55:31:9b:05:29,2,1,2,0,128,43,332,237,715,967,990,474,125,511,652,501,450,728,717,292,768,55,783,977,23,143,648,890,341,110,759,986,814,884,352,604,800,131,101,93,81,85,69,92,123,11,91,66,115,26,43,32,49,39,122,95,48,19,5,81,50,72,37,42,39,29,24,33,76
[ 8164.976337] [AOA] Measurement: 0,1627135782.353219,08:55:31:9b:05:29,2,1,2,0,128,572,151,697,480,971,961,935,942,979,437,956,241,735,729,640,479,509,576,1015,999,164,594,887,337,143,754,386,552,351,135,207,620,131,113,105,93,94,67,96,137,22,105,75,112,27,47,32,55,49,129,101,51,19,10,83,54,76,41,44,35,25,24,34,79
[ 8165.015907] [AOA] Measurement: 0,1627135782.392790,08:55:31:9b:05:29,2,1,2,0,128,59,350,600,435,434,847,14,1009,493,656,24,297,286,947,180,678,33,796,1002,17,199,680,846,299,673,630,944,752,860,265,448,751,129,114,105,92,93,69,96,132,17,99,72,112,27,46,35,54,49,131,104,51,19,8,85,55,76,42,45,37,25,23,38,82
[ 8165.059207] [AOA] Measurement: 0,1627135782.436087,08:55:31:9b:05:29,2,1,2,0,128,188,400,225,697,987,8,401,103,632,702,596,538,327,959,150,661,989,714,399,796,199,668,888,355,88,784,384,599,882,349,150,386,146,113,103,91,94,70,94,128,18,98,69,114,27,44,32,51,44,126,101,51,18,7,83,53,72,39,43,37,26,24,36,73
[ 8165.097618] [AOA] Measurement: 0,1627135782.474498,08:55:31:9b:05:29,2,1,2,0,128,123,360,169,657,974,994,479,130,540,717,573,511,283,966,177,638,1004,755,977,994,167,637,907,349,620,633,333,513,368,92,441,911,129,108,98,87,90,70,93,128,15,96,70,114,28,43,33,53,45,127,100,50,17,6,82,52,77,39,45,38,26,24,36,78
[ 8165.144322] [AOA] Measurement: 0,1627135782.521198,08:55:31:9b:05:29,2,1,2,0,128,57,295,228,687,1001,1002,503,158,516,664,0,296,298,973,240,700,1020,751,944,956,183,658,319,138,569,556,355,555,927,368,229,540,131,101,93,80,85,69,90,120,11,88,63,113,27,39,31,45,36,114,87,43,17,3,78,45,67,32,37,38,30,24,32,69
[ 8165.189274] [AOA] Measurement: 0,1627135782.566154,08:55:31:9b:05:29,2,1,2,0,128,17,287,237,732,5,80,484,114,496,619,564,468,353,971,161,658,983,693,397,814,246,647,912,366,62,703,897,756,240,129,525,762,136,105,99,86,88,69,91,126,13,93,65,113,28,41,30,48,39,117,92,44,19,5,76,48,66,34,37,38,28,24,31,69
[ 8165.233258] [AOA] Measurement: 0,1627135782.610133,08:55:31:9b:05:29,2,1,2,0,128,110,351,190,650,936,974,1023,1011,950,486,575,517,335,941,214,682,955,751,957,968,162,641,913,396,128,785,388,574,353,45,188,657,136,102,94,79,85,69,90,123,11,90,63,112,26,42,32,48,39,121,91,46,19,4,79,48,70,34,41,39,28,24,33,71
[ 8165.283904] [AOA] Measurement: 0,1627135782.660779,08:55:31:9b:05:29,2,1,2,0,128,528,109,714,487,407,783,938,943,974,460,981,252,701,720,222,663,408,541,456,796,647,420,348,156,563,548,462,589,941,269,820,119,132,116,106,97,96,68,97,128,25,108,78,111,29,50,34,59,55,128,106,58,18,15,85,60,81,46,52,33,21,24,47,89
[ 8165.338199] [AOA] Measurement: 0,1627135782.715078,08:55:31:9b:05:29,2,1,2,0,128,564,147,186,637,455,853,490,136,503,643,514,489,294,949,197,650,1002,790,970,1018,263,689,869,295,148,804,365,589,890,304,740,53,126,97,88,78,83,68,85,116,10,82,59,110,27,37,31,43,33,110,84,39,16,1,70,41,55,28,31,37,29,21,25,55
[ 8165.381571] [AOA] Measurement: 0,1627135782.758453,08:55:31:9b:05:29,2,1,2,0,128,577,172,659,425,380,772,992,967,40,519,537,515,212,922,208,680,980,722,406,776,585,384,367,158,626,617,964,752,920,319,338,798,145,109,104,89,91,70,95,132,17,99,70,115,28,46,33,51,45,125,96,50,18,8,81,53,74,39,42,37,27,24,33,75
[ 8165.420580] [AOA] Measurement: 0,1627135782.797461,08:55:31:9b:05:29,2,1,2,0,128,556,137,197,627,410,796,938,955,960,404,993,271,772,768,624,437,467,563,405,782,159,616,920,322,183,840,315,535,349,145,333,648,137,111,104,92,92,69,94,127,17,98,71,112,28,46,34,53,48,129,103,51,18,9,84,55,75,40,45,38,26,23,37,79
[ 8165.465258] [AOA] Measurement: 0,1627135782.842139,08:55:31:9b:05:29,2,1,2,0,128,129,355,276,731,973,975,510,124,583,718,555,481,697,686,578,401,496,595,977,1003,174,616,919,334,547,574,360,539,375,84,327,725,133,115,108,96,95,68,96,136,21,107,76,111,28,50,34,59,54,137,106,57,18,15,88,60,82,47,52,33,23,26,45,90
[ 8165.511602] [AOA] Measurement: 0,1627135782.888477,08:55:31:9b:05:29,2,1,2,0,128,15,293,259,715,990,1005,483,131,543,688,535,489,289,965,125,666,1004,749,966,40,277,706,967,407,109,820,954,784,928,374,705,968,136,112,106,94,91,63,94,141,26,106,76,106,30,50,33,58,57,139,108,57,18,16,87,62,82,48,53,31,21,25,44,88
[ 8165.562735] [AOA] Measurement: 0,1627135782.939610,08:55:31:9b:05:29,2,1,2,0,128,119,386,211,686,389,771,961,942,4,452,1008,290,731,727,673,527,1017,765,1016,16,211,704,944,363,185,817,931,716,853,287,305,644,141,107,99,86,88,67,94,130,16,96,69,113,27,42,32,51,43,122,93,48,19,6,79,48,69,37,39,37,27,23,30,68
[ 8165.609382] [AOA] Measurement: 0,1627135782.986264,08:55:31:9b:05:29,2,1,2,0,128,132,368,223,682,956,980,935,933,934,426,12,335,673,689,709,524,430,553,416,790,563,356,381,149,703,658,953,746,898,271,1005,427,134,103,94,83,87,69,90,124,12,88,65,114,28,41,32,48,38,115,89,44,17,6,80,48,69,35,38,39,31,25,31,71
[ 8165.653978] [AOA] Measurement: 0,1627135783.030859,08:55:31:9b:05:29,2,1,2,0,128,549,100,626,434,393,754,984,977,553,694,540,495,295,927,596,403,449,530,449,800,649,411,385,185,180,840,957,783,856,300,495,826,145,113,105,94,95,70,98,137,20,103,71,112,28,48,32,54,48,127,104,54,18,10,86,57,77,44,47,36,25,24,38,83
[ 8165.699506] [AOA] Measurement: 0,1627135783.076382,08:55:31:9b:05:29,2,1,2,0,128,562,122,653,447,372,769,997,992,954,468,1021,304,603,632,696,479,402,532,388,707,602,373,271,63,624,632,353,512,384,68,409,785,131,100,91,79,86,70,89,119,12,88,63,112,29,40,31,45,37,113,90,42,17,3,78,46,67,33,37,37,30,22,29,68
[ 8165.742516] [AOA] Measurement: 0,1627135783.119398,08:55:31:9b:05:29,2,1,2,0,128,130,359,138,613,931,977,517,138,509,652,5,288,718,697,623,436,510,574,434,741,662,455,378,153,586,558,365,509,340,108,882,285,132,97,89,77,84,67,87,119,11,86,60,113,26,39,31,45,35,110,87,40,17,2,73,43,60,30,32,38,30,25,26,63
[ 8165.785709] [AOA] Measurement: 0,1627135783.162590,08:55:31:9b:05:29,2,1,2,0,128,626,151,578,391,390,783,18,32,506,727,570,528,188,859,695,497,373,550,423,701,611,465,356,105,597,589,394,523,365,30,975,296,128,97,89,75,80,67,87,113,10,83,59,110,27,37,28,42,31,103,83,38,18,1,70,42,59,28,31,39,30,23,24,56
[ 8165.830188] [AOA] Measurement: 0,1627135783.207063,08:55:31:9b:05:29,2,1,2,0,128,106,318,159,645,437,806,988,994,560,729,578,504,298,960,202,679,11,779,940,995,105,608,317,119,650,638,404,545,344,106,186,599,128,106,101,86,91,71,95,127,13,95,64,111,27,43,31,50,42,122,94,47,20,6,80,50,70,38,41,37,29,23,34,74
[ 8165.878349] [AOA] Measurement: 0,1627135783.255229,08:55:31:9b:05:29,2,1,2,0,128,55,316,210,702,4,11,518,186,497,660,18,347,282,935,197,723,4,781,962,981,195,668,955,349,163,775,875,692,881,290,489,751,128,110,102,91,92,68,93,129,16,98,69,112,28,46,33,55,48,130,101,53,18,10,83,53,76,40,46,38,27,25,35,78
[ 8165.925021] [AOA] Measurement: 0,1627135783.301896,08:55:31:9b:05:29,2,1,2,0,128,82,334,175,625,329,748,954,986,927,447,1014,310,704,709,723,509,969,724,417,787,541,359,421,190,601,599,326,485,342,53,400,904,129,118,110,97,98,73,104,143,19,107,75,119,31,49,35,57,49,127,109,57,22,11,92,59,85,46,50,37,27,26,42,89
[ 8165.964198] [AOA] Measurement: 0,1627135783.341080,08:55:31:9b:05:29,2,1,2,0,128,544,118,658,436,426,806,981,970,40,514,586,528,309,933,270,728,976,741,385,752,582,385,342,142,612,573,389,576,386,129,762,139,146,110,101,93,94,66,95,127,22,107,76,110,28,49,33,58,52,134,108,56,18,15,87,61,81,46,49,33,23,26,44,86
[ 8166.003272] [AOA] Measurement: 0,1627135783.380153,08:55:31:9b:05:29,2,1,2,0,128,109,390,241,692,988,13,517,149,547,688,549,480,306,935,221,690,1010,731,433,783,161,650,336,126,645,600,946,812,885,326,939,168,135,112,102,91,93,67,96,132,18,103,73,114,27,49,35,55,50,128,105,54,19,12,86,59,80,45,50,34,23,24,44,89
[ 8166.048659] [AOA] Measurement: 0,1627135783.425539,08:55:31:9b:05:29,2,1,2,0,128,563,139,200,682,982,1013,490,144,503,702,587,545,209,910,224,689,1003,768,973,1009,179,664,895,347,142,824,349,529,372,125,92,448,135,105,93,81,86,69,91,123,12,90,63,115,27,41,33,48,36,116,91,45,19,5,80,49,66,34,37,38,31,25,30,69
[ 8166.093549] [AOA] Measurement: 0,1627135783.470429,08:55:31:9b:05:29,2,1,2,0,128,123,359,130,613,342,779,18,10,502,684,571,513,703,693,669,436,438,551,474,832,597,403,947,381,181,826,953,754,856,261,877,236,152,110,107,101,94,60,91,139,30,111,78,92,27,54,33,61,62,137,107,61,18,22,84,65,87,54,58,22,12,25,56,95
[ 8166.136211] [AOA] Measurement: 0,1627135783.513086,08:55:31:9b:05:29,2,1,2,0,128,54,348,223,725,948,991,528,147,574,669,603,555,330,963,190,707,14,761,953,1,259,692,854,293,86,740,403,552,284,143,414,818,148,113,103,94,91,68,95,129,19,103,72,108,28,48,33,53,49,131,102,51,18,9,84,57,77,41,44,36,26,23,36,80
[ 8166.180368] [AOA] Measurement: 0,1627135783.557245,08:55:31:9b:05:29,2,1,2,0,128,195,444,214,724,1006,5,490,147,566,679,535,501,240,909,191,647,992,774,388,802,238,648,945,340,81,737,921,742,834,325,59,455,151,124,115,103,103,71,102,136,24,117,83,116,30,54,35,65,61,150,117,63,19,20,94,67,91,56,58,28,17,26,56,101
[ 8166.223644] [AOA] Measurement: 0,1627135783.600524,08:55:31:9b:05:29,2,1,2,0,128,78,370,219,659,1020,1012,551,156,591,667,597,523,271,959,184,712,970,691,959,993,194,631,912,338,136,802,966,798,867,363,209,508,143,107,101,87,91,68,96,125,14,93,68,111,28,43,33,51,41,121,95,48,17,6,81,50,70,36,39,38,28,23,30,71
[ 8166.267487] [AOA] Measurement: 0,1627135783.644368,08:55:31:9b:05:29,2,1,2,0,128,540,151,667,452,978,983,980,993,1009,496,568,482,287,959,207,681,366,502,461,843,681,435,904,334,143,768,362,517,374,131,151,435,128,113,106,93,95,67,98,127,21,104,75,114,29,49,33,56,52,131,105,55,19,13,88,60,80,46,49,35,23,25,42,88
[ 8166.306644] [AOA] Measurement: 0,1627135783.683524,08:55:31:9b:05:29,2,1,2,0,128,124,356,657,429,390,788,910,929,938,473,946,246,721,720,733,544,465,572,441,793,161,629,873,279,230,868,964,763,887,247,552,928,147,109,102,91,93,70,96,127,17,98,72,112,28,46,33,55,46,128,98,51,19,10,84,54,76,41,46,37,26,24,36,78
[ 8166.358206] [AOA] Measurement: 0,1627135783.735084,08:55:31:9b:05:29,2,1,2,0,128,124,388,653,466,434,814,991,974,918,506,28,344,728,693,739,530,401,573,424,746,212,720,995,375,188,844,902,744,356,45,875,246,151,112,106,94,94,69,97,129,20,103,73,114,28,47,34,54,49,127,103,52,19,12,85,56,80,44,48,35,24,24,38,83
[ 8166.409124] [AOA] Measurement: 0,1627135783.785999,08:55:31:9b:05:29,2,1,2,0,128,162,403,128,653,424,802,485,120,541,653,1005,318,760,749,199,678,0,762,943,1006,212,693,920,339,176,824,933,758,878,358,438,735,141,107,98,86,89,69,93,131,15,96,67,111,28,44,33,50,43,126,96,48,18,6,82,52,73,39,43,37,27,22,34,73
[ 8166.452408] [AOA] Measurement: 0,1627135783.829284,08:55:31:9b:05:29,2,1,2,0,128,28,307,210,647,474,835,568,178,492,626,569,537,256,927,229,727,1008,759,6,46,217,683,949,364,150,791,960,785,880,352,650,901,139,106,94,84,85,66,89,122,13,92,66,112,27,41,29,47,38,116,90,45,17,4,78,49,65,33,39,38,29,24,30,71
[ 8166.500992] [AOA] Measurement: 0,1627135783.877873,08:55:31:9b:05:29,2,1,2,0,128,139,383,282,727,979,10,527,141,536,682,565,505,261,902,169,692,356,476,996,989,225,678,888,344,644,607,922,749,846,299,666,924,130,113,105,93,96,69,96,138,20,105,75,112,28,48,34,57,52,137,107,56,18,13,87,60,82,45,51,34,23,24,43,86
[ 8166.544707] [AOA] Measurement: 0,1627135783.921588,08:55:31:9b:05:29,2,1,2,0,128,614,166,667,459,443,824,985,999,430,716,29,357,701,685,763,522,462,567,431,756,576,425,370,156,658,667,398,527,423,85,890,312,132,99,92,76,83,66,90,121,11,88,62,110,26,38,31,45,35,109,84,40,16,0,72,44,62,30,33,38,29,22,25,60
[ 8166.583824] [AOA] Measurement: 0,1627135783.960699,08:55:31:9b:05:29,2,1,2,0,128,116,317,140,633,19,50,469,152,514,606,1002,268,337,989,136,646,17,756,961,0,280,704,969,407,133,793,955,790,878,408,256,479,105,81,72,62,71,63,75,95,7,72,50,104,26,34,27,37,24,94,70,33,15,1,65,35,54,24,28,37,31,23,22,55
[ 8166.633516] [AOA] Measurement: 0,1627135784.010391,08:55:31:9b:05:29,2,1,2,0,128,109,347,200,682,998,1007,574,220,577,768,529,538,278,927,202,674,996,720,368,735,661,422,349,156,598,581,329,529,388,139,273,688,153,115,109,99,97,67,96,142,24,108,78,109,29,51,34,60,57,139,106,58,18,17,89,61,85,50,55,30,18,26,50,91
[ 8166.678201] [AOA] Measurement: 0,1627135784.055083,08:55:31:9b:05:29,2,1,2,0,128,592,150,674,462,318,790,978,980,952,518,40,353,657,668,639,422,347,465,383,731,646,478,412,193,678,675,384,552,348,53,246,756,161,119,111,99,101,73,104,132,21,109,80,121,29,51,35,60,55,140,111,57,20,13,92,62,87,48,52,36,24,26,44,92
[ 8166.722804] [AOA] Measurement: 0,1627135784.099683,08:55:31:9b:05:29,2,1,2,0,128,115,341,182,711,998,1018,535,165,546,701,535,498,233,904,668,502,43,785,967,1002,164,636,920,333,171,823,949,763,895,270,644,25,130,102,93,80,85,68,91,123,12,92,63,113,27,42,33,47,38,118,91,45,19,5,77,50,68,35,39,37,28,23,29,68
[ 8166.772007] [AOA] Measurement: 0,1627135784.148887,08:55:31:9b:05:29,2,1,2,0,128,118,393,228,687,948,958,524,166,478,683,558,528,242,902,217,657,955,676,406,797,591,438,410,148,643,594,407,589,365,129,561,952,137,106,99,85,88,67,90,125,13,93,65,113,28,40,31,48,37,117,89,44,17,3,75,47,65,33,36,38,29,23,30,67
[ 8166.818633] [AOA] Measurement: 0,1627135784.195513,08:55:31:9b:05:29,2,1,2,0,128,105,363,205,661,975,993,538,193,495,719,557,553,265,963,252,685,964,779,1013,995,179,651,922,364,210,861,969,748,900,257,787,108,129,98,89,78,84,68,87,119,11,88,60,111,27,41,31,47,36,113,86,43,17,3,75,44,64,31,34,38,29,23,28,64
[ 8166.862726] [AOA] Measurement: 0,1627135784.239606,08:55:31:9b:05:29,2,1,2,0,128,601,139,244,702,1023,15,501,164,607,731,555,570,302,955,162,644,1021,769,963,1020,168,624,923,346,87,750,833,704,193,54,781,221,150,115,108,96,95,68,98,129,21,108,76,108,28,50,35,58,55,137,106,58,18,14,89,61,85,50,53,32,21,24,47,93
[ 8166.907663] [AOA] Measurement: 0,1627135784.284543,08:55:31:9b:05:29,2,1,2,0,128,557,158,643,446,364,759,928,953,919,435,930,242,713,687,655,445,495,619,977,986,139,626,360,165,586,575,368,511,316,32,366,939,141,106,102,88,91,71,96,130,15,99,70,113,28,45,33,52,45,128,101,49,19,8,85,53,76,42,45,36,27,24,36,82
[ 8166.952269] [AOA] Measurement: 0,1627135784.329149,08:55:31:9b:05:29,2,1,2,0,128,88,347,202,654,989,990,948,956,520,644,33,318,737,712,655,484,1022,735,1018,43,205,676,932,375,142,803,916,764,845,304,429,861,142,119,113,99,100,74,102,145,20,107,77,118,30,49,35,54,52,139,106,53,21,8,91,59,85,45,48,41,29,26,39,84
[ 8167.002877] [AOA] Measurement: 0,1627135784.379755,08:55:31:9b:05:29,2,1,2,0,128,101,338,198,654,362,760,931,960,929,438,983,286,714,726,663,472,433,529,386,784,663,417,388,178,626,596,353,528,326,90,509,827,147,113,104,90,94,69,93,132,16,98,69,112,27,46,35,51,46,127,96,48,19,7,79,51,71,37,40,37,28,23,32,72
[ 8167.053229] [AOA] Measurement: 0,1627135784.430107,08:55:31:9b:05:29,2,1,2,0,128,98,334,206,635,455,842,521,152,984,472,939,274,758,761,686,480,449,584,437,789,672,441,317,91,679,631,377,554,327,49,649,1004,127,103,94,81,85,66,89,122,11,90,61,110,26,39,30,43,35,110,84,43,19,1,76,44,61,29,33,39,29,23,24,59
[ 8167.096236] [AOA] Measurement: 0,1627135784.473113,08:55:31:9b:05:29,2,1,2,0,128,520,100,642,441,457,820,526,145,494,656,518,517,263,941,660,480,410,530,326,746,622,400,302,83,601,628,343,532,337,101,362,681,140,118,107,97,94,67,96,131,23,109,78,107,29,50,34,58,54,136,107,58,18,14,87,62,83,49,54,33,20,25,50,92
[ 8167.141329] [AOA] Measurement: 0,1627135784.518205,08:55:31:9b:05:29,2,1,2,0,128,149,404,300,692,952,953,968,983,982,503,568,556,261,912,658,465,426,511,494,832,143,621,952,365,168,827,915,726,856,260,852,253,130,99,91,77,84,68,89,114,11,83,59,108,27,37,30,45,34,113,85,42,17,1,73,43,62,31,33,38,30,23,26,64
[ 8167.190055] [AOA] Measurement: 0,1627135784.566934,08:55:31:9b:05:29,2,1,2,0,128,84,335,263,696,941,982,1000,1006,500,661,574,515,194,877,160,674,409,530,402,791,634,440,316,136,604,612,418,562,931,305,285,686,127,103,94,80,84,68,89,122,10,88,63,114,28,40,32,46,37,112,86,42,18,4,73,45,62,28,33,39,31,25,24,61
[ 8167.228826] [AOA] Measurement: 0,1627135784.605706,08:55:31:9b:05:29,2,1,2,0,128,503,87,743,479,975,1013,990,967,510,680,1006,354,720,701,701,502,972,735,1,985,160,619,979,382,112,798,311,477,373,56,64,515,143,108,101,90,89,68,92,128,15,98,68,114,27,46,33,52,43,119,95,47,17,6,81,52,71,36,40,39,28,24,31,68
[ 8167.275312] [AOA] Measurement: 0,1627135784.652192,08:55:31:9b:05:29,2,1,2,0,128,91,368,236,709,1003,16,514,172,560,723,563,516,260,953,191,700,918,707,983,1010,127,609,895,330,82,765,332,506,311,75,66,568,146,111,103,88,93,69,97,128,18,100,71,116,28,44,33,52,47,125,99,51,18,9,83,55,76,39,46,37,25,24,37,79
[ 8167.314708] [AOA] Measurement: 0,1627135784.691585,08:55:31:9b:05:29,2,1,2,0,128,1009,283,593,399,418,814,996,990,965,423,89,335,263,910,206,686,939,723,963,1000,205,629,921,334,117,762,371,537,312,95,56,424,128,109,102,90,93,70,96,128,19,100,71,114,29,47,32,52,48,123,98,50,18,9,80,54,73,37,44,39,27,24,35,78
[ 8167.364997] [AOA] Measurement: 0,1627135784.741875,08:55:31:9b:05:29,2,1,2,0,128,153,407,179,679,993,1009,471,134,529,719,987,291,719,747,684,496,444,538,939,2,212,680,937,343,217,841,952,748,928,322,149,466,147,108,103,90,92,69,95,128,17,98,70,111,27,45,33,53,48,131,101,53,18,9,84,56,79,43,47,36,25,24,42,86
[ 8167.407573] [AOA] Measurement: 0,1627135784.784450,08:55:31:9b:05:29,2,1,2,0,128,561,116,209,644,380,759,977,946,1008,450,1017,328,255,891,228,688,1002,738,978,997,184,657,327,128,527,517,308,533,339,102,271,685,134,99,94,81,88,70,92,125,13,92,64,114,28,42,33,47,40,117,92,46,19,4,77,49,66,35,38,39,28,24,28,67
[ 8167.448544] [AOA] Measurement: 0,1627135784.825424,08:55:31:9b:05:29,2,1,2,0,128,148,363,186,686,998,1017,1008,1008,442,627,1006,295,315,967,188,670,994,770,893,920,593,405,365,143,140,754,323,515,354,85,59,579,120,92,84,69,80,67,83,105,8,80,52,108,27,36,28,38,29,96,77,35,17,0,68,38,53,26,29,37,31,23,23,54
[ 8167.492462] [AOA] Measurement: 0,1627135784.869342,08:55:31:9b:05:29,2,1,2,0,128,618,153,163,652,9,20,449,134,502,640,598,542,226,916,681,502,356,472,441,794,147,629,376,159,177,847,929,761,278,82,98,516,136,107,99,85,91,72,94,129,13,98,69,115,28,44,33,51,44,125,97,50,19,8,83,54,75,41,45,37,26,24,37,79
[ 8167.535456] [AOA] Measurement: 0,1627135784.912331,08:55:31:9b:05:29,2,1,2,0,128,556,85,647,434,387,786,973,982,588,690,569,544,325,942,257,747,981,761,360,761,594,376,329,138,647,605,359,523,290,47,383,848,129,108,99,89,90,69,94,127,16,95,69,113,28,43,32,53,43,126,96,50,18,8,83,53,75,40,42,36,26,24,37,75
[ 8167.579647] [AOA] Measurement: 0,1627135784.956524,08:55:31:9b:05:29,2,1,2,0,128,582,149,696,481,402,814,506,189,604,717,549,554,279,902,152,630,377,482,414,802,628,434,397,193,202,807,885,758,310,91,512,39,148,114,102,90,93,72,99,129,13,96,69,119,29,43,34,51,42,124,95,48,18,5,83,53,71,37,39,43,31,24,32,73
[ 8167.622420] [AOA] Measurement: 0,1627135784.999300,08:55:31:9b:05:29,2,1,2,0,128,185,406,174,643,425,822,44,10,451,696,579,507,707,711,747,511,440,597,953,939,232,590,947,387,162,828,943,764,953,310,919,220,127,101,91,82,87,68,91,119,12,90,66,113,28,40,32,48,39,120,90,44,17,4,76,49,68,34,40,39,29,23,31,67
[ 8167.666440] [AOA] Measurement: 0,1627135785.043319,08:55:31:9b:05:29,2,1,2,0,128,148,398,212,700,1008,5,567,187,488,654,639,571,324,976,208,697,939,720,909,938,208,713,834,302,162,798,936,766,933,364,931,29,132,113,103,90,91,69,95,134,18,102,72,115,29,47,34,53,48,130,102,52,20,9,83,55,75,40,43,37,27,24,34,78
[ 8167.705079] [AOA] Measurement: 0,1627135785.081958,08:55:31:9b:05:29,2,1,2,0,128,102,327,178,628,435,803,992,961,1005,508,6,323,301,968,255,739,1008,790,974,6,157,659,906,352,630,627,324,510,332,64,856,355,127,115,106,95,96,69,97,139,21,104,74,112,28,48,33,56,52,134,106,55,19,13,87,60,82,46,49,34,22,25,43,87
[ 8167.743590] [AOA] Measurement: 0,1627135785.120469,08:55:31:9b:05:29,2,1,2,0,128,569,129,236,689,981,1003,576,190,556,749,591,574,336,993,200,726,0,787,1009,9,151,628,894,321,162,787,885,755,889,272,452,839,135,100,95,81,84,68,91,122,11,89,62,111,28,41,32,48,37,116,89,43,18,4,74,44,64,33,36,38,29,25,28,67
[ 8167.785509] [AOA] Measurement: 0,1627135785.162384,08:55:31:9b:05:29,2,1,2,0,128,46,312,161,686,476,827,993,989,599,685,552,511,291,935,120,638,54,739,373,749,689,439,338,157,140,796,945,788,811,251,980,328,128,107,100,85,89,67,93,127,15,96,67,114,28,43,32,51,42,125,96,49,18,6,81,50,69,37,40,38,27,23,31,73
[ 8167.828252] [AOA] Measurement: 0,1627135785.205126,08:55:31:9b:05:29,2,1,2,0,128,160,430,222,669,989,1001,507,133,522,718,550,527,689,689,711,494,415,542,387,762,527,394,405,203,662,666,971,778,914,258,890,162,136,104,96,84,86,68,90,123,14,91,64,110,27,42,31,48,40,121,95,46,18,5,80,48,67,34,40,38,27,23,32,71
[ 8167.867294] [AOA] Measurement: 0,1627135785.244174,08:55:31:9b:05:29,2,1,2,0,128,106,351,152,617,457,786,985,975,468,676,939,257,695,716,711,502,31,802,433,728,633,420,364,187,630,618,1002,789,930,291,201,493,129,108,99,89,90,70,95,130,16,97,69,114,27,44,32,49,44,121,98,46,20,6,82,52,74,37,42,39,27,25,34,74
[ 8167.912136] [AOA] Measurement: 0,1627135785.289016,08:55:31:9b:05:29,2,1,2,0,128,143,373,329,723,1013,10,507,180,541,695,593,551,289,945,252,741,1003,738,943,943,191,643,341,149,643,591,325,537,314,133,973,269,143,109,102,89,89,67,93,128,17,94,70,112,27,45,34,53,46,130,102,53,19,9,87,57,78,43,47,36,25,25,40,83
[ 8167.954952] [AOA] Measurement: 0,1627135785.331829,08:55:31:9b:05:29,2,1,2,0,128,592,159,638,443,449,796,945,961,860,433,1000,255,753,732,720,524,435,560,426,785,608,427,354,191,577,559,422,565,352,71,214,735,128,100,89,77,83,70,91,123,11,89,62,113,27,40,32,46,36,116,90,44,17,3,74,46,65,32,35,37,30,23,28,69
[ 8167.998867] [AOA] Measurement: 0,1627135785.375743,08:55:31:9b:05:29,2,1,2,0,128,559,146,641,464,453,873,496,132,566,699,542,510,240,919,210,682,984,736,387,774,576,412,327,123,671,635,961,786,315,66,242,503,115,87,80,68,74,64,78,101,6,72,48,104,26,32,27,36,23,91,69,31,16,2,62,33,48,21,24,36,30,21,20,47
[ 8168.041832] [AOA] Measurement: 0,1627135785.418711,08:55:31:9b:05:29,2,1,2,0,128,64,308,201,672,998,1009,939,942,958,451,503,478,250,944,673,451,457,545,393,815,160,638,929,374,172,839,890,739,859,306,438,888,138,108,98,88,90,69,96,130,14,95,68,115,28,44,32,51,43,127,97,48,19,6,83,53,70,38,40,39,27,24,32,74
[ 8168.086339] [AOA] Measurement: 0,1627135785.463218,08:55:31:9b:05:29,2,1,2,0,128,89,347,245,670,1005,4,585,226,530,729,966,300,682,680,660,455,417,560,398,774,233,651,923,373,111,778,945,727,331,61,406,873,133,122,114,99,102,73,104,138,21,111,80,123,31,53,36,61,57,137,113,58,21,13,93,63,88,49,55,36,23,27,48,95
[ 8168.127653] [AOA] Measurement: 0,1627135785.504533,08:55:31:9b:05:29,2,1,2,0,128,95,359,136,625,961,956,990,958,938,392,948,236,797,763,645,477,981,704,442,829,638,432,330,135,541,554,282,499,243,55,1021,517,141,112,101,92,95,70,97,137,19,103,73,117,30,47,33,54,49,130,102,52,18,10,84,56,76,42,45,37,26,25,37,79
[ 8168.174084] [AOA] Measurement: 0,1627135785.550962,08:55:31:9b:05:29,2,1,2,0,128,633,185,268,713,994,10,529,194,497,742,570,558,291,957,199,653,984,749,426,780,649,452,875,303,184,807,937,766,914,296,259,592,132,111,101,89,92,69,97,127,17,96,72,115,29,45,33,52,47,128,101,50,19,7,83,54,74,40,44,37,27,24,35,80
[ 8168.217134] [AOA] Measurement: 0,1627135785.594011,08:55:31:9b:05:29,2,1,2,0,128,118,352,158,620,422,789,969,960,949,437,958,244,747,738,209,668,982,719,429,819,121,570,921,382,189,814,894,716,350,104,671,978,125,95,88,73,81,68,86,113,6,82,58,109,26,36,30,44,32,104,82,39,18,0,69,40,57,27,30,40,30,23,24,58
[ 8168.267719] [AOA] Measurement: 0,1627135785.644597,08:55:31:9b:05:29,2,1,2,0,128,84,354,243,713,982,993,442,90,555,693,502,458,304,958,154,643,997,716,1006,985,642,450,907,359,614,597,328,538,314,116,741,50,147,114,106,95,96,69,99,134,18,100,73,110,27,45,33,53,49,127,103,53,20,10,86,55,78,42,47,37,26,24,38,81
[ 8168.306814] [AOA] Measurement: 0,1627135785.683693,08:55:31:9b:05:29,2,1,2,0,128,123,416,163,654,994,980,422,102,494,685,1003,315,289,940,630,460,979,707,914,957,265,681,918,355,164,832,879,709,895,299,913,166,131,99,90,79,83,70,87,119,11,86,60,113,27,40,32,45,36,112,89,42,18,3,75,47,65,32,36,39,29,24,27,67
[ 8168.351232] [AOA] Measurement: 0,1627135785.728112,08:55:31:9b:05:29,2,1,2,0,128,116,360,159,642,940,981,561,199,565,706,567,518,243,924,168,649,973,730,408,819,175,626,934,358,136,794,916,750,319,110,795,179,130,109,100,87,90,70,93,131,15,99,68,115,27,43,33,52,44,124,96,50,18,8,83,53,75,38,44,37,27,25,36,79
[ 8168.401205] [AOA] Measurement: 0,1627135785.778080,08:55:31:9b:05:29,2,1,2,0,128,588,175,196,637,374,798,972,939,55,512,557,493,308,940,213,698,470,564,346,746,602,417,308,127,580,599,250,507,379,144,658,17,127,110,102,91,93,70,98,132,19,102,73,113,28,48,34,55,51,134,105,55,20,12,87,57,80,44,48,35,24,25,41,85
[ 8168.451497] [AOA] Measurement: 0,1627135785.828373,08:55:31:9b:05:29,2,1,2,0,128,132,409,152,633,965,1,1021,1,435,721,547,507,262,939,255,716,430,554,460,787,683,498,393,156,608,609,367,526,984,310,89,316,127,99,91,79,85,66,89,119,11,88,62,113,27,40,30,48,37,118,88,44,17,3,75,47,67,33,36,40,29,22,29,67
[ 8168.496007] [AOA] Measurement: 0,1627135785.872888,08:55:31:9b:05:29,2,1,2,0,128,125,358,218,690,975,1000,495,183,492,644,532,493,296,962,153,656,23,803,21,20,292,697,913,401,114,789,896,755,789,319,709,18,136,109,103,93,93,68,93,127,18,101,71,112,27,47,33,53,47,128,99,53,19,10,82,55,76,42,46,36,27,23,36,79
[ 8168.538709] [AOA] Measurement: 0,1627135785.915584,08:55:31:9b:05:29,2,1,2,0,128,581,140,244,687,997,1020,480,167,568,667,547,514,323,931,158,700,30,739,350,795,710,476,968,389,139,805,886,732,820,285,934,329,134,104,96,85,89,69,90,127,14,91,63,110,27,43,31,47,41,118,90,44,18,7,78,49,69,35,39,37,29,23,31,70
[ 8168.577768] [AOA] Measurement: 0,1627135785.954649,08:55:31:9b:05:29,2,1,2,0,128,586,146,624,463,427,802,990,987,966,439,621,510,289,932,146,655,1000,759,959,996,614,456,861,307,612,608,364,527,302,71,963,503,135,103,94,82,86,69,91,125,13,91,64,113,28,41,31,46,39,120,91,46,20,4,79,50,68,35,39,37,30,23,31,72
[ 8168.622322] [AOA] Measurement: 0,1627135785.999202,08:55:31:9b:05:29,2,1,2,0,128,556,149,212,668,397,788,8,988,548,694,604,555,308,947,218,715,967,721,960,969,645,453,325,140,635,608,349,539,326,90,141,589,134,98,92,79,86,68,92,124,11,90,64,111,26,40,31,47,36,113,90,44,19,2,74,46,62,31,35,40,30,24,28,65
[ 8168.672403] [AOA] Measurement: 0,1627135786.049277,08:55:31:9b:05:29,2,1,2,0,128,115,365,170,640,962,993,531,154,536,691,950,275,301,980,237,738,44,809,1014,29,164,657,916,344,595,573,443,610,883,308,376,828,141,115,108,98,95,66,94,141,25,107,77,107,28,49,34,59,56,129,107,59,18,14,86,61,85,49,52,32,19,25,45,90
[ 8168.722760] [AOA] Measurement: 0,1627135786.099635,08:55:31:9b:05:29,2,1,2,0,128,95,377,121,627,14,20,490,113,563,690,544,505,285,964,190,677,1006,773,940,1002,188,616,900,350,117,785,380,549,854,323,640,958,145,109,100,88,93,70,97,133,15,100,71,117,28,44,34,52,45,126,100,50,20,8,83,53,73,39,43,38,27,24,35,74
[ 8168.768235] [AOA] Measurement: 0,1627135786.145115,08:55:31:9b:05:29,2,1,2,0,128,672,195,196,651,449,842,13,1004,466,623,1000,246,687,699,631,461,445,578,401,786,581,411,353,152,636,622,377,552,357,80,358,763,127,114,107,93,94,67,96,127,18,102,75,111,29,48,33,56,49,133,103,53,19,9,86,56,75,42,45,36,24,23,37,81
[ 8168.812472] [AOA] Measurement: 0,1627135786.189352,08:55:31:9b:05:29,2,1,2,0,128,552,128,692,473,433,810,922,955,967,474,990,271,707,716,691,485,991,766,25,3,171,600,859,321,606,582,470,600,320,35,837,180,133,99,95,77,86,67,91,122,12,89,62,115,27,40,33,46,37,116,91,46,18,4,77,48,66,33,37,39,28,25,30,68
[ 8168.854346] [AOA] Measurement: 0,1627135786.231224,08:55:31:9b:05:29,2,1,2,0,128,154,433,240,676,20,72,506,166,487,743,602,587,197,836,252,701,945,720,962,958,152,656,422,193,235,862,1015,768,914,311,850,107,138,108,101,89,92,70,95,129,14,96,69,115,27,44,33,51,42,126,96,48,19,6,81,52,71,36,41,37,28,25,34,76
[ 8168.905521] [AOA] Measurement: 0,1627135786.282395,08:55:31:9b:05:29,2,1,2,0,128,92,342,224,691,5,32,554,215,433,642,994,286,745,761,277,743,1013,796,941,927,581,435,312,165,619,627,368,531,337,77,887,310,147,111,104,90,89,70,93,129,16,99,70,113,27,46,33,52,48,130,100,50,19,9,83,54,76,42,43,36,26,24,37,80
[ 8168.955645] [AOA] Measurement: 0,1627135786.332520,08:55:31:9b:05:29,2,1,2,0,128,152,407,224,704,940,978,519,156,509,758,494,505,679,665,733,560,463,618,991,961,143,578,1017,423,200,884,891,718,343,71,874,273,137,112,104,88,91,67,94,130,18,98,70,109,28,44,34,54,48,129,101,51,18,8,84,55,76,40,44,36,26,24,37,75
[ 8169.002004] [AOA] Measurement: 0,1627135786.378886,08:55:31:9b:05:29,2,1,2,0,128,567,141,709,456,953,985,980,991,15,519,519,463,774,742,248,710,969,722,913,950,147,630,288,113,648,639,938,757,906,314,820,28,138,114,105,92,96,67,93,133,21,103,74,113,29,48,34,55,51,135,106,54,18,11,84,58,79,41,47,36,25,26,39,83
[ 8169.052758] [AOA] Measurement: 0,1627135786.429633,08:55:31:9b:05:29,2,1,2,0,128,616,166,668,443,389,778,963,976,937,486,1014,321,688,702,722,485,466,611,369,726,182,537,897,366,174,844,949,728,914,240,695,144,148,112,103,92,92,69,98,127,19,102,75,114,28,48,33,55,51,134,105,53,19,12,86,57,77,44,47,36,25,24,41,81
[ 8169.103665] [AOA] Measurement: 0,1627135786.480540,08:55:31:9b:05:29,2,1,2,0,128,88,319,122,601,395,759,947,964,35,445,462,400,267,978,149,639,1023,744,912,950,663,453,347,144,595,600,373,551,283,128,432,765,139,104,100,85,88,71,92,128,14,95,67,113,28,44,33,51,41,125,97,48,18,6,81,52,72,37,43,37,27,25,34,75
[ 8169.151655] [AOA] Measurement: 0,1627135786.528532,08:55:31:9b:05:29,2,1,2,0,128,590,118,736,510,445,839,520,151,572,695,548,519,256,918,646,455,455,532,364,752,643,421,356,183,604,566,380,526,393,117,721,1018,130,114,106,95,94,69,97,135,20,104,75,111,29,49,34,57,54,138,106,56,20,15,87,61,84,48,52,33,22,25,48,92
[ 8169.202634] [AOA] Measurement: 0,1627135786.579510,08:55:31:9b:05:29,2,1,2,0,128,562,131,656,461,434,822,965,955,1005,481,1000,283,723,716,683,465,944,711,0,41,151,620,896,330,149,835,929,767,365,142,133,436,149,114,107,95,97,65,95,140,24,105,78,107,28,51,33,59,56,139,108,59,19,17,85,62,84,50,55,29,17,26,52,93
[ 8169.257670] [AOA] Measurement: 0,1627135786.634552,08:55:31:9b:05:29,2,1,2,0,128,507,73,639,412,408,810,505,148,532,706,574,536,318,923,201,705,15,805,926,961,130,633,952,385,158,834,915,713,901,273,415,840,151,112,105,91,94,66,94,132,20,99,73,110,28,46,33,53,49,132,102,52,19,11,86,57,78,41,47,35,24,25,37,80
[ 8169.300481] [AOA] Measurement: 0,1627135786.677361,08:55:31:9b:05:29,2,1,2,0,128,112,343,157,641,985,1010,943,935,994,471,1023,276,728,740,623,452,468,564,402,783,685,463,350,159,596,579,394,557,304,128,555,976,153,116,108,96,96,64,93,128,26,110,79,103,28,52,34,60,59,136,109,60,18,19,88,63,87,54,57,28,16,24,52,94
[ 8169.345105] [AOA] Measurement: 0,1627135786.721987,08:55:31:9b:05:29,2,1,2,0,128,465,72,636,416,352,771,992,990,970,443,45,381,246,936,243,694,960,720,372,780,596,397,295,109,636,619,403,588,874,265,238,707,140,109,100,86,88,68,92,124,13,91,66,113,28,43,32,50,41,123,93,47,19,6,81,49,68,36,38,39,28,23,28,69
[ 8169.389120] [AOA] Measurement: 0,1627135786.765993,08:55:31:9b:05:29,2,1,2,0,128,101,322,250,718,989,996,420,94,487,611,1,275,274,918,659,467,486,552,998,10,152,610,916,348,178,850,914,778,865,371,290,510,146,117,107,99,97,66,93,127,27,109,78,100,29,52,35,60,58,142,109,58,17,18,87,63,86,51,55,28,17,25,51,95
[ 8169.432584] [AOA] Measurement: 0,1627135786.809466,08:55:31:9b:05:29,2,1,2,0,128,593,148,651,439,494,828,1004,990,481,691,558,506,223,888,671,489,411,551,416,761,669,494,940,381,197,844,943,741,917,315,109,431,129,106,98,84,91,73,95,128,12,95,65,119,29,42,33,46,36,117,90,46,19,2,79,47,66,33,35,40,32,25,26,65
[ 8169.476683] [AOA] Measurement: 0,1627135786.853565,08:55:31:9b:05:29,2,1,2,0,128,617,172,183,630,414,787,20,1000,881,458,955,272,704,695,692,480,374,518,499,815,154,68,292,69,620,610,364,461,380,43,30,433,138,109,100,88,90,70,95,127,14,93,67,112,28,43,32,50,42,122,95,47,18,6,79,50,71,36,40,38,28,24,30,70
[ 8169.520100] [AOA] Measurement: 0,1627135786.896982,08:55:31:9b:05:29,2,1,2,0,128,555,184,225,645,950,1022,538,158,479,708,601,582,197,878,183,661,953,716,984,960,634,446,357,124,622,622,413,562,379,85,373,812,129,116,109,97,97,68,98,139,22,106,75,109,28,50,34,57,54,136,108,57,18,16,88,62,83,48,53,32,22,24,44,86
[ 8169.561210] [AOA] Measurement: 0,1627135786.938084,08:55:31:9b:05:29,2,1,2,0,128,534,109,558,371,431,770,981,963,2,527,22,313,663,699,751,500,410,538,360,792,624,416,323,88,638,621,395,561,317,59,674,183,129,115,108,97,94,67,98,128,24,106,72,106,29,49,34,59,56,129,108,58,19,16,86,60,81,45,51,34,23,25,44,88
[ 8169.608445] [AOA] Measurement: 0,1627135786.985325,08:55:31:9b:05:29,2,1,2,0,128,77,346,283,749,1020,8,460,132,517,675,630,557,289,974,206,692,1014,753,912,932,282,724,864,335,171,839,964,798,917,362,577,725,131,103,97,80,86,68,92,121,13,89,63,108,26,41,32,47,40,119,92,45,17,4,79,48,67,34,40,36,29,23,30,66
[ 8169.655041] [AOA] Measurement: 0,1627135787.031916,08:55:31:9b:05:29,2,1,2,0,128,525,103,684,463,385,737,27,1005,507,669,994,292,773,752,657,502,433,522,32,37,232,662,947,352,168,819,950,729,868,261,566,87,128,112,105,95,94,67,97,137,20,103,75,112,28,48,32,53,50,127,103,55,18,12,85,57,79,44,49,36,24,25,40,85
[ 8169.694036] [AOA] Measurement: 0,1627135787.070917,08:55:31:9b:05:29,2,1,2,0,128,601,179,636,412,437,816,1017,4,431,686,966,279,674,682,256,697,399,552,431,746,141,595,889,326,183,810,963,745,941,276,397,764,144,111,103,91,92,71,94,129,16,100,71,113,27,46,33,53,47,129,100,51,17,9,83,54,75,40,45,37,26,25,38,80
[ 8169.738433] [AOA] Measurement: 0,1627135787.115312,08:55:31:9b:05:29,2,1,2,0,128,101,352,222,660,372,761,1016,995,1021,497,589,512,221,908,601,398,467,558,455,828,212,646,854,333,613,581,354,512,277,64,692,144,117,90,83,69,76,65,82,103,6,78,50,108,25,33,28,38,27,95,74,35,16,1,66,38,52,25,28,38,30,23,24,55
[ 8169.782420] [AOA] Measurement: 0,1627135787.159302,08:55:31:9b:05:29,2,1,2,0,128,80,358,213,657,1005,1017,497,136,499,702,993,283,655,698,698,494,377,522,394,761,658,427,393,168,700,651,951,747,933,285,652,931,146,109,101,89,93,68,94,129,17,102,71,112,28,45,33,53,50,133,102,54,18,11,84,57,82,43,49,34,22,25,42,85
[ 8169.827255] [AOA] Measurement: 0,1627135787.204131,08:55:31:9b:05:29,2,1,2,0,128,82,324,178,651,475,827,975,1003,552,682,14,326,302,948,204,731,29,740,936,980,201,647,918,357,150,845,334,548,310,83,350,731,135,124,113,103,103,74,102,149,22,112,79,117,31,53,36,63,60,131,113,60,19,16,95,65,91,52,57,36,23,27,51,99
[ 8169.871332] [AOA] Measurement: 0,1627135787.248206,08:55:31:9b:05:29,2,1,2,0,128,509,104,676,454,359,751,959,949,955,448,925,280,624,638,643,407,361,516,330,692,598,368,323,112,646,593,398,563,311,33,353,830,136,116,108,98,100,75,102,140,18,104,73,123,29,48,34,56,48,136,105,52,20,9,88,57,80,39,45,40,29,25,35,78
[ 8169.918906] [AOA] Measurement: 0,1627135787.295787,08:55:31:9b:05:29,2,1,2,0,128,637,174,160,629,1003,997,1009,1004,965,479,51,323,784,774,232,721,40,832,1003,982,213,675,945,381,103,806,922,726,321,53,134,599,150,113,106,96,95,66,97,128,23,107,78,106,27,51,34,58,55,138,108,57,20,17,88,61,84,50,53,28,17,23,49,91
[ 8169.960406] [AOA] Measurement: 0,1627135787.337280,08:55:31:9b:05:29,2,1,2,0,128,58,285,212,672,12,26,500,140,613,730,480,455,304,982,229,738,1017,771,932,957,192,624,850,310,126,777,338,524,343,104,452,928,155,122,116,101,100,73,103,140,24,114,82,117,29,53,36,62,58,149,115,60,20,17,96,66,90,53,58,34,20,26,53,99
[ 8170.008607] [AOA] Measurement: 0,1627135787.385486,08:55:31:9b:05:29,2,1,2,0,128,593,146,197,650,429,850,476,146,517,634,994,283,742,720,643,484,356,499,463,836,609,429,305,119,622,569,368,562,369,130,904,333,133,116,108,99,96,68,98,130,23,108,79,107,28,51,34,58,56,128,106,58,18,16,90,62,87,49,54,31,18,27,51,92
[ 8170.053671] [AOA] Measurement: 0,1627135787.430552,08:55:31:9b:05:29,2,1,2,0,128,87,371,141,606,1008,1017,520,137,621,742,528,510,248,907,191,689,437,497,459,816,166,607,906,358,602,621,970,766,821,247,915,241,152,113,106,95,95,67,95,141,21,106,76,111,27,50,33,59,54,137,109,56,20,14,88,60,83,47,52,34,23,24,46,88
[ 8170.098270] [AOA] Measurement: 0,1627135787.475150,08:55:31:9b:05:29,2,1,2,0,128,551,164,665,450,994,1008,527,151,501,698,1009,286,209,901,706,512,1018,788,961,972,139,601,939,341,171,847,909,720,366,79,184,552,148,114,106,95,94,70,97,137,19,104,75,114,29,48,34,56,52,137,106,55,18,13,86,59,82,46,50,34,22,24,45,89
[ 8170.142944] [AOA] Measurement: 0,1627135787.519824,08:55:31:9b:05:29,2,1,2,0,128,534,123,165,634,1015,2,484,123,465,632,566,528,258,969,206,702,404,530,359,803,645,435,361,129,592,592,347,529,295,69,265,737,146,112,104,92,92,68,94,133,20,99,74,110,29,47,33,54,49,134,105,54,18,14,88,60,81,46,51,34,21,25,44,87
[ 8170.193593] [AOA] Measurement: 0,1627135787.570471,08:55:31:9b:05:29,2,1,2,0,128,43,285,184,662,1016,1017,451,98,516,629,570,516,373,1006,164,679,1008,713,1007,20,221,667,878,319,144,761,974,805,762,263,521,955,148,113,104,92,92,68,98,129,22,105,75,113,28,50,33,56,54,136,106,57,19,13,89,61,82,49,53,32,20,24,47,91
[ 8170.244570] [AOA] Measurement: 0,1627135787.621444,08:55:31:9b:05:29,2,1,2,0,128,584,164,665,433,413,772,865,896,916,423,942,237,793,761,628,458,439,568,408,758,621,415,298,103,611,545,351,542,349,39,29,469,128,114,108,102,96,65,93,131,26,107,80,103,29,52,33,60,58,140,106,58,18,17,87,61,84,48,53,32,20,26,47,90
[ 8170.289334] [AOA] Measurement: 0,1627135787.666216,08:55:31:9b:05:29,2,1,2,0,128,544,129,246,696,980,1016,416,110,964,424,27,315,699,687,679,470,405,518,999,1018,163,622,914,348,150,791,844,721,352,122,202,594,137,114,105,96,95,66,94,142,24,109,77,107,29,50,35,59,55,127,107,58,18,17,88,61,83,50,53,31,18,23,48,90
[ 8170.333820] [AOA] Measurement: 0,1627135787.710701,08:55:31:9b:05:29,2,1,2,0,128,568,115,653,445,973,1005,528,132,572,697,996,285,269,917,198,671,48,803,920,960,204,702,896,367,93,738,931,754,874,294,190,462,132,101,88,77,83,68,87,118,11,86,58,111,27,38,31,44,35,113,86,43,16,1,73,46,62,31,35,38,30,24,28,64
[ 8170.376110] [AOA] Measurement: 0,1627135787.752985,08:55:31:9b:05:29,2,1,2,0,128,541,123,692,466,338,747,1009,977,965,501,10,338,255,896,179,634,367,496,320,689,612,402,348,122,648,606,432,560,360,42,972,431,118,90,84,71,77,66,82,108,8,80,58,110,27,38,31,42,33,108,84,40,16,0,73,45,59,31,33,38,31,23,27,65
[ 8170.419435] [AOA] Measurement: 0,1627135787.796310,08:55:31:9b:05:29,2,1,2,0,128,578,139,621,447,378,764,995,959,1012,536,1002,327,249,932,711,490,419,549,425,762,177,562,925,352,151,821,912,697,328,13,772,256,133,106,98,84,89,69,92,127,15,96,66,110,28,43,32,50,41,124,96,49,19,5,81,52,71,37,42,39,27,25,33,74
[ 8170.462142] [AOA] Measurement: 0,1627135787.839017,08:55:31:9b:05:29,2,1,2,0,128,583,109,644,418,468,828,967,967,1021,502,992,286,770,721,719,522,355,489,412,772,642,442,379,163,629,641,306,504,287,8,176,692,132,116,109,100,98,67,97,130,26,108,79,108,29,51,33,61,59,133,110,60,19,17,88,64,85,52,58,30,19,25,50,95
[ 8170.512573] [AOA] Measurement: 0,1627135787.889448,08:55:31:9b:05:29,2,1,2,0,128,143,347,217,673,941,988,982,984,500,674,993,295,671,665,615,435,413,527,406,812,624,422,416,188,623,609,401,568,340,63,540,70,150,114,105,93,96,68,98,137,20,102,76,111,29,49,34,57,53,136,106,57,19,14,88,59,84,47,51,34,21,25,46,91
[ 8170.567244] [AOA] Measurement: 0,1627135787.944126,08:55:31:9b:05:29,2,1,2,0,128,54,305,248,703,9,20,537,205,504,699,603,523,276,928,201,683,0,771,921,979,179,633,898,343,604,593,419,587,903,324,543,857,128,113,105,92,94,67,95,128,21,105,74,111,27,48,33,56,52,135,107,55,19,13,86,58,79,45,49,33,21,23,43,87
[ 8170.611145] [AOA] Measurement: 0,1627135787.988027,08:55:31:9b:05:29,2,1,2,0,128,107,355,573,405,439,817,955,959,951,453,2,357,712,738,685,487,442,558,949,985,169,638,844,325,603,598,353,563,300,90,262,680,149,113,107,97,97,68,96,141,23,105,75,109,29,50,34,56,56,138,108,58,18,14,86,58,81,46,51,35,22,24,45,89
[ 8170.661124] [AOA] Measurement: 0,1627135788.037998,08:55:31:9b:05:29,2,1,2,0,128,553,136,652,445,373,773,984,994,974,479,25,321,758,735,675,496,444,544,461,825,157,661,384,166,609,605,388,530,944,272,873,3,129,103,95,83,88,68,92,123,13,93,66,113,27,41,32,48,40,119,94,47,18,6,79,51,67,35,37,37,28,23,32,71
[ 8170.711886] [AOA] Measurement: 0,1627135788.088760,08:55:31:9b:05:29,2,1,2,0,128,106,351,127,619,984,990,958,953,1015,437,979,264,668,671,730,501,407,530,401,795,674,464,957,381,60,770,334,487,308,54,563,84,127,110,99,89,89,69,94,129,16,98,71,113,27,44,34,51,44,126,98,51,18,8,83,55,74,39,44,38,26,24,35,78
[ 8170.757112] [AOA] Measurement: 0,1627135788.133993,08:55:31:9b:05:29,2,1,2,0,128,92,331,189,637,981,1008,489,154,537,673,494,465,307,942,264,726,28,791,961,969,171,629,922,328,142,784,854,725,333,116,580,968,127,110,102,90,93,70,96,133,19,101,73,113,28,47,34,54,49,131,103,53,18,11,86,57,80,43,49,37,25,26,41,83
[ 8170.801451] [AOA] Measurement: 0,1627135788.178332,08:55:31:9b:05:29,2,1,2,0,128,75,357,187,651,959,993,594,229,374,696,541,517,175,845,704,526,8,829,987,969,124,596,927,345,215,850,979,747,901,227,134,447,137,107,99,87,89,70,93,128,14,96,66,113,27,42,32,48,40,119,92,46,17,5,79,48,70,35,40,39,29,24,31,69
[ 8170.851639] [AOA] Measurement: 0,1627135788.228515,08:55:31:9b:05:29,2,1,2,0,128,588,166,172,626,385,768,974,982,518,646,535,442,727,728,670,495,419,492,967,1006,115,605,358,155,129,779,354,526,365,131,87,494,132,110,103,92,95,68,97,134,17,102,73,114,28,47,34,54,49,133,102,53,19,10,85,55,77,42,46,37,27,25,37,81
[ 8170.902274] [AOA] Measurement: 0,1627135788.279152,08:55:31:9b:05:29,2,1,2,0,128,519,81,640,454,438,827,945,969,1004,470,85,378,279,977,143,670,923,707,440,772,133,601,926,370,580,617,936,785,893,301,553,1021,150,114,106,97,95,69,98,127,22,106,77,111,29,50,34,58,53,139,107,56,18,14,87,59,83,47,51,32,21,25,45,89
[ 8170.947968] [AOA] Measurement: 0,1627135788.324850,08:55:31:9b:05:29,2,1,2,0,128,522,116,629,460,1005,1017,542,193,527,648,572,527,314,980,138,682,999,767,928,1008,200,644,864,341,554,555,297,531,289,120,899,243,142,105,96,85,88,68,91,124,13,91,65,113,28,43,33,48,39,119,90,45,17,3,79,47,66,34,37,39,28,24,29,66
[ 8170.994906] [AOA] Measurement: 0,1627135788.371782,08:55:31:9b:05:29,2,1,2,0,128,501,83,680,434,13,1006,490,147,567,704,541,477,273,936,577,428,398,463,400,813,656,444,950,375,71,754,389,571,321,149,302,709,135,114,105,94,94,70,96,136,21,104,74,113,28,48,35,55,50,133,103,52,18,9,86,55,77,42,46,36,25,23,39,83
[ 8171.045219] [AOA] Measurement: 0,1627135788.422094,08:55:31:9b:05:29,2,1,2,0,128,59,330,665,411,408,780,1016,986,517,709,541,511,266,940,239,731,31,826,1021,16,223,679,955,390,138,776,367,524,331,67,906,324,148,122,116,103,103,82,107,127,20,106,81,124,35,55,41,63,57,129,111,59,24,11,99,67,87,50,56,46,32,31,46,89
