
[13173.365017] [AOA] Measurement: 0,1627140790.741855,08:55:31:9b:05:29,2,1,2,0,128,665,679,137,939,253,767,1013,653,342,275,374,621,301,21,706,687,602,216,528,745,98,485,602,194,737,552,533,759,662,321,430,763,76,61,63,81,69,70,69,57,61,83,69,70,63,53,76,81,79,74,60,74,38,68,29,48,54,59,66,65,70,65,80,87
[13173.405358] [AOA] Measurement: 0,1627140790.782194,08:55:31:9b:05:29,2,1,2,0,128,801,799,796,238,813,5,586,877,924,532,912,826,231,13,103,443,609,177,482,732,47,447,669,241,279,741,65,941,219,543,797,219,76,60,63,84,71,71,70,59,61,87,69,68,66,54,77,82,82,75,59,79,37,68,29,46,53,58,65,63,70,63,78,89
[13173.444280] [AOA] Measurement: 0,1627140790.821118,08:55:31:9b:05:29,2,1,2,0,128,748,757,766,190,849,980,536,882,939,538,868,793,208,23,664,691,524,145,498,734,74,458,686,243,280,777,51,956,216,535,352,694,77,61,61,81,69,68,68,59,62,84,69,70,65,52,77,81,80,71,60,74,38,66,30,49,57,60,66,66,70,64,82,88
[13173.488923] [AOA] Measurement: 0,1627140790.865761,08:55:31:9b:05:29,2,1,2,0,128,756,748,670,178,780,976,571,880,950,584,932,882,311,51,661,668,612,195,580,783,29,431,686,252,233,747,107,1021,188,542,236,542,72,56,57,75,66,68,64,53,58,78,62,66,59,51,73,77,76,71,59,72,38,67,29,47,54,60,65,65,72,65,81,88
[13173.533275] [AOA] Measurement: 0,1627140790.910109,08:55:31:9b:05:29,2,1,2,0,128,178,531,154,971,292,807,999,664,394,362,871,802,267,30,730,676,574,143,426,691,434,214,122,39,294,764,129,994,242,537,776,1001,77,61,64,83,72,71,69,59,59,85,69,69,64,53,76,83,80,74,59,75,38,67,30,48,56,59,66,65,71,65,80,87
[13173.584514] [AOA] Measurement: 0,1627140790.961343,08:55:31:9b:05:29,2,1,2,0,128,724,749,710,128,795,1001,540,829,957,532,884,784,243,21,715,665,610,210,562,790,68,468,594,172,697,516,502,733,701,291,479,896,72,57,57,78,66,65,63,54,57,80,61,66,59,51,71,79,74,68,55,71,36,64,30,49,55,59,63,64,70,62,78,85
[13173.638259] [AOA] Measurement: 0,1627140791.015086,08:55:31:9b:05:29,2,1,2,0,128,156,525,173,940,233,783,40,700,370,281,324,595,275,35,116,473,1023,996,940,507,548,265,645,231,267,753,77,962,270,590,793,55,76,62,64,84,71,73,69,61,61,84,69,69,65,53,75,82,80,76,62,76,38,68,30,47,56,58,66,65,70,65,79,86
[13173.681924] [AOA] Measurement: 0,1627140791.058760,08:55:31:9b:05:29,2,1,2,0,128,145,513,217,1014,846,17,612,877,936,556,825,784,276,34,647,659,993,963,521,722,64,436,656,217,263,750,556,779,237,528,112,434,79,64,65,83,72,71,70,62,63,88,69,69,65,54,76,79,79,76,63,75,40,70,31,46,56,59,66,63,70,65,79,86
[13173.721074] [AOA] Measurement: 0,1627140791.097909,08:55:31:9b:05:29,2,1,2,0,128,722,738,151,983,314,846,568,861,895,492,262,571,688,807,126,475,1014,998,4,548,33,447,692,236,257,737,120,987,182,538,830,35,76,58,63,81,69,70,66,56,59,81,66,69,63,52,71,78,74,70,57,71,38,67,30,48,54,58,64,65,68,62,81,85
[13173.760206] [AOA] Measurement: 0,1627140791.137041,08:55:31:9b:05:29,2,1,2,0,128,799,822,737,169,740,959,546,854,364,314,311,602,730,825,681,629,36,1019,519,729,36,420,640,209,251,741,124,1003,210,516,454,839,75,60,60,83,69,69,69,58,59,83,66,67,61,51,72,78,79,73,59,72,38,67,30,48,55,58,65,64,71,65,80,88
[13173.799539] [AOA] Measurement: 0,1627140791.176374,08:55:31:9b:05:29,2,1,2,0,128,743,740,196,1004,271,807,586,899,926,477,920,846,189,1001,753,698,502,141,497,722,15,395,728,267,261,738,95,962,244,549,361,681,78,62,63,84,71,71,70,61,62,88,71,69,67,54,78,81,81,77,62,78,39,68,30,47,55,60,66,64,67,63,77,84
[13173.844120] [AOA] Measurement: 0,1627140791.220955,08:55:31:9b:05:29,2,1,2,0,128,206,551,723,120,210,747,984,644,406,363,314,595,753,871,102,439,20,1001,969,504,524,280,623,214,323,812,93,963,193,505,560,964,74,59,60,80,67,68,66,54,57,75,64,67,59,52,70,79,74,71,57,69,36,66,30,47,53,58,62,63,69,63,81,85
[13173.887201] [AOA] Measurement: 0,1627140791.264032,08:55:31:9b:05:29,2,1,2,0,128,141,530,172,999,255,810,16,660,403,319,933,860,274,31,771,725,611,186,508,741,980,395,16,990,269,758,51,964,221,505,165,423,76,61,60,79,69,68,66,57,59,83,68,68,64,53,78,83,81,74,62,78,39,68,30,47,56,58,67,65,70,64,79,86
[13173.930918] [AOA] Measurement: 0,1627140791.307750,08:55:31:9b:05:29,2,1,2,0,128,722,723,143,966,263,813,561,870,932,537,846,800,650,816,152,477,990,965,23,539,1014,405,107,22,279,771,71,948,237,546,867,191,78,62,63,84,72,72,68,61,62,85,70,67,64,52,75,79,77,74,61,76,37,67,31,47,57,60,66,65,70,64,80,88
[13173.973976] [AOA] Measurement: 0,1627140791.350811,08:55:31:9b:05:29,2,1,2,0,128,86,485,160,932,271,824,988,622,436,369,897,812,242,1023,682,625,48,1007,514,728,1009,397,63,34,662,491,534,757,735,331,1001,430,75,59,59,79,69,67,67,58,58,82,66,70,63,53,73,79,78,70,59,74,37,67,29,48,55,59,66,64,68,64,81,89
[13174.020320] [AOA] Measurement: 0,1627140791.397156,08:55:31:9b:05:29,2,1,2,0,128,234,560,155,956,274,800,41,699,373,330,441,673,205,983,44,361,981,994,1003,534,484,258,662,241,205,731,545,771,210,532,767,58,78,66,68,84,73,71,70,62,63,87,70,68,66,52,77,80,79,76,61,77,38,68,29,45,55,57,64,63,69,63,76,85
[13174.066395] [AOA] Measurement: 0,1627140791.443226,08:55:31:9b:05:29,2,1,2,0,128,202,561,753,191,773,969,13,697,883,467,844,784,706,857,162,495,584,201,480,699,67,472,676,230,281,766,51,943,666,330,1007,410,69,57,55,75,64,65,61,52,55,76,61,68,60,51,71,79,74,69,57,71,37,65,30,47,56,58,66,65,71,64,81,85
[13174.107027] [AOA] Measurement: 0,1627140791.483862,08:55:31:9b:05:29,2,1,2,0,128,139,518,198,1011,198,766,1016,661,351,304,857,782,290,65,668,661,567,200,883,468,472,204,12,985,648,465,485,686,681,301,59,633,72,58,59,80,66,67,66,57,59,82,68,68,63,53,73,81,78,73,59,74,38,67,29,47,54,58,65,64,70,64,80,86
[13174.153851] [AOA] Measurement: 0,1627140791.530681,08:55:31:9b:05:29,2,1,2,0,128,705,723,676,123,202,787,975,619,339,289,874,732,241,5,684,639,573,175,467,705,52,506,698,266,262,760,15,900,707,299,973,330,78,61,62,80,69,69,68,58,59,83,66,69,65,54,76,80,79,76,62,76,39,70,31,48,57,60,66,66,73,64,80,89
[13174.193324] [AOA] Measurement: 0,1627140791.570161,08:55:31:9b:05:29,2,1,2,0,128,143,545,161,1017,188,750,552,808,394,328,869,788,758,877,662,636,575,208,468,734,65,445,695,238,262,738,551,769,654,253,861,415,80,66,68,83,73,72,71,64,61,87,71,61,63,49,70,78,78,72,59,75,37,63,27,39,48,52,59,57,60,57,68,74
[13174.238618] [AOA] Measurement: 0,1627140791.615454,08:55:31:9b:05:29,2,1,2,0,128,719,729,180,962,767,990,994,658,389,355,866,811,255,22,691,642,560,166,511,734,64,478,664,247,248,748,85,977,208,497,358,597,62,57,56,67,61,58,57,52,49,74,59,42,53,38,62,60,64,59,48,58,29,50,19,27,35,38,46,42,49,43,53,61
[13174.283056] [AOA] Measurement: 0,1627140791.659887,08:55:31:9b:05:29,2,1,2,0,128,238,582,160,990,261,787,82,736,939,537,886,807,265,1013,622,605,1009,998,840,458,506,269,108,35,702,550,512,757,701,332,874,220,73,59,59,80,68,65,66,56,59,82,65,68,61,52,75,82,78,71,57,74,36,67,29,49,56,60,66,66,72,66,79,87
[13174.334265] [AOA] Measurement: 0,1627140791.711098,08:55:31:9b:05:29,2,1,2,0,128,764,769,716,149,830,997,468,794,382,348,843,753,320,62,687,696,550,181,477,713,44,461,642,249,280,763,119,984,261,539,719,936,79,64,65,86,73,73,71,62,62,85,71,69,65,53,78,82,81,77,61,79,39,69,29,47,56,57,64,63,68,64,79,88
[13174.381066] [AOA] Measurement: 0,1627140791.757902,08:55:31:9b:05:29,2,1,2,0,128,159,556,128,970,270,808,973,613,412,306,867,809,164,1006,116,451,0,975,975,539,59,470,65,1020,670,481,593,770,681,312,333,805,74,57,59,80,67,67,66,56,58,80,66,70,62,51,75,80,78,73,58,74,35,66,30,49,55,58,64,65,69,65,79,85
[13174.419799] [AOA] Measurement: 0,1627140791.796635,08:55:31:9b:05:29,2,1,2,0,128,171,513,176,973,217,797,3,642,343,283,328,590,740,856,97,438,59,1017,509,710,23,436,610,170,290,751,534,745,712,312,136,440,77,63,64,84,73,71,69,58,61,82,70,70,65,54,76,80,80,75,59,74,39,68,29,47,54,57,64,64,71,65,81,90
[13174.464146] [AOA] Measurement: 0,1627140791.840981,08:55:31:9b:05:29,2,1,2,0,128,726,745,688,127,264,784,1004,655,381,340,292,593,704,886,683,647,2,996,1016,576,1020,410,657,257,299,766,93,940,225,470,710,126,63,49,51,72,59,64,59,51,53,71,57,65,58,49,70,75,73,67,56,68,35,64,29,47,53,58,62,62,69,64,78,85
[13174.508759] [AOA] Measurement: 0,1627140791.885590,08:55:31:9b:05:29,2,1,2,0,128,207,566,739,152,827,1019,583,869,952,540,869,805,278,55,693,690,653,230,530,764,51,472,714,257,296,762,86,932,182,476,33,508,78,60,62,82,70,67,66,58,61,85,67,69,65,53,76,81,79,74,59,76,38,67,29,47,55,59,64,65,69,65,79,88
[13174.553001] [AOA] Measurement: 0,1627140791.929831,08:55:31:9b:05:29,2,1,2,0,128,734,761,728,138,807,982,501,832,322,269,319,606,725,884,137,487,1022,1012,974,502,499,278,616,184,275,744,577,773,206,494,430,820,74,61,62,82,68,69,68,59,61,83,68,69,64,55,78,83,79,76,60,75,38,66,31,48,57,61,67,65,70,66,80,88
[13174.603920] [AOA] Measurement: 0,1627140791.980750,08:55:31:9b:05:29,2,1,2,0,128,694,713,698,150,777,979,537,825,880,500,297,605,697,840,113,434,59,8,922,482,482,239,52,1003,743,568,579,782,213,517,322,640,75,60,58,80,68,67,66,56,58,79,66,69,60,51,73,75,75,70,57,71,38,66,29,49,56,59,64,65,71,64,79,88
[13174.644259] [AOA] Measurement: 0,1627140792.021094,08:55:31:9b:05:29,2,1,2,0,128,789,729,211,1,752,968,1016,643,952,552,902,806,268,47,737,694,601,187,423,654,514,244,57,987,698,502,516,724,706,359,307,859,73,56,58,76,66,68,66,53,58,77,63,67,58,51,71,75,77,69,57,70,37,66,29,48,54,58,64,63,71,64,79,85
[13174.688046] [AOA] Measurement: 0,1627140792.064881,08:55:31:9b:05:29,2,1,2,0,128,111,494,162,998,232,786,957,612,388,313,315,610,672,835,71,413,64,26,549,770,14,413,598,203,249,773,48,949,659,249,769,163,73,56,58,75,63,69,65,54,58,81,60,68,60,52,68,75,72,68,52,69,35,62,29,47,51,57,61,63,67,60,77,79
[13174.736841] [AOA] Measurement: 0,1627140792.113676,08:55:31:9b:05:29,2,1,2,0,128,741,751,747,196,794,982,990,634,313,305,920,853,260,38,765,713,535,172,514,737,10,447,634,234,251,734,91,975,193,518,644,38,68,53,54,73,64,63,63,53,53,78,60,67,58,53,71,81,76,73,58,73,36,67,30,47,55,59,64,65,70,64,80,87
[13174.779800] [AOA] Measurement: 0,1627140792.156631,08:55:31:9b:05:29,2,1,2,0,128,767,755,701,173,810,986,563,853,355,288,350,611,214,1016,710,674,26,1015,511,717,27,437,631,234,261,740,32,919,191,513,243,536,79,65,66,85,71,72,71,60,62,86,70,67,68,53,78,81,81,77,62,77,37,67,30,46,56,57,64,63,68,61,75,83
[13174.818702] [AOA] Measurement: 0,1627140792.195538,08:55:31:9b:05:29,2,1,2,0,128,205,554,145,956,267,817,998,631,379,311,826,757,753,881,704,666,567,182,454,669,478,213,96,13,248,722,99,990,202,480,694,184,75,56,57,78,67,66,65,55,58,79,63,68,63,53,74,82,78,72,58,73,38,66,30,49,55,59,65,64,70,64,80,87
[13174.863292] [AOA] Measurement: 0,1627140792.240126,08:55:31:9b:05:29,2,1,2,0,128,722,725,729,197,839,1005,608,902,900,550,295,579,755,850,155,486,573,190,973,524,42,449,675,231,233,717,140,1002,184,490,828,150,77,61,63,82,70,69,67,59,61,83,68,69,64,52,75,81,80,76,62,77,37,69,29,47,54,57,64,63,69,63,77,85
[13174.914229] [AOA] Measurement: 0,1627140792.291060,08:55:31:9b:05:29,2,1,2,0,128,229,542,139,971,202,790,973,626,379,286,320,607,734,805,695,677,594,210,440,656,43,458,624,186,264,736,125,993,197,492,360,711,78,61,64,84,73,69,69,58,60,85,68,67,64,51,74,82,79,73,63,80,38,68,30,47,56,59,66,66,70,64,79,87
[13174.968361] [AOA] Measurement: 0,1627140792.345197,08:55:31:9b:05:29,2,1,2,0,128,165,539,173,996,845,1005,594,911,925,548,927,851,245,16,717,684,582,173,524,756,10,451,659,221,298,742,88,992,263,542,81,415,80,62,62,86,72,74,70,62,63,86,71,72,67,55,79,86,82,78,61,79,40,72,32,52,59,63,70,70,75,69,85,92
[13175.012644] [AOA] Measurement: 0,1627140792.389480,08:55:31:9b:05:29,2,1,2,0,128,734,747,763,219,826,1012,497,839,908,515,273,579,741,849,134,450,629,209,449,665,5,391,687,240,262,784,569,758,725,326,586,926,79,60,63,81,71,70,68,59,62,85,68,70,63,52,75,81,82,75,62,76,40,69,31,48,57,59,66,65,72,65,79,86
[13175.057311] [AOA] Measurement: 0,1627140792.434146,08:55:31:9b:05:29,2,1,2,0,128,753,765,769,186,795,9,576,843,932,517,918,838,283,67,756,749,590,158,502,733,48,458,665,259,295,755,23,939,215,538,826,13,74,56,56,78,64,67,66,55,58,82,64,68,61,52,73,81,78,73,58,72,36,66,31,47,56,56,65,63,69,65,79,86
[13175.100560] [AOA] Measurement: 0,1627140792.477396,08:55:31:9b:05:29,2,1,2,0,128,165,537,183,1001,840,990,998,629,351,328,284,580,705,832,120,428,53,34,967,526,490,235,74,1023,733,552,574,772,216,497,388,726,77,62,63,84,70,72,69,61,62,84,67,66,63,52,76,82,82,74,63,78,38,69,29,46,51,58,64,65,71,64,77,87
[13175.146134] [AOA] Measurement: 0,1627140792.522969,08:55:31:9b:05:29,2,1,2,0,128,199,529,709,177,819,992,545,833,887,529,318,607,735,808,107,429,33,1014,521,735,55,496,692,246,235,747,85,960,216,498,16,452,71,54,56,77,62,64,65,54,56,78,63,68,61,52,72,79,77,71,59,75,39,67,29,47,55,60,65,64,67,63,79,81
[13175.193759] [AOA] Measurement: 0,1627140792.570589,08:55:31:9b:05:29,2,1,2,0,128,177,542,202,1004,814,990,971,648,331,290,912,843,268,52,695,685,510,140,948,507,511,243,73,20,696,536,553,781,192,522,236,636,77,65,66,83,74,72,71,61,63,88,72,69,66,54,78,80,80,76,61,78,39,68,29,47,56,58,65,65,70,64,79,86
[13175.237167] [AOA] Measurement: 0,1627140792.613998,08:55:31:9b:05:29,2,1,2,0,128,747,731,729,134,816,1015,530,840,902,488,967,864,245,42,676,672,571,195,531,791,100,512,545,178,720,552,90,978,248,525,303,677,79,64,68,85,74,72,72,62,61,89,70,65,65,51,77,81,82,75,62,79,38,66,28,43,53,54,65,62,67,62,74,81
[13175.280210] [AOA] Measurement: 0,1627140792.657040,08:55:31:9b:05:29,2,1,2,0,128,215,568,799,227,780,990,510,839,322,313,896,777,754,904,111,444,1017,1000,939,518,524,265,146,51,713,553,577,806,203,521,704,41,78,62,63,84,71,73,69,59,61,84,68,68,64,53,74,82,80,75,62,76,40,70,30,48,55,59,65,64,72,65,79,86
[13175.325038] [AOA] Measurement: 0,1627140792.701875,08:55:31:9b:05:29,2,1,2,0,128,769,774,169,1020,828,1010,1019,667,321,267,311,600,693,800,709,654,603,233,484,731,435,208,104,14,668,512,520,762,652,254,859,332,74,58,60,80,68,66,67,56,58,82,64,68,61,52,72,80,76,71,57,72,36,66,29,49,54,58,63,63,69,63,79,86
[13175.369717] [AOA] Measurement: 0,1627140792.746546,08:55:31:9b:05:29,2,1,2,0,128,183,540,286,53,872,0,552,870,923,523,853,804,652,813,155,453,611,206,451,684,48,452,652,211,278,764,75,941,687,313,505,894,79,65,66,84,74,72,69,61,61,87,71,66,66,53,78,81,80,76,62,77,37,65,27,43,52,55,63,61,67,61,75,83
[13175.413490] [AOA] Measurement: 0,1627140792.790323,08:55:31:9b:05:29,2,1,2,0,128,802,788,676,164,789,1002,554,831,882,499,860,783,267,1015,661,632,32,6,474,715,13,454,693,214,286,793,65,940,223,476,782,135,78,62,63,83,71,69,69,60,60,86,70,68,66,53,78,83,81,76,63,76,38,67,30,46,53,57,65,63,69,63,78,84
[13175.464232] [AOA] Measurement: 0,1627140792.841064,08:55:31:9b:05:29,2,1,2,0,128,172,534,728,170,797,991,576,891,942,489,928,841,172,1018,694,651,36,982,969,545,576,279,646,230,241,697,93,994,250,553,201,480,72,57,60,78,66,69,67,57,60,83,68,68,62,54,74,81,76,74,59,76,38,69,31,48,56,61,65,65,68,65,78,85
[13175.510440] [AOA] Measurement: 0,1627140792.887277,08:55:31:9b:05:29,2,1,2,0,128,795,800,784,227,801,1011,528,837,954,549,924,878,286,55,700,703,575,174,514,707,5,442,638,204,292,778,117,971,239,555,906,236,75,57,60,78,67,68,67,54,57,78,65,66,61,50,69,77,76,72,57,73,36,65,28,47,54,58,65,64,70,65,79,87
[13175.549324] [AOA] Measurement: 0,1627140792.926158,08:55:31:9b:05:29,2,1,2,0,128,788,809,753,190,815,994,539,857,314,259,266,527,693,832,148,450,45,1021,978,561,32,412,664,205,263,766,87,943,695,313,179,663,78,61,64,82,70,70,68,58,60,82,70,69,65,53,76,82,80,75,61,75,38,67,30,48,56,60,65,63,69,65,79,86
[13175.594003] [AOA] Measurement: 0,1627140792.970837,08:55:31:9b:05:29,2,1,2,0,128,126,520,192,3,775,968,542,849,356,340,897,820,258,61,708,671,589,210,567,781,17,428,581,198,241,734,578,802,227,544,116,522,75,59,58,78,66,66,65,57,59,81,66,70,64,52,77,82,79,71,59,75,37,68,30,48,56,58,64,65,71,64,80,87
[13175.644704] [AOA] Measurement: 0,1627140793.021535,08:55:31:9b:05:29,2,1,2,0,128,685,714,161,982,228,789,62,694,410,316,921,814,735,871,133,475,45,16,541,765,44,458,664,200,334,757,79,967,228,540,892,174,78,61,64,84,70,71,69,60,61,84,69,70,63,53,74,81,78,75,59,74,38,68,30,49,56,60,65,66,71,65,80,83
[13175.694878] [AOA] Measurement: 0,1627140793.071707,08:55:31:9b:05:29,2,1,2,0,128,162,503,175,1002,257,772,2,668,325,292,338,612,745,856,766,720,1011,980,968,484,524,270,87,1022,320,759,56,931,226,538,592,886,75,58,61,78,67,69,66,57,60,81,67,70,63,54,74,82,79,73,59,72,38,67,30,49,55,60,64,66,72,65,81,85
[13175.739697] [AOA] Measurement: 0,1627140793.116532,08:55:31:9b:05:29,2,1,2,0,128,216,558,721,177,768,978,561,876,931,528,887,831,192,981,100,452,1007,993,956,496,515,255,102,45,303,776,91,969,273,522,60,410,80,64,66,85,71,70,70,63,61,86,72,66,66,52,77,79,81,76,61,77,37,65,29,43,54,55,66,61,68,61,74,84
[13175.784031] [AOA] Measurement: 0,1627140793.160867,08:55:31:9b:05:29,2,1,2,0,128,709,718,702,125,792,987,569,877,898,485,873,755,261,15,657,641,1009,988,961,525,504,270,84,15,728,531,530,749,580,205,33,616,78,63,65,82,73,72,70,60,62,85,69,66,66,53,76,79,80,75,61,78,39,67,29,45,53,57,62,62,68,60,73,85
[13175.826858] [AOA] Measurement: 0,1627140793.203689,08:55:31:9b:05:29,2,1,2,0,128,720,744,802,173,913,41,546,854,960,545,895,842,269,79,659,663,615,183,972,527,1021,402,646,211,272,739,120,979,276,550,187,475,72,56,58,78,65,65,64,54,58,78,63,68,61,50,70,79,75,68,57,70,37,65,30,49,53,58,62,64,69,64,78,82
[13175.870687] [AOA] Measurement: 0,1627140793.247518,08:55:31:9b:05:29,2,1,2,0,128,733,763,792,237,856,17,608,908,969,594,858,764,272,23,673,653,30,1007,34,593,539,284,88,25,284,776,77,976,245,556,849,165,72,57,57,77,68,68,67,56,60,79,65,68,60,53,71,80,77,70,58,72,36,65,29,48,55,59,65,65,70,65,80,84
[13175.914158] [AOA] Measurement: 0,1627140793.290988,08:55:31:9b:05:29,2,1,2,0,128,753,771,801,191,860,18,565,878,968,530,854,805,232,6,714,671,1021,992,498,730,47,439,690,236,235,748,42,952,221,496,739,90,74,57,59,78,66,70,66,58,60,79,67,69,64,53,75,81,78,72,59,74,39,68,29,47,54,59,65,66,71,64,81,85
[13175.965396] [AOA] Measurement: 0,1627140793.342228,08:55:31:9b:05:29,2,1,2,0,128,197,570,757,185,805,1011,569,884,994,561,901,828,236,23,42,402,79,8,469,709,70,447,628,183,734,552,593,817,290,566,715,31,72,58,60,79,66,66,66,55,58,78,65,69,59,52,71,80,76,73,58,72,37,67,30,48,54,58,65,63,70,64,82,86
[13176.011360] [AOA] Measurement: 0,1627140793.388196,08:55:31:9b:05:29,2,1,2,0,128,729,751,744,202,765,948,585,843,924,498,878,772,688,797,132,442,33,1014,957,528,25,445,693,229,254,752,67,956,708,335,357,750,77,66,68,83,74,72,71,61,62,89,71,63,66,52,76,79,79,75,62,77,36,64,27,41,51,53,61,59,65,59,69,82
[13176.050317] [AOA] Measurement: 0,1627140793.427154,08:55:31:9b:05:29,2,1,2,0,128,781,765,692,127,781,996,540,834,411,342,250,539,710,820,102,433,32,3,958,522,452,221,107,10,635,461,559,768,681,256,763,281,75,58,57,81,67,68,66,59,61,84,68,69,65,53,75,82,79,74,59,74,39,68,29,48,57,60,65,65,68,62,78,83
[13176.089057] [AOA] Measurement: 0,1627140793.465893,08:55:31:9b:05:29,2,1,2,0,128,768,759,156,993,844,995,558,870,922,493,296,610,725,829,155,470,38,1021,463,724,517,265,55,1020,735,570,67,970,270,526,142,512,75,60,62,80,70,70,69,58,61,86,68,67,62,52,77,81,78,73,60,75,37,67,30,45,55,57,64,64,70,64,79,88
[13176.133320] [AOA] Measurement: 0,1627140793.510154,08:55:31:9b:05:29,2,1,2,0,128,725,753,207,1017,816,1018,488,809,949,524,908,811,251,22,734,697,596,188,513,765,71,479,736,302,260,773,82,983,272,539,490,786,74,58,60,78,67,68,67,57,58,78,66,69,63,52,73,80,76,73,58,73,39,68,29,48,56,59,66,65,70,64,81,88
[13176.176196] [AOA] Measurement: 0,1627140793.553027,08:55:31:9b:05:29,2,1,2,0,128,700,721,189,1014,758,961,1004,656,344,301,956,840,267,48,750,713,574,182,583,814,69,499,637,249,245,741,119,965,205,485,309,681,66,51,50,72,59,60,60,48,53,71,59,65,56,49,65,75,70,66,51,65,34,61,30,47,53,57,60,63,66,59,78,79
[13176.220047] [AOA] Measurement: 0,1627140793.596879,08:55:31:9b:05:29,2,1,2,0,128,704,708,171,1003,289,848,530,838,883,494,821,775,752,832,122,451,78,29,519,760,85,471,669,259,298,786,60,994,145,502,614,939,74,58,64,80,71,69,69,59,59,82,69,67,63,53,74,80,82,75,63,77,39,68,29,47,53,58,64,63,68,63,77,88
[13176.264263] [AOA] Measurement: 0,1627140793.641098,08:55:31:9b:05:29,2,1,2,0,128,740,789,757,217,799,995,572,885,960,556,940,859,264,62,739,709,565,167,512,773,38,398,713,249,330,800,130,1021,297,604,164,435,77,62,64,83,71,70,70,60,62,83,69,67,65,54,75,80,79,73,59,74,38,67,30,45,54,59,64,62,68,63,78,87
[13176.308516] [AOA] Measurement: 0,1627140793.685351,08:55:31:9b:05:29,2,1,2,0,128,757,780,752,205,819,991,575,867,921,507,888,857,227,9,656,626,50,14,507,731,466,215,120,57,213,675,625,823,208,513,626,3,76,59,60,81,68,68,67,55,58,81,67,71,62,53,73,79,76,72,58,72,37,69,30,49,55,59,64,65,70,63,81,87
[13176.352991] [AOA] Measurement: 0,1627140793.729828,08:55:31:9b:05:29,2,1,2,0,128,744,811,703,140,834,1005,561,910,959,532,868,800,235,1010,703,654,596,200,516,726,74,467,679,249,294,794,111,970,209,554,742,95,78,61,64,83,71,71,68,59,61,84,68,69,63,52,76,81,80,74,61,77,39,67,30,48,55,59,67,66,71,65,80,86
[13176.404084] [AOA] Measurement: 0,1627140793.780914,08:55:31:9b:05:29,2,1,2,0,128,742,751,689,142,791,1014,975,630,353,273,291,562,744,868,683,659,530,181,456,667,69,474,643,176,317,779,97,981,254,530,455,710,78,63,63,82,70,72,70,61,61,83,70,70,65,55,77,82,82,75,63,77,39,70,32,48,58,60,67,66,70,65,79,89
[13176.450364] [AOA] Measurement: 0,1627140793.827199,08:55:31:9b:05:29,2,1,2,0,128,731,778,714,152,240,785,983,629,429,337,307,591,771,890,668,676,575,185,536,749,95,455,646,192,249,713,519,755,728,353,570,926,73,57,59,78,66,66,65,54,58,81,66,69,62,52,71,80,75,68,57,71,39,66,29,48,53,58,62,63,68,62,79,82
[13176.495950] [AOA] Measurement: 0,1627140793.872785,08:55:31:9b:05:29,2,1,2,0,128,737,740,747,143,779,959,524,831,904,510,355,613,715,846,139,511,658,217,530,782,83,472,626,237,249,735,115,1010,306,576,268,474,76,60,60,78,68,68,68,55,58,81,66,70,62,53,71,79,78,71,57,73,38,66,29,47,54,59,65,65,72,64,82,86
[13176.547021] [AOA] Measurement: 0,1627140793.923856,08:55:31:9b:05:29,2,1,2,0,128,155,500,170,981,200,745,988,636,452,387,915,804,210,1015,119,446,14,987,995,567,461,226,88,54,734,573,106,952,197,490,67,515,75,60,59,81,69,69,66,58,60,82,67,70,62,51,72,81,77,72,59,74,39,70,30,50,56,61,66,65,72,65,79,87
[13176.593421] [AOA] Measurement: 0,1627140793.970252,08:55:31:9b:05:29,2,1,2,0,128,756,743,758,198,857,1023,567,871,911,521,895,825,256,20,727,685,559,168,461,748,29,451,26,995,756,540,541,771,787,362,876,266,78,65,67,84,74,72,71,62,63,88,71,69,65,53,77,83,82,78,62,78,39,68,31,48,55,59,66,67,71,65,78,87
[13176.639585] [AOA] Measurement: 0,1627140794.016421,08:55:31:9b:05:29,2,1,2,0,128,731,738,181,977,220,803,27,685,336,266,341,598,813,904,168,481,595,174,444,688,451,195,36,981,668,488,545,747,650,280,285,783,72,58,58,77,66,66,66,54,58,80,65,70,63,52,72,78,77,71,58,73,37,66,30,47,55,57,64,64,70,63,79,87
[13176.684092] [AOA] Measurement: 0,1627140794.060928,08:55:31:9b:05:29,2,1,2,0,128,768,773,677,105,800,981,971,606,365,294,291,593,729,842,113,444,54,14,460,698,72,476,621,219,233,744,541,767,718,340,499,848,75,60,61,82,69,69,67,58,59,82,67,70,65,54,76,81,80,72,61,75,37,65,30,48,58,60,67,66,71,64,81,87
[13176.726939] [AOA] Measurement: 0,1627140794.103770,08:55:31:9b:05:29,2,1,2,0,128,794,799,713,145,867,28,543,847,1009,585,932,807,286,51,677,679,609,207,622,814,36,453,616,189,306,758,82,974,238,523,467,665,74,58,60,79,68,68,66,57,59,79,65,67,61,52,74,80,76,72,59,73,37,68,30,49,55,61,65,67,71,65,81,90
[13176.770831] [AOA] Measurement: 0,1627140794.147663,08:55:31:9b:05:29,2,1,2,0,128,722,729,739,167,825,1001,521,831,355,325,896,834,264,25,666,622,35,1,932,488,463,196,59,37,753,568,582,770,285,541,472,822,78,62,63,84,70,70,68,59,62,86,69,69,65,54,76,83,80,75,61,75,38,67,31,49,56,60,67,65,70,65,80,88
[13176.813916] [AOA] Measurement: 0,1627140794.190752,08:55:31:9b:05:29,2,1,2,0,128,733,777,732,177,852,17,637,934,954,538,912,812,226,17,675,670,583,175,535,764,74,455,732,296,316,796,149,23,237,556,870,81,72,57,57,78,66,68,65,57,56,78,65,67,62,52,73,78,79,70,58,73,38,67,30,49,57,60,66,64,71,65,80,86
[13176.857215] [AOA] Measurement: 0,1627140794.234051,08:55:31:9b:05:29,2,1,2,0,128,695,735,749,166,753,971,558,852,911,516,887,783,319,59,724,692,636,227,565,761,50,442,651,222,213,700,595,795,710,326,636,40,77,62,65,84,71,73,69,60,61,84,69,66,65,54,76,80,81,76,61,79,39,68,29,44,55,57,66,64,68,63,79,86
[13176.903685] [AOA] Measurement: 0,1627140794.280516,08:55:31:9b:05:29,2,1,2,0,128,679,708,183,1015,828,1,585,894,883,510,846,782,752,898,671,651,1005,1002,973,488,451,212,61,5,829,592,107,1005,161,482,34,509,78,62,63,84,71,71,68,60,61,85,69,69,64,52,77,83,79,73,59,75,39,69,29,47,55,59,65,64,71,62,78,85
[13176.943976] [AOA] Measurement: 0,1627140794.320812,08:55:31:9b:05:29,2,1,2,0,128,182,547,191,1011,264,812,1011,642,363,301,916,821,244,43,634,618,541,150,514,734,0,391,102,36,245,736,72,924,261,568,955,253,72,56,58,77,64,66,65,54,55,76,62,66,57,50,71,75,70,65,56,67,36,65,29,47,55,59,63,63,67,62,77,81
[13176.989345] [AOA] Measurement: 0,1627140794.366180,08:55:31:9b:05:29,2,1,2,0,128,130,496,196,1018,251,806,966,597,355,288,321,589,774,843,87,423,981,946,935,501,528,270,670,251,288,746,51,945,211,485,804,176,78,63,64,84,72,70,71,60,61,86,71,66,65,52,78,80,81,75,61,78,38,68,30,46,56,58,66,65,69,65,79,88
[13177.030923] [AOA] Measurement: 0,1627140794.407753,08:55:31:9b:05:29,2,1,2,0,128,174,509,213,1004,219,762,992,689,354,291,333,613,680,837,111,469,1000,997,1015,545,558,280,732,264,194,696,552,774,629,281,669,128,75,59,61,80,70,70,69,57,61,81,67,69,64,53,74,78,76,75,59,76,37,68,29,47,54,59,65,64,70,64,79,86
[13177.076910] [AOA] Measurement: 0,1627140794.453746,08:55:31:9b:05:29,2,1,2,0,128,754,761,659,170,235,813,599,887,929,512,840,798,710,844,724,686,621,254,490,738,66,433,703,292,260,738,65,956,172,530,692,1019,76,58,60,79,68,68,66,57,58,82,66,67,61,52,74,81,77,72,59,74,38,67,29,48,55,58,61,66,69,64,80,86
[13177.119910] [AOA] Measurement: 0,1627140794.496740,08:55:31:9b:05:29,2,1,2,0,128,761,733,722,145,804,983,1012,630,359,286,362,640,236,31,624,613,43,7,483,693,502,252,580,192,293,790,46,916,714,331,552,937,77,59,63,79,69,71,69,58,61,85,68,69,63,53,74,81,79,75,60,77,39,69,31,49,57,59,64,63,71,65,81,88
[13177.164402] [AOA] Measurement: 0,1627140794.541237,08:55:31:9b:05:29,2,1,2,0,128,712,709,749,200,765,954,533,848,934,507,928,829,244,21,127,436,75,0,500,756,1016,396,671,254,267,772,66,966,171,477,44,382,68,54,55,72,61,61,60,49,54,71,58,64,57,48,68,74,69,63,51,66,35,62,28,46,51,56,59,61,66,59,74,77
[13177.207888] [AOA] Measurement: 0,1627140794.584725,08:55:31:9b:05:29,2,1,2,0,128,775,777,767,223,776,968,520,852,307,280,318,647,259,12,128,499,603,187,511,749,1,401,80,1017,654,525,548,757,732,338,632,29,74,60,61,81,69,67,68,58,59,83,69,70,64,55,76,83,78,74,60,76,38,68,30,49,55,60,64,64,71,65,80,88
[13177.251413] [AOA] Measurement: 0,1627140794.628248,08:55:31:9b:05:29,2,1,2,0,128,834,816,724,146,773,966,1014,682,361,342,898,818,230,995,167,476,954,943,981,552,527,267,670,274,277,760,57,938,261,570,207,535,76,62,60,81,69,66,66,58,59,79,67,69,61,52,72,79,76,71,58,73,38,65,29,49,55,60,63,63,70,63,81,86
[13177.290996] [AOA] Measurement: 0,1627140794.667827,08:55:31:9b:05:29,2,1,2,0,128,192,531,157,1000,900,32,547,875,936,515,877,790,297,70,691,670,592,195,507,711,1017,418,66,28,739,530,613,815,227,493,326,724,76,62,61,81,70,69,70,59,60,84,68,68,64,53,76,82,79,75,62,79,38,70,30,48,56,61,66,66,71,64,79,88
[13177.334438] [AOA] Measurement: 0,1627140794.711268,08:55:31:9b:05:29,2,1,2,0,128,720,754,775,179,808,955,958,630,369,337,296,626,744,860,155,467,561,201,531,754,113,488,625,223,311,759,27,938,189,492,910,256,79,66,67,85,73,70,70,62,63,87,72,64,66,52,74,80,80,75,63,76,37,66,29,43,53,56,64,62,69,61,72,84
[13177.385159] [AOA] Measurement: 0,1627140794.761990,08:55:31:9b:05:29,2,1,2,0,128,731,725,124,952,231,765,978,609,310,283,313,588,715,843,154,424,576,183,486,714,66,438,722,219,280,759,59,945,717,351,82,456,80,64,65,83,71,71,71,60,63,87,70,67,65,53,77,82,80,77,63,79,39,65,30,45,54,59,67,62,70,63,78,84
[13177.428393] [AOA] Measurement: 0,1627140794.805226,08:55:31:9b:05:29,2,1,2,0,128,142,512,761,171,823,1005,502,854,920,533,308,570,693,805,103,460,41,1021,480,710,501,244,678,185,710,547,598,803,305,579,191,404,75,59,59,81,66,69,67,56,58,82,65,69,60,53,74,82,76,72,57,73,37,66,29,48,55,60,65,65,73,65,79,87
[13177.473868] [AOA] Measurement: 0,1627140794.850702,08:55:31:9b:05:29,2,1,2,0,128,140,512,163,954,264,790,986,649,364,300,336,611,219,12,663,643,1002,965,957,542,512,208,700,235,321,826,16,914,716,342,703,104,76,58,62,81,69,71,69,59,59,83,68,68,63,53,74,81,80,72,59,74,37,67,30,49,56,59,66,65,71,64,81,88
[13177.516679] [AOA] Measurement: 0,1627140794.893510,08:55:31:9b:05:29,2,1,2,0,128,728,745,738,172,780,967,559,842,341,344,892,846,290,50,698,672,608,212,520,762,1021,413,673,233,267,739,559,788,245,532,128,444,73,56,58,78,67,68,67,56,57,81,64,68,61,51,73,78,76,71,57,72,37,65,30,47,54,59,63,64,67,64,79,87
[13177.560829] [AOA] Measurement: 0,1627140794.937659,08:55:31:9b:05:29,2,1,2,0,128,738,760,148,996,798,977,528,846,333,307,872,790,228,1008,726,674,558,199,453,720,38,456,692,258,255,731,92,990,258,556,204,401,81,64,68,85,72,71,69,61,62,87,70,67,65,53,78,81,79,76,61,78,37,69,28,45,53,57,63,62,68,62,77,86
[13177.603745] [AOA] Measurement: 0,1627140794.980580,08:55:31:9b:05:29,2,1,2,0,128,771,775,788,203,813,1020,553,876,977,584,962,890,293,75,685,672,582,186,452,710,120,509,665,225,291,800,172,1,202,491,182,458,81,66,66,83,74,72,71,64,62,87,71,68,64,52,76,79,79,75,61,78,39,68,30,47,55,57,66,65,70,65,79,85
[13177.647486] [AOA] Measurement: 0,1627140795.024320,08:55:31:9b:05:29,2,1,2,0,128,696,725,142,980,235,766,24,684,1019,605,915,850,155,987,684,663,625,244,566,788,1002,406,647,223,331,798,112,967,223,518,721,988,75,58,62,81,67,68,67,57,60,82,68,69,63,54,76,82,79,74,59,74,37,68,31,47,54,58,65,66,70,67,81,88
[13177.694244] [AOA] Measurement: 0,1627140795.071079,08:55:31:9b:05:29,2,1,2,0,128,732,813,830,241,809,978,540,833,966,536,844,806,274,70,648,629,582,200,519,721,20,434,645,221,300,772,43,968,290,601,157,392,73,59,61,82,68,69,66,56,58,79,66,67,62,50,73,82,77,73,57,73,39,67,30,47,55,59,65,64,70,64,78,86
[13177.740844] [AOA] Measurement: 0,1627140795.117679,08:55:31:9b:05:29,2,1,2,0,128,148,516,174,979,289,795,55,740,354,331,319,601,688,832,172,488,992,1000,967,519,434,178,101,1015,726,535,543,738,733,353,979,429,72,57,60,77,68,67,66,58,57,81,65,70,61,51,70,78,76,70,56,69,38,66,29,49,55,59,64,63,69,64,79,85
[13177.786635] [AOA] Measurement: 0,1627140795.163472,08:55:31:9b:05:29,2,1,2,0,128,748,779,824,241,812,1010,617,910,898,537,914,828,331,43,701,679,618,202,503,748,43,468,657,206,249,763,129,1005,225,557,132,383,79,63,64,84,72,71,70,58,60,84,68,69,64,55,74,80,78,74,60,76,37,69,31,49,56,59,66,66,71,64,83,89
[13177.831220] [AOA] Measurement: 0,1627140795.208050,08:55:31:9b:05:29,2,1,2,0,128,201,545,148,962,220,771,10,701,874,467,910,815,250,51,653,652,12,995,946,484,464,208,78,1011,783,580,62,966,237,547,852,252,73,57,57,76,66,66,64,55,57,77,62,69,59,51,72,78,74,68,56,69,36,64,30,47,53,58,62,62,69,62,79,85
[13177.879110] [AOA] Measurement: 0,1627140795.255946,08:55:31:9b:05:29,2,1,2,0,128,223,545,187,1005,773,965,516,840,405,342,321,620,308,51,657,677,21,9,481,694,521,279,130,62,262,732,560,768,234,511,949,224,73,58,59,78,70,69,67,58,59,80,65,69,61,53,73,81,77,69,58,71,36,66,30,48,55,58,64,64,69,65,79,88
[13177.924630] [AOA] Measurement: 0,1627140795.301466,08:55:31:9b:05:29,2,1,2,0,128,775,781,739,153,735,943,32,698,347,327,902,805,303,32,718,676,656,204,502,705,84,491,649,216,254,752,32,937,618,277,907,235,71,54,56,74,66,65,64,55,57,76,63,66,60,50,74,78,78,71,57,72,38,66,30,49,56,58,63,64,70,64,82,86
[13177.968893] [AOA] Measurement: 0,1627140795.345730,08:55:31:9b:05:29,2,1,2,0,128,749,765,744,187,879,1004,585,889,958,570,886,805,253,25,698,697,551,153,931,527,1019,403,121,42,723,509,557,748,707,328,607,934,75,58,61,81,67,69,67,57,59,83,67,70,62,53,74,80,78,72,58,75,37,67,29,47,55,60,65,65,72,64,80,88
[13178.013715] [AOA] Measurement: 0,1627140795.390549,08:55:31:9b:05:29,2,1,2,0,128,785,788,646,120,878,4,601,898,918,536,934,835,316,85,739,747,530,142,502,727,28,386,698,242,262,752,32,943,234,551,629,823,76,60,63,80,72,69,69,59,60,85,68,69,62,52,76,81,79,72,59,75,38,67,30,49,56,59,64,66,69,64,80,87
[13178.057558] [AOA] Measurement: 0,1627140795.434396,08:55:31:9b:05:29,2,1,2,0,128,201,554,158,990,817,1000,565,837,1007,606,833,744,759,887,91,454,11,4,1007,531,499,251,674,240,686,519,591,788,242,537,624,883,71,55,54,74,64,64,63,52,55,79,61,68,59,51,69,77,74,71,56,72,36,65,28,49,55,58,64,64,69,64,80,85
[13178.101439] [AOA] Measurement: 0,1627140795.478274,08:55:31:9b:05:29,2,1,2,0,128,152,543,183,1012,229,794,15,671,394,312,922,833,738,865,651,636,581,178,454,674,545,286,648,224,274,774,70,963,212,537,896,59,74,59,61,81,69,69,66,59,60,81,67,67,62,52,75,79,79,73,62,77,39,68,29,50,56,59,67,66,73,65,81,86
[13178.140453] [AOA] Measurement: 0,1627140795.517283,08:55:31:9b:05:29,2,1,2,0,128,162,501,180,969,780,984,948,585,416,302,865,752,265,1010,690,658,508,141,464,683,1,439,638,173,249,757,15,908,674,298,731,92,73,55,58,77,67,67,66,56,58,82,65,68,61,53,74,79,76,70,58,73,36,68,30,48,54,59,66,64,69,64,80,85
[13178.183301] [AOA] Measurement: 0,1627140795.560139,08:55:31:9b:05:29,2,1,2,0,128,180,502,189,996,217,791,1010,634,360,326,347,642,690,808,149,489,48,35,902,478,458,166,109,26,774,580,74,936,258,524,459,857,80,64,65,85,73,72,70,60,60,87,70,66,66,51,79,83,80,75,61,76,37,67,29,45,53,57,65,63,69,62,77,85
[13178.227701] [AOA] Measurement: 0,1627140795.604535,08:55:31:9b:05:29,2,1,2,0,128,216,540,131,993,793,955,580,928,931,532,929,837,265,58,676,638,540,151,562,769,6,425,642,242,256,737,95,951,247,547,774,113,69,54,59,77,63,66,63,53,56,79,64,68,59,50,72,79,77,69,56,70,35,66,29,48,54,58,63,63,70,63,81,83
[13178.273936] [AOA] Measurement: 0,1627140795.650766,08:55:31:9b:05:29,2,1,2,0,128,279,609,741,158,852,25,536,844,329,303,902,830,294,39,610,615,58,1017,526,730,23,466,661,216,326,790,89,956,243,514,12,380,72,55,57,74,65,66,63,55,57,81,66,68,61,52,72,79,78,74,58,75,36,67,30,47,54,59,65,65,70,65,80,88
[13178.314148] [AOA] Measurement: 0,1627140795.690983,08:55:31:9b:05:29,2,1,2,0,128,114,540,155,984,273,802,1021,662,313,285,262,556,689,796,138,447,21,979,904,486,506,220,148,53,265,721,546,742,666,317,719,113,80,64,66,86,74,72,71,62,63,87,70,69,67,54,78,81,81,76,62,80,38,68,30,47,55,57,64,62,71,64,76,87
[13178.357924] [AOA] Measurement: 0,1627140795.734759,08:55:31:9b:05:29,2,1,2,0,128,727,738,761,165,833,1007,553,867,966,549,855,777,281,91,683,660,561,181,982,539,77,466,634,234,249,725,112,978,283,597,659,836,71,57,57,76,67,66,66,54,58,80,65,68,61,52,72,78,76,71,57,72,38,67,30,49,55,60,65,64,70,63,79,85
[13178.396554] [AOA] Measurement: 0,1627140795.773390,08:55:31:9b:05:29,2,1,2,0,128,678,714,750,163,796,953,515,825,932,515,899,811,244,9,663,636,45,1022,483,735,61,462,676,247,293,781,130,991,262,569,247,461,77,61,63,84,69,69,68,60,61,86,70,69,64,53,77,81,79,76,61,74,39,69,29,47,55,59,67,65,70,64,79,88
[13178.441561] [AOA] Measurement: 0,1627140795.818395,08:55:31:9b:05:29,2,1,2,0,128,719,745,705,134,826,981,990,647,344,290,325,613,732,884,730,699,529,159,440,680,448,210,125,35,702,517,600,794,736,359,952,336,77,60,61,81,71,70,67,59,60,84,67,69,64,52,76,83,81,73,61,76,39,68,30,47,56,57,64,64,70,64,79,87
[13178.485835] [AOA] Measurement: 0,1627140795.862670,08:55:31:9b:05:29,2,1,2,0,128,754,753,776,222,758,974,587,886,805,435,321,631,717,848,122,474,29,6,488,702,63,484,634,231,384,833,98,997,275,533,975,134,76,60,61,81,67,68,67,56,57,78,66,70,63,52,73,79,77,72,58,71,35,66,30,47,54,60,62,63,69,62,80,85
[13178.528869] [AOA] Measurement: 0,1627140795.905704,08:55:31:9b:05:29,2,1,2,0,128,714,734,694,139,863,1002,620,942,917,548,942,835,227,43,732,691,534,164,882,476,423,168,150,53,253,746,42,902,689,355,558,3,79,62,65,84,71,72,69,60,61,84,69,69,64,53,75,82,81,75,60,76,40,68,30,49,55,59,66,65,72,64,81,87
[13178.572801] [AOA] Measurement: 0,1627140795.949636,08:55:31:9b:05:29,2,1,2,0,128,748,764,681,149,824,977,953,636,326,259,307,561,667,800,123,456,1018,965,964,550,543,264,102,59,716,503,545,764,706,356,802,174,76,58,60,78,69,68,69,57,61,83,67,68,63,53,76,79,79,73,60,74,39,68,29,48,56,59,65,66,70,64,80,86
[13178.615163] [AOA] Measurement: 0,1627140795.991997,08:55:31:9b:05:29,2,1,2,0,128,768,743,750,143,859,37,561,888,965,571,955,918,305,88,689,702,574,172,465,733,55,438,650,239,298,769,59,961,258,535,493,799,70,53,55,75,64,64,63,52,54,77,61,67,58,49,69,76,72,67,55,70,35,66,29,47,54,57,63,64,69,62,80,84
[13178.658286] [AOA] Measurement: 0,1627140796.035118,08:55:31:9b:05:29,2,1,2,0,128,734,773,714,156,857,13,517,829,919,482,863,785,679,803,136,465,34,1014,1012,547,474,219,116,18,759,567,535,769,624,274,215,584,72,54,58,75,65,67,64,56,57,78,64,68,61,52,72,79,73,67,57,70,36,65,29,47,54,58,63,63,69,63,78,84
[13178.697328] [AOA] Measurement: 0,1627140796.074163,08:55:31:9b:05:29,2,1,2,0,128,697,706,153,961,276,838,511,823,878,477,873,804,249,25,709,668,530,141,536,754,68,490,652,243,262,729,123,969,693,326,485,8,79,62,64,84,73,73,69,60,62,85,66,69,63,51,75,82,78,73,61,75,38,67,31,48,56,61,66,66,71,65,78,88
[13178.739847] [AOA] Measurement: 0,1627140796.116679,08:55:31:9b:05:29,2,1,2,0,128,757,747,762,189,743,952,556,863,330,300,336,606,730,830,168,523,1015,989,496,738,24,432,666,254,252,768,52,960,203,502,513,857,77,62,63,82,71,72,70,62,60,84,70,70,64,53,74,81,81,74,61,76,38,67,29,46,56,59,67,64,71,66,81,87
[13178.778869] [AOA] Measurement: 0,1627140796.155704,08:55:31:9b:05:29,2,1,2,0,128,173,530,128,973,281,765,18,659,374,333,906,816,292,80,728,678,605,195,493,676,45,443,661,234,212,689,521,708,718,354,1004,447,74,59,59,80,68,68,64,56,57,76,64,67,63,52,73,79,79,72,59,73,37,67,30,48,56,59,66,65,69,63,80,87
[13178.824173] [AOA] Measurement: 0,1627140796.201009,08:55:31:9b:05:29,2,1,2,0,128,172,529,144,939,253,785,998,634,412,330,341,591,745,853,695,659,509,119,985,525,484,267,69,29,682,486,535,728,705,319,391,957,71,54,56,75,64,64,62,52,54,78,62,67,60,51,71,78,74,67,54,69,36,65,29,48,54,58,63,64,69,64,78,86
[13178.862816] [AOA] Measurement: 0,1627140796.239650,08:55:31:9b:05:29,2,1,2,0,128,710,737,759,202,829,1009,529,867,973,546,962,855,274,50,697,674,572,178,463,730,141,531,704,286,329,799,94,972,211,502,575,824,69,52,54,72,60,63,62,53,55,75,60,67,57,50,68,77,72,67,53,69,36,63,28,47,53,56,63,62,68,62,79,85
[13178.905340] [AOA] Measurement: 0,1627140796.282171,08:55:31:9b:05:29,2,1,2,0,128,159,525,177,969,224,787,25,677,328,295,328,563,707,868,58,410,25,983,1011,514,34,445,655,204,263,708,481,698,653,265,900,338,70,53,54,74,62,62,64,52,54,75,63,67,61,50,70,77,74,71,57,73,37,67,30,49,55,60,64,65,72,65,80,89
[13178.949772] [AOA] Measurement: 0,1627140796.326603,08:55:31:9b:05:29,2,1,2,0,128,786,761,664,82,233,780,962,623,342,294,343,590,719,808,112,462,49,1014,495,727,503,216,661,198,232,702,66,945,684,303,135,537,77,61,61,81,72,72,69,59,61,86,67,69,62,53,74,79,76,72,61,76,39,66,31,49,56,59,66,65,70,65,78,86
[13178.993308] [AOA] Measurement: 0,1627140796.370144,08:55:31:9b:05:29,2,1,2,0,128,680,695,159,989,834,1014,981,649,941,555,884,822,280,39,703,682,664,226,501,779,72,433,739,291,263,761,118,987,289,587,382,648,73,58,59,77,67,69,65,57,59,81,67,68,62,51,74,79,79,72,59,72,38,66,29,48,57,60,65,64,70,63,80,85
[13179.037793] [AOA] Measurement: 0,1627140796.414627,08:55:31:9b:05:29,2,1,2,0,128,224,588,148,987,206,756,1019,648,397,369,336,599,671,784,52,361,56,13,970,536,496,233,114,50,752,538,577,744,712,342,56,499,70,55,56,76,65,65,65,54,55,77,62,69,59,52,72,78,75,69,56,70,36,64,29,48,52,58,62,65,69,64,79,85
[13179.084240] [AOA] Measurement: 0,1627140796.461073,08:55:31:9b:05:29,2,1,2,0,128,694,691,191,1010,756,946,1006,683,380,313,302,631,738,864,188,482,977,939,956,481,522,249,670,226,698,573,69,953,688,303,620,33,78,63,63,83,70,70,68,60,62,83,67,71,64,54,76,82,79,73,58,76,38,68,30,47,55,58,64,63,69,64,81,87
[13179.130877] [AOA] Measurement: 0,1627140796.507712,08:55:31:9b:05:29,2,1,2,0,128,723,777,665,142,243,802,54,689,879,487,872,766,695,836,98,442,6,990,511,742,13,441,682,225,258,734,94,976,227,537,53,356,69,53,55,71,63,63,63,50,54,74,62,66,59,50,69,76,72,66,55,69,36,65,30,48,55,57,63,63,69,61,80,84
[13179.169290] [AOA] Measurement: 0,1627140796.546126,08:55:31:9b:05:29,2,1,2,0,128,778,788,772,197,859,1015,468,826,923,519,908,824,294,23,690,672,584,180,497,715,90,476,625,203,271,748,36,942,215,494,529,8,79,64,67,85,73,74,70,61,62,87,69,68,65,53,78,82,78,77,63,76,38,67,28,45,55,57,64,63,70,64,80,85
[13179.213974] [AOA] Measurement: 0,1627140796.590809,08:55:31:9b:05:29,2,1,2,0,128,106,501,120,916,250,792,1012,644,349,290,329,636,699,804,145,471,997,980,1000,534,521,252,689,214,220,707,502,725,660,288,840,257,76,63,65,82,71,66,65,59,59,83,68,56,63,47,72,71,77,72,59,73,34,59,25,35,46,48,55,53,58,52,64,73
[13179.258504] [AOA] Measurement: 0,1627140796.635340,08:55:31:9b:05:29,2,1,2,0,128,831,834,721,165,828,8,528,861,906,537,914,834,288,36,688,689,577,157,495,743,469,215,687,240,308,798,125,973,293,594,847,26,73,59,59,80,67,67,69,56,60,82,67,69,61,54,73,80,78,72,60,73,38,66,28,48,56,59,65,65,72,65,79,86
[13179.301906] [AOA] Measurement: 0,1627140796.678738,08:55:31:9b:05:29,2,1,2,0,128,713,750,680,134,816,984,598,909,978,564,902,843,214,2,670,693,637,198,545,775,13,455,707,268,247,776,99,980,203,498,855,271,77,63,66,87,73,70,70,61,63,87,71,65,64,51,78,79,78,73,62,77,36,66,28,43,52,54,64,60,65,60,74,80
[13179.352817] [AOA] Measurement: 0,1627140796.729648,08:55:31:9b:05:29,2,1,2,0,128,204,521,120,951,259,837,564,881,963,537,903,788,238,20,137,470,8,1015,943,505,441,212,113,35,317,776,558,769,217,514,660,34,70,52,53,76,64,64,65,53,57,77,62,67,59,52,69,78,72,68,56,70,36,66,28,48,52,59,61,63,69,64,80,85
[13179.399139] [AOA] Measurement: 0,1627140796.775975,08:55:31:9b:05:29,2,1,2,0,128,808,783,743,129,806,999,548,835,923,547,844,760,275,25,781,748,644,243,484,723,36,445,655,235,273,754,149,5,272,573,896,133,74,57,60,80,69,69,68,58,60,80,67,69,63,52,75,82,79,73,61,75,38,66,30,46,55,59,66,66,70,66,81,88
[13179.446969] [AOA] Measurement: 0,1627140796.823804,08:55:31:9b:05:29,2,1,2,0,128,124,499,231,1023,795,960,1023,697,332,272,390,653,737,867,125,445,35,10,977,522,563,270,96,8,278,740,136,1010,259,529,838,86,77,61,62,81,68,70,66,59,61,82,67,69,65,53,73,82,81,74,60,73,38,68,30,47,57,59,65,65,71,65,81,87
[13179.490913] [AOA] Measurement: 0,1627140796.867743,08:55:31:9b:05:29,2,1,2,0,128,738,735,758,160,791,995,14,658,373,313,861,793,259,19,665,651,576,183,464,683,482,185,72,1017,689,516,594,748,628,322,964,399,77,63,66,85,74,72,71,61,62,88,71,67,66,51,77,80,81,77,61,78,39,68,30,46,54,57,66,64,71,65,78,86
[13179.533935] [AOA] Measurement: 0,1627140796.910770,08:55:31:9b:05:29,2,1,2,0,128,749,716,669,116,756,987,990,683,395,360,879,794,252,42,611,604,597,223,453,686,63,466,640,236,219,723,65,933,220,540,445,790,75,58,61,80,70,70,67,57,57,82,68,69,64,54,74,81,77,73,59,75,37,68,28,47,55,56,64,63,70,65,80,86
[13179.577829] [AOA] Measurement: 0,1627140796.954665,08:55:31:9b:05:29,2,1,2,0,128,178,537,189,976,259,820,603,868,380,307,817,777,670,776,95,383,974,940,958,496,486,246,144,42,766,598,39,952,196,512,453,778,76,59,61,81,69,67,69,58,59,82,67,69,63,53,75,81,78,74,59,73,37,67,29,48,55,60,67,65,70,65,80,89
[13179.624346] [AOA] Measurement: 0,1627140797.001178,08:55:31:9b:05:29,2,1,2,0,128,803,796,762,200,820,1000,513,857,942,547,927,825,248,27,767,709,613,216,495,722,34,437,645,210,256,774,69,950,735,387,451,833,80,64,66,85,74,73,72,61,62,87,70,67,63,51,77,82,82,76,60,79,37,68,30,48,55,61,66,66,72,66,79,89
[13179.671102] [AOA] Measurement: 0,1627140797.047938,08:55:31:9b:05:29,2,1,2,0,128,177,498,94,935,209,744,41,676,377,331,318,565,703,825,143,445,12,993,995,534,40,427,604,174,695,540,564,786,668,279,430,775,73,55,60,80,68,68,66,56,59,80,66,68,62,51,73,80,75,69,57,71,37,66,29,48,53,59,65,66,71,64,81,86
[13179.710530] [AOA] Measurement: 0,1627140797.087364,08:55:31:9b:05:29,2,1,2,0,128,157,546,175,979,749,966,61,683,908,544,942,857,233,1005,109,474,52,1000,968,540,469,208,146,40,243,731,617,794,238,517,380,753,65,52,51,71,61,63,61,49,53,74,59,66,58,48,70,75,73,69,56,68,36,64,28,47,52,56,60,63,67,63,76,83
[13179.754968] [AOA] Measurement: 0,1627140797.131803,08:55:31:9b:05:29,2,1,2,0,128,745,789,775,185,828,1023,553,858,968,534,903,788,281,41,594,543,997,951,892,486,476,269,109,71,267,726,486,718,257,532,642,995,74,57,59,79,67,68,67,58,60,82,65,68,64,52,74,77,75,70,58,73,39,67,30,48,58,60,65,65,72,65,81,87
[13179.799393] [AOA] Measurement: 0,1627140797.176224,08:55:31:9b:05:29,2,1,2,0,128,746,755,786,171,826,970,557,866,971,524,233,517,747,831,93,407,1021,990,983,535,528,241,72,9,256,754,84,966,688,383,251,612,69,53,56,73,64,66,63,52,53,75,59,66,58,48,71,76,71,67,54,69,35,63,28,47,54,58,63,64,66,61,78,81
[13179.842400] [AOA] Measurement: 0,1627140797.219235,08:55:31:9b:05:29,2,1,2,0,128,741,769,723,148,790,970,2,684,930,515,860,787,252,32,626,613,25,999,961,509,563,262,67,1019,736,546,61,955,716,350,5,366,74,59,62,80,67,69,68,59,60,83,67,67,64,53,74,83,80,76,60,75,38,68,29,47,57,58,67,65,70,64,77,83
[13179.880796] [AOA] Measurement: 0,1627140797.257631,08:55:31:9b:05:29,2,1,2,0,128,783,784,718,154,821,1003,520,805,418,346,917,824,724,861,702,669,1014,1018,503,712,456,182,103,0,695,523,588,768,661,295,163,593,73,56,59,78,66,66,67,55,58,82,67,70,62,51,73,78,78,71,58,73,37,67,30,48,56,60,66,66,70,64,82,88
[13179.920353] [AOA] Measurement: 0,1627140797.297187,08:55:31:9b:05:29,2,1,2,0,128,740,761,794,235,856,1017,571,900,937,546,919,837,273,89,726,724,582,177,534,726,52,454,640,221,248,741,556,750,257,540,929,300,73,57,57,78,66,67,66,54,56,77,64,68,60,51,72,75,76,71,58,73,38,66,29,48,56,60,63,64,71,63,78,84
[13179.964861] [AOA] Measurement: 0,1627140797.341695,08:55:31:9b:05:29,2,1,2,0,128,717,693,718,132,780,975,548,846,905,508,849,766,704,794,129,425,1023,1007,505,733,25,436,665,216,701,556,46,943,706,352,864,223,78,63,65,84,73,71,69,60,62,86,69,69,65,53,77,82,79,75,60,75,37,68,30,48,55,59,66,65,71,65,81,89
[13180.017142] [AOA] Measurement: 0,1627140797.393979,08:55:31:9b:05:29,2,1,2,0,128,682,712,726,162,774,973,1021,631,321,273,344,618,678,779,138,465,647,213,512,750,11,394,57,986,812,583,552,759,238,521,797,94,56,54,54,65,59,57,54,48,45,66,56,37,51,35,58,54,56,54,47,54,27,46,18,25,31,37,43,41,45,40,47,57
[13180.063773] [AOA] Measurement: 0,1627140797.440603,08:55:31:9b:05:29,2,1,2,0,128,737,739,778,194,818,997,488,794,388,311,301,593,702,825,164,503,539,150,505,723,18,410,610,223,324,748,110,1001,193,473,396,671,66,60,60,70,66,64,62,54,52,76,62,46,56,40,65,63,65,61,49,63,30,52,20,28,36,41,49,45,51,45,58,62
[13180.110185] [AOA] Measurement: 0,1627140797.487021,08:55:31:9b:05:29,2,1,2,0,128,678,649,140,963,288,825,553,846,390,348,902,814,259,46,634,631,578,188,452,676,474,210,99,24,723,503,544,789,708,323,454,836,74,58,60,81,66,67,68,56,59,82,68,69,62,52,73,79,78,70,58,72,37,64,29,48,55,61,65,66,71,66,81,88
[13180.154681] [AOA] Measurement: 0,1627140797.531518,08:55:31:9b:05:29,2,1,2,0,128,718,734,141,952,855,7,556,851,424,317,309,608,235,18,728,681,580,161,507,755,51,440,587,189,282,754,81,948,198,480,465,750,76,59,61,81,70,69,69,59,61,84,68,68,64,53,73,81,77,74,60,75,38,69,31,48,57,60,67,66,70,66,81,86
[13180.198972] [AOA] Measurement: 0,1627140797.575806,08:55:31:9b:05:29,2,1,2,0,128,751,729,742,164,800,996,517,850,925,511,870,795,291,49,694,638,580,198,549,789,1008,395,684,265,252,727,74,972,230,565,431,732,78,64,66,84,72,72,72,63,64,89,73,68,67,52,77,81,81,75,63,78,38,67,28,44,52,56,66,63,69,62,74,84
[13180.242985] [AOA] Measurement: 0,1627140797.619818,08:55:31:9b:05:29,2,1,2,0,128,708,710,723,169,826,1010,1015,659,334,329,937,852,255,1000,719,669,983,966,973,532,464,224,31,1008,720,528,618,784,711,292,634,97,75,60,60,81,68,69,67,58,60,84,68,69,63,52,75,81,79,74,58,75,37,67,30,48,56,59,66,64,71,65,80,88
[13180.293915] [AOA] Measurement: 0,1627140797.670745,08:55:31:9b:05:29,2,1,2,0,128,176,508,176,994,244,779,1015,626,316,280,336,588,697,838,117,470,993,955,1000,548,448,201,708,239,693,551,486,706,636,274,789,307,58,56,58,66,62,58,57,51,48,70,58,40,55,37,59,54,58,55,48,58,28,48,19,26,33,39,45,44,46,43,51,55
[13180.340424] [AOA] Measurement: 0,1627140797.717259,08:55:31:9b:05:29,2,1,2,0,128,738,780,722,188,828,1003,542,850,910,544,924,843,342,63,719,671,541,135,495,749,44,419,59,18,227,720,90,967,314,561,184,500,76,59,61,81,69,70,68,57,59,83,67,67,63,52,75,79,76,72,59,75,38,67,29,46,55,58,66,66,70,65,79,88
[13180.379127] [AOA] Measurement: 0,1627140797.755962,08:55:31:9b:05:29,2,1,2,0,128,198,523,188,1015,271,821,540,860,350,312,853,763,180,979,97,399,1008,977,982,507,454,191,92,1011,743,552,504,774,695,340,361,782,77,61,63,81,71,71,69,59,61,84,68,66,66,53,78,81,80,75,60,78,38,66,30,44,54,57,65,62,70,65,79,85
[13180.423916] [AOA] Measurement: 0,1627140797.800751,08:55:31:9b:05:29,2,1,2,0,128,690,726,196,1009,839,993,1019,671,333,296,332,584,742,863,745,721,600,220,515,733,77,491,692,296,276,795,111,985,250,540,146,592,74,61,62,78,69,69,67,59,59,84,67,69,63,51,75,81,79,74,58,73,37,67,29,48,54,61,66,64,69,65,80,87
[13180.470979] [AOA] Measurement: 0,1627140797.847809,08:55:31:9b:05:29,2,1,2,0,128,157,513,146,972,274,816,1021,644,329,262,324,602,730,858,737,680,559,170,461,683,28,470,26,1012,265,778,78,927,210,499,436,779,73,57,58,78,66,68,66,56,57,78,64,68,60,50,70,79,78,72,58,72,37,66,30,47,56,60,64,65,70,64,80,85
[13180.513617] [AOA] Measurement: 0,1627140797.890452,08:55:31:9b:05:29,2,1,2,0,128,748,749,738,177,729,956,582,911,956,539,869,831,224,1013,662,644,592,175,517,797,74,473,649,202,278,744,560,764,292,604,609,828,72,53,55,75,63,62,64,52,54,75,58,68,57,48,68,74,70,65,51,66,36,62,29,47,53,58,60,60,66,62,76,79
[13180.560205] [AOA] Measurement: 0,1627140797.937036,08:55:31:9b:05:29,2,1,2,0,128,718,724,138,958,825,996,533,809,356,335,867,796,694,846,626,596,29,1012,536,766,462,196,641,210,245,730,139,1013,261,558,859,986,74,58,59,80,68,70,67,58,60,82,66,69,65,52,74,82,80,72,61,74,38,69,30,48,55,57,65,66,69,64,79,85
[13180.610858] [AOA] Measurement: 0,1627140797.987688,08:55:31:9b:05:29,2,1,2,0,128,732,739,187,1,848,1023,537,873,964,519,943,850,157,947,133,456,2,1002,995,559,62,438,656,217,271,739,62,972,251,549,902,190,72,57,58,77,66,68,65,55,56,79,62,68,61,53,72,78,76,70,56,69,36,65,29,48,53,59,63,63,68,64,80,86
[13180.655276] [AOA] Measurement: 0,1627140798.032111,08:55:31:9b:05:29,2,1,2,0,128,689,726,715,139,279,830,543,865,362,319,894,807,714,831,136,452,31,1010,474,718,13,425,109,78,209,705,102,979,237,583,76,267,73,57,59,78,65,67,65,53,57,77,65,68,59,51,71,74,73,67,55,68,35,62,28,47,52,57,62,63,67,62,76,82
[13180.699200] [AOA] Measurement: 0,1627140798.076030,08:55:31:9b:05:29,2,1,2,0,128,765,737,674,141,842,1023,529,841,977,511,926,810,267,39,695,665,537,154,930,473,438,170,96,35,253,766,103,953,204,473,654,946,73,56,56,77,67,67,65,54,57,79,64,67,61,51,70,80,77,68,58,72,38,66,29,48,56,60,65,65,70,63,79,84
[13180.743358] [AOA] Measurement: 0,1627140798.120189,08:55:31:9b:05:29,2,1,2,0,128,166,519,172,998,836,1008,1009,665,903,511,900,868,293,16,714,708,540,199,519,793,63,448,612,203,237,762,514,741,727,367,443,834,72,56,56,75,67,67,66,56,56,78,63,68,60,52,70,78,75,68,54,68,36,64,30,47,54,58,62,63,69,61,76,82
[13180.791663] [AOA] Measurement: 0,1627140798.168497,08:55:31:9b:05:29,2,1,2,0,128,695,710,86,921,250,814,580,852,940,498,866,791,256,12,687,653,544,151,892,444,385,175,42,959,751,555,566,732,728,313,638,51,75,62,62,81,71,70,69,58,59,84,67,70,62,53,75,79,79,72,60,74,39,67,30,48,56,59,65,65,69,65,77,87
[13180.834031] [AOA] Measurement: 0,1627140798.210864,08:55:31:9b:05:29,2,1,2,0,128,153,516,184,981,263,848,536,843,345,300,306,604,675,822,84,438,83,3,466,717,958,404,104,28,298,753,25,932,665,315,739,227,70,53,54,74,64,65,64,53,55,78,63,68,60,50,70,77,75,66,56,70,37,64,29,47,55,58,64,63,68,63,79,87
[13180.880572] [AOA] Measurement: 0,1627140798.257406,08:55:31:9b:05:29,2,1,2,0,128,783,751,675,155,839,990,577,897,886,500,940,861,265,13,709,705,514,144,490,713,59,446,681,244,332,788,99,980,286,582,659,805,73,59,62,82,68,69,68,56,57,81,67,68,63,52,73,80,79,71,59,75,38,67,30,48,57,59,65,65,70,63,81,83
[13180.924218] [AOA] Measurement: 0,1627140798.301054,08:55:31:9b:05:29,2,1,2,0,128,694,711,159,995,206,754,1017,638,384,343,923,825,280,40,676,665,601,183,513,730,50,469,677,239,303,787,67,970,148,461,944,315,78,63,67,85,71,71,69,59,61,86,69,66,66,53,74,80,77,72,60,76,38,67,28,44,53,55,66,63,69,60,71,79
[13180.967727] [AOA] Measurement: 0,1627140798.344563,08:55:31:9b:05:29,2,1,2,0,128,725,743,745,183,822,1005,542,872,861,464,872,794,689,805,161,483,59,25,552,778,71,475,705,284,257,736,539,782,262,550,499,769,74,60,60,80,69,69,68,57,60,84,67,67,64,52,77,82,79,76,62,76,39,67,30,48,54,56,64,64,68,64,78,86
[13181.011940] [AOA] Measurement: 0,1627140798.388775,08:55:31:9b:05:29,2,1,2,0,128,715,733,128,968,829,1005,966,659,328,273,337,631,267,5,704,688,591,184,476,715,1,382,637,205,688,517,546,758,706,363,370,698,75,58,60,80,67,70,67,56,60,82,64,67,61,52,74,80,79,72,58,73,37,68,30,48,55,60,63,64,69,64,79,85
[13181.052453] [AOA] Measurement: 0,1627140798.429284,08:55:31:9b:05:29,2,1,2,0,128,165,553,159,989,781,984,1,653,940,512,851,797,679,801,127,444,966,954,1023,553,98,489,687,239,213,721,57,957,220,516,744,53,76,60,62,82,68,70,68,57,59,80,68,69,65,54,78,82,80,75,62,76,37,68,28,47,54,59,67,65,70,65,77,88
[13181.104091] [AOA] Measurement: 0,1627140798.480922,08:55:31:9b:05:29,2,1,2,0,128,775,765,654,128,759,972,484,777,369,327,252,545,681,808,108,453,1011,950,991,520,489,245,122,33,247,747,74,967,240,499,274,603,78,63,65,84,73,72,70,60,62,85,69,68,64,53,76,79,78,74,60,76,38,68,30,48,55,59,66,66,72,65,81,88
[13181.149965] [AOA] Measurement: 0,1627140798.526795,08:55:31:9b:05:29,2,1,2,0,128,749,712,194,1003,804,969,546,833,903,534,858,807,209,26,655,670,571,181,527,733,34,406,712,252,690,502,547,763,715,364,269,660,77,60,62,80,69,69,67,58,62,86,70,69,63,52,74,80,80,74,60,75,37,66,31,48,57,59,65,64,71,64,81,87
[13181.193440] [AOA] Measurement: 0,1627140798.570275,08:55:31:9b:05:29,2,1,2,0,128,191,573,140,958,298,848,3,700,938,555,841,800,241,20,773,742,569,196,465,746,49,451,58,12,277,747,529,747,733,369,460,838,78,61,63,84,74,72,69,61,62,85,70,69,68,55,77,82,80,74,61,78,39,67,29,46,56,59,67,64,71,63,78,86
[13181.237072] [AOA] Measurement: 0,1627140798.613908,08:55:31:9b:05:29,2,1,2,0,128,725,732,129,985,233,784,998,680,372,305,271,584,706,834,103,408,57,18,452,693,28,413,699,246,277,780,60,924,272,525,916,161,74,57,60,79,67,68,65,55,58,79,64,69,60,51,70,78,76,69,55,70,36,66,29,48,55,58,63,64,68,62,77,82
[13181.283979] [AOA] Measurement: 0,1627140798.660808,08:55:31:9b:05:29,2,1,2,0,128,731,741,105,947,237,760,959,597,350,268,300,597,754,900,696,687,509,166,490,721,448,208,118,29,265,760,505,752,719,327,609,991,76,63,64,82,71,70,70,59,60,81,68,70,64,54,76,83,79,72,60,74,38,68,30,48,55,61,65,64,71,65,79,85
[13181.326697] [AOA] Measurement: 0,1627140798.703529,08:55:31:9b:05:29,2,1,2,0,128,727,746,166,1009,803,975,1005,623,353,309,414,693,258,56,704,697,518,136,455,695,86,445,673,261,231,737,119,975,232,506,266,622,73,57,60,80,68,68,67,57,59,80,67,68,62,52,72,79,76,71,57,72,37,65,31,48,57,59,65,66,69,65,81,88
[13181.367664] [AOA] Measurement: 0,1627140798.744501,08:55:31:9b:05:29,2,1,2,0,128,754,753,709,113,236,778,13,649,392,292,334,578,697,814,163,467,1016,1001,498,702,79,462,64,0,241,744,533,756,668,328,409,855,78,65,67,84,71,71,71,62,62,86,69,66,65,52,76,80,80,75,63,78,37,67,30,45,54,58,63,63,67,62,75,84
[13181.414810] [AOA] Measurement: 0,1627140798.791641,08:55:31:9b:05:29,2,1,2,0,128,761,757,711,157,855,1017,580,872,929,487,909,806,220,997,705,646,524,167,976,517,450,178,133,64,285,779,56,954,266,526,809,20,76,59,61,82,68,71,68,58,60,85,67,69,65,52,73,80,77,73,61,77,37,67,28,45,53,56,62,64,70,64,79,86
[13181.454077] [AOA] Measurement: 0,1627140798.830911,08:55:31:9b:05:29,2,1,2,0,128,775,802,715,155,819,1021,542,879,872,501,910,819,278,23,613,616,635,216,508,758,1022,440,571,180,235,748,66,951,280,538,417,727,78,63,63,84,70,69,67,60,60,86,67,66,64,53,73,80,78,74,60,78,37,67,30,47,55,60,65,65,71,64,78,90
[13181.494986] [AOA] Measurement: 0,1627140798.871821,08:55:31:9b:05:29,2,1,2,0,128,742,779,707,147,838,1003,528,854,888,511,328,592,772,871,690,650,25,1016,515,719,426,177,101,7,708,544,589,806,696,316,601,984,78,63,61,81,69,70,67,59,61,86,69,70,65,53,76,81,82,73,60,76,38,68,30,47,55,60,66,65,71,64,79,88
[13181.533964] [AOA] Measurement: 0,1627140798.910799,08:55:31:9b:05:29,2,1,2,0,128,724,758,731,173,778,951,6,658,912,538,321,563,734,796,164,449,1001,992,895,450,476,208,21,962,769,595,544,734,240,531,413,825,77,62,65,84,73,71,70,59,62,84,68,69,64,52,76,81,79,73,59,75,39,68,30,49,57,60,68,66,72,66,81,88
[13181.578788] [AOA] Measurement: 0,1627140798.955625,08:55:31:9b:05:29,2,1,2,0,128,167,539,121,957,245,769,61,673,287,276,396,624,739,856,73,426,47,10,489,763,484,249,64,26,737,567,563,776,663,321,11,416,75,63,63,83,70,72,70,59,61,85,70,68,65,51,77,82,79,76,61,77,37,66,29,45,55,60,67,65,69,64,80,88
[13181.623371] [AOA] Measurement: 0,1627140799.000207,08:55:31:9b:05:29,2,1,2,0,128,184,507,136,951,204,771,995,668,397,329,876,841,267,16,155,473,16,1000,908,472,495,195,198,85,259,749,128,998,273,587,695,876,76,62,64,83,71,71,71,59,62,85,68,68,65,54,75,82,79,76,61,77,40,69,30,47,56,60,67,65,73,66,80,89
[13181.667305] [AOA] Measurement: 0,1627140799.044140,08:55:31:9b:05:29,2,1,2,0,128,729,761,767,182,832,977,590,898,906,527,906,859,323,69,750,716,617,246,475,739,91,497,632,218,297,750,69,1000,224,536,408,710,76,61,61,81,70,69,67,58,61,85,68,70,63,52,74,80,77,74,60,74,38,69,31,48,55,59,67,64,71,64,80,85
[13181.713372] [AOA] Measurement: 0,1627140799.090203,08:55:31:9b:05:29,2,1,2,0,128,147,458,95,948,275,798,1002,687,952,528,897,814,202,1003,670,646,603,188,915,467,449,171,100,18,690,539,557,760,245,521,287,648,78,61,64,83,71,70,68,62,62,85,71,68,65,52,77,82,78,73,62,76,38,68,30,45,54,55,64,62,69,62,74,82
[13181.764665] [AOA] Measurement: 0,1627140799.141499,08:55:31:9b:05:29,2,1,2,0,128,755,768,730,174,741,944,546,865,903,487,890,795,181,977,177,476,27,1023,444,704,492,247,633,197,707,553,606,802,306,603,42,279,77,59,62,81,70,70,67,57,61,83,69,70,65,54,75,81,80,72,61,73,38,69,29,48,55,59,67,64,71,65,81,88
[13181.809478] [AOA] Measurement: 0,1627140799.186310,08:55:31:9b:05:29,2,1,2,0,128,782,797,783,221,814,979,558,866,905,515,919,828,247,7,718,664,620,228,466,715,43,408,647,230,225,701,568,793,273,581,414,759,74,59,62,82,69,67,68,59,60,81,66,69,64,53,74,80,77,71,57,72,38,67,31,48,55,60,64,65,70,64,78,88
[13181.853736] [AOA] Measurement: 0,1627140799.230567,08:55:31:9b:05:29,2,1,2,0,128,186,541,131,971,239,770,1014,654,392,323,873,821,664,821,146,452,1013,1002,964,537,537,248,75,37,709,560,595,759,632,276,719,263,70,55,56,77,63,65,64,54,56,79,63,68,60,51,72,80,77,70,58,70,37,65,29,48,56,60,64,65,69,64,77,87
[13181.904696] [AOA] Measurement: 0,1627140799.281527,08:55:31:9b:05:29,2,1,2,0,128,778,780,666,101,220,807,1015,657,381,316,315,572,717,855,126,437,960,941,859,458,431,184,88,999,721,560,493,750,728,329,945,337,76,63,63,83,70,70,69,62,63,86,70,68,65,54,78,83,82,75,63,79,39,70,30,47,55,58,64,63,67,64,76,88
[13181.950986] [AOA] Measurement: 0,1627140799.327821,08:55:31:9b:05:29,2,1,2,0,128,728,750,745,186,831,1001,581,872,885,490,933,858,251,20,667,649,1,969,986,535,75,481,633,197,250,718,591,775,692,325,869,230,74,58,58,79,65,67,65,54,60,80,65,67,62,53,70,79,75,71,57,71,36,65,30,48,54,58,62,64,70,63,78,85
[13181.990149] [AOA] Measurement: 0,1627140799.366985,08:55:31:9b:05:29,2,1,2,0,128,678,695,165,968,195,768,984,649,405,346,359,633,730,867,699,639,88,6,919,517,592,285,596,213,714,522,529,748,238,506,947,333,77,59,63,83,71,72,69,59,60,83,67,70,65,53,76,81,79,74,61,75,39,69,29,48,55,61,67,65,71,66,80,87
[13182.029306] [AOA] Measurement: 0,1627140799.406141,08:55:31:9b:05:29,2,1,2,0,128,144,499,74,947,239,811,1004,621,325,276,345,576,688,840,174,493,624,157,931,513,470,232,147,44,254,735,525,730,665,272,954,429,75,58,60,78,68,67,66,57,61,83,67,69,64,54,76,82,79,74,60,76,38,69,29,48,56,60,66,65,69,65,79,89
[13182.071420] [AOA] Measurement: 0,1627140799.448251,08:55:31:9b:05:29,2,1,2,0,128,773,762,750,195,821,970,562,894,977,602,917,841,206,6,680,661,555,179,540,777,57,488,621,206,636,478,101,972,257,538,735,118,80,64,66,85,72,73,71,61,63,85,70,69,64,54,76,81,79,74,62,76,38,69,30,48,56,60,65,64,70,63,80,87
[13182.117345] [AOA] Measurement: 0,1627140799.494181,08:55:31:9b:05:29,2,1,2,0,128,179,550,206,1010,218,802,986,645,412,340,908,820,268,2,689,672,570,177,957,496,507,241,78,30,762,579,512,716,704,300,117,549,77,61,63,82,70,71,69,57,61,82,67,69,64,54,75,83,79,75,60,76,37,68,30,48,55,60,66,65,71,64,80,88
[13182.162256] [AOA] Measurement: 0,1627140799.539087,08:55:31:9b:05:29,2,1,2,0,128,781,724,137,935,231,778,1006,656,353,312,337,612,759,865,116,461,2,986,964,540,35,471,634,232,312,782,558,767,717,299,678,126,74,58,61,79,68,67,67,58,61,83,68,68,61,51,75,80,77,72,58,74,37,66,30,48,55,59,65,64,69,64,80,89
[13182.213533] [AOA] Measurement: 0,1627140799.590364,08:55:31:9b:05:29,2,1,2,0,128,172,581,777,206,782,982,561,878,905,526,918,840,290,42,753,719,628,213,545,808,9,437,649,238,190,699,87,988,219,537,496,889,61,56,55,64,60,58,55,51,48,74,58,39,54,37,60,61,62,59,49,61,29,48,20,29,37,41,49,45,49,44,55,55
[13182.268186] [AOA] Measurement: 0,1627140799.645020,08:55:31:9b:05:29,2,1,2,0,128,785,741,731,144,781,945,12,680,348,313,268,557,757,861,708,680,556,190,499,756,19,417,599,196,262,753,87,974,191,494,746,159,78,64,65,82,74,73,70,62,63,87,72,65,63,51,74,80,80,74,62,79,37,67,28,42,53,56,63,60,69,59,71,80
[13182.307165] [AOA] Measurement: 0,1627140799.684000,08:55:31:9b:05:29,2,1,2,0,128,747,773,667,135,796,1013,525,823,979,578,899,847,187,1002,137,490,70,17,544,744,27,477,686,251,305,763,171,54,239,559,281,471,72,56,57,76,65,65,65,55,58,79,65,70,62,51,72,80,76,70,57,71,36,65,29,48,53,57,63,64,68,64,81,86
[13182.352039] [AOA] Measurement: 0,1627140799.728869,08:55:31:9b:05:29,2,1,2,0,128,758,760,719,166,812,995,563,843,953,536,798,747,735,821,80,405,17,999,1004,518,581,279,701,241,264,739,40,938,271,568,52,324,73,58,59,80,69,67,65,58,58,83,69,69,64,53,76,81,78,72,60,76,39,69,30,47,56,61,67,66,70,63,79,87
[13182.403148] [AOA] Measurement: 0,1627140799.779978,08:55:31:9b:05:29,2,1,2,0,128,671,746,137,976,837,8,521,819,347,298,329,606,236,27,643,617,1,1004,1003,573,25,432,577,178,740,562,561,747,658,325,39,501,78,60,63,83,70,70,70,59,61,84,68,70,64,53,75,81,80,74,61,76,38,68,30,48,56,59,65,66,71,66,82,87
[13182.457935] [AOA] Measurement: 0,1627140799.834769,08:55:31:9b:05:29,2,1,2,0,128,181,569,713,136,794,981,8,662,353,324,909,831,284,29,727,712,547,187,433,683,551,239,629,217,690,526,92,957,221,500,556,875,79,65,65,85,70,71,68,58,62,84,68,67,65,52,78,81,83,76,63,78,38,69,30,46,54,58,65,64,66,62,79,87
[13182.502283] [AOA] Measurement: 0,1627140799.879114,08:55:31:9b:05:29,2,1,2,0,128,747,767,668,124,859,25,550,879,967,538,878,783,259,28,653,654,541,163,485,706,449,193,125,34,648,519,591,838,268,530,265,681,74,58,59,77,67,67,64,54,58,80,65,67,61,51,72,79,80,72,59,73,37,66,30,49,56,59,65,65,70,64,80,85
[13182.550822] [AOA] Measurement: 0,1627140799.927657,08:55:31:9b:05:29,2,1,2,0,128,732,735,726,166,767,977,995,646,360,321,853,798,278,31,708,727,566,166,448,674,502,245,686,244,281,779,103,1003,171,500,363,688,79,61,63,83,72,70,70,60,62,86,69,68,66,53,76,82,80,74,61,79,38,67,29,45,51,57,64,61,68,62,77,81
[13182.591101] [AOA] Measurement: 0,1627140799.967934,08:55:31:9b:05:29,2,1,2,0,128,178,528,135,985,254,795,951,593,361,296,334,587,764,853,143,474,563,164,943,489,502,237,87,6,755,594,59,947,692,319,706,117,63,52,51,71,59,63,60,51,54,73,59,66,57,49,67,74,73,64,55,69,37,64,29,47,55,58,63,64,70,64,78,85
[13182.630849] [AOA] Measurement: 0,1627140800.007680,08:55:31:9b:05:29,2,1,2,0,128,737,742,712,156,794,956,580,886,900,504,928,869,293,53,714,663,626,224,525,760,81,483,669,225,227,762,1020,892,668,325,10,375,74,58,59,78,67,68,66,56,59,81,65,68,61,51,73,79,79,70,58,73,36,67,29,48,54,59,63,63,68,64,79,86
[13182.681891] [AOA] Measurement: 0,1627140800.058721,08:55:31:9b:05:29,2,1,2,0,128,778,786,722,226,816,1016,543,858,357,317,339,588,726,831,197,510,603,188,467,681,447,191,98,24,319,805,100,972,251,547,964,175,73,58,59,80,66,67,66,56,59,82,66,67,61,53,73,80,78,71,59,73,38,67,30,48,55,58,63,65,70,63,79,84
[13182.727728] [AOA] Measurement: 0,1627140800.104562,08:55:31:9b:05:29,2,1,2,0,128,777,778,141,959,761,948,1003,656,920,532,857,784,262,40,655,671,559,161,962,492,474,197,63,1014,801,596,55,959,225,527,976,241,79,64,65,84,72,72,71,62,61,83,68,69,66,52,77,81,81,76,63,79,39,67,31,48,55,58,66,65,70,63,80,85
[13182.772729] [AOA] Measurement: 0,1627140800.149560,08:55:31:9b:05:29,2,1,2,0,128,680,714,735,165,765,996,563,871,937,552,852,776,253,24,701,673,717,250,500,763,1017,436,614,214,286,775,60,943,239,581,640,885,73,58,59,78,67,69,66,55,58,81,64,68,60,52,72,80,77,72,58,71,38,66,29,48,54,58,61,64,69,63,78,84
[13182.826211] [AOA] Measurement: 0,1627140800.203042,08:55:31:9b:05:29,2,1,2,0,128,160,534,173,978,234,784,1020,661,949,523,850,790,197,997,745,659,595,193,493,698,26,439,641,203,233,728,554,755,678,304,292,753,72,57,57,75,65,67,65,54,55,78,64,66,60,52,72,79,76,70,57,72,37,66,28,47,55,58,63,64,70,64,82,86
[13182.872160] [AOA] Measurement: 0,1627140800.248994,08:55:31:9b:05:29,2,1,2,0,128,210,569,148,978,222,765,932,604,371,289,331,617,750,849,145,481,41,1009,958,539,505,281,679,247,208,714,80,965,742,374,451,921,69,54,54,72,63,64,62,52,54,75,61,67,60,50,70,77,74,67,54,69,35,63,28,48,53,57,61,61,67,62,77,82
[13182.928598] [AOA] Measurement: 0,1627140800.305430,08:55:31:9b:05:29,2,1,2,0,128,673,675,176,1020,802,996,5,704,980,583,898,820,197,9,682,633,554,179,512,735,46,477,610,185,269,765,74,961,251,543,882,132,78,63,64,83,72,71,69,60,61,88,70,68,64,51,77,81,80,74,62,78,36,68,29,47,55,59,65,64,72,62,80,86
[13182.975076] [AOA] Measurement: 0,1627140800.351912,08:55:31:9b:05:29,2,1,2,0,128,758,741,759,179,826,995,526,854,968,581,880,797,242,19,165,469,562,177,536,766,0,418,637,194,319,779,126,1005,263,556,619,845,72,58,61,78,69,68,67,59,58,83,68,67,61,51,76,79,80,74,61,76,38,68,30,47,56,59,65,63,68,63,76,85
[13183.014130] [AOA] Measurement: 0,1627140800.390965,08:55:31:9b:05:29,2,1,2,0,128,758,778,668,136,219,749,987,624,370,303,335,576,731,834,123,444,98,19,477,663,75,493,638,227,229,711,515,737,670,320,947,375,78,64,67,85,74,70,70,62,62,89,70,65,65,51,76,81,79,75,61,75,37,65,29,43,52,56,65,62,68,60,72,84
[13183.056888] [AOA] Measurement: 0,1627140800.433719,08:55:31:9b:05:29,2,1,2,0,128,673,707,169,1005,244,802,499,838,429,360,843,798,278,29,654,670,618,231,527,778,26,466,637,225,306,761,101,988,183,512,344,666,76,60,61,80,70,70,67,58,61,82,68,67,62,52,74,82,79,72,59,75,37,66,30,47,55,57,64,64,71,65,82,86
[13183.101748] [AOA] Measurement: 0,1627140800.478584,08:55:31:9b:05:29,2,1,2,0,128,732,781,735,193,803,9,568,897,960,599,937,849,270,34,762,734,628,205,480,728,120,503,663,232,293,753,83,998,251,543,548,848,70,54,56,77,63,65,63,54,55,76,63,66,60,50,71,78,75,68,57,70,35,65,28,48,55,58,64,66,70,63,79,84
[13183.140734] [AOA] Measurement: 0,1627140800.517570,08:55:31:9b:05:29,2,1,2,0,128,816,787,706,150,744,941,473,797,340,267,342,617,747,836,711,691,581,171,561,777,41,464,699,278,265,723,110,957,255,561,872,78,75,58,60,80,67,67,66,57,59,82,66,68,63,52,72,76,78,70,58,72,37,67,29,47,53,59,66,64,72,65,80,86
[13183.179839] [AOA] Measurement: 0,1627140800.556674,08:55:31:9b:05:29,2,1,2,0,128,663,666,118,944,229,818,1009,632,367,323,320,597,238,19,702,693,509,144,482,700,520,271,654,200,694,533,575,766,691,298,677,137,79,63,65,83,70,72,69,60,60,84,68,68,65,54,77,82,82,76,63,79,39,68,29,46,52,57,64,61,68,63,74,82
[13183.224579] [AOA] Measurement: 0,1627140800.601414,08:55:31:9b:05:29,2,1,2,0,128,720,710,789,241,861,14,567,886,924,515,839,793,739,857,673,651,571,156,948,495,558,274,67,27,677,524,571,766,691,285,807,288,71,57,57,77,65,66,63,54,55,76,63,67,59,49,71,78,74,68,56,69,37,66,29,48,54,57,63,63,67,63,78,81
[13183.269214] [AOA] Measurement: 0,1627140800.646048,08:55:31:9b:05:29,2,1,2,0,128,748,774,763,195,790,1004,459,805,929,472,326,621,684,792,104,410,94,3,487,763,47,438,705,255,246,736,95,966,334,549,762,84,76,59,62,81,69,67,66,56,58,82,69,70,65,53,75,80,80,73,60,76,38,68,30,48,55,60,67,65,71,65,78,87
[13183.312824] [AOA] Measurement: 0,1627140800.689658,08:55:31:9b:05:29,2,1,2,0,128,752,762,740,155,859,1016,542,884,951,570,944,859,249,32,679,675,641,241,495,764,44,468,632,223,257,732,84,936,241,555,39,341,81,64,66,83,73,73,70,62,62,86,68,68,65,53,77,81,78,75,62,77,39,68,30,47,57,60,68,64,70,65,81,89
[13183.363652] [AOA] Measurement: 0,1627140800.740484,08:55:31:9b:05:29,2,1,2,0,128,715,725,728,183,784,993,596,885,959,560,925,826,240,44,743,766,575,184,571,776,3,413,628,238,222,708,104,994,278,566,721,960,76,62,62,82,70,70,68,57,60,84,69,68,66,53,76,80,79,75,62,79,39,69,30,47,55,59,67,63,69,62,76,84
[13183.414718] [AOA] Measurement: 0,1627140800.791549,08:55:31:9b:05:29,2,1,2,0,128,674,706,767,201,826,1002,541,855,312,276,274,555,795,876,150,438,39,0,483,710,464,198,91,1,713,542,584,774,242,509,1010,383,79,64,64,84,73,70,70,59,60,86,70,68,65,53,77,82,81,76,62,77,37,67,30,44,56,58,65,63,68,64,78,86
[13183.454146] [AOA] Measurement: 0,1627140800.830983,08:55:31:9b:05:29,2,1,2,0,128,174,515,161,969,232,775,997,649,363,305,911,824,728,847,745,704,573,179,473,682,465,203,40,1016,719,550,109,964,682,346,225,617,78,62,64,84,71,71,69,58,61,84,69,69,64,53,76,80,79,73,60,77,38,69,29,49,56,60,66,65,72,63,81,84
[13183.493373] [AOA] Measurement: 0,1627140800.870209,08:55:31:9b:05:29,2,1,2,0,128,732,712,117,952,285,786,29,641,393,301,336,614,782,892,141,443,67,33,495,682,496,227,665,230,247,753,91,985,241,533,679,877,78,62,64,84,72,73,68,60,62,84,69,68,65,53,76,81,81,77,60,78,39,68,30,47,55,59,65,66,72,66,80,86
[13183.532684] [AOA] Measurement: 0,1627140800.909520,08:55:31:9b:05:29,2,1,2,0,128,687,710,145,984,204,767,1010,617,410,342,293,587,686,836,147,480,19,5,956,485,67,444,140,46,688,516,514,729,697,305,658,58,63,56,60,65,63,64,56,54,50,77,61,42,58,40,64,60,67,63,52,65,30,55,23,31,40,44,53,49,52,49,59,67
[13183.571248] [AOA] Measurement: 0,1627140800.948084,08:55:31:9b:05:29,2,1,2,0,128,799,799,727,162,803,1013,574,880,943,549,929,879,291,62,693,678,627,201,540,779,80,474,679,249,285,772,98,14,278,565,246,465,77,62,62,83,70,71,71,60,63,86,70,68,64,52,75,79,79,74,60,76,38,69,30,48,55,60,66,66,69,63,76,86
[13183.611317] [AOA] Measurement: 0,1627140800.988148,08:55:31:9b:05:29,2,1,2,0,128,663,688,778,215,805,1001,542,834,994,556,970,873,291,40,780,718,600,181,534,775,1000,425,718,291,221,743,83,943,254,556,473,802,72,57,56,76,65,66,66,52,56,77,62,68,59,51,71,78,74,68,55,69,35,65,28,47,52,57,59,63,66,62,77,81
[13183.659668] [AOA] Measurement: 0,1627140801.036504,08:55:31:9b:05:29,2,1,2,0,128,160,531,156,1004,278,798,43,693,913,513,913,808,300,55,717,686,622,225,533,765,25,424,705,253,294,788,90,979,184,473,704,72,80,66,67,86,74,75,73,62,63,88,69,66,62,51,76,79,80,76,63,80,39,68,30,46,54,57,66,62,71,63,77,85
[13183.701217] [AOA] Measurement: 0,1627140801.078047,08:55:31:9b:05:29,2,1,2,0,128,131,543,138,959,872,1006,560,858,939,539,282,612,693,835,194,486,38,984,981,529,51,441,665,240,290,767,58,967,191,474,431,791,77,61,63,82,71,70,70,60,61,84,67,66,64,52,75,80,75,74,61,77,37,68,30,46,55,58,66,63,69,63,77,86
[13183.748034] [AOA] Measurement: 0,1627140801.124869,08:55:31:9b:05:29,2,1,2,0,128,149,523,130,951,281,819,1000,634,354,295,336,616,272,4,646,610,63,1018,454,719,471,200,108,34,767,555,521,721,694,304,32,495,67,50,53,71,60,61,58,49,50,69,58,65,57,47,64,71,68,63,49,63,34,58,27,45,50,56,59,59,65,58,76,77
[13183.792384] [AOA] Measurement: 0,1627140801.169219,08:55:31:9b:05:29,2,1,2,0,128,769,802,142,980,244,748,50,645,387,344,312,593,738,878,665,690,984,979,908,418,486,254,653,246,250,744,63,951,190,491,172,642,74,57,58,77,66,67,64,56,58,81,63,69,60,51,73,78,75,72,57,74,37,66,29,48,55,61,64,66,71,64,81,88
[13183.835743] [AOA] Measurement: 0,1627140801.212573,08:55:31:9b:05:29,2,1,2,0,128,75,453,164,981,221,763,1000,615,329,278,322,599,751,902,158,480,41,981,942,494,427,176,44,1014,698,532,495,710,688,307,439,894,73,59,59,78,69,68,66,57,60,83,66,69,64,53,74,79,79,75,58,75,37,69,30,47,56,60,67,66,69,65,78,88
[13183.880151] [AOA] Measurement: 0,1627140801.256983,08:55:31:9b:05:29,2,1,2,0,128,746,736,672,119,276,824,1,664,347,289,337,622,695,853,678,643,596,186,475,689,535,273,615,213,243,735,86,977,146,484,486,828,75,59,60,76,67,69,67,56,59,80,67,69,64,53,74,79,76,73,59,75,37,68,31,48,55,60,64,66,72,66,80,87
[13183.923642] [AOA] Measurement: 0,1627140801.300476,08:55:31:9b:05:29,2,1,2,0,128,678,710,197,990,283,827,528,825,914,553,875,825,307,63,695,692,527,184,510,697,81,457,681,234,271,725,83,977,223,573,2,347,66,52,50,72,58,62,60,48,52,74,58,65,58,48,70,75,72,66,53,66,35,64,28,48,54,57,62,60,66,63,79,83
[13183.967476] [AOA] Measurement: 0,1627140801.344312,08:55:31:9b:05:29,2,1,2,0,128,766,791,774,208,850,1023,558,843,896,482,873,807,230,1,121,479,611,212,436,667,536,265,706,234,328,794,120,1006,224,513,733,80,80,64,65,82,73,71,70,60,61,84,70,66,67,53,77,82,80,76,62,75,37,67,29,43,53,55,64,61,64,60,73,83
[13184.014249] [AOA] Measurement: 0,1627140801.391080,08:55:31:9b:05:29,2,1,2,0,128,192,558,184,963,195,750,988,587,355,298,353,614,713,841,117,424,20,21,483,732,482,229,137,38,754,566,557,753,742,411,898,182,72,58,57,79,66,65,62,52,57,80,62,70,60,51,70,79,77,71,59,72,36,65,29,48,55,59,63,65,70,64,78,85
[13184.060495] [AOA] Measurement: 0,1627140801.437331,08:55:31:9b:05:29,2,1,2,0,128,159,535,127,1012,271,831,978,630,927,563,860,775,273,16,93,443,1005,987,8,545,12,412,618,202,663,514,499,725,677,295,706,204,72,57,57,78,64,67,64,55,57,78,64,67,61,51,74,79,78,70,57,71,37,67,29,49,55,58,62,64,67,62,77,84
[13184.099437] [AOA] Measurement: 0,1627140801.476272,08:55:31:9b:05:29,2,1,2,0,128,684,706,791,173,821,19,551,884,328,309,264,568,716,852,129,496,0,991,459,705,34,429,609,176,666,486,584,788,748,363,904,322,79,62,65,84,72,70,70,61,62,88,72,68,66,53,76,82,80,75,62,77,37,67,30,46,56,59,66,64,70,63,79,87
[13184.143968] [AOA] Measurement: 0,1627140801.520802,08:55:31:9b:05:29,2,1,2,0,128,226,542,745,159,810,986,567,856,939,524,328,622,694,840,634,625,606,189,484,728,4,425,656,234,234,745,589,812,287,593,198,424,76,63,63,82,71,70,68,57,59,81,66,67,62,53,73,80,76,71,57,74,37,66,29,47,54,59,64,64,69,63,81,84
[13184.187317] [AOA] Measurement: 0,1627140801.564148,08:55:31:9b:05:29,2,1,2,0,128,684,731,709,201,866,1017,595,880,909,545,847,785,214,13,724,707,593,220,605,789,44,439,709,299,287,779,168,19,219,536,878,45,72,56,55,76,65,65,64,54,54,77,62,67,58,53,71,78,75,69,56,68,35,64,29,48,53,59,63,63,69,62,77,82
[13184.231096] [AOA] Measurement: 0,1627140801.607927,08:55:31:9b:05:29,2,1,2,0,128,722,735,162,991,219,760,48,712,890,491,382,635,757,847,55,413,106,55,528,763,41,463,656,254,268,786,71,956,671,291,923,289,76,59,61,81,68,71,67,59,61,80,67,70,65,51,76,80,80,74,61,77,38,68,30,48,54,58,66,64,71,64,80,86
[13184.275616] [AOA] Measurement: 0,1627140801.652451,08:55:31:9b:05:29,2,1,2,0,128,662,706,763,172,823,1001,624,920,1014,577,882,837,264,45,728,720,598,206,515,732,93,457,656,262,316,781,47,942,714,339,794,79,77,61,63,80,70,71,66,59,61,83,68,68,62,52,74,80,80,74,59,75,39,67,29,49,55,60,66,66,71,64,78,88
[13184.320117] [AOA] Measurement: 0,1627140801.696948,08:55:31:9b:05:29,2,1,2,0,128,741,746,737,167,800,1000,588,911,874,486,901,852,209,18,707,709,570,191,472,707,46,448,681,217,285,781,92,944,223,499,598,29,75,59,59,80,68,69,66,58,58,84,68,69,62,52,76,80,79,73,61,76,38,69,30,47,56,58,64,64,70,65,80,85
[13184.363376] [AOA] Measurement: 0,1627140801.740213,08:55:31:9b:05:29,2,1,2,0,128,766,829,762,187,774,961,613,922,963,557,882,804,169,988,722,687,657,228,584,772,110,512,683,257,322,796,96,986,272,560,991,206,83,63,63,86,71,71,71,61,63,89,71,74,68,57,80,88,85,79,64,79,41,72,30,52,59,64,71,69,77,70,88,94
[13184.407423] [AOA] Measurement: 0,1627140801.784259,08:55:31:9b:05:29,2,1,2,0,128,761,741,189,1020,236,787,480,787,338,275,281,575,666,790,82,430,14,999,965,517,462,193,0,948,736,527,549,736,713,301,423,879,75,59,64,81,71,70,70,60,61,84,69,67,64,54,76,81,81,75,60,76,37,69,30,48,56,60,65,65,73,65,82,88
[13184.454162] [AOA] Measurement: 0,1627140801.830992,08:55:31:9b:05:29,2,1,2,0,128,718,752,696,148,832,1004,549,855,839,454,334,584,268,8,150,451,12,1010,902,486,529,289,648,230,243,753,50,957,221,539,226,624,77,61,64,83,70,70,69,59,61,83,68,70,65,53,76,81,77,73,59,74,37,67,29,48,56,58,63,64,69,63,80,83
[13184.500898] [AOA] Measurement: 0,1627140801.877734,08:55:31:9b:05:29,2,1,2,0,128,118,485,186,981,220,778,9,701,369,331,311,579,756,845,133,442,978,956,925,475,495,219,68,1001,761,599,554,748,309,617,454,705,77,62,64,86,72,70,70,60,63,85,72,68,66,53,76,81,80,75,61,76,35,64,29,42,53,56,64,62,68,60,75,82
[13184.545266] [AOA] Measurement: 0,1627140801.922101,08:55:31:9b:05:29,2,1,2,0,128,769,793,746,135,767,966,620,901,938,548,907,809,329,79,677,667,556,171,492,723,53,470,617,170,322,804,88,1013,290,596,858,10,73,56,57,80,66,69,64,56,58,78,65,69,61,52,73,78,75,71,58,72,38,66,29,48,55,60,65,64,71,65,82,88
[13184.589767] [AOA] Measurement: 0,1627140801.966599,08:55:31:9b:05:29,2,1,2,0,128,762,796,720,181,837,25,554,880,960,521,947,871,675,827,665,636,11,994,943,542,518,250,126,57,263,761,126,996,198,518,634,948,79,63,66,84,71,71,69,61,63,85,68,66,63,51,77,81,81,74,61,77,37,67,29,47,55,58,67,64,70,64,78,87
[13184.633351] [AOA] Measurement: 0,1627140802.010187,08:55:31:9b:05:29,2,1,2,0,128,163,502,140,973,190,767,1016,664,386,303,886,786,703,841,141,468,59,1020,522,782,71,473,632,203,226,699,571,817,616,252,727,243,73,59,59,80,67,67,65,54,58,82,66,69,63,54,73,77,80,71,58,73,37,66,30,49,55,61,65,65,71,64,81,88
[13184.677163] [AOA] Measurement: 0,1627140802.053997,08:55:31:9b:05:29,2,1,2,0,128,698,754,786,206,826,1018,541,854,952,556,898,805,215,1002,730,679,613,251,489,687,986,389,686,247,243,722,98,964,168,476,112,454,75,60,64,81,70,70,68,59,62,85,68,69,64,53,75,80,78,74,61,78,40,69,31,48,56,60,66,65,71,65,80,90
[13184.723339] [AOA] Measurement: 0,1627140802.100170,08:55:31:9b:05:29,2,1,2,0,128,784,782,739,194,859,989,608,895,940,555,888,839,242,22,646,614,37,16,501,725,79,463,696,286,322,780,52,976,258,528,451,719,75,60,60,79,67,67,66,55,58,81,67,69,64,54,76,81,78,74,61,74,39,67,30,47,55,59,65,65,71,65,78,88
[13184.778407] [AOA] Measurement: 0,1627140802.155243,08:55:31:9b:05:29,2,1,2,0,128,768,803,170,5,841,17,511,834,952,529,942,846,250,40,728,664,611,201,513,741,64,484,707,238,261,758,137,16,266,577,323,467,73,58,57,78,64,68,65,57,57,81,62,67,60,49,70,80,76,70,57,73,39,68,31,49,57,60,65,67,71,65,81,88
[13184.822506] [AOA] Measurement: 0,1627140802.199336,08:55:31:9b:05:29,2,1,2,0,128,176,526,208,1018,246,810,563,871,939,542,910,811,288,1,634,563,987,940,900,446,494,235,84,23,715,520,589,816,685,362,905,264,77,59,61,82,71,69,69,58,60,83,66,69,61,54,73,80,77,71,57,73,38,67,31,48,57,60,66,64,70,65,82,86
[13184.874222] [AOA] Measurement: 0,1627140802.251053,08:55:31:9b:05:29,2,1,2,0,128,750,740,693,136,277,818,1009,644,401,317,883,799,177,1009,725,699,601,179,474,727,528,244,655,205,309,782,57,954,261,576,279,596,72,57,59,77,65,66,63,53,56,79,65,68,60,51,71,79,76,70,57,72,35,65,29,48,55,58,64,63,71,65,81,85
[13184.920041] [AOA] Measurement: 0,1627140802.296875,08:55:31:9b:05:29,2,1,2,0,128,211,535,129,972,860,1015,559,873,992,607,976,878,262,3,628,606,41,995,1019,549,493,251,92,5,731,578,545,776,713,310,706,151,76,61,61,81,70,70,69,58,61,83,70,70,65,53,75,81,79,76,61,75,37,68,29,46,57,59,66,65,70,64,80,89
[13184.964357] [AOA] Measurement: 0,1627140802.341192,08:55:31:9b:05:29,2,1,2,0,128,738,804,822,215,804,1020,555,864,880,490,869,845,272,40,723,694,568,161,504,732,42,437,708,268,322,830,67,991,226,557,132,372,75,58,59,75,66,67,66,56,59,81,68,68,62,51,71,78,78,73,57,76,39,68,29,45,56,59,67,62,69,64,79,86
[13185.009007] [AOA] Measurement: 0,1627140802.385843,08:55:31:9b:05:29,2,1,2,0,128,176,534,182,982,267,806,1016,667,388,298,279,558,670,808,151,454,0,1001,1014,563,31,452,655,245,667,523,550,768,684,307,896,259,77,60,62,81,70,68,68,57,61,83,67,67,62,52,76,80,78,73,61,74,37,67,31,48,56,59,68,65,72,67,80,86
[13185.056033] [AOA] Measurement: 0,1627140802.432864,08:55:31:9b:05:29,2,1,2,0,128,824,811,741,170,714,959,575,814,989,548,771,729,208,975,670,651,549,133,411,660,21,426,650,173,282,777,104,970,277,508,491,788,68,51,52,73,60,64,62,52,53,76,60,66,58,49,67,75,74,67,54,69,36,64,28,48,53,58,62,62,68,61,78,83
[13185.103645] [AOA] Measurement: 0,1627140802.480480,08:55:31:9b:05:29,2,1,2,0,128,760,773,774,176,828,1009,556,897,927,580,874,793,208,1007,759,691,596,195,457,696,530,272,622,174,732,530,487,733,657,299,130,540,75,59,60,81,69,69,67,56,60,82,65,68,63,54,75,80,78,73,58,74,38,68,29,49,55,58,65,65,72,64,80,87
[13185.150479] [AOA] Measurement: 0,1627140802.527309,08:55:31:9b:05:29,2,1,2,0,128,692,691,829,225,820,1016,574,885,916,524,966,839,210,1018,680,641,590,194,531,758,21,410,630,219,260,759,93,985,259,553,881,164,74,60,62,80,68,68,68,59,59,83,68,69,64,53,75,79,79,74,60,76,38,66,30,48,55,60,66,64,68,66,81,86
[13185.190540] [AOA] Measurement: 0,1627140802.567376,08:55:31:9b:05:29,2,1,2,0,128,726,712,721,146,784,977,551,826,965,535,826,747,280,4,44,432,996,948,968,492,513,213,101,40,234,702,566,760,228,496,411,789,77,62,64,83,70,69,70,60,61,85,69,69,65,55,76,82,80,74,61,76,38,69,30,48,57,59,65,65,69,64,81,88
[13185.229500] [AOA] Measurement: 0,1627140802.606335,08:55:31:9b:05:29,2,1,2,0,128,159,529,144,998,272,817,989,622,348,257,321,569,616,773,160,460,32,11,923,494,459,182,154,9,715,551,588,805,681,292,268,717,77,61,65,83,71,70,69,60,62,84,71,69,64,52,75,82,80,75,62,78,38,66,30,47,56,59,67,64,70,65,80,87
[13185.269477] [AOA] Measurement: 0,1627140802.646308,08:55:31:9b:05:29,2,1,2,0,128,190,500,111,937,216,748,955,584,282,228,306,594,663,792,85,445,0,995,971,544,493,216,64,1023,719,569,499,758,725,325,52,613,72,57,58,77,66,67,66,55,55,77,63,66,59,51,73,80,78,73,59,73,36,67,30,46,55,58,64,65,72,65,78,85
[13185.313719] [AOA] Measurement: 0,1627140802.690549,08:55:31:9b:05:29,2,1,2,0,128,701,700,134,941,871,6,1010,645,388,297,300,581,741,861,135,484,43,17,490,723,553,273,589,208,270,760,55,926,237,556,819,269,81,66,68,84,75,71,70,63,62,87,72,66,65,52,77,79,78,73,61,77,38,66,27,43,52,54,63,60,68,61,75,82
[13185.364597] [AOA] Measurement: 0,1627140802.741428,08:55:31:9b:05:29,2,1,2,0,128,701,698,756,175,788,999,576,861,902,549,933,851,280,36,718,695,615,202,568,758,139,518,726,300,297,766,173,16,214,522,714,894,78,64,65,83,71,70,70,63,63,86,71,68,66,52,77,81,81,76,63,77,40,68,31,46,55,59,67,64,68,63,75,84
[13185.409310] [AOA] Measurement: 0,1627140802.786140,08:55:31:9b:05:29,2,1,2,0,128,696,704,735,203,838,1020,582,909,963,556,886,822,257,8,746,716,536,173,526,755,1,405,674,233,337,816,104,957,324,606,369,589,75,61,61,83,69,70,67,59,61,84,69,69,65,54,76,82,80,75,61,77,38,67,30,46,53,58,63,63,70,65,80,85
[13185.453449] [AOA] Measurement: 0,1627140802.830281,08:55:31:9b:05:29,2,1,2,0,128,805,769,152,960,278,797,16,718,975,560,852,796,261,27,681,660,593,217,503,737,73,475,678,247,262,746,98,1016,220,511,878,202,69,52,54,73,64,64,63,51,53,72,59,67,56,49,69,74,71,67,54,67,35,62,29,46,51,57,58,62,65,59,76,78
[13185.505321] [AOA] Measurement: 0,1627140802.882151,08:55:31:9b:05:29,2,1,2,0,128,154,509,201,22,774,967,531,838,392,330,362,593,682,806,125,451,24,999,962,507,547,246,620,196,679,532,570,771,652,267,401,854,76,60,60,82,70,69,67,58,59,82,66,67,61,53,74,79,77,70,60,74,39,69,31,47,57,60,65,66,70,66,81,87
[13185.548150] [AOA] Measurement: 0,1627140802.924978,08:55:31:9b:05:29,2,1,2,0,128,169,521,151,979,341,854,549,923,976,543,859,780,277,27,650,634,28,985,920,516,509,210,30,1009,732,520,548,775,667,336,601,921,78,62,64,83,73,71,71,60,63,84,67,69,64,51,76,79,79,74,60,76,39,66,30,48,54,59,66,65,71,65,81,89
[13185.590988] [AOA] Measurement: 0,1627140802.967823,08:55:31:9b:05:29,2,1,2,0,128,186,526,168,1000,237,819,558,900,940,514,850,781,242,27,75,417,11,969,1007,586,19,415,700,267,207,722,80,946,708,314,327,805,76,63,67,83,75,70,70,60,60,85,69,59,62,48,70,72,76,69,58,73,34,62,26,40,47,51,59,58,61,57,67,75
[13185.640180] [AOA] Measurement: 0,1627140803.017011,08:55:31:9b:05:29,2,1,2,0,128,719,709,187,1014,768,955,581,884,920,496,883,815,204,1006,638,609,5,989,915,452,444,213,96,6,711,506,491,673,779,356,58,511,72,55,57,75,64,65,65,53,56,80,64,68,60,52,70,78,75,70,57,70,36,65,29,48,56,59,64,65,68,64,81,86
[13185.684774] [AOA] Measurement: 0,1627140803.061604,08:55:31:9b:05:29,2,1,2,0,128,725,748,739,144,300,829,623,890,1006,565,928,888,290,37,724,704,535,124,451,662,546,280,49,15,706,544,621,793,722,362,834,220,80,66,66,86,76,72,71,62,62,89,70,67,66,54,78,82,80,74,62,78,38,66,30,46,53,58,66,63,69,63,77,87
[13185.735605] [AOA] Measurement: 0,1627140803.112436,08:55:31:9b:05:29,2,1,2,0,128,741,714,761,164,797,997,545,830,932,514,331,615,717,805,78,407,998,960,946,466,519,247,55,993,771,541,93,948,175,459,23,413,76,59,63,81,71,70,69,58,61,83,67,69,63,54,72,80,78,71,57,74,39,70,31,49,56,60,67,66,71,65,81,88
[13185.781956] [AOA] Measurement: 0,1627140803.158791,08:55:31:9b:05:29,2,1,2,0,128,820,832,777,209,835,1004,549,869,876,509,838,776,674,836,171,477,607,198,548,755,1017,446,635,206,748,576,545,759,697,320,953,323,75,60,61,81,68,68,67,56,60,83,67,68,64,53,73,80,78,70,58,73,38,66,29,49,55,60,66,65,70,65,81,86
[13185.832936] [AOA] Measurement: 0,1627140803.209767,08:55:31:9b:05:29,2,1,2,0,128,77,513,88,933,293,824,20,670,1002,550,307,565,725,866,764,725,519,136,466,729,417,200,56,969,669,525,562,768,743,358,826,148,75,57,58,79,68,66,65,54,57,78,63,68,59,51,72,77,76,68,57,71,36,65,28,48,55,59,64,63,69,64,78,84
[13185.888193] [AOA] Measurement: 0,1627140803.265029,08:55:31:9b:05:29,2,1,2,0,128,802,783,810,241,830,1003,507,821,370,357,903,839,224,1,658,636,18,1000,938,499,487,229,130,37,368,801,120,994,287,583,340,548,75,61,61,83,69,70,69,60,61,83,69,69,63,53,76,80,78,73,61,76,37,68,30,49,56,60,65,66,71,65,79,88
[13185.931536] [AOA] Measurement: 0,1627140803.308372,08:55:31:9b:05:29,2,1,2,0,128,701,752,677,144,825,1013,479,798,340,292,298,612,735,896,685,626,28,998,965,516,468,212,41,1019,746,517,610,800,675,279,163,640,75,59,59,80,69,69,67,56,59,81,65,69,60,51,72,78,77,71,58,72,37,65,30,48,54,58,65,63,70,63,79,86
[13185.970759] [AOA] Measurement: 0,1627140803.347594,08:55:31:9b:05:29,2,1,2,0,128,144,511,163,979,232,775,66,738,937,525,876,805,305,77,742,707,651,278,514,776,101,479,654,227,288,750,51,972,293,535,505,830,76,61,63,80,71,70,67,59,59,85,68,69,64,53,75,81,80,74,61,76,38,68,30,47,57,59,65,64,71,65,81,88
[13186.009583] [AOA] Measurement: 0,1627140803.386421,08:55:31:9b:05:29,2,1,2,0,128,193,561,83,892,268,844,40,705,941,517,873,793,710,818,114,439,995,970,1013,559,993,401,628,201,750,575,493,726,724,348,320,732,74,58,59,81,68,67,66,56,59,85,69,69,65,53,74,79,79,73,60,75,38,67,31,47,57,60,68,66,70,66,80,87
[13186.054049] [AOA] Measurement: 0,1627140803.430885,08:55:31:9b:05:29,2,1,2,0,128,749,760,125,971,256,819,982,616,361,277,298,593,692,793,181,486,613,191,491,718,35,441,624,211,264,721,82,944,690,304,435,865,76,59,60,80,69,69,68,58,61,83,68,70,63,52,75,79,81,74,61,75,38,69,31,48,57,60,66,64,70,65,81,86
[13186.103009] [AOA] Measurement: 0,1627140803.479840,08:55:31:9b:05:29,2,1,2,0,128,191,586,690,135,793,971,561,860,899,488,949,855,258,46,647,622,996,977,549,726,52,435,83,1022,261,756,25,927,717,360,904,235,78,62,64,80,71,69,69,60,62,85,68,66,65,55,76,82,82,76,62,77,37,69,30,46,55,59,65,62,69,64,79,88
[13186.153711] [AOA] Measurement: 0,1627140803.530542,08:55:31:9b:05:29,2,1,2,0,128,742,747,702,153,797,989,573,887,919,510,331,600,224,1021,169,447,1015,988,958,534,449,172,61,11,673,491,548,783,198,499,380,709,76,58,60,78,67,68,67,56,59,81,64,69,62,53,75,78,77,71,59,73,38,66,30,47,55,60,63,64,70,64,79,86
[13186.199231] [AOA] Measurement: 0,1627140803.576061,08:55:31:9b:05:29,2,1,2,0,128,768,806,817,217,765,977,1007,670,340,297,346,633,677,833,155,462,29,987,995,540,51,509,662,234,330,796,56,968,309,619,795,31,74,59,62,81,68,69,67,57,60,84,67,67,61,52,74,79,77,73,59,76,38,67,30,47,55,57,66,65,70,64,78,87
[13186.242910] [AOA] Measurement: 0,1627140803.619742,08:55:31:9b:05:29,2,1,2,0,128,724,754,137,977,797,990,0,644,332,292,340,608,301,38,687,678,598,179,524,746,981,417,584,214,242,707,71,944,686,342,405,783,76,61,62,79,70,70,66,57,60,83,68,70,63,53,74,80,79,74,59,74,39,67,31,48,56,59,65,64,70,64,81,88
[13186.291457] [AOA] Measurement: 0,1627140803.668295,08:55:31:9b:05:29,2,1,2,0,128,750,750,702,133,828,1000,502,825,918,471,929,798,244,28,699,647,37,2,546,741,75,478,727,294,328,829,111,989,328,631,484,676,73,57,57,76,66,66,65,56,57,81,64,68,60,51,73,80,77,71,59,71,38,67,28,48,55,60,64,64,70,63,80,86
[13186.331300] [AOA] Measurement: 0,1627140803.708131,08:55:31:9b:05:29,2,1,2,0,128,714,704,736,191,177,768,962,610,361,315,287,550,726,855,158,484,33,962,1006,540,482,242,57,0,778,569,530,726,656,305,629,11,72,59,59,78,69,67,68,55,59,82,66,68,61,53,71,78,74,70,57,70,38,66,29,48,55,60,65,65,70,64,81,86
[13186.379021] [AOA] Measurement: 0,1627140803.755859,08:55:31:9b:05:29,2,1,2,0,128,763,748,703,166,732,970,600,884,964,573,885,793,278,51,592,607,537,137,467,661,490,211,619,172,237,760,119,978,264,527,602,816,77,61,64,83,70,71,70,61,62,85,70,70,65,55,78,82,79,74,62,77,38,68,30,46,54,57,65,64,66,63,78,87
[13186.423697] [AOA] Measurement: 0,1627140803.800533,08:55:31:9b:05:29,2,1,2,0,128,144,522,229,1021,260,795,13,678,405,363,278,564,680,819,127,509,570,208,508,750,55,466,638,271,246,725,75,1005,219,522,1008,327,62,55,57,62,63,57,57,52,46,68,57,41,53,36,63,59,60,58,47,60,30,48,20,27,33,39,46,45,50,43,49,62
[13186.468939] [AOA] Measurement: 0,1627140803.845776,08:55:31:9b:05:29,2,1,2,0,128,126,489,95,944,294,857,1013,668,377,288,345,610,711,833,167,483,10,1010,496,697,19,424,625,202,236,735,54,910,666,299,399,784,78,61,62,83,69,72,68,60,60,85,69,67,65,53,76,82,80,76,61,77,39,65,28,47,56,60,68,66,72,66,81,86
[13186.513622] [AOA] Measurement: 0,1627140803.890456,08:55:31:9b:05:29,2,1,2,0,128,167,513,228,30,809,996,551,853,356,285,294,567,704,819,98,463,99,10,493,731,29,434,653,190,726,555,539,765,671,288,876,388,68,55,55,74,62,65,63,55,57,75,64,69,60,51,70,77,77,70,57,74,37,67,29,49,55,60,65,65,70,64,80,85
[13186.556744] [AOA] Measurement: 0,1627140803.933578,08:55:31:9b:05:29,2,1,2,0,128,181,574,174,995,799,956,574,840,960,547,940,820,259,3,661,630,564,163,943,540,479,213,668,222,239,740,53,971,194,490,27,320,77,60,61,79,69,71,69,59,62,85,70,69,65,54,77,83,80,75,60,76,39,68,30,48,56,58,65,62,70,63,77,84
[13186.600560] [AOA] Measurement: 0,1627140803.977394,08:55:31:9b:05:29,2,1,2,0,128,754,768,684,156,796,987,971,615,384,362,911,819,239,9,719,701,612,185,539,739,25,439,743,270,225,725,37,941,229,498,588,942,69,55,55,74,65,65,62,50,55,75,60,66,57,50,70,75,72,67,53,67,36,62,28,48,53,58,61,62,70,63,78,82
[13186.639563] [AOA] Measurement: 0,1627140804.016398,08:55:31:9b:05:29,2,1,2,0,128,238,611,177,1007,199,788,20,658,390,335,313,576,772,890,658,620,29,1015,514,737,507,240,96,14,714,531,106,979,223,468,42,302,78,62,64,83,70,70,67,60,62,84,69,67,64,53,76,81,81,75,61,77,39,66,29,45,54,57,64,61,69,62,76,83
[13186.678455] [AOA] Measurement: 0,1627140804.055288,08:55:31:9b:05:29,2,1,2,0,128,212,550,168,967,251,780,989,592,321,265,327,594,693,852,111,427,1018,995,924,489,509,230,104,3,754,562,583,769,205,504,1008,312,74,57,60,78,64,66,67,56,59,83,66,69,62,52,74,77,76,71,59,73,37,66,31,49,55,60,65,66,72,65,79,87
[13186.728789] [AOA] Measurement: 0,1627140804.105621,08:55:31:9b:05:29,2,1,2,0,128,749,747,731,176,795,1014,566,858,897,485,857,746,183,992,646,651,573,172,400,661,60,469,670,213,281,812,120,973,282,560,812,10,77,61,64,82,70,67,70,60,62,86,70,68,63,54,74,82,79,76,61,75,39,67,30,48,57,60,65,65,71,64,77,85
