
[14773.186148] [AOA] Measurement: 0,1627142390.562969,08:55:31:9b:05:29,2,1,2,0,128,606,313,953,864,828,1023,530,736,962,467,867,583,75,999,503,672,464,76,184,727,701,550,887,274,377,662,608,808,622,293,790,179,77,68,27,86,52,55,78,24,110,88,116,39,42,67,31,88,74,81,54,89,38,69,33,23,113,72,104,34,79,104,47,121
[14773.230262] [AOA] Measurement: 0,1627142390.607079,08:55:31:9b:05:29,2,1,2,0,128,62,158,518,44,829,997,527,692,971,475,939,639,49,1010,502,636,975,954,603,476,54,253,257,38,685,364,572,797,649,299,5,558,78,71,28,88,52,55,78,26,112,86,118,40,42,65,30,88,72,80,53,89,37,67,31,20,108,66,99,32,74,99,44,116
[14773.275619] [AOA] Measurement: 0,1627142390.652441,08:55:31:9b:05:29,2,1,2,0,128,36,134,913,829,253,764,953,498,379,232,328,402,514,818,949,464,912,868,722,545,24,276,306,50,765,403,608,892,676,355,584,1,89,75,29,99,58,63,89,28,125,104,133,46,50,78,36,102,82,93,59,100,44,79,38,28,131,84,126,40,95,123,51,140
[14773.319518] [AOA] Measurement: 0,1627142390.696340,08:55:31:9b:05:29,2,1,2,0,128,574,339,517,50,811,963,1015,558,985,480,909,601,90,1021,519,622,503,122,157,703,704,574,919,352,325,687,128,26,230,592,474,757,73,60,24,82,47,51,75,23,103,86,108,36,40,64,30,86,69,78,52,82,37,66,33,23,110,72,107,34,82,103,45,120
[14773.358896] [AOA] Measurement: 0,1627142390.735714,08:55:31:9b:05:29,2,1,2,0,128,667,386,511,50,879,1009,445,671,408,248,308,395,529,781,966,414,867,882,655,457,131,313,322,89,407,690,597,851,180,510,874,296,78,69,28,86,51,54,78,25,112,87,116,40,43,67,31,89,74,84,56,90,38,68,32,22,115,71,106,33,79,105,46,122
[14773.402987] [AOA] Measurement: 0,1627142390.779806,08:55:31:9b:05:29,2,1,2,0,128,583,350,506,33,249,751,978,515,378,237,270,343,534,825,917,421,926,931,698,520,128,340,876,291,335,662,615,864,603,294,841,349,79,67,27,86,51,55,78,25,110,88,116,39,44,68,32,91,75,83,55,91,39,69,32,23,112,71,107,33,79,106,46,112
[14773.444786] [AOA] Measurement: 0,1627142390.821607,08:55:31:9b:05:29,2,1,2,0,128,550,315,499,38,274,814,990,538,437,302,858,591,73,19,554,721,459,111,151,716,582,478,953,340,369,667,148,24,265,628,821,33,76,63,24,83,48,52,74,23,107,87,116,37,40,64,30,88,69,79,50,86,36,65,31,21,112,69,108,32,79,103,44,121
[14773.489302] [AOA] Measurement: 0,1627142390.866124,08:55:31:9b:05:29,2,1,2,0,128,652,351,507,29,919,22,555,758,966,452,886,608,49,999,981,440,526,148,210,768,674,556,791,233,374,681,605,845,632,346,966,421,74,66,25,86,49,52,75,25,110,86,116,38,40,64,30,88,73,82,53,88,36,67,31,21,113,69,105,32,77,105,44,123
[14773.528054] [AOA] Measurement: 0,1627142390.904876,08:55:31:9b:05:29,2,1,2,0,128,63,132,471,33,330,845,504,674,384,244,331,417,51,997,532,661,904,934,622,504,89,291,898,269,864,483,134,45,243,579,599,918,91,79,31,101,59,65,91,30,127,104,137,47,48,78,37,103,85,97,64,105,43,80,39,25,131,83,126,40,95,121,54,140
[14773.575095] [AOA] Measurement: 0,1627142390.951913,08:55:31:9b:05:29,2,1,2,0,128,580,331,464,39,904,1019,482,680,975,504,818,539,481,764,994,427,869,922,548,435,98,308,331,98,389,669,147,16,208,581,78,451,75,64,24,84,48,53,76,24,105,88,112,37,41,66,31,88,67,78,50,82,39,68,32,24,111,73,106,34,82,105,43,118
[14773.621526] [AOA] Measurement: 0,1627142390.998349,08:55:31:9b:05:29,2,1,2,0,128,635,390,530,79,815,968,1009,515,428,277,924,610,92,1021,578,701,446,127,207,748,677,543,808,241,794,450,612,884,246,590,869,190,74,64,25,84,48,55,78,25,109,88,114,38,41,65,31,87,73,80,52,87,38,68,33,24,114,69,107,33,81,103,45,118
[14773.660626] [AOA] Measurement: 0,1627142391.037448,08:55:31:9b:05:29,2,1,2,0,128,9,89,986,878,308,806,1014,552,447,329,831,579,58,1010,534,667,897,882,685,516,63,308,296,73,848,508,606,860,688,386,499,901,73,64,24,84,48,53,75,24,107,87,115,40,41,67,32,90,70,79,53,86,38,67,33,23,113,74,108,33,80,105,45,117
[14773.699583] [AOA] Measurement: 0,1627142391.076404,08:55:31:9b:05:29,2,1,2,0,128,560,294,437,1008,288,796,931,464,328,205,293,375,479,740,980,442,960,958,611,499,67,310,376,117,832,472,594,867,250,595,835,90,73,61,21,81,46,49,71,21,105,85,115,36,38,63,30,86,69,78,52,85,36,68,30,23,115,70,109,33,81,107,45,123
[14773.749003] [AOA] Measurement: 0,1627142391.125825,08:55:31:9b:05:29,2,1,2,0,128,595,344,492,24,884,8,535,747,971,468,905,583,1015,947,596,700,416,79,649,508,67,334,288,77,883,479,530,796,758,448,280,599,76,69,28,87,51,55,77,25,113,89,118,41,43,67,32,89,72,83,54,88,37,69,32,22,112,68,103,32,77,100,46,116
[14773.787684] [AOA] Measurement: 0,1627142391.164507,08:55:31:9b:05:29,2,1,2,0,128,34,69,1017,887,289,779,974,519,394,271,880,608,105,1020,496,639,926,933,126,651,111,314,262,74,838,467,603,862,214,541,640,977,74,60,24,83,47,52,74,22,104,86,110,38,39,66,31,89,70,80,53,85,37,70,33,24,111,73,106,33,77,103,45,117
[14773.827065] [AOA] Measurement: 0,1627142391.203887,08:55:31:9b:05:29,2,1,2,0,128,45,122,973,840,360,833,614,777,966,467,881,617,43,998,542,668,408,59,632,496,58,259,273,30,797,440,608,864,687,354,503,1010,74,63,26,83,50,53,76,24,108,86,114,39,41,66,32,88,71,80,53,88,38,68,31,22,107,67,100,32,75,103,44,114
[14773.869281] [AOA] Measurement: 0,1627142391.246100,08:55:31:9b:05:29,2,1,2,0,128,74,140,929,863,832,1012,535,775,903,414,961,660,99,25,497,635,910,901,621,494,90,334,322,74,856,507,89,1009,197,555,640,55,78,65,26,85,50,53,77,24,109,86,116,39,41,67,32,90,74,82,54,89,38,70,32,21,112,70,104,33,79,103,45,118
[14773.910631] [AOA] Measurement: 0,1627142391.287455,08:55:31:9b:05:29,2,1,2,0,128,615,349,506,1009,316,799,991,507,400,244,364,421,138,8,533,725,425,81,171,651,119,301,255,81,902,545,559,822,661,308,453,880,77,70,28,86,51,55,78,25,109,87,114,40,44,67,33,88,76,84,54,90,37,69,32,21,111,70,104,32,76,101,45,118
[14773.955266] [AOA] Measurement: 0,1627142391.332090,08:55:31:9b:05:29,2,1,2,0,128,79,152,988,880,887,996,529,728,951,478,358,455,108,23,523,646,414,64,646,474,127,323,309,79,429,671,139,50,253,592,402,623,80,70,29,87,52,54,76,25,107,84,115,39,42,67,32,88,74,83,53,89,39,71,32,23,112,70,105,33,80,106,46,120
[14774.013024] [AOA] Measurement: 0,1627142391.389846,08:55:31:9b:05:29,2,1,2,0,128,28,112,908,819,394,861,513,710,360,215,302,359,494,786,991,430,904,922,625,513,9,262,319,113,811,441,568,813,732,394,197,576,77,66,26,85,50,54,78,25,108,88,113,39,41,65,31,90,72,82,53,88,39,68,32,25,113,73,108,33,82,106,45,120
[14774.057723] [AOA] Measurement: 0,1627142391.434546,08:55:31:9b:05:29,2,1,2,0,128,3,116,479,10,365,820,989,540,418,298,932,667,136,37,492,653,492,93,208,721,653,506,850,258,348,673,125,51,121,525,899,359,77,69,29,86,51,54,77,26,112,85,114,39,43,66,31,87,74,82,54,91,38,69,31,22,110,66,98,33,74,101,42,114
[14774.101821] [AOA] Measurement: 0,1627142391.478639,08:55:31:9b:05:29,2,1,2,0,128,51,107,446,5,306,789,1,548,363,232,403,428,496,797,957,414,854,880,702,534,72,283,297,83,804,416,583,850,716,375,458,917,75,65,26,84,51,53,77,23,108,88,111,37,41,66,32,88,71,81,53,86,38,68,32,22,113,72,107,33,80,106,44,120
[14774.152030] [AOA] Measurement: 0,1627142391.528847,08:55:31:9b:05:29,2,1,2,0,128,616,308,481,46,891,10,530,734,976,490,883,594,119,24,518,607,930,933,178,707,596,478,854,240,413,736,109,21,216,599,977,325,89,78,31,101,60,64,90,29,127,104,128,47,49,78,36,103,89,96,64,106,46,81,36,27,131,82,121,39,91,122,52,135
[14774.202805] [AOA] Measurement: 0,1627142391.579625,08:55:31:9b:05:29,2,1,2,0,128,587,325,926,850,343,828,559,768,994,493,895,580,76,1000,560,706,412,71,159,729,88,257,326,103,834,466,644,884,723,418,817,129,74,66,26,84,50,53,76,24,110,84,116,39,41,64,29,88,74,81,52,89,37,65,29,21,110,63,96,30,69,99,43,112
[14774.247934] [AOA] Measurement: 0,1627142391.624756,08:55:31:9b:05:29,2,1,2,0,128,624,323,488,35,833,984,550,735,406,301,335,402,528,810,555,653,484,148,177,725,649,518,919,319,330,679,613,852,212,570,975,338,77,64,26,84,49,53,76,24,107,87,112,39,41,66,32,89,72,83,53,90,39,69,32,23,111,72,107,33,81,105,46,118
[14774.292664] [AOA] Measurement: 0,1627142391.669485,08:55:31:9b:05:29,2,1,2,0,128,604,355,494,17,284,789,1023,575,980,488,882,628,54,994,1012,431,933,925,602,486,108,341,899,264,871,509,95,1000,687,343,597,15,76,67,26,86,50,53,76,24,108,87,114,39,42,66,31,90,71,82,53,89,37,68,33,23,114,71,106,34,81,103,46,118
[14774.335789] [AOA] Measurement: 0,1627142391.712607,08:55:31:9b:05:29,2,1,2,0,128,2,112,521,23,845,982,29,557,373,277,268,347,525,767,1004,414,970,970,184,706,663,546,301,84,830,449,556,836,585,278,666,176,74,64,26,83,48,52,73,22,106,86,113,38,41,66,31,88,72,83,54,90,39,70,33,23,114,70,106,34,80,105,45,115
[14774.379003] [AOA] Measurement: 0,1627142391.755826,08:55:31:9b:05:29,2,1,2,0,128,581,329,493,16,839,978,969,522,429,269,336,396,604,838,539,649,943,940,134,666,141,347,313,79,851,445,577,859,679,352,302,733,76,69,29,85,50,53,78,26,111,87,116,40,43,68,32,89,74,84,55,92,38,69,32,22,109,69,97,31,72,97,42,111
[14774.417505] [AOA] Measurement: 0,1627142391.794328,08:55:31:9b:05:29,2,1,2,0,128,597,295,536,66,337,793,996,499,365,230,358,434,520,792,1001,469,860,903,715,556,99,311,319,67,774,394,596,835,661,346,926,310,90,75,31,100,57,64,89,28,125,103,128,45,48,76,36,101,84,94,63,102,43,81,37,27,129,85,127,40,96,123,53,137
[14774.462404] [AOA] Measurement: 0,1627142391.839225,08:55:31:9b:05:29,2,1,2,0,128,80,122,534,75,824,6,514,730,330,186,328,368,525,791,5,485,444,113,191,716,95,309,312,89,817,498,597,829,671,357,737,214,75,68,26,85,49,53,74,24,109,85,113,39,40,66,32,89,74,82,54,90,37,70,31,22,111,67,100,33,75,101,44,116
[14774.512774] [AOA] Measurement: 0,1627142391.889592,08:55:31:9b:05:29,2,1,2,0,128,642,415,540,73,890,26,601,802,891,443,847,571,554,840,985,434,490,116,218,775,630,527,4,375,314,665,199,65,205,609,671,964,90,79,32,100,60,65,90,28,125,100,127,45,49,76,36,104,86,97,61,105,45,81,39,26,130,83,125,39,92,123,53,141
[14774.563566] [AOA] Measurement: 0,1627142391.940383,08:55:31:9b:05:29,2,1,2,0,128,113,177,540,73,892,1,527,749,963,481,929,641,54,1000,929,412,913,920,658,502,56,262,353,85,780,430,622,870,162,526,363,720,77,65,25,86,49,53,77,25,106,87,115,39,43,66,32,89,72,82,53,89,36,67,31,24,115,72,107,33,81,106,47,118
[14774.604876] [AOA] Measurement: 0,1627142391.981698,08:55:31:9b:05:29,2,1,2,0,128,574,312,551,68,850,973,488,690,381,273,933,613,87,1018,526,677,485,136,597,495,41,261,285,50,853,498,616,848,230,547,409,831,77,67,27,86,50,53,78,25,109,89,114,38,41,65,32,87,72,81,54,89,39,69,34,23,114,71,107,34,81,106,47,118
[14774.649472] [AOA] Measurement: 0,1627142392.026295,08:55:31:9b:05:29,2,1,2,0,128,100,146,905,816,300,775,981,506,398,230,335,372,519,789,1017,445,984,949,176,740,666,553,816,264,383,671,654,886,247,578,51,453,75,66,27,86,51,54,79,25,109,88,116,39,42,66,32,89,72,82,53,88,39,70,33,24,115,72,108,34,78,103,45,121
[14774.694386] [AOA] Measurement: 0,1627142392.071208,08:55:31:9b:05:29,2,1,2,0,128,619,376,506,44,843,982,444,705,371,265,339,425,84,1005,556,723,450,82,153,738,625,498,874,270,380,674,169,76,207,587,0,389,74,63,22,83,47,53,75,23,103,89,112,37,41,66,31,90,70,81,52,85,38,69,32,24,111,74,109,34,83,105,44,119
[14774.738794] [AOA] Measurement: 0,1627142392.115618,08:55:31:9b:05:29,2,1,2,0,128,1023,57,1014,879,305,829,995,517,319,176,331,402,518,831,999,432,876,906,662,523,105,310,885,304,850,472,615,851,263,600,789,132,77,67,26,86,50,53,77,24,108,88,112,38,41,64,32,88,71,80,53,85,36,68,31,24,114,71,107,35,81,104,46,119
[14774.783693] [AOA] Measurement: 0,1627142392.160514,08:55:31:9b:05:29,2,1,2,0,128,518,307,530,94,877,984,579,776,941,504,893,591,97,5,563,700,500,116,175,722,638,555,847,286,402,734,116,10,249,586,150,405,76,66,25,84,51,54,76,24,111,88,114,39,41,66,31,89,73,82,53,89,38,69,33,23,111,69,102,33,77,105,44,118
[14774.822553] [AOA] Measurement: 0,1627142392.199374,08:55:31:9b:05:29,2,1,2,0,128,65,157,916,843,287,780,30,618,939,450,329,433,442,740,29,499,904,912,630,505,672,566,862,295,357,696,581,853,673,374,394,809,74,65,23,84,48,52,75,24,108,88,114,39,40,66,31,89,70,81,52,86,38,68,31,24,112,71,107,34,81,106,45,118
[14774.861197] [AOA] Measurement: 0,1627142392.238020,08:55:31:9b:05:29,2,1,2,0,128,520,248,897,851,282,771,980,518,461,311,279,387,554,830,1006,473,934,918,604,465,75,295,367,108,389,706,97,1000,598,289,146,614,78,68,26,85,50,54,76,25,111,87,116,39,41,66,31,87,72,80,54,88,38,70,32,24,113,71,107,33,81,106,47,122
[14774.905445] [AOA] Measurement: 0,1627142392.282261,08:55:31:9b:05:29,2,1,2,0,128,635,378,501,61,848,978,527,786,914,409,979,694,98,1015,527,680,425,57,114,709,686,606,871,256,375,695,157,56,244,604,628,828,74,60,22,81,47,52,73,22,103,87,111,37,39,65,31,88,69,80,50,84,36,68,32,24,108,74,107,33,79,102,44,116
[14774.944254] [AOA] Measurement: 0,1627142392.321077,08:55:31:9b:05:29,2,1,2,0,128,575,311,519,21,817,960,546,762,971,487,881,626,554,805,593,718,510,124,196,733,704,607,852,286,291,588,572,850,223,516,363,703,78,67,27,86,50,54,77,25,110,87,115,39,42,66,31,88,70,82,54,87,39,69,32,22,110,69,105,33,80,104,46,120
[14774.983315] [AOA] Measurement: 0,1627142392.360139,08:55:31:9b:05:29,2,1,2,0,128,552,281,953,857,359,850,998,560,368,234,292,405,552,820,918,399,972,966,629,515,55,273,391,137,374,680,101,19,651,349,128,539,76,65,25,83,49,53,75,24,106,87,114,38,42,66,31,88,72,81,52,88,38,67,32,22,110,70,105,33,78,103,44,117
[14775.028214] [AOA] Measurement: 0,1627142392.405038,08:55:31:9b:05:29,2,1,2,0,128,125,171,478,24,829,982,15,583,915,430,874,603,571,841,538,675,465,125,167,686,613,530,940,339,420,718,156,66,255,624,762,995,86,72,26,96,54,60,85,27,123,101,131,43,45,75,35,101,80,91,61,97,43,77,36,26,130,85,124,39,93,121,51,140
[14775.073670] [AOA] Measurement: 0,1627142392.450492,08:55:31:9b:05:29,2,1,2,0,128,73,146,965,854,287,785,980,515,419,243,346,408,92,15,580,716,524,150,166,729,649,562,903,292,370,706,117,32,165,549,911,231,90,79,31,101,59,63,88,28,128,102,130,46,50,77,37,104,86,96,63,105,44,80,38,26,128,80,120,38,91,122,51,140
[14775.118403] [AOA] Measurement: 0,1627142392.495226,08:55:31:9b:05:29,2,1,2,0,128,15,73,911,827,280,807,998,518,436,330,844,555,557,827,486,610,923,914,668,505,114,329,250,32,804,458,554,825,631,295,945,480,72,59,22,81,45,50,73,21,102,85,108,36,38,64,31,87,67,76,49,81,35,64,30,23,108,70,106,32,80,99,42,113
[14775.162947] [AOA] Measurement: 0,1627142392.539768,08:55:31:9b:05:29,2,1,2,0,128,663,347,550,48,851,1017,1012,528,387,243,305,420,439,772,935,430,865,913,582,421,64,303,382,131,802,458,611,844,616,319,251,603,86,70,29,96,56,63,88,28,123,102,130,44,46,74,36,104,84,95,60,100,44,79,37,28,130,84,124,40,93,121,53,140
[14775.214244] [AOA] Measurement: 0,1627142392.591062,08:55:31:9b:05:29,2,1,2,0,128,607,352,488,36,827,989,942,531,403,267,930,642,69,1012,562,690,466,94,162,687,627,478,909,309,328,657,596,850,613,318,666,125,77,72,30,86,53,54,79,26,110,85,115,40,42,64,31,88,74,83,54,92,37,67,31,20,109,64,99,31,72,96,44,110
[14775.268413] [AOA] Measurement: 0,1627142392.645232,08:55:31:9b:05:29,2,1,2,0,128,590,352,550,54,900,1016,522,728,354,233,295,383,565,825,537,606,440,106,217,763,627,482,895,317,309,624,77,1012,158,531,267,704,74,63,25,83,48,52,72,22,107,85,112,36,37,61,29,88,69,78,51,85,36,67,29,22,115,68,108,32,80,105,44,121
[14775.312363] [AOA] Measurement: 0,1627142392.689181,08:55:31:9b:05:29,2,1,2,0,128,698,439,519,73,897,39,562,804,884,426,890,569,522,844,523,613,528,138,234,790,702,611,950,342,401,731,215,121,179,589,432,763,77,67,27,87,49,54,78,25,109,89,116,40,43,67,32,88,71,80,52,87,37,68,32,23,113,72,105,34,79,105,45,119
[14775.363127] [AOA] Measurement: 0,1627142392.739948,08:55:31:9b:05:29,2,1,2,0,128,12,143,451,1006,282,796,964,495,331,263,304,401,556,823,554,674,457,111,231,757,616,499,890,317,362,638,67,1010,626,289,46,444,93,82,33,102,62,66,94,30,128,100,137,46,48,76,38,104,87,98,65,108,46,80,38,25,132,80,123,38,91,120,52,131
[14775.402949] [AOA] Measurement: 0,1627142392.779773,08:55:31:9b:05:29,2,1,2,0,128,42,120,952,869,338,825,975,581,359,218,334,426,541,804,998,454,957,948,137,658,94,333,857,302,328,674,156,63,205,557,30,434,71,60,23,81,46,51,70,23,102,86,109,35,39,63,30,85,66,75,49,79,35,65,32,24,108,72,106,33,79,101,43,114
[14775.446626] [AOA] Measurement: 0,1627142392.823446,08:55:31:9b:05:29,2,1,2,0,128,14,113,950,858,268,780,966,502,400,257,417,477,38,974,965,414,914,915,657,514,124,343,337,103,378,666,529,796,637,314,914,434,78,65,26,85,49,54,76,24,108,87,114,38,42,66,32,90,71,81,52,89,38,69,32,24,114,72,107,32,82,104,47,123
[14775.486759] [AOA] Measurement: 0,1627142392.863582,08:55:31:9b:05:29,2,1,2,0,128,58,124,469,1001,268,750,957,530,413,250,350,388,545,825,1006,488,952,986,169,661,628,477,340,107,841,522,650,896,249,618,261,659,78,66,27,85,51,55,77,25,107,86,114,39,43,67,31,89,72,82,53,88,38,69,33,22,113,71,109,34,80,105,45,120
[14775.528440] [AOA] Measurement: 0,1627142392.905260,08:55:31:9b:05:29,2,1,2,0,128,578,314,463,41,864,1013,519,730,948,440,822,547,137,21,519,662,461,83,141,687,4,290,298,70,789,423,578,852,724,411,833,259,76,68,27,86,52,55,76,26,108,84,115,39,44,67,30,88,73,83,53,90,37,65,29,20,107,64,99,32,71,100,43,114
[14775.573981] [AOA] Measurement: 0,1627142392.950803,08:55:31:9b:05:29,2,1,2,0,128,1017,102,1003,879,311,804,1017,573,975,481,967,661,16,988,581,719,419,113,172,700,609,520,270,68,772,420,555,843,579,285,688,180,73,60,23,83,47,52,74,24,103,86,110,38,41,67,30,89,71,81,52,86,36,67,32,24,112,72,107,33,79,105,45,121
[14775.618509] [AOA] Measurement: 0,1627142392.995327,08:55:31:9b:05:29,2,1,2,0,128,546,326,549,74,893,7,577,767,968,483,921,621,135,21,462,594,886,912,598,467,75,307,940,341,365,665,597,858,695,396,773,974,73,62,23,83,46,51,74,22,105,85,111,37,39,63,30,86,69,79,51,86,36,66,30,22,113,69,108,32,80,103,44,124
[14775.664789] [AOA] Measurement: 0,1627142393.041608,08:55:31:9b:05:29,2,1,2,0,128,104,199,470,18,819,947,992,519,337,209,304,364,513,822,959,405,924,911,598,483,44,264,391,120,860,505,109,30,143,503,259,598,78,66,25,84,48,55,77,25,109,88,115,40,42,67,31,90,73,83,53,90,39,69,32,22,114,71,106,34,81,105,46,120
[14775.715195] [AOA] Measurement: 0,1627142393.092015,08:55:31:9b:05:29,2,1,2,0,128,656,390,425,13,822,969,592,811,1004,475,892,645,3,1011,533,634,923,918,248,786,663,565,958,337,298,649,610,878,193,609,625,845,74,63,24,83,48,51,75,23,107,87,112,39,39,66,31,90,69,77,52,83,36,65,32,24,112,73,108,34,82,106,44,120
[14775.760079] [AOA] Measurement: 0,1627142393.136902,08:55:31:9b:05:29,2,1,2,0,128,104,154,515,50,921,1010,502,707,972,473,271,362,561,806,980,466,923,910,664,516,98,332,900,305,306,615,141,42,222,596,114,447,69,54,21,78,43,49,69,21,101,85,108,34,38,61,29,85,65,74,46,78,33,61,30,23,106,69,107,32,80,102,43,118
[14775.804489] [AOA] Measurement: 0,1627142393.181310,08:55:31:9b:05:29,2,1,2,0,128,621,330,527,77,840,1004,574,778,991,521,909,641,91,2,505,645,467,115,166,682,722,599,969,394,335,680,149,26,638,341,140,579,77,69,27,88,51,56,78,26,110,86,115,40,42,65,31,87,74,81,54,90,39,71,32,23,112,67,101,34,75,100,45,117
[14775.848750] [AOA] Measurement: 0,1627142393.225569,08:55:31:9b:05:29,2,1,2,0,128,584,347,457,42,899,11,497,704,466,331,320,393,506,799,983,470,975,981,209,706,652,552,875,333,406,679,120,0,701,386,599,1014,76,67,26,83,50,55,76,24,106,87,112,40,42,66,31,89,73,81,53,85,38,70,33,24,113,72,108,35,82,107,45,121
[14775.892798] [AOA] Measurement: 0,1627142393.269615,08:55:31:9b:05:29,2,1,2,0,128,586,304,518,34,835,989,519,724,954,481,862,579,485,793,973,454,852,893,192,647,65,325,365,150,381,714,104,1021,171,520,746,121,73,61,23,83,47,51,72,23,107,86,114,36,38,63,29,87,69,79,49,82,35,67,31,23,112,72,109,32,80,106,44,121
[14775.944688] [AOA] Measurement: 0,1627142393.321506,08:55:31:9b:05:29,2,1,2,0,128,607,337,521,48,830,994,957,505,468,276,945,629,34,1004,587,683,423,47,221,760,646,509,834,268,340,690,502,799,722,380,146,513,90,74,31,99,58,63,90,29,125,101,132,46,49,75,36,103,82,96,64,103,45,81,37,27,128,82,124,38,93,121,55,139
[14775.995308] [AOA] Measurement: 0,1627142393.372133,08:55:31:9b:05:29,2,1,2,0,128,681,407,464,40,793,962,985,536,354,229,396,450,39,1012,982,474,458,85,159,701,621,538,872,301,311,639,101,9,192,544,383,693,70,56,20,78,44,48,69,19,99,84,105,37,38,63,30,84,64,72,48,74,36,63,30,24,106,71,105,33,79,102,42,112
[14776.039448] [AOA] Measurement: 0,1627142393.416267,08:55:31:9b:05:29,2,1,2,0,128,599,308,455,35,805,980,934,504,342,211,356,435,491,802,970,412,949,936,651,527,645,528,852,265,380,687,571,870,654,362,485,863,71,58,22,80,45,50,69,21,99,84,112,34,37,60,30,88,69,76,50,83,36,67,30,24,113,69,107,30,80,103,43,119
[14776.083367] [AOA] Measurement: 0,1627142393.460184,08:55:31:9b:05:29,2,1,2,0,128,618,326,497,34,857,1012,541,728,977,446,310,381,457,782,956,404,906,900,653,508,43,299,278,78,806,437,601,848,638,334,305,729,90,74,30,99,58,63,90,29,127,103,135,45,48,75,37,104,84,96,62,101,45,80,37,29,133,85,126,39,94,125,54,127
[14776.135419] [AOA] Measurement: 0,1627142393.512237,08:55:31:9b:05:29,2,1,2,0,128,596,303,992,891,808,973,998,552,393,257,932,617,44,978,541,640,420,92,609,493,104,331,272,86,822,467,586,886,715,390,774,84,77,65,27,84,51,54,78,25,106,85,116,39,42,64,30,82,72,80,54,90,37,68,30,21,109,65,97,32,73,98,45,114
[14776.179930] [AOA] Measurement: 0,1627142393.556748,08:55:31:9b:05:29,2,1,2,0,128,569,304,424,8,319,779,974,558,1022,517,871,618,94,2,585,686,493,101,192,751,670,538,912,332,374,685,105,5,206,566,640,57,85,72,27,97,57,60,89,27,126,102,132,43,48,77,37,103,85,95,60,102,46,81,38,28,129,85,127,40,96,123,54,129
[14776.223429] [AOA] Measurement: 0,1627142393.600253,08:55:31:9b:05:29,2,1,2,0,128,630,347,434,0,936,48,579,787,954,485,850,600,72,1001,534,663,487,115,191,735,626,531,968,362,298,648,75,14,275,605,417,706,75,66,27,85,50,55,75,24,111,86,114,39,43,65,31,89,75,82,54,89,39,69,32,24,112,70,105,32,78,103,46,119
[14776.266795] [AOA] Measurement: 0,1627142393.643617,08:55:31:9b:05:29,2,1,2,0,128,579,321,910,850,290,789,957,512,428,309,344,416,570,818,22,495,914,933,174,717,131,326,324,77,384,676,591,855,663,354,381,761,76,67,27,85,49,53,77,24,107,84,113,38,42,65,31,86,73,82,53,89,37,68,32,23,112,68,103,32,79,100,45,116
[14776.311065] [AOA] Measurement: 0,1627142393.687887,08:55:31:9b:05:29,2,1,2,0,128,561,309,515,26,889,17,501,725,967,475,922,632,93,999,983,426,931,960,670,566,76,302,280,41,810,443,644,888,199,580,896,205,74,63,25,84,47,53,73,22,106,86,112,36,41,65,31,89,69,80,52,84,37,68,32,23,109,71,105,33,80,103,45,118
[14776.351262] [AOA] Measurement: 0,1627142393.728080,08:55:31:9b:05:29,2,1,2,0,128,632,354,455,31,879,12,556,783,1002,470,903,599,111,33,480,641,871,914,627,528,105,346,860,268,388,686,204,86,184,542,856,220,77,70,28,86,51,55,77,25,108,87,113,40,42,66,32,89,72,83,54,90,39,70,32,22,114,70,104,34,79,103,44,117
[14776.404790] [AOA] Measurement: 0,1627142393.781613,08:55:31:9b:05:29,2,1,2,0,128,622,389,479,51,815,980,575,777,38,559,912,608,90,993,461,615,952,943,197,713,639,515,838,265,830,497,165,55,185,586,493,753,75,67,25,86,50,54,77,25,108,87,115,39,41,64,32,88,72,80,51,87,37,68,32,22,109,69,103,32,79,103,45,119
[14776.443613] [AOA] Measurement: 0,1627142393.820437,08:55:31:9b:05:29,2,1,2,0,128,616,344,521,74,884,1022,506,754,1002,494,300,382,550,808,991,431,466,67,154,714,689,600,840,243,365,685,104,11,259,597,54,292,77,70,28,88,51,55,77,24,109,86,115,40,42,65,32,89,72,82,54,89,38,70,32,21,111,68,104,32,77,102,45,116
[14776.485963] [AOA] Measurement: 0,1627142393.862783,08:55:31:9b:05:29,2,1,2,0,128,996,57,978,841,292,759,983,481,421,280,273,367,526,773,1018,488,951,900,613,432,47,287,288,87,787,446,598,813,713,355,224,675,76,67,27,85,49,53,77,25,108,86,114,38,42,66,32,88,74,83,53,89,37,68,32,23,112,69,105,34,79,102,46,120
[14776.531097] [AOA] Measurement: 0,1627142393.907919,08:55:31:9b:05:29,2,1,2,0,128,35,117,970,859,342,825,570,800,958,494,891,608,49,999,572,643,443,119,194,735,648,539,867,266,766,431,540,827,567,295,622,215,68,52,19,73,41,47,65,20,92,81,98,32,35,59,28,81,58,67,45,68,33,57,29,22,102,69,104,32,77,95,41,110
[14776.575229] [AOA] Measurement: 0,1627142393.952052,08:55:31:9b:05:29,2,1,2,0,128,41,135,476,6,892,1011,502,703,908,488,846,549,554,828,27,501,460,90,179,725,638,513,909,310,310,658,114,17,657,374,92,428,78,68,28,85,50,56,76,26,110,85,114,39,43,67,31,87,72,82,53,89,37,69,32,22,114,71,105,34,80,106,47,120
[14776.619066] [AOA] Measurement: 0,1627142393.995885,08:55:31:9b:05:29,2,1,2,0,128,631,352,503,39,849,955,25,566,7,521,929,667,69,7,521,638,531,156,234,720,651,563,909,319,357,701,578,830,736,424,167,584,74,64,26,86,49,55,77,25,109,90,112,39,41,67,32,89,72,80,53,87,38,68,33,24,111,73,107,34,80,105,45,119
[14776.662416] [AOA] Measurement: 0,1627142394.039235,08:55:31:9b:05:29,2,1,2,0,128,56,141,957,823,306,794,3,549,960,439,350,416,507,780,12,480,946,952,126,715,615,503,239,88,831,458,583,859,627,318,902,259,91,82,31,100,59,64,91,27,127,101,136,47,50,79,37,105,89,98,64,107,45,81,38,27,129,81,120,39,92,118,52,131
[14776.713113] [AOA] Measurement: 0,1627142394.089934,08:55:31:9b:05:29,2,1,2,0,128,627,347,499,35,943,1010,556,770,918,456,870,607,592,846,40,491,464,121,201,765,616,473,332,125,862,472,587,859,676,341,1011,371,91,77,30,101,58,64,89,29,126,104,134,45,48,77,35,107,83,94,61,100,45,80,38,28,131,85,126,40,96,122,54,141
[14776.755021] [AOA] Measurement: 0,1627142394.131846,08:55:31:9b:05:29,2,1,2,0,128,585,327,435,18,880,10,537,774,983,493,883,606,44,997,553,656,522,160,263,792,683,628,875,302,369,700,49,1006,680,346,740,49,92,79,31,99,59,64,91,29,129,103,128,45,50,78,37,102,85,98,64,106,45,81,37,26,132,82,122,40,93,124,53,134
[14776.794059] [AOA] Measurement: 0,1627142394.170882,08:55:31:9b:05:29,2,1,2,0,128,613,333,463,28,813,963,1006,571,1014,485,934,611,45,967,475,625,908,925,644,496,107,316,926,292,360,668,98,5,211,564,640,955,77,67,28,84,50,54,76,25,108,84,114,38,42,66,30,88,72,81,53,91,37,68,31,22,110,66,102,33,76,101,45,115
[14776.835759] [AOA] Measurement: 0,1627142394.212577,08:55:31:9b:05:29,2,1,2,0,128,44,160,990,840,385,816,589,785,974,508,868,581,496,760,1010,456,937,961,202,699,69,311,299,80,799,461,567,830,637,297,1016,413,75,63,24,83,49,53,76,24,106,87,112,37,40,64,31,88,70,81,51,86,37,67,32,23,112,73,108,34,82,105,46,117
[14776.880243] [AOA] Measurement: 0,1627142394.257061,08:55:31:9b:05:29,2,1,2,0,128,663,398,438,5,838,1,980,527,418,284,883,646,19,973,1001,464,897,903,185,714,655,550,884,320,334,645,114,14,214,575,544,800,83,66,26,91,54,60,85,25,123,102,130,44,47,76,38,104,80,94,60,97,44,78,38,29,131,83,125,40,97,124,52,142
[14776.924850] [AOA] Measurement: 0,1627142394.301674,08:55:31:9b:05:29,2,1,2,0,128,674,373,514,43,902,1021,515,730,906,458,286,378,563,808,949,449,965,939,631,513,25,281,324,113,879,457,535,821,722,364,861,338,74,71,29,86,53,53,78,25,108,82,115,40,42,64,30,86,75,81,53,88,35,66,29,18,108,62,93,30,67,92,40,106
[14776.970973] [AOA] Measurement: 0,1627142394.347790,08:55:31:9b:05:29,2,1,2,0,128,639,344,454,56,826,973,949,513,367,237,934,635,73,6,497,690,478,124,195,732,598,490,297,59,827,451,627,870,673,347,16,473,78,70,29,84,51,55,77,25,108,86,117,39,42,66,31,88,75,83,53,91,37,69,31,21,110,66,97,32,73,99,43,113
[14777.019296] [AOA] Measurement: 0,1627142394.396114,08:55:31:9b:05:29,2,1,2,0,128,718,416,472,19,862,1000,486,766,954,497,898,626,42,1009,548,677,431,97,219,766,680,555,863,278,315,636,655,881,295,614,32,281,74,63,25,81,48,53,74,24,105,86,111,38,41,66,31,88,72,83,54,89,38,69,32,23,111,71,105,33,80,103,45,117
[14777.070945] [AOA] Measurement: 0,1627142394.447763,08:55:31:9b:05:29,2,1,2,0,128,20,96,921,800,253,790,1018,515,363,221,370,439,507,812,966,446,445,80,105,666,675,525,315,119,799,459,619,863,716,337,254,694,85,72,27,96,55,62,88,27,125,100,128,44,47,75,35,104,80,91,59,95,43,77,37,28,128,85,125,39,97,122,52,141
[14777.121454] [AOA] Measurement: 0,1627142394.498272,08:55:31:9b:05:29,2,1,2,0,128,17,114,979,865,375,854,993,539,403,253,330,419,502,774,901,359,921,929,660,491,51,259,329,108,284,626,570,822,681,327,279,668,78,67,27,85,50,51,78,25,109,88,115,38,42,66,32,89,73,82,53,90,38,69,33,22,113,72,105,33,81,105,46,119
[14777.169407] [AOA] Measurement: 0,1627142394.546232,08:55:31:9b:05:29,2,1,2,0,128,593,354,493,44,862,1002,507,753,373,207,318,405,516,801,10,479,913,914,200,710,666,582,877,299,383,691,135,55,170,509,683,117,75,67,27,85,50,54,76,24,110,84,115,40,42,65,29,88,74,81,54,90,38,69,31,21,110,65,100,30,75,96,44,114
[14777.208394] [AOA] Measurement: 0,1627142394.585217,08:55:31:9b:05:29,2,1,2,0,128,635,367,490,32,877,7,475,735,979,466,339,448,84,1011,560,678,892,916,567,430,73,301,343,107,851,442,627,864,710,398,750,115,77,67,26,85,50,51,74,25,108,87,115,39,41,65,32,87,71,82,53,89,38,68,32,23,113,70,106,34,79,105,45,119
[14777.255628] [AOA] Measurement: 0,1627142394.632447,08:55:31:9b:05:29,2,1,2,0,128,627,337,462,7,896,0,536,752,979,477,871,597,40,980,556,674,428,86,194,757,662,525,894,332,371,701,209,84,251,620,906,119,75,60,22,82,47,51,74,23,105,87,110,37,40,64,30,87,68,78,51,83,36,67,32,25,112,72,107,34,80,103,42,116
[14777.294970] [AOA] Measurement: 0,1627142394.671794,08:55:31:9b:05:29,2,1,2,0,128,600,340,447,16,316,788,7,527,378,228,340,411,41,1018,525,662,430,100,168,692,675,562,911,326,368,707,99,12,165,540,758,63,77,67,26,87,51,55,79,25,107,88,115,39,42,67,32,89,71,81,53,87,39,68,32,23,112,72,107,33,80,103,46,119
[14777.334089] [AOA] Measurement: 0,1627142394.710913,08:55:31:9b:05:29,2,1,2,0,128,88,158,502,38,872,1010,980,520,382,234,326,445,100,985,1005,508,485,119,161,736,634,489,311,108,376,691,114,1,226,570,332,731,89,76,29,99,59,64,92,30,129,105,135,46,47,77,38,105,84,98,64,106,44,81,37,27,128,83,124,39,95,123,55,135
[14777.381666] [AOA] Measurement: 0,1627142394.758484,08:55:31:9b:05:29,2,1,2,0,128,539,309,511,36,905,9,518,754,958,455,867,614,77,12,606,724,471,107,141,677,737,562,946,328,326,656,584,831,176,545,88,356,73,57,23,80,46,50,72,22,101,83,108,37,38,64,30,87,69,78,51,81,36,66,32,25,111,73,108,33,82,106,45,120
[14777.428902] [AOA] Measurement: 0,1627142394.805722,08:55:31:9b:05:29,2,1,2,0,128,584,306,914,832,307,804,1016,559,349,228,890,625,105,8,567,676,423,63,633,515,669,571,347,107,791,460,111,41,259,591,104,371,76,69,27,86,51,55,77,25,110,85,113,40,41,65,31,89,72,83,53,89,38,68,32,23,112,70,103,33,76,103,44,120
[14777.472733] [AOA] Measurement: 0,1627142394.849551,08:55:31:9b:05:29,2,1,2,0,128,990,88,930,838,254,779,10,541,466,307,848,571,566,835,513,658,874,893,638,490,94,287,308,103,838,437,560,816,217,575,572,889,77,67,27,86,50,54,76,25,110,85,116,39,42,65,31,87,73,82,54,90,38,68,32,22,111,70,104,33,77,104,44,116
[14777.523652] [AOA] Measurement: 0,1627142394.900470,08:55:31:9b:05:29,2,1,2,0,128,5,79,966,851,339,835,25,562,408,270,328,403,563,829,526,649,448,91,232,764,634,516,826,248,404,724,153,57,244,599,515,917,76,65,27,86,51,54,77,25,105,87,113,38,40,64,31,88,70,78,52,89,37,68,31,23,111,68,103,32,79,102,46,119
[14777.566703] [AOA] Measurement: 0,1627142394.943521,08:55:31:9b:05:29,2,1,2,0,128,544,294,498,37,856,993,521,741,987,505,927,626,520,814,575,647,481,127,154,685,634,526,823,258,361,644,600,849,709,407,55,518,74,60,23,83,48,53,74,24,104,89,111,38,40,66,33,90,71,78,53,85,37,68,32,24,111,70,106,34,81,106,45,118
[14777.610377] [AOA] Measurement: 0,1627142394.987200,08:55:31:9b:05:29,2,1,2,0,128,74,128,943,862,330,821,938,492,298,167,339,418,571,824,996,504,903,922,190,712,26,281,265,19,796,425,610,840,684,348,380,838,77,66,26,84,51,55,75,26,108,86,115,40,42,67,31,88,73,83,54,89,37,69,32,21,112,69,104,33,78,103,46,118
[14777.659671] [AOA] Measurement: 0,1627142395.036489,08:55:31:9b:05:29,2,1,2,0,128,20,106,983,892,351,820,1000,537,408,267,340,381,499,784,985,444,975,954,617,500,692,582,903,357,264,618,600,823,667,357,643,30,75,64,25,83,48,54,74,24,108,86,114,38,41,66,32,89,71,80,51,87,38,69,32,22,112,71,107,33,77,102,43,120
[14777.703940] [AOA] Measurement: 0,1627142395.080758,08:55:31:9b:05:29,2,1,2,0,128,621,322,509,43,849,983,539,721,420,286,306,402,534,807,1004,471,504,134,169,684,601,498,875,281,340,667,578,859,192,537,236,630,77,71,29,85,53,56,77,25,111,86,117,39,42,67,31,88,73,82,54,92,38,69,31,22,112,68,102,34,78,102,46,119
[14777.751931] [AOA] Measurement: 0,1627142395.128756,08:55:31:9b:05:29,2,1,2,0,128,608,336,501,45,246,791,529,718,955,474,345,420,549,852,586,701,474,152,182,680,54,376,910,357,374,649,583,851,658,312,847,240,72,60,22,80,45,50,71,22,103,84,111,35,38,63,29,87,67,76,49,81,35,66,30,23,111,71,108,33,79,103,44,120
[14777.801890] [AOA] Measurement: 0,1627142395.178709,08:55:31:9b:05:29,2,1,2,0,128,15,90,486,55,865,1020,549,747,928,431,948,639,72,15,600,720,471,101,167,692,643,532,856,287,376,698,145,22,193,607,533,853,77,64,25,85,49,53,75,24,107,88,111,38,41,66,32,89,70,79,53,85,37,69,33,24,109,71,106,35,80,106,46,119
[14777.854576] [AOA] Measurement: 0,1627142395.231400,08:55:31:9b:05:29,2,1,2,0,128,15,84,975,850,321,835,3,548,961,487,294,386,545,789,988,411,908,917,625,491,42,291,361,116,835,483,587,845,662,332,615,51,78,69,26,86,51,54,77,25,110,86,114,39,41,65,31,88,73,80,53,89,38,67,32,23,112,68,103,33,76,102,45,117
[14777.898551] [AOA] Measurement: 0,1627142395.275373,08:55:31:9b:05:29,2,1,2,0,128,621,353,449,43,805,1001,520,732,371,245,275,379,475,793,1007,481,918,903,653,525,37,269,332,77,794,460,593,850,680,366,369,761,77,68,27,86,50,53,77,24,109,88,113,39,40,65,31,87,74,83,54,88,38,69,32,23,111,71,105,34,79,103,47,120
[14777.945696] [AOA] Measurement: 0,1627142395.322516,08:55:31:9b:05:29,2,1,2,0,128,623,352,516,63,868,1005,972,514,962,454,899,582,643,874,497,678,471,113,124,684,706,543,841,242,366,702,110,41,309,639,519,750,76,66,24,83,48,53,76,24,109,88,114,39,43,66,31,90,72,82,51,88,38,69,33,25,113,72,105,33,80,104,45,121
[14777.990455] [AOA] Measurement: 0,1627142395.367280,08:55:31:9b:05:29,2,1,2,0,128,86,182,487,23,319,841,979,536,972,500,872,596,36,993,569,649,929,957,152,722,82,339,274,94,862,505,614,840,692,377,409,798,74,62,23,81,48,52,74,23,105,88,114,38,40,66,31,89,69,79,52,85,38,68,32,24,111,72,106,33,79,102,44,118
[14778.035564] [AOA] Measurement: 0,1627142395.412388,08:55:31:9b:05:29,2,1,2,0,128,586,343,475,54,896,1021,515,719,979,482,903,641,47,995,494,623,925,920,646,548,63,330,300,79,861,509,60,1018,693,363,812,188,75,65,26,81,48,51,76,25,109,83,115,37,41,63,29,85,72,79,51,90,35,67,30,20,109,65,98,30,73,99,41,117
[14778.079142] [AOA] Measurement: 0,1627142395.455966,08:55:31:9b:05:29,2,1,2,0,128,665,383,515,38,874,1008,528,739,933,460,903,654,58,992,512,663,447,105,232,786,676,601,923,322,397,738,165,55,184,567,461,718,75,60,24,82,48,53,75,24,107,86,113,38,41,64,30,87,70,78,52,87,38,67,33,23,112,71,106,32,79,105,45,118
[14778.118393] [AOA] Measurement: 0,1627142395.495211,08:55:31:9b:05:29,2,1,2,0,128,1004,70,957,848,314,827,969,509,359,197,345,388,496,807,8,456,880,927,675,529,639,482,814,246,814,450,599,850,672,334,881,430,79,70,30,86,53,54,79,26,110,85,113,40,43,65,30,85,73,83,53,90,38,69,31,20,111,65,100,32,75,102,44,116
[14778.166839] [AOA] Measurement: 0,1627142395.543663,08:55:31:9b:05:29,2,1,2,0,128,8,99,975,830,348,803,9,532,465,301,930,620,17,4,529,657,449,91,145,667,135,325,294,78,354,611,517,773,663,321,51,592,76,68,26,87,51,54,77,25,108,83,111,37,41,64,30,84,71,81,52,86,37,69,31,22,111,67,99,33,75,100,43,112
[14778.213459] [AOA] Measurement: 0,1627142395.590277,08:55:31:9b:05:29,2,1,2,0,128,618,333,494,48,818,989,536,713,952,475,858,621,63,1020,470,614,896,913,576,492,42,278,300,62,886,530,584,843,604,338,725,68,87,74,28,99,56,63,88,28,125,103,128,43,48,77,35,103,81,93,60,100,44,81,38,27,131,85,128,39,96,125,53,140
[14778.258706] [AOA] Measurement: 0,1627142395.635530,08:55:31:9b:05:29,2,1,2,0,128,31,133,459,10,352,832,1000,552,342,232,923,663,61,1012,547,675,456,90,545,412,138,346,367,86,868,512,592,848,651,357,391,822,76,66,26,84,49,54,77,25,107,83,114,39,41,65,30,86,71,81,51,90,37,66,33,22,113,70,104,33,78,103,45,119
[14778.303334] [AOA] Measurement: 0,1627142395.680155,08:55:31:9b:05:29,2,1,2,0,128,633,363,455,26,330,808,930,493,430,262,881,586,504,810,1012,444,934,952,606,480,140,367,894,300,322,643,198,65,289,657,758,58,76,68,29,84,53,54,77,26,110,81,115,40,43,65,30,87,74,81,53,90,37,68,31,21,111,64,97,30,70,96,43,109
[14778.354018] [AOA] Measurement: 0,1627142395.730836,08:55:31:9b:05:29,2,1,2,0,128,600,324,440,8,813,998,1010,530,373,262,359,431,560,861,514,616,466,104,209,741,696,559,899,339,338,682,108,21,181,531,948,219,76,65,26,83,49,53,74,24,107,87,114,41,42,66,32,88,73,82,54,89,37,65,31,20,110,66,101,31,73,99,42,111
[14778.404556] [AOA] Measurement: 0,1627142395.781374,08:55:31:9b:05:29,2,1,2,0,128,600,350,484,36,904,12,553,790,924,482,891,617,75,34,486,672,443,95,135,677,632,520,912,283,348,658,122,35,282,655,525,775,74,63,24,82,48,53,76,24,106,88,113,36,42,66,31,87,72,80,53,84,38,67,30,23,112,71,105,34,79,102,44,117
[14778.452663] [AOA] Measurement: 0,1627142395.829483,08:55:31:9b:05:29,2,1,2,0,128,32,137,418,983,318,814,1021,550,397,289,849,575,46,994,512,600,919,905,621,513,29,283,272,40,814,488,572,841,640,337,383,788,72,59,21,80,44,50,72,22,101,87,106,36,38,63,31,85,65,76,50,76,35,64,31,23,106,72,107,33,79,99,43,116
[14778.501428] [AOA] Measurement: 0,1627142395.878252,08:55:31:9b:05:29,2,1,2,0,128,566,284,510,29,822,959,500,702,348,169,314,401,542,822,1022,486,888,894,682,531,43,252,314,107,866,480,564,873,225,592,662,985,88,78,30,95,60,64,89,30,128,101,134,45,50,78,37,103,86,97,62,107,46,81,38,25,128,79,115,37,87,121,53,128
[14778.545999] [AOA] Measurement: 0,1627142395.922823,08:55:31:9b:05:29,2,1,2,0,128,537,307,485,41,853,987,566,744,14,527,918,649,103,10,627,742,564,166,204,738,684,580,982,360,404,713,106,1014,223,569,673,944,77,71,29,87,53,56,79,26,110,84,111,38,41,66,31,88,74,82,53,90,39,67,32,21,110,68,100,33,74,102,45,116
[14778.593247] [AOA] Measurement: 0,1627142395.970065,08:55:31:9b:05:29,2,1,2,0,128,570,329,500,71,801,973,471,711,394,248,868,606,75,19,531,660,466,113,164,692,711,585,803,269,819,492,182,33,233,568,284,543,72,61,24,83,49,52,75,23,106,83,114,38,40,62,30,85,69,79,50,88,35,66,30,21,112,65,100,31,75,101,44,119
[14778.636522] [AOA] Measurement: 0,1627142396.013340,08:55:31:9b:05:29,2,1,2,0,128,556,305,862,781,318,800,1003,503,458,286,292,357,607,865,566,730,414,94,92,654,42,265,294,104,818,439,544,808,669,364,870,282,75,65,26,85,49,53,77,24,107,84,114,39,41,65,31,86,71,79,52,87,35,66,30,21,111,67,100,32,72,97,45,111
[14778.680881] [AOA] Measurement: 0,1627142396.057701,08:55:31:9b:05:29,2,1,2,0,128,45,100,988,863,341,805,0,543,447,316,909,620,43,1003,515,634,939,920,646,512,124,323,873,303,340,668,133,28,670,348,1005,495,73,59,21,80,43,50,71,21,98,87,105,35,38,64,30,86,64,75,48,73,36,63,31,24,104,71,106,32,80,101,43,116
[14778.724103] [AOA] Measurement: 0,1627142396.100928,08:55:31:9b:05:29,2,1,2,0,128,587,324,454,20,363,812,577,728,945,452,938,616,78,1000,517,655,479,103,145,723,660,520,902,310,388,742,178,74,291,620,497,776,77,67,26,85,51,53,79,25,109,88,114,39,42,67,32,89,73,80,53,88,36,70,33,23,112,69,103,33,81,104,46,119
[14778.767720] [AOA] Measurement: 0,1627142396.144544,08:55:31:9b:05:29,2,1,2,0,128,83,143,939,867,833,995,515,723,986,510,990,688,78,15,520,641,455,98,130,683,603,482,930,312,735,411,583,863,685,354,3,401,76,67,28,85,51,55,76,25,110,85,114,40,42,67,31,89,74,82,53,90,37,67,31,23,112,68,104,33,80,103,45,118
[14778.811387] [AOA] Measurement: 0,1627142396.188209,08:55:31:9b:05:29,2,1,2,0,128,605,314,559,84,847,1007,588,780,985,506,982,694,80,11,568,713,510,105,147,707,725,599,920,337,343,650,617,853,221,581,484,762,75,66,24,83,49,53,76,25,106,87,111,38,41,65,31,88,68,77,52,83,36,66,33,23,111,73,107,33,82,103,44,118
[14778.851680] [AOA] Measurement: 0,1627142396.228498,08:55:31:9b:05:29,2,1,2,0,128,76,144,489,30,844,993,534,746,990,478,876,579,27,979,959,393,944,935,583,462,165,384,904,321,345,671,128,21,181,505,40,462,74,64,23,80,47,52,74,23,105,86,111,38,41,66,32,88,70,80,52,85,36,67,32,24,108,71,107,33,79,105,45,118
[14778.905458] [AOA] Measurement: 0,1627142396.282276,08:55:31:9b:05:29,2,1,2,0,128,592,367,514,33,858,1017,565,756,971,491,955,642,163,35,477,665,494,141,176,690,658,523,331,127,350,702,122,25,242,574,598,813,77,69,28,84,51,52,78,25,110,84,116,41,42,66,30,83,70,78,51,89,37,66,31,21,108,63,96,31,70,96,42,109
[14778.944094] [AOA] Measurement: 0,1627142396.320919,08:55:31:9b:05:29,2,1,2,0,128,27,105,549,81,853,1018,516,723,973,471,912,611,541,806,994,457,875,895,631,471,97,315,295,93,882,508,92,1020,204,520,774,120,74,62,23,83,48,53,74,24,108,85,115,37,40,63,30,89,71,80,51,88,35,69,31,22,115,68,106,30,79,104,44,119
[14778.983342] [AOA] Measurement: 0,1627142396.360165,08:55:31:9b:05:29,2,1,2,0,128,620,330,464,12,853,988,467,710,960,456,926,661,47,1002,597,663,483,96,196,764,689,604,810,234,362,691,111,36,225,577,348,720,76,62,25,84,49,54,75,23,106,88,110,38,40,65,31,90,72,82,54,85,37,67,32,23,112,71,107,33,80,105,45,120
[14779.023152] [AOA] Measurement: 0,1627142396.399974,08:55:31:9b:05:29,2,1,2,0,128,630,337,460,22,302,813,966,502,380,242,348,409,497,806,18,516,460,105,116,659,685,520,294,71,873,506,553,820,631,315,863,326,70,56,19,77,45,49,70,22,99,84,106,35,38,62,30,85,65,75,47,81,36,66,31,24,108,70,106,31,80,101,44,116
[14779.070769] [AOA] Measurement: 0,1627142396.447589,08:55:31:9b:05:29,2,1,2,0,128,11,110,1011,889,363,813,968,515,377,250,304,374,536,803,939,394,977,951,643,490,111,296,355,115,873,461,597,850,654,351,157,588,89,77,30,98,61,64,91,29,125,101,129,46,50,77,36,104,88,98,63,104,44,80,36,27,131,79,120,36,91,122,52,129
[14779.117054] [AOA] Measurement: 0,1627142396.493878,08:55:31:9b:05:29,2,1,2,0,128,49,110,481,1022,319,788,1022,568,420,275,345,388,515,802,525,653,910,921,209,730,627,517,818,266,376,706,114,19,164,510,86,443,76,68,26,83,49,53,77,23,110,85,120,38,40,63,29,85,71,78,50,86,37,66,29,21,113,65,104,32,76,103,44,119
[14779.161818] [AOA] Measurement: 0,1627142396.538641,08:55:31:9b:05:29,2,1,2,0,128,614,294,482,1,300,755,526,712,428,278,946,646,78,1015,539,686,512,136,232,764,644,529,927,332,318,633,152,35,234,579,510,792,75,63,25,84,49,53,76,24,107,87,113,38,40,65,31,86,70,80,52,86,37,68,31,22,110,72,106,34,80,103,45,121
[14779.212652] [AOA] Measurement: 0,1627142396.589477,08:55:31:9b:05:29,2,1,2,0,128,103,157,511,90,821,990,9,575,918,417,860,585,105,22,445,597,881,867,650,473,114,371,283,80,843,463,627,868,225,568,903,229,76,67,26,86,51,54,76,25,108,87,116,39,41,66,32,89,69,81,53,88,38,69,32,23,110,72,107,33,80,104,45,122
[14779.256506] [AOA] Measurement: 0,1627142396.633331,08:55:31:9b:05:29,2,1,2,0,128,84,137,993,881,292,771,1002,526,395,240,329,432,525,815,994,449,947,936,630,504,620,521,885,303,399,675,147,59,239,564,700,3,75,64,25,83,49,52,77,24,106,86,116,39,43,67,32,89,73,84,54,88,37,68,31,21,112,70,104,32,78,103,45,119
[14779.304136] [AOA] Measurement: 0,1627142396.680954,08:55:31:9b:05:29,2,1,2,0,128,641,372,502,53,899,1013,489,732,393,220,372,432,34,990,553,687,451,76,243,746,595,502,864,282,800,447,629,874,623,313,416,832,72,60,23,82,46,51,72,22,103,84,112,35,38,62,31,87,67,77,49,82,34,64,30,23,112,70,107,31,79,103,43,120
[14779.351341] [AOA] Measurement: 0,1627142396.728163,08:55:31:9b:05:29,2,1,2,0,128,78,126,995,877,278,782,17,589,408,299,930,648,61,972,530,661,964,952,120,653,113,336,381,165,411,718,94,4,709,386,67,461,73,58,21,80,45,52,71,22,102,86,107,35,40,64,30,87,68,78,51,83,36,67,31,25,110,72,108,34,82,103,46,119
[14779.394274] [AOA] Measurement: 0,1627142396.771099,08:55:31:9b:05:29,2,1,2,0,128,667,389,975,860,276,753,975,522,439,273,302,387,524,790,956,397,930,920,663,524,101,327,331,81,835,468,557,827,730,402,670,132,75,70,30,85,51,53,77,25,109,84,114,39,43,64,30,83,72,78,53,91,36,68,31,20,108,61,92,30,69,97,43,107
[14779.440266] [AOA] Measurement: 0,1627142396.817090,08:55:31:9b:05:29,2,1,2,0,128,627,353,457,27,879,1013,532,771,896,433,344,422,559,836,7,498,902,918,216,734,649,522,868,273,856,488,583,845,258,555,835,125,74,63,24,84,49,52,76,22,107,86,110,38,38,63,30,90,71,79,52,85,37,68,33,23,109,71,108,33,81,103,45,116
[14779.484426] [AOA] Measurement: 0,1627142396.861248,08:55:31:9b:05:29,2,1,2,0,128,153,190,457,1023,348,819,553,706,994,500,885,634,535,804,494,631,880,925,554,481,116,300,346,120,383,717,129,43,629,337,202,665,77,68,28,85,51,53,73,25,107,79,113,38,41,62,29,83,72,80,52,90,37,66,29,20,105,61,92,31,67,91,40,106
[14779.528644] [AOA] Measurement: 0,1627142396.905469,08:55:31:9b:05:29,2,1,2,0,128,1,92,995,904,861,1012,509,722,477,381,895,588,102,28,458,604,448,89,629,501,626,510,860,289,783,414,198,93,246,596,592,913,74,65,24,85,49,54,78,25,108,90,115,38,43,67,32,89,73,82,55,89,37,70,32,22,113,71,107,33,79,103,45,115
[14779.579223] [AOA] Measurement: 0,1627142396.956042,08:55:31:9b:05:29,2,1,2,0,128,5,93,917,824,340,818,582,786,916,454,337,413,541,810,991,488,463,128,128,679,98,296,296,78,859,474,588,867,683,350,82,382,90,79,31,99,58,63,90,29,126,99,133,46,50,77,37,101,85,94,61,102,44,79,37,26,132,82,125,39,93,122,53,133
[14779.623865] [AOA] Measurement: 0,1627142397.000690,08:55:31:9b:05:29,2,1,2,0,128,40,161,495,61,286,789,1017,577,935,453,998,693,86,1004,529,629,487,126,189,733,636,499,314,113,384,675,62,1021,675,357,512,886,77,68,26,85,51,53,75,23,110,86,117,39,41,64,30,87,71,81,52,89,37,66,31,21,111,68,106,32,78,103,45,123
[14779.668700] [AOA] Measurement: 0,1627142397.045520,08:55:31:9b:05:29,2,1,2,0,128,599,327,505,51,919,32,510,747,949,479,949,638,34,981,935,407,1015,1010,212,773,684,538,853,268,384,671,132,72,205,572,1011,258,76,65,26,84,49,55,79,24,107,88,114,38,41,67,31,86,72,79,55,88,39,69,33,24,111,72,106,33,80,104,45,115
[14779.712123] [AOA] Measurement: 0,1627142397.088947,08:55:31:9b:05:29,2,1,2,0,128,51,156,501,75,828,983,481,710,436,325,960,648,44,1008,529,668,459,92,151,646,56,247,301,43,783,431,656,871,247,599,717,26,78,74,30,83,51,54,75,26,108,80,116,39,42,63,30,83,74,81,52,89,36,67,32,20,107,63,94,31,70,95,43,108
[14779.750600] [AOA] Measurement: 0,1627142397.127426,08:55:31:9b:05:29,2,1,2,0,128,645,341,523,72,847,990,589,809,947,495,884,639,100,17,545,662,458,72,186,733,645,572,324,63,857,521,181,81,254,574,590,904,75,63,24,83,49,53,76,24,107,86,113,38,41,64,31,88,70,81,52,87,37,68,31,24,113,71,106,33,81,103,45,118
[14779.795090] [AOA] Measurement: 0,1627142397.171914,08:55:31:9b:05:29,2,1,2,0,128,30,109,965,825,278,798,14,542,365,245,342,408,511,777,922,400,933,945,636,505,668,525,863,277,374,690,38,1016,573,280,429,18,78,64,27,85,50,53,76,24,110,88,114,39,42,67,33,89,71,80,53,84,37,67,32,24,114,71,106,34,80,106,44,118
[14779.852942] [AOA] Measurement: 0,1627142397.229767,08:55:31:9b:05:29,2,1,2,0,128,54,102,923,840,317,798,900,465,388,257,337,432,520,795,16,507,941,957,150,662,110,342,243,32,799,486,588,849,627,265,202,657,69,56,22,78,45,49,73,21,100,85,105,36,38,63,29,86,66,76,49,81,34,64,30,23,110,72,105,32,81,100,43,117
[14779.897300] [AOA] Measurement: 0,1627142397.274125,08:55:31:9b:05:29,2,1,2,0,128,76,131,958,854,300,791,971,490,314,159,273,311,547,811,42,472,947,929,690,495,104,277,314,81,820,453,564,840,241,609,487,848,74,69,28,85,51,53,76,25,109,81,110,37,40,63,29,82,71,81,52,89,37,64,30,20,107,61,89,30,68,94,41,107
[14779.942072] [AOA] Measurement: 0,1627142397.318897,08:55:31:9b:05:29,2,1,2,0,128,552,292,493,53,874,1023,583,800,910,437,908,645,120,30,593,732,469,94,238,743,654,545,907,312,374,654,195,97,289,645,964,57,92,82,34,101,61,64,93,30,132,102,130,48,51,78,37,107,87,99,64,106,45,83,39,26,132,81,123,39,93,121,53,127
[14779.988961] [AOA] Measurement: 0,1627142397.365755,08:55:31:9b:05:29,2,1,2,0,128,569,335,500,71,888,14,473,739,1005,490,959,677,128,36,563,697,527,140,173,720,572,493,851,291,424,736,175,84,253,616,487,712,75,64,23,83,46,52,72,22,103,85,111,36,39,64,31,88,69,81,52,86,38,67,32,23,113,71,108,34,79,103,45,117
[14780.043771] [AOA] Measurement: 0,1627142397.420595,08:55:31:9b:05:29,2,1,2,0,128,34,110,973,864,250,774,1002,508,358,206,367,440,522,833,3,496,453,63,606,480,33,248,331,76,841,486,639,873,149,512,423,905,74,67,26,87,50,54,76,24,110,87,115,38,41,66,31,89,72,82,53,89,36,69,33,21,111,67,103,31,76,99,44,118
[14780.091119] [AOA] Measurement: 0,1627142397.467936,08:55:31:9b:05:29,2,1,2,0,128,639,369,480,24,294,832,969,557,914,412,385,467,511,786,988,447,962,938,676,532,614,480,920,310,405,726,148,68,147,542,222,727,77,63,26,85,49,54,72,24,107,87,114,38,39,66,32,87,72,80,51,87,38,67,31,23,113,69,102,33,77,103,44,115
[14780.139359] [AOA] Measurement: 0,1627142397.516183,08:55:31:9b:05:29,2,1,2,0,128,998,81,915,880,292,766,974,516,433,298,883,607,485,770,1018,461,435,79,147,708,623,505,313,54,873,483,631,896,661,352,905,344,77,66,26,84,51,54,78,24,109,87,115,40,42,67,32,88,72,81,53,88,38,69,33,23,112,72,106,33,81,105,46,119
[14780.178390] [AOA] Measurement: 0,1627142397.555212,08:55:31:9b:05:29,2,1,2,0,128,574,306,479,22,789,966,537,764,943,468,885,584,77,1007,555,656,474,81,248,770,706,566,883,311,276,639,147,45,245,638,125,412,75,63,25,83,49,52,74,22,108,87,115,39,42,66,31,90,72,81,55,89,35,66,32,24,111,70,106,33,78,104,45,118
[14780.224581] [AOA] Measurement: 0,1627142397.601398,08:55:31:9b:05:29,2,1,2,0,128,80,155,955,856,240,752,68,603,366,214,315,392,530,789,1001,450,463,106,145,681,132,358,338,119,384,687,148,69,202,562,480,773,78,68,27,86,51,55,76,25,108,86,112,36,43,66,31,89,75,83,54,90,39,70,33,22,113,69,105,33,78,104,44,118
[14780.278564] [AOA] Measurement: 0,1627142397.655382,08:55:31:9b:05:29,2,1,2,0,128,597,359,448,20,870,970,545,748,987,514,881,625,23,985,632,734,511,139,164,710,724,631,915,362,354,712,114,25,191,566,988,229,71,57,19,79,44,51,72,21,103,85,107,36,39,63,31,86,68,77,51,80,37,64,32,23,110,72,108,33,80,104,45,118
[14780.322420] [AOA] Measurement: 0,1627142397.699238,08:55:31:9b:05:29,2,1,2,0,128,617,377,501,6,819,948,947,507,431,255,291,377,584,830,949,449,894,896,646,512,51,280,360,119,408,714,611,845,237,620,748,128,72,60,22,79,45,51,70,22,102,86,110,37,39,63,31,89,69,78,50,83,36,66,32,24,106,69,107,32,81,104,45,119
[14780.375292] [AOA] Measurement: 0,1627142397.752110,08:55:31:9b:05:29,2,1,2,0,128,631,374,480,14,824,995,494,736,405,254,919,608,473,791,3,500,483,128,150,723,667,500,863,305,319,635,178,110,183,550,881,104,74,63,24,83,49,52,76,24,107,87,113,37,39,66,31,88,69,79,52,83,37,67,32,24,113,73,110,34,82,104,44,121
[14780.420437] [AOA] Measurement: 0,1627142397.797262,08:55:31:9b:05:29,2,1,2,0,128,20,89,940,828,318,806,952,503,361,221,377,372,542,778,974,437,506,147,179,733,44,261,323,105,888,518,573,835,708,392,844,219,73,60,23,81,46,52,72,23,102,85,106,36,39,64,31,88,67,76,51,81,36,65,32,24,108,73,108,33,81,102,45,120
[14780.464888] [AOA] Measurement: 0,1627142397.841712,08:55:31:9b:05:29,2,1,2,0,128,563,307,975,853,314,784,1006,528,962,444,319,414,512,841,504,658,486,117,184,715,649,512,848,260,352,626,129,1022,638,393,636,20,76,62,25,83,48,54,74,24,106,88,109,38,41,66,31,87,69,79,53,84,37,68,32,22,110,72,107,32,83,104,46,119
[14780.519172] [AOA] Measurement: 0,1627142397.895989,08:55:31:9b:05:29,2,1,2,0,128,38,130,946,838,336,836,986,526,398,220,322,419,478,776,984,420,888,896,639,465,106,329,873,278,401,668,615,880,683,343,352,784,75,65,26,84,49,51,75,23,106,85,111,37,40,66,31,90,71,79,52,84,37,67,32,24,109,71,108,34,81,106,45,118
[14780.562431] [AOA] Measurement: 0,1627142397.939249,08:55:31:9b:05:29,2,1,2,0,128,642,368,516,59,879,10,463,701,1015,495,931,638,59,970,611,739,504,128,207,755,601,537,939,371,347,647,565,837,210,560,491,835,75,68,27,81,50,52,76,25,110,81,115,37,40,62,29,84,71,81,51,89,36,66,30,20,109,66,99,31,73,98,42,117
[14780.608716] [AOA] Measurement: 0,1627142397.985539,08:55:31:9b:05:29,2,1,2,0,128,630,351,441,46,851,971,541,752,949,498,992,684,85,9,523,617,448,109,167,714,681,561,856,267,448,745,164,48,254,576,395,662,75,66,25,85,48,52,76,25,109,86,114,40,42,66,31,89,72,81,53,88,38,67,32,23,115,71,106,34,79,105,45,118
[14780.653413] [AOA] Measurement: 0,1627142398.030236,08:55:31:9b:05:29,2,1,2,0,128,61,130,486,4,301,812,976,551,377,245,340,404,611,888,496,629,987,947,251,770,639,526,840,259,791,425,606,834,672,352,670,125,76,62,24,83,46,53,74,23,106,89,111,37,40,65,31,87,68,79,51,84,37,67,31,23,109,70,107,33,81,105,45,116
[14780.696468] [AOA] Measurement: 0,1627142398.073287,08:55:31:9b:05:29,2,1,2,0,128,616,304,544,89,882,1018,546,744,1000,513,919,635,76,1010,516,649,460,87,205,730,760,652,1004,390,398,707,125,28,299,630,781,969,74,67,25,82,50,54,77,24,106,85,115,39,41,66,30,85,73,81,52,88,38,69,31,22,108,67,99,31,74,101,45,113
[14780.751401] [AOA] Measurement: 0,1627142398.128219,08:55:31:9b:05:29,2,1,2,0,128,584,304,501,62,843,996,547,746,924,439,952,653,60,13,517,665,475,152,140,690,47,294,880,257,816,466,593,875,258,576,455,716,91,80,34,100,59,65,91,31,127,102,136,46,48,73,36,98,85,96,62,106,44,79,35,24,127,76,113,37,83,114,50,133
[14780.797951] [AOA] Measurement: 0,1627142398.174776,08:55:31:9b:05:29,2,1,2,0,128,620,371,516,54,834,987,950,515,366,220,313,399,545,801,45,554,467,114,604,500,78,302,362,169,349,678,579,840,700,397,837,171,78,67,26,85,50,53,78,24,112,86,118,37,40,66,31,88,71,80,51,87,36,67,31,22,113,70,107,33,79,103,45,121
[14780.842539] [AOA] Measurement: 0,1627142398.219364,08:55:31:9b:05:29,2,1,2,0,128,64,147,518,37,289,786,965,510,370,242,392,461,160,62,572,699,424,81,187,749,611,496,258,23,789,459,614,849,664,330,205,657,88,79,32,102,59,64,90,30,129,102,133,46,47,78,35,102,88,97,62,106,45,81,37,27,128,79,114,37,87,118,51,137
[14780.893221] [AOA] Measurement: 0,1627142398.270039,08:55:31:9b:05:29,2,1,2,0,128,39,114,479,40,895,10,491,725,983,526,946,649,90,41,462,615,463,100,156,702,652,522,336,88,801,468,527,814,656,322,424,867,75,65,24,84,49,54,76,24,106,86,111,39,41,65,31,87,70,80,53,88,37,69,32,22,111,70,105,31,78,104,46,118
[14780.943679] [AOA] Measurement: 0,1627142398.320497,08:55:31:9b:05:29,2,1,2,0,128,629,338,459,10,825,969,437,721,935,424,946,646,101,32,581,713,477,115,162,738,643,540,861,275,380,686,114,13,151,527,450,864,74,59,22,80,46,50,71,23,101,84,110,37,39,65,31,85,69,79,51,85,38,67,33,23,111,73,106,33,80,103,45,119
[14780.982551] [AOA] Measurement: 0,1627142398.359375,08:55:31:9b:05:29,2,1,2,0,128,3,122,969,884,284,795,504,726,931,455,944,658,42,999,503,662,469,142,160,699,684,557,867,283,377,709,154,1022,167,570,485,962,69,53,19,76,42,50,69,20,101,85,113,35,37,60,30,85,65,76,48,80,34,64,27,22,110,68,102,30,77,98,42,118
[14781.027140] [AOA] Measurement: 0,1627142398.403964,08:55:31:9b:05:29,2,1,2,0,128,46,160,943,858,273,771,994,500,413,277,913,617,572,838,545,664,426,70,171,688,646,530,841,266,367,643,167,83,206,587,271,587,76,66,25,86,49,54,75,23,108,87,112,37,41,65,31,86,71,81,53,88,38,68,32,23,112,71,107,34,80,105,46,120
[14781.071531] [AOA] Measurement: 0,1627142398.448351,08:55:31:9b:05:29,2,1,2,0,128,656,349,447,1007,292,831,951,518,387,234,353,455,94,41,469,601,489,158,218,774,658,536,950,351,358,672,190,91,178,537,113,469,73,61,24,82,48,52,75,22,109,86,114,37,40,62,29,84,69,79,51,85,35,66,29,21,110,66,103,31,73,101,44,118
[14781.120854] [AOA] Measurement: 0,1627142398.497680,08:55:31:9b:05:29,2,1,2,0,128,580,353,447,4,887,3,505,781,967,496,911,601,562,834,970,420,980,963,632,532,623,542,288,41,825,444,610,873,268,596,334,680,69,54,21,76,44,49,70,20,101,84,107,35,38,60,29,85,67,77,49,82,34,64,29,22,110,68,108,32,81,104,43,118
[14781.164851] [AOA] Measurement: 0,1627142398.541676,08:55:31:9b:05:29,2,1,2,0,128,85,139,912,844,302,792,10,554,374,222,355,446,544,829,925,387,867,917,673,535,113,335,907,317,350,656,604,884,252,584,323,707,78,68,28,86,51,55,76,25,110,84,118,39,42,65,30,88,74,83,54,90,37,68,31,22,111,66,98,32,71,98,42,111
[14781.208861] [AOA] Measurement: 0,1627142398.585683,08:55:31:9b:05:29,2,1,2,0,128,54,122,933,849,307,834,529,736,1012,520,892,627,49,12,471,602,913,891,677,516,731,569,819,256,769,405,616,869,243,570,864,255,75,63,24,85,48,52,77,24,107,88,114,37,41,66,32,87,71,80,53,84,37,70,33,24,112,73,108,34,81,103,46,119
[14781.250793] [AOA] Measurement: 0,1627142398.627614,08:55:31:9b:05:29,2,1,2,0,128,551,318,470,56,866,960,552,778,993,509,903,659,104,13,536,657,539,144,169,703,698,586,904,293,367,675,166,58,173,557,288,596,77,65,26,86,49,53,75,25,107,88,114,39,42,67,32,90,74,81,53,88,38,70,33,24,114,73,107,33,81,104,46,119
[14781.301350] [AOA] Measurement: 0,1627142398.678169,08:55:31:9b:05:29,2,1,2,0,128,33,104,963,864,255,795,13,558,417,222,926,618,487,768,1014,465,908,925,604,454,49,268,280,56,840,464,598,861,661,368,643,47,90,83,33,100,62,63,89,29,128,101,131,48,51,79,36,101,86,96,64,107,44,79,36,25,129,78,118,38,90,117,52,127
[14781.352011] [AOA] Measurement: 0,1627142398.728832,08:55:31:9b:05:29,2,1,2,0,128,594,326,477,38,854,980,559,773,947,464,954,616,148,56,599,715,521,124,166,742,679,537,970,353,422,712,82,16,164,491,460,905,91,85,35,101,61,65,93,30,129,99,137,46,49,78,37,106,87,100,64,107,46,81,37,27,130,80,122,39,89,120,53,139
[14781.399384] [AOA] Measurement: 0,1627142398.776208,08:55:31:9b:05:29,2,1,2,0,128,48,139,996,865,859,1008,556,783,902,440,894,588,495,770,1013,469,940,938,615,516,121,332,313,88,341,610,583,827,759,401,478,785,88,78,31,100,59,61,92,29,130,101,129,47,50,76,38,104,88,96,63,106,45,80,36,25,129,77,116,37,89,116,51,136
[14781.444412] [AOA] Measurement: 0,1627142398.821236,08:55:31:9b:05:29,2,1,2,0,128,583,331,480,36,921,982,1003,565,444,291,887,636,41,993,986,450,878,867,676,508,657,565,811,262,721,398,666,874,708,379,205,644,74,62,24,81,48,51,74,23,103,87,110,36,38,62,30,86,64,74,49,79,37,65,32,25,109,72,105,33,80,103,45,116
[14781.488977] [AOA] Measurement: 0,1627142398.865799,08:55:31:9b:05:29,2,1,2,0,128,1003,73,929,826,322,815,540,788,997,529,942,666,15,1008,556,661,412,26,591,499,16,263,379,113,344,717,116,22,234,571,571,818,78,70,28,87,51,54,77,25,111,87,113,39,41,67,32,90,75,83,54,91,39,70,32,21,112,69,104,32,80,104,45,122
[14781.532472] [AOA] Measurement: 0,1627142398.909293,08:55:31:9b:05:29,2,1,2,0,128,33,93,929,847,313,811,3,579,973,476,950,676,24,1023,511,676,472,113,123,680,86,316,265,26,768,386,576,814,685,318,99,540,75,65,24,85,51,55,77,25,109,88,113,39,42,66,32,90,72,79,53,86,37,67,31,23,112,73,108,34,82,106,45,118
[14781.582535] [AOA] Measurement: 0,1627142398.959354,08:55:31:9b:05:29,2,1,2,0,128,5,74,928,831,360,828,580,769,948,429,368,424,479,805,936,380,880,855,633,464,55,294,270,29,900,477,153,1023,242,590,348,703,78,67,27,86,49,54,77,24,107,85,111,37,40,64,31,87,75,83,53,90,39,68,33,22,109,67,102,32,75,103,44,113
[14781.629763] [AOA] Measurement: 0,1627142399.006587,08:55:31:9b:05:29,2,1,2,0,128,633,355,529,92,775,976,1020,574,914,430,925,669,135,58,486,632,917,929,631,508,129,352,856,277,384,696,138,42,181,539,138,512,76,65,25,83,50,52,76,25,109,88,113,39,40,66,32,87,69,79,53,88,37,68,32,24,110,72,108,34,80,104,45,117
[14781.670275] [AOA] Measurement: 0,1627142399.047100,08:55:31:9b:05:29,2,1,2,0,128,47,125,496,40,786,958,983,516,422,259,880,581,89,1018,535,669,496,109,137,682,37,286,332,60,890,510,142,20,184,545,826,185,76,67,26,85,50,54,77,26,109,84,114,39,41,64,30,86,73,83,54,89,37,69,32,22,107,68,102,33,77,102,45,117
[14781.709127] [AOA] Measurement: 0,1627142399.085953,08:55:31:9b:05:29,2,1,2,0,128,576,333,516,73,855,3,582,774,946,459,891,602,58,1013,581,731,425,107,248,788,673,549,894,316,410,713,156,11,142,547,358,693,74,64,25,83,48,52,76,23,109,84,113,36,40,64,30,86,70,78,52,87,35,66,29,22,113,70,108,31,77,105,46,122
[14781.747675] [AOA] Measurement: 0,1627142399.124498,08:55:31:9b:05:29,2,1,2,0,128,58,109,968,864,311,812,1008,547,371,253,336,395,554,855,562,704,477,108,140,656,80,286,288,51,783,398,579,830,623,305,336,789,75,65,25,84,49,53,76,25,110,86,117,38,40,64,30,86,72,79,52,87,36,68,31,20,114,68,105,32,78,103,46,122
[14781.795461] [AOA] Measurement: 0,1627142399.172279,08:55:31:9b:05:29,2,1,2,0,128,538,264,478,1008,973,44,593,795,966,488,912,640,104,26,519,650,422,65,193,707,62,292,887,297,368,645,165,45,230,592,445,752,75,63,23,85,48,53,77,24,107,86,112,39,42,67,31,89,71,79,51,86,39,68,32,24,112,72,107,34,82,105,45,118
[14781.841726] [AOA] Measurement: 0,1627142399.218547,08:55:31:9b:05:29,2,1,2,0,128,590,289,974,847,297,808,1013,537,996,478,935,634,46,1020,453,620,407,63,623,497,653,543,280,59,385,704,181,87,234,617,796,76,75,67,26,82,50,52,76,25,109,85,115,40,42,63,30,87,75,84,55,92,39,68,31,20,107,65,96,30,72,96,42,111
[14781.885851] [AOA] Measurement: 0,1627142399.262676,08:55:31:9b:05:29,2,1,2,0,128,5,110,993,865,310,812,1001,570,953,444,921,617,505,782,1013,450,984,969,628,520,149,377,337,117,855,502,610,868,264,618,82,312,77,69,28,84,51,53,77,26,109,82,116,37,39,64,30,87,73,80,52,90,35,67,27,19,109,65,101,30,74,100,43,119
[14781.934461] [AOA] Measurement: 0,1627142399.311284,08:55:31:9b:05:29,2,1,2,0,128,643,339,508,30,806,970,988,558,367,262,920,639,536,823,573,707,407,85,223,759,655,540,852,284,375,683,148,35,211,584,245,563,77,70,28,86,52,53,78,25,110,85,114,39,42,65,30,85,75,82,55,90,38,70,31,22,108,67,98,32,74,98,44,112
[14781.978633] [AOA] Measurement: 0,1627142399.355455,08:55:31:9b:05:29,2,1,2,0,128,603,335,502,27,848,968,996,504,364,232,373,411,585,836,536,698,420,70,196,692,612,531,879,311,334,648,609,858,660,363,824,193,76,64,25,85,51,53,75,23,108,88,114,38,41,65,32,87,70,80,51,86,36,67,31,23,110,70,107,32,81,103,45,119
[14782.023673] [AOA] Measurement: 0,1627142399.400497,08:55:31:9b:05:29,2,1,2,0,128,569,302,463,17,814,997,467,692,366,216,968,671,60,4,477,645,421,69,210,713,667,541,854,285,330,669,539,810,668,342,981,454,91,79,30,101,58,64,89,28,127,105,129,44,48,74,38,106,83,94,61,99,44,79,37,28,132,85,127,38,96,121,52,138
[14782.062787] [AOA] Measurement: 0,1627142399.439611,08:55:31:9b:05:29,2,1,2,0,128,69,143,943,849,311,790,1000,512,354,247,282,374,521,800,3,460,931,912,614,466,32,299,884,326,343,644,619,838,737,390,318,789,77,67,26,85,50,54,77,24,109,89,115,39,42,66,32,90,72,79,52,86,38,69,33,23,111,71,106,32,79,104,46,119
[14782.109848] [AOA] Measurement: 0,1627142399.486666,08:55:31:9b:05:29,2,1,2,0,128,576,303,488,41,878,9,528,784,955,457,845,599,42,1002,515,667,440,83,267,764,686,529,959,314,369,708,80,1,172,542,76,465,76,72,32,88,52,54,77,27,110,81,117,41,43,65,32,87,74,83,54,92,37,67,30,21,107,65,98,33,73,97,44,113
[14782.159979] [AOA] Measurement: 0,1627142399.536797,08:55:31:9b:05:29,2,1,2,0,128,652,381,438,1012,875,1005,545,767,980,453,905,641,85,1017,549,678,489,148,165,685,692,575,895,342,287,599,637,885,230,597,150,381,75,62,23,82,47,52,73,22,105,87,111,37,41,65,32,88,70,79,51,83,36,67,32,24,109,71,106,33,81,105,44,121
[14782.205322] [AOA] Measurement: 0,1627142399.582144,08:55:31:9b:05:29,2,1,2,0,128,89,161,932,860,908,16,602,809,972,468,898,630,461,751,1013,488,907,933,657,527,156,340,892,302,350,664,125,20,229,563,768,39,76,64,25,84,49,53,75,24,107,85,111,39,42,64,32,89,72,79,53,87,38,67,33,23,114,73,107,34,79,103,44,119
[14782.249616] [AOA] Measurement: 0,1627142399.626439,08:55:31:9b:05:29,2,1,2,0,128,603,343,489,28,856,994,496,748,964,469,344,369,568,777,959,437,904,936,653,512,71,315,314,101,808,457,568,848,627,299,266,782,77,68,26,84,50,53,77,24,107,87,114,39,42,65,31,88,74,82,53,89,38,71,32,22,110,67,101,32,76,101,44,114
[14782.288703] [AOA] Measurement: 0,1627142399.665526,08:55:31:9b:05:29,2,1,2,0,128,632,399,450,1016,788,959,539,723,378,262,915,630,556,793,565,686,428,91,99,675,101,305,871,328,390,686,146,12,229,552,256,628,76,65,26,84,50,54,76,25,108,88,114,39,41,65,32,88,72,79,52,85,37,67,32,23,111,71,106,34,79,105,45,120
[14782.335291] [AOA] Measurement: 0,1627142399.712109,08:55:31:9b:05:29,2,1,2,0,128,51,162,463,35,843,931,1010,576,380,219,402,448,50,997,12,432,934,917,678,519,76,288,911,341,804,480,130,24,236,606,966,312,77,67,26,86,50,54,77,25,109,86,116,39,43,67,32,89,74,82,55,90,39,69,32,22,114,70,102,34,77,102,43,119
[14782.378708] [AOA] Measurement: 0,1627142399.755528,08:55:31:9b:05:29,2,1,2,0,128,643,370,502,28,909,1001,514,737,963,438,346,419,497,770,976,441,906,938,652,483,77,285,319,86,823,496,178,7,209,554,614,6,77,67,26,85,49,55,78,25,107,86,115,39,42,67,31,88,74,83,54,90,37,69,31,22,113,68,101,33,77,103,44,117
[14782.418398] [AOA] Measurement: 0,1627142399.795221,08:55:31:9b:05:29,2,1,2,0,128,581,334,468,45,816,1001,1008,557,994,508,317,402,576,855,981,473,488,116,180,697,622,513,844,290,331,682,128,37,270,587,714,48,77,66,27,84,51,55,78,24,105,83,115,39,43,65,31,89,72,82,51,90,39,69,32,22,110,69,100,34,75,102,45,112
[14782.489494] [AOA] Measurement: 0,1627142399.866315,08:55:31:9b:05:29,2,1,2,0,128,73,116,513,72,941,56,554,787,988,545,902,659,0,988,477,595,938,954,160,668,38,321,376,152,293,618,594,863,217,540,226,692,76,69,29,84,51,55,78,25,111,86,114,40,42,65,30,85,73,84,54,92,38,69,32,22,113,67,99,31,75,100,43,111
[14782.532690] [AOA] Measurement: 0,1627142399.909508,08:55:31:9b:05:29,2,1,2,0,128,38,150,919,844,346,821,1,568,439,275,301,382,562,851,504,617,965,941,172,728,740,623,902,300,358,674,134,29,228,570,495,871,89,78,31,100,61,64,91,29,129,102,134,44,48,76,37,100,83,93,61,103,43,80,36,26,129,80,122,38,93,124,53,133
[14782.583593] [AOA] Measurement: 0,1627142399.960414,08:55:31:9b:05:29,2,1,2,0,128,633,352,452,46,878,18,515,748,451,292,970,656,56,1017,474,617,952,968,119,708,677,576,959,348,312,664,164,48,186,571,873,67,75,63,24,85,49,55,77,24,105,87,112,37,40,66,31,88,71,82,53,88,38,69,34,24,113,72,108,34,82,105,44,119
[14782.634207] [AOA] Measurement: 0,1627142400.011024,08:55:31:9b:05:29,2,1,2,0,128,662,362,540,86,852,1007,556,774,981,499,939,668,115,24,597,695,435,93,195,739,592,492,890,265,346,652,157,73,221,547,512,838,75,63,24,82,49,53,74,22,102,87,112,35,40,65,31,90,70,79,51,84,38,66,33,23,112,71,107,33,81,105,45,119
[14782.678728] [AOA] Measurement: 0,1627142400.055552,08:55:31:9b:05:29,2,1,2,0,128,628,349,961,874,255,795,25,589,956,459,922,648,47,1019,531,689,432,117,168,699,106,322,290,64,367,650,121,39,177,537,476,916,90,77,30,101,59,64,92,29,126,104,133,45,49,77,38,106,84,92,63,99,44,80,38,28,132,86,128,41,97,121,54,142
[14782.723497] [AOA] Measurement: 0,1627142400.100320,08:55:31:9b:05:29,2,1,2,0,128,34,99,990,917,277,776,991,528,468,312,904,607,64,1014,528,670,871,887,654,500,60,338,251,40,855,458,142,54,157,514,316,769,76,62,25,83,48,53,76,24,106,86,111,36,40,65,32,88,71,81,51,86,36,69,32,24,113,74,108,34,80,105,45,120
[14782.766570] [AOA] Measurement: 0,1627142400.143389,08:55:31:9b:05:29,2,1,2,0,128,641,343,455,49,864,991,464,697,1007,475,861,644,540,813,562,708,502,144,168,749,573,481,897,295,416,741,167,71,197,522,1011,271,74,60,22,79,47,51,73,23,102,88,109,37,40,64,30,87,68,78,51,82,36,68,33,22,107,69,103,31,79,103,42,119
[14782.810785] [AOA] Measurement: 0,1627142400.187603,08:55:31:9b:05:29,2,1,2,0,128,58,111,949,888,287,789,20,562,420,278,948,659,67,987,988,450,896,910,162,677,86,364,893,287,385,727,167,33,253,587,198,614,90,78,31,101,60,63,89,29,129,104,127,47,48,78,38,105,85,97,63,102,44,80,37,28,135,86,128,40,97,123,54,130
[14782.856054] [AOA] Measurement: 0,1627142400.232877,08:55:31:9b:05:29,2,1,2,0,128,601,298,514,59,879,1005,1,584,931,453,878,634,36,994,538,674,928,937,672,490,31,281,318,65,810,463,575,832,644,313,171,602,77,68,27,87,49,53,75,26,106,82,115,40,41,65,30,84,73,81,54,89,37,68,32,22,113,67,99,33,76,99,45,115
[14782.900075] [AOA] Measurement: 0,1627142400.276898,08:55:31:9b:05:29,2,1,2,0,128,544,290,525,58,912,24,544,755,982,512,927,645,80,29,540,701,506,127,206,747,616,538,873,321,340,647,143,48,165,535,210,620,74,63,25,85,48,52,77,23,108,88,112,39,42,67,32,90,72,81,53,87,38,69,32,23,114,72,106,33,80,104,45,117
[14782.938878] [AOA] Measurement: 0,1627142400.315701,08:55:31:9b:05:29,2,1,2,0,128,595,355,445,1023,273,808,488,720,976,460,897,588,45,975,979,454,931,929,627,496,103,304,293,54,854,504,618,838,720,402,819,205,77,68,29,86,52,55,77,26,109,85,116,39,41,66,30,87,72,82,54,90,38,67,31,22,111,69,101,32,75,100,44,115
[14782.977971] [AOA] Measurement: 0,1627142400.354790,08:55:31:9b:05:29,2,1,2,0,128,18,109,1,903,820,1005,545,750,888,367,275,383,477,768,28,484,846,866,596,454,60,285,283,62,793,410,572,824,640,297,4,488,74,59,24,81,47,53,74,22,103,86,111,36,40,65,31,86,70,78,50,84,37,67,33,23,112,71,105,34,80,102,44,119
[14783.024283] [AOA] Measurement: 0,1627142400.401105,08:55:31:9b:05:29,2,1,2,0,128,39,125,851,774,337,804,997,518,446,263,279,400,503,794,0,489,451,99,165,694,641,543,776,230,849,468,559,783,600,307,281,797,73,63,24,82,47,51,76,24,107,86,111,37,40,65,31,88,70,80,51,83,37,67,33,24,110,72,107,33,82,103,45,120
[14783.075128] [AOA] Measurement: 0,1627142400.451946,08:55:31:9b:05:29,2,1,2,0,128,73,136,933,851,304,808,991,519,403,279,375,432,540,804,1015,518,907,924,647,507,101,320,340,99,405,694,151,18,193,537,985,394,73,62,22,81,47,51,76,22,106,87,112,37,41,66,31,87,71,81,52,86,38,68,32,22,107,71,106,33,81,103,46,121
[14783.119451] [AOA] Measurement: 0,1627142400.496270,08:55:31:9b:05:29,2,1,2,0,128,26,84,970,881,875,3,552,754,998,471,929,632,67,1022,482,635,442,96,159,666,60,320,246,24,784,464,564,834,679,375,849,214,90,74,28,99,57,63,90,29,125,103,132,44,47,78,35,103,81,93,60,99,44,79,37,28,131,85,128,40,95,124,56,131
[14783.163221] [AOA] Measurement: 0,1627142400.540044,08:55:31:9b:05:29,2,1,2,0,128,655,374,475,76,861,1015,504,705,1020,473,907,627,84,1022,549,691,936,909,181,716,699,554,902,286,361,701,183,58,227,578,316,635,77,69,28,84,51,54,78,25,108,85,116,39,42,65,32,88,73,82,54,90,37,68,31,22,109,68,100,32,75,103,46,117
[14783.208092] [AOA] Measurement: 0,1627142400.584912,08:55:31:9b:05:29,2,1,2,0,128,596,313,525,25,902,11,560,755,941,495,855,604,9,988,533,680,430,106,168,732,640,501,850,275,782,435,192,30,234,588,562,830,75,69,27,84,50,51,76,25,109,84,117,39,43,65,31,87,71,82,53,89,37,67,32,21,111,66,99,33,72,98,42,112
[14783.254007] [AOA] Measurement: 0,1627142400.630826,08:55:31:9b:05:29,2,1,2,0,128,2,114,920,828,323,778,27,567,984,467,887,623,540,812,974,454,904,950,182,659,45,279,302,95,793,446,555,817,651,314,881,370,76,69,30,86,52,55,78,26,110,86,115,40,42,66,31,88,74,81,55,91,38,69,32,21,109,66,98,32,73,99,45,116
[14783.300037] [AOA] Measurement: 0,1627142400.676861,08:55:31:9b:05:29,2,1,2,0,128,642,337,506,31,894,1010,516,740,967,461,936,635,77,1009,532,663,438,59,173,705,675,546,927,308,377,689,123,32,287,608,202,364,76,64,26,85,50,54,76,25,107,85,112,38,39,64,30,88,72,83,54,87,36,68,30,23,112,69,104,32,78,105,45,119
[14783.339354] [AOA] Measurement: 0,1627142400.716179,08:55:31:9b:05:29,2,1,2,0,128,595,346,478,4,326,776,1021,563,370,277,867,600,510,806,980,455,859,902,629,498,87,277,284,57,845,470,135,1023,674,399,194,549,76,67,27,86,52,55,78,26,109,85,113,40,42,68,31,88,72,82,54,89,38,69,32,22,113,72,107,34,82,104,46,121
[14783.384219] [AOA] Measurement: 0,1627142400.761043,08:55:31:9b:05:29,2,1,2,0,128,614,328,543,98,888,12,493,736,919,445,911,604,90,1007,520,644,508,132,177,719,680,567,877,299,351,675,66,13,639,319,190,509,88,73,28,98,58,64,88,31,127,105,129,45,48,78,38,104,84,93,62,101,45,81,38,27,132,85,127,39,97,126,55,144
[14783.423253] [AOA] Measurement: 0,1627142400.800076,08:55:31:9b:05:29,2,1,2,0,128,586,335,417,1015,331,837,559,738,22,530,941,656,70,14,553,670,453,121,107,681,645,533,837,277,286,631,535,816,694,384,271,661,73,63,25,84,50,54,78,23,109,88,115,38,42,66,30,89,72,81,53,87,36,67,31,22,106,69,103,32,76,99,44,120
[14783.470367] [AOA] Measurement: 0,1627142400.847189,08:55:31:9b:05:29,2,1,2,0,128,557,343,490,43,859,1011,486,710,432,299,304,371,540,825,493,649,931,929,169,684,572,498,312,124,369,698,145,71,171,560,661,984,73,64,25,85,50,54,77,24,110,87,114,39,42,67,31,90,72,82,54,89,38,68,32,23,110,70,106,34,80,103,44,122
[14783.514067] [AOA] Measurement: 0,1627142400.890892,08:55:31:9b:05:29,2,1,2,0,128,26,90,963,880,335,833,969,517,394,257,358,396,572,822,518,659,921,962,195,729,595,500,288,92,807,448,538,800,662,316,173,732,75,67,27,85,51,55,77,26,108,86,115,39,43,67,31,89,73,81,53,89,38,69,32,23,112,69,104,33,77,101,45,120
[14783.557843] [AOA] Measurement: 0,1627142400.934667,08:55:31:9b:05:29,2,1,2,0,128,670,432,541,30,872,10,538,726,981,475,925,638,135,23,539,693,470,142,240,761,695,588,967,366,423,735,204,81,259,650,804,962,76,65,26,84,49,54,74,24,106,86,113,39,41,66,30,87,72,81,53,88,37,67,32,23,111,70,105,32,78,101,44,115
[14783.604463] [AOA] Measurement: 0,1627142400.981282,08:55:31:9b:05:29,2,1,2,0,128,65,126,458,19,885,995,524,722,2,497,896,619,61,971,494,633,466,89,109,700,89,300,313,96,793,442,616,838,193,552,360,779,74,64,25,84,48,53,74,23,106,86,111,38,40,65,31,87,69,79,52,84,38,67,32,24,113,71,108,33,82,105,45,120
[14783.652186] [AOA] Measurement: 0,1627142401.029011,08:55:31:9b:05:29,2,1,2,0,128,566,333,496,46,790,974,515,773,1002,500,944,681,25,989,533,672,536,109,247,753,689,532,923,342,329,693,82,985,247,594,633,938,75,66,26,83,49,53,76,24,106,85,112,39,41,64,31,88,73,81,52,87,36,68,31,21,110,65,99,31,71,95,43,115
[14783.701646] [AOA] Measurement: 0,1627142401.078471,08:55:31:9b:05:29,2,1,2,0,128,0,111,518,88,847,999,522,720,985,506,933,642,133,15,557,687,463,109,151,725,586,489,875,296,362,655,622,872,287,602,628,918,76,64,25,85,48,53,76,24,108,88,117,39,42,66,29,87,73,83,52,88,38,68,33,24,113,69,103,33,78,101,43,117
[14783.743716] [AOA] Measurement: 0,1627142401.120508,08:55:31:9b:05:29,2,1,2,0,128,67,129,455,0,883,1017,523,756,985,483,924,643,84,18,511,713,430,130,563,447,99,325,369,109,336,718,108,1013,622,297,726,137,75,64,24,82,48,54,76,24,106,86,110,36,40,66,31,86,69,79,53,88,38,68,32,24,113,70,104,33,79,102,46,118
[14783.790052] [AOA] Measurement: 0,1627142401.166876,08:55:31:9b:05:29,2,1,2,0,128,635,317,418,998,297,805,1019,554,354,223,351,390,568,807,964,429,889,922,651,527,650,548,863,264,333,626,105,5,238,603,643,877,76,63,26,84,49,52,75,23,104,87,114,38,41,67,32,89,72,82,52,88,37,68,32,23,112,71,106,34,78,103,46,117
[14783.829102] [AOA] Measurement: 0,1627142401.205928,08:55:31:9b:05:29,2,1,2,0,128,559,315,546,67,259,773,1008,525,1020,509,940,643,122,24,528,639,516,160,170,713,658,548,836,243,775,455,148,27,603,243,566,1013,73,61,25,83,46,54,73,24,103,87,112,38,40,65,30,87,70,79,52,83,36,68,31,24,110,73,106,32,81,104,44,117
[14783.869325] [AOA] Measurement: 0,1627142401.246143,08:55:31:9b:05:29,2,1,2,0,128,588,316,498,60,874,996,561,781,886,404,903,625,102,1013,417,559,919,886,610,487,60,316,361,128,341,673,597,883,274,639,347,665,85,71,27,96,55,61,87,28,124,104,131,45,49,76,37,103,84,94,63,102,44,79,36,27,128,84,125,39,92,122,54,127
[14783.923758] [AOA] Measurement: 0,1627142401.300577,08:55:31:9b:05:29,2,1,2,0,128,605,360,439,24,275,782,1018,580,938,446,307,393,560,815,963,457,934,946,195,699,72,336,904,320,383,678,73,1007,265,601,193,443,75,62,23,82,47,52,73,23,103,87,109,38,39,65,30,86,70,79,53,85,37,69,33,23,111,71,106,32,81,104,46,120
[14783.963584] [AOA] Measurement: 0,1627142401.340407,08:55:31:9b:05:29,2,1,2,0,128,570,282,970,850,304,800,980,484,387,262,345,418,556,845,606,714,494,138,149,719,646,531,877,277,311,629,643,906,212,543,246,559,79,69,28,86,50,55,77,25,108,84,116,38,42,65,31,89,73,82,54,88,37,67,32,21,111,69,102,33,78,101,46,118
[14784.006629] [AOA] Measurement: 0,1627142401.383447,08:55:31:9b:05:29,2,1,2,0,128,590,331,541,77,840,1013,490,721,397,213,387,460,37,979,534,668,491,142,163,715,610,507,319,77,384,690,598,872,711,404,299,692,75,62,24,83,48,52,74,24,107,87,111,36,41,64,31,86,69,79,53,87,38,68,32,23,114,73,108,34,81,105,46,119
[14784.050092] [AOA] Measurement: 0,1627142401.426910,08:55:31:9b:05:29,2,1,2,0,128,13,101,963,898,353,833,572,764,952,485,894,628,52,950,1000,438,502,73,656,511,26,303,360,129,359,689,138,42,639,323,274,747,76,70,27,84,50,53,73,24,109,80,115,38,41,64,29,82,73,79,50,88,36,66,28,18,107,61,92,31,69,95,40,107
[14784.094881] [AOA] Measurement: 0,1627142401.471707,08:55:31:9b:05:29,2,1,2,0,128,114,211,504,62,811,959,524,748,939,440,301,427,461,727,908,383,935,927,612,449,153,352,867,346,415,681,142,32,197,555,504,926,91,77,31,98,60,65,92,29,127,104,134,45,49,76,38,106,84,93,62,102,44,81,38,28,133,85,127,39,95,123,53,132
[14784.150930] [AOA] Measurement: 0,1627142401.527747,08:55:31:9b:05:29,2,1,2,0,128,627,326,506,59,836,992,524,737,1007,514,940,628,79,7,547,683,433,27,184,758,657,552,871,293,356,692,159,50,167,555,973,280,89,77,29,100,56,62,87,28,122,105,129,44,47,78,36,104,84,94,61,99,44,79,38,29,130,88,127,40,99,123,54,129
[14784.196746] [AOA] Measurement: 0,1627142401.573570,08:55:31:9b:05:29,2,1,2,0,128,697,399,445,29,837,1013,529,743,963,456,903,636,90,26,560,675,482,99,139,731,600,531,854,298,335,657,99,1012,253,605,366,755,74,62,22,81,48,51,74,22,105,85,112,37,38,61,28,84,68,77,49,84,36,65,30,22,111,70,109,32,79,104,42,117
[14784.241295] [AOA] Measurement: 0,1627142401.618118,08:55:31:9b:05:29,2,1,2,0,128,20,121,940,876,372,855,551,771,13,560,948,657,59,1009,585,698,419,75,167,715,644,523,943,325,353,681,87,14,707,400,957,268,76,67,26,86,50,54,77,25,111,87,118,40,43,67,32,86,74,81,52,87,38,68,32,22,109,68,100,32,74,99,43,113
[14784.289700] [AOA] Measurement: 0,1627142401.666523,08:55:31:9b:05:29,2,1,2,0,128,561,294,472,14,249,761,1019,511,398,239,924,601,120,43,552,659,371,41,188,692,74,340,388,119,787,464,113,1019,225,585,134,451,75,64,24,84,47,53,75,22,106,88,111,38,41,65,31,89,70,79,53,86,37,68,32,23,111,72,107,33,80,104,46,119
[14784.336653] [AOA] Measurement: 0,1627142401.713474,08:55:31:9b:05:29,2,1,2,0,128,81,160,951,849,319,833,522,706,420,267,909,607,139,41,498,657,453,84,166,734,52,290,338,124,340,694,161,51,235,611,896,190,89,79,33,99,59,64,91,28,128,101,137,45,49,77,36,104,87,95,62,104,44,80,36,25,129,79,119,37,87,119,52,132
[14784.396894] [AOA] Measurement: 0,1627142401.773716,08:55:31:9b:05:29,2,1,2,0,128,618,336,507,55,872,1021,489,695,424,298,966,681,120,58,574,695,438,97,177,713,667,554,888,282,301,638,166,73,277,632,537,874,85,71,27,95,54,62,87,27,120,103,127,43,47,77,37,104,81,93,61,97,44,79,38,28,131,86,126,39,96,124,54,138
[14784.436009] [AOA] Measurement: 0,1627142401.812833,08:55:31:9b:05:29,2,1,2,0,128,582,315,986,890,859,992,499,708,347,257,977,671,142,18,516,673,433,71,197,738,617,504,857,305,346,669,115,1008,187,549,202,519,75,70,30,85,51,54,76,25,108,81,113,38,42,65,29,84,72,81,53,89,38,67,31,20,107,62,97,31,70,98,42,112
[14784.480187] [AOA] Measurement: 0,1627142401.857012,08:55:31:9b:05:29,2,1,2,0,128,605,345,490,67,896,983,549,757,954,459,889,613,56,1003,959,409,911,925,628,482,87,317,270,44,799,451,576,791,632,326,1020,468,75,64,25,85,49,53,76,24,108,87,112,39,40,64,31,89,70,81,53,87,36,68,33,23,111,71,107,34,80,103,45,121
[14784.519212] [AOA] Measurement: 0,1627142401.896037,08:55:31:9b:05:29,2,1,2,0,128,26,117,894,796,357,822,974,519,359,235,348,402,580,847,525,698,446,94,163,677,611,511,888,328,318,626,592,847,643,331,237,666,75,63,24,84,49,54,74,24,108,90,112,38,41,65,31,88,70,79,51,82,36,66,32,22,111,72,108,33,82,103,45,119
[14784.560406] [AOA] Measurement: 0,1627142401.937224,08:55:31:9b:05:29,2,1,2,0,128,28,170,497,37,819,1014,567,776,924,456,902,636,43,990,561,711,479,118,129,722,609,534,323,115,866,489,113,21,202,533,139,460,78,65,26,84,48,53,75,25,110,88,114,37,43,66,33,90,72,83,54,89,39,69,31,23,112,70,102,33,76,102,44,116
[14784.611043] [AOA] Measurement: 0,1627142401.987863,08:55:31:9b:05:29,2,1,2,0,128,61,108,915,806,394,845,992,538,392,251,327,407,539,818,538,656,451,77,618,480,8,236,230,34,841,488,87,1009,183,600,519,821,74,61,23,82,47,53,76,24,107,88,113,38,41,65,30,86,70,80,52,86,37,67,32,23,112,70,106,33,80,104,45,118
[14784.656383] [AOA] Measurement: 0,1627142402.033208,08:55:31:9b:05:29,2,1,2,0,128,586,346,459,2,878,1004,585,807,999,489,989,678,62,1007,485,593,934,936,616,511,71,306,333,112,759,421,642,914,217,520,46,437,89,77,30,101,59,64,90,30,126,101,128,46,49,75,36,104,84,96,64,105,44,80,37,26,129,79,121,37,93,124,53,140
[14784.699893] [AOA] Measurement: 0,1627142402.076710,08:55:31:9b:05:29,2,1,2,0,128,634,418,502,19,810,987,2,550,974,464,955,635,144,36,552,704,481,130,158,697,608,465,901,286,325,619,603,903,673,335,501,930,70,58,22,81,43,50,70,21,97,86,104,36,39,63,30,87,68,79,51,83,37,66,31,23,109,71,106,33,79,104,45,117
[14784.744279] [AOA] Measurement: 0,1627142402.121104,08:55:31:9b:05:29,2,1,2,0,128,586,358,473,21,837,979,499,713,385,252,317,426,494,831,939,407,947,944,662,498,78,309,337,111,397,743,123,29,233,578,537,933,75,64,24,84,50,53,75,24,107,87,112,38,41,64,30,87,70,79,51,83,37,67,32,24,112,71,105,31,81,104,44,118
[14784.788653] [AOA] Measurement: 0,1627142402.165475,08:55:31:9b:05:29,2,1,2,0,128,637,353,493,54,858,1018,510,692,1005,514,933,645,139,27,560,718,463,115,178,724,682,561,932,320,305,655,132,55,185,554,128,518,76,64,25,86,50,53,77,24,108,88,115,39,41,65,31,89,70,83,53,87,36,67,31,23,111,73,106,33,81,105,43,114
[14784.832323] [AOA] Measurement: 0,1627142402.209142,08:55:31:9b:05:29,2,1,2,0,128,613,352,450,1016,910,975,532,750,986,446,934,664,80,11,516,636,497,130,201,725,652,543,873,277,326,628,632,866,631,302,799,289,76,70,29,86,52,53,79,26,111,83,114,40,43,67,32,89,73,81,54,89,38,68,32,21,109,66,98,31,75,99,45,114
[14784.881280] [AOA] Measurement: 0,1627142402.258102,08:55:31:9b:05:29,2,1,2,0,128,606,373,452,38,881,4,512,724,391,284,314,389,586,801,863,353,950,935,656,575,681,584,893,307,400,698,117,14,142,483,550,936,76,65,26,86,50,53,75,24,106,87,114,37,42,65,31,88,72,81,52,90,37,68,32,23,111,69,103,33,78,102,45,116
[14784.919974] [AOA] Measurement: 0,1627142402.296799,08:55:31:9b:05:29,2,1,2,0,128,580,337,546,90,833,970,535,725,430,292,292,366,519,803,1,447,927,918,183,682,71,320,851,298,809,465,168,47,678,367,600,981,75,67,26,84,50,54,79,25,110,88,114,41,41,66,31,87,75,84,54,89,39,68,33,23,112,69,103,32,77,102,44,115
[14784.958878] [AOA] Measurement: 0,1627142402.335696,08:55:31:9b:05:29,2,1,2,0,128,19,114,496,1023,246,766,1020,554,405,247,932,620,547,811,940,442,920,925,621,492,85,298,350,130,414,708,147,51,119,509,1021,426,74,60,24,81,47,52,75,23,105,88,111,36,39,64,30,87,66,77,50,81,35,66,30,23,111,70,105,33,80,103,44,118
[14785.006556] [AOA] Measurement: 0,1627142402.383375,08:55:31:9b:05:29,2,1,2,0,128,7,121,898,806,297,795,982,544,388,254,350,401,501,773,5,464,968,950,607,436,56,313,268,72,695,337,602,816,683,322,734,293,89,75,28,100,56,62,88,28,126,104,134,45,50,77,37,105,86,95,63,102,45,82,39,27,132,84,126,38,96,124,55,140
[14785.053011] [AOA] Measurement: 0,1627142402.429835,08:55:31:9b:05:29,2,1,2,0,128,1,101,932,830,334,813,979,541,427,255,946,652,24,974,951,461,857,881,587,431,1006,239,285,67,813,456,557,796,697,382,847,293,83,65,26,92,53,58,84,26,119,100,127,42,45,73,35,102,78,93,60,98,42,81,37,28,130,85,126,39,93,119,52,129
[14785.092029] [AOA] Measurement: 0,1627142402.468853,08:55:31:9b:05:29,2,1,2,0,128,629,336,538,80,802,976,554,751,3,544,903,658,113,19,514,648,478,125,229,753,626,525,907,344,394,755,212,78,294,655,752,887,74,61,25,81,48,51,74,22,104,87,111,38,40,66,31,88,70,80,52,84,38,67,33,24,112,74,106,33,81,105,45,115
[14785.134006] [AOA] Measurement: 0,1627142402.510824,08:55:31:9b:05:29,2,1,2,0,128,33,119,948,881,326,822,547,747,402,263,291,381,546,765,929,362,925,898,625,458,700,550,883,307,367,685,154,32,218,547,472,868,74,67,25,84,50,51,75,23,111,85,116,37,40,66,30,90,73,81,52,87,35,67,30,22,116,70,106,33,78,104,44,119
[14785.179713] [AOA] Measurement: 0,1627142402.556535,08:55:31:9b:05:29,2,1,2,0,128,603,373,446,1019,874,1004,576,759,4,512,890,652,98,26,616,674,427,102,180,752,584,490,919,344,349,679,142,68,236,605,457,662,92,79,32,100,58,63,90,30,124,101,131,46,47,76,36,103,84,96,62,104,44,80,38,27,132,84,126,38,93,123,54,143
[14785.219053] [AOA] Measurement: 0,1627142402.595875,08:55:31:9b:05:29,2,1,2,0,128,580,314,494,28,908,998,951,509,438,289,887,613,42,953,940,403,895,927,598,461,100,360,226,50,870,501,574,845,208,571,469,837,91,79,31,98,59,63,88,29,125,100,129,45,50,77,36,102,88,98,64,106,43,77,35,25,125,77,115,36,88,115,52,131
[14785.264008] [AOA] Measurement: 0,1627142402.640832,08:55:31:9b:05:29,2,1,2,0,128,542,306,951,865,324,830,998,509,990,492,916,636,78,995,537,674,489,119,216,772,552,453,332,110,347,664,580,849,644,334,928,391,72,57,23,78,46,50,72,21,103,83,111,34,37,62,29,87,67,75,49,78,34,63,30,24,111,71,110,32,79,103,43,119
[14785.313766] [AOA] Measurement: 0,1627142402.690587,08:55:31:9b:05:29,2,1,2,0,128,565,305,901,811,289,774,957,509,394,249,330,432,567,824,977,463,888,906,676,522,17,293,321,87,767,408,716,922,234,608,153,468,72,58,22,80,46,51,71,21,100,86,107,36,39,63,30,86,67,76,48,80,36,64,31,24,106,71,105,31,81,102,44,115
[14785.365078] [AOA] Measurement: 0,1627142402.741895,08:55:31:9b:05:29,2,1,2,0,128,599,307,459,997,343,820,989,542,1002,508,918,610,65,15,466,654,471,86,123,644,654,542,881,261,303,645,167,64,204,580,253,539,77,69,29,86,52,55,77,25,109,84,114,39,42,64,31,83,73,79,53,87,38,67,31,20,108,64,96,31,72,95,43,108
[14785.416064] [AOA] Measurement: 0,1627142402.792887,08:55:31:9b:05:29,2,1,2,0,128,618,330,515,37,806,947,6,550,3,487,888,638,72,1,531,672,444,89,615,509,60,298,327,120,814,465,548,820,674,368,753,199,73,59,21,77,44,51,71,22,100,86,105,36,37,62,31,84,67,77,50,80,35,66,31,24,109,72,108,34,82,101,44,118
[14785.469427] [AOA] Measurement: 0,1627142402.846246,08:55:31:9b:05:29,2,1,2,0,128,568,330,936,863,844,1018,1010,529,407,233,329,398,33,992,490,628,933,926,211,729,656,505,844,260,410,698,107,19,196,549,825,153,78,71,26,87,51,54,77,25,107,85,115,40,42,66,31,88,74,84,53,91,36,69,30,22,110,68,103,32,77,103,45,118
[14785.518572] [AOA] Measurement: 0,1627142402.895390,08:55:31:9b:05:29,2,1,2,0,128,541,327,450,31,852,1006,560,773,387,284,957,684,139,44,567,664,495,105,178,714,633,518,909,298,342,639,628,860,167,528,865,243,92,79,30,100,58,64,91,29,129,104,135,46,50,79,37,106,86,95,62,101,43,80,37,27,127,84,126,38,95,122,55,141
[14785.563860] [AOA] Measurement: 0,1627142402.940684,08:55:31:9b:05:29,2,1,2,0,128,66,151,919,858,301,809,577,788,977,532,874,639,68,1007,565,660,468,114,77,646,683,554,835,276,419,727,185,98,224,589,588,787,91,84,34,101,61,63,92,28,131,100,137,48,50,78,37,106,89,97,65,108,44,79,37,26,130,77,117,37,89,116,53,134
[14785.609177] [AOA] Measurement: 0,1627142402.985995,08:55:31:9b:05:29,2,1,2,0,128,632,381,526,77,824,975,532,766,944,472,885,588,119,14,541,640,488,104,237,762,631,539,975,375,363,683,87,1017,255,604,624,1004,76,66,26,86,51,54,76,24,106,83,114,39,42,66,31,89,73,84,54,91,38,69,31,23,112,69,102,32,78,102,46,118
[14785.652282] [AOA] Measurement: 0,1627142403.029104,08:55:31:9b:05:29,2,1,2,0,128,592,301,481,60,906,42,495,749,1008,515,867,615,527,826,983,439,885,877,586,482,27,288,418,165,368,655,114,1016,632,335,4,465,76,67,26,85,50,53,73,23,107,85,114,37,41,64,32,87,72,82,53,90,36,69,33,23,112,71,106,33,78,103,45,119
[14785.696786] [AOA] Measurement: 0,1627142403.073610,08:55:31:9b:05:29,2,1,2,0,128,590,354,509,62,293,816,989,536,947,424,924,638,41,996,524,681,439,94,177,705,636,513,949,325,471,756,103,19,193,572,777,45,87,74,29,97,57,64,89,28,127,103,127,44,48,79,36,106,84,96,64,102,44,82,38,27,131,83,123,39,93,123,55,143
[14785.743934] [AOA] Measurement: 0,1627142403.120754,08:55:31:9b:05:29,2,1,2,0,128,40,116,955,830,257,780,32,555,349,258,345,405,560,830,980,430,918,944,184,724,667,494,858,287,306,629,617,872,617,302,143,444,76,71,30,85,52,53,77,24,109,82,115,40,42,66,30,86,73,81,54,89,39,67,30,19,109,64,95,31,69,95,42,109
[14785.790577] [AOA] Measurement: 0,1627142403.167400,08:55:31:9b:05:29,2,1,2,0,128,1021,110,496,47,285,803,1012,568,0,528,943,651,142,54,597,730,506,141,226,758,581,518,933,334,324,642,131,55,182,527,612,987,74,62,23,82,46,52,74,22,104,88,110,36,39,65,32,89,70,78,50,83,36,66,31,24,107,70,106,33,81,104,44,120
[14785.829292] [AOA] Measurement: 0,1627142403.206115,08:55:31:9b:05:29,2,1,2,0,128,596,330,474,26,281,755,990,556,348,241,292,392,516,837,967,413,910,933,604,495,129,318,295,92,826,457,627,888,144,501,139,617,74,61,23,84,47,53,73,23,103,87,109,37,38,64,32,87,69,77,52,82,35,67,31,23,108,69,105,32,82,102,44,119
[14785.874191] [AOA] Measurement: 0,1627142403.251014,08:55:31:9b:05:29,2,1,2,0,128,76,155,507,33,894,984,981,538,397,250,333,381,462,745,1010,439,890,909,566,445,83,329,289,73,905,548,150,50,239,631,30,306,76,66,24,87,49,54,77,24,107,87,110,38,41,67,31,89,69,80,54,85,38,68,32,24,111,72,107,34,79,102,45,121
[14785.912803] [AOA] Measurement: 0,1627142403.289627,08:55:31:9b:05:29,2,1,2,0,128,69,144,497,43,857,4,933,446,354,221,378,475,547,818,963,432,920,933,701,526,120,319,288,87,742,410,596,860,687,372,337,820,76,63,25,83,50,54,75,23,107,86,113,39,41,66,30,89,71,80,51,86,38,69,32,23,109,71,108,33,81,103,46,120
[14785.955008] [AOA] Measurement: 0,1627142403.331826,08:55:31:9b:05:29,2,1,2,0,128,73,138,978,868,304,769,1000,536,398,268,344,350,546,800,563,678,452,77,598,479,105,304,872,260,365,660,181,76,218,584,27,278,69,55,18,78,43,49,68,21,95,83,100,33,35,59,28,81,62,69,44,69,32,59,30,23,99,69,102,32,77,95,41,108
[14785.999827] [AOA] Measurement: 0,1627142403.376651,08:55:31:9b:05:29,2,1,2,0,128,46,127,877,816,391,862,1021,575,432,290,336,429,527,817,933,420,884,898,672,540,1022,243,285,67,795,412,562,838,571,254,438,18,77,71,28,87,53,54,79,25,110,86,117,40,43,66,32,89,73,84,54,90,36,68,32,22,112,67,104,32,76,103,44,116
[14786.044764] [AOA] Measurement: 0,1627142403.421589,08:55:31:9b:05:29,2,1,2,0,128,117,143,913,847,342,845,978,483,530,342,891,602,533,816,1018,461,935,911,193,710,644,513,829,233,814,474,569,851,720,389,881,235,77,69,28,86,51,53,77,26,110,84,115,38,42,65,31,85,72,80,53,90,37,68,31,23,110,67,101,31,75,100,44,117
[14786.089375] [AOA] Measurement: 0,1627142403.466193,08:55:31:9b:05:29,2,1,2,0,128,684,371,518,62,812,972,515,740,1003,497,1000,695,133,75,526,673,521,141,206,752,568,495,294,70,357,661,612,887,241,593,117,405,78,69,28,86,52,54,76,24,108,85,115,38,43,67,31,85,72,81,53,89,36,69,32,22,111,67,103,33,77,102,45,117
[14786.132756] [AOA] Measurement: 0,1627142403.509579,08:55:31:9b:05:29,2,1,2,0,128,554,302,481,18,842,1003,0,543,985,527,879,612,65,7,505,668,436,53,192,724,653,503,880,302,420,741,119,45,183,536,903,194,77,72,29,85,53,54,77,26,110,82,115,39,43,63,30,86,74,83,53,91,39,67,29,20,108,61,94,30,67,95,41,106
[14786.176696] [AOA] Measurement: 0,1627142403.553520,08:55:31:9b:05:29,2,1,2,0,128,77,113,926,844,304,791,3,565,436,276,934,628,96,0,552,665,429,84,226,750,658,554,879,305,367,662,112,27,143,504,899,228,76,68,28,85,52,51,76,25,109,87,114,39,40,65,30,84,73,82,53,91,37,69,32,22,110,68,102,33,77,99,45,114
[14786.220252] [AOA] Measurement: 0,1627142403.597077,08:55:31:9b:05:29,2,1,2,0,128,585,319,535,67,895,11,499,749,961,460,863,601,520,791,529,627,920,895,192,724,658,517,872,333,378,748,128,65,217,565,745,988,76,67,27,87,50,55,76,24,108,87,114,37,41,66,32,89,70,80,52,87,38,68,32,23,109,70,106,33,79,103,44,118
[14786.259137] [AOA] Measurement: 0,1627142403.635961,08:55:31:9b:05:29,2,1,2,0,128,515,260,496,50,860,1006,974,524,457,319,282,392,146,30,525,676,419,47,227,755,649,532,951,350,416,703,137,7,204,547,225,588,75,65,25,83,48,52,73,23,108,83,116,36,39,64,30,87,71,79,51,87,37,67,31,22,116,70,104,31,77,103,44,120
[14786.297688] [AOA] Measurement: 0,1627142403.674513,08:55:31:9b:05:29,2,1,2,0,128,543,321,413,10,365,860,543,719,980,511,961,689,65,1023,533,671,461,130,158,727,613,534,905,269,346,667,116,24,233,605,668,953,77,67,28,87,51,54,76,24,107,84,114,38,41,65,31,89,72,82,54,89,37,68,32,23,111,70,103,33,77,101,44,118
[14786.341454] [AOA] Measurement: 0,1627142403.718279,08:55:31:9b:05:29,2,1,2,0,128,52,121,912,817,328,791,12,570,395,231,344,408,461,732,1006,467,887,884,642,501,108,301,293,43,884,490,576,831,675,343,5,432,73,62,23,82,46,51,73,23,103,86,109,37,40,65,31,89,71,80,53,83,39,68,32,23,114,73,105,32,80,103,44,120
[14786.381317] [AOA] Measurement: 0,1627142403.758135,08:55:31:9b:05:29,2,1,2,0,128,36,122,945,869,265,766,990,509,452,277,383,441,63,1010,509,650,903,893,684,533,59,318,296,79,826,481,579,847,686,370,949,325,73,61,23,83,47,52,73,23,105,86,112,37,40,65,31,87,70,79,51,85,37,68,33,24,109,71,106,32,79,103,44,117
[14786.425309] [AOA] Measurement: 0,1627142403.802127,08:55:31:9b:05:29,2,1,2,0,128,592,326,968,849,363,821,1019,562,938,429,867,612,537,848,551,691,476,113,633,480,122,349,814,241,414,701,141,37,224,557,352,738,76,63,24,83,49,53,75,24,107,88,109,37,39,65,31,88,70,79,52,84,37,67,33,23,111,73,105,33,80,105,46,119
[14786.473415] [AOA] Measurement: 0,1627142403.850238,08:55:31:9b:05:29,2,1,2,0,128,1015,117,930,815,324,813,971,496,383,256,250,345,561,848,519,673,397,38,573,463,9,219,256,33,788,421,584,850,653,354,98,639,91,85,36,101,61,65,91,31,129,96,134,46,49,73,35,100,86,94,61,105,43,77,34,23,124,75,112,37,83,112,51,126
[14786.512466] [AOA] Measurement: 0,1627142403.889291,08:55:31:9b:05:29,2,1,2,0,128,575,287,599,90,828,989,499,745,955,490,898,624,0,979,497,655,459,114,105,667,135,367,906,323,370,678,128,14,200,553,48,375,77,65,26,84,50,53,74,22,107,87,113,37,39,64,31,89,71,79,52,84,37,68,32,24,112,70,106,33,81,102,44,118
[14786.556527] [AOA] Measurement: 0,1627142403.933351,08:55:31:9b:05:29,2,1,2,0,128,674,385,526,47,865,2,535,751,1009,502,939,623,122,52,576,697,515,151,199,744,626,525,338,101,398,706,168,44,196,579,985,250,77,63,25,83,48,53,75,24,106,88,112,38,41,66,31,88,70,78,52,85,37,67,32,24,111,72,108,33,81,102,44,118
[14786.604554] [AOA] Measurement: 0,1627142403.981372,08:55:31:9b:05:29,2,1,2,0,128,578,295,466,9,312,816,964,522,373,252,870,622,104,12,543,666,425,47,187,735,633,528,894,303,377,673,157,54,191,572,48,428,90,78,32,100,60,62,90,30,130,102,138,47,49,75,36,102,86,95,62,106,45,81,37,25,131,80,117,37,88,117,51,127
[14786.649749] [AOA] Measurement: 0,1627142404.026575,08:55:31:9b:05:29,2,1,2,0,128,595,360,468,73,859,6,545,741,993,490,903,623,49,1021,556,669,928,911,626,533,679,543,885,294,371,685,117,21,252,601,339,597,75,65,26,84,49,52,73,22,108,85,116,36,40,63,29,87,72,80,53,89,36,68,31,21,115,67,105,32,77,104,44,118
[14786.694218] [AOA] Measurement: 0,1627142404.071043,08:55:31:9b:05:29,2,1,2,0,128,586,345,458,25,871,1005,926,507,445,291,869,587,83,998,985,494,493,147,211,739,617,521,905,303,373,686,130,37,172,531,98,480,77,69,28,84,51,54,78,26,109,83,114,39,42,66,31,87,73,83,54,91,38,68,31,21,107,64,98,31,73,98,44,115
