
[ 5543.209741] [AOA] Measurement: 0,1627133160.586643,08:55:31:9b:05:29,2,1,2,0,128,296,940,985,877,795,1019,431,306,2,264,31,192,677,923,71,417,103,383,666,188,6,309,133,138,400,505,203,351,760,339,755,383,77,51,67,70,69,69,68,71,70,70,78,73,59,75,69,68,71,61,55,73,67,65,66,49,67,71,68,56,71,78,67,81
[ 5543.253700] [AOA] Measurement: 0,1627133160.630602,08:55:31:9b:05:29,2,1,2,0,128,840,819,938,799,782,989,463,312,2,253,16,202,647,919,48,402,571,194,713,271,938,237,81,153,751,213,647,112,117,74,142,946,80,49,68,70,71,70,67,69,72,72,81,73,59,76,69,69,70,61,56,75,69,63,66,47,66,68,66,52,67,77,63,78
[ 5543.296155] [AOA] Measurement: 0,1627133160.673052,08:55:31:9b:05:29,2,1,2,0,128,844,805,370,623,194,760,929,113,439,35,452,974,648,901,566,238,509,145,120,4,395,65,523,960,367,481,167,273,721,325,327,98,78,51,67,70,71,70,70,71,70,69,79,73,60,74,71,69,72,63,58,76,67,64,67,49,67,71,69,55,72,82,69,82
[ 5543.339973] [AOA] Measurement: 0,1627133160.716869,08:55:31:9b:05:29,2,1,2,0,128,383,1018,879,802,738,972,412,303,7,277,992,136,627,880,91,476,54,357,652,207,402,72,529,918,852,254,236,315,704,301,768,558,80,47,69,71,71,71,68,69,73,71,80,73,59,76,70,68,71,63,55,73,68,62,66,46,65,65,64,51,66,79,63,75
[ 5543.382980] [AOA] Measurement: 0,1627133160.759877,08:55:31:9b:05:29,2,1,2,0,128,838,786,337,619,233,799,1018,170,21,276,1009,148,100,678,576,232,580,175,52,1006,453,121,122,181,389,477,174,292,699,306,539,311,81,50,67,70,69,70,69,71,74,71,81,74,60,75,70,66,71,63,56,73,66,60,62,46,66,65,65,51,65,76,61,73
[ 5543.432155] [AOA] Measurement: 0,1627133160.809055,08:55:31:9b:05:29,2,1,2,0,128,401,24,890,790,784,970,518,371,48,318,61,229,627,871,112,458,119,395,724,223,9,334,72,148,406,520,173,324,674,272,327,60,78,51,68,70,69,70,67,69,69,71,79,74,59,76,72,70,72,62,57,74,67,65,68,49,67,70,69,56,72,81,68,81
[ 5543.470840] [AOA] Measurement: 0,1627133160.847736,08:55:31:9b:05:29,2,1,2,0,128,388,995,908,805,813,5,531,397,26,314,975,122,682,898,85,474,36,367,713,258,924,232,550,934,822,194,685,136,173,128,982,687,79,49,68,70,70,69,69,70,72,71,79,74,58,75,70,69,70,63,56,76,67,62,64,46,65,66,64,50,66,77,62,76
[ 5543.521323] [AOA] Measurement: 0,1627133160.898219,08:55:31:9b:05:29,2,1,2,0,128,407,20,912,833,807,26,488,345,983,237,953,97,74,680,510,215,603,184,742,279,1009,290,67,114,380,485,296,400,754,344,187,778,77,50,68,71,70,69,66,71,71,70,78,73,60,74,71,69,71,62,56,74,66,65,68,50,67,71,71,58,70,80,70,83
[ 5543.566428] [AOA] Measurement: 0,1627133160.943332,08:55:31:9b:05:29,2,1,2,0,128,323,951,373,621,193,758,953,139,456,68,492,1018,56,701,543,222,527,148,85,1012,459,104,108,165,295,403,272,362,672,254,336,106,79,49,70,69,70,71,70,71,72,71,81,73,58,75,71,69,72,63,56,76,66,63,66,49,66,66,65,51,68,76,64,76
[ 5543.604101] [AOA] Measurement: 0,1627133160.981001,08:55:31:9b:05:29,2,1,2,0,128,445,40,899,844,788,8,429,324,44,274,484,1004,659,908,127,482,158,454,695,229,996,283,119,119,411,466,238,363,654,270,768,513,79,46,68,69,69,69,67,70,72,71,81,75,58,75,70,69,70,62,53,75,68,62,67,48,66,69,67,53,68,79,66,80
[ 5543.645696] [AOA] Measurement: 0,1627133161.022592,08:55:31:9b:05:29,2,1,2,0,128,464,1009,954,829,834,3,446,318,1013,279,437,943,160,731,71,433,181,453,769,271,1020,326,127,200,365,478,185,276,693,321,111,904,77,50,66,70,69,68,68,70,70,71,79,75,60,75,72,69,71,60,57,74,65,63,66,50,64,70,67,56,70,80,70,82
[ 5543.687704] [AOA] Measurement: 0,1627133161.064600,08:55:31:9b:05:29,2,1,2,0,128,379,1015,885,801,811,1022,973,154,518,64,1023,167,744,952,156,463,92,384,710,197,1003,283,39,103,324,474,200,342,705,320,192,860,79,49,70,72,71,70,69,71,72,71,81,74,60,77,72,69,70,63,56,74,67,63,68,49,66,69,66,54,69,78,67,78
[ 5543.726796] [AOA] Measurement: 0,1627133161.103698,08:55:31:9b:05:29,2,1,2,0,128,325,993,905,792,764,1008,465,353,970,232,461,972,690,930,127,476,115,408,662,142,2,295,155,202,309,409,219,308,139,98,958,742,80,49,69,70,71,69,68,70,72,70,79,71,58,73,68,68,69,61,56,72,67,62,64,47,66,68,65,52,69,79,64,78
[ 5543.767032] [AOA] Measurement: 0,1627133161.143927,08:55:31:9b:05:29,2,1,2,0,128,422,12,929,775,768,1008,916,123,51,286,1003,128,631,879,107,447,79,348,633,163,1005,288,101,144,371,453,167,313,689,308,369,43,80,49,69,71,68,70,68,69,71,71,79,74,59,74,70,68,71,64,57,74,68,62,68,48,66,69,67,54,68,78,65,78
[ 5543.806424] [AOA] Measurement: 0,1627133161.183324,08:55:31:9b:05:29,2,1,2,0,128,881,816,409,634,760,984,465,315,459,75,421,947,67,708,635,291,511,123,103,988,448,79,560,979,811,212,698,122,109,105,494,171,78,48,66,69,67,67,67,65,69,68,77,70,57,73,68,69,69,63,56,73,67,61,64,46,65,64,62,50,64,75,60,73
[ 5543.849347] [AOA] Measurement: 0,1627133161.226250,08:55:31:9b:05:29,2,1,2,0,128,407,8,889,823,848,29,561,426,50,325,8,195,706,938,96,474,175,468,636,193,981,281,79,116,877,294,244,341,707,328,764,334,77,49,66,71,71,71,68,73,71,71,78,76,61,77,73,70,72,61,56,74,67,65,68,51,67,70,70,55,72,80,68,81
[ 5543.896812] [AOA] Measurement: 0,1627133161.273708,08:55:31:9b:05:29,2,1,2,0,128,859,842,897,804,203,781,962,137,465,76,477,986,38,650,624,215,581,195,121,32,414,72,115,171,280,443,219,367,691,310,960,667,80,49,70,72,71,71,68,70,71,71,81,75,58,75,70,70,71,64,56,76,67,64,66,48,65,69,67,54,69,78,66,79
[ 5543.938806] [AOA] Measurement: 0,1627133161.315702,08:55:31:9b:05:29,2,1,2,0,128,397,1007,936,821,184,780,949,114,461,46,462,954,63,691,569,240,542,210,106,8,1005,299,118,146,267,370,207,292,682,273,799,576,79,49,69,71,70,69,67,71,72,71,78,74,60,76,71,69,71,60,54,72,67,65,67,50,67,70,69,56,72,80,69,80
[ 5543.977152] [AOA] Measurement: 0,1627133161.354052,08:55:31:9b:05:29,2,1,2,0,128,373,9,903,816,734,982,505,382,982,246,1018,126,57,663,490,194,512,135,66,969,353,56,520,901,835,226,668,110,137,110,878,675,80,48,71,70,70,69,68,69,72,72,80,74,57,76,69,70,70,64,55,75,64,59,63,46,65,66,62,51,64,74,61,74
[ 5544.024371] [AOA] Measurement: 0,1627133161.401272,08:55:31:9b:05:29,2,1,2,0,128,847,841,345,605,186,768,954,126,442,23,454,1010,670,913,131,438,121,420,39,978,396,56,539,914,769,189,722,159,167,126,287,48,78,49,67,70,67,70,68,69,72,72,78,74,59,74,73,69,71,63,55,76,66,63,68,49,67,70,67,54,68,78,65,79
[ 5544.074354] [AOA] Measurement: 0,1627133161.451252,08:55:31:9b:05:29,2,1,2,0,128,880,826,306,546,206,802,912,122,464,5,396,923,103,714,612,273,566,202,133,5,1012,291,59,137,258,383,240,341,130,122,95,973,79,49,68,72,70,70,67,70,73,71,79,73,59,75,70,69,69,64,57,75,67,63,65,46,65,66,63,51,66,76,62,76
[ 5544.127677] [AOA] Measurement: 0,1627133161.504577,08:55:31:9b:05:29,2,1,2,0,128,363,1022,960,853,775,984,500,320,2,287,983,125,709,951,97,440,62,362,698,227,973,300,134,164,341,446,202,321,723,309,477,140,74,53,64,69,68,68,67,71,67,70,75,73,62,72,72,68,72,59,53,71,61,64,68,51,67,73,69,61,75,81,76,85
[ 5544.170658] [AOA] Measurement: 0,1627133161.547553,08:55:31:9b:05:29,2,1,2,0,128,852,794,370,633,220,795,936,136,417,26,440,969,49,716,563,228,579,199,687,220,981,297,116,125,758,201,587,39,165,108,886,725,80,48,69,70,69,70,69,71,72,72,81,73,59,77,69,69,71,63,56,75,67,63,66,47,66,68,66,53,70,78,66,81
[ 5544.212276] [AOA] Measurement: 0,1627133161.589176,08:55:31:9b:05:29,2,1,2,0,128,355,1022,887,771,779,980,969,136,476,38,484,1020,704,939,85,457,72,350,662,211,953,240,617,996,370,477,197,309,656,284,939,658,78,50,68,71,70,71,68,70,71,72,78,74,61,77,72,69,73,62,55,74,67,64,68,49,68,70,69,55,70,80,67,81
[ 5544.251363] [AOA] Measurement: 0,1627133161.628261,08:55:31:9b:05:29,2,1,2,0,128,429,39,954,850,819,38,469,384,51,347,987,150,640,929,101,400,68,341,104,1003,475,87,551,953,828,260,304,352,727,319,600,240,80,46,71,69,69,68,66,66,70,68,78,71,55,73,66,65,67,61,53,72,65,60,60,42,61,61,59,46,62,70,56,69
[ 5544.294098] [AOA] Measurement: 0,1627133161.670993,08:55:31:9b:05:29,2,1,2,0,128,436,14,343,617,219,787,969,174,458,100,0,159,596,859,100,447,72,377,590,152,972,271,59,124,330,426,157,302,147,121,901,565,76,51,66,72,70,68,68,71,70,71,79,74,60,75,70,70,73,60,55,74,66,63,67,50,66,70,68,56,72,78,68,81
[ 5544.343035] [AOA] Measurement: 0,1627133161.719931,08:55:31:9b:05:29,2,1,2,0,128,841,772,310,602,239,815,457,294,400,29,474,967,61,689,584,249,570,183,136,64,387,54,580,986,354,467,660,107,723,345,439,230,77,50,69,71,71,70,69,71,74,72,80,73,60,77,71,68,70,63,57,76,66,63,68,48,66,67,68,53,69,77,63,77
[ 5544.388235] [AOA] Measurement: 0,1627133161.765135,08:55:31:9b:05:29,2,1,2,0,128,856,791,350,616,232,809,941,143,460,66,472,995,18,665,589,239,534,171,112,1015,431,97,587,960,384,464,272,356,709,348,836,601,66,48,57,62,62,62,61,67,62,65,68,68,56,68,67,63,68,53,51,64,59,60,63,50,61,67,67,56,68,74,68,78
[ 5544.434201] [AOA] Measurement: 0,1627133161.811102,08:55:31:9b:05:29,2,1,2,0,128,366,1020,880,767,826,1020,489,333,16,274,1022,193,753,975,176,521,121,423,613,149,473,105,175,189,308,430,240,356,749,353,770,326,77,49,67,70,69,70,68,71,72,71,78,75,60,75,72,70,71,62,55,75,67,62,68,48,67,70,68,54,69,79,67,79
[ 5544.478167] [AOA] Measurement: 0,1627133161.855067,08:55:31:9b:05:29,2,1,2,0,128,402,1015,938,830,812,43,456,362,21,268,22,183,594,874,83,423,152,414,689,206,941,257,529,943,818,271,667,92,128,105,208,1004,79,50,67,72,70,70,70,70,71,73,77,73,59,73,71,67,70,61,56,76,65,62,64,47,65,69,67,53,69,78,66,78
[ 5544.521704] [AOA] Measurement: 0,1627133161.898606,08:55:31:9b:05:29,2,1,2,0,128,823,816,884,789,234,787,534,385,988,244,936,133,64,660,550,214,530,174,66,995,442,74,544,930,802,224,624,92,738,332,625,362,81,51,70,70,70,71,68,71,73,72,80,75,60,76,70,69,70,61,55,74,67,63,68,49,67,70,69,57,71,79,69,79
[ 5544.571053] [AOA] Measurement: 0,1627133161.947948,08:55:31:9b:05:29,2,1,2,0,128,415,997,938,814,846,33,490,329,1003,257,974,139,129,735,546,220,580,215,137,31,989,281,42,113,335,474,213,343,672,288,588,253,80,49,69,71,70,69,67,69,72,71,80,73,59,74,70,67,70,62,56,73,67,62,66,47,66,68,65,53,67,79,64,79
[ 5544.620713] [AOA] Measurement: 0,1627133161.997610,08:55:31:9b:05:29,2,1,2,0,128,861,818,910,825,781,989,932,132,494,96,33,187,647,917,60,424,509,140,94,1008,457,108,502,896,865,259,736,142,131,93,519,238,72,51,63,67,66,67,64,68,66,66,73,71,57,71,69,66,68,55,51,68,62,62,66,49,64,69,68,58,71,77,69,80
[ 5544.670521] [AOA] Measurement: 0,1627133162.047418,08:55:31:9b:05:29,2,1,2,0,128,386,1005,271,590,843,16,458,329,19,288,1013,155,619,903,514,216,547,124,91,955,488,82,628,1013,799,234,649,117,186,112,935,712,81,47,70,70,69,67,68,68,73,70,80,73,59,74,70,69,69,62,56,75,66,62,64,46,65,65,64,50,67,77,64,76
[ 5544.712975] [AOA] Measurement: 0,1627133162.089873,08:55:31:9b:05:29,2,1,2,0,128,355,983,891,794,838,5,907,107,454,42,27,164,608,855,590,210,160,426,571,146,459,85,571,989,784,232,192,300,129,126,586,310,78,50,67,71,70,70,68,71,71,71,80,72,59,77,72,71,72,62,57,75,67,63,68,49,65,71,69,57,72,80,70,82
[ 5544.763401] [AOA] Measurement: 0,1627133162.140298,08:55:31:9b:05:29,2,1,2,0,128,420,1014,891,777,268,797,547,359,16,298,18,141,644,909,553,194,525,147,92,1003,451,91,82,123,309,424,216,329,734,329,188,920,71,50,63,68,66,65,67,69,68,71,77,72,60,74,70,68,70,58,54,71,65,62,66,50,65,70,68,55,72,80,71,81
[ 5544.818394] [AOA] Measurement: 0,1627133162.195294,08:55:31:9b:05:29,2,1,2,0,128,406,35,878,801,811,979,479,306,76,311,13,179,716,935,150,507,43,376,711,248,996,303,6,80,815,265,705,156,781,384,259,839,78,50,68,70,69,70,67,71,71,71,80,75,59,74,73,68,70,64,57,76,66,64,66,48,66,70,67,54,70,79,68,79
[ 5544.860807] [AOA] Measurement: 0,1627133162.237704,08:55:31:9b:05:29,2,1,2,0,128,841,825,932,827,866,30,526,351,11,288,950,100,107,731,544,238,137,405,644,201,13,313,111,131,328,451,672,104,125,108,0,778,79,49,69,70,70,69,66,71,73,71,78,74,59,76,70,68,72,64,56,77,66,63,66,47,67,68,68,53,69,79,65,78
[ 5544.902926] [AOA] Measurement: 0,1627133162.279826,08:55:31:9b:05:29,2,1,2,0,128,385,18,928,824,213,821,945,140,431,56,492,1020,643,923,156,484,172,423,733,264,1018,328,82,147,228,396,683,111,701,338,70,748,79,49,69,71,70,71,66,68,71,69,79,73,57,73,69,66,70,61,55,76,66,62,65,48,67,67,67,53,69,78,63,77
[ 5544.952795] [AOA] Measurement: 0,1627133162.329693,08:55:31:9b:05:29,2,1,2,0,128,321,967,333,607,793,1011,944,148,36,313,995,151,745,952,190,504,159,429,686,225,42,309,160,173,381,477,192,294,183,158,593,345,76,50,66,66,67,69,67,69,69,70,78,72,58,75,71,68,70,60,53,73,66,63,64,50,65,70,69,57,70,80,69,81
[ 5545.007105] [AOA] Measurement: 0,1627133162.384007,08:55:31:9b:05:29,2,1,2,0,128,442,27,982,876,774,1003,478,335,22,267,14,216,657,907,79,411,128,373,623,179,981,263,68,130,289,398,214,315,128,109,266,1011,75,50,65,70,69,69,67,71,69,71,77,72,60,74,70,69,71,59,54,70,66,63,67,50,67,72,69,56,70,78,69,80
[ 5545.048903] [AOA] Measurement: 0,1627133162.425802,08:55:31:9b:05:29,2,1,2,0,128,423,23,925,814,804,20,548,371,16,236,466,1004,80,703,612,273,136,387,673,208,404,34,151,191,364,519,228,363,719,327,624,132,76,50,65,67,69,68,68,70,69,71,78,74,59,74,70,68,73,60,55,73,65,63,68,49,66,71,69,57,72,79,68,81
[ 5545.086874] [AOA] Measurement: 0,1627133162.463776,08:55:31:9b:05:29,2,1,2,0,128,361,958,392,636,251,813,963,149,1023,265,415,941,78,724,496,169,572,155,89,21,362,60,528,929,374,434,229,375,665,290,796,550,78,49,68,71,69,70,69,70,71,70,80,73,59,75,71,67,71,63,55,75,68,64,66,48,66,69,67,53,68,78,64,77
[ 5545.127756] [AOA] Measurement: 0,1627133162.504652,08:55:31:9b:05:29,2,1,2,0,128,367,986,916,826,774,1002,965,144,505,118,393,948,708,974,167,538,113,426,726,241,990,317,97,121,334,426,171,286,732,310,62,793,76,50,66,68,68,69,67,69,70,69,78,73,60,75,71,69,72,62,53,73,67,62,66,49,66,69,69,56,68,79,68,79
[ 5545.172952] [AOA] Measurement: 0,1627133162.549854,08:55:31:9b:05:29,2,1,2,0,128,389,37,924,851,766,1022,463,320,1018,266,9,166,585,868,501,173,575,190,707,226,1011,305,85,178,344,433,264,343,715,307,499,206,79,50,69,72,69,70,67,70,71,72,80,75,60,76,71,71,73,62,55,73,66,63,66,50,65,69,68,55,71,80,70,82
[ 5545.215082] [AOA] Measurement: 0,1627133162.591979,08:55:31:9b:05:29,2,1,2,0,128,817,766,346,595,291,840,2,188,12,302,1009,153,662,883,65,418,506,141,136,8,379,52,580,973,777,217,716,132,729,336,286,914,74,49,63,67,64,66,66,69,67,69,76,71,59,74,68,67,70,58,54,71,63,63,67,52,65,70,69,57,71,79,69,80
[ 5545.265874] [AOA] Measurement: 0,1627133162.642775,08:55:31:9b:05:29,2,1,2,0,128,829,787,363,604,238,834,505,360,51,290,1009,151,642,891,130,464,128,427,648,198,1006,287,92,96,376,464,211,315,666,314,304,3,76,49,66,69,68,68,67,70,70,70,78,74,59,75,70,67,70,61,55,72,64,61,65,48,64,69,68,55,71,79,68,79
[ 5545.310846] [AOA] Measurement: 0,1627133162.687743,08:55:31:9b:05:29,2,1,2,0,128,395,24,978,834,760,1000,469,364,996,280,4,132,655,917,106,469,150,451,673,215,982,271,63,130,345,421,177,284,748,395,785,380,78,51,66,70,69,70,68,71,70,72,78,74,60,74,72,68,72,61,56,73,67,65,68,49,67,70,69,55,71,80,69,81
[ 5545.360161] [AOA] Measurement: 0,1627133162.737059,08:55:31:9b:05:29,2,1,2,0,128,374,1013,909,824,788,998,480,337,56,305,1014,146,637,921,90,428,105,414,641,175,463,121,102,140,408,479,254,339,699,312,731,338,74,49,66,69,68,69,67,69,69,69,77,73,59,74,71,69,72,59,57,73,65,63,67,50,68,70,69,55,71,78,66,79
[ 5545.399306] [AOA] Measurement: 0,1627133162.776207,08:55:31:9b:05:29,2,1,2,0,128,383,991,903,773,729,964,469,378,35,318,7,147,701,924,118,485,57,376,31,972,487,104,494,890,774,232,599,39,162,121,992,713,86,55,75,79,78,78,76,78,80,80,88,83,66,84,76,76,78,69,63,83,73,69,73,52,73,75,75,59,76,85,74,86
[ 5545.444786] [AOA] Measurement: 0,1627133162.821683,08:55:31:9b:05:29,2,1,2,0,128,815,775,383,642,826,20,469,335,5,236,443,973,101,721,532,243,556,167,132,10,2,314,141,179,321,389,210,304,636,275,443,118,80,50,68,69,70,70,68,70,72,71,80,74,59,76,69,70,71,64,56,75,67,63,67,48,66,67,66,54,68,77,66,78
[ 5545.484352] [AOA] Measurement: 0,1627133162.861253,08:55:31:9b:05:29,2,1,2,0,128,306,969,877,835,787,1011,479,346,1002,250,7,138,641,901,545,233,566,179,726,219,957,270,83,137,286,458,160,282,121,130,598,395,79,50,69,71,70,68,69,71,72,70,81,76,60,75,71,70,72,61,57,75,68,64,68,50,67,70,68,56,71,79,69,81
[ 5545.530050] [AOA] Measurement: 0,1627133162.906950,08:55:31:9b:05:29,2,1,2,0,128,435,54,866,806,784,8,541,382,40,287,12,164,699,937,120,482,41,361,89,1016,439,73,626,972,368,492,194,299,752,346,243,870,78,48,66,69,69,69,67,72,70,72,78,74,60,75,71,69,72,63,57,75,66,63,67,49,66,69,66,53,69,79,66,78
[ 5545.569024] [AOA] Measurement: 0,1627133162.945926,08:55:31:9b:05:29,2,1,2,0,128,876,805,342,610,235,819,860,58,438,53,430,978,130,682,672,301,553,179,616,126,395,61,514,929,822,219,687,128,129,103,914,707,74,51,63,68,67,68,66,70,67,70,77,71,59,73,69,67,68,59,55,73,64,62,66,50,64,67,69,55,70,78,68,80
[ 5545.614538] [AOA] Measurement: 0,1627133162.991435,08:55:31:9b:05:29,2,1,2,0,128,387,0,963,890,785,1003,442,311,1018,281,1022,156,653,898,112,405,570,170,87,998,401,36,541,964,796,254,642,128,150,108,588,378,88,54,76,79,78,76,74,76,79,80,87,81,65,84,78,76,78,69,60,82,71,68,70,51,71,73,71,54,73,84,68,84
[ 5545.653418] [AOA] Measurement: 0,1627133163.030319,08:55:31:9b:05:29,2,1,2,0,128,339,994,965,861,769,970,957,118,53,288,1019,185,666,906,154,482,118,400,617,173,993,265,103,176,333,432,187,320,669,324,964,765,79,47,68,71,69,70,67,69,72,70,79,72,58,74,69,67,69,62,54,73,64,58,63,44,63,64,64,50,67,76,62,75
[ 5545.692267] [AOA] Measurement: 0,1627133163.069168,08:55:31:9b:05:29,2,1,2,0,128,359,956,917,834,774,982,446,335,0,260,479,1000,616,898,178,517,52,337,683,197,996,301,102,130,261,382,200,299,695,335,576,282,73,50,63,68,65,68,65,71,67,69,74,72,58,72,70,67,69,59,53,70,63,62,66,50,65,69,68,56,70,79,69,79
[ 5545.731846] [AOA] Measurement: 0,1627133163.108744,08:55:31:9b:05:29,2,1,2,0,128,402,27,974,876,792,1000,542,387,51,304,1003,177,589,879,99,459,155,417,727,244,22,320,168,205,348,467,234,299,738,293,284,968,78,48,67,70,69,70,67,68,71,70,80,73,58,74,69,68,69,62,55,73,67,62,65,47,65,67,65,52,68,79,63,76
[ 5545.778635] [AOA] Measurement: 0,1627133163.155537,08:55:31:9b:05:29,2,1,2,0,128,447,31,909,804,840,26,471,388,77,361,62,247,650,942,158,485,166,427,675,202,11,308,133,162,335,446,241,331,757,349,123,803,77,49,67,70,70,70,67,70,68,71,78,73,60,75,71,69,72,62,55,75,65,63,67,50,65,70,69,57,71,79,68,83
[ 5545.871096] [AOA] Measurement: 0,1627133163.247992,08:55:31:9b:05:29,2,1,2,0,128,370,36,828,802,805,1017,459,335,465,74,481,990,70,682,112,452,107,372,616,172,476,122,561,962,776,203,264,363,729,349,405,138,78,49,68,71,68,70,69,71,72,72,79,75,60,76,72,71,72,62,57,75,67,65,67,50,66,71,69,56,73,79,70,81
[ 5545.921037] [AOA] Measurement: 0,1627133163.297933,08:55:31:9b:05:29,2,1,2,0,128,803,776,298,563,236,780,952,129,537,105,484,992,68,693,562,274,563,174,42,981,430,96,577,925,775,257,676,113,737,326,828,474,79,48,69,71,69,69,68,71,71,72,79,73,60,75,71,69,71,63,57,75,66,63,65,49,66,69,69,55,70,80,68,80
[ 5545.970588] [AOA] Measurement: 0,1627133163.347484,08:55:31:9b:05:29,2,1,2,0,128,434,49,954,824,820,1012,515,360,12,265,960,100,74,716,143,442,15,331,640,171,403,66,575,971,304,391,172,284,758,336,594,252,76,49,67,70,67,68,66,70,69,71,78,73,59,74,72,69,71,60,56,72,65,62,67,50,66,71,69,57,72,79,68,82
[ 5546.013251] [AOA] Measurement: 0,1627133163.390155,08:55:31:9b:05:29,2,1,2,0,128,377,1,926,851,841,1,488,365,54,322,998,162,576,832,634,244,65,362,653,148,29,316,65,131,375,466,272,348,706,348,54,730,77,50,66,70,70,69,68,71,71,71,81,75,59,75,71,69,73,61,57,75,66,65,67,50,66,69,68,54,69,78,68,80
[ 5546.055660] [AOA] Measurement: 0,1627133163.432561,08:55:31:9b:05:29,2,1,2,0,128,798,781,304,524,240,786,975,142,479,110,11,162,547,824,535,192,552,147,83,1004,416,60,619,1013,805,245,190,332,123,110,1013,739,76,48,67,70,68,69,67,68,70,69,78,73,58,73,68,69,71,64,56,75,67,63,65,47,64,65,64,53,66,75,63,75
[ 5546.098879] [AOA] Measurement: 0,1627133163.475777,08:55:31:9b:05:29,2,1,2,0,128,429,0,877,795,803,1011,475,364,80,345,1022,181,676,957,55,394,183,423,702,227,976,266,64,143,306,424,211,288,78,72,500,294,78,50,67,71,70,70,67,71,71,71,78,73,59,76,69,70,72,62,55,75,65,62,66,49,67,69,66,52,68,78,67,78
[ 5546.141257] [AOA] Measurement: 0,1627133163.518155,08:55:31:9b:05:29,2,1,2,0,128,368,1013,916,831,847,1003,508,372,982,237,1,197,689,947,91,436,98,371,692,247,927,260,82,145,328,453,678,144,158,125,484,231,76,50,64,69,67,68,66,69,66,67,74,71,58,72,68,67,70,58,54,71,63,63,66,50,64,69,68,57,72,79,68,81
[ 5546.182565] [AOA] Measurement: 0,1627133163.559468,08:55:31:9b:05:29,2,1,2,0,128,437,37,914,843,841,13,488,342,20,252,1007,129,637,880,565,221,110,387,685,223,1021,313,125,178,362,471,176,334,692,312,671,354,79,50,66,71,69,70,67,70,69,70,78,72,60,75,71,71,73,62,56,75,67,63,67,48,66,69,67,54,70,79,65,78
[ 5546.225501] [AOA] Measurement: 0,1627133163.602403,08:55:31:9b:05:29,2,1,2,0,128,360,1010,967,839,771,984,489,337,22,304,986,150,662,934,101,467,69,352,742,242,3,281,148,159,318,456,167,294,124,102,348,126,77,49,67,72,69,69,68,70,70,69,79,74,60,74,70,69,70,62,53,74,66,63,67,49,66,67,67,55,68,77,67,79
[ 5546.270693] [AOA] Measurement: 0,1627133163.647593,08:55:31:9b:05:29,2,1,2,0,128,827,779,965,854,825,12,505,316,4,283,1023,143,662,890,79,444,102,379,748,263,44,358,133,165,257,383,241,301,737,338,882,594,75,51,65,70,69,69,68,69,70,69,78,72,59,74,71,67,70,60,55,71,63,62,65,50,65,69,67,56,70,79,68,82
[ 5546.320162] [AOA] Measurement: 0,1627133163.697061,08:55:31:9b:05:29,2,1,2,0,128,843,822,323,599,264,798,1004,164,515,110,43,179,681,907,132,478,125,450,688,213,985,277,539,954,360,475,252,335,729,339,640,382,78,50,66,69,68,69,68,71,71,71,78,74,59,75,70,68,70,62,56,75,67,64,67,48,66,70,66,54,69,79,67,79
[ 5546.359398] [AOA] Measurement: 0,1627133163.736300,08:55:31:9b:05:29,2,1,2,0,128,814,768,358,616,784,997,501,346,1004,249,72,224,629,878,40,366,116,421,688,220,980,306,56,104,823,238,653,145,701,307,532,182,79,49,67,70,67,67,68,69,70,71,79,75,60,75,69,69,70,62,55,74,66,61,64,46,65,66,65,53,67,77,63,74
[ 5546.397045] [AOA] Measurement: 0,1627133163.773947,08:55:31:9b:05:29,2,1,2,0,128,857,820,302,566,315,845,517,366,58,327,1009,170,636,887,116,440,81,349,661,217,467,98,588,983,769,214,636,113,144,128,0,834,78,51,66,70,70,69,69,71,71,70,79,74,60,75,72,70,71,62,58,74,67,64,67,50,67,69,67,54,69,79,67,80
[ 5546.440000] [AOA] Measurement: 0,1627133163.816902,08:55:31:9b:05:29,2,1,2,0,128,382,996,947,836,773,1020,431,302,478,89,56,193,589,880,566,212,90,376,664,208,962,296,101,182,348,428,201,286,682,291,869,480,76,50,68,70,69,69,67,70,70,69,78,74,60,76,73,71,71,64,57,75,65,64,67,49,65,68,67,52,67,74,64,78
[ 5546.478539] [AOA] Measurement: 0,1627133163.855437,08:55:31:9b:05:29,2,1,2,0,128,408,19,888,808,775,997,465,318,415,3,485,1003,89,734,523,210,586,169,128,19,400,50,131,153,369,437,171,276,112,85,144,16,77,50,68,70,68,70,68,69,71,71,79,73,56,76,70,70,70,62,55,73,67,61,66,47,65,66,64,51,67,77,63,75
[ 5546.524894] [AOA] Measurement: 0,1627133163.901796,08:55:31:9b:05:29,2,1,2,0,128,876,815,351,590,226,768,888,72,470,83,439,967,87,715,567,226,540,147,116,13,1003,320,106,162,287,426,250,352,704,267,579,180,79,51,66,70,69,68,67,70,70,70,78,73,59,74,71,69,70,60,55,73,66,63,67,51,66,69,70,56,71,80,69,81
[ 5546.563940] [AOA] Measurement: 0,1627133163.940838,08:55:31:9b:05:29,2,1,2,0,128,378,18,917,832,832,20,452,316,997,233,512,1012,660,920,145,512,124,386,678,222,962,296,155,174,337,460,161,293,123,75,408,165,78,49,66,69,69,68,67,70,69,70,80,73,59,75,71,68,71,63,54,73,65,62,64,48,65,67,67,54,70,77,65,80
[ 5546.613375] [AOA] Measurement: 0,1627133163.990270,08:55:31:9b:05:29,2,1,2,0,128,367,1017,953,845,778,985,512,356,1021,218,972,144,637,918,557,214,79,332,117,12,1006,276,95,144,333,469,271,382,691,309,121,789,77,49,66,70,68,69,67,70,69,71,76,73,59,73,70,67,70,58,55,71,64,65,65,50,65,69,70,56,72,80,70,81
[ 5546.653388] [AOA] Measurement: 0,1627133164.030288,08:55:31:9b:05:29,2,1,2,0,128,391,1018,879,782,816,1009,435,313,3,284,990,121,638,948,108,460,102,408,615,171,1011,306,65,120,387,489,245,347,728,337,71,796,77,48,67,67,69,68,65,67,71,69,79,71,56,72,66,68,69,62,55,76,67,61,63,46,65,66,64,51,66,75,61,74
[ 5546.691791] [AOA] Measurement: 0,1627133164.068687,08:55:31:9b:05:29,2,1,2,0,128,835,817,889,771,808,1017,913,88,448,57,399,949,66,667,555,203,575,205,678,233,941,259,1019,63,771,183,672,113,92,78,799,575,80,49,70,70,70,69,69,68,73,72,81,73,58,74,67,67,68,61,56,72,65,60,62,45,62,65,65,50,66,77,62,75
[ 5546.741405] [AOA] Measurement: 0,1627133164.118301,08:55:31:9b:05:29,2,1,2,0,128,436,6,950,850,751,949,447,305,33,276,1023,189,680,929,74,425,112,405,738,259,6,331,110,154,394,520,214,340,712,350,808,428,76,49,63,69,68,68,67,68,67,68,75,68,57,71,70,68,70,60,53,71,64,62,67,52,65,69,68,57,70,78,70,82
[ 5546.789798] [AOA] Measurement: 0,1627133164.166699,08:55:31:9b:05:29,2,1,2,0,128,362,981,941,863,877,26,545,387,44,299,28,197,775,974,157,483,48,341,680,220,52,337,121,158,330,447,252,382,681,326,677,320,79,48,69,72,71,71,68,71,71,70,79,72,58,75,70,70,71,63,56,75,66,63,67,49,66,70,66,55,69,81,66,81
[ 5546.832192] [AOA] Measurement: 0,1627133164.209089,08:55:31:9b:05:29,2,1,2,0,128,389,9,933,866,820,15,496,341,30,270,992,161,651,903,157,469,69,368,692,249,27,345,92,138,410,517,307,400,694,321,372,985,80,50,68,71,69,69,68,70,72,71,78,74,60,76,70,70,72,63,56,74,67,64,66,49,65,69,67,56,71,79,67,78
[ 5546.881343] [AOA] Measurement: 0,1627133164.258239,08:55:31:9b:05:29,2,1,2,0,128,362,1003,899,811,248,766,1010,177,2,277,1004,178,652,914,116,488,998,302,84,990,479,100,476,892,737,190,678,141,132,136,308,25,80,48,69,70,70,70,68,69,72,70,80,74,58,73,68,67,68,60,55,74,65,60,64,47,64,66,64,50,66,73,61,73
[ 5546.928244] [AOA] Measurement: 0,1627133164.305147,08:55:31:9b:05:29,2,1,2,0,128,413,16,927,838,772,993,500,363,1021,283,11,167,662,934,161,489,155,433,632,191,24,302,97,146,366,501,232,358,778,379,266,938,77,49,66,72,69,69,67,70,70,71,78,73,60,75,71,69,71,61,54,72,65,64,66,50,65,69,68,56,70,79,68,82
[ 5546.974517] [AOA] Measurement: 0,1627133164.351414,08:55:31:9b:05:29,2,1,2,0,128,411,13,908,794,778,986,892,124,466,67,25,222,667,937,128,448,104,391,643,160,460,116,103,114,768,223,636,105,52,51,708,475,77,49,66,71,68,69,68,70,71,73,80,73,61,75,70,68,69,60,55,71,65,62,67,50,66,69,69,55,70,80,68,80
[ 5547.018660] [AOA] Measurement: 0,1627133164.395561,08:55:31:9b:05:29,2,1,2,0,128,401,6,901,809,804,1007,472,318,528,108,1021,173,706,966,154,484,83,386,691,198,954,262,83,132,376,468,245,369,713,318,126,808,78,50,68,71,69,68,67,69,72,72,81,74,59,76,71,69,72,62,56,73,66,64,64,47,67,69,66,54,70,79,65,81
[ 5547.062126] [AOA] Measurement: 0,1627133164.439026,08:55:31:9b:05:29,2,1,2,0,128,343,1000,910,804,788,990,461,316,973,240,78,209,706,940,99,448,122,398,705,199,443,142,140,181,333,422,195,284,141,132,927,638,79,49,68,70,69,70,69,71,70,71,79,74,58,74,70,70,71,61,54,74,66,63,66,47,66,68,66,53,69,81,65,78
[ 5547.110743] [AOA] Measurement: 0,1627133164.487643,08:55:31:9b:05:29,2,1,2,0,128,349,976,353,594,797,974,967,167,436,39,463,991,699,950,134,454,446,88,130,1017,503,161,84,136,792,237,236,319,711,295,198,870,78,49,65,70,68,68,67,68,67,70,78,74,59,74,71,68,71,61,55,73,66,63,66,48,66,69,68,55,70,79,66,79
[ 5547.149175] [AOA] Measurement: 0,1627133164.526071,08:55:31:9b:05:29,2,1,2,0,128,432,25,921,848,868,22,491,332,1011,245,1011,146,762,1021,113,459,185,449,660,187,985,265,106,129,270,391,247,347,691,309,1004,654,77,50,68,69,70,71,69,70,70,73,78,73,58,76,70,68,70,62,56,74,67,63,65,47,64,66,65,53,69,80,67,80
[ 5547.191513] [AOA] Measurement: 0,1627133164.568415,08:55:31:9b:05:29,2,1,2,0,128,352,970,923,788,803,7,518,350,45,298,1016,141,87,700,99,408,542,131,122,12,452,100,578,991,321,424,203,335,761,357,820,550,78,49,69,71,70,70,69,71,72,72,81,74,58,74,70,69,71,62,54,73,67,62,64,47,65,66,65,51,68,78,63,77
[ 5547.229078] [AOA] Measurement: 0,1627133164.605975,08:55:31:9b:05:29,2,1,2,0,128,828,801,368,606,196,761,901,95,456,53,446,943,120,745,568,185,619,201,115,1017,398,66,572,956,304,410,619,74,90,66,924,890,74,51,65,69,67,68,67,71,68,70,77,74,59,73,72,68,71,60,55,73,65,64,68,50,66,71,69,57,71,80,68,82
[ 5547.271374] [AOA] Measurement: 0,1627133164.648272,08:55:31:9b:05:29,2,1,2,0,128,436,14,855,801,216,797,939,143,522,93,1016,147,695,961,163,504,133,397,671,202,32,367,103,121,325,387,701,155,144,111,626,400,71,50,60,67,65,65,66,70,66,68,74,71,57,73,70,67,69,57,53,70,62,62,66,49,64,69,69,57,69,78,69,81
[ 5547.314090] [AOA] Measurement: 0,1627133164.690991,08:55:31:9b:05:29,2,1,2,0,128,387,22,949,855,777,998,527,372,1009,227,46,200,628,860,134,483,49,368,651,206,406,52,615,952,353,435,284,384,761,335,86,628,76,49,66,69,68,69,66,69,70,70,78,74,60,76,71,70,73,60,54,73,66,63,66,50,66,70,69,57,71,78,69,80
[ 5547.351744] [AOA] Measurement: 0,1627133164.728645,08:55:31:9b:05:29,2,1,2,0,128,830,798,267,518,269,832,952,134,1006,240,975,109,598,898,67,384,559,165,96,1009,385,65,555,941,343,422,704,116,146,109,495,367,79,48,68,71,69,68,68,66,71,71,80,74,58,74,70,68,69,61,55,75,67,62,65,47,64,67,65,52,68,78,63,78
[ 5547.389785] [AOA] Measurement: 0,1627133164.766685,08:55:31:9b:05:29,2,1,2,0,128,397,18,905,798,819,18,479,316,999,256,962,111,67,703,544,230,599,193,66,1010,415,94,103,135,300,398,199,319,670,256,35,832,86,55,75,78,75,77,75,78,78,79,87,82,67,82,81,77,78,68,63,81,72,71,73,54,73,78,77,62,78,89,77,90
[ 5547.433441] [AOA] Measurement: 0,1627133164.810341,08:55:31:9b:05:29,2,1,2,0,128,352,997,947,836,778,1014,482,345,18,292,51,237,687,914,88,439,86,379,712,239,983,312,36,107,378,479,200,288,701,313,79,908,77,50,67,68,66,69,66,70,69,70,78,74,60,71,71,70,70,61,55,74,65,64,67,51,66,70,70,57,72,79,68,82
[ 5547.476555] [AOA] Measurement: 0,1627133164.853456,08:55:31:9b:05:29,2,1,2,0,128,369,1023,841,750,192,790,908,96,475,69,441,1011,681,927,158,489,96,406,679,193,979,291,93,96,315,426,243,313,662,282,88,776,80,48,66,70,69,69,69,70,71,70,77,71,58,76,70,70,69,64,56,74,67,62,65,47,67,68,65,52,68,77,62,77
[ 5547.514001] [AOA] Measurement: 0,1627133164.890901,08:55:31:9b:05:29,2,1,2,0,128,395,988,883,806,842,1022,502,344,437,44,438,962,631,891,65,381,522,179,695,194,1005,336,143,162,391,488,208,351,662,304,970,558,78,51,68,73,70,71,69,71,71,71,78,73,60,76,73,69,71,61,55,73,65,64,67,51,66,70,69,57,70,78,70,81
[ 5547.555397] [AOA] Measurement: 0,1627133164.932293,08:55:31:9b:05:29,2,1,2,0,128,302,987,884,813,758,989,485,346,79,327,961,157,635,907,83,451,73,364,644,173,39,339,28,116,353,445,259,361,710,295,473,183,80,46,69,69,69,68,66,68,72,70,79,72,56,73,68,66,67,63,55,73,66,59,62,44,64,65,63,51,67,76,63,75
[ 5547.599347] [AOA] Measurement: 0,1627133164.976248,08:55:31:9b:05:29,2,1,2,0,128,880,828,932,791,219,817,980,144,21,287,973,96,93,714,559,262,78,355,61,1000,472,114,71,87,371,481,207,356,709,327,324,4,79,50,70,70,69,70,67,69,71,71,80,73,58,76,69,68,70,62,55,73,67,61,67,48,65,68,67,53,69,78,65,78
[ 5547.642384] [AOA] Measurement: 0,1627133165.019284,08:55:31:9b:05:29,2,1,2,0,128,842,808,371,590,189,774,968,145,436,42,432,939,106,686,589,241,596,186,101,1021,401,68,573,974,772,216,736,135,728,299,1005,685,79,51,68,71,69,69,67,70,71,71,77,74,59,74,72,66,72,61,56,74,66,63,67,49,66,69,68,56,71,80,67,81
[ 5547.685639] [AOA] Measurement: 0,1627133165.062535,08:55:31:9b:05:29,2,1,2,0,128,803,799,367,636,268,861,421,291,2,233,468,977,650,924,62,416,590,217,125,23,959,254,575,969,375,487,245,358,702,304,838,553,81,48,70,72,70,68,66,69,70,70,80,72,57,74,69,66,69,62,54,73,66,59,61,43,64,65,61,48,66,76,62,75
[ 5547.737933] [AOA] Measurement: 0,1627133165.114832,08:55:31:9b:05:29,2,1,2,0,128,360,983,356,578,262,820,960,143,16,272,39,227,685,933,160,487,128,417,653,183,973,279,610,971,352,447,150,329,636,259,599,364,79,43,68,68,66,65,63,64,68,66,76,68,53,68,65,63,66,61,52,70,63,54,57,40,59,57,54,42,56,66,51,63
[ 5547.780646] [AOA] Measurement: 0,1627133165.157545,08:55:31:9b:05:29,2,1,2,0,128,833,827,342,649,222,823,510,335,1013,275,1021,155,644,908,510,167,521,155,96,1003,481,131,547,957,777,183,701,105,167,119,861,721,80,44,67,67,67,68,66,65,70,68,76,67,52,71,64,63,64,59,53,69,63,56,59,39,58,59,56,45,58,69,54,66
[ 5547.835413] [AOA] Measurement: 0,1627133165.212311,08:55:31:9b:05:29,2,1,2,0,128,882,850,898,798,800,7,517,369,1010,287,1014,143,665,913,82,443,84,391,775,275,944,263,105,120,790,225,191,298,173,113,267,931,77,48,67,70,67,68,67,67,70,70,79,73,58,74,68,66,69,62,55,75,66,61,65,45,65,66,63,50,66,75,62,76
[ 5547.873565] [AOA] Measurement: 0,1627133165.250467,08:55:31:9b:05:29,2,1,2,0,128,368,1010,839,735,268,832,972,157,14,281,971,137,633,917,64,428,125,387,695,208,999,285,94,112,379,455,239,374,773,380,855,480,76,50,65,70,68,69,68,70,68,69,77,74,59,74,71,68,70,59,55,72,66,64,66,50,66,70,68,56,70,79,69,82
[ 5547.915899] [AOA] Measurement: 0,1627133165.292797,08:55:31:9b:05:29,2,1,2,0,128,310,954,892,779,712,975,888,89,417,61,394,929,63,658,582,210,575,187,83,1011,410,50,576,972,339,427,225,317,659,254,123,927,75,49,65,67,67,68,67,69,70,69,77,74,58,74,71,70,70,61,54,72,65,63,67,49,65,70,68,56,70,80,68,81
[ 5547.959802] [AOA] Measurement: 0,1627133165.336704,08:55:31:9b:05:29,2,1,2,0,128,341,986,865,786,761,994,414,266,501,106,940,122,65,658,550,244,540,129,15,956,503,97,567,979,363,458,654,119,696,289,339,48,79,49,69,70,71,70,69,71,71,70,80,73,58,73,72,69,71,62,56,74,67,65,66,50,66,70,70,55,70,79,67,80
[ 5548.003327] [AOA] Measurement: 0,1627133165.380227,08:55:31:9b:05:29,2,1,2,0,128,360,1018,883,797,209,795,957,119,470,47,428,964,108,718,589,235,99,391,728,239,1005,295,81,127,356,488,261,347,711,316,85,692,76,49,66,69,68,68,66,70,71,70,79,73,61,76,72,71,73,62,55,74,66,64,67,50,66,71,68,56,70,79,67,81
[ 5548.045276] [AOA] Measurement: 0,1627133165.422173,08:55:31:9b:05:29,2,1,2,0,128,403,3,878,769,777,989,948,129,437,45,474,985,102,699,613,265,85,353,707,254,989,265,58,110,304,426,241,331,687,279,837,618,76,51,65,68,68,67,67,70,69,70,77,74,59,74,70,70,70,59,52,71,65,63,67,50,66,68,68,56,72,79,68,82
[ 5548.096012] [AOA] Measurement: 0,1627133165.472914,08:55:31:9b:05:29,2,1,2,0,128,347,1014,877,785,152,756,933,106,14,233,420,991,670,914,571,205,581,194,631,185,50,357,50,94,377,439,223,307,745,331,843,452,79,49,67,71,69,69,68,69,71,71,80,74,59,75,69,69,70,63,53,74,67,63,66,48,66,69,66,54,67,78,65,79
[ 5548.140822] [AOA] Measurement: 0,1627133165.517721,08:55:31:9b:05:29,2,1,2,0,128,303,933,887,803,844,8,516,348,967,253,962,145,116,735,124,448,101,390,651,189,993,308,109,137,335,428,218,342,661,272,238,854,76,51,66,70,68,70,68,70,71,70,78,74,60,76,72,70,71,62,54,74,64,62,64,46,64,68,68,55,69,80,68,81
[ 5548.190280] [AOA] Measurement: 0,1627133165.567180,08:55:31:9b:05:29,2,1,2,0,128,387,1023,285,575,187,761,927,143,429,36,384,885,56,677,557,218,548,139,81,994,445,88,570,987,761,237,269,342,700,297,888,593,79,50,69,71,68,69,67,70,69,71,78,74,60,73,71,69,72,62,55,73,68,64,67,49,65,69,67,55,68,79,68,78
[ 5548.239826] [AOA] Measurement: 0,1627133165.616724,08:55:31:9b:05:29,2,1,2,0,128,818,789,387,623,283,847,532,394,12,259,424,948,137,726,151,444,61,351,56,5,457,111,569,962,399,490,190,308,690,317,5,778,76,49,67,70,68,68,67,70,69,70,77,73,57,72,70,68,71,60,55,73,66,65,66,51,66,70,69,55,69,78,69,80
[ 5548.281811] [AOA] Measurement: 0,1627133165.658715,08:55:31:9b:05:29,2,1,2,0,128,355,998,900,813,847,17,490,361,36,295,1008,152,649,918,83,466,113,411,672,193,1021,315,69,122,360,450,198,326,767,371,933,478,74,49,64,68,66,67,65,69,67,70,74,71,59,70,68,66,70,57,52,71,64,61,66,51,66,71,68,56,70,78,67,80
[ 5548.319487] [AOA] Measurement: 0,1627133165.696390,08:55:31:9b:05:29,2,1,2,0,128,385,36,903,852,894,47,437,321,37,287,1005,158,736,984,186,525,142,424,792,274,1011,332,138,185,360,497,129,286,710,352,1007,694,81,48,69,70,68,66,67,70,71,71,81,72,58,74,70,68,68,62,53,73,67,61,66,48,65,68,66,53,67,77,65,79
[ 5548.363462] [AOA] Measurement: 0,1627133165.740364,08:55:31:9b:05:29,2,1,2,0,128,314,1002,907,793,760,984,516,343,973,238,434,942,80,698,638,262,619,181,641,183,998,272,522,940,790,241,708,133,69,127,24,833,79,50,67,70,68,70,66,70,68,69,79,73,60,75,70,69,71,63,56,74,67,63,65,48,65,67,65,53,68,78,65,78
[ 5548.412996] [AOA] Measurement: 0,1627133165.789892,08:55:31:9b:05:29,2,1,2,0,128,389,20,943,835,768,1007,399,267,64,283,976,146,623,884,121,438,162,434,711,261,995,289,157,186,353,440,207,290,734,326,516,163,78,50,69,71,68,70,68,68,71,71,81,73,59,75,70,69,72,62,56,74,67,62,65,48,64,67,65,53,68,79,65,79
[ 5548.462464] [AOA] Measurement: 0,1627133165.839360,08:55:31:9b:05:29,2,1,2,0,128,864,818,856,822,189,784,933,69,481,30,418,937,158,760,140,487,61,378,112,12,976,276,102,140,353,425,663,123,119,108,745,621,78,51,67,70,68,69,67,69,68,70,78,73,60,75,71,70,70,62,56,74,67,62,66,50,66,68,68,56,70,78,69,79
[ 5548.506563] [AOA] Measurement: 0,1627133165.883464,08:55:31:9b:05:29,2,1,2,0,128,365,1020,932,838,817,10,490,314,1006,262,955,137,657,903,138,492,27,362,651,204,388,71,555,970,299,442,204,313,727,325,305,891,79,49,67,69,69,69,69,71,71,71,78,72,58,74,70,68,71,62,56,74,66,63,65,47,65,66,67,52,67,79,66,79
[ 5548.552229] [AOA] Measurement: 0,1627133165.929127,08:55:31:9b:05:29,2,1,2,0,128,447,24,908,827,821,1020,500,355,25,273,8,153,631,899,27,432,93,410,607,167,993,251,114,160,331,439,179,298,737,317,4,718,79,49,68,72,70,69,67,70,70,72,80,73,60,75,70,70,70,62,56,75,67,63,66,50,66,70,69,55,70,81,69,81
[ 5548.601215] [AOA] Measurement: 0,1627133165.978113,08:55:31:9b:05:29,2,1,2,0,128,843,836,302,577,250,814,947,153,449,55,471,984,614,882,551,175,607,242,616,162,8,276,116,133,372,493,130,283,705,299,679,330,77,49,64,69,66,67,66,68,67,70,75,71,58,72,70,68,71,59,54,72,64,64,67,51,64,70,70,57,72,79,70,81
[ 5548.651095] [AOA] Measurement: 0,1627133166.027992,08:55:31:9b:05:29,2,1,2,0,128,803,798,949,833,843,23,461,311,43,268,1019,140,620,888,72,426,494,160,97,11,419,80,563,950,774,198,653,93,117,67,733,502,77,51,67,71,69,69,68,71,69,71,79,74,59,74,72,69,71,61,55,75,66,64,67,50,65,70,69,57,69,79,68,81
[ 5548.693064] [AOA] Measurement: 0,1627133166.069960,08:55:31:9b:05:29,2,1,2,0,128,349,989,942,855,752,960,546,351,28,302,998,154,707,943,128,505,139,405,723,255,1002,344,99,129,284,402,270,356,698,303,399,17,77,48,65,70,67,68,68,70,72,70,80,71,59,73,70,67,70,61,55,73,66,62,65,48,65,68,66,53,69,78,65,78
[ 5548.737204] [AOA] Measurement: 0,1627133166.114104,08:55:31:9b:05:29,2,1,2,0,128,892,816,362,621,791,994,455,327,969,215,35,159,62,664,556,208,502,135,105,1012,431,74,570,981,738,206,648,117,83,80,557,402,81,46,69,70,69,68,67,66,72,69,79,73,57,73,67,66,70,63,56,73,66,62,64,45,64,64,63,50,67,76,63,75
[ 5548.781218] [AOA] Measurement: 0,1627133166.158119,08:55:31:9b:05:29,2,1,2,0,128,799,784,406,664,237,807,534,373,23,276,1005,137,698,964,141,466,25,325,674,213,998,303,123,176,279,380,225,349,640,264,586,383,78,49,67,71,68,68,66,70,69,68,77,71,56,74,69,68,70,63,55,75,66,61,66,47,64,65,64,49,67,75,62,74
[ 5548.823881] [AOA] Measurement: 0,1627133166.200783,08:55:31:9b:05:29,2,1,2,0,128,294,955,336,616,832,2,536,391,45,276,968,101,697,913,56,446,54,358,657,194,980,322,160,173,341,449,229,353,733,342,467,60,77,49,66,71,66,67,67,70,71,69,79,73,59,75,71,69,70,62,55,74,65,62,64,49,66,69,67,55,70,80,68,81
[ 5548.866339] [AOA] Measurement: 0,1627133166.243240,08:55:31:9b:05:29,2,1,2,0,128,361,1011,872,762,767,988,458,315,16,272,6,103,688,910,76,368,480,143,77,990,13,329,67,122,306,414,202,326,677,301,278,35,77,49,66,68,68,68,68,71,71,70,78,73,58,75,71,66,71,61,54,73,66,63,66,48,64,70,68,55,71,81,67,81
[ 5548.903698] [AOA] Measurement: 0,1627133166.280600,08:55:31:9b:05:29,2,1,2,0,128,813,802,989,878,832,1012,495,385,42,298,29,176,703,938,88,438,22,360,149,24,465,83,570,984,792,234,225,326,744,352,347,47,75,50,65,69,67,67,66,70,69,68,75,71,58,72,71,67,69,57,53,72,63,61,65,49,64,69,68,55,70,76,69,79
[ 5548.945113] [AOA] Measurement: 0,1627133166.322008,08:55:31:9b:05:29,2,1,2,0,128,405,15,949,901,775,1007,445,331,480,108,971,160,678,921,133,480,165,417,726,219,23,329,109,148,290,424,233,366,738,357,197,800,78,50,67,71,71,69,68,71,72,71,80,74,58,74,70,68,69,59,55,74,66,61,66,49,63,69,65,54,67,78,65,78
[ 5548.988462] [AOA] Measurement: 0,1627133166.365360,08:55:31:9b:05:29,2,1,2,0,128,406,12,921,854,835,1011,479,345,985,236,18,176,629,888,93,419,87,399,89,1004,364,46,580,964,860,279,194,297,699,305,142,775,79,49,70,70,68,71,69,71,72,72,81,75,59,75,72,70,71,61,56,75,67,63,66,48,64,69,67,54,70,78,67,80
[ 5549.031550] [AOA] Measurement: 0,1627133166.408447,08:55:31:9b:05:29,2,1,2,0,128,862,818,930,818,792,1021,450,359,1011,249,996,126,617,873,607,252,565,178,114,999,416,45,545,955,853,225,731,170,649,293,17,735,77,51,66,71,68,70,68,71,70,70,76,73,59,73,70,69,70,60,53,72,65,63,67,49,65,71,68,55,70,76,69,81
[ 5549.081310] [AOA] Measurement: 0,1627133166.458207,08:55:31:9b:05:29,2,1,2,0,128,837,836,312,577,241,795,0,157,1003,270,993,137,112,727,544,211,504,144,102,1015,428,71,596,1000,297,397,647,77,149,109,198,985,79,49,68,71,69,67,67,68,71,72,79,74,60,76,73,70,71,63,57,74,66,63,65,47,64,67,65,53,65,76,65,77
[ 5549.125959] [AOA] Measurement: 0,1627133166.502860,08:55:31:9b:05:29,2,1,2,0,128,852,863,905,792,787,1020,428,274,498,96,448,954,163,756,136,472,34,377,664,194,981,281,74,108,318,412,612,86,126,92,660,578,72,49,61,67,65,66,65,68,67,66,74,71,58,70,69,66,69,57,53,69,62,60,64,49,62,68,68,56,70,77,68,79
[ 5549.167483] [AOA] Measurement: 0,1627133166.544380,08:55:31:9b:05:29,2,1,2,0,128,351,999,885,776,807,988,483,332,475,52,29,134,699,933,136,452,98,385,654,214,917,239,579,966,725,160,665,113,122,111,877,749,74,50,64,69,66,68,66,70,67,69,76,73,60,74,72,68,69,60,54,71,62,62,66,49,65,69,66,56,70,79,67,82
[ 5549.209704] [AOA] Measurement: 0,1627133166.586600,08:55:31:9b:05:29,2,1,2,0,128,360,982,314,585,232,821,898,124,497,77,487,1018,681,927,62,436,54,352,135,13,946,246,591,1000,330,398,257,368,732,367,74,843,81,49,69,71,69,69,66,69,73,70,80,73,58,73,68,66,69,61,55,73,67,60,63,44,63,64,61,50,64,75,61,76
[ 5549.253397] [AOA] Measurement: 0,1627133166.630299,08:55:31:9b:05:29,2,1,2,0,128,342,973,336,600,217,793,911,135,22,280,9,197,646,930,124,482,82,353,681,186,378,67,117,147,760,181,678,104,216,157,652,279,78,48,67,69,68,67,65,68,70,70,80,74,59,75,70,69,72,61,56,73,66,60,63,47,66,68,66,52,68,80,66,78
[ 5549.295009] [AOA] Measurement: 0,1627133166.671906,08:55:31:9b:05:29,2,1,2,0,128,821,775,361,589,255,803,960,138,437,47,452,981,121,686,516,199,532,154,121,1017,438,87,534,920,780,254,179,284,185,162,585,438,80,49,68,72,69,70,70,70,72,71,80,74,60,77,71,69,70,61,57,74,66,63,67,50,66,67,67,55,70,78,68,79
[ 5549.336926] [AOA] Measurement: 0,1627133166.713822,08:55:31:9b:05:29,2,1,2,0,128,867,823,386,636,789,1009,484,362,1020,256,435,955,79,712,566,229,566,188,708,230,993,295,82,135,307,418,213,328,168,97,387,130,78,50,66,70,70,69,70,70,69,71,79,72,59,75,70,66,71,61,54,74,66,63,64,50,65,70,68,55,70,78,67,79
[ 5549.379403] [AOA] Measurement: 0,1627133166.756301,08:55:31:9b:05:29,2,1,2,0,128,809,775,373,616,293,883,530,364,2,290,1008,175,647,886,128,454,83,388,582,138,503,135,66,120,344,425,195,276,748,362,183,908,80,47,65,68,67,67,65,68,72,69,78,70,56,73,69,69,69,60,53,73,65,60,63,45,63,66,64,50,65,76,63,76
[ 5549.417540] [AOA] Measurement: 0,1627133166.794442,08:55:31:9b:05:29,2,1,2,0,128,344,964,864,804,732,966,484,335,998,219,1007,157,671,906,118,459,172,422,693,215,966,269,155,183,338,439,220,362,727,357,367,54,76,48,65,68,67,67,66,68,69,70,76,74,58,74,72,67,72,62,56,74,67,63,64,47,64,68,66,55,69,78,66,78
[ 5549.461368] [AOA] Measurement: 0,1627133166.838269,08:55:31:9b:05:29,2,1,2,0,128,357,1005,322,596,285,853,415,303,471,68,454,980,80,692,588,253,109,394,715,237,58,340,94,137,334,472,229,338,697,327,530,271,76,51,68,70,70,70,69,72,71,71,80,75,59,76,71,69,72,61,54,71,65,64,67,50,65,69,67,56,70,80,68,81
[ 5549.499618] [AOA] Measurement: 0,1627133166.876519,08:55:31:9b:05:29,2,1,2,0,128,395,6,893,805,801,1007,938,134,11,256,53,221,696,962,118,479,79,416,623,158,447,46,53,114,360,456,216,359,719,349,721,269,80,49,69,70,70,71,67,71,72,70,80,74,58,77,72,69,70,60,55,72,65,60,64,46,64,68,65,53,69,78,66,79
[ 5549.536849] [AOA] Measurement: 0,1627133166.913749,08:55:31:9b:05:29,2,1,2,0,128,377,967,963,824,843,45,453,344,30,280,967,147,641,877,521,202,562,162,699,205,971,297,24,100,365,419,279,344,655,276,111,946,77,50,67,70,69,70,67,71,71,70,79,73,59,74,71,69,68,60,55,72,64,63,66,48,66,68,68,57,72,77,69,81
[ 5549.576750] [AOA] Measurement: 0,1627133166.953647,08:55:31:9b:05:29,2,1,2,0,128,873,829,364,609,193,821,888,82,484,61,446,986,49,678,557,211,527,188,72,1016,410,62,533,974,348,451,135,293,712,299,342,55,77,47,68,67,68,67,67,66,70,68,76,71,57,71,67,68,69,61,54,74,66,60,63,45,64,66,63,50,64,75,61,75
[ 5549.615861] [AOA] Measurement: 0,1627133166.992763,08:55:31:9b:05:29,2,1,2,0,128,411,4,931,813,237,811,964,164,576,152,1004,164,724,979,38,406,132,399,672,196,926,248,581,944,291,375,695,154,141,111,694,469,78,49,66,72,70,69,67,69,69,71,79,72,58,75,71,69,71,62,56,74,67,64,67,48,66,68,67,55,69,78,66,79
[ 5549.657046] [AOA] Measurement: 0,1627133167.033946,08:55:31:9b:05:29,2,1,2,0,128,821,770,947,826,280,853,453,331,65,300,984,154,112,736,117,435,128,401,657,177,7,291,128,130,394,495,211,301,731,319,280,978,85,56,73,79,76,77,74,77,77,77,85,80,65,82,78,75,78,67,61,81,72,69,72,54,72,76,75,62,77,88,75,90
[ 5549.694722] [AOA] Measurement: 0,1627133167.071622,08:55:31:9b:05:29,2,1,2,0,128,377,1017,899,828,834,16,483,381,13,262,78,208,652,876,109,443,116,418,668,187,1006,286,145,180,280,433,169,273,830,404,896,561,80,47,68,69,68,69,67,67,70,70,78,71,55,72,67,65,68,61,54,72,64,58,60,43,64,62,61,47,62,73,57,70
[ 5549.733630] [AOA] Measurement: 0,1627133167.110530,08:55:31:9b:05:29,2,1,2,0,128,843,822,968,837,791,17,445,334,1018,227,993,117,643,891,530,231,89,362,686,202,984,280,129,168,354,450,626,91,155,100,196,1013,73,53,63,68,67,70,65,71,66,69,77,73,62,75,73,71,72,60,55,72,66,64,69,52,66,74,72,61,73,80,73,83
[ 5549.776829] [AOA] Measurement: 0,1627133167.153729,08:55:31:9b:05:29,2,1,2,0,128,344,1004,940,853,783,1011,476,335,983,237,1019,175,681,912,115,451,79,390,666,218,1017,320,138,167,382,459,225,363,706,312,276,927,72,50,63,66,65,67,64,68,66,67,71,70,57,69,68,64,67,54,50,65,59,60,64,49,62,67,67,56,67,74,67,78
[ 5549.815112] [AOA] Measurement: 0,1627133167.192011,08:55:31:9b:05:29,2,1,2,0,128,382,1019,917,802,783,1004,483,371,992,246,1014,136,624,877,123,450,111,389,602,137,372,32,463,872,779,216,669,94,152,117,650,435,82,56,71,74,75,76,74,78,77,77,86,80,64,81,79,74,77,66,61,81,74,68,72,54,72,75,74,59,74,85,71,86
[ 5549.861227] [AOA] Measurement: 0,1627133167.238130,08:55:31:9b:05:29,2,1,2,0,128,354,1008,851,758,228,779,949,160,426,54,27,186,642,931,97,502,98,406,649,167,0,275,567,974,797,203,233,299,750,336,159,762,78,51,66,70,70,69,67,70,69,69,76,73,58,72,71,69,72,60,55,73,65,64,67,51,66,69,68,58,70,77,67,79
[ 5549.907036] [AOA] Measurement: 0,1627133167.283933,08:55:31:9b:05:29,2,1,2,0,128,406,26,892,787,790,999,506,359,24,300,976,122,631,878,99,400,84,372,667,201,26,321,163,191,299,434,212,340,691,286,438,115,79,50,67,70,71,70,68,70,72,72,80,74,60,74,70,69,70,61,55,75,67,63,67,49,66,70,68,55,69,80,68,81
[ 5549.946433] [AOA] Measurement: 0,1627133167.323335,08:55:31:9b:05:29,2,1,2,0,128,421,6,932,805,838,39,565,421,60,343,28,176,688,983,163,526,166,446,741,263,957,289,76,144,356,481,277,384,795,397,194,805,74,51,65,69,67,67,65,70,66,68,75,71,58,70,69,67,67,59,53,69,63,63,66,49,64,71,68,57,72,80,69,80
[ 5549.992197] [AOA] Measurement: 0,1627133167.369094,08:55:31:9b:05:29,2,1,2,0,128,819,792,388,597,198,768,866,47,500,73,495,980,63,659,609,253,566,221,96,1002,355,36,590,975,777,203,682,119,164,123,379,107,76,50,66,69,67,68,66,70,70,71,77,73,59,73,71,67,72,61,56,72,66,63,66,50,64,68,67,56,71,79,67,80
[ 5550.030651] [AOA] Measurement: 0,1627133167.407551,08:55:31:9b:05:29,2,1,2,0,128,852,815,847,792,256,830,943,124,485,103,23,183,631,924,150,492,114,395,642,181,439,105,93,117,391,468,260,373,641,295,607,395,77,50,66,72,68,70,68,70,70,71,78,75,58,74,70,70,72,61,56,73,66,64,67,49,66,69,67,56,70,80,70,80
[ 5550.068485] [AOA] Measurement: 0,1627133167.445388,08:55:31:9b:05:29,2,1,2,0,128,388,991,944,831,843,21,537,391,23,335,51,212,663,914,165,460,126,376,687,206,998,289,121,133,344,459,251,355,731,342,714,356,76,51,65,69,69,67,67,71,70,71,77,73,58,74,72,69,71,61,54,73,64,63,67,49,66,69,68,57,71,79,69,80
[ 5550.111824] [AOA] Measurement: 0,1627133167.488724,08:55:31:9b:05:29,2,1,2,0,128,405,25,822,770,794,1006,532,371,6,326,1,185,710,939,111,425,182,434,689,183,1000,325,1023,108,798,246,704,161,709,316,211,884,78,50,65,70,68,69,67,70,72,71,79,74,59,73,71,68,70,62,55,74,66,63,66,48,65,67,66,53,68,78,64,77
[ 5550.150530] [AOA] Measurement: 0,1627133167.527426,08:55:31:9b:05:29,2,1,2,0,128,382,1008,320,612,206,778,918,101,427,16,493,1002,689,916,101,433,57,342,60,1017,4,329,58,126,353,443,143,257,185,138,745,529,79,45,69,68,65,67,64,64,70,68,77,70,53,71,63,64,64,60,51,69,63,56,59,41,60,59,57,43,57,69,53,68
[ 5550.200259] [AOA] Measurement: 0,1627133167.577156,08:55:31:9b:05:29,2,1,2,0,128,378,12,957,870,790,1006,553,409,40,308,24,164,713,946,111,477,109,419,695,228,960,243,134,166,282,432,190,348,735,320,671,313,79,49,69,72,69,69,68,70,72,71,80,73,60,78,71,69,71,62,55,74,67,63,67,50,67,69,68,55,69,79,67,81
[ 5550.239298] [AOA] Measurement: 0,1627133167.616199,08:55:31:9b:05:29,2,1,2,0,128,359,988,877,792,189,765,935,128,426,21,383,918,99,715,578,238,540,167,58,969,416,52,551,938,829,274,727,115,660,261,501,358,76,50,65,70,67,68,68,69,70,70,77,73,59,74,70,70,72,61,55,75,67,65,67,49,67,71,68,56,71,79,68,81
[ 5550.277141] [AOA] Measurement: 0,1627133167.654042,08:55:31:9b:05:29,2,1,2,0,128,383,1018,889,796,753,1014,446,328,1013,264,41,161,629,880,78,433,536,152,127,6,1016,297,71,120,373,475,211,310,98,73,125,1015,77,49,67,70,69,70,67,71,70,69,77,74,59,74,69,67,70,61,55,72,66,63,68,49,66,69,69,56,68,80,67,81
[ 5550.314853] [AOA] Measurement: 0,1627133167.691754,08:55:31:9b:05:29,2,1,2,0,128,322,947,886,799,200,799,937,134,65,299,13,150,655,934,73,420,180,432,660,191,2,300,66,152,381,441,170,296,648,255,699,449,77,50,67,70,68,69,68,70,70,71,78,74,59,74,71,68,72,62,55,73,67,63,67,49,66,69,69,55,71,79,69,79
[ 5550.357281] [AOA] Measurement: 0,1627133167.734183,08:55:31:9b:05:29,2,1,2,0,128,369,23,917,814,829,4,530,408,21,254,33,171,703,930,37,372,104,400,720,238,976,308,105,147,322,449,189,286,757,368,763,406,72,50,62,65,64,64,66,69,68,70,75,72,59,73,71,67,69,58,54,70,63,62,66,51,64,68,67,56,71,78,69,80
[ 5550.399982] [AOA] Measurement: 0,1627133167.776881,08:55:31:9b:05:29,2,1,2,0,128,388,1008,912,814,846,5,437,351,996,240,937,98,651,897,596,293,100,387,102,1020,378,2,579,983,770,207,674,103,685,300,166,952,77,50,66,70,68,67,67,71,69,70,79,73,58,73,71,69,69,59,54,73,65,62,65,48,65,69,67,55,70,80,68,80
[ 5550.443411] [AOA] Measurement: 0,1627133167.820309,08:55:31:9b:05:29,2,1,2,0,128,402,21,883,790,846,28,410,297,0,299,977,158,676,933,67,419,108,374,748,275,6,347,67,143,284,439,182,322,683,325,979,638,73,50,64,66,66,66,65,69,66,70,76,73,60,73,69,68,70,59,54,70,63,62,66,49,64,69,69,57,70,77,69,80
[ 5550.492483] [AOA] Measurement: 0,1627133167.869381,08:55:31:9b:05:29,2,1,2,0,128,430,1016,327,626,802,999,505,371,70,322,0,154,631,882,619,278,559,192,176,42,8,324,66,138,343,427,699,116,121,110,258,7,78,50,67,70,69,69,68,70,70,70,79,74,58,74,70,69,70,59,55,73,66,64,66,49,66,68,68,56,70,80,68,81
[ 5550.537712] [AOA] Measurement: 0,1627133167.914613,08:55:31:9b:05:29,2,1,2,0,128,342,952,924,810,775,992,507,356,39,341,61,215,626,877,99,437,134,401,664,188,973,288,39,93,356,477,274,382,778,402,135,725,74,50,64,68,67,67,66,70,67,69,75,72,60,72,68,70,71,58,54,71,65,64,65,50,66,70,69,57,69,78,69,79
[ 5550.578264] [AOA] Measurement: 0,1627133167.955161,08:55:31:9b:05:29,2,1,2,0,128,875,832,399,705,813,982,513,363,20,268,453,1008,99,674,593,227,119,365,662,185,432,83,584,954,879,315,168,298,152,130,940,692,77,47,68,70,69,69,69,70,71,71,81,74,60,75,71,68,71,61,55,74,66,63,68,48,66,69,69,55,69,79,67,80
[ 5550.623984] [AOA] Measurement: 0,1627133168.000887,08:55:31:9b:05:29,2,1,2,0,128,869,823,403,628,738,976,460,308,52,286,935,95,112,724,560,256,83,346,35,921,467,77,561,930,817,227,583,55,153,103,847,690,76,50,65,70,69,69,68,70,70,71,78,75,60,76,70,69,71,62,56,73,67,64,67,49,66,70,68,57,71,81,70,81
[ 5550.665257] [AOA] Measurement: 0,1627133168.042153,08:55:31:9b:05:29,2,1,2,0,128,394,0,908,812,761,964,557,374,18,274,988,159,638,922,167,479,116,401,679,231,8,330,72,134,336,457,288,378,721,309,386,1008,67,48,59,64,61,64,62,66,62,63,68,68,54,67,67,64,66,53,50,64,59,59,62,48,60,67,65,56,67,72,67,75
[ 5550.707007] [AOA] Measurement: 0,1627133168.083903,08:55:31:9b:05:29,2,1,2,0,128,316,990,908,809,776,982,933,107,32,266,68,189,675,921,184,513,136,380,678,225,940,255,102,130,293,390,284,356,743,359,661,195,74,49,63,67,66,68,66,69,68,68,76,70,59,73,72,68,70,59,53,73,65,62,67,50,64,68,68,56,70,79,68,81
[ 5550.749019] [AOA] Measurement: 0,1627133168.125917,08:55:31:9b:05:29,2,1,2,0,128,402,11,941,824,785,998,511,370,1016,251,1018,180,707,978,152,501,144,426,658,194,1003,313,117,156,287,425,703,158,98,110,974,702,80,45,68,69,69,68,65,65,71,69,78,72,54,72,66,67,68,62,54,73,65,61,63,45,65,65,63,50,66,77,62,76
[ 5550.787276] [AOA] Measurement: 0,1627133168.164176,08:55:31:9b:05:29,2,1,2,0,128,362,995,847,808,214,785,974,152,66,279,9,198,663,932,147,423,169,417,677,208,972,258,84,108,797,195,639,109,683,309,828,611,75,51,64,69,69,70,67,70,67,70,76,71,60,75,71,68,70,59,53,72,64,61,67,51,64,70,69,57,70,77,69,80
[ 5550.827231] [AOA] Measurement: 0,1627133168.204127,08:55:31:9b:05:29,2,1,2,0,128,827,831,358,646,204,768,971,124,462,90,1011,147,635,907,157,444,92,371,614,177,473,113,92,105,818,207,626,101,167,100,761,624,79,49,68,71,69,69,69,70,70,72,79,74,57,75,71,70,70,60,55,72,65,61,65,48,65,69,66,53,69,77,67,77
[ 5550.872442] [AOA] Measurement: 0,1627133168.249342,08:55:31:9b:05:29,2,1,2,0,128,414,18,887,803,848,1022,434,302,60,275,6,149,701,958,178,518,105,357,664,212,5,317,153,201,351,465,153,290,670,303,231,960,80,49,69,72,71,68,69,69,72,72,79,73,59,76,70,69,71,63,57,76,67,64,66,48,65,67,66,53,68,79,64,78
[ 5550.910174] [AOA] Measurement: 0,1627133168.287076,08:55:31:9b:05:29,2,1,2,0,128,837,799,355,645,791,1013,473,341,496,64,6,142,699,929,149,485,29,316,116,1001,377,38,561,925,706,164,639,88,147,109,699,413,78,49,69,71,69,68,68,69,72,72,81,74,59,74,69,69,69,63,55,72,67,61,64,46,65,67,63,51,65,75,64,75
[ 5550.950936] [AOA] Measurement: 0,1627133168.327832,08:55:31:9b:05:29,2,1,2,0,128,850,829,345,574,228,827,938,141,459,78,448,996,109,686,626,249,42,354,691,226,1022,294,130,156,412,503,175,292,707,315,929,647,76,50,66,70,70,69,68,72,71,72,79,74,60,74,72,68,73,62,56,74,66,64,67,50,68,71,67,55,71,80,69,82
[ 5550.992977] [AOA] Measurement: 0,1627133168.369873,08:55:31:9b:05:29,2,1,2,0,128,824,817,359,591,256,794,893,118,418,17,503,998,91,687,515,219,472,113,51,973,386,32,547,920,833,258,254,362,690,309,637,389,79,49,68,70,71,71,69,69,72,72,79,73,57,74,69,69,70,62,57,75,67,62,66,47,64,68,66,51,68,79,66,78
[ 5551.038197] [AOA] Measurement: 0,1627133168.415099,08:55:31:9b:05:29,2,1,2,0,128,870,845,335,606,244,792,956,143,969,225,450,952,128,743,113,438,116,380,632,192,971,286,37,112,786,197,737,151,114,71,906,730,75,49,65,69,68,67,67,69,69,69,76,71,58,74,69,67,68,59,53,73,66,62,66,49,66,69,67,54,68,76,66,78
[ 5551.081835] [AOA] Measurement: 0,1627133168.458736,08:55:31:9b:05:29,2,1,2,0,128,330,985,329,585,237,801,945,161,497,87,485,992,153,714,592,258,599,191,677,199,960,274,109,152,314,450,235,342,670,291,205,978,83,55,72,75,75,75,73,77,77,78,85,80,65,82,78,75,76,65,59,80,72,68,72,54,72,77,74,61,77,87,74,87
[ 5551.130941] [AOA] Measurement: 0,1627133168.507838,08:55:31:9b:05:29,2,1,2,0,128,350,1005,944,861,816,1003,402,279,416,63,468,980,124,725,148,487,137,445,700,233,1009,319,88,175,300,417,216,310,722,317,709,539,77,47,65,68,67,65,68,69,69,69,76,71,58,73,69,66,69,58,52,73,66,62,65,48,66,67,65,53,68,79,64,76
[ 5551.178224] [AOA] Measurement: 0,1627133168.555128,08:55:31:9b:05:29,2,1,2,0,128,424,25,882,827,215,770,941,137,1010,247,4,145,640,911,93,435,77,370,677,221,932,227,575,930,765,216,258,341,693,335,737,486,66,48,57,63,62,64,63,67,65,66,72,68,57,70,68,64,69,56,53,66,60,61,65,48,62,66,67,57,70,77,68,79
[ 5551.235121] [AOA] Measurement: 0,1627133168.612023,08:55:31:9b:05:29,2,1,2,0,128,848,812,289,594,233,815,965,167,473,82,979,111,666,909,62,413,82,360,631,154,12,314,162,226,340,476,214,337,86,115,38,790,77,51,66,70,67,69,68,71,69,70,77,72,59,73,71,69,70,61,56,72,65,62,67,50,66,70,68,57,71,77,68,79
[ 5551.280129] [AOA] Measurement: 0,1627133168.657028,08:55:31:9b:05:29,2,1,2,0,128,428,30,971,874,821,1014,493,372,1019,267,30,227,600,877,100,428,62,350,684,247,9,316,104,162,422,520,257,362,676,302,374,38,85,55,73,78,74,76,74,78,78,78,87,81,65,84,78,76,79,68,61,82,74,69,74,54,73,76,75,61,77,88,76,88
[ 5551.322803] [AOA] Measurement: 0,1627133168.699702,08:55:31:9b:05:29,2,1,2,0,128,401,24,896,785,793,1012,474,322,7,261,20,192,696,925,150,465,121,410,755,263,1002,310,92,142,335,449,246,368,700,369,898,546,81,49,67,71,70,71,69,68,71,71,81,74,58,72,70,68,69,62,55,72,65,60,63,45,64,64,62,51,64,75,61,75
[ 5551.377705] [AOA] Measurement: 0,1627133168.754606,08:55:31:9b:05:29,2,1,2,0,128,414,28,897,788,810,988,477,327,59,297,978,137,51,674,610,285,23,348,708,214,6,328,115,182,325,418,682,130,117,88,549,383,78,46,69,71,68,68,68,69,71,70,79,74,58,75,69,67,68,60,54,74,66,61,64,46,65,66,65,50,67,77,63,77
[ 5551.421158] [AOA] Measurement: 0,1627133168.798060,08:55:31:9b:05:29,2,1,2,0,128,848,803,893,791,844,1019,424,290,6,270,1023,160,702,947,42,385,588,221,679,215,23,318,146,160,356,444,206,348,674,300,368,114,75,50,63,70,66,69,66,67,72,71,80,74,59,75,70,69,70,62,56,75,66,61,67,49,66,69,67,53,68,77,66,78
[ 5551.464742] [AOA] Measurement: 0,1627133168.841642,08:55:31:9b:05:29,2,1,2,0,128,385,28,911,832,769,983,472,353,477,73,458,979,629,882,86,437,115,399,718,239,1002,314,99,181,359,437,201,339,694,292,692,352,79,51,68,70,69,69,69,71,72,73,79,75,60,77,72,70,71,61,56,75,66,64,67,50,66,69,69,56,71,79,68,80
[ 5551.508470] [AOA] Measurement: 0,1627133168.885372,08:55:31:9b:05:29,2,1,2,0,128,347,969,909,804,781,2,428,296,7,259,42,204,620,885,90,430,87,375,660,205,928,241,84,107,294,417,244,293,72,81,169,998,87,53,75,78,74,77,74,75,76,74,85,81,63,81,75,75,78,69,62,82,73,68,70,51,70,71,70,56,75,84,69,83
[ 5551.551828] [AOA] Measurement: 0,1627133168.928728,08:55:31:9b:05:29,2,1,2,0,128,420,1018,915,783,795,1006,443,327,992,254,2,169,668,914,135,482,132,454,688,248,19,350,147,189,388,501,272,351,741,389,901,472,79,49,69,72,70,70,69,70,70,69,79,74,58,73,71,69,72,62,55,74,67,63,67,49,65,70,69,55,69,79,68,80
[ 5551.602031] [AOA] Measurement: 0,1627133168.978932,08:55:31:9b:05:29,2,1,2,0,128,350,1004,328,592,251,815,925,151,36,317,977,146,684,933,111,408,151,469,639,201,421,93,114,131,764,232,751,184,737,303,25,735,77,48,64,65,67,68,68,69,71,72,79,73,58,74,70,67,69,61,55,75,67,62,63,46,63,68,64,51,67,76,63,76
[ 5551.645322] [AOA] Measurement: 0,1627133169.022223,08:55:31:9b:05:29,2,1,2,0,128,361,1001,940,861,777,974,496,335,464,60,14,215,671,902,182,483,105,392,697,210,30,340,73,120,308,431,294,397,717,332,753,452,78,49,68,71,70,70,67,69,69,71,79,73,57,76,70,68,71,62,55,75,67,64,66,48,66,67,66,51,68,78,64,77
[ 5551.688820] [AOA] Measurement: 0,1627133169.065720,08:55:31:9b:05:29,2,1,2,0,128,826,814,350,623,170,745,936,135,512,71,1015,146,587,849,596,234,523,161,86,1007,486,104,512,900,835,228,643,88,172,126,800,567,81,48,67,69,69,68,68,68,71,71,78,73,60,75,70,68,71,63,54,74,66,63,65,48,66,68,65,53,69,78,64,79
[ 5551.734754] [AOA] Measurement: 0,1627133169.111651,08:55:31:9b:05:29,2,1,2,0,128,406,1021,873,782,794,987,451,322,46,282,983,134,596,895,603,287,119,439,698,214,6,330,108,184,340,432,119,258,720,322,947,714,80,49,69,72,69,70,67,69,71,70,79,73,57,74,68,67,70,63,53,74,66,60,62,44,62,64,62,50,65,74,62,76
[ 5551.779451] [AOA] Measurement: 0,1627133169.156352,08:55:31:9b:05:29,2,1,2,0,128,831,814,363,594,275,851,906,134,434,68,1006,121,664,935,595,242,552,188,121,1021,997,279,87,150,396,485,256,353,776,352,319,938,85,55,73,78,77,77,75,79,78,81,88,83,66,82,79,77,78,67,62,80,73,69,72,53,71,75,76,61,78,87,75,90
[ 5551.823640] [AOA] Measurement: 0,1627133169.200543,08:55:31:9b:05:29,2,1,2,0,128,400,1017,901,810,826,988,877,76,436,77,433,940,82,700,640,280,549,166,719,250,973,283,120,163,738,173,648,123,124,105,86,872,79,50,67,69,68,69,68,69,72,72,79,72,60,75,71,68,71,62,55,73,66,62,66,48,66,67,67,55,69,79,66,79
[ 5551.865981] [AOA] Measurement: 0,1627133169.242878,08:55:31:9b:05:29,2,1,2,0,128,388,997,885,793,815,1017,484,383,998,261,24,156,665,910,104,445,124,400,666,187,51,328,71,131,359,442,228,336,724,339,661,223,70,50,59,66,64,64,62,67,65,64,71,68,56,69,68,65,67,56,50,65,59,60,63,48,60,66,65,56,68,73,67,77
[ 5551.909782] [AOA] Measurement: 0,1627133169.286679,08:55:31:9b:05:29,2,1,2,0,128,401,19,888,807,742,953,439,314,54,314,1006,158,651,875,589,265,97,410,750,241,994,303,99,152,416,485,253,381,737,326,925,382,78,47,67,71,69,68,68,68,72,71,79,73,57,75,69,69,69,62,55,73,67,62,64,45,64,67,63,51,65,76,62,76
[ 5551.952422] [AOA] Measurement: 0,1627133169.329323,08:55:31:9b:05:29,2,1,2,0,128,400,14,939,823,824,6,497,387,41,331,985,110,685,927,193,487,75,381,742,270,1008,309,124,169,317,422,220,323,664,294,567,325,79,50,69,71,71,70,68,70,72,72,79,75,57,74,70,69,69,61,55,75,66,64,67,49,66,69,68,53,71,78,66,80
[ 5551.995007] [AOA] Measurement: 0,1627133169.371907,08:55:31:9b:05:29,2,1,2,0,128,845,781,365,610,172,765,559,394,979,254,989,161,612,869,105,454,58,331,56,993,384,6,580,979,805,233,650,60,197,134,955,783,79,51,70,71,69,69,67,69,69,69,79,74,59,75,69,70,71,62,55,74,66,62,67,48,66,69,69,54,68,78,66,79
[ 5552.037975] [AOA] Measurement: 0,1627133169.414876,08:55:31:9b:05:29,2,1,2,0,128,865,847,344,611,245,826,498,363,1002,216,486,968,85,695,584,240,546,158,105,989,460,87,526,949,391,432,230,323,721,329,632,271,75,51,65,67,67,67,66,70,68,69,75,72,58,72,69,66,69,59,55,70,64,62,67,51,66,70,68,58,71,79,68,81
[ 5552.083275] [AOA] Measurement: 0,1627133169.460172,08:55:31:9b:05:29,2,1,2,0,128,417,1020,920,803,798,1010,445,315,445,37,442,978,51,696,532,184,501,124,101,1023,13,344,71,138,346,446,229,318,727,320,610,370,79,56,69,75,73,72,72,73,74,76,82,78,64,78,76,74,76,66,59,78,70,69,74,55,72,77,76,62,77,85,77,86
[ 5552.137775] [AOA] Measurement: 0,1627133169.514675,08:55:31:9b:05:29,2,1,2,0,128,329,978,909,794,761,976,500,328,405,44,445,970,19,638,541,226,546,173,163,20,993,268,87,100,268,397,233,326,82,47,521,416,79,48,69,71,68,68,67,67,69,67,77,71,56,72,68,66,66,61,55,73,64,60,62,44,62,63,61,48,63,76,61,73
[ 5552.180298] [AOA] Measurement: 0,1627133169.557194,08:55:31:9b:05:29,2,1,2,0,128,408,1000,950,832,728,949,517,397,10,270,9,181,592,843,631,227,576,189,130,36,391,69,527,941,822,245,699,118,725,339,561,311,74,50,65,69,69,67,66,69,70,70,79,73,59,75,70,70,71,61,56,75,67,62,67,49,66,68,67,56,69,80,68,80
[ 5552.219039] [AOA] Measurement: 0,1627133169.595940,08:55:31:9b:05:29,2,1,2,0,128,382,30,933,823,802,994,419,274,1017,267,407,940,110,708,544,244,574,205,138,22,1012,289,112,149,318,427,169,281,653,283,212,933,80,50,69,73,70,68,67,68,70,69,78,71,58,76,71,70,70,62,56,74,66,61,66,48,66,69,68,54,68,79,66,80
[ 5552.263730] [AOA] Measurement: 0,1627133169.640630,08:55:31:9b:05:29,2,1,2,0,128,412,16,955,818,788,994,465,338,20,322,983,126,676,940,114,473,73,384,669,210,1001,266,115,150,355,451,198,321,750,345,938,548,78,50,68,72,70,68,66,69,71,70,77,72,61,73,71,69,72,61,54,73,66,64,67,50,66,70,69,58,71,79,69,80
[ 5552.306304] [AOA] Measurement: 0,1627133169.683201,08:55:31:9b:05:29,2,1,2,0,128,367,993,767,718,259,812,952,171,1001,276,1019,162,635,897,121,447,55,349,143,16,983,302,140,175,328,397,250,327,649,290,827,593,80,49,69,70,69,70,68,71,72,72,80,73,59,71,70,68,70,62,57,74,67,62,66,48,63,66,64,51,68,78,65,78
[ 5552.350639] [AOA] Measurement: 0,1627133169.727536,08:55:31:9b:05:29,2,1,2,0,128,343,990,951,823,822,19,489,356,80,354,35,205,675,909,121,427,108,393,679,197,409,81,578,992,356,461,277,380,749,342,22,630,76,49,67,71,68,69,66,70,70,69,78,73,58,74,70,70,70,60,56,73,65,63,66,48,65,70,68,56,70,79,67,80
[ 5552.393034] [AOA] Measurement: 0,1627133169.769937,08:55:31:9b:05:29,2,1,2,0,128,320,982,913,810,200,800,948,173,1008,279,75,209,696,941,155,491,147,465,723,221,10,316,109,144,360,473,243,387,701,327,393,58,80,49,69,72,70,70,69,69,71,70,78,72,58,74,69,68,70,61,56,75,68,63,66,48,66,68,67,54,68,77,66,79
[ 5552.436355] [AOA] Measurement: 0,1627133169.813256,08:55:31:9b:05:29,2,1,2,0,128,346,974,878,803,257,834,449,307,996,247,1015,177,668,906,36,401,109,372,684,218,996,306,102,147,373,449,203,324,739,336,823,308,77,48,67,70,67,68,67,71,72,70,78,74,59,75,71,69,71,62,55,76,67,63,67,49,67,69,69,56,72,79,67,79
[ 5552.482705] [AOA] Measurement: 0,1627133169.859602,08:55:31:9b:05:29,2,1,2,0,128,799,799,345,633,811,24,433,288,39,294,996,136,638,903,118,446,101,377,620,186,983,273,141,179,329,492,280,399,744,335,103,660,77,50,66,70,67,68,66,71,70,69,77,73,60,76,71,68,71,61,56,73,67,64,66,49,64,70,68,55,69,79,68,82
[ 5552.529387] [AOA] Measurement: 0,1627133169.906288,08:55:31:9b:05:29,2,1,2,0,128,412,73,904,805,776,984,428,344,21,309,33,143,637,918,111,457,185,445,704,244,1005,313,95,180,352,469,246,389,666,306,729,349,79,53,67,73,70,72,70,76,72,73,81,78,63,80,77,72,75,64,59,76,68,69,70,54,69,75,74,63,77,84,76,87
[ 5552.573273] [AOA] Measurement: 0,1627133169.950176,08:55:31:9b:05:29,2,1,2,0,128,872,831,977,875,783,996,484,340,1020,291,1000,142,624,861,113,445,70,384,685,195,958,273,547,929,323,413,166,288,171,138,989,703,87,55,75,77,76,74,75,78,77,79,89,82,67,85,80,77,76,68,62,81,73,69,72,53,73,75,76,59,77,87,73,89
[ 5552.626082] [AOA] Measurement: 0,1627133170.002977,08:55:31:9b:05:29,2,1,2,0,128,373,1,881,800,810,1001,988,136,1021,298,1014,137,615,872,106,436,97,359,655,177,65,364,107,155,351,460,270,351,679,333,611,228,77,51,68,70,69,68,66,71,69,70,77,74,58,74,70,67,70,61,55,73,66,63,67,50,65,69,68,57,71,79,68,80
[ 5552.672514] [AOA] Measurement: 0,1627133170.049415,08:55:31:9b:05:29,2,1,2,0,128,816,788,929,835,832,1007,952,114,489,88,457,1014,100,693,129,444,65,373,669,197,419,84,572,982,779,227,224,325,748,354,764,383,76,50,65,70,69,69,66,69,70,70,79,73,58,76,72,68,70,59,55,72,66,63,66,48,65,70,67,55,70,79,68,81
[ 5552.713284] [AOA] Measurement: 0,1627133170.090179,08:55:31:9b:05:29,2,1,2,0,128,325,996,871,809,862,25,433,316,55,301,975,131,614,912,97,433,57,391,698,223,957,264,139,149,381,476,243,385,722,356,121,808,76,48,66,69,67,68,66,70,70,70,77,71,58,74,69,68,70,60,54,70,65,62,67,49,66,69,68,56,71,79,68,81
[ 5552.758796] [AOA] Measurement: 0,1627133170.135697,08:55:31:9b:05:29,2,1,2,0,128,377,1013,923,802,791,999,936,130,1012,273,996,132,604,890,198,516,72,380,692,237,954,223,64,126,283,381,286,367,784,366,628,320,76,49,66,69,65,68,66,68,70,69,79,74,58,76,70,69,71,61,55,73,64,61,66,48,65,68,66,52,67,79,66,80
[ 5552.803066] [AOA] Measurement: 0,1627133170.179969,08:55:31:9b:05:29,2,1,2,0,128,351,978,305,612,327,869,892,53,102,330,3,158,715,925,154,482,130,403,686,244,42,345,81,125,748,193,644,80,191,122,990,840,78,50,64,69,67,68,68,70,71,71,78,73,59,72,70,66,71,62,55,72,67,62,66,49,67,70,68,56,70,79,67,80
[ 5552.853076] [AOA] Measurement: 0,1627133170.229977,08:55:31:9b:05:29,2,1,2,0,128,914,844,319,572,234,772,1014,157,989,232,1000,149,615,887,75,409,520,173,108,990,427,90,567,957,809,219,575,38,77,55,233,195,79,45,69,68,67,68,66,66,69,68,77,71,54,72,66,65,68,60,54,71,63,57,60,40,60,57,56,45,58,71,55,70
[ 5552.899320] [AOA] Measurement: 0,1627133170.276221,08:55:31:9b:05:29,2,1,2,0,128,472,33,859,810,811,1007,530,362,77,318,21,193,715,925,162,488,144,431,711,233,962,281,80,127,340,454,209,316,790,370,554,181,77,51,65,69,69,69,66,70,68,71,76,74,58,75,70,68,72,62,56,75,66,64,67,50,66,68,67,54,69,77,65,78
[ 5552.943146] [AOA] Measurement: 0,1627133170.320047,08:55:31:9b:05:29,2,1,2,0,128,828,803,351,590,299,831,500,320,23,309,987,176,663,894,158,450,81,410,649,179,993,287,533,982,384,470,277,374,718,312,408,95,76,50,65,71,69,68,66,69,69,68,78,73,58,74,70,68,72,61,54,72,66,63,66,49,65,70,69,55,71,80,68,82
[ 5552.984437] [AOA] Measurement: 0,1627133170.361334,08:55:31:9b:05:29,2,1,2,0,128,886,821,852,786,811,991,902,102,1018,257,429,958,643,884,122,416,97,368,117,997,401,51,593,983,342,415,658,76,112,47,641,540,79,48,67,69,69,68,65,67,71,71,80,72,57,73,68,65,68,60,52,74,65,59,63,45,64,64,62,49,64,73,62,74
[ 5553.028988] [AOA] Measurement: 0,1627133170.405888,08:55:31:9b:05:29,2,1,2,0,128,355,1010,333,611,253,824,473,330,1019,272,1010,156,677,952,88,445,112,375,672,198,998,295,26,115,358,453,276,394,656,346,710,284,81,49,69,71,68,67,66,66,72,70,79,72,56,74,67,67,68,60,54,74,66,59,62,44,63,62,60,48,62,74,58,73
[ 5553.073738] [AOA] Measurement: 0,1627133170.450639,08:55:31:9b:05:29,2,1,2,0,128,785,796,326,582,274,835,929,130,473,56,477,989,635,880,643,271,534,152,43,935,470,90,623,984,823,259,659,90,148,87,313,139,75,49,64,68,67,66,65,69,66,69,75,70,56,72,70,66,70,57,55,71,62,62,65,49,64,70,67,56,70,76,68,79
[ 5553.123250] [AOA] Measurement: 0,1627133170.500147,08:55:31:9b:05:29,2,1,2,0,128,321,982,985,869,829,22,465,385,135,347,1016,167,709,937,169,488,115,398,627,165,992,284,173,202,351,435,235,388,688,295,278,970,70,48,61,65,64,63,62,67,64,66,70,68,56,68,67,63,68,56,49,66,61,60,63,48,61,67,66,55,69,74,66,78
[ 5553.173444] [AOA] Measurement: 0,1627133170.550340,08:55:31:9b:05:29,2,1,2,0,128,408,18,919,820,799,1005,475,361,454,68,989,120,709,904,180,492,106,379,729,203,990,280,93,154,401,472,251,359,702,329,383,68,78,49,66,69,68,70,67,70,71,71,80,74,59,75,71,68,71,62,56,74,68,65,66,48,67,70,67,53,68,79,68,79
[ 5553.217618] [AOA] Measurement: 0,1627133170.594520,08:55:31:9b:05:29,2,1,2,0,128,867,842,387,644,281,868,453,297,428,17,461,990,152,741,534,230,145,442,661,211,986,322,75,105,359,460,637,86,161,123,228,28,77,48,67,71,69,69,68,71,70,70,79,75,58,73,70,68,71,62,55,74,66,63,64,47,64,67,66,53,68,78,65,79
[ 5553.259885] [AOA] Measurement: 0,1627133170.636781,08:55:31:9b:05:29,2,1,2,0,128,384,993,333,575,221,797,961,111,483,76,427,957,157,721,552,223,604,185,109,1007,396,33,558,971,770,210,671,104,146,106,655,506,71,49,61,66,64,65,63,68,63,66,73,69,56,70,68,65,67,56,51,67,59,59,64,49,62,68,66,55,68,74,68,77
[ 5553.298224] [AOA] Measurement: 0,1627133170.675127,08:55:31:9b:05:29,2,1,2,0,128,406,1018,933,820,814,16,473,363,14,250,40,227,618,873,125,455,585,206,699,227,432,84,538,941,819,221,164,278,737,329,452,173,79,49,67,71,69,69,68,69,72,72,79,73,59,75,71,68,71,61,56,74,66,65,67,49,65,67,68,54,70,79,67,80
[ 5553.343449] [AOA] Measurement: 0,1627133170.720351,08:55:31:9b:05:29,2,1,2,0,128,387,1019,966,832,765,993,473,314,29,281,977,113,623,855,602,292,96,398,659,236,382,20,147,129,308,420,192,295,751,322,568,210,74,50,63,67,67,67,65,69,66,69,76,73,58,73,71,66,70,59,54,71,63,62,65,48,64,68,69,57,72,77,68,80
[ 5553.385556] [AOA] Measurement: 0,1627133170.762453,08:55:31:9b:05:29,2,1,2,0,128,415,1005,857,797,190,781,983,186,28,291,1004,182,702,930,94,461,51,377,635,165,980,270,617,980,345,454,217,325,181,147,261,1019,79,48,69,70,70,70,68,67,71,70,79,72,57,73,70,67,70,60,57,74,66,63,65,48,65,67,67,51,69,78,64,78
[ 5553.429476] [AOA] Measurement: 0,1627133170.806373,08:55:31:9b:05:29,2,1,2,0,128,352,969,879,829,777,977,504,372,433,54,412,943,136,754,601,270,131,421,615,175,364,13,551,918,787,178,721,141,156,91,678,450,79,49,69,69,69,70,67,67,70,69,77,73,58,74,68,68,69,61,55,74,66,62,66,46,66,65,65,52,67,76,65,74
[ 5553.472295] [AOA] Measurement: 0,1627133170.849194,08:55:31:9b:05:29,2,1,2,0,128,874,821,364,642,803,1021,491,346,464,81,475,1010,683,939,104,461,190,455,631,168,955,240,587,992,740,186,648,103,705,319,754,476,80,49,67,70,70,69,68,69,72,70,79,73,58,76,72,69,71,63,56,75,66,63,65,48,66,67,66,52,69,79,65,79
[ 5553.522474] [AOA] Measurement: 0,1627133170.899370,08:55:31:9b:05:29,2,1,2,0,128,350,976,903,814,816,1003,522,375,13,297,489,1008,632,894,123,488,112,366,621,140,446,70,560,960,818,261,176,285,729,328,142,821,79,47,68,70,70,68,68,68,71,71,79,73,57,75,67,67,69,62,52,73,63,58,61,44,63,64,62,50,66,75,61,76
[ 5553.577810] [AOA] Measurement: 0,1627133170.954710,08:55:31:9b:05:29,2,1,2,0,128,399,1020,924,838,818,32,527,384,11,266,1011,150,708,956,190,518,127,400,673,200,988,304,106,130,422,498,246,334,762,389,516,66,80,45,67,69,68,68,67,66,72,69,79,71,54,72,65,64,67,61,53,72,64,57,60,42,62,60,59,47,61,72,58,71
[ 5553.620528] [AOA] Measurement: 0,1627133170.997429,08:55:31:9b:05:29,2,1,2,0,128,316,995,897,815,230,812,474,337,10,283,983,115,685,910,530,220,141,439,713,197,1001,288,98,129,356,436,251,357,734,344,49,696,79,50,67,70,69,70,68,71,71,71,77,73,60,75,70,70,71,60,54,72,66,62,67,49,66,69,67,55,68,79,66,80
[ 5553.658669] [AOA] Measurement: 0,1627133171.035571,08:55:31:9b:05:29,2,1,2,0,128,372,1020,929,817,796,1000,521,363,6,297,985,135,696,939,156,458,108,383,707,223,19,323,127,192,377,475,262,404,698,331,465,74,79,49,68,71,68,69,68,68,70,72,80,74,58,75,70,69,71,61,56,74,66,62,67,47,65,67,66,51,67,76,63,78
[ 5553.702618] [AOA] Measurement: 0,1627133171.079518,08:55:31:9b:05:29,2,1,2,0,128,442,60,902,795,711,955,955,113,456,50,454,992,58,708,609,311,584,201,676,219,997,329,92,130,339,419,231,314,708,316,194,795,79,49,66,71,70,71,68,69,72,71,78,74,59,76,71,71,72,63,57,75,67,63,67,48,66,69,66,53,69,80,66,79
[ 5553.753047] [AOA] Measurement: 0,1627133171.129943,08:55:31:9b:05:29,2,1,2,0,128,325,996,961,841,817,1,454,325,40,281,1013,168,678,930,69,425,567,206,110,1016,428,106,104,133,345,458,213,299,139,131,190,912,75,51,65,67,66,66,66,70,68,67,74,70,59,72,70,67,69,57,53,71,63,62,66,49,63,69,67,56,69,76,70,79
[ 5553.807858] [AOA] Measurement: 0,1627133171.184761,08:55:31:9b:05:29,2,1,2,0,128,886,812,271,572,234,821,937,118,398,59,536,2,639,890,555,254,519,120,100,998,405,102,145,173,321,426,162,299,682,261,373,103,77,49,67,71,69,68,67,71,70,72,78,74,59,76,71,71,71,61,57,73,65,64,67,50,65,69,66,53,70,79,69,82
[ 5553.854848] [AOA] Measurement: 0,1627133171.231749,08:55:31:9b:05:29,2,1,2,0,128,327,996,292,567,315,855,470,353,1013,270,12,214,625,871,577,230,589,193,133,17,362,49,516,930,805,230,669,124,171,134,18,724,76,49,67,69,70,69,68,70,71,72,78,73,59,75,70,67,71,61,54,74,66,64,67,48,66,66,67,53,69,79,67,78
[ 5553.898739] [AOA] Measurement: 0,1627133171.275635,08:55:31:9b:05:29,2,1,2,0,128,817,796,955,816,805,1006,420,281,18,297,990,168,688,940,144,498,125,400,665,170,297,1011,517,924,780,212,220,296,686,263,277,62,69,49,58,62,61,62,60,65,61,63,67,67,53,65,63,61,63,51,48,62,55,56,59,47,55,62,62,53,63,68,65,72
[ 5553.941548] [AOA] Measurement: 0,1627133171.318447,08:55:31:9b:05:29,2,1,2,0,128,367,3,904,817,815,999,456,315,29,238,987,129,654,921,533,227,132,413,704,236,976,313,67,98,792,251,246,340,726,334,207,837,77,49,66,70,68,69,67,70,69,70,79,73,59,74,72,67,70,61,54,73,66,63,66,49,66,69,66,54,70,78,65,79
[ 5553.979405] [AOA] Measurement: 0,1627133171.356307,08:55:31:9b:05:29,2,1,2,0,128,860,852,386,622,782,976,460,296,23,294,942,111,678,956,111,435,92,394,648,175,985,274,89,121,322,476,221,313,693,297,307,130,79,50,69,70,69,70,67,71,73,71,81,75,60,76,72,71,72,60,56,74,66,64,65,49,67,70,66,55,70,78,68,79
[ 5554.022447] [AOA] Measurement: 0,1627133171.399344,08:55:31:9b:05:29,2,1,2,0,128,423,31,914,820,792,988,500,346,1002,245,993,83,118,709,578,247,129,406,642,152,471,96,538,939,814,266,662,135,729,307,910,550,79,50,67,70,70,70,68,68,72,73,78,72,59,76,69,68,71,63,55,74,65,61,63,47,64,66,62,49,64,75,63,76
[ 5554.072151] [AOA] Measurement: 0,1627133171.449048,08:55:31:9b:05:29,2,1,2,0,128,853,815,397,619,779,996,975,137,449,48,466,974,738,979,118,469,161,424,674,204,990,279,489,908,793,235,711,140,721,369,162,782,74,50,65,70,68,67,67,69,68,70,73,71,60,73,70,67,69,59,53,71,64,64,66,50,63,69,68,57,69,77,70,79
[ 5554.119243] [AOA] Measurement: 0,1627133171.496143,08:55:31:9b:05:29,2,1,2,0,128,347,996,895,799,813,999,953,181,1012,257,428,973,652,930,93,438,114,359,681,171,1004,277,136,149,376,506,244,331,711,321,747,396,69,49,60,64,65,65,64,68,63,66,71,69,55,70,69,66,67,56,53,69,61,63,65,51,61,67,67,56,70,76,69,80
[ 5554.157902] [AOA] Measurement: 0,1627133171.534802,08:55:31:9b:05:29,2,1,2,0,128,832,779,941,856,817,990,499,344,958,206,436,975,688,945,102,414,117,400,659,166,457,100,537,941,809,241,660,94,189,140,709,486,76,50,65,69,69,68,67,70,70,71,77,73,59,75,71,68,70,60,54,70,65,62,67,50,64,69,69,57,68,78,67,79
[ 5554.204433] [AOA] Measurement: 0,1627133171.581330,08:55:31:9b:05:29,2,1,2,0,128,821,820,906,798,248,823,1009,172,1000,218,1003,123,622,876,108,454,138,402,705,234,1003,306,153,183,379,490,144,257,158,111,679,419,78,48,67,69,70,67,66,70,70,71,80,74,57,74,68,67,70,61,55,74,65,60,62,45,65,65,65,50,66,76,63,75
[ 5554.250211] [AOA] Measurement: 0,1627133171.627111,08:55:31:9b:05:29,2,1,2,0,128,374,1017,881,786,225,766,937,124,428,22,498,997,674,920,112,431,47,312,98,1023,440,114,156,159,355,489,198,327,714,300,408,67,81,49,69,71,70,71,69,70,71,72,79,72,60,76,73,69,71,62,55,74,66,63,66,47,65,67,68,55,70,80,67,81
[ 5554.294067] [AOA] Measurement: 0,1627133171.670968,08:55:31:9b:05:29,2,1,2,0,128,848,828,332,600,254,827,956,160,470,56,1005,173,81,722,591,246,97,371,82,1012,430,84,593,1009,279,402,191,315,118,68,490,343,79,47,69,70,69,69,67,69,72,69,79,71,57,72,68,68,68,62,55,75,66,62,61,44,63,65,65,51,65,74,62,76
[ 5554.336520] [AOA] Measurement: 0,1627133171.713417,08:55:31:9b:05:29,2,1,2,0,128,363,1020,864,786,808,4,525,394,87,337,16,156,661,907,98,443,127,399,688,210,17,318,127,173,321,412,269,319,656,268,815,563,80,51,67,72,69,70,68,69,70,69,79,71,58,75,72,68,70,63,54,74,66,62,65,46,65,66,64,51,67,77,65,76
[ 5554.379773] [AOA] Measurement: 0,1627133171.756669,08:55:31:9b:05:29,2,1,2,0,128,380,998,932,800,782,999,497,380,1,239,1017,133,158,767,127,451,581,184,657,201,978,367,144,170,350,464,205,299,144,123,692,508,78,50,68,69,69,69,69,71,70,72,78,73,59,73,69,67,71,63,57,75,66,64,66,48,66,69,66,54,69,79,67,80
[ 5554.422720] [AOA] Measurement: 0,1627133171.799616,08:55:31:9b:05:29,2,1,2,0,128,350,989,862,774,230,805,511,311,447,76,463,942,132,726,558,234,478,146,57,1010,383,25,558,943,812,238,660,88,187,107,579,291,80,43,69,66,67,66,66,64,70,70,77,69,55,72,67,64,68,62,55,72,64,58,62,43,64,62,62,48,63,76,62,75
[ 5554.472517] [AOA] Measurement: 0,1627133171.849413,08:55:31:9b:05:29,2,1,2,0,128,422,49,898,820,755,979,509,343,86,335,1009,161,705,913,121,459,131,415,714,251,13,315,132,194,304,440,211,333,752,365,88,713,78,49,66,71,71,70,68,70,71,72,79,74,57,72,67,65,68,60,55,72,66,61,65,46,64,66,65,50,67,75,60,73
[ 5554.518606] [AOA] Measurement: 0,1627133171.895506,08:55:31:9b:05:29,2,1,2,0,128,380,996,879,802,840,36,468,371,18,284,1020,179,672,903,72,384,559,194,705,237,971,252,570,964,339,449,214,325,680,312,413,104,79,50,68,71,69,70,68,69,71,71,78,73,58,75,68,67,71,62,54,73,65,62,67,48,65,69,68,53,69,80,66,79
[ 5554.562487] [AOA] Measurement: 0,1627133171.939388,08:55:31:9b:05:29,2,1,2,0,128,326,962,884,799,281,823,953,153,447,77,466,980,134,686,144,467,117,400,707,241,958,291,101,141,308,415,208,365,707,327,544,148,77,49,68,70,69,69,66,70,67,70,76,71,58,73,71,70,71,60,55,76,65,63,65,49,65,66,67,53,69,76,66,78
[ 5554.605924] [AOA] Measurement: 0,1627133171.982820,08:55:31:9b:05:29,2,1,2,0,128,415,27,903,818,812,14,440,314,974,220,422,945,124,739,589,226,601,201,644,175,990,256,78,124,376,459,249,346,95,76,206,74,73,50,64,67,67,66,67,69,68,69,76,72,58,73,70,69,70,58,54,69,64,63,67,50,65,70,69,57,72,79,69,82
[ 5554.649339] [AOA] Measurement: 0,1627133172.026240,08:55:31:9b:05:29,2,1,2,0,128,864,872,352,626,231,783,968,146,459,46,489,1007,644,903,138,467,116,401,597,136,383,69,544,967,734,209,606,51,120,94,548,373,80,48,69,71,71,69,68,68,72,70,79,73,58,75,69,68,68,62,55,74,67,61,65,47,65,67,65,53,67,78,65,78
[ 5554.692357] [AOA] Measurement: 0,1627133172.069253,08:55:31:9b:05:29,2,1,2,0,128,850,832,331,580,243,794,906,105,418,16,447,959,80,663,567,224,571,174,111,994,420,78,483,896,703,146,644,92,158,96,640,590,76,50,67,70,68,70,68,71,69,71,80,74,60,73,69,69,71,62,56,73,66,63,66,49,65,69,69,54,70,78,67,78
[ 5554.741698] [AOA] Measurement: 0,1627133172.118594,08:55:31:9b:05:29,2,1,2,0,128,370,1012,860,792,223,786,955,153,473,61,969,119,644,895,516,248,564,202,124,18,954,281,108,133,360,441,125,286,731,312,133,831,75,48,65,67,68,67,66,68,70,70,81,71,59,75,72,70,70,61,54,73,66,63,66,47,64,69,67,54,69,78,64,78
[ 5554.788746] [AOA] Measurement: 0,1627133172.165647,08:55:31:9b:05:29,2,1,2,0,128,342,1006,936,853,830,1013,499,362,974,220,26,197,51,669,572,247,102,377,650,185,32,338,114,150,326,443,168,277,138,94,1010,764,80,51,69,71,69,69,69,71,71,73,80,73,61,75,72,69,72,61,55,74,66,63,67,51,66,70,69,57,72,79,69,82
[ 5554.832422] [AOA] Measurement: 0,1627133172.209323,08:55:31:9b:05:29,2,1,2,0,128,388,22,915,793,789,1018,480,353,1011,268,1013,170,690,949,109,473,23,349,684,213,972,246,121,186,387,465,215,338,641,278,112,952,77,50,67,70,68,70,68,71,69,70,79,75,60,75,72,70,72,59,56,73,66,64,67,50,67,69,69,55,71,79,68,80
[ 5554.870723] [AOA] Measurement: 0,1627133172.247623,08:55:31:9b:05:29,2,1,2,0,128,860,812,290,553,213,770,940,149,487,107,992,154,643,943,88,424,505,128,45,988,414,86,545,950,702,160,674,134,124,94,879,744,78,49,66,71,70,69,67,70,70,72,78,76,60,76,71,69,72,63,56,75,68,64,67,49,66,68,68,55,71,80,68,79
[ 5554.908841] [AOA] Measurement: 0,1627133172.285744,08:55:31:9b:05:29,2,1,2,0,128,843,818,894,845,798,1014,469,332,17,291,983,153,661,914,101,451,104,371,703,221,1013,298,512,940,845,242,678,145,680,320,644,331,77,50,68,71,70,69,69,72,72,71,78,75,60,75,72,69,70,62,56,75,66,63,68,49,67,69,68,56,70,79,68,80
[ 5554.947258] [AOA] Measurement: 0,1627133172.324157,08:55:31:9b:05:29,2,1,2,0,128,756,763,307,529,244,810,979,181,28,287,1021,186,625,888,135,451,87,368,88,996,477,91,525,933,761,187,711,163,101,67,953,719,79,49,69,71,70,69,68,69,71,69,80,72,59,75,69,67,71,61,55,74,67,63,66,48,65,68,67,54,70,78,65,77
[ 5554.990809] [AOA] Measurement: 0,1627133172.367711,08:55:31:9b:05:29,2,1,2,0,128,435,1013,1000,865,814,1015,465,344,64,323,35,184,687,948,83,392,550,153,89,1008,441,99,553,967,340,438,193,331,688,270,652,321,80,47,68,69,68,66,66,68,70,69,77,72,56,72,69,66,68,61,53,72,63,58,60,42,61,61,59,48,62,73,58,69
[ 5555.029061] [AOA] Measurement: 0,1627133172.405964,08:55:31:9b:05:29,2,1,2,0,128,300,959,234,538,213,756,924,98,495,71,442,973,706,945,156,489,18,344,684,189,958,247,537,919,766,211,661,116,122,71,296,153,75,49,68,70,70,68,67,69,70,70,79,74,59,74,71,68,71,61,54,75,65,62,67,48,65,69,69,56,70,79,67,80
[ 5555.073292] [AOA] Measurement: 0,1627133172.450188,08:55:31:9b:05:29,2,1,2,0,128,378,9,935,845,795,974,492,333,955,247,437,991,614,885,135,458,69,391,611,144,427,71,517,923,801,186,666,145,136,127,142,958,74,50,63,68,67,67,66,69,66,69,75,70,58,71,69,67,69,58,52,70,62,62,64,49,63,69,67,57,70,76,67,78
[ 5555.127927] [AOA] Measurement: 0,1627133172.504828,08:55:31:9b:05:29,2,1,2,0,128,375,1,891,835,778,1017,519,388,993,239,28,167,689,912,81,414,114,367,646,228,31,290,141,196,347,462,210,319,682,304,848,521,77,49,66,69,68,69,67,70,71,72,79,73,58,75,70,69,71,60,55,72,67,63,65,48,65,68,66,54,69,77,66,78
[ 5555.171756] [AOA] Measurement: 0,1627133172.548657,08:55:31:9b:05:29,2,1,2,0,128,843,817,371,646,155,767,929,104,463,94,485,998,110,717,567,250,567,194,116,16,391,37,596,957,358,434,187,295,134,130,451,268,77,49,65,70,68,69,69,71,71,70,77,73,59,74,72,68,71,62,55,72,66,63,66,48,65,68,67,55,68,78,66,78
[ 5555.209792] [AOA] Measurement: 0,1627133172.586695,08:55:31:9b:05:29,2,1,2,0,128,867,774,296,537,245,801,951,159,423,56,442,984,57,672,554,241,594,180,109,9,398,80,563,956,352,456,169,317,690,278,33,714,75,47,68,69,70,69,67,70,71,70,78,72,57,74,69,67,69,63,55,74,66,61,64,46,65,64,64,50,66,77,62,76
[ 5555.247925] [AOA] Measurement: 0,1627133172.624825,08:55:31:9b:05:29,2,1,2,0,128,354,977,900,791,766,1005,914,74,527,118,984,129,705,905,143,509,101,407,694,209,950,269,103,151,319,441,679,104,695,301,837,561,81,50,68,73,69,70,69,70,70,70,79,74,59,76,72,69,71,62,55,73,66,64,66,49,66,68,68,54,68,79,68,79
[ 5555.292356] [AOA] Measurement: 0,1627133172.669257,08:55:31:9b:05:29,2,1,2,0,128,363,999,877,777,802,1004,448,317,957,234,50,211,721,961,92,433,92,400,669,177,982,311,106,154,391,485,254,374,735,351,109,775,80,50,68,71,69,71,68,68,71,70,77,72,59,75,71,69,72,61,56,75,66,63,67,48,66,70,68,56,71,78,67,81
[ 5555.334490] [AOA] Measurement: 0,1627133172.711385,08:55:31:9b:05:29,2,1,2,0,128,332,956,951,853,733,946,946,87,7,237,465,981,713,955,187,509,99,394,714,235,1000,297,67,166,292,409,209,323,685,282,353,87,76,49,64,70,68,69,68,70,70,71,77,73,58,76,70,69,70,62,56,74,65,64,67,49,67,69,69,54,70,80,65,80
[ 5555.377865] [AOA] Measurement: 0,1627133172.754768,08:55:31:9b:05:29,2,1,2,0,128,397,0,931,861,782,998,540,398,47,299,32,163,623,908,55,403,87,388,98,996,429,42,109,187,301,407,190,289,723,325,119,812,79,47,67,71,68,70,69,70,72,69,78,72,57,74,69,67,69,60,53,73,65,59,63,45,63,64,62,50,65,76,60,74
[ 5555.420925] [AOA] Measurement: 0,1627133172.797826,08:55:31:9b:05:29,2,1,2,0,128,410,1012,331,616,202,797,945,145,418,23,408,948,79,661,553,199,540,162,128,20,978,269,100,153,284,396,182,301,111,77,256,139,76,48,67,68,68,69,66,69,70,70,78,75,59,75,71,70,70,61,56,75,66,63,67,50,66,70,68,56,69,80,68,81
[ 5555.464187] [AOA] Measurement: 0,1627133172.841090,08:55:31:9b:05:29,2,1,2,0,128,361,1002,866,777,842,7,527,401,972,229,994,128,614,875,163,490,108,397,703,203,1021,299,36,75,784,223,688,110,159,98,34,853,75,48,64,67,68,68,66,68,70,70,79,74,58,74,70,68,69,62,54,72,65,63,64,48,66,68,65,52,68,76,64,76
[ 5555.507985] [AOA] Measurement: 0,1627133172.884887,08:55:31:9b:05:29,2,1,2,0,128,375,7,867,789,820,9,393,285,464,86,1015,144,690,919,91,433,109,361,621,147,1010,296,542,952,781,187,586,48,157,106,936,802,75,51,64,70,66,68,67,70,67,67,75,72,59,72,69,67,70,57,53,70,63,62,64,49,62,69,67,57,68,77,69,79
[ 5555.551140] [AOA] Measurement: 0,1627133172.928040,08:55:31:9b:05:29,2,1,2,0,128,405,1020,941,864,821,1009,504,375,31,278,11,160,675,926,119,451,191,457,605,166,368,43,532,955,837,245,687,88,715,320,756,441,63,46,54,60,58,58,58,62,57,59,66,63,51,62,63,57,61,47,44,57,51,54,55,45,52,58,59,52,61,65,62,67
[ 5555.595699] [AOA] Measurement: 0,1627133172.972601,08:55:31:9b:05:29,2,1,2,0,128,338,4,929,848,718,958,947,140,459,71,481,1000,656,882,589,232,113,428,667,176,979,313,133,166,303,418,297,409,770,402,198,775,77,48,67,68,69,67,65,69,69,71,77,71,56,72,68,66,69,61,54,74,66,62,65,45,63,66,62,50,65,77,63,76
[ 5555.639073] [AOA] Measurement: 0,1627133173.015970,08:55:31:9b:05:29,2,1,2,0,128,850,813,930,832,775,1020,409,273,444,49,376,924,48,618,573,227,453,149,54,991,420,56,561,935,840,273,682,131,156,123,637,363,78,50,67,71,69,69,68,70,69,70,79,73,59,73,71,69,71,62,56,74,67,63,67,48,65,69,68,55,71,79,67,82
[ 5555.681539] [AOA] Measurement: 0,1627133173.058443,08:55:31:9b:05:29,2,1,2,0,128,386,1023,886,812,751,968,487,321,446,71,1007,178,627,882,592,245,129,392,726,201,974,277,126,164,272,392,648,100,730,362,1022,738,71,49,61,66,66,67,65,69,69,69,75,71,59,74,70,68,70,59,56,73,66,65,65,50,66,70,67,56,69,80,68,80
[ 5555.720251] [AOA] Measurement: 0,1627133173.097154,08:55:31:9b:05:29,2,1,2,0,128,382,1001,897,841,830,27,507,357,995,243,1009,143,679,915,557,214,562,157,168,47,980,283,143,185,252,397,667,103,152,124,413,201,77,51,65,70,67,69,66,70,69,70,77,72,59,74,71,68,71,59,54,72,64,63,66,50,66,70,70,58,72,79,69,81
[ 5555.765112] [AOA] Measurement: 0,1627133173.142014,08:55:31:9b:05:29,2,1,2,0,128,869,830,885,779,850,26,452,321,1014,236,5,171,665,940,168,515,135,423,670,220,969,231,100,118,789,230,635,87,119,102,859,587,79,47,68,69,70,68,68,68,72,71,79,72,58,74,68,68,68,62,54,74,64,59,63,45,63,63,61,50,66,74,61,74
[ 5555.807797] [AOA] Measurement: 0,1627133173.184702,08:55:31:9b:05:29,2,1,2,0,128,870,833,939,809,748,1006,478,325,1009,266,3,152,666,916,114,454,59,372,613,161,415,64,576,975,785,230,222,326,100,81,116,905,81,48,69,72,70,69,68,69,70,69,77,72,57,73,68,69,68,60,54,73,65,60,66,46,64,66,63,51,65,76,62,75
[ 5555.851098] [AOA] Measurement: 0,1627133173.227995,08:55:31:9b:05:29,2,1,2,0,128,334,1017,359,618,205,790,981,193,17,276,985,117,592,894,105,448,160,439,597,146,979,316,87,123,307,442,209,303,141,71,143,891,81,47,70,70,70,70,68,69,70,70,79,73,56,72,67,66,68,61,53,72,65,61,64,46,64,65,63,50,66,76,61,72
[ 5555.894782] [AOA] Measurement: 0,1627133173.271678,08:55:31:9b:05:29,2,1,2,0,128,379,1010,909,824,816,7,466,310,1008,249,1012,135,92,700,643,274,122,389,679,196,977,266,531,938,799,251,658,111,128,99,111,918,74,49,66,69,67,66,67,70,69,69,78,72,59,74,71,68,69,59,54,73,64,63,66,51,65,71,69,56,69,80,67,81
[ 5555.944715] [AOA] Measurement: 0,1627133173.321613,08:55:31:9b:05:29,2,1,2,0,128,379,1018,932,835,741,935,936,135,434,38,18,150,636,879,628,268,79,373,744,229,8,327,86,126,359,444,230,343,691,314,30,821,75,49,64,69,67,68,68,70,71,70,77,73,59,74,72,69,72,60,54,72,65,63,67,50,65,69,69,56,72,79,69,81
[ 5555.982834] [AOA] Measurement: 0,1627133173.359735,08:55:31:9b:05:29,2,1,2,0,128,402,1009,910,833,748,994,582,410,972,254,19,140,663,877,574,252,571,212,689,187,996,308,104,130,333,440,210,328,676,281,894,604,78,48,67,71,69,71,69,71,71,70,79,74,60,75,71,69,71,61,54,73,67,63,67,49,67,70,69,56,70,78,67,79
[ 5556.027419] [AOA] Measurement: 0,1627133173.404320,08:55:31:9b:05:29,2,1,2,0,128,811,797,342,618,242,834,895,106,479,90,21,181,719,939,68,407,67,367,660,190,1019,284,106,142,344,459,201,335,751,351,1003,719,78,48,67,68,67,66,66,66,71,70,79,74,58,74,69,66,69,61,54,72,64,61,65,46,64,65,63,49,66,79,63,76
[ 5556.071083] [AOA] Measurement: 0,1627133173.447985,08:55:31:9b:05:29,2,1,2,0,128,858,796,344,603,253,804,930,106,447,39,448,970,76,711,573,254,582,196,126,1010,990,290,587,991,357,466,670,113,700,312,939,593,78,50,66,70,68,69,67,69,70,69,79,74,59,74,72,70,73,62,55,72,65,62,68,48,66,68,66,54,69,78,67,79
[ 5556.114530] [AOA] Measurement: 0,1627133173.491431,08:55:31:9b:05:29,2,1,2,0,128,405,1009,893,790,260,807,489,362,434,40,456,1005,650,899,110,456,55,364,91,0,977,305,74,106,397,503,249,406,745,350,609,284,80,48,69,72,70,70,70,69,71,71,78,74,58,73,69,68,71,62,56,75,66,63,65,46,66,66,65,53,67,77,64,78
[ 5556.158210] [AOA] Measurement: 0,1627133173.535111,08:55:31:9b:05:29,2,1,2,0,128,348,953,372,592,818,23,479,348,987,240,969,170,602,878,471,150,531,110,103,959,427,76,590,1004,764,190,705,103,717,313,327,942,78,52,66,70,70,68,66,71,70,71,77,73,59,73,70,68,70,59,55,72,65,64,67,49,66,70,68,57,70,78,68,81
[ 5556.201849] [AOA] Measurement: 0,1627133173.578750,08:55:31:9b:05:29,2,1,2,0,128,869,804,320,594,306,850,934,149,5,265,414,938,160,770,54,425,103,390,673,212,394,85,550,925,801,232,653,91,144,108,54,860,76,51,68,70,68,70,66,70,69,71,78,73,58,75,71,68,69,61,55,74,67,64,68,50,67,71,69,56,71,80,67,80
[ 5556.244905] [AOA] Measurement: 0,1627133173.621807,08:55:31:9b:05:29,2,1,2,0,128,872,821,920,825,820,39,469,333,996,252,1002,143,629,895,492,152,497,92,72,1003,427,76,82,103,340,424,231,287,666,300,616,382,77,47,67,69,69,69,69,70,72,72,80,74,58,76,71,68,70,62,56,74,66,62,64,48,65,69,67,54,69,78,67,79
[ 5556.288531] [AOA] Measurement: 0,1627133173.665432,08:55:31:9b:05:29,2,1,2,0,128,393,4,903,791,799,13,441,310,2,254,15,184,693,936,185,458,121,351,644,194,397,79,585,962,838,256,663,130,703,320,1020,763,77,49,67,69,68,68,68,70,71,70,79,74,59,74,68,67,70,60,54,73,65,63,66,48,66,69,67,54,70,79,67,80
[ 5556.331864] [AOA] Measurement: 0,1627133173.708765,08:55:31:9b:05:29,2,1,2,0,128,846,805,340,603,219,818,951,141,475,92,1000,159,591,865,134,477,97,392,675,242,4,326,71,161,352,480,239,355,689,316,870,577,75,50,64,68,70,70,68,70,68,68,76,72,58,73,70,68,68,58,55,71,63,64,65,49,65,69,68,57,69,78,67,81
[ 5556.380135] [AOA] Measurement: 0,1627133173.757036,08:55:31:9b:05:29,2,1,2,0,128,379,10,908,837,812,1010,478,328,30,276,1013,149,696,927,95,468,177,448,688,194,940,236,522,932,791,193,714,164,747,350,828,400,71,49,59,65,62,66,64,67,65,67,73,70,59,72,70,68,70,58,55,71,63,62,66,50,65,68,68,55,70,78,67,80
