
[ 6521.664537] [AOA] Measurement: 0,1627165263.502619,08:55:31:9b:04:ac,2,1,2,0,128,80,989,253,834,633,997,46,77,198,1009,309,46,857,325,502,79,514,46,167,821,699,803,903,523,583,626,325,582,359,983,259,822,97,89,30,90,91,90,70,93,92,93,88,105,97,91,96,82,97,73,56,97,75,79,86,41,90,91,90,90,79,83,79,97
[ 6521.702588] [AOA] Measurement: 0,1627165263.540672,08:55:31:9b:04:ac,2,1,2,0,128,625,174,220,834,632,1023,576,252,818,217,924,336,352,517,444,85,905,829,693,641,645,787,298,271,0,414,786,406,806,733,555,90,98,91,28,94,88,89,70,95,95,93,90,101,97,93,94,83,97,73,54,96,75,80,85,42,90,90,88,90,79,82,79,98
[ 6521.740829] [AOA] Measurement: 0,1627165263.578913,08:55:31:9b:04:ac,2,1,2,0,128,520,92,758,670,83,799,75,113,808,210,373,126,344,497,985,244,5,896,643,639,676,770,380,299,579,611,411,671,362,934,781,283,99,91,29,93,89,89,69,94,96,94,88,104,94,91,95,87,98,72,55,94,73,80,84,44,89,90,90,89,80,83,81,97
[ 6521.779121] [AOA] Measurement: 0,1627165263.617203,08:55:31:9b:04:ac,2,1,2,0,128,610,119,246,829,667,1001,571,251,797,240,1002,360,371,508,1022,300,447,40,199,845,694,809,904,515,577,607,324,619,327,955,594,181,75,69,21,70,71,68,54,73,73,72,67,78,73,71,74,65,74,54,41,73,58,60,67,32,70,68,68,67,60,62,58,73
[ 6521.817499] [AOA] Measurement: 0,1627165263.655583,08:55:31:9b:04:ac,2,1,2,0,128,620,171,261,873,605,995,581,248,802,218,863,267,379,509,1006,255,553,90,168,829,105,588,337,308,30,453,332,600,340,966,880,538,76,70,22,73,70,70,53,72,73,74,69,80,75,73,74,66,76,55,41,75,59,60,66,32,68,68,69,67,58,64,60,76
[ 6521.860960] [AOA] Measurement: 0,1627165263.699044,08:55:31:9b:04:ac,2,1,2,0,128,44,962,304,878,617,991,594,262,801,244,834,248,821,294,508,84,486,40,632,614,92,607,363,257,19,405,872,486,324,959,394,993,97,90,28,94,90,89,70,93,95,95,88,103,94,92,95,85,96,68,53,93,74,76,84,41,88,88,89,87,76,81,77,97
[ 6521.898919] [AOA] Measurement: 0,1627165263.737003,08:55:31:9b:04:ac,2,1,2,0,128,599,142,264,805,78,803,25,80,780,200,911,329,392,520,987,282,454,20,160,798,104,586,274,239,69,421,325,601,329,953,75,721,99,93,28,96,91,89,68,92,95,94,90,103,95,93,97,85,96,68,52,98,73,78,83,40,90,88,88,87,74,81,78,98
[ 6521.941387] [AOA] Measurement: 0,1627165263.779469,08:55:31:9b:04:ac,2,1,2,0,128,604,168,237,858,620,993,56,56,260,16,361,142,832,280,444,98,513,45,193,809,85,583,340,295,940,355,815,442,793,739,400,76,94,85,31,89,86,86,69,93,91,91,85,99,91,89,93,84,95,72,57,91,75,84,84,47,90,92,91,92,82,84,82,99
[ 6521.979624] [AOA] Measurement: 0,1627165263.817702,08:55:31:9b:04:ac,2,1,2,0,128,616,157,328,868,59,818,19,49,810,225,351,108,377,513,472,67,919,861,626,634,115,593,332,283,54,453,785,379,406,1021,889,446,92,85,30,87,85,86,68,91,89,87,84,99,90,88,89,82,94,73,57,93,73,80,84,45,89,91,91,91,79,84,81,98
[ 6522.022536] [AOA] Measurement: 0,1627165263.860614,08:55:31:9b:04:ac,2,1,2,0,128,587,152,275,864,645,10,558,251,223,29,916,341,368,528,1009,257,477,26,236,858,647,795,920,516,561,635,318,590,370,996,13,610,90,84,30,87,85,86,68,91,90,89,84,97,88,85,91,83,94,74,57,91,73,82,85,45,89,89,91,89,80,83,83,97
[ 6522.072210] [AOA] Measurement: 0,1627165263.910288,08:55:31:9b:04:ac,2,1,2,0,128,30,964,285,875,64,804,0,49,850,264,869,295,823,310,442,67,527,76,144,789,613,751,397,329,577,615,331,593,351,967,192,785,98,90,28,92,91,90,70,95,96,95,88,104,95,93,96,85,98,72,55,96,74,80,85,43,91,90,91,90,78,84,78,96
[ 6522.118667] [AOA] Measurement: 0,1627165263.956749,08:55:31:9b:04:ac,2,1,2,0,128,63,985,759,656,71,804,1004,15,235,30,399,135,814,287,424,60,977,879,620,593,71,535,348,273,31,435,839,443,816,748,604,261,95,88,28,91,88,88,69,93,94,92,87,102,94,90,97,84,98,70,56,97,75,78,85,42,90,90,89,87,78,83,80,95
[ 6522.164925] [AOA] Measurement: 0,1627165264.003001,08:55:31:9b:04:ac,2,1,2,0,128,32,972,765,667,99,849,80,94,248,13,365,151,406,541,1000,258,548,79,628,602,77,580,353,276,1001,360,797,402,805,749,794,399,99,92,25,94,91,89,67,92,97,94,87,106,96,93,97,82,98,69,51,95,73,77,82,38,87,84,84,82,72,78,73,92
[ 6522.214833] [AOA] Measurement: 0,1627165264.052911,08:55:31:9b:04:ac,2,1,2,0,128,68,981,748,666,651,984,554,265,754,219,902,324,865,300,7,294,481,50,162,842,640,741,887,441,71,426,366,593,855,816,259,852,74,68,21,71,70,67,52,69,72,72,66,79,74,71,74,65,76,55,42,72,59,62,66,31,68,69,69,69,58,63,58,74
[ 6522.270441] [AOA] Measurement: 0,1627165264.108519,08:55:31:9b:04:ac,2,1,2,0,128,595,144,771,648,74,791,70,76,809,262,898,313,418,561,987,278,496,58,625,629,138,600,883,459,993,407,368,675,359,1011,892,409,97,90,30,92,90,89,69,92,93,95,87,103,93,93,93,84,97,72,56,95,73,79,84,42,88,91,88,89,76,83,78,98
[ 6522.313344] [AOA] Measurement: 0,1627165264.151421,08:55:31:9b:04:ac,2,1,2,0,128,38,1000,805,699,26,782,1015,34,778,171,939,330,393,511,486,110,981,871,143,792,34,545,320,261,39,452,744,347,802,757,32,740,98,89,27,93,89,86,67,94,96,95,89,103,96,93,97,84,98,70,53,94,74,77,84,40,90,90,88,88,73,80,76,96
[ 6522.363327] [AOA] Measurement: 0,1627165264.201404,08:55:31:9b:04:ac,2,1,2,0,128,597,132,646,621,59,762,43,102,238,22,381,128,827,299,438,70,1022,905,142,833,664,775,907,490,537,577,813,416,333,948,208,789,95,90,28,94,92,90,69,94,96,95,91,104,97,95,98,83,97,72,54,97,76,80,86,42,89,89,90,90,77,83,78,93
[ 6522.418851] [AOA] Measurement: 0,1627165264.256935,08:55:31:9b:04:ac,2,1,2,0,128,570,156,285,902,602,987,573,226,806,233,909,323,379,491,34,253,502,26,129,800,131,633,893,461,1017,371,409,658,311,953,934,480,98,92,27,94,91,89,70,93,96,94,88,104,95,94,97,82,98,71,52,94,74,77,84,39,89,87,87,87,74,81,73,96
[ 6522.457688] [AOA] Measurement: 0,1627165264.295770,08:55:31:9b:04:ac,2,1,2,0,128,50,987,747,658,60,782,1023,17,255,17,318,50,823,302,453,75,1007,872,633,619,112,617,367,281,1020,377,805,377,851,790,310,889,99,89,29,94,88,89,70,93,92,94,87,102,95,93,97,84,96,71,55,96,73,80,87,46,91,92,92,92,82,85,81,100
[ 6522.496065] [AOA] Measurement: 0,1627165264.334148,08:55:31:9b:04:ac,2,1,2,0,128,631,198,246,815,628,986,594,270,875,287,894,322,405,561,991,279,972,895,135,798,644,775,921,484,516,595,333,584,315,983,411,23,99,92,26,96,89,88,66,92,94,94,88,104,95,93,95,81,96,69,52,94,75,77,84,39,89,89,86,86,73,81,74,95
[ 6522.540613] [AOA] Measurement: 0,1627165264.378698,08:55:31:9b:04:ac,2,1,2,0,128,667,173,252,854,597,989,599,248,871,273,906,300,409,555,978,226,489,37,264,850,642,778,899,492,552,609,310,595,349,971,325,932,72,66,23,69,68,68,53,69,70,70,67,77,72,69,71,64,73,54,42,73,56,63,66,35,70,70,71,69,62,64,64,78
[ 6522.584404] [AOA] Measurement: 0,1627165264.422485,08:55:31:9b:04:ac,2,1,2,0,128,53,968,735,633,83,806,999,20,254,47,312,64,840,301,407,32,977,883,150,849,656,815,270,246,4,395,751,344,800,755,190,949,100,92,26,93,90,90,67,92,98,95,89,103,96,93,94,82,98,68,51,95,73,74,83,37,89,84,85,83,71,78,70,88
[ 6522.622500] [AOA] Measurement: 0,1627165264.460581,08:55:31:9b:04:ac,2,1,2,0,128,618,167,239,822,28,781,79,95,735,196,898,291,350,488,457,27,3,886,570,544,167,651,882,439,46,417,341,585,404,975,542,181,96,89,26,93,89,90,68,95,96,96,88,104,96,92,95,81,97,69,52,94,73,77,83,38,88,89,86,85,73,79,73,92
[ 6522.663922] [AOA] Measurement: 0,1627165264.502000,08:55:31:9b:04:ac,2,1,2,0,128,566,120,779,658,119,849,13,32,292,95,873,297,403,557,1020,270,512,46,206,848,646,772,290,278,39,425,818,401,847,811,773,397,95,86,28,92,91,90,68,92,92,94,88,100,94,90,95,83,96,72,56,96,75,79,86,43,90,92,90,89,79,84,79,98
[ 6522.708173] [AOA] Measurement: 0,1627165264.546254,08:55:31:9b:04:ac,2,1,2,0,128,555,140,291,862,661,1003,562,265,809,228,910,343,388,537,488,92,506,56,226,877,627,775,954,565,564,590,799,377,332,983,666,192,96,88,28,89,88,87,69,90,92,90,83,102,90,89,92,79,92,68,53,94,73,80,82,42,89,90,90,88,77,81,78,97
[ 6522.752328] [AOA] Measurement: 0,1627165264.590411,08:55:31:9b:04:ac,2,1,2,0,128,55,1015,780,677,59,798,8,55,224,47,347,128,804,304,478,103,465,1021,675,669,69,579,358,290,1014,402,789,377,357,964,32,640,96,89,29,91,89,90,69,92,92,92,86,101,93,91,93,83,97,70,55,92,75,81,84,44,89,91,90,92,80,84,81,97
[ 6522.801842] [AOA] Measurement: 0,1627165264.639919,08:55:31:9b:04:ac,2,1,2,0,128,590,153,203,843,608,1011,570,248,758,201,387,117,339,531,1004,258,593,89,171,829,675,802,863,463,518,620,823,429,767,769,282,843,93,87,30,89,88,87,69,93,91,90,88,99,93,91,95,82,95,70,55,94,74,80,85,42,87,89,91,92,79,84,79,98
[ 6522.848949] [AOA] Measurement: 0,1627165264.687034,08:55:31:9b:04:ac,2,1,2,0,128,94,975,737,646,106,811,22,46,247,1022,365,93,884,315,458,46,947,833,177,801,113,602,898,505,615,623,347,615,350,952,187,849,100,92,27,96,91,90,69,95,95,93,89,104,95,93,95,83,98,70,54,95,75,78,86,41,90,90,89,89,77,84,78,98
[ 6522.892793] [AOA] Measurement: 0,1627165264.730875,08:55:31:9b:04:ac,2,1,2,0,128,3,965,747,639,677,1008,31,39,254,63,304,86,841,282,418,78,1009,882,161,833,665,755,323,252,1015,400,780,363,816,729,210,923,99,89,28,92,90,90,69,93,94,92,87,102,95,92,96,85,96,71,54,94,76,81,86,43,90,92,90,86,78,83,79,98
[ 6522.934101] [AOA] Measurement: 0,1627165264.772177,08:55:31:9b:04:ac,2,1,2,2,128,3,965,747,639,677,1008,31,39,254,63,304,86,841,282,418,78,1009,882,161,833,665,755,323,252,1015,400,780,363,816,729,210,923,99,89,28,92,90,90,69,93,94,92,87,102,95,92,96,85,96,71,54,94,76,81,86,43,90,92,90,86,78,83,79,98
[ 6522.978575] [AOA] Measurement: 0,1627165264.816659,08:55:31:9b:04:ac,2,1,2,2,128,3,965,747,639,677,1008,31,39,254,63,304,86,841,282,418,78,1009,882,161,833,665,755,323,252,1015,400,780,363,816,729,210,923,100,92,27,96,91,90,69,95,95,93,89,104,95,93,95,83,98,70,54,95,75,78,86,41,90,90,89,89,77,84,78,98
[ 6523.022291] [AOA] Measurement: 0,1627165264.860375,08:55:31:9b:04:ac,2,1,2,0,128,578,122,739,681,36,767,34,65,222,31,889,305,821,328,457,69,1004,877,199,811,700,790,289,284,98,502,772,386,822,739,443,48,99,91,27,94,90,88,69,95,96,95,88,104,97,93,98,82,97,69,51,94,71,75,81,36,87,85,85,84,73,79,73,91
[ 6523.071447] [AOA] Measurement: 0,1627165264.909525,08:55:31:9b:04:ac,2,1,2,0,128,639,179,324,854,591,970,626,266,808,242,929,338,338,475,1021,256,491,4,229,864,590,727,961,524,556,612,350,612,366,974,278,872,98,89,27,92,92,90,70,93,94,91,87,103,94,92,95,83,96,71,55,94,74,81,87,45,90,90,89,89,80,83,80,99
[ 6523.121665] [AOA] Measurement: 0,1627165264.959742,08:55:31:9b:04:ac,2,1,2,0,128,69,1011,724,658,53,798,1023,15,312,71,874,303,832,269,504,77,520,42,590,579,81,566,392,323,5,387,830,412,783,737,32,652,106,96,29,100,96,93,72,98,102,102,97,111,101,101,103,87,102,72,54,102,78,81,88,42,96,93,92,87,76,84,77,100
[ 6523.167223] [AOA] Measurement: 0,1627165265.005306,08:55:31:9b:04:ac,2,1,2,0,128,632,126,199,786,68,799,981,1023,328,60,401,113,866,298,497,55,518,50,148,828,698,822,877,496,512,574,883,464,817,768,16,654,97,85,27,91,88,86,65,91,94,92,88,102,95,93,93,82,97,68,53,94,73,77,82,41,87,87,88,85,75,80,75,97
[ 6523.209144] [AOA] Measurement: 0,1627165265.047221,08:55:31:9b:04:ac,2,1,2,0,128,553,130,271,825,57,818,995,10,238,58,361,136,816,293,493,102,979,876,214,861,630,816,813,446,531,587,397,642,364,964,379,995,96,86,27,89,88,86,64,89,93,95,86,100,93,89,93,80,97,67,52,93,70,76,78,38,87,88,88,84,72,79,72,93
[ 6523.253102] [AOA] Measurement: 0,1627165265.091183,08:55:31:9b:04:ac,2,1,2,0,128,593,170,317,913,625,1015,570,231,833,242,936,334,372,543,1002,251,518,49,159,858,618,773,944,492,503,558,360,651,325,970,198,763,96,90,27,93,90,88,65,93,95,95,88,103,94,93,95,80,93,66,49,95,72,73,79,37,85,87,83,81,68,76,70,92
[ 6523.301845] [AOA] Measurement: 0,1627165265.139927,08:55:31:9b:04:ac,2,1,2,0,128,107,983,281,867,664,0,581,238,740,203,385,105,343,500,493,93,913,862,149,809,659,797,891,504,524,555,775,383,350,948,753,341,103,96,27,101,97,93,70,98,100,101,94,107,102,98,103,86,102,71,52,100,75,79,87,38,92,92,91,88,73,84,74,95
[ 6523.348219] [AOA] Measurement: 0,1627165265.186295,08:55:31:9b:04:ac,2,1,2,0,128,596,124,296,853,663,1020,583,231,798,213,902,322,318,476,926,229,476,22,168,824,97,591,874,475,545,584,852,437,828,757,420,13,103,97,27,101,100,94,70,99,106,102,92,106,101,98,101,85,102,71,51,102,73,77,83,36,90,89,87,86,71,80,70,94
[ 6523.394169] [AOA] Measurement: 0,1627165265.232253,08:55:31:9b:04:ac,2,1,2,0,128,66,970,814,692,597,987,990,21,232,14,409,146,353,508,15,286,508,59,632,633,662,784,876,494,1012,361,831,410,367,983,711,311,95,87,29,91,88,86,67,91,93,92,85,100,92,91,95,83,96,70,53,92,71,78,83,43,87,89,88,89,77,82,77,97
[ 6523.433063] [AOA] Measurement: 0,1627165265.271144,08:55:31:9b:04:ac,2,1,2,0,128,31,1001,770,716,41,811,633,287,787,197,343,98,856,300,468,91,984,871,612,567,74,570,361,265,1018,376,839,463,346,964,950,487,95,88,27,92,90,90,67,93,97,92,88,102,94,90,96,81,95,68,52,94,71,77,83,39,89,88,87,86,74,80,75,97
[ 6523.474468] [AOA] Measurement: 0,1627165265.312546,08:55:31:9b:04:ac,2,1,2,0,128,1009,949,716,642,89,826,31,59,731,189,893,317,368,502,443,69,461,56,619,594,114,597,339,277,15,366,859,425,325,931,433,62,96,85,29,91,88,86,65,91,94,92,87,103,93,91,95,82,96,70,54,91,72,78,81,44,87,89,89,88,77,82,80,97
[ 6523.518788] [AOA] Measurement: 0,1627165265.356872,08:55:31:9b:04:ac,2,1,2,0,128,582,126,256,822,78,825,568,257,790,197,347,108,870,304,489,99,973,867,653,621,127,642,339,304,0,376,841,434,369,988,603,174,105,96,28,100,95,96,72,99,104,100,95,110,101,99,103,87,102,73,56,102,76,79,89,43,95,93,92,92,78,83,80,103
[ 6523.562963] [AOA] Measurement: 0,1627165265.401046,08:55:31:9b:04:ac,2,1,2,0,128,655,170,293,864,625,1001,599,278,800,247,936,330,355,495,471,66,987,880,618,619,644,779,935,516,520,597,349,637,300,964,607,178,95,87,29,93,88,88,67,92,95,95,88,104,96,93,96,80,94,70,52,95,73,76,85,41,89,90,90,89,75,81,78,99
[ 6523.612893] [AOA] Measurement: 0,1627165265.450971,08:55:31:9b:04:ac,2,1,2,0,128,586,139,278,804,602,1003,531,198,238,16,335,103,876,376,48,300,458,49,219,852,681,839,901,494,538,588,364,584,380,984,430,38,95,87,29,90,88,88,67,92,94,91,87,100,91,91,92,84,95,70,53,93,71,78,81,42,88,90,88,87,75,82,76,98
[ 6523.659797] [AOA] Measurement: 0,1627165265.497880,08:55:31:9b:04:ac,2,1,2,0,128,110,1020,293,857,604,969,547,249,777,248,937,331,429,559,1007,280,505,71,160,842,639,786,823,445,986,363,821,390,382,959,937,608,97,89,27,92,89,88,63,90,94,94,87,102,94,91,96,80,95,67,52,95,71,75,82,39,89,86,85,85,71,80,72,95
[ 6523.700655] [AOA] Measurement: 0,1627165265.538732,08:55:31:9b:04:ac,2,1,2,0,128,579,127,224,824,654,1012,49,81,294,81,874,285,356,504,1,281,490,25,199,839,653,840,919,529,529,601,333,581,319,962,640,209,96,86,28,88,89,88,66,90,95,92,87,103,94,91,95,84,95,70,53,95,73,79,84,42,87,91,90,89,78,81,76,98
[ 6523.742775] [AOA] Measurement: 0,1627165265.580854,08:55:31:9b:04:ac,2,1,2,0,128,616,154,258,852,90,805,969,18,311,56,904,250,837,297,470,77,455,45,178,816,114,608,335,275,12,393,802,412,801,795,250,938,96,85,28,92,88,87,66,91,92,93,86,101,95,90,93,80,95,67,50,93,69,76,81,38,89,88,87,84,73,78,73,92
[ 6523.788172] [AOA] Measurement: 0,1627165265.626254,08:55:31:9b:04:ac,2,1,2,0,128,562,113,320,863,667,32,577,227,232,34,844,284,801,279,457,55,978,878,129,788,130,616,302,256,51,442,307,618,334,960,892,441,98,88,27,94,90,88,66,94,98,96,87,103,94,92,94,82,97,70,52,95,72,76,84,40,88,87,89,87,76,81,76,96
[ 6523.831946] [AOA] Measurement: 0,1627165265.670028,08:55:31:9b:04:ac,2,1,2,0,128,600,138,262,876,643,1000,500,212,788,200,910,322,358,523,981,220,497,56,572,589,111,617,305,266,521,608,824,437,409,980,178,749,97,86,27,93,87,87,67,92,94,93,85,104,94,92,95,83,96,70,54,95,71,78,82,41,87,89,87,87,76,80,76,97
[ 6523.873988] [AOA] Measurement: 0,1627165265.712066,08:55:31:9b:04:ac,2,1,2,0,128,640,152,325,875,634,1001,625,272,814,244,933,331,457,568,965,241,524,51,144,797,715,840,356,286,1004,361,809,399,333,933,49,684,98,88,27,92,88,87,66,91,95,93,87,103,94,93,94,80,94,67,50,93,71,73,78,36,83,82,83,80,69,77,69,90
[ 6523.932148] [AOA] Measurement: 0,1627165265.770229,08:55:31:9b:04:ac,2,1,2,0,128,28,995,281,832,44,779,1020,32,249,2,367,105,841,289,476,63,988,878,651,627,659,789,885,474,565,597,808,414,314,938,33,680,99,89,27,95,92,88,68,93,96,96,88,103,97,95,97,82,96,68,50,94,73,75,83,39,88,87,86,85,71,80,72,95
[ 6523.972266] [AOA] Measurement: 0,1627165265.810344,08:55:31:9b:04:ac,2,1,2,0,128,630,185,260,848,657,8,542,229,298,82,902,274,411,523,53,315,488,39,210,850,99,588,345,328,1023,432,424,684,349,987,27,585,97,87,28,90,88,89,67,93,95,90,87,104,92,90,94,83,96,68,54,95,71,77,82,42,87,91,89,88,77,82,77,98
[ 6524.018099] [AOA] Measurement: 0,1627165265.856180,08:55:31:9b:04:ac,2,1,2,0,128,649,169,258,830,650,991,586,273,774,184,881,278,784,263,51,330,520,67,199,820,613,765,915,498,509,547,379,622,325,937,204,953,96,86,28,91,89,88,68,91,92,93,86,102,94,91,96,84,96,69,52,94,71,77,82,41,89,88,90,88,76,81,76,96
[ 6524.064314] [AOA] Measurement: 0,1627165265.902391,08:55:31:9b:04:ac,2,1,2,0,128,589,124,268,828,602,986,541,198,259,1020,395,138,835,296,436,49,990,888,641,607,642,808,316,276,1020,398,786,400,832,762,602,269,103,95,29,99,95,95,73,96,102,100,95,110,101,98,102,88,102,75,55,102,77,82,88,43,94,94,95,95,82,87,82,102
[ 6524.115084] [AOA] Measurement: 0,1627165265.953161,08:55:31:9b:04:ac,2,1,2,0,128,575,122,246,855,604,984,561,270,783,186,399,114,382,509,10,315,525,72,179,835,643,773,909,534,537,584,436,664,312,953,943,525,93,85,28,90,85,86,66,88,91,90,84,101,91,88,92,82,95,67,53,92,71,78,82,42,85,89,88,86,75,80,77,96
[ 6524.166701] [AOA] Measurement: 0,1627165266.004778,08:55:31:9b:04:ac,2,1,2,0,128,1018,962,720,617,78,809,1015,4,223,1021,386,132,821,269,985,211,1004,896,626,605,74,529,363,328,572,586,350,639,311,914,840,475,95,82,29,88,88,84,64,92,91,91,82,102,92,89,96,83,96,68,54,93,73,78,82,41,87,89,89,87,74,81,76,97
[ 6524.212690] [AOA] Measurement: 0,1627165266.050774,08:55:31:9b:04:ac,2,1,2,0,128,611,171,244,855,597,1013,27,67,825,258,888,316,870,339,7,286,494,50,116,770,61,547,377,311,1000,387,796,372,831,774,362,1008,96,89,27,92,88,89,67,92,93,93,89,103,94,93,95,83,96,70,54,96,73,77,84,39,89,89,89,87,75,80,74,98
[ 6524.255657] [AOA] Measurement: 0,1627165266.093741,08:55:31:9b:04:ac,2,1,2,0,128,584,149,283,838,667,1002,575,276,784,256,885,311,400,532,42,306,492,50,168,832,712,819,926,518,643,675,389,661,352,950,844,443,94,87,27,89,87,85,66,91,92,93,87,101,92,91,96,82,94,69,53,93,72,77,81,41,89,89,87,86,73,80,75,96
[ 6524.299784] [AOA] Measurement: 0,1627165266.137868,08:55:31:9b:04:ac,2,1,2,0,128,579,120,734,634,101,805,51,46,825,231,968,358,346,494,985,206,926,811,667,616,102,603,328,307,483,563,804,427,375,979,615,281,101,94,26,99,96,92,66,96,104,100,93,108,102,101,101,84,100,65,49,98,72,73,81,32,88,86,82,80,64,76,65,87
[ 6524.338640] [AOA] Measurement: 0,1627165266.176723,08:55:31:9b:04:ac,2,1,2,0,128,616,150,285,844,676,1008,562,244,767,195,957,330,388,525,411,69,952,890,207,843,666,803,914,470,553,614,311,605,743,742,52,671,96,89,27,92,92,89,66,92,96,95,89,102,94,91,92,80,94,67,50,93,71,75,81,37,88,87,85,84,74,80,72,95
[ 6524.384192] [AOA] Measurement: 0,1627165266.222269,08:55:31:9b:04:ac,2,1,2,0,128,615,169,218,817,103,821,20,41,258,39,890,307,345,490,42,304,517,37,149,793,685,819,941,540,564,617,320,586,745,712,745,443,95,88,26,91,86,84,66,90,96,94,85,101,92,94,93,78,94,65,47,92,69,70,79,33,83,79,78,76,63,73,63,86
[ 6524.437820] [AOA] Measurement: 0,1627165266.275902,08:55:31:9b:04:ac,2,1,2,0,128,583,124,244,848,604,1000,579,270,783,224,947,304,847,314,462,111,946,874,157,801,668,768,336,325,576,619,299,577,389,1007,1008,567,97,86,27,95,91,87,65,90,95,95,86,99,95,91,95,81,96,66,52,95,71,74,82,38,87,85,85,85,70,78,70,93
[ 6524.481650] [AOA] Measurement: 0,1627165266.319735,08:55:31:9b:04:ac,2,1,2,0,128,579,112,753,670,49,782,40,83,771,194,374,136,821,327,467,72,945,860,621,626,64,547,362,334,508,585,803,399,811,771,879,548,97,88,26,92,90,88,65,91,95,93,88,103,95,93,96,82,97,69,50,94,71,75,82,39,86,89,85,85,73,78,73,94
[ 6524.519873] [AOA] Measurement: 0,1627165266.357956,08:55:31:9b:04:ac,2,1,2,0,128,604,176,269,864,588,984,592,269,720,156,357,105,806,288,462,67,1,901,628,601,97,584,281,260,575,598,367,617,339,949,298,836,103,95,29,100,97,94,72,99,105,102,95,112,101,101,103,89,105,74,56,101,79,84,90,43,94,95,92,92,78,84,79,103
[ 6524.558673] [AOA] Measurement: 0,1627165266.396755,08:55:31:9b:04:ac,2,1,2,0,128,71,989,329,863,624,1011,557,243,764,213,870,289,293,436,469,46,975,857,675,651,131,620,934,525,976,369,801,394,839,801,509,109,99,88,27,92,89,89,67,92,96,95,88,102,94,93,96,84,96,68,52,94,73,78,83,40,88,89,87,85,75,81,74,96
[ 6524.602461] [AOA] Measurement: 0,1627165266.440545,08:55:31:9b:04:ac,2,1,2,0,128,557,106,233,837,667,978,568,252,825,220,931,332,370,487,14,293,504,55,224,858,661,798,864,478,597,641,305,580,368,985,250,845,99,88,26,93,90,87,65,90,95,96,88,102,94,92,92,78,94,66,47,93,71,71,79,36,86,84,81,79,67,75,69,90
[ 6524.647003] [AOA] Measurement: 0,1627165266.485085,08:55:31:9b:04:ac,2,1,2,0,128,595,171,221,824,653,1023,566,242,797,235,950,309,342,479,479,80,488,63,173,811,626,783,932,494,519,574,296,610,336,955,106,727,92,83,29,85,87,86,66,92,89,90,84,99,90,88,93,82,93,68,54,90,68,77,82,44,87,89,90,89,79,81,79,97
[ 6524.690651] [AOA] Measurement: 0,1627165266.528734,08:55:31:9b:04:ac,2,1,2,0,128,593,152,308,880,639,992,39,72,829,213,860,293,370,490,502,133,465,4,683,611,684,819,907,494,571,612,334,657,330,931,864,464,104,97,30,101,96,93,73,99,102,101,95,109,101,99,103,89,103,74,56,101,78,83,89,45,96,96,96,91,80,84,81,102
[ 6524.735106] [AOA] Measurement: 0,1627165266.573190,08:55:31:9b:04:ac,2,1,2,0,128,629,190,311,901,553,953,574,259,219,1014,928,300,853,309,477,82,969,889,153,783,107,597,873,502,584,637,372,626,333,938,357,950,106,97,29,101,96,94,72,100,102,102,94,110,102,99,102,87,104,72,54,102,78,80,86,40,93,92,91,87,76,85,76,99
[ 6524.792723] [AOA] Measurement: 0,1627165266.630806,08:55:31:9b:04:ac,2,1,2,0,128,549,128,291,896,606,981,591,264,817,259,915,361,377,529,14,305,480,51,205,823,588,789,886,497,611,616,350,621,324,937,310,831,102,95,32,98,98,96,73,99,100,100,92,110,98,100,103,89,102,76,58,101,78,86,89,44,93,96,96,95,83,89,84,107
[ 6524.837165] [AOA] Measurement: 0,1627165266.675250,08:55:31:9b:04:ac,2,1,2,0,128,592,143,267,836,626,1016,9,67,271,23,331,119,350,515,460,90,1005,912,658,648,87,597,383,333,561,629,333,615,309,957,217,767,95,87,28,93,89,89,67,93,95,93,87,103,93,89,95,84,95,69,54,94,72,79,83,43,88,89,90,89,78,82,77,99
[ 6524.883447] [AOA] Measurement: 0,1627165266.721529,08:55:31:9b:04:ac,2,1,2,0,128,618,149,276,852,645,7,596,243,808,251,822,251,351,471,15,274,501,32,650,646,88,596,873,465,494,573,361,604,359,937,682,182,98,90,25,94,89,85,65,93,95,93,88,103,96,93,96,80,96,67,50,94,71,73,80,36,85,86,83,82,67,77,68,92
[ 6524.926438] [AOA] Measurement: 0,1627165266.764523,08:55:31:9b:04:ac,2,1,2,0,128,583,116,254,824,653,1020,597,265,791,216,895,300,341,510,32,300,509,55,187,784,680,803,326,276,549,590,303,577,823,757,605,287,97,89,27,93,91,89,67,93,95,94,87,104,95,92,95,82,96,68,52,95,72,77,83,40,89,90,86,86,76,80,77,95
[ 6524.969769] [AOA] Measurement: 0,1627165266.807847,08:55:31:9b:04:ac,2,1,2,0,128,577,122,251,871,125,813,77,81,794,222,886,256,851,279,1010,281,525,48,182,837,79,576,373,316,554,616,343,626,782,757,305,896,96,90,26,93,90,88,65,90,98,95,88,103,95,93,95,80,96,66,48,95,69,73,80,37,86,84,84,81,70,78,69,94
[ 6525.012685] [AOA] Measurement: 0,1627165266.850762,08:55:31:9b:04:ac,2,1,2,0,128,59,1004,314,856,607,976,507,245,810,240,879,276,381,504,450,68,970,855,116,784,51,553,400,295,983,392,831,421,321,940,605,212,104,96,29,100,95,95,72,101,104,102,94,112,104,100,104,89,104,75,56,104,78,82,88,42,95,95,93,89,79,87,80,101
[ 6525.063970] [AOA] Measurement: 0,1627165266.902047,08:55:31:9b:04:ac,2,1,2,0,128,82,969,764,686,657,13,610,254,816,256,881,292,398,514,12,256,553,75,128,759,676,789,910,513,13,411,789,422,393,974,555,131,96,87,27,93,89,87,67,93,96,95,87,102,94,91,94,81,95,68,50,95,72,75,84,38,88,90,88,86,72,81,75,96
[ 6525.108110] [AOA] Measurement: 0,1627165266.946192,08:55:31:9b:04:ac,2,1,2,0,128,65,964,779,667,72,825,1015,11,257,48,396,147,767,258,492,102,941,862,675,643,104,575,375,296,10,396,810,399,802,746,298,891,98,90,28,94,88,87,67,94,98,97,88,103,95,94,96,82,95,67,50,93,73,73,81,39,88,88,85,83,72,80,72,94
[ 6525.146077] [AOA] Measurement: 0,1627165266.984159,08:55:31:9b:04:ac,2,1,2,0,128,595,135,247,837,650,977,60,48,248,25,935,323,407,491,57,325,475,31,120,799,678,795,901,486,583,603,274,612,817,787,871,468,97,88,26,92,90,88,66,91,96,95,86,104,95,93,95,81,95,65,50,95,71,74,80,36,85,85,83,82,69,77,71,93
[ 6525.183836] [AOA] Measurement: 0,1627165267.021918,08:55:31:9b:04:ac,2,1,2,0,128,649,197,299,845,613,985,616,303,791,220,897,317,366,499,15,281,462,45,166,800,56,571,349,324,547,584,368,605,310,942,309,878,95,90,26,93,89,87,66,93,94,93,87,100,92,90,96,83,95,66,48,93,69,72,79,37,82,84,83,80,67,77,65,92
[ 6525.227262] [AOA] Measurement: 0,1627165267.065340,08:55:31:9b:04:ac,2,1,2,0,128,1018,915,309,875,642,998,616,286,772,233,952,316,335,494,41,306,466,36,239,838,89,604,916,525,526,595,314,596,286,930,919,527,96,88,27,92,89,88,66,91,97,94,88,104,94,92,95,81,95,68,50,93,70,74,80,38,86,86,86,82,70,78,70,94
[ 6525.266323] [AOA] Measurement: 0,1627165267.104405,08:55:31:9b:04:ac,2,1,2,0,128,597,153,296,869,620,980,47,101,232,35,929,307,347,455,433,65,544,76,166,786,96,615,362,297,570,630,347,608,355,996,380,974,100,89,26,94,90,88,65,93,97,97,88,101,93,93,93,80,91,66,48,93,72,75,82,35,86,86,83,81,67,78,68,91
[ 6525.304240] [AOA] Measurement: 0,1627165267.142324,08:55:31:9b:04:ac,2,1,2,0,128,575,159,252,839,633,980,20,64,875,279,887,313,384,539,968,273,493,38,98,789,83,585,317,297,32,398,824,414,813,791,699,310,104,95,28,100,98,93,71,100,104,101,95,112,102,99,101,88,103,72,55,102,77,82,88,42,94,95,92,92,79,86,78,102
[ 6525.350941] [AOA] Measurement: 0,1627165267.189017,08:55:31:9b:04:ac,2,1,2,0,128,626,187,285,866,586,983,578,233,825,240,347,117,873,324,507,107,472,43,191,782,88,600,341,296,487,587,289,579,379,947,74,674,97,89,28,93,89,87,68,92,94,92,89,102,96,94,96,83,95,69,52,94,71,74,80,39,89,88,87,86,74,80,71,96
[ 6525.400734] [AOA] Measurement: 0,1627165267.238811,08:55:31:9b:04:ac,2,1,2,0,128,619,168,253,870,608,986,564,264,205,1020,317,69,849,265,445,72,5,915,190,824,699,823,896,507,515,592,380,620,310,955,489,22,105,96,27,100,96,94,72,97,102,102,94,113,100,99,104,87,103,72,57,101,77,84,89,44,93,97,95,94,79,87,83,104
[ 6525.443553] [AOA] Measurement: 0,1627165267.281636,08:55:31:9b:04:ac,2,1,2,0,128,615,147,295,878,60,824,547,232,802,232,875,303,811,312,1006,256,955,863,615,600,68,569,325,286,16,432,836,381,329,966,506,50,105,98,29,101,95,94,70,100,104,102,96,110,102,102,104,86,104,71,54,100,77,81,88,40,93,92,91,88,76,83,75,100
[ 6525.487305] [AOA] Measurement: 0,1627165267.325387,08:55:31:9b:04:ac,2,1,2,0,128,597,125,273,820,610,964,533,238,172,996,330,88,767,248,431,25,986,870,623,571,87,591,416,346,606,665,346,621,350,953,241,839,100,90,28,95,90,89,67,93,96,95,89,103,96,92,94,82,96,69,52,96,72,76,82,39,87,88,85,83,72,79,72,93
[ 6525.531107] [AOA] Measurement: 0,1627165267.369190,08:55:31:9b:04:ac,2,1,2,0,128,588,116,348,897,1022,796,36,86,817,215,948,317,873,337,413,35,955,845,634,603,154,622,318,275,30,389,849,433,343,933,859,479,105,94,31,100,98,95,71,102,102,100,91,110,101,97,101,87,103,73,56,101,77,82,89,42,94,96,95,92,80,89,80,102
[ 6525.571377] [AOA] Measurement: 0,1627165267.409454,08:55:31:9b:04:ac,2,1,2,0,128,35,936,810,640,114,866,600,287,757,197,878,296,831,317,506,62,966,871,170,807,40,553,282,251,992,351,812,410,755,735,327,39,96,88,28,90,88,87,66,91,93,92,86,102,92,90,92,81,94,68,52,94,70,76,83,40,86,88,85,85,73,79,73,96
[ 6525.621098] [AOA] Measurement: 0,1627165267.459174,08:55:31:9b:04:ac,2,1,2,0,128,642,152,308,843,609,979,565,254,806,215,347,125,883,373,999,303,921,848,649,620,652,789,890,488,3,398,854,441,312,925,33,682,97,89,28,94,89,88,65,92,97,93,88,104,95,94,99,82,96,66,50,94,71,75,81,38,88,90,86,84,72,79,72,95
[ 6525.670834] [AOA] Measurement: 0,1627165267.508912,08:55:31:9b:04:ac,2,1,2,0,128,83,997,346,862,595,982,579,286,765,222,889,280,423,580,967,260,507,42,115,749,119,573,921,502,530,579,333,572,822,787,671,305,104,95,29,99,95,95,72,100,103,100,95,111,101,99,104,90,101,73,58,100,78,82,88,46,95,97,96,95,81,87,81,104
[ 6525.720178] [AOA] Measurement: 0,1627165267.558262,08:55:31:9b:04:ac,2,1,2,0,128,580,142,292,851,641,999,613,289,725,192,911,302,377,529,1004,297,466,34,129,787,117,565,337,285,978,401,785,405,346,951,111,613,96,88,25,92,88,86,64,90,96,95,85,102,95,93,96,80,95,63,48,92,69,70,78,35,83,82,82,79,67,75,69,91
[ 6525.758631] [AOA] Measurement: 0,1627165267.596713,08:55:31:9b:04:ac,2,1,2,0,128,4,944,786,653,44,792,1012,15,246,16,365,112,789,273,401,28,988,909,615,582,89,606,235,222,972,374,764,408,798,748,420,131,96,88,27,92,90,88,66,91,95,95,87,102,94,90,95,82,93,68,51,93,71,77,82,41,89,88,86,87,75,81,76,97
[ 6525.805074] [AOA] Measurement: 0,1627165267.643152,08:55:31:9b:04:ac,2,1,2,0,128,23,969,750,659,109,804,16,13,330,41,925,330,356,500,476,68,986,875,129,793,146,598,351,296,20,462,387,648,342,973,17,682,95,88,29,91,90,88,68,93,93,93,87,103,92,91,95,84,97,68,53,94,73,78,83,43,88,90,87,86,78,81,78,98
[ 6525.844468] [AOA] Measurement: 0,1627165267.682550,08:55:31:9b:04:ac,2,1,2,0,128,638,164,233,829,588,968,588,279,770,215,908,314,367,520,1014,271,525,71,191,832,578,730,352,300,588,624,352,626,349,965,838,329,105,96,29,101,98,94,70,98,105,102,93,108,102,100,102,87,104,73,55,102,77,80,89,40,94,94,91,89,77,85,76,99
[ 6525.888532] [AOA] Measurement: 0,1627165267.726616,08:55:31:9b:04:ac,2,1,2,0,128,624,163,282,872,626,984,30,74,786,220,906,272,319,501,479,122,479,56,650,663,614,766,294,281,538,616,315,570,368,972,50,652,98,89,28,91,88,87,67,91,96,96,87,103,94,92,94,82,93,68,51,95,72,77,83,38,87,86,86,84,72,80,72,95
[ 6525.945612] [AOA] Measurement: 0,1627165267.783695,08:55:31:9b:04:ac,2,1,2,0,128,587,142,252,867,53,782,581,247,789,224,872,307,347,471,1023,247,997,863,219,872,649,785,903,535,571,641,342,625,343,938,148,658,99,90,27,94,90,90,66,92,97,93,86,103,95,91,96,83,96,68,50,92,70,72,82,38,86,86,85,82,70,78,73,91
[ 6525.989922] [AOA] Measurement: 0,1627165267.828006,08:55:31:9b:04:ac,2,1,2,0,128,592,161,721,649,40,779,48,63,256,30,383,140,373,487,454,53,960,866,185,856,642,760,340,310,556,621,783,382,828,751,714,346,98,90,27,92,91,88,67,92,96,96,86,105,94,93,97,82,96,69,51,94,72,75,82,41,88,88,88,87,75,82,75,97
[ 6526.028542] [AOA] Measurement: 0,1627165267.866620,08:55:31:9b:04:ac,2,1,2,0,128,11,910,818,696,67,790,48,68,806,221,904,279,817,282,484,107,514,88,171,837,654,801,363,316,0,392,352,621,271,916,531,177,96,87,27,91,90,86,65,90,95,94,87,102,94,93,95,83,95,69,50,94,71,75,83,38,85,84,82,82,69,80,70,92
[ 6526.074831] [AOA] Measurement: 0,1627165267.912914,08:55:31:9b:04:ac,2,1,2,0,128,572,136,324,846,601,961,599,250,786,236,927,309,414,556,970,271,524,77,174,847,634,756,374,310,1011,418,822,386,394,983,289,914,96,90,28,92,90,87,67,91,94,93,87,103,94,90,96,81,95,69,52,97,72,77,82,41,87,89,88,86,74,81,76,97
[ 6526.125485] [AOA] Measurement: 0,1627165267.963563,08:55:31:9b:04:ac,2,1,2,0,128,647,151,269,845,99,837,28,71,267,51,391,155,361,497,1007,262,529,39,94,767,630,757,948,507,518,587,776,388,841,766,820,428,99,90,26,94,92,87,66,92,97,95,88,104,96,93,96,81,96,67,49,94,71,73,81,37,87,85,85,84,71,80,72,93
[ 6526.169230] [AOA] Measurement: 0,1627165268.007312,08:55:31:9b:04:ac,2,1,2,0,128,25,951,734,624,108,838,64,116,213,1017,405,178,366,491,459,94,458,35,161,839,635,743,942,522,510,562,290,579,729,723,19,715,99,90,27,94,90,88,68,94,96,95,88,103,95,94,97,83,97,69,54,95,74,79,84,41,88,90,88,87,75,82,75,98
[ 6526.214748] [AOA] Measurement: 0,1627165268.052825,08:55:31:9b:04:ac,2,1,2,0,128,601,160,265,835,681,3,572,263,794,187,892,288,396,509,456,27,1001,932,662,621,111,607,322,283,35,445,322,594,367,990,950,549,96,86,28,90,88,86,67,89,92,92,87,101,93,91,97,81,96,68,52,94,71,77,83,42,88,89,88,88,76,81,76,96
[ 6526.264538] [AOA] Measurement: 0,1627165268.102616,08:55:31:9b:04:ac,2,1,2,0,128,583,159,300,854,661,1007,554,257,759,181,939,303,415,540,1015,277,519,73,163,825,635,764,855,438,41,411,352,634,374,991,768,322,96,87,29,92,89,86,68,90,93,93,85,101,94,91,95,83,97,67,53,91,70,75,81,40,88,87,88,84,73,79,74,97
[ 6526.318144] [AOA] Measurement: 0,1627165268.156226,08:55:31:9b:04:ac,2,1,2,0,128,648,149,340,876,625,6,526,231,806,257,896,308,398,549,990,252,497,52,180,839,626,798,889,501,550,599,351,581,328,940,828,378,105,97,28,100,96,94,71,99,103,102,96,111,103,100,103,86,104,73,54,101,77,81,89,40,95,96,93,92,77,86,79,103
[ 6526.363068] [AOA] Measurement: 0,1627165268.201152,08:55:31:9b:04:ac,2,1,2,0,128,642,191,302,882,598,982,63,96,266,44,387,169,364,512,1018,276,483,13,144,802,684,794,309,249,42,414,833,406,828,789,680,395,102,95,30,101,97,96,72,97,101,101,95,111,101,99,103,90,104,75,57,104,79,83,89,44,95,97,94,94,77,86,79,102
[ 6526.408407] [AOA] Measurement: 0,1627165268.246485,08:55:31:9b:04:ac,2,1,2,0,128,612,174,310,877,641,1005,618,285,799,225,875,262,862,350,1010,250,510,57,169,795,617,739,938,529,523,597,339,577,826,772,768,430,105,96,27,100,98,94,71,100,102,101,95,112,100,98,103,85,103,70,54,101,75,78,86,40,92,93,90,89,77,83,77,101
[ 6526.459285] [AOA] Measurement: 0,1627165268.297363,08:55:31:9b:04:ac,2,1,2,0,128,613,158,264,866,550,920,523,221,774,176,932,335,377,519,1008,277,505,39,147,804,626,763,904,486,7,424,841,401,839,771,76,678,95,87,27,92,87,87,67,91,95,94,84,102,94,93,94,79,94,67,51,92,69,73,82,39,87,86,84,83,71,81,70,90
[ 6526.504734] [AOA] Measurement: 0,1627165268.342816,08:55:31:9b:04:ac,2,1,2,0,128,539,117,306,833,96,829,5,57,823,231,350,71,365,496,473,71,998,909,651,638,625,792,902,472,533,572,365,621,343,956,88,711,95,87,27,91,88,86,67,91,94,91,86,102,93,90,93,83,94,68,54,94,73,78,83,42,89,90,90,86,78,82,77,99
[ 6526.546465] [AOA] Measurement: 0,1627165268.384543,08:55:31:9b:04:ac,2,1,2,0,128,28,955,292,866,615,1000,544,228,268,63,344,104,831,313,414,33,8,895,181,826,69,561,359,302,1006,423,857,439,800,765,183,792,96,88,29,91,87,86,66,92,96,90,84,103,94,93,95,84,96,68,52,93,72,75,81,40,87,89,87,87,74,80,75,96
[ 6526.584627] [AOA] Measurement: 0,1627165268.422709,08:55:31:9b:04:ac,2,1,2,0,128,571,116,766,639,127,824,43,56,281,56,359,104,862,336,995,238,521,64,190,831,663,804,871,475,528,591,752,392,788,751,587,271,98,92,26,94,91,88,65,91,97,96,89,99,93,91,94,79,94,64,47,93,68,70,78,33,84,84,80,78,64,74,67,89
[ 6526.624267] [AOA] Measurement: 0,1627165268.462350,08:55:31:9b:04:ac,2,1,2,0,128,566,112,271,829,715,21,569,212,713,165,923,315,403,544,1005,259,489,82,194,875,667,821,878,497,570,629,327,608,320,946,729,277,101,91,31,97,93,93,71,96,101,99,93,110,100,96,101,88,101,75,56,99,76,83,90,46,95,98,96,96,83,88,84,105
[ 6526.670267] [AOA] Measurement: 0,1627165268.508351,08:55:31:9b:04:ac,2,1,2,0,128,593,137,707,620,97,779,42,46,237,55,380,114,794,290,19,290,471,34,178,834,652,808,846,443,34,422,821,409,838,760,857,493,98,91,25,94,91,87,65,89,98,94,88,101,94,93,96,82,95,67,48,94,70,74,81,34,85,83,80,80,65,75,68,88
[ 6526.713678] [AOA] Measurement: 0,1627165268.551762,08:55:31:9b:04:ac,2,1,2,0,128,549,110,322,898,662,3,585,243,789,230,903,300,846,323,487,87,483,2,181,827,165,669,895,518,601,632,343,622,301,937,591,103,98,89,27,94,92,89,67,92,98,98,89,103,96,94,94,82,97,68,52,94,73,74,81,39,87,88,85,85,70,80,73,95
[ 6526.765052] [AOA] Measurement: 0,1627165268.603137,08:55:31:9b:04:ac,2,1,2,0,128,597,164,337,863,635,1018,11,54,263,38,353,122,872,289,498,113,485,1011,186,808,685,801,866,461,588,599,849,445,807,754,177,886,92,84,28,87,83,86,66,88,89,88,83,100,90,88,91,82,91,68,54,91,73,77,83,42,88,88,90,88,77,80,79,96
[ 6526.808493] [AOA] Measurement: 0,1627165268.646577,08:55:31:9b:04:ac,2,1,2,0,128,65,968,747,661,76,800,44,62,184,1005,360,106,880,348,992,227,499,60,180,826,654,787,366,324,596,620,841,417,784,757,755,389,94,86,28,90,87,85,66,90,91,91,87,102,91,90,93,83,94,69,54,92,71,78,84,44,88,90,89,89,78,82,78,97
[ 6526.854679] [AOA] Measurement: 0,1627165268.692757,08:55:31:9b:04:ac,2,1,2,0,128,526,104,731,665,635,998,560,244,810,238,953,340,377,511,1013,279,530,97,117,813,633,794,826,443,527,602,303,599,363,956,871,478,104,96,28,101,96,96,72,100,103,100,94,108,102,99,102,87,104,71,54,103,77,81,87,40,94,93,94,91,77,87,78,100
[ 6526.897689] [AOA] Measurement: 0,1627165268.735767,08:55:31:9b:04:ac,2,1,2,0,128,607,124,348,882,612,1002,505,215,790,224,915,315,844,332,438,102,518,25,200,834,133,587,955,522,458,540,805,421,334,979,911,549,96,87,27,92,90,87,66,91,96,94,88,103,95,92,95,80,96,68,50,95,71,75,82,37,85,86,85,83,70,79,71,95
[ 6526.936180] [AOA] Measurement: 0,1627165268.774262,08:55:31:9b:04:ac,2,1,2,0,128,627,193,265,877,587,992,566,250,779,240,947,344,405,524,962,253,530,46,166,810,708,828,901,512,567,618,339,635,396,1018,821,267,104,94,28,100,98,94,70,98,103,101,94,109,100,98,104,84,103,71,51,100,74,79,86,39,93,92,90,89,73,83,73,100
[ 6526.978796] [AOA] Measurement: 0,1627165268.816873,08:55:31:9b:04:ac,2,1,2,0,128,634,154,281,856,637,0,631,294,791,208,889,324,360,502,1005,264,902,855,144,817,69,566,362,323,1016,392,824,416,787,759,629,241,94,84,28,88,87,86,67,91,91,90,86,100,91,88,95,83,92,70,52,91,73,78,83,41,89,88,89,88,77,80,78,97
[ 6527.017890] [AOA] Measurement: 0,1627165268.855971,08:55:31:9b:04:ac,2,1,2,0,128,28,960,808,670,83,795,32,49,290,46,926,338,381,526,964,237,432,7,667,643,145,588,299,258,570,594,821,417,370,979,789,373,103,94,30,101,96,95,71,99,100,102,93,111,101,101,103,90,103,74,54,102,76,82,88,42,95,93,93,93,79,87,81,104
[ 6527.062553] [AOA] Measurement: 0,1627165268.900636,08:55:31:9b:04:ac,2,1,2,0,128,91,25,293,851,624,1007,560,228,753,185,395,145,366,511,985,247,916,842,200,813,667,798,413,308,571,657,371,620,315,917,390,995,97,91,26,94,90,88,66,94,96,95,88,102,96,93,98,83,97,67,52,95,71,77,83,41,87,88,87,86,73,80,73,96
[ 6527.104892] [AOA] Measurement: 0,1627165268.942968,08:55:31:9b:04:ac,2,1,2,0,128,608,143,324,836,638,977,567,247,751,198,314,68,849,338,442,69,944,860,682,641,606,790,927,502,521,584,332,615,821,802,795,419,95,87,27,93,90,85,67,90,96,94,86,102,96,92,94,80,95,67,51,93,69,73,80,35,85,84,84,81,68,76,68,90
[ 6527.156376] [AOA] Measurement: 0,1627165268.994458,08:55:31:9b:04:ac,2,1,2,0,128,81,995,336,876,627,993,525,230,220,27,349,125,863,305,463,66,525,53,135,794,51,573,357,306,993,418,813,413,816,788,125,810,104,95,28,101,95,93,71,98,103,102,96,110,103,99,103,88,100,72,53,102,78,81,89,40,93,95,91,90,78,84,79,104
[ 6527.202867] [AOA] Measurement: 0,1627165269.040944,08:55:31:9b:04:ac,2,1,2,0,128,572,111,245,847,61,790,90,99,248,32,410,153,387,515,448,56,993,917,164,794,84,578,419,382,512,586,319,615,322,946,294,923,96,87,28,92,88,88,67,91,95,92,88,103,93,90,92,82,93,68,53,94,70,77,82,41,88,89,88,87,74,80,76,96
[ 6527.247845] [AOA] Measurement: 0,1627165269.085929,08:55:31:9b:04:ac,2,1,2,0,128,563,152,238,832,649,999,546,227,793,245,308,64,810,293,501,115,914,821,663,646,91,592,356,327,508,579,273,575,334,959,496,63,95,86,26,92,89,89,68,92,93,94,87,103,94,92,95,82,97,68,51,94,73,76,80,38,85,85,85,85,74,80,74,95
[ 6527.291756] [AOA] Measurement: 0,1627165269.129840,08:55:31:9b:04:ac,2,1,2,0,128,39,939,817,698,88,810,1018,43,260,30,391,134,821,335,470,79,1007,904,634,635,87,570,353,281,587,608,327,600,825,749,204,792,105,95,31,98,96,96,74,100,103,101,94,111,102,99,104,89,104,73,56,98,75,80,87,43,94,95,95,95,78,88,79,104
[ 6527.335107] [AOA] Measurement: 0,1627165269.173185,08:55:31:9b:04:ac,2,1,2,0,128,634,145,250,855,34,799,34,78,238,50,421,120,840,338,488,65,974,890,657,601,89,562,289,247,998,411,761,373,844,776,159,860,92,85,29,88,87,87,67,89,89,89,84,100,91,88,94,82,91,69,53,92,70,79,84,43,87,88,89,88,76,81,76,97
[ 6527.387085] [AOA] Measurement: 0,1627165269.225167,08:55:31:9b:04:ac,2,1,2,0,128,610,156,291,837,604,1005,578,240,780,227,930,355,805,278,19,282,448,21,104,757,124,609,901,499,975,339,865,399,340,931,908,550,95,85,28,91,88,88,68,91,93,92,86,103,91,90,94,82,94,66,54,94,70,78,83,43,88,90,89,88,77,82,79,97
[ 6527.433292] [AOA] Measurement: 0,1627165269.271370,08:55:31:9b:04:ac,2,1,2,0,128,585,141,245,859,689,1009,534,251,828,232,892,306,394,545,1014,264,521,59,198,840,630,775,857,480,549,601,331,593,343,983,911,490,92,86,30,89,87,86,65,89,91,90,84,99,90,87,92,81,92,70,53,89,71,79,83,44,88,91,87,91,77,81,80,97
[ 6527.476094] [AOA] Measurement: 0,1627165269.314171,08:55:31:9b:04:ac,2,1,2,0,128,588,113,752,628,112,842,3,60,224,23,370,118,390,534,1003,257,979,880,165,806,636,749,883,439,532,573,362,644,797,774,377,37,97,89,25,92,88,86,65,92,97,94,87,104,95,93,95,79,95,62,48,92,68,73,81,36,84,83,82,82,68,77,67,90
[ 6527.515901] [AOA] Measurement: 0,1627165269.353985,08:55:31:9b:04:ac,2,1,2,0,128,593,157,236,831,596,950,33,49,855,255,942,297,408,528,946,236,506,55,215,840,655,796,906,475,553,616,286,586,330,966,668,202,97,89,24,94,91,86,66,92,98,96,88,103,96,92,97,79,95,65,48,94,69,70,79,34,86,82,80,78,63,73,65,88
[ 6527.559077] [AOA] Measurement: 0,1627165269.397161,08:55:31:9b:04:ac,2,1,2,0,128,0,944,776,690,101,811,14,85,804,213,896,273,425,569,45,331,499,59,113,775,649,782,866,476,539,593,361,628,324,927,797,306,93,85,29,88,84,86,67,89,88,90,85,96,88,86,92,82,92,70,53,89,71,79,85,45,87,90,89,90,79,82,80,98
[ 6527.605955] [AOA] Measurement: 0,1627165269.444033,08:55:31:9b:04:ac,2,1,2,0,128,44,986,736,638,673,1023,24,44,272,48,259,48,864,310,496,87,1007,907,628,585,42,535,342,256,19,434,757,395,855,792,934,594,96,90,26,93,87,86,66,91,96,95,89,105,95,94,97,82,97,68,51,95,71,74,84,39,88,90,87,87,73,82,74,95
[ 6527.649713] [AOA] Measurement: 0,1627165269.487798,08:55:31:9b:04:ac,2,1,2,0,128,78,1001,295,863,613,1007,7,55,229,9,331,68,830,298,495,85,958,894,620,604,100,586,332,255,973,376,837,432,810,758,828,486,94,86,28,90,89,86,67,91,92,92,86,101,92,90,95,82,94,68,53,93,71,79,82,42,87,87,88,86,76,82,76,98
[ 6527.694278] [AOA] Measurement: 0,1627165269.532358,08:55:31:9b:04:ac,2,1,2,0,128,63,970,717,627,59,776,35,51,278,75,315,99,857,329,1004,256,497,77,152,783,649,766,312,283,528,565,770,383,336,973,200,789,97,88,24,93,89,86,64,91,95,96,87,102,94,90,93,79,95,64,48,92,70,70,77,31,84,80,78,75,62,70,60,84
[ 6527.732066] [AOA] Measurement: 0,1627165269.570148,08:55:31:9b:04:ac,2,1,2,0,128,590,150,250,855,642,999,558,262,770,218,889,307,343,468,1000,270,543,61,214,847,671,814,884,479,563,644,308,575,342,938,729,308,99,91,27,94,91,87,65,91,95,94,88,103,93,90,95,80,92,65,49,94,72,74,80,36,86,84,82,83,68,78,68,91
[ 6527.775278] [AOA] Measurement: 0,1627165269.613355,08:55:31:9b:04:ac,2,1,2,0,128,638,178,306,862,635,985,1019,44,292,48,864,267,385,536,429,41,983,859,216,847,646,778,869,498,565,623,349,631,387,982,757,302,96,87,28,90,90,85,68,91,94,92,85,101,93,88,95,83,95,70,53,91,71,75,82,42,87,88,88,89,76,81,77,97
[ 6527.828161] [AOA] Measurement: 0,1627165269.666239,08:55:31:9b:04:ac,2,1,2,0,128,50,979,248,854,628,993,541,230,815,240,881,271,388,514,471,94,935,885,655,626,675,804,904,523,606,628,279,567,809,746,240,734,95,85,27,91,87,87,66,90,91,91,84,100,92,90,92,83,93,68,55,92,70,78,83,43,86,90,90,89,77,81,79,99
[ 6527.878289] [AOA] Measurement: 0,1627165269.716371,08:55:31:9b:04:ac,2,1,2,0,128,610,132,260,825,125,831,58,66,255,47,399,143,330,465,469,86,1013,913,634,613,84,569,884,482,544,589,751,360,335,945,903,461,105,97,28,101,97,95,70,100,102,99,95,112,102,100,101,86,102,71,54,101,75,78,86,40,93,91,89,88,75,86,76,101
[ 6527.922668] [AOA] Measurement: 0,1627165269.760752,08:55:31:9b:04:ac,2,1,2,0,128,601,127,267,853,640,999,515,201,241,38,302,69,857,320,494,79,997,875,656,597,156,615,333,288,27,427,782,372,830,747,523,128,97,87,27,93,89,87,66,93,93,95,87,104,96,93,96,83,96,70,52,94,72,76,82,41,88,90,88,87,74,80,76,97
[ 6527.967303] [AOA] Measurement: 0,1627165269.805385,08:55:31:9b:04:ac,2,1,2,0,128,643,142,290,865,624,998,990,42,810,227,924,312,389,538,943,244,517,67,180,811,660,781,906,487,566,604,293,613,333,914,740,321,96,89,25,92,90,87,65,90,96,93,88,102,94,93,95,80,97,66,50,94,69,73,79,36,85,85,85,83,70,79,72,95
[ 6528.009820] [AOA] Measurement: 0,1627165269.847897,08:55:31:9b:04:ac,2,1,2,0,128,538,127,347,885,623,1,580,264,820,277,874,276,326,474,464,98,1012,907,658,638,114,570,377,302,576,619,278,572,333,940,678,251,97,88,27,93,89,86,67,93,96,94,87,105,96,91,96,83,97,68,53,93,72,77,84,41,89,88,86,87,74,80,74,97
[ 6528.048845] [AOA] Measurement: 0,1627165269.886927,08:55:31:9b:04:ac,2,1,2,0,128,604,141,281,845,75,803,550,243,807,267,334,81,825,314,8,280,953,865,585,595,66,536,880,468,566,628,334,632,390,984,245,812,85,76,30,81,78,80,64,83,82,82,77,93,82,80,84,77,84,65,54,83,68,75,78,47,80,86,86,87,79,79,81,96
[ 6528.094430] [AOA] Measurement: 0,1627165269.932514,08:55:31:9b:04:ac,2,1,2,0,128,634,157,259,847,111,814,33,75,251,17,423,147,366,536,1017,290,525,75,140,804,624,753,373,311,973,365,803,415,348,988,579,156,95,88,27,92,88,88,65,92,94,92,84,103,92,93,95,82,96,68,52,94,71,77,83,40,87,88,84,85,74,80,74,94
[ 6528.138610] [AOA] Measurement: 0,1627165269.976691,08:55:31:9b:04:ac,2,1,2,0,128,54,984,705,672,83,784,57,55,283,71,413,163,327,490,434,54,962,868,637,637,97,597,403,328,1021,406,816,424,850,783,30,588,95,88,28,90,88,86,65,92,95,90,86,102,93,92,96,84,96,69,54,94,72,78,82,42,87,90,88,87,74,81,76,96
[ 6528.185072] [AOA] Measurement: 0,1627165270.023149,08:55:31:9b:04:ac,2,1,2,0,128,88,969,267,844,67,783,605,266,750,222,378,141,377,535,2,264,493,46,173,825,135,618,261,221,987,397,791,388,846,782,542,176,95,89,27,93,89,87,65,92,95,93,84,104,93,90,95,82,96,69,53,94,71,76,82,42,88,88,89,85,76,82,77,96
[ 6528.235244] [AOA] Measurement: 0,1627165270.073321,08:55:31:9b:04:ac,2,1,2,0,128,542,142,284,875,618,1018,574,260,802,219,910,303,361,535,5,295,499,61,131,812,673,832,793,431,576,609,806,390,322,915,76,739,96,88,26,92,89,88,68,93,94,92,88,104,95,93,97,83,96,69,52,95,70,75,82,40,86,86,85,86,72,79,73,95
[ 6528.281222] [AOA] Measurement: 0,1627165270.119304,08:55:31:9b:04:ac,2,1,2,0,128,602,148,299,866,644,2,571,282,771,195,355,134,381,500,469,66,533,44,142,765,659,766,882,479,577,595,338,603,345,956,886,330,96,87,27,92,88,87,66,90,95,94,88,103,93,91,96,82,96,68,52,93,71,75,82,37,87,84,84,83,71,77,72,90
[ 6528.325201] [AOA] Measurement: 0,1627165270.163286,08:55:31:9b:04:ac,2,1,2,0,128,598,146,326,903,652,1010,565,222,780,217,919,298,324,465,420,60,949,854,611,631,150,635,300,258,11,436,319,621,388,986,27,455,103,96,29,101,98,92,71,99,103,100,94,110,99,98,100,88,104,72,56,103,78,83,88,43,95,94,93,91,78,84,77,102
[ 6528.369634] [AOA] Measurement: 0,1627165270.207711,08:55:31:9b:04:ac,2,1,2,0,128,586,155,206,814,173,869,547,214,864,269,923,326,378,552,60,312,483,38,174,833,644,806,878,492,609,643,397,634,369,990,663,210,95,87,27,90,88,88,66,92,94,93,89,102,93,92,96,81,95,68,52,94,70,77,82,40,84,89,88,87,74,82,74,96
[ 6528.412876] [AOA] Measurement: 0,1627165270.250952,08:55:31:9b:04:ac,2,1,2,0,128,626,146,331,883,637,1007,551,235,871,316,912,310,413,521,988,237,464,29,610,575,126,621,944,528,608,685,275,586,863,795,619,228,93,86,28,89,87,86,68,92,93,94,86,102,93,91,95,82,94,68,53,94,70,77,82,40,87,89,86,86,76,79,75,95
[ 6528.467589] [AOA] Measurement: 0,1627165270.305667,08:55:31:9b:04:ac,2,1,2,0,128,586,130,275,839,75,812,580,239,282,45,928,310,873,336,449,90,987,894,630,615,59,569,261,235,11,416,819,406,804,764,986,715,94,86,28,91,88,88,67,91,93,92,87,103,92,92,93,79,95,68,53,94,71,78,82,41,87,89,88,88,75,80,76,96
[ 6528.513491] [AOA] Measurement: 0,1627165270.351569,08:55:31:9b:04:ac,2,1,2,0,128,610,179,234,848,614,998,30,57,797,234,921,294,391,542,993,269,538,64,187,842,602,711,322,279,536,599,322,590,351,986,228,844,104,96,28,102,98,94,72,99,105,103,95,112,102,99,102,86,101,71,56,102,75,80,88,41,92,94,93,91,75,84,77,100
[ 6528.570026] [AOA] Measurement: 0,1627165270.408103,08:55:31:9b:04:ac,2,1,2,0,128,57,954,808,675,48,779,24,41,242,20,308,81,863,332,466,40,982,888,619,606,82,563,312,288,23,414,794,424,287,908,36,646,104,94,31,97,96,94,73,101,101,102,94,109,101,97,100,89,101,75,59,101,78,84,89,49,94,98,97,95,84,88,84,105
[ 6528.620356] [AOA] Measurement: 0,1627165270.458433,08:55:31:9b:04:ac,2,1,2,0,128,521,119,760,668,55,791,604,284,758,187,869,259,408,548,988,260,531,56,674,650,673,792,903,515,551,651,303,586,385,979,398,1018,105,93,28,98,96,94,68,99,104,102,97,112,102,101,102,88,106,73,54,100,78,81,89,42,94,92,91,90,74,86,77,102
[ 6528.665103] [AOA] Measurement: 0,1627165270.503181,08:55:31:9b:04:ac,2,1,2,0,128,648,176,257,860,645,976,577,284,805,267,889,359,393,561,996,284,445,1,143,821,671,802,856,496,580,626,327,642,374,959,941,380,103,97,28,101,98,93,69,98,102,103,94,113,102,101,103,89,104,71,53,103,78,82,87,41,95,93,91,90,77,85,77,100
[ 6528.718354] [AOA] Measurement: 0,1627165270.556433,08:55:31:9b:04:ac,2,1,2,0,128,55,974,754,673,89,758,67,82,792,236,946,359,364,542,967,259,519,90,204,830,739,836,842,438,604,623,314,609,334,943,146,706,106,98,27,101,96,93,71,99,104,102,94,112,103,101,104,88,102,71,52,101,75,77,86,38,92,90,89,87,72,82,73,97
[ 6528.762830] [AOA] Measurement: 0,1627165270.600914,08:55:31:9b:04:ac,2,1,2,0,128,44,995,754,668,606,960,1020,25,193,1009,373,117,853,297,524,107,497,61,161,801,610,741,305,260,602,610,300,576,888,826,365,981,100,88,25,94,88,85,63,91,97,95,86,99,94,92,94,78,95,64,45,91,67,68,78,32,85,81,79,78,63,74,65,87
[ 6528.812844] [AOA] Measurement: 0,1627165270.650922,08:55:31:9b:04:ac,2,1,2,0,128,628,203,298,842,66,826,15,88,783,234,888,309,344,503,396,68,992,867,616,590,150,610,362,306,540,595,314,609,343,952,795,454,93,86,28,89,87,86,67,91,93,92,86,103,94,91,93,82,97,68,53,93,72,77,82,40,87,88,87,88,75,81,75,99
[ 6528.867399] [AOA] Measurement: 0,1627165270.705481,08:55:31:9b:04:ac,2,1,2,0,128,557,140,280,864,121,864,572,306,782,239,887,276,828,336,480,109,491,32,172,858,677,818,896,481,567,639,341,628,356,965,388,940,104,94,28,99,97,96,70,99,101,102,95,110,102,100,102,89,106,75,55,102,78,83,87,42,94,95,94,93,78,86,81,102
[ 6528.913645] [AOA] Measurement: 0,1627165270.751722,08:55:31:9b:04:ac,2,1,2,0,128,595,167,714,659,78,805,534,226,218,1020,325,110,859,317,516,121,442,23,217,846,625,782,909,492,1005,423,309,627,326,934,319,948,97,89,29,91,88,88,66,92,94,93,86,103,94,92,97,83,96,68,52,93,72,76,82,39,88,88,87,87,74,79,75,96
[ 6528.963801] [AOA] Measurement: 0,1627165270.801878,08:55:31:9b:04:ac,2,1,2,0,128,95,1013,282,880,583,1002,551,253,784,218,852,262,359,511,440,62,535,77,150,807,90,575,311,283,1008,393,847,447,816,775,132,761,95,84,28,92,90,86,68,91,95,95,87,102,95,93,95,83,96,70,52,95,72,76,83,42,88,90,88,88,73,81,76,94
[ 6529.010251] [AOA] Measurement: 0,1627165270.848335,08:55:31:9b:04:ac,2,1,2,0,128,575,142,327,883,648,10,625,246,806,242,921,295,365,505,996,271,508,82,155,839,667,797,849,487,580,638,364,650,362,928,919,536,93,85,28,89,87,85,67,91,90,93,86,100,91,89,94,83,95,69,54,93,71,77,82,42,88,88,87,87,76,81,79,97
[ 6529.048223] [AOA] Measurement: 0,1627165270.886304,08:55:31:9b:04:ac,2,1,2,0,128,520,112,263,861,591,997,525,258,773,205,894,289,333,447,502,97,981,901,653,615,610,740,928,500,493,578,315,617,801,765,865,544,98,88,28,92,88,88,68,91,95,93,87,105,94,93,97,84,96,68,53,94,73,76,80,40,88,88,88,87,74,79,74,95
[ 6529.094822] [AOA] Measurement: 0,1627165270.932899,08:55:31:9b:04:ac,2,1,2,0,128,617,131,748,660,660,1009,577,254,778,211,296,58,786,271,481,82,965,847,627,586,135,619,339,276,503,537,865,447,347,974,814,418,91,84,30,88,85,86,67,90,90,89,84,100,90,87,92,81,95,69,54,90,71,79,82,44,86,89,89,89,79,83,79,98
[ 6529.133541] [AOA] Measurement: 0,1627165270.971622,08:55:31:9b:04:ac,2,1,2,0,128,89,966,762,669,38,774,25,34,238,14,310,32,821,294,407,20,954,897,643,596,63,546,389,282,512,550,357,626,360,986,891,476,103,95,30,98,97,93,70,101,101,100,96,112,102,101,103,88,104,74,56,100,76,79,87,40,92,93,93,90,76,84,79,101
[ 6529.175791] [AOA] Measurement: 0,1627165271.013868,08:55:31:9b:04:ac,2,1,2,0,128,585,152,744,652,633,985,62,85,767,194,915,337,403,519,461,28,904,826,701,659,83,595,342,323,583,608,295,572,818,784,555,195,98,88,27,94,91,89,65,93,97,95,88,103,97,93,97,82,95,67,50,94,70,74,81,36,86,86,85,82,71,78,71,94
[ 6529.220834] [AOA] Measurement: 0,1627165271.058916,08:55:31:9b:04:ac,2,1,2,0,128,23,967,269,850,634,1006,9,64,262,34,338,80,816,309,447,53,1008,910,154,795,140,609,915,480,607,645,789,437,389,1014,757,303,96,88,27,92,90,87,68,90,94,95,88,105,94,93,97,82,95,66,51,94,71,75,83,37,87,88,85,84,70,78,71,94
[ 6529.264571] [AOA] Measurement: 0,1627165271.102654,08:55:31:9b:04:ac,2,1,2,0,128,618,154,258,865,649,7,581,272,235,17,869,263,389,539,1019,277,496,38,149,804,627,787,920,470,519,570,366,624,338,951,985,478,95,88,28,91,88,86,63,91,94,93,85,102,92,90,93,79,94,63,47,91,68,71,79,34,83,82,81,79,66,74,67,88
[ 6529.311296] [AOA] Measurement: 0,1627165271.149373,08:55:31:9b:04:ac,2,1,2,0,128,1021,961,803,680,38,784,57,93,207,5,315,88,883,343,520,124,503,95,90,760,100,580,352,302,988,371,828,402,811,739,145,784,98,89,26,93,88,85,64,90,95,94,86,102,95,94,96,81,95,66,48,92,69,71,78,35,84,84,83,81,66,76,67,90
[ 6529.353664] [AOA] Measurement: 0,1627165271.191747,08:55:31:9b:04:ac,2,1,2,0,128,77,946,711,629,66,818,1015,55,845,263,920,317,322,468,488,119,444,4,671,634,60,553,359,288,42,393,807,431,788,774,500,42,96,87,28,93,89,88,66,91,96,95,86,104,95,92,95,83,96,68,52,94,70,75,81,39,88,86,85,83,73,78,73,95
[ 6529.396283] [AOA] Measurement: 0,1627165271.234367,08:55:31:9b:04:ac,2,1,2,0,128,37,983,740,671,82,789,16,54,275,49,307,75,880,319,433,41,971,888,608,584,75,539,329,287,1023,426,771,371,854,771,908,584,97,88,27,93,89,87,65,92,94,93,85,104,94,90,96,81,95,67,50,92,70,75,79,40,85,88,86,86,72,78,73,93
[ 6529.439173] [AOA] Measurement: 0,1627165271.277250,08:55:31:9b:04:ac,2,1,2,0,128,583,116,334,886,637,1005,562,241,812,247,931,335,404,537,29,277,476,13,160,799,687,802,871,456,527,595,348,619,305,958,441,1004,93,84,29,87,84,85,65,89,89,88,82,100,90,86,93,81,94,69,52,91,71,78,83,44,87,89,88,88,77,80,77,98
[ 6529.481682] [AOA] Measurement: 0,1627165271.319765,08:55:31:9b:04:ac,2,1,2,0,128,579,116,274,849,652,1004,553,263,793,218,890,298,417,560,997,274,444,0,194,832,644,764,311,279,1014,412,362,620,378,983,783,346,104,95,30,98,96,93,72,100,100,99,93,110,100,97,102,90,102,74,58,99,77,85,88,47,95,96,98,97,84,90,84,107
[ 6529.528110] [AOA] Measurement: 0,1627165271.366186,08:55:31:9b:04:ac,2,1,2,0,128,610,159,304,893,576,988,1,53,261,43,925,296,861,336,1021,246,524,75,156,815,679,808,932,520,627,648,341,590,320,947,561,165,98,89,26,93,92,87,67,92,97,94,88,101,95,92,94,80,95,67,51,94,71,74,82,40,87,88,87,84,72,80,73,93
[ 6529.575281] [AOA] Measurement: 0,1627165271.413362,08:55:31:9b:04:ac,2,1,2,0,128,622,165,272,867,637,1021,595,277,734,190,339,99,810,302,463,91,998,922,177,818,719,809,899,513,535,613,359,616,349,964,147,679,96,88,26,94,89,86,65,90,96,95,87,101,93,92,95,80,95,67,48,93,70,73,80,36,85,86,83,82,69,77,68,88
[ 6529.618872] [AOA] Measurement: 0,1627165271.456956,08:55:31:9b:04:ac,2,1,2,0,128,564,166,327,929,573,1007,583,269,773,258,909,317,331,469,26,292,528,42,202,832,675,809,857,467,17,435,838,432,885,797,628,276,96,87,28,92,87,88,65,91,91,91,86,102,92,89,94,82,96,69,52,94,71,77,82,39,86,87,88,87,73,80,74,95
[ 6529.662385] [AOA] Measurement: 0,1627165271.500469,08:55:31:9b:04:ac,2,1,2,0,128,625,149,703,581,35,799,34,81,825,243,332,71,847,337,380,50,990,874,635,643,85,604,333,291,1017,432,818,399,803,765,780,389,96,87,25,92,88,86,64,90,96,94,87,102,93,93,95,80,94,67,49,93,71,73,79,38,88,87,83,83,69,77,69,92
[ 6529.703711] [AOA] Measurement: 0,1627165271.541789,08:55:31:9b:04:ac,2,1,2,0,128,607,145,289,874,640,991,553,266,830,259,963,340,365,510,978,273,510,39,193,839,697,795,883,469,512,581,409,676,309,945,99,726,89,83,29,87,83,85,66,89,88,89,82,99,88,87,90,83,92,69,52,89,70,78,81,43,87,89,88,87,77,82,78,98
[ 6529.742290] [AOA] Measurement: 0,1627165271.580375,08:55:31:9b:04:ac,2,1,2,0,128,39,954,763,633,106,838,56,64,242,28,391,147,335,506,401,37,1015,913,665,636,46,530,325,255,989,387,823,425,784,749,885,525,103,96,29,104,97,96,71,99,102,100,92,111,101,102,105,89,106,73,55,102,77,82,88,42,95,96,94,90,79,86,79,103
[ 6529.790727] [AOA] Measurement: 0,1627165271.628804,08:55:31:9b:04:ac,2,1,2,0,128,42,990,741,667,632,994,36,60,269,71,816,265,876,347,509,92,508,45,207,841,684,802,909,500,598,638,351,610,348,979,499,133,97,89,24,94,90,87,62,90,96,96,86,101,93,91,92,77,89,62,44,91,67,67,74,31,82,79,77,73,62,72,63,85
[ 6529.835283] [AOA] Measurement: 0,1627165271.673366,08:55:31:9b:04:ac,2,1,2,0,128,617,144,288,898,649,1004,616,273,869,287,956,355,418,539,1013,304,414,17,174,828,635,780,863,482,556,639,392,653,329,958,731,269,106,96,28,102,98,94,70,98,102,102,94,111,101,99,102,87,101,69,52,102,75,77,85,39,90,90,88,87,73,82,73,98
[ 6529.879575] [AOA] Measurement: 0,1627165271.717652,08:55:31:9b:04:ac,2,1,2,0,128,40,948,745,670,105,784,598,249,237,14,384,126,441,551,979,228,970,890,192,840,102,599,328,292,1020,406,752,385,773,750,694,294,99,89,25,95,89,87,64,92,97,95,89,103,96,94,93,80,96,65,49,92,70,72,79,32,84,83,81,78,66,75,66,90
[ 6529.926270] [AOA] Measurement: 0,1627165271.764347,08:55:31:9b:04:ac,2,1,2,0,128,590,135,392,897,592,958,610,265,782,232,914,310,404,538,1003,272,492,53,201,829,699,827,922,549,539,601,317,607,399,950,72,674,97,90,25,91,87,85,65,91,95,95,89,102,93,93,96,80,94,65,49,93,71,74,81,36,88,85,83,83,69,78,68,90
[ 6529.976448] [AOA] Measurement: 0,1627165271.814526,08:55:31:9b:04:ac,2,1,2,0,128,583,134,286,868,611,989,577,269,827,256,895,313,386,516,14,275,493,74,208,865,678,848,939,512,567,630,300,592,346,966,540,56,98,89,27,92,90,86,65,92,94,93,86,102,95,93,96,81,96,67,51,94,71,74,83,37,87,85,85,85,71,78,71,93
[ 6530.020568] [AOA] Measurement: 0,1627165271.858652,08:55:31:9b:04:ac,2,1,2,0,128,597,163,288,881,638,1019,518,220,799,220,855,272,854,306,513,105,969,893,662,646,664,793,868,445,579,589,380,654,334,953,189,784,98,88,26,95,89,87,64,92,96,94,87,102,95,92,96,80,94,67,49,94,71,72,79,36,86,86,81,82,67,78,70,92
[ 6530.064506] [AOA] Measurement: 0,1627165271.902588,08:55:31:9b:04:ac,2,1,2,0,128,1019,950,735,653,85,819,36,50,283,70,856,299,823,276,470,82,980,873,662,633,116,582,309,287,35,412,765,390,792,754,871,636,97,88,27,93,90,86,66,92,96,94,88,104,91,88,95,80,95,67,50,93,70,73,80,37,85,86,84,82,69,78,69,90
[ 6530.108167] [AOA] Measurement: 0,1627165271.946248,08:55:31:9b:04:ac,2,1,2,0,128,594,150,259,854,586,995,546,223,778,212,900,323,326,508,29,271,534,48,651,609,69,562,332,278,552,592,777,411,338,939,960,559,96,86,28,91,89,87,66,91,94,90,86,103,93,91,95,83,95,67,53,92,71,78,82,42,87,86,87,87,75,81,74,96
[ 6530.151951] [AOA] Measurement: 0,1627165271.990028,08:55:31:9b:04:ac,2,1,2,0,128,599,172,204,814,19,783,982,1,248,39,337,99,871,291,462,99,491,49,169,794,671,806,884,467,600,641,300,565,307,942,42,744,96,87,28,90,90,87,66,91,94,93,87,102,92,90,93,83,95,69,53,93,73,77,83,41,89,88,88,88,75,82,76,97
[ 6530.201257] [AOA] Measurement: 0,1627165272.039335,08:55:31:9b:04:ac,2,1,2,0,128,615,161,251,834,596,988,573,231,822,257,879,285,367,502,20,306,538,71,117,763,109,596,305,250,32,434,800,450,837,755,849,440,95,87,27,92,88,88,67,92,92,93,86,102,92,91,94,82,94,69,51,93,72,77,82,40,88,89,87,88,76,82,77,95
[ 6530.254363] [AOA] Measurement: 0,1627165272.092441,08:55:31:9b:04:ac,2,1,2,0,128,78,1003,742,653,617,975,8,25,250,40,320,88,339,480,477,38,935,855,617,587,67,532,311,283,939,365,851,444,839,791,852,456,104,96,31,99,97,94,71,100,99,100,94,111,102,99,101,90,102,75,59,101,78,86,88,47,95,97,96,94,83,87,82,105
[ 6530.292922] [AOA] Measurement: 0,1627165272.131007,08:55:31:9b:04:ac,2,1,2,0,128,609,135,711,643,126,826,609,267,858,235,884,316,376,528,3,281,495,19,135,786,135,605,854,486,996,382,326,573,333,985,762,260,98,91,25,94,89,86,66,91,97,95,88,102,94,93,96,81,95,66,49,92,72,71,80,36,86,85,82,82,68,76,68,91
[ 6530.336754] [AOA] Measurement: 0,1627165272.174836,08:55:31:9b:04:ac,2,1,2,0,128,0,949,730,599,57,774,30,45,293,62,899,290,367,495,8,286,517,89,137,788,608,787,922,519,526,601,781,392,808,751,40,705,92,84,28,89,87,87,66,90,91,89,86,100,91,87,92,83,91,69,55,92,70,78,83,45,87,89,87,91,80,83,78,98
[ 6530.380030] [AOA] Measurement: 0,1627165272.218112,08:55:31:9b:04:ac,2,1,2,0,128,78,1007,284,884,637,1019,523,223,791,227,885,293,435,572,985,249,512,54,619,624,124,651,867,469,552,620,327,626,322,992,318,929,106,96,28,100,96,92,69,98,103,101,93,110,101,99,103,88,103,71,54,101,76,78,88,39,93,92,90,87,73,83,75,100
[ 6530.424609] [AOA] Measurement: 0,1627165272.262691,08:55:31:9b:04:ac,2,1,2,0,128,598,127,277,840,649,1002,599,297,706,166,908,296,874,305,465,112,509,67,130,806,96,574,337,276,17,385,829,389,349,966,341,943,97,87,28,92,88,88,67,92,94,93,88,102,92,91,93,82,96,69,53,93,71,78,83,42,86,89,88,86,74,79,77,98
[ 6530.468257] [AOA] Measurement: 0,1627165272.306338,08:55:31:9b:04:ac,2,1,2,0,128,631,162,266,848,694,1014,560,234,832,227,902,301,323,479,21,318,518,58,191,818,685,802,894,483,580,646,356,614,310,961,583,149,105,96,27,102,98,94,70,98,103,102,96,111,101,100,102,87,101,72,53,100,74,80,87,40,91,93,91,89,75,84,76,101
[ 6530.515573] [AOA] Measurement: 0,1627165272.353650,08:55:31:9b:04:ac,2,1,2,0,128,43,985,746,632,94,833,24,47,251,22,362,85,770,253,455,66,947,861,625,614,125,643,875,489,573,598,344,607,364,977,172,851,95,87,25,91,88,86,64,89,95,93,88,100,94,92,93,76,95,66,48,92,69,70,79,34,84,84,79,78,65,74,66,87
[ 6530.561589] [AOA] Measurement: 0,1627165272.399666,08:55:31:9b:04:ac,2,1,2,0,128,603,154,284,871,623,993,585,261,772,201,354,77,393,528,16,312,485,34,183,844,646,789,923,507,555,613,773,402,362,1007,550,184,92,83,29,85,87,85,67,89,91,91,85,100,90,87,90,82,90,69,53,90,69,79,81,44,85,89,90,87,79,81,79,96
[ 6530.617952] [AOA] Measurement: 0,1627165272.456029,08:55:31:9b:04:ac,2,1,2,0,128,603,146,238,849,68,814,3,42,823,211,374,105,884,366,483,91,978,872,630,604,74,542,367,325,513,597,356,627,365,968,406,19,94,85,28,91,86,86,65,90,91,89,85,102,91,90,92,79,93,68,54,92,72,77,82,44,89,91,90,90,79,81,80,98
[ 6530.663972] [AOA] Measurement: 0,1627165272.502050,08:55:31:9b:04:ac,2,1,2,0,128,581,155,264,836,624,10,575,264,160,13,352,140,866,343,472,91,1020,890,609,613,634,779,822,457,1000,402,837,451,249,908,632,319,106,97,28,101,98,94,71,100,104,103,95,110,102,100,102,88,103,74,54,102,78,82,86,42,95,95,92,92,80,86,78,103
[ 6530.720326] [AOA] Measurement: 0,1627165272.558404,08:55:31:9b:04:ac,2,1,2,0,128,33,940,767,650,95,827,59,67,230,2,351,118,834,340,1017,225,989,917,154,796,704,795,853,456,1014,446,290,571,759,730,104,695,94,86,28,89,89,87,64,90,93,90,88,103,95,94,96,82,96,68,53,93,71,77,84,38,86,86,84,86,71,80,75,93
[ 6530.766325] [AOA] Measurement: 0,1627165272.604402,08:55:31:9b:04:ac,2,1,2,0,128,59,962,725,653,123,842,1004,20,291,39,382,152,799,328,39,320,444,63,136,772,102,622,865,440,1012,416,860,454,795,761,567,152,98,88,27,94,92,88,65,92,93,96,86,103,95,92,94,81,95,67,51,95,72,76,80,37,87,88,83,85,72,78,71,95
[ 6530.816222] [AOA] Measurement: 0,1627165272.654300,08:55:31:9b:04:ac,2,1,2,0,128,628,183,257,841,668,41,568,244,764,175,353,77,858,327,451,53,939,896,200,858,637,755,351,295,580,635,325,605,331,971,417,9,95,90,27,95,90,89,66,93,97,93,89,104,96,94,95,84,97,69,51,95,72,75,81,39,86,86,86,82,70,77,71,94
[ 6530.863290] [AOA] Measurement: 0,1627165272.701375,08:55:31:9b:04:ac,2,1,2,0,128,575,130,265,844,105,842,548,216,836,293,873,250,404,563,1014,281,529,87,122,794,673,818,873,502,556,626,398,631,360,969,34,558,96,87,26,90,87,85,65,91,92,93,88,102,94,92,96,81,96,67,50,94,73,75,84,39,88,83,85,84,71,77,70,93
[ 6530.907363] [AOA] Measurement: 0,1627165272.745444,08:55:31:9b:04:ac,2,1,2,0,128,52,988,316,889,1021,755,64,74,186,3,348,97,780,268,505,79,938,843,641,637,106,574,314,289,968,369,358,638,341,964,666,251,97,89,25,93,88,88,65,91,98,95,88,102,93,93,95,79,92,64,49,91,71,72,79,35,86,85,81,80,66,75,67,89
[ 6530.950918] [AOA] Measurement: 0,1627165272.788999,08:55:31:9b:04:ac,2,1,2,0,128,44,990,302,861,625,990,627,316,810,249,915,308,400,555,10,239,505,96,182,809,123,576,332,258,49,444,781,369,823,758,251,968,97,88,28,93,91,87,67,92,98,97,88,103,95,94,95,82,97,69,52,95,72,75,82,39,88,87,85,87,73,81,74,97
[ 6530.994037] [AOA] Measurement: 0,1627165272.832114,08:55:31:9b:04:ac,2,1,2,0,128,586,140,358,911,669,6,599,286,829,263,331,105,800,291,514,110,436,13,671,642,123,602,386,316,1022,419,783,397,802,805,159,818,95,87,25,91,87,88,65,92,96,94,87,103,95,92,97,81,94,65,49,94,70,72,78,36,86,87,83,82,67,77,69,91
[ 6531.043801] [AOA] Measurement: 0,1627165272.881879,08:55:31:9b:04:ac,2,1,2,0,128,618,162,276,848,682,0,589,293,810,256,961,363,366,524,990,275,489,68,150,817,682,799,867,477,566,613,344,620,283,898,798,451,90,84,29,87,84,83,66,90,88,90,84,99,90,87,92,81,91,69,54,88,71,77,82,44,86,88,87,89,79,81,80,98
[ 6531.093280] [AOA] Measurement: 0,1627165272.931358,08:55:31:9b:04:ac,2,1,2,0,128,571,136,299,879,668,6,536,228,833,256,856,281,360,499,492,129,518,46,176,822,685,818,895,495,588,622,395,659,347,986,1007,503,93,85,27,89,87,86,66,89,90,91,84,100,91,89,95,80,96,69,53,93,71,76,83,42,88,89,86,87,76,81,78,97
[ 6531.137463] [AOA] Measurement: 0,1627165272.975543,08:55:31:9b:04:ac,2,1,2,0,128,16,972,700,627,145,801,32,50,251,46,881,288,324,465,1019,261,439,5,222,833,694,796,860,452,545,621,297,587,806,764,53,710,103,93,30,97,95,94,71,98,100,98,92,109,101,98,101,86,101,75,57,99,77,83,88,46,95,96,95,94,80,85,82,106
[ 6531.181366] [AOA] Measurement: 0,1627165273.019450,08:55:31:9b:04:ac,2,1,2,0,128,30,981,259,839,637,993,599,247,850,258,932,300,326,506,987,271,520,75,166,859,660,744,372,265,547,591,322,600,336,936,848,353,98,90,26,96,90,87,65,91,95,95,88,101,95,93,95,79,95,65,50,94,71,73,81,35,85,86,83,82,69,77,69,91
[ 6531.225069] [AOA] Measurement: 0,1627165273.063154,08:55:31:9b:04:ac,2,1,2,0,128,35,988,276,874,615,1002,54,103,272,66,879,277,847,318,507,81,458,15,157,842,66,573,944,527,534,603,754,363,817,777,22,723,95,89,29,91,90,89,65,92,94,94,87,101,93,90,95,83,94,69,53,95,72,77,84,40,87,90,87,87,75,83,76,97
[ 6531.278364] [AOA] Measurement: 0,1627165273.116446,08:55:31:9b:04:ac,2,1,2,0,128,12,933,783,656,100,841,24,38,290,55,356,102,851,338,411,63,514,56,146,809,46,571,354,312,14,383,783,409,810,737,722,368,96,87,25,93,88,84,66,91,95,94,86,103,93,93,92,80,95,66,49,94,69,71,80,34,85,83,82,79,66,76,68,91
[ 6531.323773] [AOA] Measurement: 0,1627165273.161850,08:55:31:9b:04:ac,2,1,2,0,128,588,115,297,912,603,974,564,278,850,264,910,276,346,523,1019,283,512,60,153,801,647,775,315,268,573,609,825,417,299,935,322,883,96,88,27,92,90,89,66,92,94,93,86,102,93,91,93,81,96,69,53,92,73,79,82,40,86,90,89,87,76,81,76,96
[ 6531.371261] [AOA] Measurement: 0,1627165273.209345,08:55:31:9b:04:ac,2,1,2,0,128,539,98,289,856,609,952,579,254,757,215,288,75,392,516,1003,266,492,30,114,774,133,642,862,503,517,590,819,417,370,999,740,414,95,88,27,92,89,87,67,91,95,94,87,101,94,93,95,83,98,68,52,93,73,75,81,39,86,88,85,84,74,80,73,95
[ 6531.415035] [AOA] Measurement: 0,1627165273.253117,08:55:31:9b:04:ac,2,1,2,0,128,57,976,751,618,66,794,1010,56,264,43,323,97,892,347,44,277,445,25,168,809,96,578,350,294,33,420,782,410,837,769,382,1003,93,87,29,89,88,85,67,92,92,91,84,100,92,91,95,82,95,69,54,94,71,78,83,41,87,91,87,87,77,78,78,99
[ 6531.458075] [AOA] Measurement: 0,1627165273.296158,08:55:31:9b:04:ac,2,1,2,0,128,36,975,297,869,616,999,586,268,225,46,941,354,309,445,508,67,529,55,165,805,708,812,852,472,574,669,348,612,287,937,95,709,97,90,27,93,90,88,67,93,95,94,88,104,97,95,96,82,96,69,52,95,72,76,82,39,89,87,85,84,72,80,74,94
[ 6531.495842] [AOA] Measurement: 0,1627165273.333923,08:55:31:9b:04:ac,2,1,2,0,128,551,111,222,844,85,822,45,44,297,56,378,118,370,508,440,40,906,825,681,652,103,580,902,494,550,577,339,648,362,964,644,237,96,88,27,92,88,87,66,92,94,93,85,103,93,90,95,82,96,68,51,91,71,74,81,39,87,88,85,85,72,79,73,96
[ 6531.539561] [AOA] Measurement: 0,1627165273.377637,08:55:31:9b:04:ac,2,1,2,0,128,615,146,248,828,76,788,32,54,304,83,286,81,397,569,985,189,967,875,182,833,125,625,356,307,996,418,791,388,791,733,15,689,97,89,26,92,90,86,66,94,96,94,87,103,95,92,95,79,95,65,49,93,70,71,80,36,86,84,81,79,69,74,69,94
[ 6531.581997] [AOA] Measurement: 0,1627165273.420081,08:55:31:9b:04:ac,2,1,2,0,128,557,131,752,652,641,1014,10,55,180,30,378,97,394,521,1005,227,976,875,178,802,655,795,278,242,586,628,348,586,345,962,89,695,96,88,28,90,86,86,66,92,93,90,87,101,91,92,95,82,97,68,54,94,71,78,84,42,88,91,85,85,75,79,76,96
[ 6531.620058] [AOA] Measurement: 0,1627165273.458141,08:55:31:9b:04:ac,2,1,2,0,128,517,130,262,833,588,952,32,36,276,21,309,55,838,337,470,46,973,881,637,612,88,582,369,332,538,589,308,598,324,977,870,382,94,86,28,90,86,87,65,91,93,92,85,102,91,89,93,79,95,67,51,94,71,75,82,41,86,88,88,86,75,81,75,94
[ 6531.666524] [AOA] Measurement: 0,1627165273.504606,08:55:31:9b:04:ac,2,1,2,0,128,656,177,305,879,588,980,538,228,800,254,904,288,387,535,990,261,512,42,170,794,120,602,947,524,558,585,841,436,336,940,390,991,96,88,27,93,88,87,67,92,95,94,87,102,94,90,94,80,96,69,53,94,72,76,82,41,88,89,88,87,75,80,74,96
[ 6531.711629] [AOA] Measurement: 0,1627165273.549683,08:55:31:9b:04:ac,2,1,2,0,128,52,985,263,838,650,1019,1004,33,311,93,332,75,805,295,511,92,506,61,115,813,662,786,356,275,515,589,805,401,789,751,536,219,105,98,28,102,98,95,71,100,103,104,94,108,101,98,104,85,103,73,54,100,78,81,89,40,94,95,91,91,76,85,75,103
[ 6531.759174] [AOA] Measurement: 0,1627165273.597259,08:55:31:9b:04:ac,2,1,2,0,128,580,144,674,600,79,801,61,63,820,205,904,290,411,526,11,278,492,29,199,837,660,795,284,257,1023,416,849,436,829,783,468,84,105,97,27,101,96,94,69,96,102,101,92,111,98,98,100,86,102,72,51,101,74,76,87,38,93,90,90,85,72,80,72,94
[ 6531.797305] [AOA] Measurement: 0,1627165273.635387,08:55:31:9b:04:ac,2,1,2,0,128,551,125,239,838,658,17,536,225,809,219,937,286,426,584,977,279,503,75,120,789,124,610,345,294,27,434,790,382,359,947,294,884,96,87,27,89,87,86,66,91,94,92,88,103,94,93,95,81,94,67,51,93,71,74,82,39,86,86,84,83,71,76,69,92
[ 6531.840475] [AOA] Measurement: 0,1627165273.678557,08:55:31:9b:04:ac,2,1,2,0,128,81,1016,228,792,88,810,55,52,769,199,885,306,839,306,427,77,496,27,166,795,656,824,309,255,60,438,402,638,786,745,535,189,96,89,27,93,90,88,65,93,97,96,88,102,94,94,96,81,95,67,51,95,70,72,80,38,87,85,84,83,71,79,72,93
[ 6531.879188] [AOA] Measurement: 0,1627165273.717266,08:55:31:9b:04:ac,2,1,2,0,128,675,208,292,851,574,968,558,242,765,224,305,88,861,299,467,111,494,18,187,837,678,793,352,296,597,627,311,604,359,955,469,108,104,97,29,101,97,94,71,100,103,102,94,110,101,98,100,86,102,73,53,101,74,77,87,39,93,91,91,87,75,84,76,101
[ 6531.922998] [AOA] Measurement: 0,1627165273.761076,08:55:31:9b:04:ac,2,1,2,0,128,568,137,742,659,85,800,587,269,291,69,352,113,897,321,406,58,948,860,637,599,52,547,306,267,1010,383,742,388,835,765,535,93,91,83,29,88,85,87,67,91,90,91,83,100,91,89,92,83,94,69,55,92,73,80,83,42,89,88,90,89,77,82,78,95
[ 6531.977476] [AOA] Measurement: 0,1627165273.815558,08:55:31:9b:04:ac,2,1,2,0,128,74,980,774,685,651,1022,562,247,803,232,920,326,355,494,465,85,493,53,167,811,713,794,916,519,568,615,853,455,342,941,593,219,96,89,27,91,89,87,66,92,95,93,84,103,94,92,97,82,95,67,51,94,71,77,81,39,88,88,89,86,74,79,75,94
[ 6532.020076] [AOA] Measurement: 0,1627165273.858160,08:55:31:9b:04:ac,2,1,2,0,128,580,125,261,850,613,996,579,292,835,288,942,302,427,559,16,277,478,27,188,864,682,814,973,525,558,632,382,613,299,939,689,194,105,97,28,101,96,94,71,98,105,102,96,111,102,102,104,89,102,71,53,101,75,78,86,40,91,92,89,90,74,83,76,101
[ 6532.059487] [AOA] Measurement: 0,1627165273.897564,08:55:31:9b:04:ac,2,1,2,0,128,631,187,276,868,634,1005,595,258,779,215,931,307,395,525,995,221,514,70,189,794,640,778,919,531,567,605,337,597,347,987,989,547,106,96,30,103,94,94,70,100,105,102,95,112,102,99,104,90,104,74,55,102,77,83,89,41,94,94,91,91,79,85,77,102
[ 6532.102648] [AOA] Measurement: 0,1627165273.940733,08:55:31:9b:04:ac,2,1,2,0,128,606,153,260,841,646,14,513,233,845,281,891,311,351,470,461,82,971,905,188,793,688,780,906,520,559,617,369,659,342,1002,711,284,96,87,29,90,88,87,66,92,93,91,87,101,93,90,92,84,94,69,51,93,71,77,83,42,89,89,88,86,76,82,77,95
[ 6532.147620] [AOA] Measurement: 0,1627165273.985697,08:55:31:9b:04:ac,2,1,2,0,128,581,125,796,657,79,821,1014,50,286,60,298,82,841,309,479,81,986,891,214,831,633,774,853,438,536,575,342,607,346,940,617,238,104,98,29,102,96,97,71,98,103,100,95,108,102,101,102,88,104,72,55,102,77,78,88,40,93,90,91,89,74,85,72,99
[ 6532.191145] [AOA] Measurement: 0,1627165274.029223,08:55:31:9b:04:ac,2,1,2,0,128,625,144,263,866,617,990,590,233,246,37,945,335,388,534,1008,255,472,17,183,842,717,808,880,473,18,438,335,631,341,946,13,691,96,89,24,93,88,85,63,90,98,95,88,101,93,91,94,76,93,61,46,91,69,67,76,31,82,79,77,75,61,71,61,85
[ 6532.237915] [AOA] Measurement: 0,1627165274.075998,08:55:31:9b:04:ac,2,1,2,0,128,41,982,295,869,695,1,15,57,292,88,928,308,414,529,53,326,450,25,167,784,633,775,376,310,578,625,301,609,381,983,201,810,94,85,28,89,88,87,67,91,92,92,84,102,91,90,93,83,94,69,53,94,72,78,84,42,88,89,87,87,77,82,78,98
[ 6532.285107] [AOA] Measurement: 0,1627165274.123185,08:55:31:9b:04:ac,2,1,2,0,128,605,149,223,827,86,814,66,103,231,49,361,114,306,474,464,64,976,882,598,613,650,784,313,306,1005,395,801,387,798,751,164,886,96,87,28,90,89,87,67,92,94,95,86,103,91,91,93,81,93,69,51,92,70,75,81,41,86,87,87,86,75,80,74,95
[ 6532.329394] [AOA] Measurement: 0,1627165274.167476,08:55:31:9b:04:ac,2,1,2,0,128,67,995,342,894,628,1009,562,232,781,185,932,301,346,506,980,238,992,882,211,826,92,587,364,262,61,436,337,653,336,943,316,859,96,87,27,93,88,88,66,90,95,93,87,103,93,91,92,81,95,67,50,92,71,73,82,39,87,86,87,84,73,80,73,96
[ 6532.373267] [AOA] Measurement: 0,1627165274.211349,08:55:31:9b:04:ac,2,1,2,0,128,50,978,770,699,57,809,1022,50,286,98,935,350,305,489,1023,276,506,18,231,872,637,790,387,344,550,622,370,628,332,953,262,936,97,88,27,93,89,87,66,90,97,95,86,102,94,91,96,83,96,67,49,95,72,75,81,39,88,87,86,85,72,79,73,95
[ 6532.415308] [AOA] Measurement: 0,1627165274.253386,08:55:31:9b:04:ac,2,1,2,0,128,601,144,262,842,628,994,633,268,778,231,965,344,328,482,524,110,1021,934,145,809,653,786,863,499,546,596,300,608,283,926,546,113,104,97,27,100,96,92,69,97,104,105,95,110,101,100,100,85,99,70,51,96,74,76,82,36,90,87,81,81,66,79,68,93
[ 6532.461136] [AOA] Measurement: 0,1627165274.299214,08:55:31:9b:04:ac,2,1,2,0,128,108,20,716,652,117,844,29,82,199,1002,409,135,356,521,416,64,951,837,182,836,68,563,298,280,1,387,872,500,284,908,169,751,94,87,27,89,88,84,66,92,94,91,85,101,93,90,94,80,96,68,51,92,71,74,80,40,87,88,86,86,73,79,73,96
[ 6532.502979] [AOA] Measurement: 0,1627165274.341057,08:55:31:9b:04:ac,2,1,2,0,128,552,101,781,654,78,799,69,91,782,214,863,239,338,515,972,256,487,41,130,795,643,797,890,476,526,589,308,546,841,817,866,584,97,88,28,93,88,87,66,92,96,95,86,103,92,92,95,81,94,68,52,93,70,77,82,41,89,91,88,88,76,81,77,97
[ 6532.552563] [AOA] Measurement: 0,1627165274.390640,08:55:31:9b:04:ac,2,1,2,0,128,597,132,300,856,622,1020,544,246,227,5,307,64,834,315,461,96,931,863,157,824,679,778,321,278,543,580,367,653,391,1016,908,385,97,89,27,94,89,88,66,92,95,92,88,104,95,92,96,81,96,69,52,96,70,76,83,39,87,88,87,83,75,80,72,93
[ 6532.602577] [AOA] Measurement: 0,1627165274.440654,08:55:31:9b:04:ac,2,1,2,0,128,559,135,248,842,122,823,579,212,216,16,906,297,870,323,997,243,478,47,126,758,685,816,934,564,600,647,362,640,350,974,108,681,97,89,27,93,89,89,68,93,94,95,89,103,93,91,94,84,94,68,53,94,72,76,82,42,88,89,89,87,76,82,75,98
[ 6532.646884] [AOA] Measurement: 0,1627165274.484966,08:55:31:9b:04:ac,2,1,2,0,128,623,190,265,833,610,997,544,220,208,14,361,150,343,493,411,30,964,862,164,819,135,612,890,521,537,621,358,632,336,977,132,724,96,89,27,92,88,87,66,91,96,95,86,104,95,94,95,82,97,68,51,95,70,74,82,39,87,88,86,83,72,79,71,93
[ 6532.690518] [AOA] Measurement: 0,1627165274.528596,08:55:31:9b:04:ac,2,1,2,0,128,603,189,314,838,609,979,55,50,827,255,866,294,818,286,38,302,468,41,150,815,631,771,885,474,543,560,352,631,802,767,407,1009,102,91,30,98,97,94,73,99,101,100,94,110,102,98,101,87,103,74,55,101,78,83,90,44,94,95,94,94,81,87,81,103
[ 6532.729454] [AOA] Measurement: 0,1627165274.567538,08:55:31:9b:04:ac,2,1,2,0,128,634,167,269,859,641,21,602,277,743,196,908,304,398,538,1004,291,456,31,150,785,655,789,937,560,547,636,340,598,332,935,500,148,95,88,28,91,89,88,66,91,94,93,85,101,94,90,95,82,94,69,54,93,71,78,82,42,89,90,89,87,76,82,76,98
[ 6532.774208] [AOA] Measurement: 0,1627165274.612292,08:55:31:9b:04:ac,2,1,2,0,128,606,143,254,843,73,825,71,81,751,185,401,128,349,469,491,92,962,856,173,820,131,641,295,283,562,624,407,664,360,947,627,167,97,90,27,94,90,87,66,92,96,97,90,105,96,94,97,81,96,68,49,94,71,72,80,35,86,85,83,80,68,75,68,90
[ 6532.814320] [AOA] Measurement: 0,1627165274.652403,08:55:31:9b:04:ac,2,1,2,0,128,627,151,352,883,574,967,1010,40,245,12,367,116,806,314,408,29,982,887,645,603,99,570,288,253,2,439,317,587,768,751,550,115,96,90,28,91,89,88,67,93,94,95,87,103,93,90,94,82,94,68,51,95,71,76,80,39,88,88,89,85,73,79,73,94
[ 6532.858251] [AOA] Measurement: 0,1627165274.696333,08:55:31:9b:04:ac,2,1,2,0,128,631,157,278,866,616,1003,26,70,809,201,888,292,362,529,984,277,484,37,156,812,688,811,923,509,531,626,358,640,350,950,502,110,95,87,28,91,89,87,66,91,91,93,86,103,92,92,95,82,92,68,51,92,71,76,84,41,88,88,88,88,76,82,76,98
[ 6532.901799] [AOA] Measurement: 0,1627165274.739881,08:55:31:9b:04:ac,2,1,2,0,128,595,167,278,826,86,834,3,41,226,25,318,101,870,325,457,36,1001,919,162,821,654,790,882,494,502,604,854,443,800,800,47,653,95,88,29,93,91,87,66,94,97,96,86,104,95,92,94,81,96,69,51,95,71,74,82,40,86,87,85,84,71,78,70,94
[ 6532.945182] [AOA] Measurement: 0,1627165274.783264,08:55:31:9b:04:ac,2,1,2,0,128,638,171,246,845,619,990,536,266,801,244,354,90,391,510,468,83,503,25,185,819,134,589,353,322,548,639,340,599,853,776,263,851,96,86,27,90,88,86,66,90,92,92,88,104,94,92,95,82,91,68,54,92,74,79,82,41,87,89,89,87,76,79,77,97
[ 6532.988604] [AOA] Measurement: 0,1627165274.826681,08:55:31:9b:04:ac,2,1,2,0,128,547,77,301,876,648,999,592,283,789,228,905,309,339,477,500,96,917,860,208,840,621,770,914,475,539,608,357,623,280,928,960,576,97,88,27,93,89,87,67,91,93,95,87,102,94,93,95,82,94,69,51,93,72,76,80,37,86,84,85,83,69,77,71,92
[ 6533.031023] [AOA] Measurement: 0,1627165274.869100,08:55:31:9b:04:ac,2,1,2,0,128,91,1021,339,889,651,1021,584,217,784,209,302,58,795,270,472,56,988,899,617,621,92,572,300,291,1016,377,775,361,860,763,528,226,105,95,28,101,97,94,72,100,102,101,95,111,102,99,104,89,105,74,55,102,78,81,86,42,95,94,94,92,80,85,79,105
[ 6533.082198] [AOA] Measurement: 0,1627165274.920275,08:55:31:9b:04:ac,2,1,2,0,128,655,207,281,846,621,983,582,241,788,219,893,311,310,476,475,91,978,908,138,777,97,613,887,498,477,586,318,577,299,925,288,953,98,90,24,95,89,87,67,92,98,94,88,102,92,92,97,80,95,67,50,93,71,73,81,36,85,85,84,83,70,77,69,92
[ 6533.127937] [AOA] Measurement: 0,1627165274.966019,08:55:31:9b:04:ac,2,1,2,0,128,49,968,712,659,111,848,9,69,243,29,346,124,363,540,1021,282,910,846,659,612,60,582,353,295,27,423,323,633,360,1012,212,800,97,88,28,93,91,87,68,92,94,92,87,101,92,90,95,81,94,69,53,95,72,75,82,43,87,90,88,86,75,81,75,97
[ 6533.171715] [AOA] Measurement: 0,1627165275.009799,08:55:31:9b:04:ac,2,1,2,0,128,593,142,763,675,649,1015,571,265,274,46,937,290,871,335,505,99,966,874,694,652,673,797,878,490,484,583,341,624,802,740,565,174,92,87,28,90,88,86,66,91,89,90,85,99,90,88,91,81,93,70,55,91,71,78,82,44,88,90,89,89,80,82,78,97
[ 6533.215241] [AOA] Measurement: 0,1627165275.053325,08:55:31:9b:04:ac,2,1,2,0,128,612,140,289,836,636,1007,1013,17,261,63,321,64,865,355,437,52,499,41,176,817,667,804,869,471,557,621,355,627,754,717,712,369,97,87,28,91,87,87,68,92,94,94,86,101,90,90,92,82,96,67,54,94,70,78,81,41,87,90,88,86,74,83,75,97
[ 6533.258723] [AOA] Measurement: 0,1627165275.096806,08:55:31:9b:04:ac,2,1,2,0,128,554,127,295,879,78,816,26,57,289,62,406,111,829,319,460,84,920,832,597,601,97,585,327,273,951,320,846,397,826,747,970,599,96,85,29,91,88,86,67,92,93,94,86,103,94,91,94,82,94,67,51,94,72,77,81,41,88,89,87,87,75,80,75,95
[ 6533.304957] [AOA] Measurement: 0,1627165275.143034,08:55:31:9b:04:ac,2,1,2,0,128,594,138,265,861,641,1010,554,270,808,257,905,283,393,537,1,280,472,38,200,834,656,776,331,296,519,571,367,641,779,707,94,662,97,89,27,93,90,88,65,92,93,95,88,102,94,91,98,84,95,68,53,96,72,75,83,40,88,88,87,86,73,80,74,95
[ 6533.354715] [AOA] Measurement: 0,1627165275.192792,08:55:31:9b:04:ac,2,1,2,0,128,602,145,258,849,561,943,612,284,821,275,906,320,445,567,38,297,543,67,160,812,736,835,864,522,621,647,340,619,342,932,906,362,96,86,27,92,88,87,66,92,90,92,85,103,94,91,94,83,95,69,54,93,73,78,82,41,87,90,88,88,77,82,76,99
[ 6533.407307] [AOA] Measurement: 0,1627165275.245384,08:55:31:9b:04:ac,2,1,2,0,128,588,147,281,896,636,1011,535,210,230,21,372,117,411,518,986,259,1023,895,609,592,103,558,331,290,558,593,822,415,860,813,480,1004,98,87,25,95,88,89,66,92,96,94,88,103,94,92,95,81,97,69,50,95,72,75,81,39,89,88,86,86,74,80,72,93
[ 6533.446722] [AOA] Measurement: 0,1627165275.284806,08:55:31:9b:04:ac,2,1,2,0,128,558,105,272,850,555,931,21,29,251,84,906,305,410,539,33,330,476,34,213,859,627,805,888,486,505,576,291,577,361,964,749,315,96,87,28,92,88,86,66,89,95,91,86,103,92,91,96,84,96,70,52,95,71,77,83,41,88,88,86,86,74,80,74,95
[ 6533.488645] [AOA] Measurement: 0,1627165275.326723,08:55:31:9b:04:ac,2,1,2,0,128,61,981,307,861,650,22,522,238,813,256,874,288,851,299,449,81,477,1018,664,620,80,595,879,462,1020,405,817,428,802,759,351,980,96,88,29,91,89,88,67,91,93,93,86,102,92,90,95,82,96,69,54,94,72,79,81,43,87,90,89,90,77,82,77,99
[ 6533.527878] [AOA] Measurement: 0,1627165275.365962,08:55:31:9b:04:ac,2,1,2,0,128,597,132,267,848,687,14,582,265,825,247,902,286,338,471,0,314,496,15,154,789,717,858,949,547,550,591,362,604,278,935,179,755,98,89,27,94,90,88,67,90,95,94,87,103,96,95,96,82,97,69,51,95,74,76,83,38,89,89,87,84,72,79,73,95
[ 6533.572708] [AOA] Measurement: 0,1627165275.410790,08:55:31:9b:04:ac,2,1,2,0,128,68,967,787,700,85,811,550,246,831,249,894,282,346,497,8,250,523,56,184,828,603,729,931,522,540,581,364,603,309,939,1009,590,93,85,29,89,86,86,67,91,93,92,88,102,94,92,95,84,93,69,53,94,73,79,84,43,88,90,89,87,74,81,76,96
[ 6533.624107] [AOA] Measurement: 0,1627165275.462185,08:55:31:9b:04:ac,2,1,2,0,128,47,956,308,874,661,20,563,231,775,200,423,184,818,303,416,66,966,846,614,595,160,597,342,309,545,579,828,444,306,947,603,208,94,85,28,89,86,85,66,91,93,92,86,100,95,90,94,80,96,66,51,95,72,75,80,40,86,87,86,86,72,81,74,95
[ 6533.673957] [AOA] Measurement: 0,1627165275.512036,08:55:31:9b:04:ac,2,1,2,0,128,38,926,731,609,92,798,8,60,794,231,358,116,847,304,467,54,992,894,624,610,58,555,386,337,1019,434,830,450,834,776,340,1001,97,88,28,93,89,89,67,91,95,93,87,101,94,93,97,81,95,66,51,94,72,74,79,37,88,86,86,85,72,79,71,93
[ 6533.718343] [AOA] Measurement: 0,1627165275.556425,08:55:31:9b:04:ac,2,1,2,0,128,616,164,239,833,106,844,646,282,786,233,861,303,842,319,484,114,968,889,597,605,106,593,315,272,554,613,357,630,291,900,119,783,105,97,31,101,98,96,70,100,104,102,94,111,103,101,105,90,104,73,54,100,75,80,87,40,94,93,93,88,76,84,77,102
[ 6533.763449] [AOA] Measurement: 0,1627165275.601531,08:55:31:9b:04:ac,2,1,2,0,128,604,164,362,873,661,16,510,224,825,225,849,263,855,345,438,72,537,53,198,860,639,784,833,432,600,606,341,644,349,954,389,991,96,89,28,92,92,89,68,91,96,94,87,104,95,93,97,83,94,69,50,93,72,78,83,38,89,89,89,88,77,82,75,96
[ 6533.805486] [AOA] Measurement: 0,1627165275.643563,08:55:31:9b:04:ac,2,1,2,0,128,594,140,726,657,112,817,34,44,839,276,936,311,314,486,1021,283,465,22,189,831,615,787,889,506,568,604,784,375,824,780,623,284,95,89,27,93,89,87,67,93,93,93,87,102,95,93,95,84,96,70,53,94,73,79,84,43,89,89,88,87,76,82,79,99
[ 6533.848859] [AOA] Measurement: 0,1627165275.686937,08:55:31:9b:04:ac,2,1,2,0,128,51,983,795,652,74,811,550,235,792,229,315,80,830,345,417,2,945,843,627,588,705,825,863,468,1014,373,778,413,341,934,383,58,100,91,29,96,92,91,70,98,100,97,93,109,100,98,101,87,102,75,57,99,77,85,89,45,95,97,95,95,82,88,83,105
[ 6533.894770] [AOA] Measurement: 0,1627165275.732849,08:55:31:9b:04:ac,2,1,2,0,128,545,115,256,844,131,830,50,91,819,246,912,300,354,488,467,88,583,85,153,800,35,546,351,331,7,437,813,433,326,941,180,835,95,89,27,91,88,87,65,91,91,93,86,103,93,88,94,81,93,68,52,92,69,74,82,39,88,86,87,84,71,79,74,95
[ 6533.944154] [AOA] Measurement: 0,1627165275.782233,08:55:31:9b:04:ac,2,1,2,0,128,647,165,273,866,654,1019,16,76,228,36,922,305,787,300,1007,252,559,70,218,849,610,753,912,480,599,610,778,409,377,991,1020,526,95,86,27,89,89,88,66,91,92,92,88,102,93,91,95,83,96,68,51,93,70,77,82,42,88,87,89,88,75,79,76,99
[ 6533.989892] [AOA] Measurement: 0,1627165275.827976,08:55:31:9b:04:ac,2,1,2,0,128,576,133,300,891,38,790,43,65,291,77,919,286,794,249,442,63,959,872,230,839,81,584,351,292,1014,420,334,623,755,706,757,456,98,88,26,94,90,89,66,92,96,93,88,103,94,94,95,83,97,67,51,94,72,78,81,40,89,90,87,86,74,81,77,97
[ 6534.027774] [AOA] Measurement: 0,1627165275.865859,08:55:31:9b:04:ac,2,1,2,0,128,611,150,294,866,576,984,604,264,782,234,881,272,363,512,446,64,548,44,181,828,712,824,866,472,531,591,329,615,336,927,264,869,95,87,26,93,90,86,65,92,96,93,87,103,95,92,93,79,95,67,51,94,73,75,80,38,87,85,83,83,69,78,69,91
[ 6534.071355] [AOA] Measurement: 0,1627165275.909437,08:55:31:9b:04:ac,2,1,2,0,128,655,169,288,872,630,986,587,286,757,202,853,256,366,485,34,284,465,9,214,819,663,784,854,435,533,568,889,481,297,933,913,519,95,84,29,89,86,87,68,92,90,89,85,100,92,90,90,82,94,68,54,92,71,79,83,43,88,90,89,88,79,81,78,98
[ 6534.115216] [AOA] Measurement: 0,1627165275.953300,08:55:31:9b:04:ac,2,1,2,0,128,659,187,294,867,688,26,585,254,798,207,925,341,387,557,11,276,495,49,612,615,111,585,339,312,993,393,799,403,333,943,153,754,95,87,28,92,87,86,68,91,94,93,86,101,91,90,94,84,96,69,52,93,72,78,82,42,87,88,88,88,76,82,77,96
[ 6534.158397] [AOA] Measurement: 0,1627165275.996479,08:55:31:9b:04:ac,2,1,2,0,128,614,176,206,855,622,987,540,254,237,23,350,124,321,473,438,62,948,840,720,646,128,630,830,457,995,413,409,636,334,950,685,257,103,95,27,98,96,95,71,98,103,101,95,111,103,100,102,88,102,74,56,101,76,81,89,41,94,95,93,92,79,86,80,106
[ 6534.203114] [AOA] Measurement: 0,1627165276.041198,08:55:31:9b:04:ac,2,1,2,0,128,616,181,259,831,629,998,69,85,794,233,377,140,859,318,1020,268,490,57,646,610,119,575,345,306,5,425,339,596,353,964,216,848,96,86,28,90,88,85,67,92,93,92,84,101,93,89,95,81,94,70,53,95,71,76,82,42,88,89,88,87,76,83,77,98
[ 6534.248109] [AOA] Measurement: 0,1627165276.086192,08:55:31:9b:04:ac,2,1,2,0,128,583,128,307,861,634,993,7,27,794,210,879,282,384,534,480,90,468,22,169,801,95,595,326,275,21,391,781,400,833,772,242,965,104,95,28,100,95,93,70,99,104,102,95,112,103,100,103,88,103,72,53,100,75,76,85,39,93,91,91,88,74,84,75,99
[ 6534.286253] [AOA] Measurement: 0,1627165276.124338,08:55:31:9b:04:ac,2,1,2,0,128,607,175,303,868,653,995,539,241,791,237,885,294,824,288,2,280,443,34,620,612,706,796,848,453,564,665,349,617,380,978,437,58,96,88,27,93,92,86,66,92,97,95,88,102,95,93,97,80,96,65,48,91,72,72,79,34,85,83,82,81,67,77,67,90
[ 6534.329264] [AOA] Measurement: 0,1627165276.167342,08:55:31:9b:04:ac,2,1,2,0,128,572,166,293,881,654,987,619,287,781,229,915,313,399,555,38,304,506,71,189,838,606,773,968,543,517,597,343,604,299,950,812,321,97,90,27,94,89,89,67,92,97,96,88,103,94,92,94,82,96,69,51,95,72,77,82,40,87,90,86,87,74,81,74,95
[ 6534.371991] [AOA] Measurement: 0,1627165276.210068,08:55:31:9b:04:ac,2,1,2,0,128,569,139,744,604,67,781,14,83,231,29,357,106,340,492,1015,281,492,71,125,782,116,622,302,265,18,435,348,598,390,981,288,877,104,94,28,101,98,96,73,99,105,104,96,110,101,101,104,87,102,71,53,101,78,79,87,39,94,92,90,89,74,86,76,100
[ 6534.422393] [AOA] Measurement: 0,1627165276.260470,08:55:31:9b:04:ac,2,1,2,0,128,552,125,821,687,110,840,989,16,269,79,292,85,798,290,462,80,472,42,590,530,83,565,316,269,0,399,786,381,848,787,10,703,103,95,28,100,96,92,68,95,102,99,93,108,102,98,102,84,99,67,50,97,74,75,83,34,89,87,85,82,67,77,69,94
[ 6534.467267] [AOA] Measurement: 0,1627165276.305349,08:55:31:9b:04:ac,2,1,2,0,128,658,172,226,831,720,28,566,255,833,250,840,272,361,498,1,266,481,29,152,809,110,580,933,504,565,654,386,640,315,951,661,249,97,89,27,93,91,88,66,94,95,95,89,104,95,94,95,81,95,67,49,94,72,74,79,38,87,86,84,83,73,80,71,93
[ 6534.510598] [AOA] Measurement: 0,1627165276.348682,08:55:31:9b:04:ac,2,1,2,0,128,651,185,260,863,640,1007,1023,47,778,241,942,347,331,499,1004,250,498,56,140,791,665,798,359,317,557,569,356,620,364,979,768,295,96,90,26,92,90,87,64,91,97,94,87,102,96,93,92,80,93,66,49,93,71,76,79,37,87,87,85,83,70,78,70,92
[ 6534.555186] [AOA] Measurement: 0,1627165276.393267,08:55:31:9b:04:ac,2,1,2,0,128,96,997,748,674,43,778,27,28,192,1022,343,94,798,294,457,83,1020,888,653,621,60,564,358,293,539,594,770,380,342,927,418,12,106,97,29,102,97,94,70,101,102,102,94,112,101,101,105,88,104,74,55,103,77,82,89,41,93,92,91,90,76,85,76,102
[ 6534.599150] [AOA] Measurement: 0,1627165276.437227,08:55:31:9b:04:ac,2,1,2,0,128,595,157,316,842,652,1005,19,57,246,38,363,156,431,559,32,261,515,58,122,782,139,612,894,514,2,434,361,594,374,941,79,682,104,95,28,99,95,96,72,100,102,102,94,113,102,100,104,87,101,73,56,100,78,83,89,42,93,95,93,91,78,87,79,104
[ 6534.642726] [AOA] Measurement: 0,1627165276.480803,08:55:31:9b:04:ac,2,1,2,0,128,569,148,235,844,660,996,619,272,215,13,907,271,866,327,457,86,1022,890,203,860,644,781,891,502,557,631,335,620,325,942,26,695,104,98,28,101,96,94,70,99,102,100,92,110,101,97,102,88,103,73,56,102,77,80,87,41,94,95,91,91,77,84,76,100
[ 6534.684521] [AOA] Measurement: 0,1627165276.522602,08:55:31:9b:04:ac,2,1,2,0,128,615,178,284,832,642,989,576,255,860,278,919,302,406,512,46,317,482,59,220,835,650,812,825,462,537,604,382,650,314,945,702,290,93,88,29,89,88,87,68,91,91,91,84,102,91,91,94,82,95,68,51,92,72,78,83,42,88,90,89,88,76,80,77,99
[ 6534.727715] [AOA] Measurement: 0,1627165276.565797,08:55:31:9b:04:ac,2,1,2,0,128,542,146,270,821,74,799,605,280,215,1014,413,149,364,534,1,249,499,72,153,809,99,576,252,212,18,426,776,373,801,761,350,1004,95,86,27,91,88,87,65,89,94,92,84,99,93,88,94,81,93,67,52,92,70,76,82,40,88,88,87,85,73,79,74,93
[ 6534.773545] [AOA] Measurement: 0,1627165276.611622,08:55:31:9b:04:ac,2,1,2,0,128,42,976,342,843,42,795,1023,25,263,1,321,71,878,333,502,88,460,0,185,820,680,807,898,494,988,403,793,403,351,932,762,413,104,96,28,99,96,95,70,97,104,103,93,111,100,100,100,86,101,68,53,98,77,78,86,38,92,93,90,88,74,83,75,99
[ 6534.816326] [AOA] Measurement: 0,1627165276.654409,08:55:31:9b:04:ac,2,1,2,0,128,558,115,297,891,626,1006,596,245,824,275,885,305,873,363,1023,315,500,44,125,786,647,779,907,500,495,560,825,407,374,963,954,498,96,88,28,91,88,87,67,91,93,94,86,102,93,91,96,81,96,68,50,92,73,74,83,39,86,87,86,85,73,81,75,95
[ 6534.857137] [AOA] Measurement: 0,1627165276.695216,08:55:31:9b:04:ac,2,1,2,0,128,17,969,252,856,644,1001,16,47,863,270,884,300,379,515,20,273,509,51,177,798,599,768,876,453,998,386,373,621,301,917,28,640,96,89,27,93,90,87,67,92,96,95,87,102,94,91,95,81,94,68,52,93,71,78,83,40,88,89,89,87,77,81,76,98
[ 6534.896808] [AOA] Measurement: 0,1627165276.734889,08:55:31:9b:04:ac,2,1,2,0,128,557,103,781,697,678,1020,612,284,828,246,899,264,350,493,458,43,560,88,164,811,96,595,378,308,579,629,355,636,308,957,1023,619,93,87,28,89,88,85,65,91,92,93,85,100,92,90,95,82,94,69,53,94,71,78,82,43,87,88,87,87,75,81,78,96
[ 6534.945102] [AOA] Measurement: 0,1627165276.783180,08:55:31:9b:04:ac,2,1,2,0,128,603,172,247,862,104,822,46,64,903,271,897,305,362,490,978,244,963,891,663,612,142,626,863,498,536,616,277,574,333,919,770,371,96,87,27,91,85,86,66,91,94,92,86,102,93,92,96,80,94,68,51,95,71,75,81,37,88,88,88,87,73,80,72,95
[ 6534.988622] [AOA] Measurement: 0,1627165276.826706,08:55:31:9b:04:ac,2,1,2,0,128,573,130,243,877,590,965,31,69,212,3,410,130,359,502,516,113,502,54,623,642,134,606,878,478,534,601,349,610,380,967,11,632,95,86,27,92,90,87,67,92,95,91,85,104,93,92,96,82,94,67,51,93,71,76,82,38,88,87,86,85,71,80,74,95
[ 6535.032245] [AOA] Measurement: 0,1627165276.870329,08:55:31:9b:04:ac,2,1,2,0,128,635,163,277,901,643,1020,569,251,791,198,899,279,333,523,0,236,541,57,186,825,69,576,875,473,6,412,808,370,818,752,51,650,97,89,25,95,90,88,66,92,97,95,90,102,94,94,95,79,94,64,47,91,69,71,79,33,84,85,81,81,66,76,65,89
[ 6535.080355] [AOA] Measurement: 0,1627165276.918438,08:55:31:9b:04:ac,2,1,2,0,128,532,94,310,886,606,1005,28,57,811,251,900,328,343,490,483,94,485,50,139,839,679,769,885,493,586,589,308,571,360,985,211,862,97,89,24,94,91,85,65,90,95,95,87,102,92,91,93,75,92,65,46,92,68,69,77,32,81,80,80,74,62,71,63,88
