
[ 6318.429997] [AOA] Measurement: 0,1627165060.268080,08:55:31:9b:0a:1d,2,1,2,0,128,467,74,89,851,749,1004,947,158,213,904,256,953,536,681,994,229,229,692,350,158,584,193,305,252,256,389,97,280,740,207,516,105,88,66,64,80,81,81,85,83,87,81,96,94,91,82,92,76,71,72,67,75,75,75,79,72,91,81,96,83,95,97,99,98
[ 6318.473871] [AOA] Measurement: 0,1627165060.311955,08:55:31:9b:0a:1d,2,1,2,0,128,481,84,66,844,772,1007,517,404,763,138,746,59,947,434,477,84,264,715,393,146,86,384,815,102,206,314,72,279,754,250,794,547,90,65,66,81,81,81,85,81,89,83,96,94,90,83,93,76,73,72,67,72,72,74,78,72,88,79,96,82,93,93,98,98
[ 6318.516052] [AOA] Measurement: 0,1627165060.354131,08:55:31:9b:0a:1d,2,1,2,0,128,435,27,541,624,187,808,985,162,273,989,787,79,953,415,484,83,736,483,422,157,136,387,327,269,200,315,43,240,735,247,391,40,91,67,68,82,84,82,84,84,90,84,99,96,94,85,95,79,71,74,68,74,74,74,80,71,92,81,98,84,95,97,96,94
[ 6318.559580] [AOA] Measurement: 0,1627165060.397659,08:55:31:9b:0a:1d,2,1,2,0,128,472,103,134,900,133,781,970,204,792,135,791,96,944,444,480,99,233,689,978,345,93,346,775,56,216,338,145,313,674,177,645,268,92,67,68,83,87,82,87,84,91,85,101,97,92,83,96,80,73,75,67,74,76,77,79,73,91,82,97,83,97,98,98,99
[ 6318.602618] [AOA] Measurement: 0,1627165060.440698,08:55:31:9b:0a:1d,2,1,2,0,128,452,73,597,653,225,814,975,192,761,99,220,876,537,675,451,88,247,694,426,178,588,198,778,71,300,382,55,234,756,253,702,397,94,66,70,82,85,84,89,86,92,86,101,96,94,86,99,78,73,74,68,75,75,77,79,71,93,82,98,81,95,98,98,99
[ 6318.652821] [AOA] Measurement: 0,1627165060.490902,08:55:31:9b:0a:1d,2,1,2,0,128,981,937,561,686,761,992,473,378,766,97,252,927,1017,487,14,259,693,487,437,184,605,230,268,216,694,118,516,72,202,38,89,823,93,67,69,81,86,84,86,84,90,84,99,95,94,85,97,79,72,74,67,75,74,77,80,72,93,81,97,83,97,97,97,99
[ 6318.706839] [AOA] Measurement: 0,1627165060.544923,08:55:31:9b:0a:1d,2,1,2,0,128,519,133,100,884,749,999,498,388,824,155,781,94,540,716,999,269,276,703,932,342,120,380,352,275,231,333,47,264,784,265,221,903,89,64,65,80,80,80,82,81,86,82,93,92,87,80,92,76,75,70,67,71,73,75,78,71,90,81,96,85,96,92,99,95
[ 6318.750579] [AOA] Measurement: 0,1627165060.588658,08:55:31:9b:0a:1d,2,1,2,0,128,985,941,82,858,792,998,944,187,789,133,837,150,526,672,995,254,227,706,941,327,144,388,275,224,181,315,126,335,753,226,56,687,92,67,66,81,83,83,83,82,88,84,95,95,89,83,93,78,74,73,67,73,73,76,80,72,91,81,97,84,96,95,98,97
[ 6318.796321] [AOA] Measurement: 0,1627165060.634405,08:55:31:9b:0a:1d,2,1,2,0,128,505,134,77,856,679,990,474,372,223,956,254,927,480,642,68,307,218,675,922,345,130,376,329,248,258,344,528,80,746,212,352,1019,88,63,65,80,80,79,84,81,87,80,94,94,86,83,92,76,75,71,66,72,73,76,80,72,92,82,95,84,97,94,97,98
[ 6318.839623] [AOA] Measurement: 0,1627165060.677707,08:55:31:9b:0a:1d,2,1,2,0,128,468,64,99,863,721,953,558,405,802,167,776,76,517,632,7,253,208,670,952,372,144,442,251,236,254,355,507,105,154,38,926,616,87,66,64,80,80,80,82,81,86,82,93,93,86,82,92,75,74,69,65,71,73,74,77,72,89,81,93,83,96,91,98,98
[ 6318.878405] [AOA] Measurement: 0,1627165060.716484,08:55:31:9b:0a:1d,2,1,2,0,128,963,889,515,635,174,765,949,164,251,978,294,984,942,452,441,31,804,527,414,177,581,192,756,24,695,171,55,271,188,35,80,866,89,64,66,81,83,81,86,82,87,82,97,94,91,83,96,78,74,73,66,72,74,75,81,72,92,82,96,85,95,96,96,94
[ 6318.926040] [AOA] Measurement: 0,1627165060.764123,08:55:31:9b:0a:1d,2,1,2,0,128,455,39,561,650,200,790,978,175,788,133,788,73,487,667,63,297,182,632,953,359,138,395,313,245,198,355,51,281,750,224,914,542,92,66,69,84,86,83,85,84,90,85,99,95,90,83,96,78,75,76,69,75,76,78,82,73,91,81,98,83,97,98,98,99
[ 6318.973061] [AOA] Measurement: 0,1627165060.811139,08:55:31:9b:0a:1d,2,1,2,0,128,488,115,97,875,778,16,473,404,829,142,791,74,517,665,1006,274,238,712,988,383,123,400,275,250,226,380,38,286,743,230,892,519,94,67,69,83,86,83,86,86,90,84,101,96,93,84,97,78,72,74,69,75,75,76,80,72,91,81,96,80,95,95,95,96
[ 6319.017684] [AOA] Measurement: 0,1627165060.855767,08:55:31:9b:0a:1d,2,1,2,0,128,1011,975,70,830,160,789,989,179,801,143,793,64,530,660,3,265,221,677,948,361,534,145,772,60,775,201,65,254,737,240,346,1023,92,66,71,80,85,80,85,83,91,82,99,92,95,83,95,77,68,73,66,74,73,71,76,69,86,75,95,76,88,95,90,91
[ 6319.057022] [AOA] Measurement: 0,1627165060.895106,08:55:31:9b:0a:1d,2,1,2,0,128,525,88,568,661,790,1013,423,337,817,153,754,80,1015,479,16,257,651,457,377,182,618,207,810,93,261,354,33,247,207,39,615,329,89,65,65,80,81,79,83,80,85,82,94,96,92,86,94,78,74,72,67,73,75,76,79,72,91,81,96,84,96,95,97,98
[ 6319.103009] [AOA] Measurement: 0,1627165060.941088,08:55:31:9b:0a:1d,2,1,2,0,128,1012,940,561,649,203,829,513,369,814,137,796,77,500,629,9,260,227,678,399,177,118,363,294,215,694,170,79,294,757,239,289,934,91,67,69,81,85,82,87,84,89,83,100,95,92,84,96,77,72,74,68,75,77,75,80,72,90,79,97,81,94,98,97,97
[ 6319.153134] [AOA] Measurement: 0,1627165060.991212,08:55:31:9b:0a:1d,2,1,2,0,128,479,87,31,798,193,810,987,215,201,974,263,934,994,468,8,296,201,662,936,355,137,405,303,271,260,369,86,289,777,267,222,880,89,67,66,81,82,80,85,80,86,82,96,96,89,85,93,78,74,71,67,74,73,76,78,73,90,81,95,84,95,95,98,95
[ 6319.205981] [AOA] Measurement: 0,1627165061.044060,08:55:31:9b:0a:1d,2,1,2,0,128,532,147,84,870,783,1001,484,392,804,146,812,76,487,655,33,308,271,702,981,367,121,402,286,243,177,317,23,230,731,234,847,514,94,67,69,83,86,84,89,85,92,84,100,98,93,86,97,80,73,74,69,73,75,77,80,73,92,82,96,82,94,97,97,98
[ 6319.248932] [AOA] Measurement: 0,1627165061.087011,08:55:31:9b:0a:1d,2,1,2,0,128,524,117,63,841,192,791,949,191,186,981,289,938,534,628,498,96,209,651,937,345,114,379,329,242,711,143,32,286,764,227,128,838,90,66,67,81,85,81,86,80,89,83,97,97,90,85,94,79,76,75,69,75,74,76,79,71,94,82,98,84,98,96,98,97
[ 6319.287913] [AOA] Measurement: 0,1627165061.125996,08:55:31:9b:0a:1d,2,1,2,0,128,468,78,93,864,707,993,442,330,236,962,211,917,4,508,987,263,262,726,419,161,129,407,279,237,211,335,48,275,755,255,46,718,92,67,68,80,82,82,84,81,89,84,97,95,91,85,95,78,74,71,66,72,73,76,80,71,91,81,95,84,96,96,98,99
[ 6319.326171] [AOA] Measurement: 0,1627165061.164255,08:55:31:9b:0a:1d,2,1,2,0,128,523,134,75,847,706,954,930,158,241,993,851,132,455,613,23,289,289,700,970,421,108,402,308,266,211,324,546,86,714,231,402,54,90,65,65,79,82,80,83,79,86,83,95,93,88,82,94,77,72,72,68,72,74,76,80,74,90,82,96,85,97,96,100,97
[ 6319.370529] [AOA] Measurement: 0,1627165061.208612,08:55:31:9b:0a:1d,2,1,2,0,128,519,150,27,833,188,774,974,158,197,943,282,937,515,668,978,229,273,710,923,347,80,343,788,66,674,159,568,92,177,30,932,662,94,68,68,81,86,81,87,84,90,81,100,94,94,84,96,78,67,74,66,73,74,73,77,67,89,75,95,75,89,95,88,93
[ 6319.414918] [AOA] Measurement: 0,1627165061.253001,08:55:31:9b:0a:1d,2,1,2,0,128,526,120,63,854,782,1005,503,414,748,86,810,97,516,661,1003,241,289,722,892,346,106,404,326,260,182,322,107,274,773,242,804,428,90,66,66,80,84,82,85,80,88,83,97,96,90,84,97,78,75,71,68,73,76,77,81,73,92,81,98,84,95,95,97,98
[ 6319.459145] [AOA] Measurement: 0,1627165061.297224,08:55:31:9b:0a:1d,2,1,2,0,128,511,145,80,838,734,1004,504,416,795,150,807,89,523,655,1011,270,212,645,395,155,621,246,312,233,230,353,81,296,749,214,1006,767,93,66,67,80,88,83,88,84,89,83,98,95,93,85,96,78,70,74,67,73,73,74,80,71,88,78,97,79,94,98,93,94
[ 6319.504565] [AOA] Measurement: 0,1627165061.342649,08:55:31:9b:0a:1d,2,1,2,0,128,536,124,84,833,766,1006,520,435,771,150,769,61,456,624,470,81,240,669,913,335,631,226,236,209,221,351,540,110,743,277,375,956,92,67,67,82,85,83,85,83,90,84,99,96,91,86,95,78,74,75,67,75,75,75,80,73,92,81,97,83,96,96,99,99
[ 6319.548171] [AOA] Measurement: 0,1627165061.386255,08:55:31:9b:0a:1d,2,1,2,0,128,521,122,71,869,748,984,480,367,794,148,805,121,538,680,1011,260,194,688,958,379,203,456,317,250,289,388,81,275,778,251,199,816,88,66,65,79,81,80,81,81,86,81,95,94,88,83,91,76,76,70,67,73,73,75,78,72,88,79,94,83,96,92,96,97
[ 6319.595185] [AOA] Measurement: 0,1627165061.433263,08:55:31:9b:0a:1d,2,1,2,0,128,531,117,75,856,146,756,547,431,773,144,782,100,536,688,8,283,215,683,933,364,127,390,346,255,205,331,46,230,811,290,792,418,91,65,67,82,82,82,82,82,87,84,97,95,90,86,96,79,75,74,67,74,73,75,81,73,90,82,97,85,94,94,97,100
[ 6319.645304] [AOA] Measurement: 0,1627165061.483383,08:55:31:9b:0a:1d,2,1,2,0,128,498,131,49,796,201,837,14,194,797,141,822,83,502,667,2,274,218,678,912,345,111,405,288,223,250,388,58,261,756,242,207,820,93,67,69,83,86,82,87,85,91,83,98,96,93,85,97,78,72,75,66,74,76,74,80,71,91,77,97,79,93,99,93,96
[ 6319.689667] [AOA] Measurement: 0,1627165061.527750,08:55:31:9b:0a:1d,2,1,2,0,128,557,136,26,828,197,831,522,399,770,123,762,82,488,656,26,314,200,672,962,352,91,392,317,244,167,341,85,313,719,214,221,782,90,64,66,80,80,79,84,80,86,81,96,95,91,85,94,78,73,73,68,75,74,76,80,73,91,81,97,85,97,98,99,98
[ 6319.733691] [AOA] Measurement: 0,1627165061.571774,08:55:31:9b:0a:1d,2,1,2,0,128,994,946,599,685,186,811,902,150,208,952,251,934,980,456,512,69,241,668,310,108,624,212,286,226,657,132,60,256,728,229,294,1008,92,66,67,81,83,83,84,84,89,82,95,94,88,84,93,76,73,71,68,73,73,76,79,70,90,79,98,83,96,95,94,98
[ 6319.776126] [AOA] Measurement: 0,1627165061.614207,08:55:31:9b:0a:1d,2,1,2,0,128,443,54,566,669,232,828,501,413,804,140,748,108,560,667,979,216,236,676,928,383,118,396,302,235,196,349,86,340,723,219,924,562,92,66,68,80,83,81,86,80,89,84,98,94,92,83,97,78,72,73,67,74,72,74,78,71,91,80,97,81,95,95,95,97
[ 6319.827861] [AOA] Measurement: 0,1627165061.665944,08:55:31:9b:0a:1d,2,1,2,0,128,469,81,76,877,700,989,482,377,792,159,825,92,486,615,1016,280,262,702,1,412,79,375,315,248,224,364,35,256,841,281,997,479,89,65,63,79,79,78,81,79,83,81,92,92,88,83,93,76,74,69,66,73,71,73,78,71,90,79,94,83,96,93,98,98
[ 6319.873941] [AOA] Measurement: 0,1627165061.712024,08:55:31:9b:0a:1d,2,1,2,0,128,483,97,65,856,711,978,967,218,250,975,822,82,483,651,438,41,268,692,986,389,145,398,261,224,301,369,484,25,224,32,11,638,96,67,70,83,86,83,87,85,90,83,99,95,93,85,96,78,71,74,70,75,75,74,80,72,91,79,97,82,96,98,96,99
[ 6319.916916] [AOA] Measurement: 0,1627165061.754998,08:55:31:9b:0a:1d,2,1,2,0,128,981,965,66,841,226,843,513,391,795,162,834,143,506,691,1021,248,708,514,957,363,109,416,228,197,221,375,64,278,730,225,1022,645,92,66,67,82,86,84,87,85,91,84,98,95,92,84,96,77,73,73,67,75,75,76,80,73,91,79,98,82,97,98,98,99
[ 6319.964779] [AOA] Measurement: 0,1627165061.802857,08:55:31:9b:0a:1d,2,1,2,0,128,953,933,517,632,243,828,939,163,248,945,319,972,488,626,450,75,677,475,412,145,137,424,273,209,210,360,81,288,771,263,89,780,93,67,70,83,85,83,87,86,90,85,100,96,93,84,98,78,72,75,68,75,75,75,80,72,90,80,98,84,95,99,97,99
[ 6320.010151] [AOA] Measurement: 0,1627165061.848230,08:55:31:9b:0a:1d,2,1,2,0,128,498,101,24,797,787,1002,512,398,763,113,815,95,510,645,23,288,235,669,905,308,601,215,752,30,259,366,510,49,754,246,871,536,89,66,66,80,83,81,83,82,89,82,97,96,90,83,96,77,74,72,68,74,75,76,82,73,92,80,96,83,95,95,97,97
[ 6320.054105] [AOA] Measurement: 0,1627165061.892183,08:55:31:9b:0a:1d,2,1,2,0,128,949,940,546,671,744,994,493,360,209,978,230,949,458,630,1006,269,700,486,390,191,604,219,716,14,258,354,95,268,756,234,643,318,94,66,68,81,88,83,85,84,89,84,98,94,94,83,94,77,70,73,66,74,73,73,78,71,90,76,98,78,91,95,92,95
[ 6320.107254] [AOA] Measurement: 0,1627165061.945333,08:55:31:9b:0a:1d,2,1,2,0,128,488,117,105,866,724,985,520,376,196,945,239,917,13,493,514,118,215,691,922,360,135,379,306,200,154,324,11,248,753,250,747,379,93,67,68,83,87,84,87,84,92,85,101,97,94,86,98,79,70,75,68,74,74,74,78,69,89,78,93,79,91,96,91,94
[ 6320.153110] [AOA] Measurement: 0,1627165061.991193,08:55:31:9b:0a:1d,2,1,2,0,128,529,131,95,857,763,981,518,376,759,103,861,139,571,719,997,260,276,714,939,390,132,420,329,259,268,396,21,271,777,291,818,435,90,66,66,83,83,83,86,82,89,83,97,95,91,85,93,78,73,72,68,74,73,75,80,73,92,81,98,85,96,95,98,98
[ 6320.195897] [AOA] Measurement: 0,1627165062.033978,08:55:31:9b:0a:1d,2,1,2,0,128,471,116,126,892,724,965,488,366,792,126,741,65,942,435,446,44,693,478,370,151,597,174,322,301,208,301,43,272,715,191,326,994,92,66,65,80,83,81,86,83,89,82,99,97,92,86,95,78,73,74,68,75,74,75,81,72,92,81,99,84,97,95,98,97
[ 6320.238897] [AOA] Measurement: 0,1627165062.076980,08:55:31:9b:0a:1d,2,1,2,0,128,494,96,13,803,776,978,939,160,265,980,799,82,577,690,0,312,303,751,1009,403,108,377,281,231,253,372,11,254,732,211,129,742,93,66,66,81,83,81,85,83,88,83,97,93,90,85,94,77,74,74,69,74,74,77,79,72,91,80,98,84,97,96,95,96
[ 6320.276647] [AOA] Measurement: 0,1627165062.114730,08:55:31:9b:0a:1d,2,1,2,0,128,967,916,565,620,211,863,926,141,228,934,257,944,992,448,511,119,259,710,936,355,555,191,766,24,261,376,66,260,700,170,349,24,92,67,68,85,83,83,84,83,89,82,99,95,91,84,93,78,73,73,69,75,76,76,81,73,92,80,97,85,96,96,99,99
[ 6320.319415] [AOA] Measurement: 0,1627165062.157494,08:55:31:9b:0a:1d,2,1,2,0,128,953,898,122,822,184,831,531,420,782,121,831,84,471,658,25,277,254,685,972,410,152,391,377,291,282,375,87,298,761,240,107,769,95,67,70,83,88,83,88,85,92,85,102,96,94,84,96,76,70,74,67,74,74,76,79,72,91,78,97,81,94,96,97,98
[ 6320.358097] [AOA] Measurement: 0,1627165062.196178,08:55:31:9b:0a:1d,2,1,2,0,128,499,77,78,840,753,1008,533,398,791,157,764,90,566,697,1017,276,240,669,986,376,146,403,246,209,193,317,89,295,759,253,532,143,92,67,68,83,85,82,85,85,91,83,100,96,92,86,96,78,72,72,68,75,73,76,80,72,93,81,97,84,95,97,97,98
[ 6320.402276] [AOA] Measurement: 0,1627165062.240360,08:55:31:9b:0a:1d,2,1,2,0,128,518,88,90,869,201,805,0,189,757,122,183,889,1002,502,445,59,326,739,971,407,83,395,253,225,226,317,75,261,737,241,479,225,90,66,66,81,80,82,83,82,87,81,95,95,88,84,93,77,73,72,68,73,74,75,79,73,89,82,97,85,96,96,98,97
[ 6320.451100] [AOA] Measurement: 0,1627165062.289182,08:55:31:9b:0a:1d,2,1,2,0,128,548,162,97,884,752,1019,483,368,793,147,766,118,585,769,1019,271,257,667,952,381,107,415,331,267,233,371,81,314,759,265,689,292,89,66,64,79,79,79,82,81,83,81,92,93,86,80,92,74,72,69,65,71,71,72,76,69,87,77,93,83,95,91,97,97
[ 6320.490600] [AOA] Measurement: 0,1627165062.328678,08:55:31:9b:0a:1d,2,1,2,0,128,510,97,72,861,751,978,529,400,748,80,236,921,1012,492,21,311,218,660,964,389,108,379,323,250,216,328,62,254,741,244,574,199,90,66,67,81,85,82,85,82,89,85,99,94,93,85,95,74,70,72,66,73,74,75,80,70,91,77,97,81,94,96,94,97
[ 6320.537782] [AOA] Measurement: 0,1627165062.375865,08:55:31:9b:0a:1d,2,1,2,0,128,1012,948,537,650,186,781,954,161,279,1005,256,916,27,475,517,66,228,658,377,152,601,213,297,213,705,156,46,261,728,219,183,781,93,66,68,80,82,82,85,83,87,84,98,96,91,85,95,78,73,73,67,73,73,75,80,71,92,81,98,84,96,96,98,98
[ 6320.585389] [AOA] Measurement: 0,1627165062.423467,08:55:31:9b:0a:1d,2,1,2,0,128,500,90,82,875,733,946,978,212,242,983,766,74,14,506,478,82,272,690,396,175,142,400,299,235,248,373,75,278,749,252,632,275,95,67,70,83,86,84,88,85,91,84,101,95,94,86,98,80,72,74,68,74,75,76,79,73,91,79,99,82,94,98,96,97
[ 6320.630879] [AOA] Measurement: 0,1627165062.468962,08:55:31:9b:0a:1d,2,1,2,0,128,493,109,107,849,737,996,409,351,281,1010,229,921,513,660,463,87,743,496,917,312,101,389,282,243,707,164,40,274,754,252,942,645,90,67,64,80,81,80,84,80,87,82,95,94,87,84,94,76,75,71,68,73,73,75,79,73,89,80,95,84,97,94,98,98
[ 6320.674326] [AOA] Measurement: 0,1627165062.512409,08:55:31:9b:0a:1d,2,1,2,0,128,506,118,105,870,720,1002,453,350,203,942,236,933,974,479,445,66,723,492,385,142,582,197,763,63,682,131,526,64,179,17,218,976,89,66,63,80,81,79,82,82,85,82,95,94,87,82,92,76,74,71,66,72,72,75,78,72,89,81,94,84,97,91,97,95
[ 6320.717674] [AOA] Measurement: 0,1627165062.555756,08:55:31:9b:0a:1d,2,1,2,0,128,507,117,64,857,177,798,888,129,234,973,262,970,550,680,1004,256,248,690,401,187,548,174,755,1018,702,164,503,78,197,53,564,210,88,64,64,80,81,79,82,80,86,80,95,93,88,82,91,74,74,71,65,72,71,76,76,72,88,80,94,83,96,95,98,98
[ 6320.763412] [AOA] Measurement: 0,1627165062.601490,08:55:31:9b:0a:1d,2,1,2,0,128,973,923,528,609,230,820,917,135,197,953,241,937,980,459,466,77,264,705,922,348,97,388,773,63,222,376,19,230,740,239,845,474,88,65,66,78,83,79,81,80,89,81,94,92,90,83,93,74,68,73,64,72,73,71,77,70,87,76,94,78,90,94,91,92
[ 6320.816996] [AOA] Measurement: 0,1627165062.655080,08:55:31:9b:0a:1d,2,1,2,0,128,561,153,61,865,717,952,944,164,207,958,309,983,991,463,507,95,254,696,971,384,33,351,311,246,245,372,46,258,799,254,584,209,90,65,64,80,82,82,83,81,86,81,95,94,89,83,95,78,74,72,67,74,72,76,79,72,90,80,95,83,96,91,97,95
[ 6320.860397] [AOA] Measurement: 0,1627165062.698475,08:55:31:9b:0a:1d,2,1,2,0,128,533,153,102,877,787,1020,482,385,794,139,820,118,493,636,1,281,177,658,919,340,159,395,304,246,233,371,59,278,774,283,1005,564,93,67,67,82,86,82,86,83,90,83,100,95,94,84,96,78,68,74,66,74,73,72,76,69,88,79,96,79,91,96,92,93
[ 6320.903796] [AOA] Measurement: 0,1627165062.741879,08:55:31:9b:0a:1d,2,1,2,0,128,991,951,577,666,767,1016,961,195,796,163,763,55,991,459,473,95,255,696,902,344,68,356,301,244,718,153,517,58,751,241,313,1006,89,65,65,80,82,81,81,81,87,81,95,93,85,82,92,76,72,69,65,72,72,73,78,70,89,79,94,84,96,93,98,96
[ 6320.947636] [AOA] Measurement: 0,1627165062.785719,08:55:31:9b:0a:1d,2,1,2,0,128,518,122,71,866,748,1011,505,390,759,137,788,68,550,707,9,283,232,686,979,369,64,375,277,237,225,325,83,299,731,265,58,728,90,66,67,81,81,80,84,81,86,81,93,93,87,81,92,76,73,70,66,73,72,73,79,71,88,82,93,84,94,92,96,95
[ 6320.992983] [AOA] Measurement: 0,1627165062.831062,08:55:31:9b:0a:1d,2,1,2,0,128,498,94,103,858,774,1006,506,409,770,122,845,118,485,669,999,248,656,444,955,346,143,379,289,248,226,341,27,255,765,238,423,50,94,68,68,82,85,83,86,84,89,83,100,95,91,81,97,77,73,74,66,74,76,76,80,73,91,79,97,84,96,96,96,97
[ 6321.048576] [AOA] Measurement: 0,1627165062.886654,08:55:31:9b:0a:1d,2,1,2,0,128,986,956,558,662,199,794,947,164,251,978,788,73,515,664,450,79,270,715,931,356,103,367,303,243,216,342,23,292,719,213,831,485,95,67,68,82,86,81,85,85,93,84,100,96,94,86,96,78,70,75,65,73,74,72,77,70,88,77,94,78,89,96,90,94
[ 6321.092293] [AOA] Measurement: 0,1627165062.930374,08:55:31:9b:0a:1d,2,1,2,0,128,523,91,65,849,707,978,498,368,280,963,205,895,14,492,990,281,258,668,917,358,131,405,242,203,226,355,513,70,710,189,338,992,89,66,67,82,83,80,86,83,87,83,95,96,89,84,93,78,73,72,65,72,73,74,82,73,91,81,96,85,95,93,96,96
[ 6321.142951] [AOA] Measurement: 0,1627165062.981034,08:55:31:9b:0a:1d,2,1,2,0,128,931,950,600,725,792,0,481,361,767,112,831,131,1000,480,11,264,257,697,414,186,549,157,791,61,280,383,98,311,768,241,801,380,90,66,65,80,82,80,84,82,88,82,94,94,89,83,93,77,73,71,67,72,73,75,79,71,90,80,95,82,95,96,97,97
[ 6321.186390] [AOA] Measurement: 0,1627165063.024473,08:55:31:9b:0a:1d,2,1,2,0,128,919,896,130,881,726,942,983,172,198,912,277,953,984,459,512,86,273,698,914,320,122,399,279,237,232,341,59,303,754,238,810,426,97,67,71,82,88,82,88,84,92,83,101,93,93,84,95,79,68,75,67,74,74,71,77,70,88,77,96,79,90,97,94,95
[ 6321.233633] [AOA] Measurement: 0,1627165063.071712,08:55:31:9b:0a:1d,2,1,2,0,128,442,124,57,838,172,790,971,174,261,977,215,926,517,661,1002,249,690,470,432,210,112,381,815,88,247,342,503,57,753,224,302,40,88,65,64,79,80,78,83,81,87,82,96,94,89,82,94,75,73,69,67,72,72,75,79,73,90,80,95,83,96,95,96,96
[ 6321.275957] [AOA] Measurement: 0,1627165063.114035,08:55:31:9b:0a:1d,2,1,2,0,128,523,124,117,860,764,1005,934,175,282,982,270,943,524,695,460,74,228,668,1021,410,159,427,273,219,263,381,55,243,744,206,677,389,94,68,68,81,85,82,86,85,90,85,99,96,92,86,96,79,73,73,68,74,74,76,80,72,91,81,98,83,96,95,97,98
[ 6321.320699] [AOA] Measurement: 0,1627165063.158782,08:55:31:9b:0a:1d,2,1,2,0,128,571,174,72,868,767,1019,515,394,772,127,794,81,514,684,31,305,257,728,952,378,104,404,310,270,195,354,56,272,766,254,525,211,89,66,64,81,80,80,84,82,88,81,94,93,88,83,92,76,73,73,68,73,74,75,80,73,92,81,98,84,96,97,97,96
[ 6321.364708] [AOA] Measurement: 0,1627165063.202790,08:55:31:9b:0a:1d,2,1,2,0,128,472,107,48,828,215,851,482,409,715,61,238,907,519,673,1008,265,212,669,957,373,131,409,380,314,195,364,125,339,745,233,894,436,93,68,66,82,85,82,87,83,90,84,100,96,90,84,96,79,73,74,68,74,76,77,80,71,91,80,96,84,93,95,95,97
[ 6321.409949] [AOA] Measurement: 0,1627165063.248032,08:55:31:9b:0a:1d,2,1,2,0,128,482,81,59,805,790,1,506,381,790,141,833,157,509,662,10,275,283,719,917,331,71,368,404,308,232,375,51,274,757,235,803,383,92,67,69,81,85,82,86,84,90,82,98,93,91,84,96,79,72,73,67,76,75,77,80,73,91,80,97,83,95,96,98,97
[ 6321.450210] [AOA] Measurement: 0,1627165063.288289,08:55:31:9b:0a:1d,2,1,2,0,128,517,127,60,797,703,957,499,403,744,106,745,70,1004,458,423,40,696,476,398,130,622,228,832,110,243,352,79,291,760,221,96,723,90,66,67,82,83,82,86,85,90,84,100,98,94,85,98,79,72,74,68,73,76,75,81,73,91,81,97,83,96,97,97,97
[ 6321.492651] [AOA] Measurement: 0,1627165063.330735,08:55:31:9b:0a:1d,2,1,2,0,128,524,148,39,846,753,989,467,350,833,164,746,71,487,652,425,46,231,679,910,339,121,389,351,279,189,333,77,270,783,253,435,28,89,65,63,79,80,77,81,78,83,80,92,90,87,82,91,74,74,70,66,70,72,75,78,72,89,81,95,85,96,93,98,97
[ 6321.537537] [AOA] Measurement: 0,1627165063.375615,08:55:31:9b:0a:1d,2,1,2,0,128,512,123,62,871,764,1001,929,149,755,111,778,66,965,450,467,81,247,689,406,170,550,144,776,67,685,136,50,242,770,239,161,796,91,66,68,82,87,82,87,84,92,84,100,97,93,86,97,78,72,73,66,74,73,75,78,71,90,79,96,82,95,95,91,94
[ 6321.583293] [AOA] Measurement: 0,1627165063.421372,08:55:31:9b:0a:1d,2,1,2,0,128,487,95,69,809,191,816,982,184,170,905,254,901,994,452,487,61,647,434,306,95,547,210,751,5,674,145,536,82,203,63,853,491,88,65,65,80,80,79,82,81,83,82,92,92,86,85,91,76,74,71,65,71,72,74,79,72,89,81,94,84,96,95,98,98
[ 6321.628143] [AOA] Measurement: 0,1627165063.466225,08:55:31:9b:0a:1d,2,1,2,0,128,470,97,40,828,214,797,496,373,776,145,795,108,539,687,17,277,205,670,912,337,107,370,292,255,166,317,45,252,728,236,306,979,92,68,67,82,85,82,86,83,90,84,99,96,92,84,95,78,71,73,67,73,73,74,79,72,89,79,96,82,95,96,94,98
[ 6321.672353] [AOA] Measurement: 0,1627165063.510432,08:55:31:9b:0a:1d,2,1,2,0,128,513,97,104,871,754,1010,512,373,742,92,770,80,2,450,1019,269,205,661,922,357,132,391,352,319,230,366,50,265,785,220,521,66,92,67,68,83,84,82,85,85,89,83,98,97,90,84,96,77,74,75,67,73,73,74,79,72,92,82,97,83,98,98,98,98
[ 6321.722237] [AOA] Measurement: 0,1627165063.560317,08:55:31:9b:0a:1d,2,1,2,0,128,490,144,109,869,750,1003,483,388,808,132,764,76,537,666,15,267,213,663,398,184,84,379,266,243,186,319,67,266,750,221,320,995,91,67,67,82,82,81,86,81,88,81,94,94,87,85,94,78,73,72,66,73,74,75,79,71,89,78,96,83,97,94,98,96
[ 6321.772722] [AOA] Measurement: 0,1627165063.610802,08:55:31:9b:0a:1d,2,1,2,0,128,541,156,20,826,749,1004,485,405,829,180,252,900,540,664,1014,247,257,692,968,350,96,349,291,222,210,355,528,73,774,276,622,271,93,66,67,80,88,83,86,84,92,82,101,94,93,85,97,79,69,75,66,74,73,73,77,70,86,74,94,75,90,94,91,93
[ 6321.819523] [AOA] Measurement: 0,1627165063.657607,08:55:31:9b:0a:1d,2,1,2,0,128,464,88,70,833,729,1006,418,347,167,946,248,907,1012,481,474,70,250,683,402,184,110,365,299,235,657,155,113,323,735,224,602,263,88,65,65,79,81,79,83,80,84,82,95,94,88,83,94,76,74,71,66,74,73,73,80,71,88,80,94,82,96,94,97,96
[ 6321.863600] [AOA] Measurement: 0,1627165063.701683,08:55:31:9b:0a:1d,2,1,2,0,128,524,129,107,878,718,999,531,382,822,151,783,93,547,691,19,281,251,699,406,175,95,370,292,227,217,363,59,238,735,247,487,110,91,66,66,82,85,80,82,82,89,84,100,96,92,84,95,78,73,73,68,75,76,75,80,72,91,81,98,84,96,97,98,98
[ 6321.915155] [AOA] Measurement: 0,1627165063.753239,08:55:31:9b:0a:1d,2,1,2,0,128,1011,948,99,863,763,1003,468,391,226,982,252,929,517,660,458,68,199,642,966,355,142,409,306,251,166,319,58,257,709,208,680,388,92,67,68,83,87,81,87,83,91,81,99,95,90,85,95,79,72,74,68,72,74,76,80,72,91,79,97,82,94,97,96,98
[ 6321.958906] [AOA] Measurement: 0,1627165063.796990,08:55:31:9b:0a:1d,2,1,2,0,128,494,118,33,843,750,1014,482,400,798,139,774,59,562,652,947,220,261,667,386,160,115,343,269,202,751,180,79,303,742,227,645,239,91,66,68,82,84,80,85,82,88,83,99,95,91,86,96,79,71,73,65,73,75,76,80,71,91,78,97,80,93,95,95,97
[ 6322.001689] [AOA] Measurement: 0,1627165063.839773,08:55:31:9b:0a:1d,2,1,2,0,128,513,124,91,862,742,995,504,399,793,138,785,97,516,646,464,85,212,677,406,200,117,396,330,278,215,349,99,286,727,207,948,559,86,63,62,76,75,78,78,80,81,78,89,89,84,78,89,75,73,68,65,69,70,74,76,69,88,81,93,85,96,90,96,94
[ 6322.042654] [AOA] Measurement: 0,1627165063.880732,08:55:31:9b:0a:1d,2,1,2,0,128,925,928,575,692,203,799,985,218,252,996,809,121,439,624,995,274,232,690,404,169,579,185,707,36,726,144,540,115,172,17,934,627,92,66,67,81,85,82,86,83,91,83,97,95,93,85,97,78,72,72,66,74,75,74,80,70,90,80,95,82,96,96,97,97
[ 6322.088801] [AOA] Measurement: 0,1627165063.926887,08:55:31:9b:0a:1d,2,1,2,0,128,531,101,79,883,704,964,448,364,214,949,811,106,506,636,501,122,195,651,379,177,585,207,775,62,264,389,55,313,763,259,529,124,92,68,69,82,86,81,84,83,89,83,100,95,92,86,96,78,70,75,67,75,75,74,79,72,92,80,97,78,93,97,96,97
[ 6322.127093] [AOA] Measurement: 0,1627165063.965177,08:55:31:9b:0a:1d,2,1,2,0,128,530,97,40,836,161,758,1,223,787,145,763,60,528,659,1,265,213,676,883,309,113,347,285,228,221,348,54,274,790,286,9,644,93,67,68,82,85,82,87,84,90,85,99,96,93,84,98,78,72,74,68,74,72,75,79,71,90,79,97,82,96,98,95,97
[ 6322.169357] [AOA] Measurement: 0,1627165064.007440,08:55:31:9b:0a:1d,2,1,2,0,128,502,123,71,844,773,1022,477,400,765,125,784,111,529,675,1019,259,259,667,909,298,91,354,730,20,292,388,59,261,745,241,547,258,91,65,66,81,80,79,83,82,84,83,95,94,88,83,95,77,75,73,67,73,72,76,79,72,90,81,96,84,96,96,98,99
[ 6322.207740] [AOA] Measurement: 0,1627165064.045824,08:55:31:9b:0a:1d,2,1,2,0,128,994,936,543,621,229,846,937,196,779,115,741,48,533,624,426,37,719,514,393,157,177,431,286,243,711,161,557,106,200,44,821,479,89,67,66,81,81,80,83,82,86,84,96,93,91,84,94,77,74,72,66,73,73,75,79,70,89,79,97,84,96,95,95,97
[ 6322.257656] [AOA] Measurement: 0,1627165064.095734,08:55:31:9b:0a:1d,2,1,2,0,128,476,97,67,842,745,997,969,175,773,158,733,57,1001,491,37,293,258,699,960,404,124,394,318,239,172,331,88,292,706,230,54,660,90,67,66,82,84,81,85,84,88,83,98,96,90,85,96,79,73,72,67,73,74,74,79,73,88,79,98,83,95,97,95,97
[ 6322.295793] [AOA] Measurement: 0,1627165064.133877,08:55:31:9b:0a:1d,2,1,2,0,128,954,918,90,851,714,996,467,356,785,155,773,80,525,680,1013,279,240,684,928,341,86,371,322,258,719,203,72,273,749,243,331,4,93,66,67,82,85,82,85,84,90,83,97,96,92,85,96,77,71,71,67,74,74,74,76,72,91,80,96,81,94,96,96,97
[ 6322.339586] [AOA] Measurement: 0,1627165064.177669,08:55:31:9b:0a:1d,2,1,2,0,128,500,98,71,863,705,1001,465,363,250,955,290,944,483,626,500,100,242,651,395,170,598,204,753,34,763,163,95,248,760,242,76,761,92,65,66,81,82,82,85,82,88,81,98,93,91,82,94,78,73,73,67,73,73,74,81,72,92,81,96,84,96,95,98,99
[ 6322.383767] [AOA] Measurement: 0,1627165064.221850,08:55:31:9b:0a:1d,2,1,2,0,128,553,146,89,864,697,967,498,362,777,119,793,82,508,651,990,264,224,665,958,340,94,382,297,248,232,349,41,256,721,251,517,94,93,67,70,82,87,83,87,84,93,85,100,95,93,84,95,78,71,73,67,74,74,75,79,71,90,78,98,80,93,95,92,96
[ 6322.426070] [AOA] Measurement: 0,1627165064.264148,08:55:31:9b:0a:1d,2,1,2,0,128,502,127,54,816,180,789,964,217,816,157,812,125,519,685,416,88,748,468,466,214,567,178,321,250,701,134,69,286,755,238,250,844,93,66,69,82,87,84,86,84,90,84,101,95,93,86,95,78,73,73,66,73,75,76,80,71,89,80,98,82,96,97,96,98
[ 6322.469887] [AOA] Measurement: 0,1627165064.307966,08:55:31:9b:0a:1d,2,1,2,0,128,470,99,48,851,738,974,1008,201,814,151,780,120,541,682,1014,272,296,731,936,365,125,396,323,282,229,365,21,250,753,229,742,359,93,66,69,82,87,82,87,85,93,83,100,96,93,85,96,78,73,75,67,74,75,76,82,73,90,78,96,82,95,96,96,98
[ 6322.512931] [AOA] Measurement: 0,1627165064.351015,08:55:31:9b:0a:1d,2,1,2,0,128,484,110,71,852,753,10,493,370,789,136,765,77,576,706,36,291,168,677,958,358,115,387,286,226,199,353,85,291,715,233,110,716,88,65,65,80,83,79,81,80,85,81,94,93,86,79,91,76,73,70,66,71,72,74,80,72,89,79,94,84,95,94,96,98
[ 6322.556078] [AOA] Measurement: 0,1627165064.394161,08:55:31:9b:0a:1d,2,1,2,0,128,441,86,74,847,711,1000,509,412,830,176,842,116,547,707,20,302,218,675,983,407,129,398,322,267,174,347,109,296,733,245,702,379,93,67,69,82,86,80,86,83,90,83,101,95,93,85,97,79,69,72,67,72,76,74,81,72,91,78,97,80,92,98,94,95
[ 6322.599992] [AOA] Measurement: 0,1627165064.438070,08:55:31:9b:0a:1d,2,1,2,0,128,523,130,25,821,226,813,521,402,802,142,814,96,559,714,953,186,294,708,975,388,613,193,362,281,702,181,67,273,705,207,197,891,92,67,68,83,84,83,86,84,89,83,97,95,89,81,93,77,72,73,67,74,74,75,79,72,93,81,97,83,97,97,98,97
[ 6322.650219] [AOA] Measurement: 0,1627165064.488298,08:55:31:9b:0a:1d,2,1,2,0,128,526,106,89,870,831,21,506,379,840,173,799,109,480,643,454,100,201,667,930,360,106,385,776,70,198,336,548,109,753,251,456,24,93,67,67,83,83,81,84,83,90,83,96,94,90,83,95,76,73,75,68,74,73,76,79,72,89,80,94,83,94,94,97,97
[ 6322.700127] [AOA] Measurement: 0,1627165064.538211,08:55:31:9b:0a:1d,2,1,2,0,128,500,91,561,665,736,1013,464,384,786,140,231,945,522,673,1009,263,258,706,978,384,140,401,318,287,645,146,120,322,785,259,498,48,90,66,66,80,81,80,82,82,88,82,96,94,88,83,94,77,73,71,66,72,76,75,81,74,91,80,96,81,93,96,96,97
[ 6322.741109] [AOA] Measurement: 0,1627165064.579192,08:55:31:9b:0a:1d,2,1,2,0,128,998,935,566,691,165,791,1007,225,162,908,271,948,925,415,478,94,219,703,941,339,101,398,262,202,667,128,565,83,717,232,571,224,92,67,66,82,85,82,87,85,91,83,99,95,92,85,96,79,69,73,66,74,73,73,79,71,91,80,96,81,93,96,94,96
[ 6322.784065] [AOA] Measurement: 0,1627165064.622148,08:55:31:9b:0a:1d,2,1,2,0,128,971,923,67,888,697,999,505,399,814,145,777,92,485,659,988,252,259,670,923,345,150,412,356,269,235,348,14,220,808,295,13,687,90,66,66,78,80,80,83,82,87,81,95,94,88,82,92,77,72,71,67,73,72,74,79,70,88,80,97,84,96,95,97,97
[ 6322.827556] [AOA] Measurement: 0,1627165064.665635,08:55:31:9b:0a:1d,2,1,2,0,128,511,119,104,888,750,1023,454,375,283,981,184,879,1010,503,1020,283,704,464,401,158,134,380,278,234,704,157,508,44,212,86,522,146,90,65,65,82,82,82,84,83,90,83,99,95,91,84,96,79,72,74,67,73,75,74,79,72,91,80,95,82,94,96,95,98
[ 6322.872016] [AOA] Measurement: 0,1627165064.710094,08:55:31:9b:0a:1d,2,1,2,0,128,1022,932,132,894,731,993,471,368,849,185,785,103,505,664,14,314,187,636,380,169,627,212,798,102,214,345,63,282,742,245,13,755,94,67,69,83,88,83,88,85,89,85,100,96,94,86,97,79,73,73,68,75,73,75,81,72,89,79,98,83,98,96,96,100
[ 6322.923106] [AOA] Measurement: 0,1627165064.761185,08:55:31:9b:0a:1d,2,1,2,0,128,990,952,71,843,167,794,957,179,807,127,236,940,993,476,24,287,224,668,957,343,61,360,267,204,708,169,540,112,717,223,87,743,94,68,68,82,85,81,86,84,90,83,97,95,93,84,95,78,72,75,67,74,74,74,79,72,90,80,97,81,95,97,95,97
[ 6322.967687] [AOA] Measurement: 0,1627165064.805769,08:55:31:9b:0a:1d,2,1,2,0,128,545,139,77,850,749,1001,955,190,210,940,266,951,981,482,468,111,249,653,447,200,573,189,780,69,260,409,50,257,741,212,688,396,89,66,63,79,81,81,83,81,87,84,95,96,91,83,94,77,72,73,66,73,74,74,79,71,92,81,99,84,96,97,96,99
[ 6323.005903] [AOA] Measurement: 0,1627165064.843987,08:55:31:9b:0a:1d,2,1,2,0,128,987,923,496,633,224,838,909,110,253,925,278,935,1008,486,459,75,701,458,337,71,591,173,752,43,224,322,542,90,781,270,306,14,91,65,66,82,83,82,85,83,90,84,98,95,94,84,95,77,71,74,68,72,73,74,80,69,90,77,96,80,93,95,95,96
[ 6323.050118] [AOA] Measurement: 0,1627165064.888201,08:55:31:9b:0a:1d,2,1,2,0,128,998,960,553,678,236,829,481,351,246,969,790,67,494,658,1,272,246,691,985,385,132,418,266,243,266,381,55,277,162,32,928,642,91,65,66,81,81,81,82,80,86,82,96,94,90,82,92,76,73,73,68,74,72,75,80,71,90,80,97,82,96,97,96,98
[ 6323.096776] [AOA] Measurement: 0,1627165064.934859,08:55:31:9b:0a:1d,2,1,2,0,128,483,105,91,852,200,811,983,180,258,959,304,960,548,660,449,61,751,489,407,194,95,373,334,264,238,344,65,277,683,196,323,1013,92,66,69,82,84,82,87,85,91,84,101,97,92,86,97,79,74,74,67,75,75,75,81,74,91,82,97,84,98,96,97,98
[ 6323.140242] [AOA] Measurement: 0,1627165064.978324,08:55:31:9b:0a:1d,2,1,2,0,128,463,90,23,796,718,989,970,187,195,964,758,58,535,675,406,14,652,411,393,149,108,379,311,270,198,333,38,229,186,53,935,593,92,66,67,81,83,83,86,84,90,82,98,95,91,84,94,77,73,72,68,71,74,76,81,74,91,81,97,82,96,96,96,96
[ 6323.179282] [AOA] Measurement: 0,1627165065.017360,08:55:31:9b:0a:1d,2,1,2,0,128,529,125,525,650,215,803,972,177,743,75,257,924,980,424,510,125,215,651,330,122,154,435,335,259,163,304,40,254,228,66,927,645,91,66,69,80,85,82,86,85,90,82,98,94,92,84,94,78,70,74,67,75,75,74,79,71,90,77,96,78,92,96,93,96
[ 6323.230792] [AOA] Measurement: 0,1627165065.068870,08:55:31:9b:0a:1d,2,1,2,0,128,503,122,90,849,779,1019,928,152,231,949,294,969,527,663,991,265,204,673,415,167,117,397,297,263,245,382,50,256,744,215,135,803,94,67,70,83,85,84,88,86,91,84,100,96,93,86,96,78,72,75,68,75,76,75,81,72,92,79,97,80,95,96,94,97
[ 6323.275965] [AOA] Measurement: 0,1627165065.114047,08:55:31:9b:0a:1d,2,1,2,0,128,506,135,54,865,712,965,959,192,271,990,223,902,530,651,455,41,258,686,393,178,556,160,775,52,691,147,516,48,773,250,656,255,93,67,69,82,84,81,87,83,89,84,100,97,92,85,98,79,73,75,67,75,74,74,80,73,93,79,98,82,96,96,94,97
[ 6323.319587] [AOA] Measurement: 0,1627165065.157666,08:55:31:9b:0a:1d,2,1,2,0,128,515,132,59,849,704,960,498,397,790,130,764,51,537,649,1013,287,145,661,950,362,89,382,304,234,271,372,101,302,726,220,589,258,90,64,66,81,83,81,84,82,86,82,95,93,87,83,93,77,74,71,66,72,74,75,79,71,90,80,96,83,97,95,98,98
[ 6323.362983] [AOA] Measurement: 0,1627165065.201061,08:55:31:9b:0a:1d,2,1,2,0,128,486,144,91,892,721,982,514,379,208,949,295,960,957,462,501,132,241,685,878,328,24,366,335,303,235,368,70,277,779,226,201,918,94,68,69,82,85,82,86,85,89,84,98,97,93,85,95,78,73,73,67,74,76,77,81,73,91,81,96,82,95,97,97,99
[ 6323.413030] [AOA] Measurement: 0,1627165065.251109,08:55:31:9b:0a:1d,2,1,2,0,128,480,94,152,918,738,999,482,376,744,87,228,909,968,449,474,85,239,675,920,339,583,210,315,252,151,316,50,270,784,279,473,123,93,68,67,79,85,82,84,84,88,84,99,95,90,84,93,78,72,73,67,74,73,73,80,72,91,79,95,81,95,96,94,96
[ 6323.467093] [AOA] Measurement: 0,1627165065.305177,08:55:31:9b:0a:1d,2,1,2,0,128,527,116,44,819,194,815,958,146,228,977,810,91,540,666,486,84,217,684,439,159,576,198,734,13,707,137,74,277,233,62,126,833,93,66,69,81,87,80,84,84,91,82,100,95,94,85,98,77,70,75,68,75,74,74,78,71,89,77,95,80,92,97,94,96
[ 6323.509260] [AOA] Measurement: 0,1627165065.347339,08:55:31:9b:0a:1d,2,1,2,0,128,499,112,51,865,747,7,463,376,802,161,784,87,438,609,20,271,241,687,966,387,121,387,362,284,220,377,76,293,734,242,230,835,93,67,68,81,86,82,86,84,91,84,100,97,94,85,96,76,71,76,67,73,76,75,78,71,90,77,95,79,93,97,92,94
[ 6323.547231] [AOA] Measurement: 0,1627165065.385314,08:55:31:9b:0a:1d,2,1,2,0,128,505,100,43,802,747,968,1002,235,771,123,783,93,951,482,7,284,245,693,933,335,84,358,320,267,220,353,6,230,737,220,894,623,92,67,67,82,85,83,86,83,90,83,100,96,91,85,95,77,73,72,67,75,74,75,81,73,91,81,98,83,98,98,99,97
[ 6323.588812] [AOA] Measurement: 0,1627165065.426890,08:55:31:9b:0a:1d,2,1,2,0,128,962,951,103,869,693,976,983,195,190,914,251,913,1011,468,458,57,779,504,981,381,145,424,338,274,279,362,51,250,724,197,516,123,93,67,67,83,84,81,86,82,90,83,99,95,92,83,96,78,71,74,67,73,75,75,77,70,90,79,95,80,95,97,94,96
[ 6323.634324] [AOA] Measurement: 0,1627165065.472407,08:55:31:9b:0a:1d,2,1,2,0,128,962,937,517,640,182,767,980,232,744,126,790,105,497,648,1019,265,261,721,923,305,655,255,216,190,223,363,98,291,723,230,606,319,95,66,70,83,88,83,88,86,93,83,99,94,94,86,96,79,71,76,67,74,76,75,78,70,92,79,97,82,95,99,94,95
[ 6323.678663] [AOA] Measurement: 0,1627165065.516747,08:55:31:9b:0a:1d,2,1,2,0,128,560,131,96,858,767,1020,443,351,748,107,762,85,481,674,1009,240,712,480,939,364,75,348,274,236,257,392,45,257,720,215,810,464,89,66,65,80,82,79,84,81,87,82,97,94,89,83,93,75,72,70,67,73,73,73,77,70,90,78,96,85,96,94,98,96
[ 6323.722843] [AOA] Measurement: 0,1627165065.560926,08:55:31:9b:0a:1d,2,1,2,0,128,502,100,553,666,815,1013,499,372,802,154,807,115,994,475,482,93,697,474,442,207,120,416,335,267,230,375,50,268,723,217,179,849,92,67,68,81,86,82,87,83,91,83,102,97,93,85,96,78,71,73,66,73,74,75,79,71,92,80,96,83,95,97,96,98
[ 6323.773018] [AOA] Measurement: 0,1627165065.611097,08:55:31:9b:0a:1d,2,1,2,0,128,533,135,101,879,728,990,492,355,830,136,774,85,487,660,471,85,263,704,915,355,54,347,297,261,182,331,90,307,692,199,664,371,92,66,66,83,83,81,84,80,87,84,96,94,91,86,95,78,73,74,67,74,76,76,82,73,91,82,97,85,97,96,98,98
[ 6323.823419] [AOA] Measurement: 0,1627165065.661497,08:55:31:9b:0a:1d,2,1,2,0,128,488,90,114,890,786,5,475,383,227,940,277,926,524,661,1002,263,226,667,911,309,152,449,330,259,274,386,22,248,162,22,796,450,91,66,66,81,82,83,84,83,88,81,96,95,89,82,94,76,75,71,66,72,74,74,80,73,91,79,95,83,97,95,97,98
[ 6323.868065] [AOA] Measurement: 0,1627165065.706149,08:55:31:9b:0a:1d,2,1,2,0,128,551,159,75,852,720,983,502,395,811,162,809,107,505,667,42,309,215,661,972,353,101,360,803,73,283,387,97,278,764,232,103,781,90,67,65,81,80,81,84,83,84,81,94,94,88,84,93,78,74,72,67,72,74,74,79,71,90,80,95,84,96,95,99,96
[ 6323.912203] [AOA] Measurement: 0,1627165065.750288,08:55:31:9b:0a:1d,2,1,2,0,128,514,140,74,876,772,995,495,319,795,143,769,50,935,417,444,51,699,491,921,357,137,401,361,294,234,362,46,256,174,32,283,43,89,64,66,81,82,82,86,82,89,83,97,96,90,86,95,77,71,72,67,73,71,75,77,70,92,81,97,84,96,96,98,98
[ 6323.961123] [AOA] Measurement: 0,1627165065.799205,08:55:31:9b:0a:1d,2,1,2,0,128,505,141,45,818,194,828,482,372,792,142,814,126,471,655,991,240,259,694,401,175,144,418,317,282,207,346,84,266,749,257,145,783,91,66,67,81,84,82,83,82,88,84,99,96,91,85,96,80,73,74,69,77,74,75,80,72,93,82,99,84,97,96,97,99
[ 6323.999913] [AOA] Measurement: 0,1627165065.837992,08:55:31:9b:0a:1d,2,1,2,0,128,6,977,58,832,179,778,1009,203,203,942,292,925,940,418,498,89,701,465,405,165,595,190,793,68,304,400,6,250,734,236,77,742,93,67,67,81,83,82,84,81,87,84,97,95,90,85,95,77,75,72,69,73,74,74,77,69,90,78,93,82,96,95,96,98
[ 6324.042003] [AOA] Measurement: 0,1627165065.880086,08:55:31:9b:0a:1d,2,1,2,0,128,479,98,28,803,204,820,488,372,763,100,824,121,548,676,25,297,682,447,355,137,553,155,781,68,264,353,100,292,792,245,11,702,92,67,68,82,84,81,87,85,91,83,99,95,93,85,95,79,73,73,68,73,76,75,79,72,91,80,98,83,96,98,96,98
[ 6324.079946] [AOA] Measurement: 0,1627165065.918024,08:55:31:9b:0a:1d,2,1,2,0,128,498,118,100,866,710,990,503,383,783,130,780,73,543,683,964,225,244,695,914,353,143,444,356,273,249,385,97,281,729,229,953,473,94,68,70,83,87,84,85,85,89,83,98,96,93,85,97,78,70,75,67,76,75,74,81,72,91,80,98,81,93,96,94,97
[ 6324.122964] [AOA] Measurement: 0,1627165065.961044,08:55:31:9b:0a:1d,2,1,2,0,128,522,127,60,840,186,802,486,393,786,136,804,122,509,637,492,78,237,682,403,163,94,393,275,230,268,354,76,271,170,17,643,394,94,68,68,83,85,83,88,86,90,83,99,96,95,88,97,79,72,75,68,73,76,75,79,72,89,78,96,80,95,98,96,97
[ 6324.174817] [AOA] Measurement: 0,1627165066.012896,08:55:31:9b:0a:1d,2,1,2,0,128,514,116,66,852,756,982,915,137,888,192,782,87,526,720,34,291,256,692,891,326,149,392,320,260,191,317,35,254,748,214,605,308,95,67,70,82,88,83,87,85,91,83,101,94,96,85,96,79,68,74,65,72,74,73,78,70,89,77,96,77,91,95,92,93
[ 6324.217507] [AOA] Measurement: 0,1627165066.055585,08:55:31:9b:0a:1d,2,1,2,0,128,486,94,69,841,204,835,951,186,252,965,282,955,1003,500,513,130,227,709,971,343,566,150,269,243,236,376,24,247,778,257,428,177,92,67,67,83,85,83,87,83,89,84,98,94,91,84,95,77,73,73,68,74,74,75,79,73,90,81,98,85,97,98,98,98
[ 6324.263481] [AOA] Measurement: 0,1627165066.101566,08:55:31:9b:0a:1d,2,1,2,0,128,476,119,122,881,746,1008,460,383,749,112,229,916,1020,473,532,95,228,692,947,352,134,438,322,291,208,321,61,271,745,232,419,103,90,65,67,81,84,81,85,82,88,85,98,94,94,85,97,79,73,74,67,74,72,76,80,72,91,81,99,83,96,97,96,99
[ 6324.306159] [AOA] Measurement: 0,1627165066.144238,08:55:31:9b:0a:1d,2,1,2,0,128,489,117,14,844,187,804,971,184,215,974,296,936,507,656,482,78,220,635,919,338,113,386,817,106,232,352,66,273,720,214,615,212,93,66,66,80,85,82,83,82,89,82,98,94,91,84,94,75,74,72,68,73,75,76,79,71,90,79,96,82,95,96,95,97
[ 6324.350356] [AOA] Measurement: 0,1627165066.188440,08:55:31:9b:0a:1d,2,1,2,0,128,478,95,117,863,735,981,511,375,779,137,770,61,505,656,488,44,741,512,905,331,142,408,346,283,217,367,118,328,786,238,796,435,92,67,67,81,86,84,87,84,89,83,98,97,91,84,95,77,74,75,67,75,74,75,80,73,91,79,97,82,96,98,96,97
[ 6324.394143] [AOA] Measurement: 0,1627165066.232226,08:55:31:9b:0a:1d,2,1,2,0,128,921,923,97,869,729,974,467,326,768,114,804,82,515,665,432,29,690,471,354,128,588,200,340,255,171,330,124,326,671,223,173,947,93,66,67,83,84,81,86,83,90,82,100,94,91,85,96,79,73,73,68,75,75,75,79,71,91,79,96,83,95,98,96,98
[ 6324.438032] [AOA] Measurement: 0,1627165066.276112,08:55:31:9b:0a:1d,2,1,2,0,128,503,96,117,855,733,978,984,181,784,152,223,929,511,644,498,125,201,672,928,343,71,366,728,25,237,370,10,245,224,70,197,824,91,66,70,82,85,81,84,83,89,84,99,95,92,84,97,78,72,73,67,73,75,75,79,72,90,81,97,82,95,97,96,98
[ 6324.481947] [AOA] Measurement: 0,1627165066.320025,08:55:31:9b:0a:1d,2,1,2,0,128,461,93,64,875,700,975,928,150,249,971,284,958,996,443,1005,250,189,677,347,121,89,388,325,252,139,304,562,87,703,221,581,219,93,67,70,81,87,83,88,85,92,86,100,95,95,86,99,80,70,75,67,74,77,75,79,73,90,78,96,78,93,96,94,95
[ 6324.530768] [AOA] Measurement: 0,1627165066.368851,08:55:31:9b:0a:1d,2,1,2,0,128,494,122,67,860,748,13,478,393,775,126,841,125,491,609,461,81,207,656,426,190,114,377,344,276,240,370,27,270,741,238,469,66,92,67,69,82,85,82,87,85,91,82,99,97,91,85,97,79,71,73,68,74,74,75,81,72,92,80,98,85,98,96,97,98
[ 6324.568901] [AOA] Measurement: 0,1627165066.406986,08:55:31:9b:0a:1d,2,1,2,0,128,426,65,109,866,763,1005,532,392,780,129,814,90,498,653,1009,275,200,652,935,314,585,231,346,276,174,316,70,284,704,216,299,5,93,66,67,82,84,81,84,81,88,83,97,95,91,82,96,77,73,73,68,72,75,73,78,71,90,79,97,82,95,96,96,96
[ 6324.613702] [AOA] Measurement: 0,1627165066.451781,08:55:31:9b:0a:1d,2,1,2,0,128,526,137,499,640,203,807,963,157,838,143,803,73,526,670,45,314,211,670,913,295,575,209,342,302,203,344,35,280,743,214,867,532,92,66,68,82,85,82,86,84,89,83,98,93,90,83,95,79,72,72,68,74,75,75,80,73,91,80,97,84,96,97,96,99
[ 6324.663925] [AOA] Measurement: 0,1627165066.502004,08:55:31:9b:0a:1d,2,1,2,0,128,490,83,18,817,853,24,450,343,755,145,742,41,980,453,496,105,201,621,365,132,589,188,361,252,181,330,47,248,750,247,892,514,94,67,67,82,85,83,86,87,90,84,99,96,93,85,95,78,72,73,67,73,72,75,80,72,90,80,96,81,93,95,97,97
[ 6324.708081] [AOA] Measurement: 0,1627165066.546162,08:55:31:9b:0a:1d,2,1,2,0,128,513,116,53,837,148,797,963,217,264,982,784,74,521,658,492,81,192,665,1021,391,83,378,274,257,195,327,69,288,758,264,479,138,91,66,67,83,83,81,86,85,88,83,100,96,91,84,95,77,73,73,66,74,75,75,80,72,91,80,98,84,97,97,97,98
[ 6324.752198] [AOA] Measurement: 0,1627165066.590282,08:55:31:9b:0a:1d,2,1,2,0,128,495,83,580,667,236,820,965,153,242,943,224,918,1012,483,432,54,730,512,910,282,563,197,749,30,708,164,537,52,206,39,6,705,90,66,66,80,83,83,85,85,90,83,98,95,91,85,95,78,72,72,67,75,74,75,79,72,91,81,97,84,95,94,95,98
[ 6324.801253] [AOA] Measurement: 0,1627165066.639339,08:55:31:9b:0a:1d,2,1,2,0,128,493,115,607,705,747,7,472,384,760,131,833,127,437,622,11,282,263,717,919,351,614,196,303,219,283,407,114,315,688,207,662,251,90,67,66,81,83,82,84,83,87,84,98,94,92,84,96,78,72,71,66,74,74,77,79,71,91,79,93,82,94,96,96,95
[ 6324.839641] [AOA] Measurement: 0,1627165066.677726,08:55:31:9b:0a:1d,2,1,2,0,128,524,89,557,657,803,16,476,358,771,117,228,928,1008,492,1,242,225,710,376,159,590,189,801,51,270,378,48,247,731,232,1003,653,94,67,68,82,85,83,87,85,88,83,97,97,95,85,97,78,72,74,65,74,76,77,80,72,92,79,94,81,96,96,96,98
[ 6324.877897] [AOA] Measurement: 0,1627165066.715980,08:55:31:9b:0a:1d,2,1,2,0,128,536,146,529,630,710,963,507,388,747,118,736,49,927,444,495,96,287,700,387,164,174,438,306,259,189,321,56,224,211,71,983,560,88,66,65,82,81,79,84,82,88,82,96,94,89,82,94,77,73,71,66,73,72,75,80,72,91,82,97,85,96,95,100,96
[ 6324.920827] [AOA] Measurement: 0,1627165066.758913,08:55:31:9b:0a:1d,2,1,2,0,128,476,120,84,864,766,991,500,377,781,142,863,137,539,715,995,253,262,697,937,369,88,414,286,242,248,410,27,286,753,252,591,173,93,67,68,83,84,83,86,83,89,84,100,95,91,84,96,78,74,75,68,74,73,74,78,71,90,79,98,82,96,96,98,97
[ 6324.959257] [AOA] Measurement: 0,1627165066.797337,08:55:31:9b:0a:1d,2,1,2,0,128,535,129,97,892,714,986,946,186,299,1007,793,122,522,683,982,257,702,476,403,163,607,203,732,11,745,169,48,261,697,236,950,525,92,66,66,83,85,83,86,82,87,82,99,95,91,84,94,78,74,72,68,75,75,75,81,71,89,81,96,84,97,95,98,97
[ 6325.003126] [AOA] Measurement: 0,1627165066.841205,08:55:31:9b:0a:1d,2,1,2,0,128,504,130,94,891,701,966,551,412,740,113,850,110,533,672,25,280,233,701,896,336,158,383,294,263,223,349,49,269,747,253,919,512,93,68,69,82,86,82,87,84,91,83,98,94,92,85,96,78,74,73,68,73,76,76,80,71,90,81,97,82,95,97,96,96
[ 6325.053452] [AOA] Measurement: 0,1627165066.891530,08:55:31:9b:0a:1d,2,1,2,0,128,967,936,58,831,728,997,503,395,793,143,175,915,989,435,487,98,232,683,349,132,97,378,254,199,721,157,82,259,762,247,540,173,92,68,68,82,85,82,87,86,90,84,98,95,94,85,97,79,71,74,67,73,75,75,79,74,93,79,98,81,96,95,94,95
[ 6325.099301] [AOA] Measurement: 0,1627165066.937387,08:55:31:9b:0a:1d,2,1,2,0,128,940,912,581,655,740,978,505,404,773,137,776,78,524,675,5,291,266,703,916,364,91,367,337,275,268,356,82,290,759,246,181,880,90,66,65,80,83,80,84,83,86,82,94,96,88,83,92,77,73,70,68,73,72,75,79,71,89,80,95,83,98,92,95,96
[ 6325.144579] [AOA] Measurement: 0,1627165066.982662,08:55:31:9b:0a:1d,2,1,2,0,128,473,86,123,853,755,996,486,377,183,916,257,939,519,670,492,102,686,457,393,168,119,405,780,66,278,361,88,263,807,259,396,2,91,65,67,80,86,83,87,84,90,84,98,95,91,87,95,78,74,74,68,74,75,77,80,73,92,80,96,83,97,96,97,97
[ 6325.188413] [AOA] Measurement: 0,1627165067.026496,08:55:31:9b:0a:1d,2,1,2,0,128,538,133,84,843,741,992,472,392,756,113,820,99,924,423,16,280,683,486,943,353,101,397,255,211,241,309,101,316,687,197,256,899,92,67,68,80,87,83,86,84,91,84,99,97,89,82,92,78,73,72,66,73,76,75,80,72,92,82,96,83,96,97,96,95
[ 6325.232887] [AOA] Measurement: 0,1627165067.070970,08:55:31:9b:0a:1d,2,1,2,0,128,501,93,62,833,193,805,995,155,189,935,279,907,1014,489,481,67,222,701,931,347,69,358,746,31,675,126,554,69,757,231,441,136,92,66,66,81,86,82,88,84,89,84,97,95,91,86,95,79,74,74,67,73,74,77,79,72,93,79,97,83,97,97,97,96
[ 6325.282682] [AOA] Measurement: 0,1627165067.120762,08:55:31:9b:0a:1d,2,1,2,0,128,481,64,62,845,187,793,939,177,243,946,772,68,503,641,467,77,250,677,422,160,104,388,281,230,169,349,531,60,188,1012,43,763,93,67,71,82,87,82,86,85,92,84,100,94,95,84,96,76,69,75,67,74,74,71,77,70,90,77,97,78,92,97,92,94
[ 6325.337198] [AOA] Measurement: 0,1627165067.175284,08:55:31:9b:0a:1d,2,1,2,0,128,985,950,512,609,161,792,919,139,246,958,298,984,518,633,466,93,688,458,380,101,540,139,712,1003,737,162,507,47,134,1009,956,722,86,62,60,78,75,76,78,76,79,79,89,92,81,79,87,74,72,67,64,71,69,72,77,70,88,80,94,84,97,92,94,94
[ 6325.381812] [AOA] Measurement: 0,1627165067.219896,08:55:31:9b:0a:1d,2,1,2,0,128,530,119,87,824,746,976,475,325,770,125,768,73,1006,455,481,77,701,458,376,111,580,231,722,18,230,367,515,70,762,221,600,311,92,67,68,80,84,81,86,83,90,83,99,97,94,87,96,78,72,73,68,74,76,76,80,72,93,80,96,83,94,97,97,97
[ 6325.420606] [AOA] Measurement: 0,1627165067.258691,08:55:31:9b:0a:1d,2,1,2,0,128,541,146,97,886,730,1005,499,337,780,150,820,112,498,634,30,299,220,710,360,173,150,400,338,246,195,342,67,277,746,227,687,342,91,65,65,81,83,81,83,83,88,84,96,93,89,82,93,78,73,70,66,73,73,73,79,73,89,80,94,83,96,95,97,95
[ 6325.464375] [AOA] Measurement: 0,1627165067.302461,08:55:31:9b:0a:1d,2,1,2,0,128,531,101,94,874,721,976,502,401,198,922,281,971,484,629,473,66,252,688,930,339,579,207,760,74,706,175,90,307,708,224,576,118,91,67,67,82,85,83,86,84,91,83,98,96,92,84,95,77,72,72,66,74,73,75,79,73,91,81,96,83,95,97,97,99
[ 6325.508299] [AOA] Measurement: 0,1627165067.346378,08:55:31:9b:0a:1d,2,1,2,0,128,526,96,84,867,719,970,975,190,801,144,855,142,502,685,992,248,231,689,944,344,608,237,266,210,254,368,60,302,736,219,394,84,96,68,69,83,88,85,88,85,91,85,102,97,93,84,97,80,71,75,68,75,76,75,82,72,91,80,96,80,96,99,97,100
[ 6325.554193] [AOA] Measurement: 0,1627165067.392272,08:55:31:9b:0a:1d,2,1,2,0,128,1003,955,54,857,733,1021,462,346,776,124,750,93,488,661,19,247,206,633,360,165,49,386,294,228,177,292,109,315,739,225,484,190,90,65,65,80,81,81,83,81,86,81,95,94,87,82,93,75,74,71,67,71,73,77,79,74,90,81,97,85,96,93,99,98
[ 6325.604601] [AOA] Measurement: 0,1627165067.442680,08:55:31:9b:0a:1d,2,1,2,0,128,483,81,106,864,723,989,497,349,794,139,810,86,579,675,1003,262,258,689,940,371,125,409,303,228,247,346,37,251,702,198,483,218,90,68,68,81,84,83,86,84,90,83,100,96,94,85,97,77,72,73,68,74,75,76,80,73,90,81,96,84,96,97,96,98
[ 6325.649387] [AOA] Measurement: 0,1627165067.487469,08:55:31:9b:0a:1d,2,1,2,0,128,551,139,13,819,217,853,945,187,229,966,230,944,518,661,478,49,768,504,374,141,126,429,304,275,213,340,52,288,790,261,808,418,93,66,68,81,86,81,86,84,93,85,99,96,93,86,96,77,71,75,67,75,75,75,79,69,91,79,97,80,94,96,95,95
[ 6325.693574] [AOA] Measurement: 0,1627165067.531660,08:55:31:9b:0a:1d,2,1,2,0,128,985,939,564,658,177,776,997,189,225,957,832,133,551,680,40,305,230,677,949,352,573,168,292,241,158,303,527,62,726,216,798,473,92,68,67,83,83,82,86,83,90,84,100,97,92,83,96,79,75,72,69,75,76,77,80,74,92,81,97,82,96,96,97,98
[ 6325.739272] [AOA] Measurement: 0,1627165067.577354,08:55:31:9b:0a:1d,2,1,2,0,128,507,147,65,832,237,817,947,171,252,989,803,106,523,625,513,101,687,482,416,122,563,178,266,215,638,121,563,105,234,72,933,618,92,66,67,81,83,81,85,83,88,82,98,95,93,84,95,78,71,74,66,73,74,73,80,71,89,78,97,82,94,98,94,98
[ 6325.783142] [AOA] Measurement: 0,1627165067.621222,08:55:31:9b:0a:1d,2,1,2,0,128,549,138,33,833,729,974,476,369,763,145,817,107,488,611,45,312,320,747,967,400,148,436,309,267,285,421,10,249,793,250,436,44,92,65,67,80,83,79,83,82,88,83,98,96,91,85,96,77,72,75,69,74,77,76,78,72,92,80,97,82,94,95,95,96
[ 6325.833467] [AOA] Measurement: 0,1627165067.671546,08:55:31:9b:0a:1d,2,1,2,0,128,478,96,66,834,766,1017,950,158,802,155,820,100,574,695,983,247,223,691,943,374,111,349,814,94,280,381,39,237,766,229,113,743,92,67,68,79,83,81,84,84,89,85,97,93,92,84,96,78,71,74,67,74,74,76,79,70,89,79,98,81,96,96,95,96
[ 6325.872783] [AOA] Measurement: 0,1627165067.710868,08:55:31:9b:0a:1d,2,1,2,0,128,520,148,22,826,762,1004,502,401,733,143,787,69,490,648,1008,271,292,708,961,371,122,426,287,264,242,356,94,308,737,237,741,336,91,66,66,81,84,82,84,85,89,85,98,96,90,85,96,76,72,73,68,74,73,77,79,72,92,79,97,82,96,96,96,97
[ 6325.917085] [AOA] Measurement: 0,1627165067.755171,08:55:31:9b:0a:1d,2,1,2,0,128,455,89,74,807,242,825,436,340,771,152,816,85,974,457,496,97,252,698,916,343,594,178,815,72,651,117,571,91,758,240,330,24,91,66,68,82,84,83,86,85,91,84,100,95,93,85,97,78,71,75,66,74,74,75,80,72,92,79,98,82,93,96,97,94
[ 6325.963840] [AOA] Measurement: 0,1627165067.801920,08:55:31:9b:0a:1d,2,1,2,0,128,519,112,534,661,187,812,932,176,239,980,222,920,1014,487,443,51,218,684,394,134,592,158,792,57,203,311,25,239,216,55,593,268,91,67,69,81,84,82,86,82,90,83,99,94,94,86,95,77,69,76,65,72,73,72,77,67,90,75,94,76,90,95,89,89
[ 6326.006765] [AOA] Measurement: 0,1627165067.844849,08:55:31:9b:0a:1d,2,1,2,0,128,502,109,47,841,187,790,993,179,246,1004,800,85,450,630,514,113,277,735,937,347,138,399,261,235,202,312,30,257,172,16,863,557,93,67,69,83,85,83,86,82,89,85,97,95,92,85,96,78,73,74,67,75,75,76,78,71,91,80,98,84,97,98,97,98
[ 6326.049942] [AOA] Measurement: 0,1627165067.888028,08:55:31:9b:0a:1d,2,1,2,0,128,940,955,577,658,214,833,521,407,814,173,762,65,501,640,12,283,222,649,941,353,138,407,284,243,228,391,1008,220,723,202,828,549,93,66,68,80,85,83,87,82,90,82,98,94,94,83,96,78,68,75,66,73,73,73,77,70,89,77,95,79,92,95,94,94
[ 6326.088232] [AOA] Measurement: 0,1627165067.926316,08:55:31:9b:0a:1d,2,1,2,0,128,437,76,103,845,726,1008,498,347,791,143,780,91,503,644,1015,241,716,457,348,117,533,159,824,98,201,358,21,243,717,208,60,726,88,65,65,79,81,78,85,82,88,83,95,94,87,81,92,77,74,71,66,72,72,74,78,71,89,81,94,83,97,95,99,96
[ 6326.131760] [AOA] Measurement: 0,1627165067.969839,08:55:31:9b:0a:1d,2,1,2,0,128,503,111,84,862,748,986,481,376,778,133,246,939,535,669,509,108,205,637,477,233,192,442,311,293,242,363,570,127,695,192,947,635,92,66,66,81,83,81,84,83,87,83,97,93,90,82,92,78,74,71,67,73,74,73,81,72,91,78,97,85,96,94,97,97
[ 6326.178852] [AOA] Measurement: 0,1627165068.016935,08:55:31:9b:0a:1d,2,1,2,0,128,968,970,65,845,155,796,977,159,275,968,842,140,487,632,460,81,212,654,403,171,135,413,776,52,193,284,569,106,735,255,153,835,92,66,67,82,84,82,86,84,91,84,99,97,91,85,94,79,73,73,66,73,75,76,80,73,92,79,98,84,97,97,97,96
[ 6326.224854] [AOA] Measurement: 0,1627165068.062933,08:55:31:9b:0a:1d,2,1,2,0,128,479,124,96,884,735,1003,486,375,247,956,274,932,1009,474,63,314,231,698,419,179,146,399,300,236,708,152,31,262,222,79,756,418,91,67,68,81,86,82,87,83,90,83,98,95,91,84,96,77,71,72,66,72,74,74,79,71,91,79,96,81,93,96,95,97
[ 6326.263740] [AOA] Measurement: 0,1627165068.101823,08:55:31:9b:0a:1d,2,1,2,0,128,514,131,91,857,231,826,1008,186,248,979,244,927,981,481,0,297,746,535,883,314,603,173,743,60,208,339,108,301,733,263,213,862,90,66,65,78,80,82,81,82,86,82,95,93,88,82,91,75,72,71,67,74,72,73,79,72,86,80,94,84,96,92,98,98
[ 6326.304747] [AOA] Measurement: 0,1627165068.142826,08:55:31:9b:0a:1d,2,1,2,0,128,441,82,111,843,781,1004,439,328,771,148,814,128,462,640,452,89,696,488,943,378,101,411,297,251,234,342,29,238,768,255,110,854,93,67,67,82,85,83,85,83,90,84,98,95,91,85,96,77,72,74,68,74,74,75,81,73,90,79,97,82,95,96,97,98
[ 6326.349206] [AOA] Measurement: 0,1627165068.187285,08:55:31:9b:0a:1d,2,1,2,0,128,970,921,108,889,732,1011,450,345,844,168,838,118,471,635,1018,275,265,677,375,147,78,379,766,64,266,377,37,249,749,233,286,904,90,64,66,79,82,80,82,81,85,81,92,93,88,80,92,76,74,71,67,72,71,75,77,71,90,80,95,84,95,96,99,97
[ 6326.394281] [AOA] Measurement: 0,1627165068.232363,08:55:31:9b:0a:1d,2,1,2,0,128,513,125,100,886,741,1015,475,344,832,165,764,62,982,456,1015,317,191,651,945,340,105,362,739,64,235,359,25,280,787,274,450,98,91,67,68,79,85,80,83,82,90,85,99,96,94,85,99,80,73,75,66,75,75,76,79,72,93,81,97,83,94,99,97,96
[ 6326.438313] [AOA] Measurement: 0,1627165068.276397,08:55:31:9b:0a:1d,2,1,2,0,128,964,960,551,645,257,835,508,384,805,131,769,101,547,686,1001,259,240,697,431,191,143,398,746,53,705,151,488,37,180,1016,689,383,85,63,62,75,77,75,79,78,83,78,88,90,83,78,88,73,74,67,63,69,69,74,76,70,87,78,92,82,93,89,95,93
[ 6326.483673] [AOA] Measurement: 0,1627165068.321759,08:55:31:9b:0a:1d,2,1,2,0,128,970,970,82,827,722,988,486,334,799,133,249,909,1022,492,440,39,810,535,329,148,555,171,802,77,695,158,568,79,214,36,1019,622,92,67,67,81,84,81,85,82,89,82,97,92,91,84,95,77,72,72,67,72,74,75,81,72,93,80,96,83,96,95,97,98
[ 6326.526696] [AOA] Measurement: 0,1627165068.364781,08:55:31:9b:0a:1d,2,1,2,0,128,540,155,71,865,763,6,522,408,821,176,768,56,542,675,17,254,263,683,915,319,69,369,301,260,216,345,89,288,751,276,625,267,92,65,68,81,85,83,84,83,88,82,99,95,93,83,95,78,71,73,67,74,73,75,78,70,90,79,96,82,93,96,95,97
[ 6326.570210] [AOA] Measurement: 0,1627165068.408293,08:55:31:9b:0a:1d,2,1,2,0,128,444,57,83,849,754,1003,486,394,817,169,778,78,492,666,983,279,253,675,346,168,621,220,300,264,246,389,47,294,734,232,584,196,89,65,65,79,80,80,80,79,84,81,94,94,85,83,92,76,73,68,66,71,71,75,78,71,91,80,95,84,97,94,99,100
[ 6326.608342] [AOA] Measurement: 0,1627165068.446425,08:55:31:9b:0a:1d,2,1,2,0,128,945,911,94,876,714,981,567,409,746,139,813,126,518,641,5,269,215,677,940,313,88,368,256,198,213,319,104,286,746,210,625,248,91,66,66,80,82,81,83,82,87,83,95,95,88,83,92,76,74,72,67,73,73,77,79,72,89,80,94,82,95,93,100,97
[ 6326.651892] [AOA] Measurement: 0,1627165068.489974,08:55:31:9b:0a:1d,2,1,2,0,128,985,946,69,881,744,1010,518,411,788,148,841,124,497,651,1009,265,253,692,976,391,172,449,256,211,267,362,33,288,755,246,688,306,89,65,66,81,81,81,84,83,86,82,96,95,89,84,93,77,72,72,65,74,72,75,80,70,91,78,96,83,97,97,95,98
[ 6326.692186] [AOA] Measurement: 0,1627165068.530265,08:55:31:9b:0a:1d,2,1,2,0,128,530,127,96,834,741,979,992,208,800,168,718,82,519,659,976,269,277,713,895,327,152,447,319,287,243,330,1022,234,790,285,513,143,91,65,65,82,82,80,84,82,87,83,95,95,91,85,96,78,74,73,67,74,74,75,79,73,90,81,96,83,96,96,98,99
[ 6326.742293] [AOA] Measurement: 0,1627165068.580372,08:55:31:9b:0a:1d,2,1,2,0,128,484,131,111,881,753,989,523,373,265,1005,761,95,480,658,525,92,202,690,925,350,71,391,293,236,241,335,37,256,701,243,426,65,92,67,69,82,87,82,88,86,90,85,99,96,95,85,96,78,72,76,68,76,75,75,80,72,91,78,98,81,93,95,95,98
[ 6326.787381] [AOA] Measurement: 0,1627165068.625464,08:55:31:9b:0a:1d,2,1,2,0,128,437,79,536,629,236,811,975,198,171,922,320,961,492,651,6,266,251,687,913,355,116,394,289,236,226,355,53,292,738,201,145,820,91,68,68,81,86,83,85,84,90,83,97,95,92,85,96,79,75,74,68,76,74,75,79,73,92,82,97,83,95,97,98,98
[ 6326.831362] [AOA] Measurement: 0,1627165068.669440,08:55:31:9b:0a:1d,2,1,2,0,128,965,959,586,666,747,997,510,377,195,952,291,931,987,469,485,110,254,683,903,302,126,392,259,214,646,95,495,42,174,29,787,443,93,67,67,81,86,82,86,83,91,84,99,96,94,86,97,78,71,75,68,73,74,74,80,71,90,78,97,82,94,97,95,98
[ 6326.874242] [AOA] Measurement: 0,1627165068.712326,08:55:31:9b:0a:1d,2,1,2,0,128,537,101,114,856,750,1007,515,357,219,956,221,919,503,619,467,72,676,469,407,178,600,193,799,73,162,293,509,47,159,1021,571,343,93,67,70,82,85,82,86,84,91,84,101,95,91,84,95,79,70,74,67,75,77,75,80,72,90,79,98,83,94,97,95,98
[ 6326.917723] [AOA] Measurement: 0,1627165068.755806,08:55:31:9b:0a:1d,2,1,2,0,128,514,130,7,845,753,964,936,152,244,955,793,84,545,689,1020,276,240,677,912,334,159,434,309,241,259,373,77,267,700,181,335,998,92,67,69,81,86,82,87,84,89,84,100,96,92,86,96,77,72,73,68,75,74,76,80,73,92,80,97,81,97,98,96,96
[ 6326.960913] [AOA] Measurement: 0,1627165068.798999,08:55:31:9b:0a:1d,2,1,2,0,128,489,107,93,856,721,978,980,214,282,1012,723,27,955,432,455,92,739,527,998,392,173,430,291,247,253,379,43,260,707,210,54,702,93,67,68,81,83,81,87,84,88,83,95,96,91,86,96,79,75,73,69,74,75,76,80,74,91,79,96,84,96,94,101,98
[ 6326.999678] [AOA] Measurement: 0,1627165068.837757,08:55:31:9b:0a:1d,2,1,2,0,128,512,125,520,656,201,806,992,181,763,141,802,121,503,664,1007,275,262,732,970,390,601,216,352,247,231,358,79,290,775,270,12,711,92,65,68,81,84,81,85,82,90,83,98,95,93,84,97,77,71,74,68,75,74,77,79,72,92,80,97,81,93,97,96,96
[ 6327.044933] [AOA] Measurement: 0,1627165068.883013,08:55:31:9b:0a:1d,2,1,2,0,128,962,914,554,660,182,810,993,193,265,970,729,52,969,488,433,47,679,418,404,149,509,128,723,29,755,162,574,82,727,233,312,960,91,67,68,82,84,83,85,84,87,84,96,95,92,85,97,78,72,73,67,76,75,76,81,72,92,81,97,84,98,98,96,98
[ 6327.094910] [AOA] Measurement: 0,1627165068.932990,08:55:31:9b:0a:1d,2,1,2,0,128,490,107,109,869,174,816,919,156,218,950,227,878,1001,463,50,259,716,523,357,141,566,200,321,242,682,134,64,252,700,222,120,729,94,68,69,81,85,82,87,85,90,82,100,96,91,85,96,78,71,74,68,74,72,74,80,72,90,80,98,81,95,96,94,96
[ 6327.139331] [AOA] Measurement: 0,1627165068.977410,08:55:31:9b:0a:1d,2,1,2,0,128,910,889,83,860,161,824,500,419,828,167,771,38,557,686,15,279,274,694,1001,385,100,378,300,242,187,305,497,58,813,281,472,11,89,65,64,79,80,80,82,81,87,81,95,92,87,81,92,77,74,72,67,73,72,74,79,71,90,81,95,82,97,94,99,98
[ 6327.184535] [AOA] Measurement: 0,1627165069.022616,08:55:31:9b:0a:1d,2,1,2,0,128,453,68,572,679,187,820,554,404,786,154,808,107,541,657,12,279,224,698,954,395,129,401,778,46,247,322,68,298,769,244,761,353,90,67,66,80,81,80,82,81,87,83,96,95,90,82,92,77,73,71,67,73,72,76,80,71,91,80,95,83,96,97,98,97
[ 6327.232100] [AOA] Measurement: 0,1627165069.070186,08:55:31:9b:0a:1d,2,1,2,0,128,462,110,97,886,759,1013,473,359,730,110,818,92,482,659,976,207,666,489,426,194,555,193,779,71,257,408,72,279,133,5,795,485,92,68,67,82,84,83,84,84,89,83,97,95,90,82,94,78,74,73,67,73,73,75,78,71,91,78,97,82,96,94,96,96
[ 6327.271243] [AOA] Measurement: 0,1627165069.109321,08:55:31:9b:0a:1d,2,1,2,0,128,551,152,28,827,767,991,497,382,770,137,759,69,503,659,990,260,300,722,408,163,139,409,343,313,269,375,84,286,717,229,894,484,92,66,66,80,83,81,85,81,88,83,98,96,91,84,94,77,73,72,66,73,74,75,80,72,90,81,96,83,96,96,98,96
[ 6327.318599] [AOA] Measurement: 0,1627165069.156683,08:55:31:9b:0a:1d,2,1,2,0,128,542,124,77,851,730,1008,951,194,767,142,810,128,535,653,40,281,221,672,955,376,109,410,310,224,248,364,32,262,789,303,876,482,92,67,68,81,85,80,85,84,91,84,99,95,93,84,97,77,70,73,67,72,73,74,76,69,88,78,95,81,94,98,94,97
[ 6327.363018] [AOA] Measurement: 0,1627165069.201104,08:55:31:9b:0a:1d,2,1,2,0,128,480,74,60,855,158,814,975,180,259,973,804,83,508,634,461,77,701,497,947,348,95,383,302,230,190,301,20,263,205,60,962,660,91,65,67,82,83,83,85,82,89,83,98,97,90,84,94,78,74,75,67,73,75,76,81,71,90,78,95,82,96,95,97,98
[ 6327.407070] [AOA] Measurement: 0,1627165069.245154,08:55:31:9b:0a:1d,2,1,2,0,128,541,105,76,831,742,1003,434,319,245,964,270,950,499,645,470,71,212,650,943,348,120,409,262,251,210,344,47,282,726,238,528,108,92,67,65,81,82,82,83,83,89,85,98,95,91,86,97,77,72,75,68,76,73,76,79,73,91,80,97,82,95,96,97,96
[ 6327.454559] [AOA] Measurement: 0,1627165069.292638,08:55:31:9b:0a:1d,2,1,2,0,128,493,115,51,832,740,985,489,364,785,176,773,85,509,683,995,239,189,652,930,349,49,356,301,211,216,357,50,251,708,221,362,1006,92,66,68,81,82,79,84,81,87,82,96,95,90,84,95,76,73,72,66,74,73,76,81,72,92,80,98,83,97,96,97,96
[ 6327.504959] [AOA] Measurement: 0,1627165069.343039,08:55:31:9b:0a:1d,2,1,2,0,128,522,97,576,662,183,798,1005,240,742,97,251,933,957,479,474,47,263,677,364,153,589,189,769,30,726,101,520,64,741,244,90,706,96,68,69,80,88,82,87,85,91,84,99,96,93,84,96,78,71,75,67,74,77,74,80,72,91,79,98,82,94,96,96,96
[ 6327.545559] [AOA] Measurement: 0,1627165069.383644,08:55:31:9b:0a:1d,2,1,2,0,128,994,938,112,851,729,994,960,191,239,975,778,56,978,475,971,238,725,514,403,142,592,216,742,24,215,338,513,82,779,231,666,359,86,64,62,79,78,80,82,78,85,78,93,94,86,80,94,77,73,71,67,73,75,75,81,72,92,80,97,84,96,94,99,97
[ 6327.589003] [AOA] Measurement: 0,1627165069.427088,08:55:31:9b:0a:1d,2,1,2,0,128,486,103,123,859,769,1022,523,385,813,151,832,147,519,670,42,279,217,654,931,353,159,423,297,241,147,294,79,284,805,247,642,299,92,66,68,81,83,82,86,83,88,83,98,96,92,85,95,77,69,72,66,73,76,75,79,71,92,78,98,83,96,96,95,98
[ 6327.634815] [AOA] Measurement: 0,1627165069.472894,08:55:31:9b:0a:1d,2,1,2,0,128,513,108,107,879,695,998,481,347,748,98,787,86,537,679,480,103,210,656,384,164,68,377,321,234,219,366,77,291,749,226,683,342,91,65,67,81,84,82,84,82,90,83,96,97,90,85,96,79,75,75,66,73,74,78,81,74,92,80,97,83,94,97,95,99
[ 6327.680588] [AOA] Measurement: 0,1627165069.518670,08:55:31:9b:0a:1d,2,1,2,0,128,506,125,70,835,736,998,922,143,214,985,246,925,972,455,466,70,258,669,373,163,77,366,283,245,256,344,39,241,764,254,383,962,91,67,66,80,82,82,83,81,87,81,96,93,88,81,93,76,73,72,66,73,74,74,79,71,89,82,96,82,96,97,99,96
[ 6327.718876] [AOA] Measurement: 0,1627165069.556962,08:55:31:9b:0a:1d,2,1,2,0,128,518,128,74,845,706,955,444,395,799,151,769,63,496,681,6,294,226,695,908,353,93,402,305,260,217,333,72,313,729,265,639,249,92,66,68,80,85,82,87,86,89,83,99,97,93,84,97,78,75,74,66,75,76,76,81,73,92,80,98,84,96,96,96,99
[ 6327.762465] [AOA] Measurement: 0,1627165069.600550,08:55:31:9b:0a:1d,2,1,2,0,128,1005,984,552,653,205,796,10,171,773,123,206,879,968,426,500,89,682,497,381,142,578,203,769,44,676,132,584,89,182,20,38,743,91,68,67,82,86,83,87,84,90,85,98,96,92,87,94,80,75,74,68,75,74,75,80,72,91,80,96,83,95,98,96,96
[ 6327.807604] [AOA] Measurement: 0,1627165069.645684,08:55:31:9b:0a:1d,2,1,2,0,128,941,891,580,701,751,1005,503,394,802,131,819,92,531,636,999,232,221,694,894,368,137,413,337,278,262,354,24,249,145,21,152,895,92,67,66,82,84,80,86,84,90,83,98,98,90,85,94,79,72,73,66,74,74,75,81,72,91,82,98,84,97,96,96,96
[ 6327.851865] [AOA] Measurement: 0,1627165069.689951,08:55:31:9b:0a:1d,2,1,2,0,128,453,73,89,864,759,9,448,371,773,135,793,103,543,672,11,292,278,699,902,336,118,413,307,234,220,353,105,310,750,257,665,274,90,66,66,82,82,81,84,82,88,84,97,96,91,84,95,78,74,72,69,73,75,77,82,73,92,81,98,84,95,96,98,98
[ 6327.895637] [AOA] Measurement: 0,1627165069.733721,08:55:31:9b:0a:1d,2,1,2,0,128,932,890,620,712,227,805,927,168,239,972,214,918,988,489,10,316,187,687,372,134,616,197,252,164,685,164,32,252,722,215,191,964,92,66,68,80,85,83,86,83,90,84,99,94,91,83,96,78,72,72,67,74,75,76,80,73,92,81,97,84,95,96,96,98
[ 6327.934130] [AOA] Measurement: 0,1627165069.772213,08:55:31:9b:0a:1d,2,1,2,0,128,555,153,73,864,739,1001,488,353,813,137,780,95,559,671,996,237,269,702,954,354,96,419,316,271,248,370,561,99,754,236,110,768,93,66,68,82,86,84,85,84,89,84,100,97,94,86,97,78,72,74,68,74,73,73,79,67,91,80,97,84,95,97,95,98
[ 6327.976420] [AOA] Measurement: 0,1627165069.814499,08:55:31:9b:0a:1d,2,1,2,0,128,440,87,93,852,743,994,968,215,799,138,787,55,498,606,463,81,749,515,979,403,132,388,289,230,186,307,37,240,156,41,201,859,90,65,67,81,84,81,86,83,90,83,96,93,90,85,95,75,71,73,67,73,73,74,81,70,89,79,96,83,94,98,95,96
[ 6328.020123] [AOA] Measurement: 0,1627165069.858202,08:55:31:9b:0a:1d,2,1,2,0,128,484,111,107,827,724,978,523,407,791,138,801,108,513,661,10,298,308,718,917,360,168,415,344,277,270,405,121,328,767,230,216,684,91,67,68,82,84,81,85,83,89,83,97,95,90,84,95,77,74,70,67,75,74,74,80,71,90,81,97,83,96,96,97,98
[ 6328.069054] [AOA] Measurement: 0,1627165069.907137,08:55:31:9b:0a:1d,2,1,2,0,128,482,106,130,895,729,1003,472,378,856,169,812,96,485,649,16,265,243,690,952,410,96,384,293,220,214,358,49,279,726,203,943,512,93,66,68,82,88,83,87,86,92,83,100,96,94,85,97,78,71,73,67,74,74,74,79,72,91,79,97,80,94,96,95,97
[ 6328.115729] [AOA] Measurement: 0,1627165069.953808,08:55:31:9b:0a:1d,2,1,2,0,128,492,100,115,899,734,985,565,419,771,127,827,125,533,677,1012,265,277,706,922,386,89,394,285,219,239,367,56,279,740,217,163,739,90,66,66,80,81,81,85,83,89,83,97,96,91,84,94,78,74,73,68,74,74,77,79,72,91,81,97,83,96,95,100,99
[ 6328.156769] [AOA] Measurement: 0,1627165069.994853,08:55:31:9b:0a:1d,2,1,2,0,128,432,39,585,676,818,34,475,346,752,137,823,106,538,695,969,207,295,721,976,403,89,379,289,233,245,358,44,260,758,215,64,727,92,66,66,77,82,80,81,81,86,83,95,94,88,82,93,77,73,70,66,73,71,73,78,72,88,79,95,83,96,95,97,95
[ 6328.202889] [AOA] Measurement: 0,1627165070.040968,08:55:31:9b:0a:1d,2,1,2,0,128,512,129,7,829,720,952,968,203,790,100,793,117,464,633,459,103,702,479,393,131,599,211,800,61,743,155,49,268,717,233,714,379,94,68,69,83,85,84,86,84,91,85,99,96,91,85,95,78,72,75,69,74,75,76,79,72,91,80,97,82,93,97,95,95
[ 6328.247878] [AOA] Measurement: 0,1627165070.085964,08:55:31:9b:0a:1d,2,1,2,0,128,491,124,73,846,814,1023,456,323,817,154,785,66,512,644,455,70,734,521,391,185,638,250,284,238,227,333,477,79,758,231,55,762,90,67,66,81,83,82,85,83,88,84,96,96,88,83,93,76,76,72,67,72,73,75,77,71,90,80,94,83,94,94,97,95
[ 6328.292586] [AOA] Measurement: 0,1627165070.130667,08:55:31:9b:0a:1d,2,1,2,0,128,994,947,581,688,718,962,983,230,216,959,210,919,521,670,948,262,270,701,948,363,101,381,327,246,191,347,50,288,732,231,183,886,91,66,67,82,83,82,86,83,88,84,97,97,91,85,97,78,73,74,66,74,74,76,79,71,91,80,97,82,95,96,96,95
[ 6328.342916] [AOA] Measurement: 0,1627165070.180995,08:55:31:9b:0a:1d,2,1,2,0,128,540,173,25,818,755,1013,511,411,799,154,760,87,534,715,1013,262,267,709,951,355,607,225,321,244,206,345,65,300,786,261,453,66,89,65,64,82,85,83,85,84,89,83,100,94,93,83,95,78,71,74,66,72,75,75,78,72,89,79,96,82,94,95,94,95
[ 6328.397893] [AOA] Measurement: 0,1627165070.235977,08:55:31:9b:0a:1d,2,1,2,0,128,983,937,111,868,748,1001,956,192,817,166,790,52,568,679,985,235,179,649,957,350,611,213,303,230,257,344,69,263,739,221,671,364,91,65,66,81,84,80,84,81,88,82,96,96,90,84,94,76,72,73,68,73,74,75,82,73,91,79,97,84,95,97,99,97
[ 6328.442190] [AOA] Measurement: 0,1627165070.280269,08:55:31:9b:0a:1d,2,1,2,0,128,514,104,560,646,203,840,969,211,787,116,774,51,4,485,422,48,270,694,975,389,123,407,285,206,207,338,52,241,742,226,198,899,92,66,67,82,82,83,82,82,88,82,97,92,88,84,94,76,72,74,67,74,73,75,78,70,90,79,95,79,93,94,96,98
[ 6328.492355] [AOA] Measurement: 0,1627165070.330435,08:55:31:9b:0a:1d,2,1,2,0,128,500,101,16,828,778,22,958,180,818,128,797,115,515,657,1021,273,181,673,989,390,88,380,317,230,223,355,104,286,738,244,776,380,94,68,68,81,86,81,87,83,90,82,101,96,95,85,97,79,70,73,68,72,75,76,80,71,91,78,98,81,95,96,94,94
[ 6328.537927] [AOA] Measurement: 0,1627165070.376013,08:55:31:9b:0a:1d,2,1,2,0,128,1000,956,116,898,713,1003,994,186,225,946,232,885,999,477,436,53,730,474,381,146,619,197,755,51,690,151,83,300,753,212,469,93,90,66,66,81,84,81,85,83,91,84,99,94,93,84,97,77,70,74,66,74,75,73,79,69,90,78,95,81,94,97,94,95
[ 6328.582803] [AOA] Measurement: 0,1627165070.420887,08:55:31:9b:0a:1d,2,1,2,0,128,553,108,71,861,170,788,961,164,203,947,205,883,1014,455,455,65,699,465,357,149,520,138,770,50,729,137,543,58,767,223,31,655,90,66,67,82,84,82,85,82,90,85,97,95,92,84,95,77,74,73,66,75,74,76,79,72,90,81,97,82,96,97,97,99
[ 6328.626800] [AOA] Measurement: 0,1627165070.464886,08:55:31:9b:0a:1d,2,1,2,0,128,997,938,88,848,699,990,476,347,262,966,231,916,972,450,514,101,253,686,407,137,148,387,769,73,208,315,73,302,721,203,972,637,86,64,64,78,78,78,81,80,85,78,91,92,85,81,90,74,72,66,64,68,68,72,74,70,87,78,92,83,95,89,93,93
[ 6328.670807] [AOA] Measurement: 0,1627165070.508891,08:55:31:9b:0a:1d,2,1,2,0,128,919,925,604,670,188,779,1015,210,775,135,803,83,543,697,20,277,217,695,953,385,106,401,760,29,267,362,69,287,129,1023,801,547,94,66,69,82,87,82,85,83,92,84,100,95,93,85,97,77,72,74,67,74,75,75,79,70,92,79,98,81,94,99,96,97
[ 6328.710732] [AOA] Measurement: 0,1627165070.548811,08:55:31:9b:0a:1d,2,1,2,0,128,496,135,78,870,757,1016,500,398,829,211,797,101,538,694,1023,277,268,673,892,358,133,391,324,249,285,379,69,263,785,270,811,349,93,66,69,81,84,82,84,84,89,83,98,94,92,85,96,76,73,75,68,73,75,74,79,71,89,77,95,81,92,95,94,95
[ 6328.763438] [AOA] Measurement: 0,1627165070.601518,08:55:31:9b:0a:1d,2,1,2,0,128,546,162,129,894,766,1005,550,409,800,159,797,78,551,678,1014,268,220,701,933,356,90,363,325,259,187,321,79,305,775,286,572,115,92,66,67,80,83,81,86,83,90,84,98,95,89,83,94,77,73,72,67,73,74,76,80,74,91,81,97,83,94,96,98,96
[ 6328.811377] [AOA] Measurement: 0,1627165070.649454,08:55:31:9b:0a:1d,2,1,2,0,128,551,154,56,857,679,962,531,364,826,144,858,113,543,673,22,311,313,736,961,385,163,440,356,256,261,351,77,289,798,300,855,381,93,68,69,82,87,83,86,82,90,84,100,94,92,83,96,78,71,76,67,74,75,74,80,70,90,80,97,80,93,97,95,96
[ 6328.855206] [AOA] Measurement: 0,1627165070.693285,08:55:31:9b:0a:1d,2,1,2,0,128,476,97,558,655,220,831,949,151,774,134,200,875,990,485,989,244,279,703,955,362,33,340,293,253,225,352,38,269,743,240,726,406,89,64,65,81,81,78,85,82,89,83,98,96,92,85,95,76,74,70,66,72,74,75,79,72,91,80,96,81,95,94,97,97
[ 6328.905547] [AOA] Measurement: 0,1627165070.743627,08:55:31:9b:0a:1d,2,1,2,0,128,926,899,96,881,712,951,992,178,816,145,739,69,1018,503,1006,278,238,694,917,331,115,376,326,276,225,353,88,266,738,237,240,940,92,66,69,81,84,80,86,83,89,83,98,95,92,83,94,77,72,74,68,73,74,76,80,71,90,77,98,82,95,96,96,96
[ 6328.951575] [AOA] Measurement: 0,1627165070.789661,08:55:31:9b:0a:1d,2,1,2,0,128,428,37,112,856,720,957,507,383,777,132,813,94,485,641,426,58,698,444,380,166,602,196,309,257,187,319,39,272,657,184,886,559,90,66,67,81,83,80,86,82,89,81,97,95,88,83,92,77,73,70,65,71,72,75,80,73,91,81,97,83,95,94,98,96
[ 6328.996454] [AOA] Measurement: 0,1627165070.834539,08:55:31:9b:0a:1d,2,1,2,0,128,531,111,94,863,779,977,459,387,807,136,790,69,541,658,66,276,200,673,964,351,90,376,768,41,249,371,89,307,787,279,809,348,93,65,69,82,86,82,85,82,89,82,101,92,93,84,97,78,67,74,66,73,73,71,78,67,89,74,93,76,89,96,90,92
[ 6329.040146] [AOA] Measurement: 0,1627165070.878226,08:55:31:9b:0a:1d,2,1,2,0,128,489,97,81,832,109,767,991,202,272,976,850,133,522,674,20,259,246,663,976,374,90,385,296,256,696,137,528,81,179,33,678,360,91,67,67,81,84,82,87,85,90,84,98,96,91,83,94,77,74,71,68,74,75,75,79,73,90,82,97,85,94,95,99,98
[ 6329.082456] [AOA] Measurement: 0,1627165070.920541,08:55:31:9b:0a:1d,2,1,2,0,128,464,99,93,849,753,1005,938,179,236,970,221,930,999,484,470,68,660,467,416,171,575,192,787,38,233,355,91,298,723,197,140,776,90,67,67,81,83,81,83,83,86,84,95,95,91,87,96,79,72,72,66,72,72,74,79,70,91,80,97,84,96,95,96,96
[ 6329.126433] [AOA] Measurement: 0,1627165070.964519,08:55:31:9b:0a:1d,2,1,2,0,128,506,109,3,808,185,814,917,111,263,973,185,875,957,464,989,264,202,710,402,191,110,359,308,230,723,160,82,258,174,26,195,920,93,68,68,83,85,82,85,81,88,82,101,95,94,85,94,78,70,73,66,73,73,72,80,70,90,78,96,80,93,96,96,95
[ 6329.170362] [AOA] Measurement: 0,1627165071.008447,08:55:31:9b:0a:1d,2,1,2,0,128,547,147,94,877,729,963,508,399,796,154,771,64,537,690,1022,288,212,655,463,193,126,402,317,280,232,364,65,280,741,236,108,714,92,66,68,81,86,82,86,82,89,83,98,95,92,87,97,78,72,74,68,75,75,77,80,72,92,80,97,83,96,98,97,98
[ 6329.209108] [AOA] Measurement: 0,1627165071.047194,08:55:31:9b:0a:1d,2,1,2,0,128,998,939,612,714,783,1000,524,425,829,143,797,72,509,642,15,258,709,472,418,179,559,154,284,244,670,138,553,76,743,220,278,994,88,65,64,80,81,80,84,82,85,81,94,93,87,82,93,75,73,69,65,71,72,74,76,71,89,79,94,84,94,91,95,93
[ 6329.247845] [AOA] Measurement: 0,1627165071.085931,08:55:31:9b:0a:1d,2,1,2,0,128,961,909,534,655,192,788,989,177,249,958,249,909,521,661,474,93,652,451,369,122,601,208,299,228,672,160,39,278,750,222,377,103,91,65,68,81,86,83,87,83,88,82,99,95,93,83,96,77,69,74,67,75,74,74,77,70,89,79,97,80,95,95,95,95
[ 6329.291368] [AOA] Measurement: 0,1627165071.129452,08:55:31:9b:0a:1d,2,1,2,0,128,997,961,99,852,765,1003,517,411,179,930,245,934,1015,465,37,279,236,697,389,181,111,367,315,257,224,379,87,298,772,217,647,336,91,66,65,80,80,79,84,80,86,80,95,93,88,84,94,78,75,71,66,72,74,76,77,72,91,80,97,83,97,95,98,98
[ 6329.329933] [AOA] Measurement: 0,1627165071.168017,08:55:31:9b:0a:1d,2,1,2,0,128,476,77,548,672,228,842,479,368,749,108,807,66,518,650,1014,266,303,725,917,370,126,395,275,226,234,324,45,280,778,276,713,243,94,65,70,82,88,84,88,86,90,83,100,94,93,84,96,79,73,75,67,72,74,75,79,72,90,77,97,81,96,97,95,97
[ 6329.368692] [AOA] Measurement: 0,1627165071.206772,08:55:31:9b:0a:1d,2,1,2,0,128,982,946,507,642,201,800,519,367,246,977,767,69,1015,525,432,71,730,484,386,148,586,149,740,8,676,145,549,112,745,231,652,323,92,66,66,79,83,81,85,84,90,84,97,95,91,85,96,77,72,72,67,74,73,75,81,73,93,80,96,84,95,95,99,98
[ 6329.412006] [AOA] Measurement: 0,1627165071.250089,08:55:31:9b:0a:1d,2,1,2,0,128,514,91,100,889,750,1005,469,402,740,101,252,917,31,518,1003,286,255,682,951,351,126,378,712,25,722,187,54,279,781,265,518,228,95,67,69,80,87,82,86,85,92,82,101,93,94,85,95,77,66,75,66,72,73,71,73,67,87,74,91,74,87,92,87,89
[ 6329.451644] [AOA] Measurement: 0,1627165071.289728,08:55:31:9b:0a:1d,2,1,2,0,128,1002,967,116,861,176,792,998,195,223,962,269,924,529,680,472,56,233,657,920,295,94,343,835,97,162,298,43,268,749,213,643,302,91,66,68,81,84,83,85,85,88,83,98,96,92,86,95,77,72,73,66,72,73,76,79,71,91,80,97,83,95,97,98,98
[ 6329.490389] [AOA] Measurement: 0,1627165071.328473,08:55:31:9b:0a:1d,2,1,2,0,128,486,117,106,871,145,816,509,380,803,145,799,75,505,646,502,73,244,664,947,362,130,393,343,286,234,343,101,286,719,216,790,472,89,65,65,80,80,81,84,82,87,81,93,94,87,82,94,77,72,70,66,72,72,73,77,72,88,79,95,82,96,93,96,98
[ 6329.534353] [AOA] Measurement: 0,1627165071.372438,08:55:31:9b:0a:1d,2,1,2,0,128,517,117,94,851,754,997,968,193,817,176,806,141,502,650,988,279,250,686,999,418,106,394,335,296,265,388,55,255,782,237,289,945,93,67,69,83,86,83,86,86,90,84,99,95,94,86,97,79,76,76,67,75,74,76,80,71,91,82,97,83,97,96,97,97
[ 6329.578736] [AOA] Measurement: 0,1627165071.416815,08:55:31:9b:0a:1d,2,1,2,0,128,489,111,96,868,732,986,453,335,778,152,780,97,491,673,0,270,267,690,985,376,99,390,352,268,230,362,33,294,775,256,1018,665,93,66,70,81,85,83,86,85,90,84,98,96,90,85,96,79,71,73,66,75,74,73,79,71,88,77,96,81,94,97,95,95
[ 6329.621844] [AOA] Measurement: 0,1627165071.459925,08:55:31:9b:0a:1d,2,1,2,0,128,539,131,61,851,733,988,986,201,234,966,190,903,525,657,23,272,264,706,928,343,130,434,278,233,230,350,32,248,175,32,915,647,91,67,67,81,83,82,84,83,89,82,97,94,90,84,94,78,71,74,67,75,73,74,80,71,91,80,98,84,96,98,96,97
[ 6329.672831] [AOA] Measurement: 0,1627165071.510911,08:55:31:9b:0a:1d,2,1,2,0,128,1005,950,525,622,214,792,980,170,255,1006,267,930,531,662,1005,263,220,691,407,190,73,376,763,29,234,358,80,325,683,170,462,158,91,67,66,81,81,83,84,80,88,81,94,94,90,83,92,77,74,71,66,72,72,76,81,73,90,80,96,83,96,95,98,97
[ 6329.727903] [AOA] Measurement: 0,1627165071.565987,08:55:31:9b:0a:1d,2,1,2,0,128,959,955,119,881,793,8,524,393,778,144,787,123,474,631,14,269,211,661,949,402,46,364,269,265,231,372,96,286,747,246,234,925,93,66,68,81,86,83,87,84,92,84,100,96,94,86,97,79,71,73,67,72,74,75,79,71,90,77,95,81,94,97,95,95
[ 6329.772551] [AOA] Measurement: 0,1627165071.610631,08:55:31:9b:0a:1d,2,1,2,0,128,453,59,52,839,186,818,928,153,279,1001,770,89,499,658,458,79,193,641,962,386,101,374,805,50,223,335,21,263,706,184,759,424,92,65,69,81,86,82,87,84,91,85,101,96,94,84,95,78,69,74,64,72,74,72,77,69,88,75,94,79,91,97,92,94
[ 6329.821352] [AOA] Measurement: 0,1627165071.659436,08:55:31:9b:0a:1d,2,1,2,0,128,1021,983,568,661,174,781,976,147,198,904,317,953,1005,450,478,95,205,637,369,162,69,321,805,63,216,333,539,115,747,260,1006,660,91,66,68,81,84,82,85,84,89,83,96,95,91,84,95,77,72,74,66,74,74,76,79,72,91,80,97,83,96,96,97,97
[ 6329.861430] [AOA] Measurement: 0,1627165071.699509,08:55:31:9b:0a:1d,2,1,2,0,128,558,139,56,830,770,1013,458,377,752,108,792,100,474,653,15,271,228,694,947,311,104,365,281,234,218,296,530,65,215,81,232,931,94,68,68,80,85,81,88,85,92,84,101,94,94,84,95,76,67,73,66,73,74,73,77,69,87,76,93,77,91,95,88,94
[ 6329.912146] [AOA] Measurement: 0,1627165071.750229,08:55:31:9b:0a:1d,2,1,2,0,128,528,157,53,829,827,998,597,435,779,128,809,105,554,692,10,287,184,671,991,400,95,369,313,258,205,341,538,94,746,229,943,596,92,65,66,82,84,81,84,81,90,83,95,94,91,84,93,77,75,70,67,72,74,76,80,72,89,81,96,83,97,96,96,98
[ 6329.957428] [AOA] Measurement: 0,1627165071.795511,08:55:31:9b:0a:1d,2,1,2,0,128,488,107,164,891,742,964,1010,194,796,136,827,110,509,653,999,267,180,656,934,372,116,365,275,233,208,361,72,282,757,258,766,334,92,68,70,82,85,81,86,85,88,83,98,95,92,86,96,78,73,73,66,73,74,76,79,71,91,80,96,80,96,97,97,96
[ 6330.002120] [AOA] Measurement: 0,1627165071.840201,08:55:31:9b:0a:1d,2,1,2,0,128,478,106,67,840,694,950,478,398,752,125,829,126,528,672,42,332,226,658,975,407,156,464,290,278,273,376,76,321,756,253,14,601,96,66,69,83,87,83,87,83,92,83,101,94,95,87,96,79,71,73,68,75,76,75,79,72,91,79,98,82,95,98,95,97
[ 6330.051821] [AOA] Measurement: 0,1627165071.889905,08:55:31:9b:0a:1d,2,1,2,0,128,485,107,89,852,763,1005,493,352,813,171,782,97,536,706,1004,269,246,666,998,421,154,430,320,243,233,356,20,281,739,248,545,194,91,68,67,82,84,82,86,84,89,82,99,96,91,85,94,79,72,73,68,73,74,75,80,70,91,80,95,82,94,97,95,98
[ 6330.090671] [AOA] Measurement: 0,1627165071.928756,08:55:31:9b:0a:1d,2,1,2,0,128,479,89,50,856,193,825,976,185,253,961,235,904,511,670,12,282,203,664,366,119,598,184,795,45,708,157,528,64,145,1022,571,240,82,60,60,73,74,74,79,76,80,75,89,88,80,76,84,70,69,65,61,67,68,70,73,67,83,75,89,78,90,87,91,92
[ 6330.129828] [AOA] Measurement: 0,1627165071.967908,08:55:31:9b:0a:1d,2,1,2,0,128,500,88,99,865,182,796,994,202,783,134,799,67,518,670,1009,272,209,653,950,346,117,367,228,231,204,339,62,268,774,263,761,369,92,66,67,82,83,80,86,83,88,83,99,97,92,85,95,79,73,73,68,75,74,76,79,72,91,81,96,82,96,97,96,97
[ 6330.173519] [AOA] Measurement: 0,1627165072.011598,08:55:31:9b:0a:1d,2,1,2,0,128,525,127,45,818,750,1011,925,161,273,963,218,910,986,453,16,296,221,667,950,370,138,389,275,228,200,348,48,280,736,236,77,836,95,68,70,83,89,82,86,84,89,84,101,96,92,83,97,78,72,72,67,74,75,75,79,72,91,79,98,83,95,96,95,96
[ 6330.223864] [AOA] Measurement: 0,1627165072.061945,08:55:31:9b:0a:1d,2,1,2,0,128,937,974,130,874,748,3,536,396,773,137,820,110,964,458,1006,228,209,650,981,367,104,394,777,49,695,132,61,290,730,233,694,262,94,67,67,83,86,84,87,84,91,84,99,96,93,85,96,79,72,72,66,75,75,76,80,71,92,80,97,83,97,97,97,96
[ 6330.270077] [AOA] Measurement: 0,1627165072.108161,08:55:31:9b:0a:1d,2,1,2,0,128,494,89,43,811,690,969,1002,207,237,957,251,906,988,439,466,52,740,480,383,145,141,390,779,57,693,132,135,332,707,190,416,83,93,67,68,80,85,82,86,85,90,84,98,95,94,84,96,78,72,74,68,76,75,76,79,70,91,79,97,82,93,97,95,97
[ 6330.313968] [AOA] Measurement: 0,1627165072.152053,08:55:31:9b:0a:1d,2,1,2,0,128,496,119,48,849,735,983,500,355,793,133,270,903,982,453,461,73,242,689,351,140,124,375,340,281,178,292,84,260,697,228,906,603,92,66,66,81,82,81,84,84,89,82,97,96,92,84,95,77,74,74,68,73,75,75,80,71,92,80,99,83,98,96,97,99
[ 6330.358972] [AOA] Measurement: 0,1627165072.197052,08:55:31:9b:0a:1d,2,1,2,0,128,477,103,71,809,262,828,930,149,239,981,762,78,508,659,426,38,663,437,379,149,618,219,326,225,697,171,50,251,146,4,680,396,92,67,68,81,86,84,87,85,92,85,100,94,93,86,97,77,71,75,67,74,74,73,81,73,89,77,94,80,93,97,96,96
[ 6330.401614] [AOA] Measurement: 0,1627165072.239700,08:55:31:9b:0a:1d,2,1,2,0,128,1014,948,44,827,775,1002,507,395,750,122,808,112,495,624,445,67,651,455,337,151,132,404,263,222,206,321,74,275,778,249,512,126,91,66,66,81,84,82,84,82,86,83,94,94,90,83,94,76,73,74,67,74,73,75,79,71,89,78,96,81,95,96,96,95
[ 6330.440157] [AOA] Measurement: 0,1627165072.278243,08:55:31:9b:0a:1d,2,1,2,0,128,994,948,110,898,651,972,967,213,758,127,823,88,512,613,999,262,228,676,1000,379,115,420,272,238,204,363,52,240,809,255,579,274,91,66,65,81,83,81,85,84,86,83,98,94,91,84,94,76,72,71,67,73,74,76,78,71,90,79,96,82,94,97,98,96
[ 6330.478915] [AOA] Measurement: 0,1627165072.317001,08:55:31:9b:0a:1d,2,1,2,0,128,516,93,68,840,161,799,955,162,240,1003,778,49,983,425,469,49,748,499,387,146,91,380,312,229,250,338,99,285,687,198,338,53,91,64,67,81,86,83,86,86,90,85,99,95,92,84,94,78,71,74,66,75,75,75,79,72,88,78,98,83,95,96,95,97
[ 6330.527451] [AOA] Measurement: 0,1627165072.365538,08:55:31:9b:0a:1d,2,1,2,0,128,480,85,58,844,796,1003,985,180,235,945,272,941,951,427,465,39,728,481,445,203,560,172,286,225,207,366,54,276,750,261,754,372,93,67,68,83,88,82,85,84,90,84,100,96,93,85,96,76,72,73,66,73,75,74,80,74,91,80,98,82,96,97,96,98
[ 6330.573299] [AOA] Measurement: 0,1627165072.411378,08:55:31:9b:0a:1d,2,1,2,0,128,502,114,35,823,178,821,956,181,820,162,804,108,501,642,1016,295,172,617,446,166,130,375,263,187,686,159,513,73,227,44,680,352,89,65,67,81,83,83,84,83,88,82,99,95,94,83,96,77,70,71,65,73,74,75,79,72,88,79,97,81,94,96,95,96
[ 6330.629091] [AOA] Measurement: 0,1627165072.467170,08:55:31:9b:0a:1d,2,1,2,0,128,486,104,21,842,775,1008,933,178,815,138,237,942,473,606,486,114,712,495,957,346,104,346,769,21,268,339,565,96,174,25,340,60,87,65,64,78,78,80,79,80,83,81,91,93,82,81,88,74,73,68,67,70,70,75,79,71,89,80,95,85,96,91,97,95
[ 6330.674818] [AOA] Measurement: 0,1627165072.512904,08:55:31:9b:0a:1d,2,1,2,0,128,981,896,558,661,798,1018,977,230,239,959,286,940,443,619,8,275,688,481,409,142,576,177,738,11,716,131,548,68,170,7,112,885,93,66,66,81,83,82,85,82,89,82,98,95,91,84,96,76,69,73,67,73,75,76,78,71,90,79,96,81,93,94,94,93
[ 6330.717560] [AOA] Measurement: 0,1627165072.555644,08:55:31:9b:0a:1d,2,1,2,0,128,963,927,559,635,218,835,493,395,260,972,805,93,520,673,3,255,726,485,961,369,38,374,282,227,659,140,521,72,205,49,628,301,89,66,67,80,83,83,84,80,87,82,98,96,92,85,94,75,73,71,68,73,75,74,79,72,91,80,98,85,97,96,98,98
[ 6330.761506] [AOA] Measurement: 0,1627165072.599591,08:55:31:9b:0a:1d,2,1,2,0,128,12,930,51,830,208,824,508,387,770,114,236,928,987,479,454,68,725,484,369,120,109,394,768,30,678,133,486,24,194,34,720,430,93,67,67,82,85,83,86,83,91,83,98,95,90,84,96,77,72,72,65,74,74,76,81,73,93,82,96,84,96,95,97,98
[ 6330.800611] [AOA] Measurement: 0,1627165072.638690,08:55:31:9b:0a:1d,2,1,2,0,128,488,91,535,642,206,811,460,349,219,926,289,975,500,647,984,241,235,648,969,370,88,387,326,275,199,342,104,264,729,226,291,5,86,64,62,78,77,77,79,78,84,79,91,92,82,80,89,75,72,68,65,71,71,74,78,71,87,79,94,82,96,92,97,96
[ 6330.851137] [AOA] Measurement: 0,1627165072.689217,08:55:31:9b:0a:1d,2,1,2,0,128,515,156,33,845,736,995,436,343,822,174,727,72,539,680,20,274,287,740,942,360,106,411,280,215,267,411,94,296,713,224,555,156,90,65,63,79,83,80,82,80,86,83,94,96,86,83,94,76,77,71,67,73,73,76,78,73,89,81,95,84,97,94,98,97
[ 6330.896656] [AOA] Measurement: 0,1627165072.734740,08:55:31:9b:0a:1d,2,1,2,0,128,491,109,137,863,741,1019,474,357,770,109,803,91,480,645,1007,268,276,727,898,316,82,392,789,71,238,343,70,280,795,290,510,172,94,67,67,83,84,83,85,83,88,84,97,96,91,83,94,78,74,75,68,75,73,76,80,73,92,81,98,84,95,95,96,98
[ 6330.939091] [AOA] Measurement: 0,1627165072.777170,08:55:31:9b:0a:1d,2,1,2,0,128,536,132,70,846,745,1014,970,184,751,116,792,112,470,610,438,47,757,498,348,133,152,424,259,203,275,379,8,241,730,215,862,536,89,65,65,80,82,79,85,81,89,82,95,94,88,83,94,76,74,71,67,74,75,77,81,72,91,82,95,83,96,93,98,96
[ 6330.983524] [AOA] Measurement: 0,1627165072.821608,08:55:31:9b:0a:1d,2,1,2,0,128,430,21,136,903,756,1002,460,378,817,167,795,75,536,687,34,268,250,712,944,363,141,416,288,240,247,355,81,296,721,214,138,723,92,66,69,81,87,83,86,84,90,83,97,94,91,84,95,77,73,74,67,73,74,75,81,71,92,80,98,82,95,96,96,98
[ 6331.027335] [AOA] Measurement: 0,1627165072.865420,08:55:31:9b:0a:1d,2,1,2,0,128,442,82,95,826,726,993,1006,186,229,942,228,915,528,659,1015,288,245,686,372,132,643,229,746,26,686,171,99,277,760,227,859,608,93,65,67,82,86,82,85,84,90,84,100,95,93,84,97,78,70,75,66,75,75,73,79,70,90,79,98,81,94,98,94,96
[ 6331.070661] [AOA] Measurement: 0,1627165072.908747,08:55:31:9b:0a:1d,2,1,2,0,128,943,902,563,681,232,834,992,203,774,122,763,64,549,701,976,267,235,659,486,229,106,406,334,270,203,363,65,248,747,238,330,1020,93,66,69,82,86,82,84,84,90,83,98,95,91,84,96,76,72,73,66,74,76,75,77,70,91,79,96,80,93,96,93,96
[ 6331.109134] [AOA] Measurement: 0,1627165072.947219,08:55:31:9b:0a:1d,2,1,2,0,128,508,107,114,853,176,811,500,374,836,134,828,135,494,640,49,303,189,649,946,353,109,403,256,190,234,368,14,259,779,264,295,852,93,67,68,80,84,83,86,84,92,84,99,96,94,85,97,79,70,75,67,72,74,75,79,71,88,77,98,81,91,96,92,94
[ 6331.153914] [AOA] Measurement: 0,1627165072.991994,08:55:31:9b:0a:1d,2,1,2,0,128,535,101,59,836,734,977,457,382,783,141,818,127,520,649,1008,240,278,735,946,350,589,195,284,216,205,336,94,271,768,234,723,289,92,66,65,82,82,81,85,83,89,82,95,95,91,84,96,76,72,73,66,72,72,74,79,72,90,80,94,82,96,95,94,97
[ 6331.208092] [AOA] Measurement: 0,1627165073.046173,08:55:31:9b:0a:1d,2,1,2,0,128,515,116,493,617,246,825,526,419,802,163,793,93,520,654,430,60,680,487,371,147,647,277,255,243,331,387,77,288,727,248,152,803,91,65,67,82,83,84,85,83,90,84,98,94,93,84,93,76,71,73,67,72,74,75,80,69,89,79,95,83,94,97,97,96
[ 6331.246732] [AOA] Measurement: 0,1627165073.084815,08:55:31:9b:0a:1d,2,1,2,0,128,512,116,44,833,740,997,1009,209,731,111,256,929,519,662,999,237,241,703,905,339,145,432,282,246,269,381,76,295,726,212,289,970,91,68,67,82,84,82,85,85,89,82,98,95,93,85,97,79,72,73,67,74,74,76,79,71,89,81,98,81,94,96,96,96
[ 6331.290045] [AOA] Measurement: 0,1627165073.128124,08:55:31:9b:0a:1d,2,1,2,0,128,983,942,536,630,213,806,930,166,261,985,791,84,519,670,485,82,275,720,382,176,564,167,817,66,681,167,112,294,753,198,167,901,92,67,68,81,84,82,85,84,89,83,97,94,92,84,96,78,73,73,66,75,73,77,79,73,89,78,97,84,95,95,98,98
[ 6331.334016] [AOA] Measurement: 0,1627165073.172102,08:55:31:9b:0a:1d,2,1,2,0,128,422,46,567,670,191,821,569,405,197,935,303,931,559,691,1005,280,231,678,910,327,114,382,318,264,263,386,102,308,716,197,303,1018,91,67,68,82,84,80,83,83,89,82,97,94,89,84,95,77,73,72,68,74,76,75,79,72,91,80,97,84,98,96,99,98
[ 6331.378296] [AOA] Measurement: 0,1627165073.216380,08:55:31:9b:0a:1d,2,1,2,0,128,989,956,506,617,257,859,969,177,230,974,830,106,498,659,1005,248,245,682,972,336,119,368,276,208,210,346,39,236,192,25,495,118,73,57,52,67,65,68,69,67,70,68,76,79,71,69,78,66,69,58,58,63,61,68,70,65,79,74,85,78,89,82,93,89
[ 6331.422147] [AOA] Measurement: 0,1627165073.260233,08:55:31:9b:0a:1d,2,1,2,0,128,966,909,554,654,194,810,973,205,219,943,210,870,991,477,434,37,671,438,394,125,617,219,749,30,697,148,8,263,163,1009,708,474,91,65,66,81,84,81,84,83,88,83,97,97,93,85,95,79,74,74,67,74,73,75,80,73,90,79,96,85,97,95,98,96
[ 6331.473643] [AOA] Measurement: 0,1627165073.311723,08:55:31:9b:0a:1d,2,1,2,0,128,961,954,523,648,241,834,511,386,764,102,808,114,466,635,964,233,231,689,424,147,97,413,259,245,204,323,54,249,759,243,967,628,90,66,65,81,81,82,83,81,87,81,98,95,90,84,94,78,75,71,67,73,73,75,79,71,92,82,95,86,98,96,98,96
[ 6331.523446] [AOA] Measurement: 0,1627165073.361525,08:55:31:9b:0a:1d,2,1,2,0,128,522,135,82,848,739,977,516,387,781,147,782,105,464,622,1,285,276,712,951,382,145,414,347,272,260,345,68,259,772,243,876,473,91,67,69,81,86,84,86,85,91,83,98,94,93,83,95,77,70,75,67,75,75,75,78,71,90,79,96,82,94,95,94,97
[ 6331.566339] [AOA] Measurement: 0,1627165073.404419,08:55:31:9b:0a:1d,2,1,2,0,128,495,81,84,823,739,996,479,396,706,119,792,72,535,680,10,311,228,645,993,395,127,403,323,249,747,206,72,274,711,203,782,467,89,63,65,79,80,79,83,81,87,82,97,95,90,83,95,78,72,72,67,72,74,75,79,72,88,79,95,82,95,93,98,96
[ 6331.604185] [AOA] Measurement: 0,1627165073.442269,08:55:31:9b:0a:1d,2,1,2,0,128,481,118,103,874,749,1007,925,176,775,152,782,119,506,645,1006,278,223,692,947,386,108,355,307,241,164,278,534,91,747,252,677,338,94,67,68,82,86,83,88,83,90,85,102,96,94,85,97,78,73,76,67,75,74,74,80,72,91,79,95,83,94,95,97,97
[ 6331.642790] [AOA] Measurement: 0,1627165073.480876,08:55:31:9b:0a:1d,2,1,2,0,128,941,903,72,813,213,809,956,205,782,132,255,927,496,636,403,49,720,476,396,159,140,404,750,43,245,340,515,47,153,1007,630,256,91,66,66,81,84,82,84,80,88,82,96,94,90,83,94,76,72,71,64,71,72,73,77,71,88,79,93,84,95,94,97,96
[ 6331.690987] [AOA] Measurement: 0,1627165073.529066,08:55:31:9b:0a:1d,2,1,2,0,128,484,127,72,863,731,998,933,165,782,111,806,92,497,672,445,77,241,707,375,153,654,257,317,259,235,394,50,267,787,259,160,820,93,67,69,82,84,82,84,86,90,83,98,96,91,87,95,77,73,74,67,75,75,76,79,73,91,81,97,82,96,97,98,99
[ 6331.735258] [AOA] Measurement: 0,1627165073.573338,08:55:31:9b:0a:1d,2,1,2,0,128,929,921,564,691,763,999,934,173,748,120,257,951,21,495,4,264,226,684,928,299,582,193,765,18,744,176,96,299,171,56,957,620,93,69,69,82,87,84,88,85,93,84,100,97,94,84,95,79,73,75,68,76,76,77,80,72,92,80,97,83,94,96,97,98
[ 6331.784883] [AOA] Measurement: 0,1627165073.622963,08:55:31:9b:0a:1d,2,1,2,0,128,476,110,54,838,219,832,968,185,788,130,304,988,484,616,14,292,233,691,927,333,92,394,244,198,694,133,539,86,209,61,635,235,92,66,66,79,81,82,85,82,86,83,95,94,89,83,94,76,74,72,66,74,74,75,79,70,90,78,97,82,95,97,97,97
