
[ 76.777034] [AOA] Measurement: 0,1627127524.803842,08:55:31:9b:05:29,2,1,2,0,128,116,338,933,938,376,842,56,493,899,741,760,896,881,260,409,922,945,855,392,753,164,446,458,247,765,90,579,275,525,908,171,753,84,86,78,83,83,77,75,75,59,84,76,85,68,77,72,79,78,77,82,78,75,76,65,69,82,76,84,71,82,77,89,84
[ 76.816575] [AOA] Measurement: 0,1627127524.843383,08:55:31:9b:05:29,2,1,2,0,128,134,323,936,883,256,739,998,436,797,670,820,925,863,254,276,801,954,816,825,509,606,224,57,143,218,932,987,65,1008,698,646,309,83,82,77,81,81,76,75,74,59,83,76,84,68,78,70,77,79,78,82,79,74,76,68,70,84,77,85,71,80,77,86,80
[ 76.859082] [AOA] Measurement: 0,1627127524.885883,08:55:31:9b:05:29,2,1,2,0,128,687,546,562,140,904,0,711,802,422,973,280,48,358,433,929,98,431,1014,354,717,162,461,524,295,691,30,1020,107,467,872,551,30,82,80,77,78,80,76,73,73,58,84,76,85,68,74,73,77,79,79,81,77,74,75,68,71,83,75,81,70,83,77,88,84
[ 76.899803] [AOA] Measurement: 0,1627127524.926609,08:55:31:9b:05:29,2,1,2,0,128,626,507,565,158,912,1006,626,706,413,960,272,16,911,291,893,58,477,29,264,671,195,467,535,308,753,106,541,280,535,948,117,591,78,74,72,76,76,75,72,70,57,79,69,82,67,73,70,74,75,77,79,75,71,72,65,69,79,74,78,71,82,74,87,79
[ 76.944425] [AOA] Measurement: 0,1627127524.971231,08:55:31:9b:05:29,2,1,2,0,128,642,497,463,70,889,1015,603,660,441,950,341,98,436,482,900,49,509,32,260,670,588,235,968,69,232,965,539,286,486,915,469,8,83,80,79,80,83,77,76,75,58,86,78,88,69,78,72,78,79,77,82,76,76,76,68,70,84,76,82,70,82,76,87,83
[ 76.988945] [AOA] Measurement: 0,1627127525.015751,08:55:31:9b:05:29,2,1,2,0,128,700,554,468,114,917,15,565,700,430,941,282,40,860,251,887,39,507,31,374,740,163,437,514,298,803,110,521,260,591,949,196,654,83,82,78,82,82,76,75,76,60,86,79,86,69,79,73,78,81,79,85,79,76,77,69,72,84,79,83,72,83,79,89,83
[ 77.035240] [AOA] Measurement: 0,1627127525.062047,08:55:31:9b:05:29,2,1,2,0,128,656,531,438,77,857,1004,575,668,399,937,273,9,883,232,282,828,1017,883,369,736,165,451,584,339,737,95,940,37,3,748,690,214,81,82,76,80,81,77,76,75,60,83,74,84,68,77,72,77,79,77,81,74,71,72,65,69,80,74,78,71,84,76,87,83
[ 77.080998] [AOA] Measurement: 0,1627127525.107799,08:55:31:9b:05:29,2,1,2,0,128,700,523,537,124,883,983,567,666,407,933,374,100,481,494,872,34,472,20,273,674,632,239,992,65,194,927,634,342,525,931,508,971,79,77,73,77,79,73,73,72,57,82,72,84,69,74,71,76,78,78,81,76,72,75,66,68,82,73,81,70,79,77,88,82
[ 77.129185] [AOA] Measurement: 0,1627127525.155992,08:55:31:9b:05:29,2,1,2,0,128,86,311,973,961,845,999,47,442,885,778,782,875,467,484,935,69,446,7,286,684,179,456,587,349,745,80,605,305,537,912,453,1008,78,80,77,81,81,76,73,73,58,85,76,85,68,75,69,77,77,78,83,77,74,75,65,70,82,75,83,69,80,77,86,82
[ 77.173393] [AOA] Measurement: 0,1627127525.200201,08:55:31:9b:05:29,2,1,2,0,128,652,534,457,95,872,984,636,753,431,953,395,109,423,495,939,57,454,1010,375,720,200,485,529,318,771,90,579,272,526,883,43,537,79,77,71,76,78,74,72,69,55,78,68,81,66,71,70,72,75,75,75,73,69,71,63,65,76,73,74,69,80,72,86,79
[ 77.216478] [AOA] Measurement: 0,1627127525.243279,08:55:31:9b:05:29,2,1,2,0,128,705,559,432,46,331,784,155,580,443,950,231,11,895,279,307,862,944,836,739,440,659,237,929,64,124,847,989,44,4,699,141,775,77,76,73,77,76,74,71,71,55,81,70,80,64,72,70,74,77,75,78,74,71,71,65,68,78,72,78,70,81,75,87,79
[ 77.259822] [AOA] Measurement: 0,1627127525.286622,08:55:31:9b:05:29,2,1,2,0,128,682,516,442,69,899,1007,612,707,355,914,759,882,860,247,363,879,913,840,812,521,585,244,965,93,198,922,544,288,557,928,271,826,81,79,75,78,78,76,75,73,57,84,72,84,67,73,71,75,79,77,80,76,73,75,66,69,81,75,80,74,83,76,89,80
[ 77.303670] [AOA] Measurement: 0,1627127525.330477,08:55:31:9b:05:29,2,1,2,0,128,724,560,546,133,872,990,578,690,396,950,324,59,843,228,335,870,994,861,325,711,193,494,523,292,762,118,517,225,593,969,542,3,80,81,78,81,82,75,73,74,58,84,77,83,68,75,70,76,78,78,83,76,75,75,64,67,80,75,83,68,80,76,86,79
[ 77.347380] [AOA] Measurement: 0,1627127525.374185,08:55:31:9b:05:29,2,1,2,0,128,644,481,458,45,298,809,90,505,804,703,797,883,940,270,898,85,469,43,367,728,177,476,434,233,766,86,466,209,564,903,0,501,77,75,71,76,77,76,74,71,58,82,72,83,68,75,72,78,77,78,80,76,73,73,66,68,81,75,81,71,83,78,88,82
[ 77.393572] [AOA] Measurement: 0,1627127525.420372,08:55:31:9b:05:29,2,1,2,0,128,99,305,967,884,330,834,58,511,467,989,289,31,399,435,281,854,949,859,782,475,655,272,909,62,180,895,579,282,610,958,809,239,78,75,72,78,78,75,74,71,57,81,73,82,66,71,70,74,75,77,78,76,73,74,67,69,80,74,79,71,82,75,86,81
[ 77.444860] [AOA] Measurement: 0,1627127525.471661,08:55:31:9b:05:29,2,1,2,0,128,631,486,467,52,860,984,36,479,858,729,724,851,880,252,277,844,937,844,826,535,190,441,511,305,776,104,573,286,594,968,332,717,78,78,72,80,80,72,73,72,59,81,74,84,70,76,71,76,79,79,81,76,75,76,66,69,82,78,83,72,83,78,88,82
[ 77.489746] [AOA] Measurement: 0,1627127525.516553,08:55:31:9b:05:29,2,1,2,0,128,141,324,503,80,933,1017,558,670,376,914,778,880,870,264,380,890,923,866,810,528,185,475,536,331,818,124,586,344,463,857,251,804,83,84,80,83,84,77,76,77,58,84,79,87,68,77,71,76,79,80,85,77,73,73,68,69,84,76,81,70,81,78,88,81
[ 77.529274] [AOA] Measurement: 0,1627127525.556081,08:55:31:9b:05:29,2,1,2,0,128,712,553,508,112,937,34,599,701,380,919,306,25,485,501,856,25,419,984,249,660,645,236,950,73,751,66,565,268,581,930,984,416,82,81,76,80,82,76,75,73,57,85,75,84,67,76,72,76,75,76,82,78,74,75,68,70,85,77,83,74,83,79,89,83
[ 77.574200] [AOA] Measurement: 0,1627127525.601007,08:55:31:9b:05:29,2,1,2,0,128,678,492,470,56,295,792,6,477,791,686,700,850,943,276,379,895,909,817,821,495,652,267,578,330,729,96,513,241,527,907,830,249,85,86,81,82,85,77,77,78,59,88,79,86,68,78,71,78,78,78,83,77,77,77,67,72,85,78,85,71,81,77,87,83
[ 77.620118] [AOA] Measurement: 0,1627127525.646919,08:55:31:9b:05:29,2,1,2,0,128,721,552,511,94,925,47,574,692,818,687,806,890,844,263,358,898,467,20,325,688,598,236,947,40,227,939,1012,53,564,956,150,602,81,82,76,80,80,72,73,74,58,86,78,88,70,79,72,79,78,78,82,77,75,72,65,69,83,75,83,67,75,76,82,78
[ 77.671424] [AOA] Measurement: 0,1627127525.698225,08:55:31:9b:05:29,2,1,2,0,128,744,554,506,101,949,5,642,758,369,947,281,34,459,500,862,53,402,974,771,448,645,227,972,74,162,904,66,145,611,940,702,67,81,77,74,79,79,76,73,72,57,84,73,84,68,76,71,76,78,80,82,76,73,74,65,71,80,76,80,71,82,78,88,83
[ 77.718911] [AOA] Measurement: 0,1627127525.745715,08:55:31:9b:05:29,2,1,2,0,128,97,319,901,862,925,16,606,636,850,761,322,80,396,435,898,49,964,834,758,432,619,234,933,64,201,906,9,49,543,969,177,649,89,83,81,85,87,84,82,79,63,92,78,93,77,81,80,84,87,86,89,84,79,83,73,76,88,83,85,80,94,85,96,90
[ 77.762545] [AOA] Measurement: 0,1627127525.789346,08:55:31:9b:05:29,2,1,2,0,128,728,561,551,137,810,971,601,676,376,936,282,39,406,453,891,54,470,9,322,716,233,500,529,329,726,52,526,264,530,897,231,671,80,75,73,77,78,77,73,70,55,78,69,81,67,72,70,73,77,75,77,75,69,71,63,65,78,74,78,71,82,75,86,80
[ 77.814681] [AOA] Measurement: 0,1627127525.841482,08:55:31:9b:05:29,2,1,2,0,128,704,540,459,63,845,957,642,723,360,928,424,121,422,498,949,117,531,72,276,686,213,529,566,321,674,60,997,59,563,952,521,944,76,73,70,73,75,74,72,67,56,76,67,79,67,72,69,72,75,74,75,72,69,72,65,68,76,73,75,72,80,71,87,80
[ 77.858215] [AOA] Measurement: 0,1627127525.885015,08:55:31:9b:05:29,2,1,2,0,128,695,522,502,55,796,941,38,514,833,717,742,860,898,263,363,903,452,1018,317,702,153,428,469,260,206,929,564,256,553,940,48,533,81,85,78,83,83,75,75,74,57,84,77,87,68,77,70,77,78,77,83,77,73,75,68,70,81,75,83,71,80,74,83,77
[ 77.904149] [AOA] Measurement: 0,1627127525.930957,08:55:31:9b:05:29,2,1,2,0,128,707,550,510,123,839,970,661,751,429,948,372,121,432,500,914,58,494,1,312,664,185,450,498,264,745,64,514,244,568,972,939,320,81,84,77,82,81,77,76,75,59,85,76,85,66,76,72,78,78,80,83,76,74,74,68,70,83,75,82,72,81,78,87,81
[ 77.943161] [AOA] Measurement: 0,1627127525.969968,08:55:31:9b:05:29,2,1,2,0,128,197,371,918,888,328,800,103,559,379,909,324,56,922,286,320,889,933,839,352,669,204,461,516,256,784,77,531,263,542,893,992,565,82,83,78,80,83,77,75,73,57,84,76,86,67,76,72,75,80,79,81,77,74,76,68,71,83,77,80,72,85,78,88,84
[ 77.985216] [AOA] Measurement: 0,1627127526.012017,08:55:31:9b:05:29,2,1,2,0,128,717,562,416,35,882,1007,588,657,404,918,330,66,469,474,351,869,475,1004,345,714,196,515,539,283,724,94,540,273,555,957,939,388,79,79,76,79,82,75,72,74,57,83,76,85,65,76,69,74,78,79,81,78,74,74,67,69,82,75,85,70,78,76,86,81
[ 78.026170] [AOA] Measurement: 0,1627127526.052977,08:55:31:9b:05:29,2,1,2,0,128,679,553,483,77,883,2,597,712,367,923,295,50,899,279,912,36,954,801,809,514,139,405,1011,98,729,120,625,321,597,988,524,953,85,84,80,82,84,77,77,76,59,84,78,86,69,76,72,79,77,78,82,75,76,76,67,70,84,78,85,71,81,79,88,81
[ 78.064402] [AOA] Measurement: 0,1627127526.091210,08:55:31:9b:05:29,2,1,2,0,128,640,490,911,877,328,785,110,566,381,923,278,37,436,490,938,63,476,29,762,536,223,484,467,235,807,154,554,304,524,924,1015,496,73,70,68,72,73,71,70,66,57,78,65,81,66,72,68,70,73,74,76,71,69,72,63,67,76,73,75,70,81,73,86,80
[ 78.111191] [AOA] Measurement: 0,1627127526.137991,08:55:31:9b:05:29,2,1,2,0,128,147,395,422,55,299,773,98,526,386,917,262,4,449,486,347,854,955,836,847,502,634,250,548,310,779,103,513,267,571,926,832,271,77,74,70,74,76,73,70,68,55,78,66,79,63,71,69,73,76,76,77,72,68,71,62,66,77,71,75,71,82,73,85,81
[ 78.161227] [AOA] Measurement: 0,1627127526.188029,08:55:31:9b:05:29,2,1,2,0,128,113,300,951,914,871,991,26,490,407,973,294,76,437,470,343,839,920,828,813,498,616,224,1013,126,806,142,534,265,540,974,812,223,82,80,76,82,84,76,76,77,59,84,76,84,67,77,70,76,79,77,81,76,75,76,69,71,84,77,84,71,83,78,89,85
[ 78.204234] [AOA] Measurement: 0,1627127526.231040,08:55:31:9b:05:29,2,1,2,0,128,137,327,938,863,355,797,1009,440,874,714,824,880,937,325,902,71,489,36,772,477,648,238,975,115,738,97,546,269,577,954,993,440,81,79,75,79,79,73,74,72,58,82,73,84,67,73,71,76,79,76,80,75,75,76,67,69,82,76,82,72,83,78,89,82
[ 78.249666] [AOA] Measurement: 0,1627127526.276468,08:55:31:9b:05:29,2,1,2,0,128,77,299,476,87,879,975,548,684,452,953,783,849,942,292,888,31,476,7,843,549,202,483,508,311,742,77,529,278,582,961,646,43,82,78,76,79,80,75,75,72,57,80,70,83,67,72,70,76,78,78,80,74,72,74,66,70,81,73,82,72,83,78,87,80
[ 78.297325] [AOA] Measurement: 0,1627127526.324131,08:55:31:9b:05:29,2,1,2,0,128,709,512,499,75,887,992,9,469,448,937,344,66,457,490,982,114,424,1014,349,689,144,471,523,306,728,116,498,251,502,879,461,16,82,78,75,79,79,75,73,72,57,83,73,85,68,75,71,77,78,79,81,77,75,75,67,71,81,77,80,72,82,76,89,81
[ 78.345037] [AOA] Measurement: 0,1627127526.371838,08:55:31:9b:05:29,2,1,2,0,128,659,509,531,120,924,1012,635,745,428,979,382,134,430,483,890,58,518,38,324,680,190,476,523,330,734,92,596,282,649,986,83,453,81,80,76,79,80,73,73,72,57,83,74,85,68,76,72,77,78,79,80,78,75,77,67,70,81,76,83,73,84,78,87,82
[ 78.389975] [AOA] Measurement: 0,1627127526.416781,08:55:31:9b:05:29,2,1,2,0,128,697,561,456,78,828,968,626,663,407,938,315,56,925,325,981,116,526,35,350,721,163,470,483,289,674,50,483,225,540,949,685,71,82,84,78,82,83,76,74,76,58,83,76,88,68,76,71,75,79,80,84,77,75,76,68,73,85,79,84,70,83,76,88,84
[ 78.435823] [AOA] Measurement: 0,1627127526.462629,08:55:31:9b:05:29,2,1,2,0,128,725,557,515,106,840,995,526,638,342,931,731,855,435,449,966,87,463,14,266,686,622,245,568,350,791,118,529,284,560,922,1013,404,80,77,76,81,81,75,72,76,59,85,77,87,69,79,73,79,80,79,84,78,74,76,70,71,85,77,82,68,80,78,86,82
[ 78.481404] [AOA] Measurement: 0,1627127526.508180,08:55:31:9b:05:29,2,1,2,0,128,699,560,506,115,885,999,597,685,397,924,358,65,437,489,905,71,482,42,368,748,158,450,495,315,770,101,530,234,641,979,1005,375,81,80,75,79,81,77,75,73,57,85,74,84,69,77,71,77,80,77,82,76,73,75,67,69,82,76,79,70,82,77,89,82
[ 78.541710] [AOA] Measurement: 0,1627127526.568511,08:55:31:9b:05:29,2,1,2,0,128,661,529,497,93,915,1013,603,694,399,965,294,33,386,458,395,907,471,4,365,702,137,442,540,314,663,39,533,268,575,964,706,96,82,81,77,80,80,77,74,73,58,84,75,86,69,74,70,77,79,78,82,77,74,74,67,70,84,76,84,72,83,78,88,83
[ 78.584371] [AOA] Measurement: 0,1627127526.611178,08:55:31:9b:05:29,2,1,2,0,128,735,533,506,106,904,2,604,705,372,937,343,58,446,518,984,146,448,23,347,700,174,483,515,298,754,102,525,264,579,936,241,635,83,83,77,83,80,76,75,75,58,83,77,86,69,77,72,79,78,79,82,77,75,75,67,71,83,77,83,74,84,79,90,84
[ 78.629676] [AOA] Measurement: 0,1627127526.656476,08:55:31:9b:05:29,2,1,2,0,128,151,355,418,50,949,3,557,648,839,711,781,867,855,241,274,835,975,859,765,463,631,260,958,86,154,892,1011,112,508,915,492,987,77,73,70,74,75,74,71,69,54,79,67,80,65,71,70,72,74,74,75,71,68,71,63,67,75,73,75,72,81,73,87,81
[ 78.677431] [AOA] Measurement: 0,1627127526.704238,08:55:31:9b:05:29,2,1,2,0,128,123,342,938,920,272,783,53,504,434,967,312,50,419,483,881,46,538,57,345,720,169,455,466,247,149,892,27,91,581,934,991,491,83,85,78,83,83,75,75,74,59,84,74,83,66,73,71,78,80,77,84,77,75,75,66,69,82,76,84,67,75,72,79,72
[ 78.725106] [AOA] Measurement: 0,1627127526.751907,08:55:31:9b:05:29,2,1,2,0,128,740,569,404,21,870,1007,631,704,368,942,330,50,488,468,928,59,474,1019,288,683,586,246,489,268,765,113,544,263,549,920,232,653,83,83,78,82,82,74,77,75,58,85,76,85,68,79,72,78,79,77,80,77,75,75,67,71,83,76,84,72,82,77,88,83
[ 78.764219] [AOA] Measurement: 0,1627127526.791024,08:55:31:9b:05:29,2,1,2,0,128,141,325,482,67,908,996,564,678,409,931,348,104,409,499,882,31,460,15,321,714,180,470,481,277,728,77,518,255,592,979,525,902,79,79,74,76,81,74,72,72,57,82,70,80,66,72,71,76,77,76,82,77,75,74,68,71,82,78,83,72,81,77,89,83
[ 78.803160] [AOA] Measurement: 0,1627127526.829967,08:55:31:9b:05:29,2,1,2,0,128,642,529,444,64,881,1010,63,494,346,898,322,73,446,470,919,60,471,14,357,714,199,476,543,309,777,140,450,202,557,935,760,187,82,80,76,79,81,76,74,74,58,84,74,83,69,75,72,75,77,79,79,76,74,74,68,70,82,75,83,72,82,76,88,83
[ 78.848840] [AOA] Measurement: 0,1627127526.875644,08:55:31:9b:05:29,2,1,2,0,128,736,578,536,99,917,1007,614,700,376,931,329,75,398,450,867,7,474,10,765,468,194,492,503,290,787,115,536,290,528,912,124,528,79,80,76,80,82,76,75,72,58,82,76,85,68,75,68,76,79,76,82,77,72,70,67,69,83,76,83,70,80,76,86,81
[ 78.893163] [AOA] Measurement: 0,1627127526.919965,08:55:31:9b:05:29,2,1,2,0,128,708,529,521,107,855,964,585,711,368,925,346,76,433,506,883,54,515,50,276,676,692,275,993,93,171,902,1009,49,530,877,239,776,70,64,64,65,67,67,66,59,49,70,55,71,59,62,62,63,66,66,66,62,60,63,55,59,64,63,62,66,71,63,76,69
[ 78.943590] [AOA] Measurement: 0,1627127526.970393,08:55:31:9b:05:29,2,1,2,0,128,96,304,938,883,402,853,623,699,446,932,325,35,459,540,912,54,497,14,364,692,594,217,1004,79,171,914,1012,71,551,926,300,730,82,79,76,78,80,76,74,71,56,80,70,82,66,72,69,75,77,76,77,75,73,76,66,70,80,75,77,73,83,75,89,81
[ 78.994237] [AOA] Measurement: 0,1627127527.021038,08:55:31:9b:05:29,2,1,2,0,128,121,307,991,915,903,996,54,512,887,741,285,47,413,442,943,76,500,30,278,707,121,426,508,270,776,115,547,260,602,979,479,883,80,78,74,79,79,75,72,72,58,80,71,82,67,74,71,75,78,79,79,77,73,75,66,69,81,77,78,74,84,77,88,84
[ 79.038655] [AOA] Measurement: 0,1627127527.065461,08:55:31:9b:05:29,2,1,2,0,128,727,534,413,35,322,812,40,496,475,944,335,80,528,542,852,1003,915,822,756,458,611,234,1006,74,198,926,1013,118,569,924,551,28,85,84,78,83,83,78,76,75,59,84,75,83,69,77,72,77,78,79,81,76,72,75,66,69,81,77,82,72,83,77,87,83
[ 79.083267] [AOA] Measurement: 0,1627127527.110067,08:55:31:9b:05:29,2,1,2,0,128,722,561,423,58,855,997,57,489,887,775,282,63,405,463,364,884,492,38,258,667,611,222,958,64,232,951,998,83,564,962,638,24,79,79,77,80,81,75,75,73,59,84,75,85,68,75,71,75,77,76,81,75,74,74,66,70,82,77,82,71,84,76,88,80
[ 79.133433] [AOA] Measurement: 0,1627127527.160234,08:55:31:9b:05:29,2,1,2,0,128,80,288,907,881,318,807,151,532,369,898,809,851,451,445,886,39,472,28,339,745,212,502,503,290,777,97,572,275,530,934,883,282,84,81,80,83,82,75,75,77,58,84,76,85,66,76,71,78,79,80,83,77,76,76,67,71,85,78,84,70,81,77,85,79
[ 79.185099] [AOA] Measurement: 0,1627127527.211902,08:55:31:9b:05:29,2,1,2,0,128,721,568,432,63,911,976,622,697,811,695,787,882,888,265,369,903,509,24,313,689,185,448,505,300,792,135,510,261,605,952,289,775,81,80,75,78,79,74,73,75,59,84,77,85,65,77,69,76,78,78,81,74,72,74,65,68,83,74,83,66,75,73,82,77
[ 79.230593] [AOA] Measurement: 0,1627127527.257394,08:55:31:9b:05:29,2,1,2,0,128,654,486,472,41,831,930,1006,453,857,756,803,898,468,499,954,73,588,44,307,681,634,259,981,70,186,911,1014,98,622,992,947,278,82,85,80,82,82,74,74,77,59,86,77,85,64,76,68,76,78,78,83,77,74,74,67,68,82,75,84,66,75,75,82,77
[ 79.273585] [AOA] Measurement: 0,1627127527.300392,08:55:31:9b:05:29,2,1,2,0,128,701,523,494,111,883,994,544,671,344,906,355,68,367,450,916,72,522,37,270,604,146,436,490,294,180,935,553,273,627,954,1005,402,80,81,75,80,79,75,74,75,57,83,74,87,68,76,71,77,79,78,83,77,75,75,68,70,83,79,85,71,81,78,88,83
[ 79.317158] [AOA] Measurement: 0,1627127527.343963,08:55:31:9b:05:29,2,1,2,0,128,111,342,956,929,360,801,54,514,886,728,753,890,930,298,930,71,944,824,291,658,618,239,1002,99,768,101,584,325,583,968,649,11,79,75,74,76,77,74,72,69,56,78,71,81,65,70,71,75,76,76,78,74,72,75,66,70,79,74,80,71,84,75,89,82
[ 79.363000] [AOA] Measurement: 0,1627127527.389801,08:55:31:9b:05:29,2,1,2,0,128,129,309,932,857,320,783,65,511,877,736,804,887,1011,333,399,902,509,1011,289,647,601,228,875,17,193,893,5,79,1020,752,698,284,81,82,76,82,81,76,73,74,59,82,73,85,67,76,72,75,78,80,82,77,76,76,65,69,83,76,81,71,82,77,88,84
[ 79.416947] [AOA] Measurement: 0,1627127527.443754,08:55:31:9b:05:29,2,1,2,0,128,151,353,498,85,899,990,615,679,402,937,315,57,427,466,354,866,944,820,837,513,186,461,513,279,731,95,568,307,560,937,547,32,80,75,75,77,80,77,75,74,59,85,73,84,67,74,71,74,77,76,78,76,74,74,68,71,83,76,83,73,83,77,89,83
[ 79.463274] [AOA] Measurement: 0,1627127527.490075,08:55:31:9b:05:29,2,1,2,0,128,665,534,436,64,275,777,6,417,848,740,721,855,925,269,332,876,468,43,346,730,141,399,903,43,201,915,969,10,993,688,572,194,84,84,78,83,83,76,76,78,58,85,79,84,68,76,71,76,78,77,81,77,74,75,64,68,82,74,84,71,81,77,87,82
[ 79.513475] [AOA] Measurement: 0,1627127527.540276,08:55:31:9b:05:29,2,1,2,0,128,753,570,466,57,857,1001,609,688,402,909,289,47,473,480,899,24,442,1023,260,656,600,262,485,271,751,88,578,309,536,910,260,774,83,83,78,83,82,77,75,75,60,85,76,86,70,78,72,79,80,80,83,79,76,74,69,70,84,78,83,71,81,75,86,82
[ 79.565667] [AOA] Measurement: 0,1627127527.592467,08:55:31:9b:05:29,2,1,2,0,128,619,485,462,96,905,1,580,651,397,940,373,106,448,496,935,84,423,1018,369,729,93,372,973,50,196,924,562,274,517,896,571,46,77,76,70,77,75,74,73,67,56,79,68,82,66,74,69,73,76,75,77,73,69,73,63,66,76,72,74,71,82,73,86,81
[ 79.609518] [AOA] Measurement: 0,1627127527.636320,08:55:31:9b:05:29,2,1,2,0,128,664,521,500,110,865,1006,599,673,475,1015,333,68,446,529,911,62,512,37,335,717,230,489,504,242,740,116,497,266,564,947,436,708,79,76,72,76,80,76,73,71,55,80,68,79,66,72,69,72,75,75,77,73,69,71,65,66,77,73,75,70,80,72,84,78
[ 79.652865] [AOA] Measurement: 0,1627127527.679666,08:55:31:9b:05:29,2,1,2,0,128,98,293,941,916,330,787,107,525,908,776,827,943,423,481,854,34,997,869,305,672,162,421,986,98,238,965,953,43,3,743,1001,443,79,79,76,79,80,76,74,74,59,81,75,84,68,77,72,78,80,80,81,77,71,74,66,68,80,75,80,73,82,76,88,83
[ 79.703273] [AOA] Measurement: 0,1627127527.730074,08:55:31:9b:05:29,2,1,2,0,128,685,542,414,37,879,1015,578,673,482,960,323,83,452,474,913,75,558,41,337,724,238,514,502,319,755,62,1016,67,1004,724,132,620,78,76,70,74,75,73,73,69,56,79,70,81,67,71,71,74,75,76,76,72,69,71,63,66,75,73,75,71,79,73,86,81
[ 79.757095] [AOA] Measurement: 0,1627127527.783900,08:55:31:9b:05:29,2,1,2,0,128,118,288,507,97,877,987,58,532,393,927,300,58,395,443,929,110,497,29,387,734,168,468,500,298,668,50,484,219,617,931,782,248,84,86,79,84,83,73,74,75,59,88,79,86,68,80,72,78,79,78,84,76,74,72,66,70,85,76,84,70,80,75,84,80
[ 79.808511] [AOA] Measurement: 0,1627127527.835317,08:55:31:9b:05:29,2,1,2,0,128,708,530,469,110,933,9,541,671,369,907,252,42,423,461,325,863,495,7,338,740,168,484,521,285,685,84,494,261,621,969,414,853,82,82,78,82,81,75,73,73,58,82,73,83,66,75,71,74,77,77,80,76,71,74,66,69,82,75,82,73,83,77,89,83
[ 79.852681] [AOA] Measurement: 0,1627127527.879485,08:55:31:9b:05:29,2,1,2,0,128,660,510,406,44,880,989,656,698,408,964,303,14,446,470,850,24,509,38,343,707,131,405,514,286,799,127,536,298,560,922,299,745,83,82,77,81,82,76,76,73,59,83,74,87,68,76,72,78,79,78,82,77,73,75,67,70,83,77,82,73,84,78,88,83
[ 79.902564] [AOA] Measurement: 0,1627127527.929364,08:55:31:9b:05:29,2,1,2,0,128,132,312,954,940,876,969,55,498,809,678,765,899,926,303,282,814,1008,886,410,755,146,438,962,66,200,935,935,1015,986,693,474,176,80,77,74,77,79,74,72,69,57,79,70,83,68,73,70,73,77,76,80,75,72,74,67,69,81,77,80,72,81,76,88,81
[ 79.953595] [AOA] Measurement: 0,1627127527.980397,08:55:31:9b:05:29,2,1,2,0,128,682,516,516,122,820,970,611,696,370,899,758,879,887,276,273,848,964,809,747,492,598,239,10,106,742,66,509,220,4,738,71,509,80,80,73,79,79,76,74,72,57,82,73,83,70,75,70,76,78,79,81,78,75,75,67,70,83,76,83,72,83,78,88,82
[ 80.007074] [AOA] Measurement: 0,1627127528.033880,08:55:31:9b:05:29,2,1,2,0,128,687,521,436,89,904,1018,663,706,382,933,323,71,425,473,840,999,944,849,839,511,156,457,497,281,705,72,593,308,529,920,427,892,83,80,77,80,81,76,74,74,59,84,75,85,70,78,71,78,80,80,82,77,75,76,67,70,83,74,83,71,81,76,87,81
[ 80.053892] [AOA] Measurement: 0,1627127528.080694,08:55:31:9b:05:29,2,1,2,0,128,613,488,459,57,910,1001,599,681,421,969,365,111,495,521,926,55,520,18,292,670,177,488,510,316,713,80,474,232,20,729,597,163,80,80,73,79,80,76,72,69,57,82,71,82,67,75,70,76,77,76,79,76,71,75,65,70,80,73,81,72,83,77,87,83
[ 80.106687] [AOA] Measurement: 0,1627127528.133487,08:55:31:9b:05:29,2,1,2,0,128,96,297,975,944,915,10,669,709,408,963,317,71,446,523,901,45,461,1010,804,485,152,478,964,93,204,941,546,275,528,910,307,820,78,75,73,75,76,75,73,71,57,80,68,82,66,71,69,71,74,73,73,72,69,72,63,67,75,73,74,71,80,73,84,79
[ 80.147037] [AOA] Measurement: 0,1627127528.173842,08:55:31:9b:05:29,2,1,2,0,128,646,503,463,59,882,1006,643,731,443,970,268,26,903,281,331,848,945,818,822,522,165,446,486,248,184,912,52,119,585,936,8,481,84,85,79,82,83,77,75,74,59,86,75,85,68,76,71,77,79,78,82,77,72,76,65,70,83,76,85,70,80,78,88,84
[ 80.188689] [AOA] Measurement: 0,1627127528.215490,08:55:31:9b:05:29,2,1,2,0,128,669,492,474,63,935,31,641,769,363,937,253,40,422,481,867,26,513,44,291,680,216,467,444,249,708,75,973,76,11,761,457,998,84,81,76,79,79,75,74,73,58,85,75,85,68,77,71,76,78,78,81,77,74,75,66,70,83,75,79,71,83,77,88,80
[ 80.228526] [AOA] Measurement: 0,1627127528.255332,08:55:31:9b:05:29,2,1,2,0,128,131,342,495,83,877,955,590,674,380,947,243,36,946,280,882,40,963,846,360,682,239,540,481,276,722,73,571,314,555,916,855,267,77,76,73,80,77,74,72,72,57,81,72,83,67,75,70,76,77,77,80,75,72,73,65,69,80,76,78,72,82,78,88,83
[ 80.274812] [AOA] Measurement: 0,1627127528.301615,08:55:31:9b:05:29,2,1,2,0,128,80,278,934,887,307,812,642,702,382,940,353,55,384,462,386,905,501,11,327,702,119,412,496,266,195,933,1021,46,1023,700,653,258,82,82,78,81,83,76,73,76,59,84,78,85,69,78,72,77,80,78,83,77,76,73,66,70,85,77,82,71,80,76,87,80
[ 80.319832] [AOA] Measurement: 0,1627127528.346638,08:55:31:9b:05:29,2,1,2,0,128,684,516,475,70,889,991,705,747,449,997,259,38,457,498,917,76,535,44,356,713,210,482,526,297,706,56,564,281,541,899,72,609,75,73,71,73,78,74,72,71,58,79,69,82,66,73,68,75,76,75,78,74,72,74,66,68,80,75,79,71,81,76,87,81
[ 80.364247] [AOA] Measurement: 0,1627127528.391053,08:55:31:9b:05:29,2,1,2,0,128,693,524,491,102,824,942,27,502,861,725,790,851,884,269,876,34,480,2,318,706,185,480,460,229,710,50,973,42,959,676,21,687,81,77,76,78,81,76,73,73,58,83,74,84,68,76,72,76,77,80,81,78,74,75,66,69,83,77,81,70,81,77,88,79
[ 80.402286] [AOA] Measurement: 0,1627127528.429092,08:55:31:9b:05:29,2,1,2,0,128,109,332,495,98,873,988,616,686,415,925,748,845,911,281,362,917,927,788,835,513,660,266,496,303,729,90,579,313,554,923,503,993,79,77,73,75,77,73,72,71,56,81,71,84,66,73,70,75,78,76,78,74,73,73,66,70,79,74,78,72,83,77,87,81
[ 80.452540] [AOA] Measurement: 0,1627127528.479342,08:55:31:9b:05:29,2,1,2,0,128,77,264,923,921,911,996,611,710,326,876,311,71,819,248,328,891,925,814,803,489,607,243,487,263,743,108,518,223,516,888,811,374,81,79,77,80,82,77,74,74,58,82,72,82,67,74,71,75,78,78,78,75,72,74,66,67,81,75,80,73,82,76,87,83
[ 80.506899] [AOA] Measurement: 0,1627127528.533703,08:55:31:9b:05:29,2,1,2,0,128,178,330,909,878,326,806,47,465,858,740,745,864,923,327,939,97,452,13,364,685,173,434,962,95,129,895,23,70,998,701,489,141,77,76,71,77,79,76,74,73,58,80,73,85,69,74,71,75,77,77,80,74,73,76,68,70,83,76,81,71,83,79,87,81
[ 80.551088] [AOA] Measurement: 0,1627127528.577887,08:55:31:9b:05:29,2,1,2,0,128,130,318,468,69,848,968,573,652,887,758,756,843,879,289,330,866,508,42,305,685,139,458,524,288,753,84,550,270,995,732,625,277,83,80,77,80,80,77,75,75,58,85,75,85,69,77,71,78,78,80,80,77,74,76,68,70,82,77,81,71,82,77,90,84
[ 80.594584] [AOA] Measurement: 0,1627127528.621387,08:55:31:9b:05:29,2,1,2,0,128,682,522,449,73,879,990,549,659,370,912,815,881,900,310,340,873,950,867,370,741,139,458,542,307,734,98,502,249,590,941,229,668,79,76,74,78,79,75,73,71,57,82,71,83,67,74,70,75,77,78,80,75,74,75,67,69,82,77,81,72,82,77,88,80
[ 80.645234] [AOA] Measurement: 0,1627127528.672037,08:55:31:9b:05:29,2,1,2,0,128,141,295,960,918,878,990,595,673,390,914,749,884,905,271,357,871,956,843,827,506,205,506,577,328,774,132,576,309,493,879,305,945,81,81,75,83,83,78,76,75,59,85,75,86,68,78,73,79,80,79,81,78,77,76,69,70,85,77,83,72,83,79,88,83
[ 80.692080] [AOA] Measurement: 0,1627127528.718887,08:55:31:9b:05:29,2,1,2,0,128,50,261,915,857,359,814,26,451,872,705,804,869,443,491,344,852,958,877,771,464,650,251,526,255,755,103,498,258,546,945,599,128,79,75,70,74,78,75,73,72,57,81,72,83,67,75,71,76,78,77,79,75,71,72,66,68,79,74,80,71,84,77,87,83
[ 80.741889] [AOA] Measurement: 0,1627127528.768692,08:55:31:9b:05:29,2,1,2,0,128,727,569,446,50,267,791,1008,438,828,720,726,823,912,264,318,885,992,876,743,437,679,265,955,64,781,103,518,266,584,903,702,228,78,76,71,76,75,75,72,68,56,79,69,83,68,73,71,73,76,76,79,76,71,74,66,68,80,75,78,72,84,75,85,80
[ 80.794457] [AOA] Measurement: 0,1627127528.821259,08:55:31:9b:05:29,2,1,2,0,128,98,307,1007,942,882,1009,582,664,425,944,333,87,505,530,872,45,494,40,298,662,594,176,967,62,188,907,13,77,589,1000,750,69,79,76,72,77,78,74,73,73,58,83,73,84,69,74,71,76,77,78,81,76,73,74,65,71,82,75,82,69,80,77,86,81
[ 80.836716] [AOA] Measurement: 0,1627127528.863516,08:55:31:9b:05:29,2,1,2,0,128,706,528,427,26,318,784,68,495,852,726,813,854,527,564,976,116,523,70,276,674,112,426,959,54,233,955,558,272,558,957,1005,404,80,77,75,79,80,75,74,74,57,83,74,85,67,76,70,77,76,77,80,76,73,72,66,71,81,78,82,72,82,75,89,84
[ 80.879877] [AOA] Measurement: 0,1627127528.906680,08:55:31:9b:05:29,2,1,2,0,128,694,502,489,43,897,1021,622,701,351,924,288,51,930,289,367,907,503,3,783,473,552,191,931,67,201,909,983,50,19,732,356,958,79,76,74,75,80,74,74,70,60,81,72,83,67,72,70,73,77,76,77,73,70,74,67,69,80,76,78,73,83,76,88,82
[ 80.925931] [AOA] Measurement: 0,1627127528.952738,08:55:31:9b:05:29,2,1,2,0,128,663,520,480,89,929,1001,588,689,377,899,333,88,476,547,918,72,504,34,285,702,136,389,16,122,199,926,485,244,13,707,412,933,82,81,77,80,82,75,75,74,57,82,75,83,69,76,70,76,79,77,81,76,74,75,67,70,83,76,83,73,84,77,89,83
[ 80.969733] [AOA] Measurement: 0,1627127528.996535,08:55:31:9b:05:29,2,1,2,0,128,151,320,497,87,879,984,589,683,391,915,820,892,454,460,900,43,973,863,332,686,179,468,484,277,766,71,1019,72,555,913,904,465,82,81,74,80,80,75,74,73,60,82,73,83,68,76,71,78,79,78,84,77,73,76,69,71,85,78,83,73,83,79,88,82
[ 81.013282] [AOA] Measurement: 0,1627127529.040085,08:55:31:9b:05:29,2,1,2,0,128,673,498,466,69,886,1015,592,727,386,949,305,64,475,505,870,0,473,21,325,667,206,446,560,329,752,88,580,305,592,960,872,157,84,88,81,83,84,76,76,78,58,87,79,87,69,78,71,76,77,76,80,76,73,74,67,69,84,74,85,70,79,78,86,80
[ 81.063586] [AOA] Measurement: 0,1627127529.090388,08:55:31:9b:05:29,2,1,2,0,128,632,489,474,73,877,979,533,653,853,719,735,864,955,312,321,884,493,21,261,649,130,447,566,287,740,101,590,292,567,939,941,316,84,83,79,85,84,75,75,78,60,87,81,88,68,77,72,77,80,78,81,78,75,75,68,71,83,77,85,72,82,78,88,84
[ 81.103980] [AOA] Measurement: 0,1627127529.130785,08:55:31:9b:05:29,2,1,2,0,128,124,309,865,890,885,989,649,715,388,910,272,39,894,282,334,898,953,835,777,458,682,274,913,55,227,965,564,300,491,873,369,967,80,79,76,81,82,76,74,76,58,85,78,86,69,80,72,75,79,79,84,77,75,74,67,69,82,77,83,70,79,76,87,81
[ 81.150095] [AOA] Measurement: 0,1627127529.176898,08:55:31:9b:05:29,2,1,2,0,128,635,529,458,47,330,794,75,505,874,729,759,857,913,254,338,861,946,800,791,458,607,190,986,100,122,876,1008,66,1003,693,238,819,79,79,76,79,80,76,73,74,59,84,77,84,68,78,72,77,78,78,82,77,75,75,66,69,83,75,85,70,79,77,86,82
[ 81.200729] [AOA] Measurement: 0,1627127529.227531,08:55:31:9b:05:29,2,1,2,0,128,61,289,967,910,328,767,21,456,865,760,387,68,464,511,914,94,925,822,774,502,637,232,978,72,193,895,1020,96,33,754,95,581,80,79,74,80,79,75,74,74,59,81,72,84,69,75,72,76,78,78,80,76,71,75,66,70,81,75,81,73,84,77,88,83
[ 81.243531] [AOA] Measurement: 0,1627127529.270335,08:55:31:9b:05:29,2,1,2,0,128,672,535,503,127,875,991,659,722,374,932,335,66,474,492,945,78,516,56,351,771,224,510,469,260,763,117,975,58,562,945,703,191,81,79,76,78,79,76,72,71,56,82,70,85,68,73,70,75,77,79,81,76,72,72,67,68,79,76,80,71,83,77,87,80
[ 81.286735] [AOA] Measurement: 0,1627127529.313540,08:55:31:9b:05:29,2,1,2,0,128,142,330,937,900,912,1008,616,691,394,926,260,29,479,497,913,50,492,36,297,675,191,494,521,291,696,74,454,221,991,718,91,712,82,80,77,81,82,77,74,73,59,84,77,85,70,78,73,78,80,79,83,76,74,75,67,67,83,76,84,72,82,78,85,81
[ 81.335481] [AOA] Measurement: 0,1627127529.362286,08:55:31:9b:05:29,2,1,2,0,128,73,259,936,911,312,793,632,730,380,923,346,74,429,488,908,65,506,8,337,649,636,206,955,104,243,949,1023,86,588,935,264,720,80,76,72,75,76,75,72,70,56,79,70,82,69,71,70,74,77,77,77,73,70,71,61,67,76,72,74,71,82,74,87,82
[ 81.378371] [AOA] Measurement: 0,1627127529.405176,08:55:31:9b:05:29,2,1,2,0,128,84,271,946,897,298,788,31,504,919,782,844,895,423,455,331,880,923,832,769,477,602,203,983,87,180,895,25,116,485,880,713,243,76,74,70,76,77,74,73,69,57,76,70,80,64,71,70,74,76,74,77,71,69,72,64,68,78,73,75,70,82,72,88,81
[ 81.424539] [AOA] Measurement: 0,1627127529.451339,08:55:31:9b:05:29,2,1,2,0,128,101,292,914,885,339,823,563,678,878,745,770,848,946,339,966,69,440,8,309,716,600,228,540,341,744,96,539,236,1002,709,699,260,80,81,78,79,80,75,76,76,58,85,77,84,68,76,71,77,79,78,83,76,74,72,65,67,82,77,84,70,79,76,85,80
[ 81.464116] [AOA] Measurement: 0,1627127529.490921,08:55:31:9b:05:29,2,1,2,0,128,698,529,513,115,895,1,621,731,388,926,315,38,383,470,925,53,480,45,315,659,182,447,501,263,795,144,509,278,7,744,599,28,81,81,75,80,80,76,75,74,60,83,75,83,68,76,71,76,79,77,82,76,73,75,67,70,82,77,81,71,81,77,89,84
[ 81.511241] [AOA] Measurement: 0,1627127529.538045,08:55:31:9b:05:29,2,1,2,0,128,714,599,436,72,845,993,562,669,412,924,290,67,443,508,940,65,472,1007,279,695,144,442,599,358,761,97,543,277,623,979,568,943,79,73,71,76,78,74,73,71,57,83,69,81,67,72,70,74,75,76,78,75,70,73,64,67,78,73,74,72,82,75,85,80
[ 81.556176] [AOA] Measurement: 0,1627127529.582984,08:55:31:9b:05:29,2,1,2,0,128,610,467,447,71,876,1017,599,670,417,939,381,110,496,519,1017,136,469,21,322,708,191,476,550,292,732,73,524,277,553,945,742,92,78,72,71,72,76,73,72,69,54,79,68,81,67,71,70,73,76,75,75,73,69,71,65,67,75,72,74,71,81,74,87,80
[ 81.601545] [AOA] Measurement: 0,1627127529.628346,08:55:31:9b:05:29,2,1,2,0,128,667,518,474,105,880,1007,650,730,392,925,302,22,488,501,872,33,896,825,782,509,654,242,970,94,210,897,535,283,536,917,291,841,84,84,79,84,84,77,76,75,58,84,78,87,68,76,71,77,79,78,82,77,75,77,68,71,82,79,84,71,80,78,86,82
[ 81.652593] [AOA] Measurement: 0,1627127529.679396,08:55:31:9b:05:29,2,1,2,0,128,650,529,468,56,890,991,640,716,401,950,303,45,485,494,919,57,476,29,737,469,665,273,970,71,816,134,589,286,607,1000,390,825,82,79,76,79,83,75,76,75,59,85,75,87,69,79,73,77,78,77,82,77,74,77,69,70,84,78,85,70,83,79,87,83
[ 81.698071] [AOA] Measurement: 0,1627127529.724877,08:55:31:9b:05:29,2,1,2,0,128,647,491,457,60,880,1014,584,687,882,745,314,72,429,491,930,112,516,22,280,701,196,472,535,273,730,107,559,300,549,915,833,296,79,73,73,78,79,76,73,70,56,79,70,81,65,73,70,75,77,78,80,74,72,75,66,69,81,75,79,72,83,77,87,82
[ 81.745123] [AOA] Measurement: 0,1627127529.771928,08:55:31:9b:05:29,2,1,2,0,128,657,464,487,71,892,1007,648,722,431,961,253,1023,889,243,337,872,927,806,795,475,645,251,11,145,722,79,552,281,593,952,953,331,80,79,75,81,80,77,75,74,58,84,73,85,69,77,71,76,78,77,81,76,74,74,66,69,80,73,80,72,82,77,89,83
[ 81.796445] [AOA] Measurement: 0,1627127529.823246,08:55:31:9b:05:29,2,1,2,0,128,734,588,576,143,943,36,635,715,419,974,342,46,417,477,852,5,499,26,365,719,227,530,539,300,836,167,591,315,571,952,673,1010,81,77,74,79,82,75,76,75,58,85,76,85,67,77,73,76,79,78,84,76,75,75,69,69,85,76,83,72,82,78,89,84
[ 81.847529] [AOA] Measurement: 0,1627127529.874336,08:55:31:9b:05:29,2,1,2,0,128,660,513,460,107,927,5,592,694,367,944,289,45,892,259,355,913,954,835,823,533,614,194,1017,84,215,921,538,237,540,918,66,701,81,78,72,78,79,75,73,71,57,83,73,83,67,72,69,75,76,76,76,75,70,73,64,67,80,76,78,72,81,74,87,81
[ 81.892464] [AOA] Measurement: 0,1627127529.919270,08:55:31:9b:05:29,2,1,2,0,128,151,336,483,120,958,11,622,687,394,947,263,26,918,275,363,872,959,850,345,710,644,243,581,342,796,126,529,306,546,979,798,199,82,85,78,82,81,75,74,75,58,83,76,87,70,76,73,77,79,77,81,78,73,73,68,70,85,78,84,72,81,78,86,78
[ 81.936473] [AOA] Measurement: 0,1627127529.963280,08:55:31:9b:05:29,2,1,2,0,128,681,516,459,88,907,988,21,475,879,732,745,829,894,258,305,863,930,830,343,689,130,433,981,83,812,147,495,253,541,959,868,337,78,74,72,75,77,73,71,69,58,81,71,85,69,76,70,75,77,76,80,75,72,74,66,69,79,75,79,71,81,75,88,83
[ 81.980891] [AOA] Measurement: 0,1627127530.007695,08:55:31:9b:05:29,2,1,2,0,128,114,290,971,901,921,1010,562,675,366,904,772,866,509,517,872,47,500,17,303,694,196,469,547,278,771,116,499,258,590,952,768,190,75,72,69,74,76,73,71,68,55,80,68,80,66,71,70,74,75,75,77,74,69,73,64,66,77,70,73,70,82,73,86,79
[ 82.023326] [AOA] Measurement: 0,1627127530.050126,08:55:31:9b:05:29,2,1,2,0,128,93,304,949,917,295,787,1013,442,829,718,350,78,418,471,947,92,452,1017,769,486,658,237,517,276,123,891,984,74,946,656,772,319,78,74,73,74,78,74,72,70,57,81,68,83,67,73,69,74,76,75,77,73,71,73,66,68,78,72,75,72,82,75,87,81
[ 82.074326] [AOA] Measurement: 0,1627127530.101127,08:55:31:9b:05:29,2,1,2,0,128,647,491,478,81,897,3,581,714,394,906,752,858,986,331,868,16,922,840,342,725,206,478,511,302,798,132,491,229,585,937,312,782,83,78,74,80,81,76,75,76,57,83,72,82,68,76,70,76,78,77,82,75,74,73,65,69,82,76,82,69,80,76,87,81
[ 82.118931] [AOA] Measurement: 0,1627127530.145731,08:55:31:9b:05:29,2,1,2,0,128,6,245,858,854,343,801,63,531,875,746,813,926,442,487,287,871,871,822,777,505,577,215,986,78,163,889,21,71,969,728,746,281,81,79,75,79,80,76,74,73,58,82,74,86,69,76,73,77,79,80,82,76,73,73,67,69,80,73,81,71,83,77,88,83
[ 82.162381] [AOA] Measurement: 0,1627127530.189187,08:55:31:9b:05:29,2,1,2,0,128,711,538,429,55,886,980,577,644,859,697,761,817,933,299,369,908,958,875,374,708,208,468,505,261,674,26,24,147,521,905,416,873,81,80,75,81,82,76,73,70,58,80,73,83,68,75,69,75,80,79,81,77,73,74,67,69,81,76,81,71,83,78,88,83
[ 82.206086] [AOA] Measurement: 0,1627127530.232893,08:55:31:9b:05:29,2,1,2,0,128,105,283,864,850,323,792,100,529,401,954,805,912,417,505,896,82,492,46,348,710,621,252,900,22,140,877,962,47,963,691,321,908,82,79,76,80,82,76,75,73,58,83,75,86,68,76,71,77,79,78,80,78,73,75,66,71,83,78,82,72,82,76,90,83
[ 82.251390] [AOA] Measurement: 0,1627127530.278198,08:55:31:9b:05:29,2,1,2,0,128,52,234,930,885,341,803,636,736,387,926,339,77,494,521,924,67,466,13,276,674,151,458,491,270,206,932,1000,70,610,989,482,904,80,76,74,78,79,74,74,72,55,81,71,82,66,72,71,73,76,76,79,74,72,72,67,69,80,75,80,72,85,76,88,82
[ 82.291099] [AOA] Measurement: 0,1627127530.317899,08:55:31:9b:05:29,2,1,2,0,128,648,448,486,107,915,1008,626,665,433,980,404,91,522,533,921,65,428,992,284,673,211,475,561,326,699,92,469,228,590,956,875,339,79,75,74,77,79,77,73,73,56,82,73,84,67,75,71,75,78,76,79,75,72,74,65,68,79,75,79,71,81,75,87,83
[ 82.339965] [AOA] Measurement: 0,1627127530.366772,08:55:31:9b:05:29,2,1,2,0,128,65,250,868,887,362,807,21,494,788,688,716,829,899,267,272,817,915,824,774,483,637,231,964,64,182,872,962,35,594,915,109,607,81,81,77,79,79,76,74,75,59,85,76,84,68,76,71,78,79,80,82,76,73,75,67,69,80,74,83,71,79,76,86,80
[ 82.379042] [AOA] Measurement: 0,1627127530.405849,08:55:31:9b:05:29,2,1,2,0,128,679,515,462,109,845,985,617,690,328,894,269,44,897,289,377,903,427,1013,347,715,668,267,1000,85,751,92,542,229,539,906,523,1010,79,79,73,80,78,74,74,74,57,82,74,85,68,75,71,75,79,77,82,77,74,75,68,69,80,75,78,70,81,77,88,81
[ 82.418358] [AOA] Measurement: 0,1627127530.445163,08:55:31:9b:05:29,2,1,2,0,128,631,493,962,911,921,1002,538,632,866,711,773,866,958,290,939,76,504,32,346,666,214,446,537,302,723,75,499,252,503,910,257,779,81,81,78,81,82,75,74,76,59,86,76,85,68,77,71,78,78,79,82,76,76,76,67,69,82,76,82,69,79,78,87,81
[ 82.464960] [AOA] Measurement: 0,1627127530.491761,08:55:31:9b:05:29,2,1,2,0,128,673,530,495,74,863,1001,556,666,843,728,738,839,959,282,327,887,971,863,346,684,213,465,464,258,749,87,574,277,507,926,435,902,80,80,75,80,81,77,74,74,58,84,76,83,68,78,69,77,79,77,83,76,75,75,69,70,85,78,84,70,80,77,86,79
[ 82.511591] [AOA] Measurement: 0,1627127530.538398,08:55:31:9b:05:29,2,1,2,0,128,734,571,914,907,315,807,6,460,878,724,782,846,968,313,922,75,950,852,818,513,650,246,539,329,800,87,533,272,541,921,550,992,82,85,77,83,82,71,72,71,58,84,75,84,66,75,69,72,77,76,83,76,74,74,65,66,81,74,82,68,75,75,84,79
[ 82.556559] [AOA] Measurement: 0,1627127530.583364,08:55:31:9b:05:29,2,1,2,0,128,685,517,448,50,882,1013,40,488,364,912,338,77,468,547,896,62,496,13,328,690,129,457,470,259,695,40,571,288,661,988,143,505,75,74,68,73,74,74,69,69,56,78,69,79,67,71,71,72,77,75,77,74,70,73,66,68,80,74,79,72,83,74,86,82
[ 82.600467] [AOA] Measurement: 0,1627127530.627267,08:55:31:9b:05:29,2,1,2,0,128,100,346,893,867,314,807,102,543,378,902,327,40,507,516,956,79,479,1011,305,657,149,461,504,283,755,79,554,276,542,941,508,1017,84,81,78,81,84,75,77,74,58,84,78,84,67,77,72,77,79,80,81,77,74,76,68,69,84,77,85,72,83,78,87,82
[ 82.643874] [AOA] Measurement: 0,1627127530.670681,08:55:31:9b:05:29,2,1,2,0,128,662,491,417,13,271,756,16,472,807,692,866,942,468,479,886,49,489,28,334,711,174,480,464,298,729,69,542,268,500,874,249,747,82,80,76,80,81,76,75,74,59,85,76,86,68,78,73,78,80,78,81,75,72,72,67,68,81,77,82,70,81,77,88,82
[ 82.687313] [AOA] Measurement: 0,1627127530.714119,08:55:31:9b:05:29,2,1,2,0,128,772,636,526,118,892,14,583,695,404,943,332,87,399,468,924,68,514,38,372,755,182,466,510,293,733,88,494,197,595,975,374,768,76,73,72,73,75,75,72,69,55,81,71,83,67,74,70,74,77,78,79,74,71,74,65,69,80,75,78,72,83,77,87,82
[ 82.736629] [AOA] Measurement: 0,1627127530.763430,08:55:31:9b:05:29,2,1,2,0,128,99,275,959,941,901,965,64,519,810,702,726,868,938,347,330,882,1006,860,398,757,188,486,561,332,714,57,3,39,570,911,198,790,82,83,74,80,80,75,74,73,59,83,75,84,68,75,72,76,78,79,82,77,74,75,69,68,82,76,82,71,81,77,85,81
[ 82.781767] [AOA] Measurement: 0,1627127530.808574,08:55:31:9b:05:29,2,1,2,0,128,134,347,507,134,847,980,534,644,399,944,352,86,449,521,921,87,503,12,372,744,213,476,518,273,768,117,526,276,537,925,733,187,84,81,78,80,81,77,76,76,59,84,77,86,70,78,74,80,80,81,82,78,74,76,69,72,82,77,83,72,81,78,88,82
[ 82.820936] [AOA] Measurement: 0,1627127530.847742,08:55:31:9b:05:29,2,1,2,0,128,703,550,484,83,875,975,579,672,401,929,782,849,931,279,940,62,487,28,289,700,592,235,517,298,739,101,542,240,507,880,421,915,81,79,75,77,79,74,72,72,56,82,73,85,69,75,71,76,77,79,80,76,71,74,65,69,80,73,80,71,83,75,89,82
[ 82.865929] [AOA] Measurement: 0,1627127530.892736,08:55:31:9b:05:29,2,1,2,0,128,629,518,455,38,880,1005,573,657,496,990,282,65,462,532,929,93,479,43,330,718,184,481,556,323,763,108,556,288,524,912,940,305,82,78,74,77,81,76,73,70,57,82,72,82,68,75,70,74,75,76,79,75,71,74,66,68,80,77,80,71,82,76,87,82
[ 82.910045] [AOA] Measurement: 0,1627127530.936846,08:55:31:9b:05:29,2,1,2,0,128,145,334,966,912,868,5,586,688,368,917,781,869,450,500,894,61,489,1014,744,469,680,271,972,52,154,913,51,116,590,948,178,618,80,76,74,76,80,74,73,73,58,82,75,86,67,75,72,77,79,79,81,75,73,75,66,69,79,76,81,72,81,78,90,83
[ 82.953323] [AOA] Measurement: 0,1627127530.980129,08:55:31:9b:05:29,2,1,2,0,128,637,510,466,56,272,770,39,457,836,734,774,888,897,251,925,37,549,51,308,731,208,462,445,230,159,900,977,46,1000,705,52,612,80,81,76,79,81,76,76,76,58,84,76,84,67,77,71,76,79,77,82,76,74,75,66,70,83,76,84,71,81,78,85,81
[ 82.996971] [AOA] Measurement: 0,1627127531.023776,08:55:31:9b:05:29,2,1,2,0,128,124,299,493,107,895,1022,634,721,381,933,333,45,410,501,332,865,991,851,373,737,178,456,566,330,704,54,67,110,517,919,759,299,79,79,75,78,81,75,74,73,58,83,72,83,68,74,70,74,78,78,80,76,71,73,66,69,81,74,79,71,83,74,88,83
[ 83.043897] [AOA] Measurement: 0,1627127531.070698,08:55:31:9b:05:29,2,1,2,0,128,652,499,504,103,856,964,25,466,410,936,753,851,911,281,345,882,988,863,759,457,569,212,986,81,137,873,995,54,991,733,786,340,79,78,74,77,79,74,72,71,59,82,73,84,67,77,72,77,79,78,82,76,73,74,66,70,80,75,82,72,82,76,86,80
[ 83.090392] [AOA] Measurement: 0,1627127531.117198,08:55:31:9b:05:29,2,1,2,0,128,87,307,428,44,889,998,582,676,393,917,294,30,406,457,903,67,959,876,360,759,183,452,592,340,771,95,483,247,540,953,409,904,82,78,75,78,81,75,76,74,58,83,72,84,67,75,70,75,79,77,79,77,73,74,66,69,79,76,80,73,83,77,87,82
[ 83.134514] [AOA] Measurement: 0,1627127531.161320,08:55:31:9b:05:29,2,1,2,0,128,83,320,900,903,340,766,613,667,388,917,319,37,443,532,899,63,399,986,313,670,144,447,493,275,111,869,1021,115,535,929,188,589,84,84,79,83,83,77,75,75,59,84,76,85,68,75,69,75,77,77,82,76,73,72,68,69,81,74,82,69,79,77,86,81
[ 83.187056] [AOA] Measurement: 0,1627127531.213862,08:55:31:9b:05:29,2,1,2,0,128,659,505,442,59,334,780,71,504,385,954,278,24,354,443,904,101,481,1019,375,772,184,494,484,281,690,49,6,103,1009,708,189,755,81,80,76,78,80,77,75,74,59,84,75,85,68,76,71,75,78,79,82,78,75,74,68,70,84,77,83,72,82,78,87,83
[ 83.235274] [AOA] Measurement: 0,1627127531.262075,08:55:31:9b:05:29,2,1,2,0,128,141,298,958,905,328,810,610,654,378,949,318,54,457,515,901,99,511,29,325,693,126,423,517,289,752,54,997,47,937,662,48,777,73,68,65,68,70,70,67,64,52,74,61,73,60,64,63,68,67,67,70,66,60,68,59,63,70,67,66,66,76,67,80,74
[ 83.281088] [AOA] Measurement: 0,1627127531.307893,08:55:31:9b:05:29,2,1,2,0,128,688,545,412,4,308,795,19,458,903,727,778,882,467,505,901,82,447,12,243,658,187,439,553,311,836,155,538,319,594,956,462,800,81,82,75,81,78,75,75,73,58,83,74,84,68,76,71,75,78,77,80,75,71,75,65,71,82,74,80,72,81,76,87,81
[ 83.325726] [AOA] Measurement: 0,1627127531.352534,08:55:31:9b:05:29,2,1,2,0,128,117,301,930,892,361,818,1015,458,899,741,762,866,888,242,261,849,944,837,773,458,668,262,986,79,171,882,944,21,27,735,92,704,79,77,73,78,79,76,72,71,59,82,71,84,69,76,72,76,79,79,80,76,72,73,65,68,78,76,79,71,81,76,87,80
[ 83.369965] [AOA] Measurement: 0,1627127531.396766,08:55:31:9b:05:29,2,1,2,0,128,641,515,454,82,908,6,610,713,394,927,343,39,513,521,925,84,499,10,275,679,190,474,510,267,149,920,0,81,988,691,137,718,76,73,69,74,74,73,70,67,54,76,66,79,65,69,68,70,72,73,73,72,67,70,63,66,73,71,70,69,78,69,83,77
[ 83.412279] [AOA] Measurement: 0,1627127531.439083,08:55:31:9b:05:29,2,1,2,0,128,60,267,992,949,356,807,588,687,815,720,702,848,877,262,357,909,947,848,791,448,609,241,1004,103,257,944,567,266,983,696,273,939,80,77,74,79,79,74,72,72,56,81,71,84,68,75,69,74,77,78,79,74,72,74,66,68,81,74,78,71,82,76,89,81
[ 83.458841] [AOA] Measurement: 0,1627127531.485641,08:55:31:9b:05:29,2,1,2,0,128,151,344,415,48,306,777,1004,471,874,733,794,877,448,481,324,886,540,33,305,697,177,438,549,292,744,62,516,230,506,904,69,642,84,86,80,84,85,74,74,75,58,84,79,86,67,79,71,77,80,77,85,76,72,73,64,66,80,73,82,65,73,73,81,74
[ 83.506900] [AOA] Measurement: 0,1627127531.533707,08:55:31:9b:05:29,2,1,2,0,128,680,523,480,100,965,41,570,685,802,660,748,842,884,273,370,886,935,837,345,732,611,257,496,279,722,119,550,280,510,898,939,412,80,76,75,77,81,76,74,73,56,83,74,83,65,74,70,75,76,78,80,76,74,75,67,70,83,77,81,71,82,76,86,83
[ 83.555838] [AOA] Measurement: 0,1627127531.582642,08:55:31:9b:05:29,2,1,2,0,128,726,563,510,109,855,988,600,680,379,931,316,20,439,495,915,84,430,989,328,710,178,473,510,326,791,129,585,311,636,992,424,794,81,77,74,79,80,76,73,72,58,83,75,85,68,76,70,76,77,77,80,74,72,72,64,68,81,75,81,69,80,77,88,81
[ 83.598784] [AOA] Measurement: 0,1627127531.625584,08:55:31:9b:05:29,2,1,2,0,128,700,557,513,122,859,982,598,710,399,951,299,60,448,501,929,75,488,23,322,733,191,473,443,237,720,104,549,303,562,924,79,478,82,83,76,81,82,75,76,75,58,83,76,86,68,76,70,76,79,78,82,77,75,75,67,70,83,76,83,70,79,77,87,82
[ 83.643283] [AOA] Measurement: 0,1627127531.670083,08:55:31:9b:05:29,2,1,2,0,128,701,589,467,66,868,1004,506,644,400,945,750,896,832,250,358,860,938,834,804,512,690,308,533,294,799,107,507,266,553,952,22,418,79,79,74,79,78,74,73,70,57,81,72,83,67,73,70,75,75,74,79,75,71,73,67,68,80,76,81,70,80,73,85,81
[ 83.693682] [AOA] Measurement: 0,1627127531.720483,08:55:31:9b:05:29,2,1,2,0,128,647,509,461,115,935,9,579,688,342,908,326,37,427,487,308,863,962,900,809,522,160,442,958,73,184,916,986,54,576,923,136,616,77,76,72,75,76,74,73,70,56,80,67,84,65,69,68,72,74,73,76,72,68,70,64,65,78,72,75,72,80,73,83,80
[ 83.747345] [AOA] Measurement: 0,1627127531.774151,08:55:31:9b:05:29,2,1,2,0,128,114,311,918,853,339,803,27,457,854,744,771,856,888,247,387,895,923,822,847,545,228,531,496,285,795,111,518,279,551,905,991,483,80,78,74,77,81,76,74,71,58,83,75,84,68,74,70,76,77,76,78,75,71,73,66,70,82,76,81,73,82,77,89,82
[ 83.793121] [AOA] Measurement: 0,1627127531.819924,08:55:31:9b:05:29,2,1,2,0,128,95,263,951,899,300,781,23,481,904,773,773,883,940,290,345,895,535,69,290,713,99,399,524,282,783,106,545,295,562,933,332,725,83,84,77,83,84,74,75,77,59,86,78,86,68,78,71,78,77,75,81,77,76,75,67,71,85,78,85,70,79,77,86,81
[ 83.843434] [AOA] Measurement: 0,1627127531.870235,08:55:31:9b:05:29,2,1,2,0,128,684,532,449,68,888,999,562,652,421,944,291,48,439,494,984,105,511,63,343,713,194,490,517,307,780,131,501,273,530,926,111,553,78,77,73,78,79,76,72,71,57,82,71,81,66,73,70,75,77,76,79,73,71,73,66,68,79,74,79,70,83,76,89,83
[ 83.886264] [AOA] Measurement: 0,1627127531.913067,08:55:31:9b:05:29,2,1,2,0,128,181,372,961,940,293,790,592,703,355,891,784,887,939,303,335,902,976,848,832,511,147,440,481,260,185,941,950,58,999,741,439,1017,77,74,71,75,79,75,73,70,57,81,70,82,65,70,69,73,75,76,78,75,70,73,65,68,77,75,78,71,82,74,86,82
[ 83.930809] [AOA] Measurement: 0,1627127531.957612,08:55:31:9b:05:29,2,1,2,0,128,665,486,483,98,856,959,623,708,390,922,258,9,960,312,910,79,490,12,302,696,145,426,486,238,776,93,544,313,611,954,636,995,74,70,67,70,73,74,68,65,53,73,65,78,64,67,67,71,71,71,74,70,66,69,62,64,74,69,71,69,78,70,81,76
[ 83.973682] [AOA] Measurement: 0,1627127532.000488,08:55:31:9b:05:29,2,1,2,0,128,104,255,877,875,334,774,12,428,852,719,801,885,879,292,917,69,475,14,304,659,624,230,966,78,763,92,557,288,514,946,956,302,83,81,78,81,82,75,75,74,58,86,75,84,68,75,69,77,79,78,82,77,73,75,66,67,82,77,82,70,80,74,86,82
[ 84.017121] [AOA] Measurement: 0,1627127532.043927,08:55:31:9b:05:29,2,1,2,0,128,92,311,910,889,307,762,27,446,831,685,756,846,905,258,370,903,962,856,345,747,225,481,440,269,713,77,956,64,609,949,987,433,78,74,70,75,76,74,71,71,54,77,68,79,66,70,69,73,74,76,75,72,69,70,63,66,74,71,73,70,80,71,84,79
[ 84.060522] [AOA] Measurement: 0,1627127532.087328,08:55:31:9b:05:29,2,1,2,0,128,707,500,923,895,860,995,614,686,467,988,287,94,380,443,909,90,471,32,237,637,168,447,544,282,841,115,494,233,529,929,906,505,79,75,70,77,77,76,73,69,57,80,71,79,65,72,68,73,73,76,77,73,70,73,64,67,78,71,74,71,80,73,84,80
[ 84.100519] [AOA] Measurement: 0,1627127532.127320,08:55:31:9b:05:29,2,1,2,0,128,152,353,927,919,867,1002,623,699,380,922,311,46,863,254,344,895,11,929,308,667,171,455,1004,105,168,902,24,94,1022,729,353,950,79,74,73,75,77,74,70,67,54,78,68,81,65,71,69,72,76,74,75,72,68,71,64,66,76,73,73,70,80,72,83,78
[ 84.144006] [AOA] Measurement: 0,1627127532.170807,08:55:31:9b:05:29,2,1,2,0,128,750,584,444,78,898,995,618,736,436,967,265,43,511,510,823,1022,480,2,357,724,169,479,537,305,732,79,586,318,504,912,823,260,74,73,67,72,71,70,70,65,52,75,64,77,64,68,67,71,72,72,74,70,66,69,62,66,74,71,73,69,81,71,83,78
[ 84.194532] [AOA] Measurement: 0,1627127532.221334,08:55:31:9b:05:29,2,1,2,0,128,738,579,486,101,890,1003,642,677,426,937,297,44,383,476,303,859,451,1016,299,670,250,512,549,355,779,113,589,323,605,984,611,919,76,74,70,73,75,73,71,68,54,77,66,77,67,68,68,71,73,75,74,71,68,71,63,66,76,72,74,70,81,71,86,78
[ 84.241030] [AOA] Measurement: 0,1627127532.267835,08:55:31:9b:05:29,2,1,2,0,128,81,269,918,893,307,810,42,489,877,712,775,873,918,275,407,874,941,837,362,753,178,472,567,314,707,83,475,226,995,746,916,472,76,73,72,75,76,74,72,71,54,77,70,81,67,72,70,74,76,76,76,75,71,72,65,67,76,71,75,70,79,73,84,78
[ 84.285512] [AOA] Measurement: 0,1627127532.312318,08:55:31:9b:05:29,2,1,2,0,128,643,468,943,916,364,835,21,472,801,710,836,932,433,506,910,19,499,1023,305,691,218,492,509,289,798,159,530,268,548,898,985,418,82,78,77,80,83,78,75,75,58,86,75,85,68,77,71,76,77,78,82,76,74,75,66,70,82,76,83,70,81,78,88,81
[ 84.329599] [AOA] Measurement: 0,1627127532.356400,08:55:31:9b:05:29,2,1,2,0,128,131,330,938,894,260,763,39,488,837,705,720,844,959,366,297,862,903,821,705,426,556,155,1019,94,195,910,1003,78,29,764,953,409,82,83,76,80,82,75,75,73,58,84,77,85,66,75,70,78,78,79,81,76,73,76,67,69,82,75,81,69,79,73,88,82
[ 84.375013] [AOA] Measurement: 0,1627127532.401817,08:55:31:9b:05:29,2,1,2,0,128,698,511,460,72,872,1001,603,682,344,884,317,55,441,508,901,83,485,19,308,659,144,427,481,258,741,84,549,273,602,989,198,664,81,80,76,78,79,74,73,74,57,82,77,85,70,77,71,73,77,76,84,77,75,74,67,70,84,76,83,69,79,76,84,76
[ 84.419313] [AOA] Measurement: 0,1627127532.446118,08:55:31:9b:05:29,2,1,2,0,128,653,505,476,127,879,1014,654,717,373,939,297,40,417,452,947,85,477,4,310,687,144,437,504,269,754,83,622,348,548,924,629,943,79,76,73,77,78,74,74,71,56,82,70,84,68,73,70,74,76,77,77,75,71,73,66,69,77,73,77,69,80,74,86,80
[ 84.458490] [AOA] Measurement: 0,1627127532.485290,08:55:31:9b:05:29,2,1,2,0,128,735,570,459,62,874,11,638,711,404,933,296,67,887,245,934,38,548,40,347,715,275,579,527,307,701,69,513,244,536,895,757,228,77,70,67,73,74,73,69,66,56,78,66,79,65,69,67,70,75,74,75,71,66,71,63,65,75,72,76,70,80,73,84,79
[ 84.509950] [AOA] Measurement: 0,1627127532.536756,08:55:31:9b:05:29,2,1,2,0,128,148,326,493,71,326,810,49,484,413,923,292,21,902,247,311,829,1022,912,778,483,167,436,899,41,216,934,984,49,583,961,39,468,78,77,73,79,78,75,73,71,56,81,74,83,67,76,71,75,78,79,79,75,69,73,63,68,80,75,79,72,83,77,89,83
[ 84.553756] [AOA] Measurement: 0,1627127532.580562,08:55:31:9b:05:29,2,1,2,0,128,661,493,410,20,868,988,543,685,403,936,305,41,417,451,401,884,475,36,336,703,144,454,498,294,688,72,502,240,564,919,25,377,78,77,74,79,79,73,72,69,57,81,74,84,67,77,72,77,78,78,83,76,75,75,66,70,82,78,82,71,81,75,88,80
[ 84.597710] [AOA] Measurement: 0,1627127532.624517,08:55:31:9b:05:29,2,1,2,0,128,662,530,411,36,874,956,597,663,438,969,355,88,419,472,958,76,433,991,309,694,602,241,556,324,692,41,524,258,491,900,591,73,79,77,73,78,78,75,73,72,57,83,73,84,65,73,71,76,77,79,81,78,72,76,67,70,82,76,80,71,83,78,87,81
[ 84.635838] [AOA] Measurement: 0,1627127532.662644,08:55:31:9b:05:29,2,1,2,0,128,724,561,480,66,319,816,650,687,435,967,329,61,432,494,862,36,904,838,779,478,651,313,946,86,784,127,502,234,521,907,832,265,81,78,73,78,77,74,73,71,56,80,70,82,67,75,70,75,77,76,78,74,71,74,64,68,77,73,77,71,81,74,84,79
[ 84.682211] [AOA] Measurement: 0,1627127532.709017,08:55:31:9b:05:29,2,1,2,0,128,746,571,420,8,819,984,641,687,428,942,352,105,310,389,316,827,961,829,838,525,205,480,518,283,744,140,529,277,555,949,905,346,81,77,73,79,80,76,73,73,59,84,74,84,68,75,70,73,78,78,81,75,75,75,67,69,83,76,80,70,81,76,86,82
[ 84.732896] [AOA] Measurement: 0,1627127532.759697,08:55:31:9b:05:29,2,1,2,0,128,36,251,930,895,279,778,43,498,843,724,781,870,909,280,928,75,520,47,333,671,591,201,943,38,205,910,12,92,554,950,319,835,81,77,75,77,79,74,73,72,58,83,74,83,67,75,71,77,77,78,81,76,72,73,65,70,81,76,80,71,82,76,87,81
[ 84.788132] [AOA] Measurement: 0,1627127532.814934,08:55:31:9b:05:29,2,1,2,0,128,129,297,906,888,343,791,79,510,346,890,342,71,439,473,328,890,928,813,806,492,647,264,926,48,197,915,954,66,983,712,872,412,79,79,73,78,78,75,73,73,59,83,75,84,67,77,72,77,79,77,82,77,74,75,65,70,82,75,82,71,82,76,89,82
[ 84.832118] [AOA] Measurement: 0,1627127532.858919,08:55:31:9b:05:29,2,1,2,0,128,696,523,468,62,864,993,628,749,419,954,318,74,476,548,909,47,445,1020,326,677,210,492,438,197,219,946,983,78,561,921,465,947,81,83,79,83,83,76,76,74,59,84,76,84,67,75,70,77,77,77,83,77,74,75,68,71,84,77,84,70,80,74,84,79
[ 84.880582] [AOA] Measurement: 0,1627127532.907387,08:55:31:9b:05:29,2,1,2,0,128,719,543,472,78,852,999,1010,471,859,745,309,79,508,523,801,1011,922,834,785,498,632,265,517,298,199,938,1016,105,538,934,0,510,78,75,73,77,78,75,71,71,57,81,68,80,67,70,71,72,76,76,77,72,69,71,64,66,75,73,75,69,80,74,86,80
[ 84.919502] [AOA] Measurement: 0,1627127532.946307,08:55:31:9b:05:29,2,1,2,0,128,650,515,521,153,898,967,642,754,414,945,273,40,879,267,300,865,1004,858,784,485,219,466,539,317,740,98,563,282,544,933,722,180,81,80,76,79,79,74,72,70,58,81,73,82,69,71,69,73,78,77,80,76,72,74,66,68,78,75,81,72,83,78,88,82
[ 84.957870] [AOA] Measurement: 0,1627127532.984677,08:55:31:9b:05:29,2,1,2,0,128,164,338,493,79,876,952,616,712,338,924,311,70,432,480,858,56,506,30,339,713,606,260,933,92,164,896,1017,67,577,936,272,710,84,83,78,83,83,75,75,75,58,84,77,83,68,76,72,77,79,79,83,77,74,74,67,71,83,76,82,70,79,78,85,81
[ 85.001059] [AOA] Measurement: 0,1627127533.027866,08:55:31:9b:05:29,2,1,2,0,128,704,530,499,100,820,950,58,537,388,892,319,55,409,459,327,852,979,888,366,733,190,474,501,289,706,84,481,234,991,687,677,333,83,85,77,83,80,71,74,73,57,83,77,85,67,78,72,79,79,78,82,76,75,75,67,70,84,76,83,70,78,76,85,79
[ 85.039984] [AOA] Measurement: 0,1627127533.066785,08:55:31:9b:05:29,2,1,2,0,128,711,521,447,59,829,939,83,495,838,702,842,914,946,312,366,890,471,16,803,530,619,230,986,95,725,60,969,53,973,684,424,48,82,79,76,79,79,76,72,73,58,83,75,85,66,76,72,76,78,79,80,77,73,75,66,70,80,76,83,71,82,78,89,85
[ 85.083380] [AOA] Measurement: 0,1627127533.110181,08:55:31:9b:05:29,2,1,2,0,128,671,535,415,63,892,1000,575,686,851,718,783,900,438,505,907,42,520,42,357,708,616,239,472,262,702,66,643,355,637,1021,627,885,79,77,74,79,80,75,73,70,57,82,73,85,68,75,73,77,79,77,81,75,74,75,66,70,80,76,81,71,84,78,87,84
[ 85.134203] [AOA] Measurement: 0,1627127533.161004,08:55:31:9b:05:29,2,1,2,0,128,678,540,459,60,820,960,52,466,889,729,785,866,966,326,919,77,441,1005,341,701,589,231,585,370,792,122,477,240,578,958,898,293,76,74,69,76,75,73,72,69,57,78,69,81,66,72,69,72,75,75,77,72,71,73,64,68,79,74,77,73,82,74,86,78
[ 85.180351] [AOA] Measurement: 0,1627127533.207156,08:55:31:9b:05:29,2,1,2,0,128,121,312,915,882,350,794,35,462,890,753,802,898,882,271,365,880,484,35,357,729,138,456,460,207,147,896,1022,90,1011,747,970,430,81,82,74,80,82,76,74,73,58,84,76,85,68,78,73,76,77,77,81,75,75,76,68,73,84,76,83,70,81,76,88,81
[ 85.227295] [AOA] Measurement: 0,1627127533.254098,08:55:31:9b:05:29,2,1,2,0,128,686,537,481,83,870,1001,685,798,419,961,389,122,441,511,949,84,450,23,342,709,146,469,564,318,739,135,565,290,572,922,339,728,81,81,76,82,82,73,76,77,59,86,78,87,67,79,70,77,79,77,83,75,75,74,65,69,81,72,82,67,76,74,79,77
[ 85.270664] [AOA] Measurement: 0,1627127533.297470,08:55:31:9b:05:29,2,1,2,0,128,747,569,508,106,925,7,666,739,411,933,294,63,419,484,822,1012,903,820,756,457,664,264,1020,154,736,112,449,205,27,755,486,1017,81,78,77,80,80,76,74,73,58,83,73,84,69,74,72,76,77,77,80,76,70,74,66,69,80,75,80,71,82,75,87,83
[ 85.309485] [AOA] Measurement: 0,1627127533.336286,08:55:31:9b:05:29,2,1,2,0,128,657,537,475,91,890,1008,559,655,431,945,282,41,473,503,933,96,435,1015,317,699,124,415,985,101,744,85,551,292,554,959,791,229,82,85,80,82,79,73,72,75,58,86,79,86,66,77,69,74,75,76,81,76,73,71,64,67,82,72,83,65,75,73,82,77
[ 85.352733] [AOA] Measurement: 0,1627127533.379533,08:55:31:9b:05:29,2,1,2,0,128,694,539,470,67,933,9,627,689,390,911,312,48,427,450,327,875,1015,886,296,652,195,474,533,294,697,47,537,260,584,961,681,130,77,76,73,80,78,74,73,72,56,80,73,84,68,76,70,75,77,76,82,75,75,75,65,68,83,76,83,70,79,75,84,77
[ 85.403527] [AOA] Measurement: 0,1627127533.430327,08:55:31:9b:05:29,2,1,2,0,128,635,508,429,56,928,1003,657,729,412,967,284,38,421,467,297,874,921,841,695,423,609,208,1010,78,193,921,905,4,1016,715,429,17,77,77,74,78,79,75,74,72,56,80,70,82,66,72,70,74,76,76,79,76,72,73,65,70,80,74,78,71,81,74,87,82
[ 85.442773] [AOA] Measurement: 0,1627127533.469578,08:55:31:9b:05:29,2,1,2,0,128,123,329,460,42,848,957,46,504,839,721,808,919,435,500,395,927,473,20,291,687,175,431,486,257,694,65,47,111,998,713,958,594,80,77,76,77,78,75,73,70,54,79,70,81,67,72,69,75,75,76,79,75,71,74,66,69,82,75,80,72,83,74,86,82
[ 85.486673] [AOA] Measurement: 0,1627127533.513478,08:55:31:9b:05:29,2,1,2,0,128,690,508,518,92,327,788,683,734,448,988,403,90,480,525,924,70,421,2,330,680,184,459,540,298,718,60,511,236,1017,717,184,768,78,75,74,76,78,75,70,72,56,80,71,84,68,74,71,75,77,78,78,74,70,72,65,70,81,78,81,72,82,78,88,82
[ 85.533955] [AOA] Measurement: 0,1627127533.560755,08:55:31:9b:05:29,2,1,2,0,128,91,333,507,92,937,22,642,710,384,932,338,37,434,481,886,55,423,1010,754,452,620,227,919,30,216,914,986,58,15,724,115,626,78,77,73,77,78,76,72,70,56,78,71,81,66,71,69,73,76,75,79,75,72,73,66,69,79,75,79,73,83,75,88,81
[ 85.583920] [AOA] Measurement: 0,1627127533.610720,08:55:31:9b:05:29,2,1,2,0,128,693,567,480,96,871,1007,585,704,351,910,834,929,460,514,960,94,457,17,340,788,203,490,520,324,757,121,529,268,554,924,349,723,83,83,79,82,83,76,76,75,57,85,76,85,67,77,69,77,76,77,81,76,76,76,66,70,83,77,84,71,82,78,86,82
[ 85.637653] [AOA] Measurement: 0,1627127533.664457,08:55:31:9b:05:29,2,1,2,0,128,729,568,485,97,903,1,596,717,486,1003,322,68,484,558,870,31,533,33,310,676,171,415,556,337,774,99,501,222,543,919,776,236,82,83,78,79,81,77,75,75,60,85,76,84,67,76,70,77,78,77,82,79,75,73,67,71,82,77,84,70,80,78,86,80
[ 85.681486] [AOA] Measurement: 0,1627127533.708291,08:55:31:9b:05:29,2,1,2,0,128,119,326,923,892,908,1019,968,416,824,693,754,829,927,297,280,851,990,836,859,558,172,467,528,279,715,46,1010,101,1017,709,737,319,82,83,77,82,81,76,75,76,59,87,76,84,67,77,72,77,79,79,84,78,75,76,66,71,79,74,80,69,81,75,86,79
[ 85.720442] [AOA] Measurement: 0,1627127533.747247,08:55:31:9b:05:29,2,1,2,0,128,740,599,463,109,890,980,566,700,419,969,316,60,437,464,884,41,525,22,272,679,200,500,532,310,798,130,523,265,619,983,472,813,75,71,70,74,74,72,71,69,54,78,67,79,66,73,68,70,74,72,77,72,70,72,65,69,78,75,77,71,80,74,88,81
[ 85.759007] [AOA] Measurement: 0,1627127533.785812,08:55:31:9b:05:29,2,1,2,0,128,630,489,397,18,306,778,982,457,876,714,813,890,455,490,933,50,441,998,777,521,566,218,974,82,732,56,34,111,473,859,494,1003,81,78,75,78,79,75,75,72,58,82,74,84,69,74,71,77,79,79,80,75,72,74,66,69,80,74,79,69,81,74,89,81
[ 85.803454] [AOA] Measurement: 0,1627127533.830259,08:55:31:9b:05:29,2,1,2,0,128,692,499,894,863,893,973,563,641,407,919,777,841,420,437,905,58,949,856,382,733,148,420,461,270,714,80,483,242,519,898,886,429,81,80,75,80,81,75,74,73,57,83,74,83,69,76,71,78,79,79,80,77,73,74,66,70,80,77,81,71,81,76,88,83
[ 85.846282] [AOA] Measurement: 0,1627127533.873085,08:55:31:9b:05:29,2,1,2,0,128,681,537,446,43,885,999,641,723,448,962,307,38,461,498,914,54,473,1018,797,514,163,462,495,284,654,44,543,297,530,882,718,172,80,82,76,79,83,78,75,72,59,83,73,83,66,75,70,77,80,79,83,79,75,76,67,71,83,76,83,72,82,77,86,82
[ 85.901503] [AOA] Measurement: 0,1627127533.928306,08:55:31:9b:05:29,2,1,2,0,128,703,556,461,93,879,994,555,662,375,923,762,889,486,530,948,111,482,31,246,632,600,227,524,285,762,94,472,252,526,939,134,658,84,87,77,83,83,75,76,75,59,83,77,86,68,77,72,77,79,78,84,79,76,76,66,71,85,75,81,69,82,77,86,80
[ 85.947614] [AOA] Measurement: 0,1627127533.974419,08:55:31:9b:05:29,2,1,2,0,128,700,551,464,44,931,18,642,712,373,899,364,79,476,550,921,83,571,70,310,713,172,474,513,310,756,92,523,265,572,965,136,508,80,79,74,78,77,75,74,72,57,83,72,83,68,74,70,76,77,76,78,74,70,72,65,66,77,75,77,72,81,74,85,81
[ 85.993097] [AOA] Measurement: 0,1627127534.019903,08:55:31:9b:05:29,2,1,2,0,128,642,497,449,88,861,987,665,707,383,913,287,10,887,265,369,881,482,30,331,675,610,213,3,139,160,927,1008,76,533,935,249,788,82,81,75,81,81,77,73,73,58,81,73,85,68,76,71,75,78,79,80,77,74,74,66,71,81,73,80,72,81,76,87,82
[ 86.035405] [AOA] Measurement: 0,1627127534.062208,08:55:31:9b:05:29,2,1,2,0,128,150,358,444,34,339,778,0,475,904,741,323,66,877,264,376,916,537,8,836,539,114,417,990,91,175,906,18,63,24,751,1000,596,78,74,72,76,77,76,71,68,56,79,70,82,67,73,70,72,75,75,77,71,66,72,63,66,75,71,73,68,81,72,84,79
[ 86.077722] [AOA] Measurement: 0,1627127534.104525,08:55:31:9b:05:29,2,1,2,0,128,669,523,552,139,886,1019,561,663,381,935,323,51,465,456,930,73,577,79,361,757,196,518,561,334,722,87,544,274,591,940,16,395,82,85,78,83,84,77,75,75,58,85,78,87,67,77,71,77,77,78,83,77,74,72,66,69,82,78,85,70,79,78,84,79
[ 86.116215] [AOA] Measurement: 0,1627127534.143020,08:55:31:9b:05:29,2,1,2,0,128,618,490,476,88,910,19,643,732,333,912,293,40,935,328,841,46,493,993,782,453,240,507,584,333,729,55,645,315,498,904,958,434,76,70,69,72,74,74,69,66,53,74,66,79,65,70,67,69,71,71,72,69,64,68,60,63,72,71,71,68,76,69,83,78
[ 86.158245] [AOA] Measurement: 0,1627127534.185046,08:55:31:9b:05:29,2,1,2,0,128,49,257,976,923,919,1001,553,684,415,925,293,64,393,448,351,872,952,839,827,494,626,191,1004,87,179,946,546,284,551,934,190,610,80,78,73,77,79,76,72,71,58,82,70,82,65,73,70,74,76,73,78,75,71,72,64,68,80,73,77,69,83,75,87,81
[ 86.202483] [AOA] Measurement: 0,1627127534.229289,08:55:31:9b:05:29,2,1,2,0,128,150,329,474,75,900,31,536,622,405,940,255,30,448,486,271,833,981,847,312,722,138,443,494,301,730,98,565,272,502,914,699,208,78,76,72,76,76,74,72,71,57,77,68,80,64,69,70,72,75,75,76,72,68,71,65,67,74,71,76,71,82,74,86,80
[ 86.244837] [AOA] Measurement: 0,1627127534.271638,08:55:31:9b:05:29,2,1,2,0,128,58,239,915,882,288,795,10,482,844,701,813,888,878,261,329,878,931,835,769,433,673,272,1014,110,743,61,522,270,588,951,524,1018,107,105,99,105,107,98,96,95,75,107,95,110,87,99,91,99,100,99,104,98,94,95,84,91,108,100,106,91,108,100,114,106
[ 86.303204] [AOA] Measurement: 0,1627127534.330011,08:55:31:9b:05:29,2,1,2,0,128,100,300,907,858,285,752,30,478,381,909,287,15,863,254,355,842,945,859,362,669,193,445,517,230,740,63,577,291,549,930,975,464,77,76,72,76,78,76,72,71,58,80,70,82,67,74,71,74,77,77,79,75,71,75,67,69,81,75,79,70,82,74,86,79
[ 86.353145] [AOA] Measurement: 0,1627127534.379950,08:55:31:9b:05:29,2,1,2,0,128,100,301,891,869,388,897,615,723,451,961,294,24,876,276,882,45,439,1005,815,527,669,261,492,299,770,120,582,281,524,915,333,910,76,76,72,75,78,76,73,70,56,81,69,81,66,73,69,73,76,76,75,71,71,73,64,68,76,74,74,70,80,74,88,82
[ 86.404076] [AOA] Measurement: 0,1627127534.430876,08:55:31:9b:05:29,2,1,2,0,128,723,580,477,110,814,970,30,448,885,765,793,872,981,336,852,10,975,873,807,539,588,213,897,19,184,909,14,105,609,950,646,72,81,77,75,79,80,77,74,74,56,84,73,85,68,76,71,75,78,77,78,74,74,75,67,69,83,77,80,72,82,78,89,83
[ 86.456120] [AOA] Measurement: 0,1627127534.482920,08:55:31:9b:05:29,2,1,2,0,128,701,532,906,894,863,986,584,672,382,913,300,21,917,258,963,70,409,985,787,492,202,453,515,272,141,902,978,77,1016,715,500,110,80,79,74,79,80,76,75,74,57,83,74,85,70,75,72,75,78,76,83,76,74,75,67,70,81,77,82,71,83,77,88,81
[ 86.499876] [AOA] Measurement: 0,1627127534.526682,08:55:31:9b:05:29,2,1,2,0,128,689,506,402,46,948,20,580,684,447,952,272,30,379,416,344,877,968,831,853,539,184,463,940,70,184,881,981,27,595,944,841,291,81,80,74,80,81,76,75,72,57,83,73,84,67,76,71,76,79,78,81,76,73,75,65,69,80,75,79,72,83,77,89,84
[ 86.538140] [AOA] Measurement: 0,1627127534.564946,08:55:31:9b:05:29,2,1,2,0,128,641,502,499,82,276,786,8,433,885,735,806,938,525,514,968,94,410,999,307,697,640,240,949,85,725,46,19,127,18,714,100,687,82,83,76,82,81,77,75,77,59,85,77,88,68,79,72,78,78,79,84,77,76,74,67,71,85,75,84,68,78,76,85,80
[ 86.582289] [AOA] Measurement: 0,1627127534.609093,08:55:31:9b:05:29,2,1,2,0,128,697,539,422,79,927,4,560,671,390,922,376,95,448,502,917,62,439,2,745,459,146,428,467,263,705,81,606,313,623,986,530,889,81,82,77,80,82,76,74,73,56,80,74,84,67,75,70,76,79,78,83,77,75,75,66,72,81,78,83,70,83,77,88,82
[ 86.631319] [AOA] Measurement: 0,1627127534.658127,08:55:31:9b:05:29,2,1,2,0,128,676,524,492,97,886,983,628,698,373,895,251,7,400,435,876,50,432,1013,334,700,235,531,565,361,767,135,567,300,574,936,297,638,81,82,76,80,80,76,73,72,55,81,70,83,68,72,71,74,77,78,80,77,74,74,67,68,80,75,81,72,83,78,89,82
[ 86.671331] [AOA] Measurement: 0,1627127534.698132,08:55:31:9b:05:29,2,1,2,0,128,124,326,967,918,854,996,598,674,808,707,832,907,447,460,934,51,461,6,778,466,650,287,1011,96,198,923,997,71,536,908,887,335,79,75,72,75,77,74,73,70,55,79,72,81,68,72,70,74,76,78,78,71,71,73,64,69,80,77,80,72,82,76,87,82
[ 86.719123] [AOA] Measurement: 0,1627127534.745929,08:55:31:9b:05:29,2,1,2,0,128,124,311,986,934,270,768,92,549,363,896,770,886,912,318,925,54,454,0,292,659,581,235,984,78,713,108,620,297,604,988,768,126,81,79,75,78,81,74,74,73,56,82,72,82,69,74,71,76,78,77,79,74,70,73,65,68,81,75,79,71,82,76,85,83
[ 86.763189] [AOA] Measurement: 0,1627127534.789994,08:55:31:9b:05:29,2,1,2,0,128,678,565,556,123,837,975,2,460,897,752,313,74,470,534,805,25,959,863,302,666,186,419,500,277,731,96,965,55,28,737,930,475,81,79,74,79,79,75,71,71,58,82,73,84,67,76,70,75,77,78,80,75,74,73,65,68,81,76,79,71,83,78,87,83
[ 86.807666] [AOA] Measurement: 0,1627127534.834474,08:55:31:9b:05:29,2,1,2,0,128,672,555,416,31,860,1008,564,662,392,914,762,858,959,303,316,852,981,858,756,493,630,279,953,49,190,907,1010,70,47,743,100,670,79,74,68,77,76,74,71,69,56,75,70,80,66,73,71,73,77,76,79,74,72,74,64,68,78,75,80,71,83,75,88,81
[ 86.852243] [AOA] Measurement: 0,1627127534.879046,08:55:31:9b:05:29,2,1,2,0,128,147,374,929,906,320,780,32,464,835,728,768,864,911,253,357,875,484,15,439,766,163,460,880,43,157,903,987,51,31,725,193,733,79,74,73,78,79,76,72,73,59,83,73,84,68,75,70,75,78,77,79,75,72,74,64,70,80,75,78,72,83,74,88,82
[ 86.902336] [AOA] Measurement: 0,1627127534.929137,08:55:31:9b:05:29,2,1,2,0,128,87,300,904,882,322,773,40,449,836,685,799,891,910,275,361,899,934,839,748,463,618,203,1011,131,715,30,1023,72,587,951,711,138,75,71,69,74,75,74,71,69,54,75,67,80,66,73,69,72,75,74,75,72,69,72,66,69,77,73,77,72,82,73,85,79
[ 86.952796] [AOA] Measurement: 0,1627127534.979598,08:55:31:9b:05:29,2,1,2,0,128,148,303,906,915,324,802,22,502,378,935,746,874,910,281,880,39,931,834,812,483,644,256,1013,117,179,879,949,8,17,730,132,841,80,80,77,82,80,74,76,76,59,86,77,86,69,78,71,78,80,78,82,79,74,74,67,70,84,77,84,68,80,78,83,81
[ 86.997381] [AOA] Measurement: 0,1627127535.024188,08:55:31:9b:05:29,2,1,2,0,128,623,521,411,38,912,1006,53,486,826,706,811,882,431,498,912,82,441,0,307,711,613,224,973,97,733,66,511,243,526,932,324,799,75,72,68,73,73,72,69,66,53,76,66,76,64,70,69,71,72,72,75,73,68,71,64,66,78,73,75,71,80,72,86,80
[ 87.041528] [AOA] Measurement: 0,1627127535.068332,08:55:31:9b:05:29,2,1,2,0,128,185,342,938,885,369,843,566,689,364,907,334,31,343,441,295,839,989,888,343,720,114,409,965,73,204,928,1003,62,590,902,362,926,80,77,74,78,80,75,74,72,58,82,73,84,66,75,71,76,78,78,80,76,73,73,67,68,80,75,80,71,84,75,87,81
[ 87.092027] [AOA] Measurement: 0,1627127535.118827,08:55:31:9b:05:29,2,1,2,0,128,132,335,459,78,902,1020,582,684,357,921,764,877,862,264,370,889,942,808,776,476,210,476,580,323,697,64,543,280,540,925,131,624,79,81,75,78,80,74,73,73,59,84,76,86,68,75,71,78,79,78,83,75,73,75,64,67,81,78,83,71,82,77,88,81
[ 87.143370] [AOA] Measurement: 0,1627127535.170171,08:55:31:9b:05:29,2,1,2,0,128,670,525,462,102,812,947,656,715,363,939,788,919,401,444,353,870,508,1015,294,661,149,415,510,278,753,113,606,312,531,937,122,570,80,78,76,80,81,77,75,74,58,82,74,82,69,73,70,76,75,77,78,75,73,72,64,67,80,75,80,71,81,77,87,81
[ 87.186827] [AOA] Measurement: 0,1627127535.213627,08:55:31:9b:05:29,2,1,2,0,128,123,329,912,868,396,852,57,468,824,684,810,883,846,276,332,875,981,848,769,486,627,246,938,52,209,935,29,116,2,737,471,974,81,80,78,82,80,75,75,72,59,86,77,86,69,76,70,78,78,77,82,77,74,74,67,70,84,76,84,71,81,78,87,81
[ 87.230540] [AOA] Measurement: 0,1627127535.257340,08:55:31:9b:05:29,2,1,2,0,128,736,565,452,74,909,1002,637,724,461,978,376,96,385,431,934,45,493,9,314,648,174,419,489,312,736,90,604,281,551,944,921,345,83,85,80,84,84,75,76,78,58,85,78,86,67,79,72,79,80,77,82,75,72,71,63,67,81,75,84,68,79,76,86,81
[ 87.275290] [AOA] Measurement: 0,1627127535.302097,08:55:31:9b:05:29,2,1,2,0,128,685,515,437,71,876,977,614,725,392,893,774,866,905,249,323,859,916,859,321,691,183,467,491,258,799,108,560,291,569,976,383,798,82,82,77,82,81,76,74,75,59,84,75,84,68,78,70,76,80,79,81,76,74,75,66,69,82,75,83,68,76,75,84,81
[ 87.319965] [AOA] Measurement: 0,1627127535.346765,08:55:31:9b:05:29,2,1,2,0,128,132,334,936,877,368,793,658,723,363,942,280,11,447,481,884,53,915,824,743,451,541,194,991,62,175,902,1,67,2,764,148,754,83,81,77,81,81,76,76,73,58,83,74,86,69,76,71,76,76,78,81,75,73,74,64,68,83,75,80,70,83,76,87,83
[ 87.370358] [AOA] Measurement: 0,1627127535.397159,08:55:31:9b:05:29,2,1,2,0,128,676,526,400,45,369,824,51,516,387,901,306,29,405,432,875,17,947,855,363,721,617,185,982,101,730,77,529,295,593,998,515,850,81,78,72,77,81,76,74,71,56,83,72,83,67,73,71,76,76,78,78,73,72,72,65,68,79,74,76,72,81,74,86,79
[ 87.419966] [AOA] Measurement: 0,1627127535.446767,08:55:31:9b:05:29,2,1,2,0,128,721,529,487,119,894,1004,583,722,345,923,320,82,483,519,895,36,486,1,289,632,646,262,920,63,199,924,950,1023,15,732,710,341,80,83,76,79,81,75,74,74,59,85,73,83,67,76,70,75,76,78,81,76,72,73,66,67,80,76,80,73,83,76,87,83
[ 87.463714] [AOA] Measurement: 0,1627127535.490520,08:55:31:9b:05:29,2,1,2,0,128,686,498,956,916,891,995,612,675,359,899,754,853,944,275,955,88,522,40,317,682,150,435,967,79,230,943,6,114,522,896,0,591,83,85,80,82,83,74,74,76,57,86,79,86,68,77,70,78,76,76,80,75,74,73,65,66,81,74,82,67,77,75,83,77
[ 87.508343] [AOA] Measurement: 0,1627127535.535144,08:55:31:9b:05:29,2,1,2,0,128,719,571,445,74,841,1001,654,740,414,933,320,50,449,495,903,27,497,20,262,650,125,408,989,101,168,897,6,66,27,758,599,168,79,77,72,78,79,75,73,70,55,81,71,81,66,75,71,73,78,77,78,74,72,73,66,68,78,75,79,70,80,76,87,83
[ 87.555649] [AOA] Measurement: 0,1627127535.582456,08:55:31:9b:05:29,2,1,2,0,128,77,274,917,898,362,841,569,691,847,728,776,840,894,270,358,902,478,13,299,642,562,217,997,77,182,906,1006,42,1002,699,1015,590,84,84,80,83,82,76,73,76,58,83,76,85,68,78,72,77,79,77,81,78,72,71,64,68,82,76,81,72,81,77,86,82
[ 87.598902] [AOA] Measurement: 0,1627127535.625709,08:55:31:9b:05:29,2,1,2,0,128,163,331,928,908,337,833,87,476,800,680,875,926,465,477,302,856,920,822,769,452,647,251,997,104,135,911,974,75,994,727,100,632,79,74,72,75,75,74,71,68,56,79,68,81,66,70,68,72,74,72,74,69,68,69,62,66,73,71,70,69,80,70,83,79
[ 87.646474] [AOA] Measurement: 0,1627127535.673274,08:55:31:9b:05:29,2,1,2,0,128,704,551,445,56,859,1019,577,682,886,747,351,48,432,460,907,93,510,11,275,666,180,454,519,292,802,87,971,80,1019,722,909,483,78,76,73,77,77,73,72,69,57,80,71,82,66,73,70,75,76,77,79,74,73,73,66,69,81,76,79,73,83,76,87,82
[ 87.690587] [AOA] Measurement: 0,1627127535.717391,08:55:31:9b:05:29,2,1,2,0,128,622,523,471,68,897,1002,572,694,407,939,250,17,925,299,323,870,980,832,311,704,215,517,446,274,756,86,540,294,572,941,592,998,84,85,78,82,82,76,76,74,58,85,75,84,66,74,71,78,77,77,83,77,75,76,68,69,83,77,83,70,81,76,86,80
[ 87.733937] [AOA] Measurement: 0,1627127535.760742,08:55:31:9b:05:29,2,1,2,0,128,98,274,943,913,344,796,49,494,892,795,792,891,484,534,358,887,510,20,744,443,602,246,938,63,195,934,1001,63,37,750,998,522,80,80,77,80,81,76,74,72,59,84,74,83,69,76,73,76,79,76,81,75,73,76,66,70,82,76,79,69,82,76,88,82
[ 87.777585] [AOA] Measurement: 0,1627127535.804385,08:55:31:9b:05:29,2,1,2,0,128,692,518,461,68,930,1006,569,678,353,915,316,40,924,318,284,847,966,875,834,534,152,447,534,293,828,133,981,95,956,674,459,1011,79,75,73,77,80,75,74,72,56,82,73,83,66,75,72,75,76,78,79,74,70,73,66,67,82,76,80,71,79,75,86,83
[ 87.820861] [AOA] Measurement: 0,1627127535.847662,08:55:31:9b:05:29,2,1,2,0,128,693,554,451,42,292,781,36,478,859,731,371,96,433,504,881,35,528,49,404,749,230,488,514,305,721,74,529,264,633,975,688,130,80,78,77,80,83,77,75,75,57,86,75,84,69,76,71,75,79,77,82,76,74,75,65,69,81,76,80,71,83,77,88,83
[ 87.870632] [AOA] Measurement: 0,1627127535.897433,08:55:31:9b:05:29,2,1,2,0,128,702,551,469,90,897,4,533,655,801,705,733,855,986,308,919,71,462,39,356,721,177,480,508,304,753,97,519,264,535,916,750,170,78,79,74,78,80,76,73,71,55,80,71,84,65,74,70,74,75,76,80,76,71,73,66,69,81,74,79,71,82,76,86,82
[ 87.913520] [AOA] Measurement: 0,1627127535.940323,08:55:31:9b:05:29,2,1,2,0,128,699,512,491,98,935,17,563,664,378,903,281,60,455,510,897,61,488,18,273,633,609,226,444,281,733,59,531,256,561,909,712,185,76,73,72,72,76,75,70,69,55,78,69,80,65,72,69,72,75,75,76,71,70,72,65,66,77,72,75,70,80,72,86,80
[ 87.959041] [AOA] Measurement: 0,1627127535.985843,08:55:31:9b:05:29,2,1,2,0,128,652,514,409,24,872,964,611,682,381,897,316,36,887,283,937,85,557,110,344,777,209,512,572,346,789,131,502,222,531,872,39,589,77,79,73,78,79,75,73,71,58,82,74,82,67,74,69,74,78,77,80,75,72,74,66,68,80,76,82,70,82,78,87,82
[ 88.002166] [AOA] Measurement: 0,1627127536.028966,08:55:31:9b:05:29,2,1,2,0,128,766,547,429,52,301,782,125,531,370,923,734,862,902,257,354,879,959,861,778,488,697,286,504,274,757,120,544,319,532,960,8,461,81,79,75,79,82,77,72,72,58,83,73,83,67,74,69,75,78,77,80,75,71,74,65,69,79,75,79,72,81,75,87,82
[ 88.052861] [AOA] Measurement: 0,1627127536.079661,08:55:31:9b:05:29,2,1,2,0,128,641,456,484,89,926,13,601,687,858,716,803,931,461,480,872,74,917,846,266,652,196,445,555,376,763,102,589,305,586,947,499,821,83,79,77,83,83,77,75,76,58,85,77,85,66,75,69,76,77,77,80,76,73,74,66,67,82,75,83,68,79,76,85,80
[ 88.099047] [AOA] Measurement: 0,1627127536.125854,08:55:31:9b:05:29,2,1,2,0,128,665,521,432,78,854,1000,684,743,425,929,686,833,915,285,283,847,978,849,790,473,196,454,560,343,737,92,493,220,520,892,466,937,79,78,75,77,80,75,74,73,58,82,73,84,67,74,71,75,77,78,78,75,71,73,65,68,79,76,76,72,82,75,87,78
[ 88.143626] [AOA] Measurement: 0,1627127536.170434,08:55:31:9b:05:29,2,1,2,0,128,672,538,411,64,898,1009,22,470,423,930,331,79,432,498,894,47,461,9,766,488,671,277,540,311,791,142,463,205,976,695,221,850,82,80,74,80,79,74,74,73,57,80,73,83,70,75,72,77,78,79,79,76,73,75,67,70,79,77,82,70,82,78,88,84
[ 88.185655] [AOA] Measurement: 0,1627127536.212455,08:55:31:9b:05:29,2,1,2,0,128,620,496,839,843,307,769,91,497,422,931,732,860,897,285,896,34,928,865,373,694,629,273,579,335,701,93,515,262,541,912,571,124,78,74,75,76,79,75,75,72,56,82,71,85,67,74,72,77,78,77,81,77,72,73,66,69,82,75,81,70,79,74,88,81
[ 88.229442] [AOA] Measurement: 0,1627127536.256243,08:55:31:9b:05:29,2,1,2,0,128,671,510,500,87,804,945,70,482,824,690,839,901,503,514,883,53,442,1002,354,714,144,454,581,378,784,113,570,343,496,888,1016,439,79,76,75,78,82,77,74,73,56,83,73,84,68,76,71,76,77,76,79,75,73,75,67,70,81,74,78,72,82,75,86,80
[ 88.273030] [AOA] Measurement: 0,1627127536.299833,08:55:31:9b:05:29,2,1,2,0,128,70,263,920,886,338,812,72,505,391,926,302,12,465,483,303,839,940,807,776,492,642,245,943,67,172,899,1004,65,27,786,965,454,80,77,76,79,82,75,75,72,57,83,74,82,69,75,72,75,79,78,81,76,74,76,68,71,82,77,82,73,81,78,89,82
[ 88.322830] [AOA] Measurement: 0,1627127536.349631,08:55:31:9b:05:29,2,1,2,0,128,723,572,442,61,361,824,643,711,843,730,722,833,910,260,323,866,937,846,843,532,216,538,476,252,750,94,509,261,1016,752,130,673,77,74,73,74,78,74,71,70,56,79,69,80,65,70,69,73,75,76,77,74,69,72,63,68,78,72,76,70,81,75,87,80
[ 88.372157] [AOA] Measurement: 0,1627127536.398964,08:55:31:9b:05:29,2,1,2,0,128,81,279,884,877,308,777,52,479,829,725,796,912,890,264,291,843,989,858,819,494,695,291,517,296,766,101,509,261,590,947,894,366,79,79,74,79,78,76,72,73,59,82,72,84,68,75,70,76,77,78,78,76,73,73,67,67,82,76,82,72,82,76,86,82
[ 88.420998] [AOA] Measurement: 0,1627127536.447805,08:55:31:9b:05:29,2,1,2,0,128,639,494,510,77,853,962,78,543,366,920,340,46,445,479,852,40,473,3,342,772,201,496,512,287,785,106,568,303,534,926,68,486,81,79,76,79,81,75,73,73,57,83,73,85,67,77,73,75,77,76,79,74,70,73,66,69,81,76,82,71,83,75,88,81
[ 88.459378] [AOA] Measurement: 0,1627127536.486179,08:55:31:9b:05:29,2,1,2,0,128,39,218,926,893,362,844,77,474,869,751,788,899,873,273,339,868,905,803,795,505,654,262,513,306,743,109,554,239,512,882,217,886,81,78,76,79,81,75,73,71,58,82,76,84,68,74,72,77,77,77,81,76,73,75,68,71,83,76,82,73,81,77,86,83
[ 88.504119] [AOA] Measurement: 0,1627127536.530919,08:55:31:9b:05:29,2,1,2,0,128,683,563,428,87,899,994,639,705,415,964,302,26,455,481,902,52,518,1020,315,709,625,245,500,225,735,72,994,34,1019,711,182,800,81,80,76,80,81,76,75,73,58,84,73,86,69,75,70,75,77,79,79,74,72,75,67,71,83,77,83,71,82,77,87,83
[ 88.554128] [AOA] Measurement: 0,1627127536.580929,08:55:31:9b:05:29,2,1,2,0,128,128,350,965,894,319,811,17,475,860,731,361,79,391,466,328,872,472,1020,316,655,655,257,934,71,723,85,977,72,1011,726,675,149,82,83,76,81,82,76,75,75,58,84,76,86,69,78,70,76,79,77,81,77,72,74,65,68,82,76,78,68,78,77,86,80
[ 88.598950] [AOA] Measurement: 0,1627127536.625757,08:55:31:9b:05:29,2,1,2,0,128,651,493,483,111,863,976,648,704,370,931,303,15,893,270,940,67,532,36,354,723,142,446,540,303,738,87,972,52,1004,738,52,656,81,77,73,78,79,75,73,72,58,83,75,84,67,76,70,74,76,77,79,77,74,75,66,69,81,75,82,71,81,78,88,82
[ 88.642463] [AOA] Measurement: 0,1627127536.669268,08:55:31:9b:05:29,2,1,2,0,128,693,523,481,83,898,998,549,633,407,926,312,53,433,517,912,59,482,25,335,697,208,486,451,243,829,171,596,316,597,1002,867,204,74,73,68,71,74,74,71,67,55,76,65,79,65,70,68,71,71,72,73,70,64,70,59,65,72,69,71,68,78,69,82,75
[ 88.685729] [AOA] Measurement: 0,1627127536.712529,08:55:31:9b:05:29,2,1,2,0,128,692,559,465,95,897,1010,626,716,434,940,349,84,394,467,861,39,497,31,293,665,235,477,536,328,788,114,564,276,539,982,444,807,75,69,69,71,75,72,70,66,54,76,67,79,65,70,67,72,74,73,74,72,67,70,61,64,74,72,74,71,81,72,84,80
[ 88.729559] [AOA] Measurement: 0,1627127536.756360,08:55:31:9b:05:29,2,1,2,0,128,715,557,405,48,899,1005,633,744,403,949,338,120,410,465,925,65,505,28,270,681,607,249,15,109,738,90,1009,63,549,923,149,681,81,78,74,79,79,75,72,72,58,84,74,82,66,73,71,76,77,77,77,74,74,73,66,69,80,75,81,70,82,76,88,83
[ 88.772397] [AOA] Measurement: 0,1627127536.799197,08:55:31:9b:05:29,2,1,2,0,128,128,332,937,934,312,801,72,507,865,718,786,911,930,313,901,43,467,16,261,644,633,200,970,135,162,886,991,65,560,932,694,105,73,69,65,70,70,70,67,61,52,72,65,77,64,68,66,70,71,72,71,68,67,69,63,67,74,70,73,68,80,74,84,78
[ 88.822940] [AOA] Measurement: 0,1627127536.849740,08:55:31:9b:05:29,2,1,2,0,128,679,496,494,82,870,1003,575,701,390,951,304,43,431,452,375,852,974,879,322,683,91,391,930,50,129,885,990,61,22,788,201,690,81,82,75,78,80,76,75,74,59,86,76,86,69,77,72,77,79,79,81,78,75,75,67,69,81,78,83,72,82,78,88,83
[ 88.877145] [AOA] Measurement: 0,1627127536.903951,08:55:31:9b:05:29,2,1,2,0,128,634,489,444,116,877,1002,629,689,426,946,323,55,452,441,333,877,928,819,785,515,619,245,450,234,695,65,569,257,577,929,302,762,80,77,74,77,79,76,74,72,58,81,72,85,68,76,69,74,74,77,79,75,71,73,66,70,81,78,80,70,83,78,86,80
[ 88.920563] [AOA] Measurement: 0,1627127536.947363,08:55:31:9b:05:29,2,1,2,0,128,657,474,487,116,846,1006,603,660,433,952,297,48,916,265,956,54,978,840,298,659,186,475,533,314,836,142,518,222,495,893,725,239,76,77,73,78,79,73,72,70,57,78,70,83,68,73,69,72,75,76,77,75,72,72,66,69,82,75,80,72,82,76,86,79
[ 88.963267] [AOA] Measurement: 0,1627127536.990068,08:55:31:9b:05:29,2,1,2,0,128,149,327,878,859,364,836,73,481,818,700,768,821,835,229,305,835,931,834,860,493,639,218,965,77,193,927,35,116,530,900,27,646,82,79,78,82,82,75,74,75,59,84,77,86,69,76,71,77,79,79,82,77,73,75,67,69,83,76,82,72,82,78,88,82
[ 89.015535] [AOA] Measurement: 0,1627127537.042335,08:55:31:9b:05:29,2,1,2,0,128,645,496,430,41,356,812,11,421,865,732,823,922,453,471,893,24,469,58,280,687,92,412,990,93,792,60,529,246,1021,731,1004,487,83,86,79,83,83,74,75,77,58,86,78,85,67,75,70,77,76,77,82,77,74,72,65,69,83,76,84,66,77,75,82,78
[ 89.061139] [AOA] Measurement: 0,1627127537.087944,08:55:31:9b:05:29,2,1,2,0,128,723,566,444,72,936,1004,638,715,355,920,346,53,468,546,971,107,548,76,260,658,117,425,541,332,793,98,525,261,556,935,78,614,75,72,70,72,74,74,70,68,53,78,68,78,66,70,69,73,75,75,76,72,69,72,62,64,75,71,75,71,79,73,84,79
[ 89.105144] [AOA] Measurement: 0,1627127537.131950,08:55:31:9b:05:29,2,1,2,0,128,651,520,488,62,861,984,549,688,389,944,319,38,896,262,950,53,443,982,338,675,208,480,503,258,183,891,966,25,600,940,240,632,82,79,77,79,80,76,73,71,58,80,72,84,67,73,72,75,78,78,82,75,73,74,65,68,81,74,79,71,81,77,89,82
[ 89.156514] [AOA] Measurement: 0,1627127537.183320,08:55:31:9b:05:29,2,1,2,0,128,726,551,470,70,833,978,569,681,405,942,358,89,427,528,902,67,466,19,280,671,154,434,495,255,683,67,534,274,590,955,35,473,79,78,73,76,77,73,72,71,57,79,70,80,67,72,70,74,76,73,79,73,70,73,65,68,77,72,76,71,82,73,85,80
[ 89.199734] [AOA] Measurement: 0,1627127537.226541,08:55:31:9b:05:29,2,1,2,0,128,83,287,933,917,875,999,28,457,859,748,779,866,441,470,342,860,953,823,714,424,611,209,997,122,163,895,975,41,1007,730,922,458,82,86,79,83,83,75,73,76,59,85,79,82,67,78,70,77,77,76,83,75,73,72,67,70,84,75,84,66,72,73,81,76
[ 89.239245] [AOA] Measurement: 0,1627127537.266045,08:55:31:9b:05:29,2,1,2,0,128,685,558,504,125,876,996,635,731,335,895,752,871,956,344,935,84,496,64,343,718,94,380,968,25,178,895,1,90,10,771,525,53,78,80,74,79,79,73,74,72,56,83,74,84,68,75,71,76,77,78,80,75,73,75,66,69,81,75,79,72,82,77,89,84
[ 89.281978] [AOA] Measurement: 0,1627127537.308778,08:55:31:9b:05:29,2,1,2,0,128,729,579,435,72,902,1014,539,656,401,953,317,51,966,312,974,99,519,58,353,702,301,556,538,313,692,100,510,241,538,936,791,266,80,79,73,80,80,76,74,70,57,80,74,84,68,75,71,75,77,77,78,76,72,72,65,68,81,74,81,70,81,76,87,83
[ 89.332594] [AOA] Measurement: 0,1627127537.359394,08:55:31:9b:05:29,2,1,2,0,128,689,537,445,70,859,995,621,696,387,912,294,33,477,551,906,61,504,66,393,751,178,442,537,335,734,88,536,258,548,931,996,516,81,83,78,82,82,75,75,74,58,85,75,87,67,77,73,77,79,78,84,78,73,74,67,68,81,74,82,68,78,73,85,80
[ 89.377333] [AOA] Measurement: 0,1627127537.404141,08:55:31:9b:05:29,2,1,2,0,128,97,308,931,936,914,31,626,749,418,962,267,21,469,498,876,3,467,12,332,714,212,487,532,349,671,23,989,47,3,706,408,71,79,81,77,82,83,76,74,75,59,84,72,84,67,77,70,78,77,77,83,75,75,72,64,68,79,75,82,67,77,74,84,77
[ 89.425113] [AOA] Measurement: 0,1627127537.451918,08:55:31:9b:05:29,2,1,2,0,128,672,496,462,66,880,962,1020,469,803,709,747,829,939,311,905,69,441,30,803,543,241,494,481,254,809,114,583,326,556,919,886,394,79,77,73,79,80,76,73,71,56,79,71,82,66,70,69,71,77,76,77,74,69,72,66,68,80,75,78,71,83,75,87,80
[ 89.475058] [AOA] Measurement: 0,1627127537.501859,08:55:31:9b:05:29,2,1,2,0,128,695,504,528,93,855,990,563,652,427,952,345,84,417,475,870,26,490,7,382,730,171,446,468,240,741,95,533,264,560,956,557,58,80,82,77,82,83,77,76,74,57,83,76,86,69,76,72,78,77,79,81,77,74,74,67,68,83,76,83,71,80,78,87,82
[ 89.521308] [AOA] Measurement: 0,1627127537.548115,08:55:31:9b:05:29,2,1,2,0,128,772,635,506,117,795,960,577,670,349,885,359,93,474,505,951,82,448,6,336,730,153,449,427,259,732,82,549,264,507,940,51,511,80,81,73,78,80,75,74,71,57,84,75,85,68,75,70,76,78,77,80,76,75,75,68,71,83,78,83,71,81,77,87,80
[ 89.563538] [AOA] Measurement: 0,1627127537.590341,08:55:31:9b:05:29,2,1,2,0,128,668,519,947,907,338,792,71,499,375,932,349,63,460,531,906,32,421,1015,317,681,148,422,509,293,789,118,616,331,569,956,501,880,81,79,76,80,84,75,74,75,58,84,77,86,67,77,71,75,78,78,84,78,75,74,67,69,82,76,85,68,81,76,86,81
[ 89.602628] [AOA] Measurement: 0,1627127537.629433,08:55:31:9b:05:29,2,1,2,0,128,640,512,512,121,862,1001,615,695,398,940,354,73,516,543,858,47,448,0,318,707,179,445,454,238,196,948,515,303,548,905,87,676,80,82,76,81,82,77,75,73,57,84,75,85,69,76,73,77,78,77,81,76,72,73,67,69,83,76,82,72,83,78,89,82
[ 89.646660] [AOA] Measurement: 0,1627127537.673468,08:55:31:9b:05:29,2,1,2,0,128,129,331,923,891,321,755,67,469,355,931,260,36,897,282,341,854,961,826,790,506,668,271,911,16,189,923,9,76,7,748,776,309,75,71,67,72,74,71,70,65,55,75,65,78,65,70,68,71,72,72,74,71,69,70,63,65,74,69,74,69,78,70,82,76
[ 89.688260] [AOA] Measurement: 0,1627127537.715061,08:55:31:9b:05:29,2,1,2,0,128,704,533,462,124,850,948,6,472,818,695,810,901,840,224,366,876,982,864,835,502,673,287,580,307,737,99,529,289,535,953,812,229,79,76,73,76,76,75,73,69,58,79,69,82,69,73,72,74,76,78,79,74,71,72,64,67,77,74,77,72,81,73,86,81
[ 89.732912] [AOA] Measurement: 0,1627127537.759717,08:55:31:9b:05:29,2,1,2,0,128,38,259,927,862,300,782,23,440,830,689,780,863,899,273,361,917,944,844,785,468,602,216,997,100,180,908,975,80,40,742,591,80,83,82,78,84,81,76,75,75,58,85,78,86,67,77,70,78,79,77,83,75,76,74,67,67,84,76,85,68,79,74,82,80
[ 89.782867] [AOA] Measurement: 0,1627127537.809669,08:55:31:9b:05:29,2,1,2,0,128,708,550,480,82,892,4,574,636,864,737,792,878,930,282,297,871,960,826,855,511,603,247,1013,79,192,921,962,57,18,735,160,718,78,73,70,74,76,75,72,67,54,78,66,80,66,69,68,70,73,73,73,69,67,69,62,67,71,69,71,68,79,70,83,79
[ 89.834733] [AOA] Measurement: 0,1627127537.861534,08:55:31:9b:05:29,2,1,2,0,128,699,534,468,84,874,960,981,419,836,670,778,877,481,521,921,58,487,27,292,658,680,286,496,294,740,79,549,257,505,872,720,356,81,84,77,84,82,71,73,75,58,85,77,84,67,78,69,75,74,76,79,71,71,72,62,65,78,70,81,62,72,71,78,71
[ 89.873192] [AOA] Measurement: 0,1627127537.899999,08:55:31:9b:05:29,2,1,2,0,128,642,478,889,870,889,990,570,690,840,749,317,17,430,489,922,43,521,44,345,708,147,463,555,315,719,67,12,84,561,930,527,23,73,69,69,72,75,72,69,67,54,76,66,77,63,67,65,70,71,73,75,69,65,69,60,64,72,69,71,68,77,68,83,74
[ 89.917079] [AOA] Measurement: 0,1627127537.943886,08:55:31:9b:05:29,2,1,2,0,128,670,542,503,127,904,998,568,690,336,901,392,99,465,484,852,44,507,21,313,689,135,437,456,254,790,78,1022,76,596,966,96,525,78,78,74,78,79,74,73,70,56,83,72,83,65,73,69,74,77,77,78,76,73,74,66,70,82,74,80,70,83,77,87,81
[ 89.960842] [AOA] Measurement: 0,1627127537.987647,08:55:31:9b:05:29,2,1,2,0,128,697,545,483,106,808,948,28,459,398,963,294,29,896,263,366,897,923,790,845,518,585,219,966,101,195,913,997,62,2,735,599,140,78,75,71,77,76,74,70,70,58,80,70,83,67,72,70,75,76,76,79,75,70,74,65,69,80,74,78,72,82,76,87,81
[ 90.003831] [AOA] Measurement: 0,1627127538.030639,08:55:31:9b:05:29,2,1,2,0,128,737,558,470,62,959,30,579,670,398,937,345,44,400,442,866,11,495,12,318,715,156,463,496,270,723,68,501,222,615,968,171,624,80,76,73,75,78,74,73,70,57,83,72,83,66,75,72,76,79,77,81,76,73,74,67,69,83,75,82,70,81,77,88,83
[ 90.046648] [AOA] Measurement: 0,1627127538.073455,08:55:31:9b:05:29,2,1,2,0,128,623,466,974,927,856,988,634,701,428,975,329,45,445,503,941,91,514,15,364,736,167,467,457,247,199,926,1000,89,541,924,675,217,80,75,73,76,77,75,73,71,57,79,70,82,67,71,69,74,76,76,77,74,70,73,66,69,79,75,79,72,84,76,87,80
[ 90.089956] [AOA] Measurement: 0,1627127538.116762,08:55:31:9b:05:29,2,1,2,0,128,48,278,908,895,324,809,47,480,827,687,776,872,885,274,375,878,967,863,279,666,628,313,539,313,750,90,584,311,547,930,112,594,82,80,78,80,83,77,76,73,58,82,76,85,68,75,73,78,79,78,83,75,73,73,65,68,82,76,81,72,81,78,88,81
[ 90.128182] [AOA] Measurement: 0,1627127538.154989,08:55:31:9b:05:29,2,1,2,0,128,709,583,519,120,880,1003,694,786,442,974,333,68,469,530,815,34,425,999,328,715,118,424,472,241,771,140,545,259,571,931,732,225,84,83,77,81,82,77,76,76,58,82,75,86,69,77,73,77,76,76,82,76,72,73,67,68,84,77,83,73,83,78,89,83
[ 90.171725] [AOA] Measurement: 0,1627127538.198533,08:55:31:9b:05:29,2,1,2,0,128,108,336,910,922,380,861,572,654,894,805,744,882,888,273,343,889,971,862,802,487,668,292,985,106,172,910,1023,46,4,711,468,11,76,72,70,73,76,75,71,68,55,78,69,82,65,70,70,71,75,72,76,71,68,71,63,67,75,71,72,69,77,71,82,76
[ 90.211852] [AOA] Measurement: 0,1627127538.238652,08:55:31:9b:05:29,2,1,2,0,128,150,305,437,72,894,985,617,681,366,899,329,52,433,477,880,23,527,11,294,650,591,253,1020,106,207,909,573,289,1002,725,190,761,80,80,75,79,80,76,74,73,57,80,72,83,65,74,72,75,76,76,79,75,72,73,66,69,80,73,76,70,82,75,86,81
[ 90.259055] [AOA] Measurement: 0,1627127538.285862,08:55:31:9b:05:29,2,1,2,0,128,701,536,449,77,854,996,0,452,810,719,830,891,468,503,392,901,512,39,322,718,183,445,511,286,752,60,978,59,1005,685,393,76,82,81,77,80,82,76,74,73,58,83,72,85,68,76,73,76,77,76,81,76,72,75,67,69,81,75,82,71,83,76,89,82
[ 90.298860] [AOA] Measurement: 0,1627127538.325660,08:55:31:9b:05:29,2,1,2,0,128,78,269,487,144,874,1003,574,662,379,920,780,872,509,502,882,54,443,1014,802,520,633,238,22,125,782,138,564,278,515,924,89,589,82,84,74,82,80,74,73,75,58,84,75,85,66,76,68,76,77,76,81,75,74,76,67,69,82,75,83,69,80,77,87,81
[ 90.346750] [AOA] Measurement: 0,1627127538.373551,08:55:31:9b:05:29,2,1,2,0,128,652,484,466,71,306,798,615,708,420,947,269,27,523,530,909,50,440,11,383,720,110,422,480,253,744,117,581,291,546,905,410,819,73,65,66,69,72,70,66,65,53,74,65,77,64,68,68,72,72,72,72,68,66,69,62,64,71,69,71,68,76,70,83,77
[ 90.386670] [AOA] Measurement: 0,1627127538.413477,08:55:31:9b:05:29,2,1,2,0,128,675,540,430,72,788,949,1022,470,871,727,780,862,901,274,315,873,977,842,794,475,596,177,926,44,153,916,37,91,40,768,700,116,104,104,99,103,105,96,93,95,75,108,97,108,87,95,90,98,100,101,104,94,93,94,84,88,105,99,106,89,104,99,115,106
