
[11179.804126] [AOA] Measurement: 0,1627138797.180982,08:55:31:9b:05:29,2,1,2,0,128,182,657,642,655,877,20,572,219,882,958,827,554,1003,451,460,1009,16,77,330,77,558,291,1,285,131,997,65,746,971,880,59,109,53,48,52,36,61,64,56,60,61,64,57,72,57,63,66,59,60,64,56,59,51,53,62,53,47,65,56,66,67,62,69,68
[11179.841977] [AOA] Measurement: 0,1627138797.218831,08:55:31:9b:05:29,2,1,2,0,128,568,415,46,389,319,790,972,1023,844,912,802,538,995,418,907,783,40,58,296,48,144,476,13,265,164,14,10,714,431,716,311,365,56,56,59,34,70,71,61,65,71,69,63,77,60,70,67,61,57,70,59,58,50,50,62,52,45,62,56,61,63,56,63,65
[11179.882494] [AOA] Measurement: 0,1627138797.259343,08:55:31:9b:05:29,2,1,2,0,128,207,623,523,533,272,808,959,997,331,728,266,343,365,169,420,958,33,78,353,84,176,552,947,209,129,1011,442,494,481,705,27,146,75,71,72,50,88,90,78,87,89,89,83,103,81,92,92,83,84,94,82,82,71,72,87,71,62,88,78,88,90,84,90,92
[11179.928977] [AOA] Measurement: 0,1627138797.305830,08:55:31:9b:05:29,2,1,2,0,128,685,496,551,586,854,973,501,184,894,944,823,552,972,411,441,979,12,65,321,67,591,275,9,266,176,1007,36,710,1013,933,730,775,55,53,55,36,67,69,59,64,68,67,62,74,59,68,68,62,60,69,60,59,51,55,63,53,47,65,58,65,67,61,68,70
[11179.972491] [AOA] Measurement: 0,1627138797.349345,08:55:31:9b:05:29,2,1,2,0,128,211,651,571,576,821,976,953,983,323,755,267,369,437,215,425,967,40,92,346,123,240,610,1000,231,229,69,960,695,412,701,883,1020,54,56,59,34,70,69,59,63,72,68,63,77,59,70,66,61,57,69,61,58,48,49,59,50,43,63,56,61,62,57,61,64
[11180.014559] [AOA] Measurement: 0,1627138797.391411,08:55:31:9b:05:29,2,1,2,0,128,185,623,17,350,329,837,552,247,817,916,278,354,473,275,438,978,19,74,310,47,122,501,382,26,573,776,508,496,497,791,1009,79,75,72,77,48,91,92,81,83,91,88,83,102,80,92,92,85,81,94,83,80,69,72,88,73,63,87,78,85,87,82,87,92
[11180.058196] [AOA] Measurement: 0,1627138797.435049,08:55:31:9b:05:29,2,1,2,0,128,139,604,565,588,271,814,527,180,869,952,908,603,10,449,439,974,956,16,328,85,132,516,1021,286,133,986,85,752,59,963,964,943,56,53,56,36,68,69,59,64,68,67,62,75,58,68,67,62,60,68,60,60,50,53,64,54,45,64,57,62,65,59,66,66
[11180.101938] [AOA] Measurement: 0,1627138797.478793,08:55:31:9b:05:29,2,1,2,0,128,204,645,623,582,915,39,498,191,859,956,738,493,412,227,905,786,493,940,268,7,650,338,1003,301,236,63,998,707,41,941,996,980,57,55,58,37,68,68,61,64,71,67,61,76,60,68,68,60,60,69,61,60,51,54,64,55,46,66,57,64,66,62,67,70
[11180.139845] [AOA] Measurement: 0,1627138797.516698,08:55:31:9b:05:29,2,1,2,0,128,129,622,575,581,827,981,932,959,350,762,914,607,5,441,444,1017,1001,31,306,67,99,487,993,277,675,837,499,511,1002,918,119,204,56,55,57,36,67,68,61,65,69,69,63,76,58,67,68,60,59,69,61,61,52,52,64,54,47,66,58,64,68,62,68,68
[11180.183518] [AOA] Measurement: 0,1627138797.560374,08:55:31:9b:05:29,2,1,2,0,128,156,654,549,537,870,986,950,1016,315,716,284,374,423,220,888,807,1000,26,789,883,597,341,434,39,165,1013,15,730,80,978,836,710,65,54,58,48,70,76,66,73,69,73,68,84,64,75,78,72,76,75,64,68,61,65,71,64,57,79,69,82,83,82,88,88
[11180.225220] [AOA] Measurement: 0,1627138797.602069,08:55:31:9b:05:29,2,1,2,0,128,166,654,978,307,299,814,991,990,350,745,302,371,1011,447,439,1014,5,35,357,84,74,462,404,16,594,807,554,550,19,942,713,728,77,72,77,49,91,91,81,86,91,92,85,101,80,92,93,83,83,93,83,82,71,73,87,73,64,90,79,86,90,84,88,93
[11180.268471] [AOA] Measurement: 0,1627138797.645324,08:55:31:9b:05:29,2,1,2,0,128,154,670,530,553,826,963,491,161,796,860,277,313,450,187,888,802,454,855,791,880,142,522,464,53,158,994,62,741,42,938,309,288,56,55,57,34,71,69,61,64,70,69,63,76,59,65,64,60,57,67,60,58,50,52,63,53,44,62,56,58,62,56,63,63
[11180.311950] [AOA] Measurement: 0,1627138797.688806,08:55:31:9b:05:29,2,1,2,0,128,182,628,1007,335,315,824,597,244,882,961,836,599,926,369,365,942,13,36,306,48,578,307,14,283,139,1004,526,564,2,914,349,454,56,53,56,36,66,68,59,64,67,67,62,77,59,67,68,61,61,68,60,60,50,55,66,55,48,66,58,66,69,63,68,70
[11180.349598] [AOA] Measurement: 0,1627138797.726451,08:55:31:9b:05:29,2,1,2,0,128,624,438,85,445,852,999,560,199,866,962,786,515,966,415,421,957,1007,68,751,820,207,580,971,234,179,22,1002,650,1006,861,381,428,54,55,58,33,71,69,61,63,72,68,63,75,60,68,65,59,56,69,60,56,49,49,60,51,43,62,55,59,58,54,59,62
[11180.394554] [AOA] Measurement: 0,1627138797.771409,08:55:31:9b:05:29,2,1,2,0,128,680,449,985,313,284,772,530,201,831,909,807,516,982,423,370,987,1013,59,347,79,184,522,1002,264,585,796,547,557,483,753,149,130,55,54,57,38,68,69,60,64,68,68,61,76,59,67,69,61,61,70,62,61,52,53,64,53,47,67,57,65,68,61,66,71
[11180.438417] [AOA] Measurement: 0,1627138797.815270,08:55:31:9b:05:29,2,1,2,0,128,694,495,1019,349,820,994,496,162,901,951,856,618,468,237,426,1005,7,53,328,55,192,583,14,291,210,58,26,733,988,952,281,359,76,71,77,50,92,93,81,86,92,90,85,101,79,87,89,81,82,92,83,82,70,74,85,70,61,89,78,85,88,83,90,93
[11180.482998] [AOA] Measurement: 0,1627138797.859851,08:55:31:9b:05:29,2,1,2,0,128,651,438,980,343,267,797,32,54,867,884,843,556,990,443,439,943,445,848,769,891,545,303,359,1007,657,868,463,466,483,727,576,745,51,67,67,19,77,71,62,60,84,66,64,73,57,71,58,58,46,72,62,49,44,45,61,49,38,55,53,50,53,42,53,58
[11180.525758] [AOA] Measurement: 0,1627138797.902613,08:55:31:9b:05:29,2,1,2,0,128,160,622,2,344,292,757,975,1018,836,900,309,358,445,244,472,18,1004,61,358,100,188,598,53,320,178,17,30,727,34,963,708,708,55,54,58,37,69,68,60,64,68,67,63,76,60,68,68,61,58,69,62,60,50,54,64,54,45,65,56,62,65,61,65,67
[11180.568218] [AOA] Measurement: 0,1627138797.945072,08:55:31:9b:05:29,2,1,2,0,128,255,710,587,613,860,16,456,177,797,891,856,576,17,456,393,978,993,39,295,13,645,379,952,257,216,28,74,774,5,921,68,17,53,56,60,30,71,69,60,61,71,66,61,74,57,65,62,58,51,67,59,54,44,48,59,47,41,58,52,56,58,53,58,61
[11180.610437] [AOA] Measurement: 0,1627138797.987286,08:55:31:9b:05:29,2,1,2,0,128,185,642,994,362,260,778,984,995,331,732,199,284,442,190,918,810,488,869,763,855,198,555,386,12,162,10,507,542,429,730,386,529,57,52,56,36,65,67,58,63,65,66,60,76,58,65,68,61,60,68,60,61,51,55,64,53,46,66,56,66,68,63,69,70
[11180.652592] [AOA] Measurement: 0,1627138798.029446,08:55:31:9b:05:29,2,1,2,0,128,160,635,573,576,775,975,552,201,770,853,215,302,1022,424,460,979,1020,28,313,82,191,585,33,322,200,20,80,779,947,896,458,450,57,57,60,33,70,70,59,62,71,67,60,74,59,66,65,58,54,66,60,57,48,48,61,50,42,58,52,55,56,51,55,57
[11180.695200] [AOA] Measurement: 0,1627138798.072056,08:55:31:9b:05:29,2,1,2,0,128,198,655,610,610,839,943,506,192,257,730,864,580,435,241,941,785,433,838,788,869,621,324,1012,242,137,976,0,703,452,707,754,960,77,73,76,49,92,94,82,87,94,92,84,101,81,90,92,84,82,92,82,82,72,74,87,73,64,89,77,86,91,84,91,93
[11180.738653] [AOA] Measurement: 0,1627138798.115508,08:55:31:9b:05:29,2,1,2,0,128,624,427,957,334,353,810,947,1018,337,764,276,367,35,496,425,981,35,75,292,12,618,306,466,72,169,14,3,685,460,736,954,133,56,54,57,36,69,69,60,63,71,67,61,76,60,68,67,61,59,70,61,60,50,53,63,52,47,65,59,63,66,60,66,67
[11180.784408] [AOA] Measurement: 0,1627138798.161257,08:55:31:9b:05:29,2,1,2,0,128,181,626,1009,375,297,816,1020,19,302,707,287,373,377,205,929,796,455,884,755,849,681,357,415,55,610,801,452,487,76,935,576,632,56,55,57,35,68,69,59,64,70,68,63,78,61,68,68,62,59,69,62,60,51,53,63,53,46,66,54,64,66,61,67,69
[11180.829477] [AOA] Measurement: 0,1627138798.206331,08:55:31:9b:05:29,2,1,2,0,128,219,650,485,529,310,804,980,18,787,916,894,582,984,413,467,980,7,65,332,82,230,565,1010,305,180,37,78,782,969,954,451,502,54,49,51,36,62,65,56,61,63,66,58,72,57,64,66,59,59,65,56,56,51,53,61,53,46,63,54,65,67,63,68,69
[11180.866935] [AOA] Measurement: 0,1627138798.243789,08:55:31:9b:05:29,2,1,2,0,128,630,427,24,356,321,828,957,1008,368,760,781,479,467,235,845,741,453,874,767,857,645,382,996,258,119,1003,483,491,507,754,85,173,55,50,53,35,63,65,57,62,67,65,60,76,57,66,68,60,61,66,59,59,52,54,64,54,47,66,56,65,66,64,69,71
[11180.910775] [AOA] Measurement: 0,1627138798.287629,08:55:31:9b:05:29,2,1,2,0,128,729,528,560,547,276,759,965,995,291,727,200,313,414,197,477,1003,1023,52,358,106,124,530,409,59,708,891,457,488,430,681,646,867,57,54,57,35,69,68,60,62,68,67,62,76,59,67,66,61,60,69,61,60,50,52,64,51,46,64,58,64,67,63,67,69
[11180.948990] [AOA] Measurement: 0,1627138798.325845,08:55:31:9b:05:29,2,1,2,0,128,180,640,579,575,803,984,1009,1016,240,696,218,338,435,203,866,760,444,857,834,917,607,321,469,89,182,6,526,536,484,733,301,392,55,52,55,35,67,67,58,61,68,66,62,75,60,68,68,61,59,70,61,61,50,51,63,53,46,63,55,63,66,60,67,68
[11180.995126] [AOA] Measurement: 0,1627138798.371979,08:55:31:9b:05:29,2,1,2,0,128,109,588,978,329,250,766,32,33,824,923,768,537,982,392,410,974,992,69,372,96,146,535,1007,286,199,43,64,743,1022,942,853,796,54,55,58,34,70,69,60,63,73,67,63,74,59,67,66,61,57,69,61,59,50,52,63,52,44,63,55,61,64,59,64,66
[11181.038293] [AOA] Measurement: 0,1627138798.415148,08:55:31:9b:05:29,2,1,2,0,128,586,385,937,288,267,769,982,1003,277,728,221,262,460,220,430,941,457,867,721,836,582,242,401,35,549,782,480,515,466,742,216,403,73,67,73,51,84,88,75,83,88,88,82,100,79,87,91,82,82,88,78,81,69,73,83,70,62,87,74,85,91,85,92,97
[11181.082242] [AOA] Measurement: 0,1627138798.459096,08:55:31:9b:05:29,2,1,2,0,128,716,489,586,562,907,1000,479,155,239,687,251,338,446,225,422,940,397,876,811,895,665,329,398,18,682,831,495,525,427,708,419,624,55,55,57,35,70,69,61,64,71,69,63,76,59,68,67,61,58,68,60,58,50,52,63,54,46,65,56,63,66,59,65,69
[11181.124445] [AOA] Measurement: 0,1627138798.501293,08:55:31:9b:05:29,2,1,2,0,128,652,462,568,527,270,787,905,973,271,688,241,314,453,219,846,744,451,869,705,827,724,386,424,72,224,62,58,761,985,917,845,817,72,66,69,51,83,87,73,80,82,84,77,95,74,85,87,80,82,86,77,79,68,73,83,71,62,86,74,88,90,85,91,92
[11181.168311] [AOA] Measurement: 0,1627138798.545164,08:55:31:9b:05:29,2,1,2,0,128,694,474,45,391,847,978,509,184,806,889,332,363,979,430,405,958,415,889,334,43,175,515,11,289,153,1004,465,487,467,697,219,363,56,54,56,34,68,67,59,61,70,67,61,74,58,68,66,60,58,69,61,56,47,51,61,49,42,61,54,57,60,54,60,60
[11181.213808] [AOA] Measurement: 0,1627138798.590662,08:55:31:9b:05:29,2,1,2,0,128,172,670,626,604,900,26,485,197,828,894,819,562,926,367,403,975,1011,106,316,13,161,490,382,31,169,981,499,500,27,957,679,671,56,55,59,33,69,68,61,63,73,67,62,77,60,67,68,61,59,69,62,57,47,50,62,50,44,62,56,61,63,56,62,64
[11181.251845] [AOA] Measurement: 0,1627138798.628700,08:55:31:9b:05:29,2,1,2,0,128,220,684,539,540,876,4,486,188,810,926,839,552,992,431,419,970,24,87,334,79,196,609,1008,278,219,47,73,766,1016,929,339,272,55,56,59,34,69,71,59,64,71,68,63,79,61,68,68,60,59,70,60,60,50,55,65,52,47,65,56,66,67,63,67,70
[11181.289622] [AOA] Measurement: 0,1627138798.666477,08:55:31:9b:05:29,2,1,2,0,128,139,599,20,363,318,805,937,970,905,935,836,547,1021,427,344,888,454,873,383,90,166,528,423,50,625,836,489,539,44,964,58,123,55,55,57,35,69,70,60,65,71,68,63,76,59,69,67,61,60,70,60,59,50,53,65,54,47,66,59,64,67,61,65,69
[11181.327616] [AOA] Measurement: 0,1627138798.704472,08:55:31:9b:05:29,2,1,2,0,128,608,400,989,277,297,754,1019,1010,243,667,276,364,459,241,868,739,426,859,798,891,577,309,397,47,639,828,565,534,488,737,610,761,55,53,57,36,68,69,60,65,69,68,63,75,59,69,67,61,59,68,60,60,52,53,65,53,47,65,57,64,66,62,65,70
[11181.372084] [AOA] Measurement: 0,1627138798.748940,08:55:31:9b:05:29,2,1,2,0,128,190,617,1005,339,324,805,550,182,277,689,244,319,986,431,430,982,5,89,359,84,99,509,990,236,161,1020,469,482,51,970,952,956,55,52,56,36,66,69,58,64,68,67,61,76,59,66,66,61,61,68,59,61,50,53,63,53,47,64,56,64,67,62,67,68
[11181.410722] [AOA] Measurement: 0,1627138798.787577,08:55:31:9b:05:29,2,1,2,0,128,233,708,564,547,263,764,950,10,233,692,300,364,424,221,408,982,10,53,266,1015,601,314,397,5,602,788,449,456,495,748,117,222,55,53,56,35,67,68,58,63,69,67,61,75,58,66,67,61,60,67,60,60,51,52,64,55,46,65,57,65,68,63,67,70
[11181.448944] [AOA] Measurement: 0,1627138798.825798,08:55:31:9b:05:29,2,1,2,0,128,249,713,560,572,828,988,482,170,878,927,783,520,419,208,846,711,438,874,776,861,220,569,1013,261,162,3,101,806,1014,908,551,588,55,52,54,36,66,67,57,62,66,65,61,74,58,66,67,60,61,68,57,58,51,52,62,53,46,65,56,63,66,62,68,69
[11181.493139] [AOA] Measurement: 0,1627138798.869992,08:55:31:9b:05:29,2,1,2,0,128,158,604,1008,356,264,806,1019,0,298,723,232,333,415,222,925,785,492,922,328,68,139,534,926,228,597,813,41,730,477,735,524,654,54,52,53,37,65,67,57,63,66,65,59,74,57,65,67,59,60,64,58,58,50,54,62,52,46,66,55,67,67,63,67,71
[11181.536851] [AOA] Measurement: 0,1627138798.913704,08:55:31:9b:05:29,2,1,2,0,128,183,658,589,560,844,997,538,215,833,904,847,603,1016,462,494,3,940,1016,360,111,200,564,12,334,176,6,3,732,959,929,115,146,56,55,60,35,70,70,60,64,71,69,64,76,59,67,68,61,57,69,60,58,50,53,64,53,45,64,56,62,66,60,66,69
[11181.583089] [AOA] Measurement: 0,1627138798.959937,08:55:31:9b:05:29,2,1,2,0,128,636,457,1005,331,326,810,3,1007,327,712,836,567,494,243,407,969,9,90,331,68,156,518,1023,278,151,1013,52,743,996,881,193,316,57,55,57,35,70,70,60,66,69,69,61,76,59,67,69,60,61,68,60,60,50,54,65,53,47,67,57,67,68,64,67,69
[11181.632428] [AOA] Measurement: 0,1627138799.009280,08:55:31:9b:05:29,2,1,2,0,128,142,634,41,405,263,765,1017,1,804,899,270,370,950,396,456,986,1013,42,338,60,113,495,1019,277,176,1014,91,739,1014,941,882,896,56,54,58,35,67,69,59,65,72,68,63,77,59,68,68,60,60,71,62,61,51,54,64,53,45,66,56,63,66,60,66,68
[11181.679218] [AOA] Measurement: 0,1627138799.056072,08:55:31:9b:05:29,2,1,2,0,128,623,427,1009,347,246,783,962,1009,319,707,214,325,423,253,871,739,425,852,784,833,640,341,478,101,145,5,479,487,429,725,160,267,55,55,59,34,69,67,58,63,71,65,62,73,58,66,67,61,56,69,60,56,48,50,59,50,41,60,53,58,61,55,60,62
[11181.717332] [AOA] Measurement: 0,1627138799.094185,08:55:31:9b:05:29,2,1,2,0,128,691,471,1016,330,324,821,12,37,832,915,845,553,970,413,395,965,21,43,746,855,608,286,388,45,684,844,527,562,432,702,853,19,55,55,57,35,70,70,60,63,71,68,62,75,60,67,67,63,58,71,61,60,50,52,64,53,45,65,56,63,65,60,65,67
[11181.754912] [AOA] Measurement: 0,1627138799.131763,08:55:31:9b:05:29,2,1,2,0,128,597,387,996,362,319,854,956,996,362,778,766,525,451,224,404,974,947,23,775,875,575,324,417,47,603,830,25,712,463,713,939,44,55,52,57,36,68,69,58,63,68,67,62,77,59,68,69,62,60,68,60,61,51,54,62,53,46,64,57,67,67,63,69,71
[11181.796932] [AOA] Measurement: 0,1627138799.173786,08:55:31:9b:05:29,2,1,2,0,128,145,599,606,610,894,1014,505,186,850,908,265,375,386,189,909,756,521,931,331,51,651,329,976,247,198,32,88,756,14,938,534,605,57,56,58,33,69,69,60,63,72,66,62,75,57,68,66,59,58,69,60,56,48,51,62,52,43,62,53,60,64,57,64,65
[11181.839769] [AOA] Measurement: 0,1627138799.216619,08:55:31:9b:05:29,2,1,2,0,128,661,447,6,375,879,1010,491,143,305,735,805,522,963,411,452,962,459,886,336,78,117,488,936,218,668,851,1023,698,32,959,503,513,56,52,53,35,64,66,58,62,63,66,59,73,59,63,67,60,60,65,57,59,52,55,63,53,47,64,56,64,68,64,69,72
[11181.886708] [AOA] Measurement: 0,1627138799.263561,08:55:31:9b:05:29,2,1,2,0,128,703,465,615,645,870,996,567,214,830,895,291,348,975,406,402,973,475,907,313,48,613,323,478,72,198,10,18,740,451,699,589,723,53,53,55,32,69,66,59,62,70,66,60,74,56,67,66,60,55,68,59,58,47,51,62,51,43,63,55,59,62,54,59,61
[11181.924516] [AOA] Measurement: 0,1627138799.301370,08:55:31:9b:05:29,2,1,2,0,128,149,609,686,656,886,23,512,184,916,950,878,612,29,492,443,967,7,31,337,101,189,547,969,236,127,17,449,502,1016,918,567,586,55,53,58,36,68,70,59,64,69,68,61,75,59,68,64,62,59,68,61,59,51,54,63,53,46,66,57,66,67,63,68,71
[11181.961930] [AOA] Measurement: 0,1627138799.338784,08:55:31:9b:05:29,2,1,2,0,128,243,681,543,525,840,984,1018,3,787,894,240,321,472,234,892,782,451,862,781,903,127,534,432,53,639,837,42,691,481,723,603,618,53,55,59,32,69,67,59,61,72,65,62,74,58,67,64,60,54,69,61,54,46,49,60,48,41,59,51,54,57,52,56,57
[11181.999761] [AOA] Measurement: 0,1627138799.376615,08:55:31:9b:05:29,2,1,2,0,128,200,633,540,587,856,1012,552,238,913,990,871,637,1,448,434,977,55,90,305,76,149,521,968,250,174,29,1013,733,1023,963,935,914,54,51,56,36,66,68,59,64,69,68,62,77,59,67,68,61,61,68,60,60,50,53,64,53,45,65,55,63,65,63,66,67
[11182.037448] [AOA] Measurement: 0,1627138799.414302,08:55:31:9b:05:29,2,1,2,0,128,216,658,524,533,284,771,28,39,862,919,816,505,985,414,374,930,451,863,811,884,634,288,440,64,204,43,45,768,982,968,275,228,56,54,55,36,68,69,59,65,70,68,62,78,58,68,67,61,59,70,60,60,50,54,66,54,45,63,56,61,64,60,65,69
[11182.080768] [AOA] Measurement: 0,1627138799.457622,08:55:31:9b:05:29,2,1,2,0,128,232,665,620,634,817,966,575,221,851,925,800,557,990,412,384,961,963,11,803,897,599,331,460,91,165,1017,130,816,20,974,397,256,72,67,70,50,81,84,74,82,84,84,76,96,74,84,88,80,82,86,77,80,69,72,84,72,64,88,74,89,91,85,90,94
[11182.121403] [AOA] Measurement: 0,1627138799.498258,08:55:31:9b:05:29,2,1,2,0,128,218,690,572,535,869,1019,498,200,853,932,816,551,995,420,459,1019,123,112,355,83,202,607,1015,311,193,46,1009,703,18,948,360,416,54,52,55,35,68,69,59,65,69,66,60,75,57,66,68,60,59,68,61,61,50,54,63,52,45,64,56,64,66,62,67,68
[11182.165588] [AOA] Measurement: 0,1627138799.542442,08:55:31:9b:05:29,2,1,2,0,128,685,461,550,541,838,978,938,989,292,689,243,348,425,228,966,827,23,48,328,37,579,287,441,64,570,778,419,492,484,763,648,764,55,53,59,35,69,70,60,63,70,69,61,75,59,67,66,58,58,70,59,58,50,52,63,51,44,64,56,61,64,57,64,64
[11182.207641] [AOA] Measurement: 0,1627138799.584490,08:55:31:9b:05:29,2,1,2,0,128,121,603,610,638,824,988,493,149,787,885,335,385,964,392,425,957,1,58,265,46,697,381,959,212,618,831,466,491,543,769,5,157,57,54,57,35,68,69,59,64,71,68,62,75,59,67,68,63,60,70,60,61,51,54,65,55,47,65,58,64,66,62,67,68
[11182.249464] [AOA] Measurement: 0,1627138799.626315,08:55:31:9b:05:29,2,1,2,0,128,628,447,1008,356,298,836,971,1006,886,953,783,510,426,175,837,754,481,908,756,869,639,336,343,1019,674,849,18,710,7,864,1007,18,57,55,56,34,67,69,60,62,70,66,62,77,59,67,67,61,58,70,62,59,50,51,64,53,45,65,54,64,65,60,65,68
[11182.288523] [AOA] Measurement: 0,1627138799.665377,08:55:31:9b:05:29,2,1,2,0,128,127,583,594,574,823,958,977,1020,350,781,800,506,407,209,448,991,1020,63,380,67,212,578,993,243,198,4,57,733,21,973,328,334,56,54,58,34,70,69,61,64,72,67,61,77,60,68,67,60,59,71,62,58,49,51,62,51,43,62,54,60,60,56,62,63
[11182.331931] [AOA] Measurement: 0,1627138799.708784,08:55:31:9b:05:29,2,1,2,0,128,211,660,497,509,325,783,933,990,305,724,257,322,463,245,485,1015,1016,36,276,1022,165,581,960,238,212,66,39,739,1004,876,864,1009,74,73,80,45,92,90,79,84,96,88,82,97,79,88,83,78,73,91,80,69,62,66,80,68,58,79,69,75,77,71,76,79
[11182.370108] [AOA] Measurement: 0,1627138799.746962,08:55:31:9b:05:29,2,1,2,0,128,225,672,545,588,287,785,33,46,878,952,793,568,1010,411,532,54,42,94,358,103,173,578,1003,300,120,1008,469,484,486,760,770,850,57,54,56,36,66,68,60,62,68,67,61,77,59,68,66,61,61,66,59,61,52,55,64,55,47,67,56,64,66,64,67,70
[11182.407920] [AOA] Measurement: 0,1627138799.784774,08:55:31:9b:05:29,2,1,2,0,128,184,656,592,596,829,986,562,237,852,906,742,491,391,192,870,745,480,841,793,866,647,339,436,85,188,12,51,743,1021,943,765,725,57,56,58,35,72,70,61,64,71,66,61,78,59,67,68,62,59,71,62,61,50,53,65,53,45,66,56,63,65,60,65,68
[11182.457800] [AOA] Measurement: 0,1627138799.834655,08:55:31:9b:05:29,2,1,2,0,128,171,629,560,593,878,13,517,179,865,920,822,553,986,429,358,919,470,889,765,880,590,300,416,43,587,817,478,483,22,913,870,859,56,57,58,32,69,68,59,63,74,69,63,76,60,67,66,59,55,68,59,57,48,51,59,50,42,61,55,58,62,55,60,64
[11182.504561] [AOA] Measurement: 0,1627138799.881411,08:55:31:9b:05:29,2,1,2,0,128,177,694,554,584,798,950,968,981,307,710,280,318,466,243,855,757,12,63,371,88,182,585,987,266,166,44,1020,703,972,903,289,391,55,55,58,33,71,70,60,64,70,69,62,76,59,67,68,60,58,70,61,57,49,50,63,52,44,63,55,59,63,58,62,65
[11182.553977] [AOA] Measurement: 0,1627138799.930827,08:55:31:9b:05:29,2,1,2,0,128,596,423,979,334,266,779,942,958,275,707,344,382,450,234,355,911,472,886,780,891,593,316,435,81,194,3,485,532,59,952,392,382,56,52,54,35,64,67,57,63,68,67,60,73,58,66,66,61,60,67,59,60,52,54,64,53,47,66,56,65,67,62,67,69
[11182.607546] [AOA] Measurement: 0,1627138799.984400,08:55:31:9b:05:29,2,1,2,0,128,238,678,644,685,852,1006,545,220,851,944,822,522,75,465,385,929,29,69,306,82,174,548,8,313,178,11,111,772,4,937,220,198,56,54,57,34,69,69,60,63,71,68,61,76,58,67,67,61,58,68,61,59,50,53,63,52,44,64,56,63,64,60,64,64
[11182.650900] [AOA] Measurement: 0,1627138800.027754,08:55:31:9b:05:29,2,1,2,0,128,190,650,582,584,833,1002,483,161,804,866,292,362,423,204,426,1006,422,849,346,55,192,562,36,280,185,26,28,734,0,956,773,872,56,51,53,37,65,67,55,63,64,66,60,74,57,65,66,60,61,66,57,59,50,54,60,54,46,64,57,65,67,63,68,71
[11182.694315] [AOA] Measurement: 0,1627138800.071169,08:55:31:9b:05:29,2,1,2,0,128,589,396,0,338,301,798,974,990,332,754,243,346,411,188,439,948,410,847,781,858,641,318,412,18,660,806,528,572,428,717,804,934,55,55,57,36,68,68,60,64,71,68,61,76,57,68,68,60,59,67,59,61,51,55,64,53,47,66,56,66,68,63,68,70
[11182.738069] [AOA] Measurement: 0,1627138800.114919,08:55:31:9b:05:29,2,1,2,0,128,635,442,27,365,812,996,556,175,842,918,291,374,16,491,445,988,19,75,372,108,170,549,5,320,232,43,1023,727,971,905,865,988,75,67,71,52,85,91,77,84,85,88,81,98,78,88,89,81,82,87,76,79,69,73,85,73,63,88,75,89,92,87,92,96
[11182.781694] [AOA] Measurement: 0,1627138800.158548,08:55:31:9b:05:29,2,1,2,0,128,642,424,8,364,260,749,26,41,878,894,882,589,8,447,475,1020,985,41,320,68,198,550,19,302,153,1009,48,723,20,940,205,192,54,54,58,31,70,68,58,63,73,67,61,76,58,66,65,60,54,68,62,57,49,50,62,50,43,61,55,59,62,55,61,63
[11182.824570] [AOA] Measurement: 0,1627138800.201424,08:55:31:9b:05:29,2,1,2,0,128,614,441,34,421,815,996,556,169,848,950,860,598,1010,445,419,959,415,869,809,901,598,324,456,49,164,33,1016,724,0,939,69,104,74,73,76,48,90,91,81,85,94,92,84,101,81,92,91,83,80,93,84,81,69,72,84,72,61,86,75,83,85,79,84,88
[11182.868268] [AOA] Measurement: 0,1627138800.245121,08:55:31:9b:05:29,2,1,2,0,128,696,466,963,343,316,809,37,20,872,928,934,627,1007,423,399,989,418,879,790,872,631,301,430,37,628,809,497,528,23,933,508,629,76,70,74,51,88,91,77,85,88,90,81,101,78,89,93,83,85,91,79,80,71,72,86,74,64,89,78,89,91,88,92,96
[11182.911083] [AOA] Measurement: 0,1627138800.287936,08:55:31:9b:05:29,2,1,2,0,128,662,444,1008,338,308,806,971,994,294,724,298,353,445,210,912,769,396,841,739,811,602,302,393,8,688,877,490,510,458,724,814,820,55,52,57,36,67,68,60,62,69,66,61,76,60,68,69,61,59,69,60,59,50,53,63,54,46,65,58,65,67,63,67,70
[11182.949325] [AOA] Measurement: 0,1627138800.326178,08:55:31:9b:05:29,2,1,2,0,128,211,688,583,604,873,987,598,214,876,927,822,590,1010,467,435,1007,4,79,271,49,105,512,1015,282,97,5,82,770,1007,940,588,635,56,53,56,34,69,70,59,64,70,67,62,75,59,67,65,59,57,69,59,58,50,51,63,52,44,64,56,61,63,55,63,64
[11182.992876] [AOA] Measurement: 0,1627138800.369732,08:55:31:9b:05:29,2,1,2,0,128,156,595,962,308,302,782,998,1010,285,679,241,305,411,201,861,742,44,50,354,76,135,537,0,294,172,21,1023,688,17,938,440,430,56,55,57,35,68,68,60,64,69,67,60,74,58,67,66,61,59,69,59,60,50,53,64,54,46,65,56,62,65,59,67,68
[11183.042990] [AOA] Measurement: 0,1627138800.419841,08:55:31:9b:05:29,2,1,2,0,128,229,629,596,637,870,16,530,210,794,887,817,504,938,348,867,768,500,889,314,71,139,538,1008,250,159,27,21,698,41,969,709,626,56,54,58,34,70,68,60,64,71,68,63,77,60,67,69,62,59,68,61,59,50,53,64,53,46,66,56,64,65,60,65,68
[11183.097627] [AOA] Measurement: 0,1627138800.474482,08:55:31:9b:05:29,2,1,2,0,128,675,463,49,366,850,1006,972,1010,308,715,225,314,394,164,914,794,445,859,785,895,632,325,440,44,610,805,463,495,405,704,141,441,73,66,73,51,86,88,79,86,89,90,82,103,80,92,93,84,84,90,80,82,70,72,85,73,64,89,76,89,91,85,91,95
[11183.140644] [AOA] Measurement: 0,1627138800.517500,08:55:31:9b:05:29,2,1,2,0,128,271,732,533,552,820,951,999,1002,304,690,217,313,431,174,472,1000,429,877,799,866,611,341,414,53,647,821,546,534,473,728,956,17,75,71,76,51,89,92,78,84,92,91,82,99,78,90,90,82,81,93,83,79,68,70,87,73,62,85,77,86,88,81,87,89
[11183.179326] [AOA] Measurement: 0,1627138800.556175,08:55:31:9b:05:29,2,1,2,0,128,198,670,553,564,847,3,562,180,849,924,282,351,400,178,837,739,442,873,790,833,633,318,471,87,637,816,495,519,15,970,966,1012,55,53,54,36,66,67,59,62,65,66,61,75,60,66,67,61,61,67,59,59,52,53,64,53,46,64,55,65,66,61,67,70
[11183.222192] [AOA] Measurement: 0,1627138800.599040,08:55:31:9b:05:29,2,1,2,0,128,160,615,612,582,840,1010,515,174,796,890,196,317,393,193,873,770,454,884,317,54,118,489,445,82,623,836,498,503,19,929,519,480,55,56,60,33,71,70,59,62,72,66,63,73,57,65,63,58,53,69,60,55,48,49,62,50,41,59,53,56,60,53,59,60
[11183.270935] [AOA] Measurement: 0,1627138800.647790,08:55:31:9b:05:29,2,1,2,0,128,213,687,535,548,840,983,482,177,851,895,242,299,475,263,387,920,452,870,359,89,166,602,4,285,180,26,144,781,33,997,242,144,56,56,56,35,69,70,61,64,71,67,62,77,59,68,69,62,60,69,60,61,51,54,63,54,45,64,57,64,66,61,66,69
[11183.308758] [AOA] Measurement: 0,1627138800.685614,08:55:31:9b:05:29,2,1,2,0,128,621,448,55,371,842,990,940,962,289,722,207,311,426,189,895,776,513,878,818,907,121,506,460,51,234,59,63,745,1021,958,873,987,57,54,56,34,67,68,58,65,71,68,63,76,60,68,68,62,59,69,60,61,51,52,65,54,45,64,56,63,64,60,67,68
[11183.353073] [AOA] Measurement: 0,1627138800.729922,08:55:31:9b:05:29,2,1,2,0,128,196,630,997,368,335,823,976,1003,889,922,777,514,969,428,448,998,8,73,359,100,243,573,1004,277,178,8,43,737,1003,947,260,353,56,52,56,35,67,68,59,62,68,66,61,76,59,67,68,62,61,69,61,60,52,54,64,54,45,66,55,65,67,61,68,70
[11183.407514] [AOA] Measurement: 0,1627138800.784368,08:55:31:9b:05:29,2,1,2,0,128,213,657,644,638,877,1010,540,176,813,892,262,317,469,229,429,978,1,43,320,61,215,552,983,261,206,66,57,771,996,936,268,320,54,53,56,37,68,67,59,62,68,67,59,75,60,66,67,62,60,67,58,59,52,53,62,54,45,65,57,65,66,61,67,69
[11183.452650] [AOA] Measurement: 0,1627138800.829506,08:55:31:9b:05:29,2,1,2,0,128,175,674,559,557,838,971,496,164,838,927,833,556,44,461,421,1021,1009,76,316,86,99,528,12,263,208,24,81,770,29,936,499,482,53,50,53,36,63,65,54,62,61,63,57,73,56,64,66,60,61,64,58,60,50,52,61,53,45,63,55,65,68,63,67,70
[11183.490744] [AOA] Measurement: 0,1627138800.867592,08:55:31:9b:05:29,2,1,2,0,128,132,624,486,499,287,789,526,198,874,934,784,496,500,241,518,9,961,15,388,119,137,514,952,240,124,996,89,746,1021,955,675,621,56,54,59,35,71,70,59,63,71,68,61,74,58,67,66,61,59,70,61,59,49,51,64,51,44,64,56,61,64,57,62,65
[11183.533443] [AOA] Measurement: 0,1627138800.910298,08:55:31:9b:05:29,2,1,2,0,128,274,713,526,548,860,1019,511,200,824,893,211,299,443,213,913,828,5,43,325,62,150,501,368,22,615,805,513,521,441,728,86,109,57,54,57,35,69,70,59,64,67,66,62,75,59,68,68,62,62,68,60,61,52,54,63,53,46,66,57,66,69,64,69,71
[11183.578247] [AOA] Measurement: 0,1627138800.955099,08:55:31:9b:05:29,2,1,2,0,128,172,669,578,568,836,973,489,188,822,912,809,540,422,221,882,768,421,863,796,866,671,406,414,56,173,13,33,711,1022,914,413,351,71,63,68,49,76,84,72,78,79,82,73,94,71,80,84,76,78,80,71,73,65,70,77,67,59,80,70,85,89,84,88,91
[11183.621402] [AOA] Measurement: 0,1627138800.998258,08:55:31:9b:05:29,2,1,2,0,128,178,650,553,571,843,1003,524,189,845,964,808,541,960,382,441,976,462,881,359,98,245,612,1013,274,123,1013,17,739,1017,897,394,446,56,54,58,33,70,69,61,64,71,67,62,76,60,70,66,60,58,69,61,59,50,52,61,51,44,62,55,61,62,57,63,65
[11183.660519] [AOA] Measurement: 0,1627138801.037368,08:55:31:9b:05:29,2,1,2,0,128,215,650,1020,393,862,30,482,199,811,884,263,356,427,201,852,752,459,893,833,893,166,531,967,245,136,21,980,724,399,683,455,669,55,53,56,36,66,67,58,64,67,67,62,76,60,68,69,61,62,67,58,61,52,52,63,54,46,66,57,64,69,63,68,69
[11183.710529] [AOA] Measurement: 0,1627138801.087379,08:55:31:9b:05:29,2,1,2,0,128,188,632,573,590,848,1015,558,219,909,953,826,532,427,217,509,12,1013,34,373,83,209,578,11,321,146,1014,11,740,1004,905,421,449,78,73,77,49,92,94,81,87,95,91,85,103,79,92,90,83,78,93,82,79,68,72,86,71,62,87,77,83,86,79,87,88
[11183.754613] [AOA] Measurement: 0,1627138801.131462,08:55:31:9b:05:29,2,1,2,0,128,200,658,548,575,294,777,1009,8,922,963,783,509,1005,411,924,809,988,20,740,820,638,304,462,61,220,45,59,754,38,938,987,940,55,52,55,33,67,68,61,64,69,69,60,76,59,66,68,61,60,69,61,59,50,53,61,53,46,65,55,65,67,63,68,69
[11183.798370] [AOA] Measurement: 0,1627138801.175223,08:55:31:9b:05:29,2,1,2,0,128,149,637,637,641,879,7,469,179,924,962,833,557,1009,489,378,948,473,872,759,871,604,309,466,81,195,25,18,716,14,966,41,41,55,52,54,38,66,67,57,62,65,67,61,75,59,67,66,61,60,67,58,59,51,54,62,54,45,64,54,66,68,63,69,69
[11183.841467] [AOA] Measurement: 0,1627138801.218322,08:55:31:9b:05:29,2,1,2,0,128,169,657,582,598,797,1003,481,162,284,735,190,337,431,228,900,803,439,885,342,60,176,553,997,276,180,10,25,734,1011,900,8,104,74,67,72,51,85,88,76,84,87,88,82,100,78,88,90,81,81,88,78,80,68,72,84,72,63,87,76,87,89,86,91,95
[11183.885676] [AOA] Measurement: 0,1627138801.262529,08:55:31:9b:05:29,2,1,2,0,128,183,603,638,639,810,984,475,198,897,961,744,494,947,418,934,821,419,860,776,902,603,299,445,7,681,862,96,775,975,902,428,583,56,54,59,35,69,69,59,64,72,68,61,75,58,68,65,61,57,70,60,60,51,52,62,53,44,65,54,64,66,61,65,67
[11183.929103] [AOA] Measurement: 0,1627138801.305952,08:55:31:9b:05:29,2,1,2,0,128,230,695,563,555,851,1021,508,189,230,668,280,360,437,219,423,963,978,35,352,85,133,488,976,223,192,30,52,745,35,945,254,236,56,52,57,36,69,70,59,63,70,68,61,77,61,68,69,62,60,68,62,60,52,54,63,54,47,65,57,64,67,60,66,66
[11183.971761] [AOA] Measurement: 0,1627138801.348613,08:55:31:9b:05:29,2,1,2,0,128,633,403,23,371,297,851,532,171,844,894,841,531,419,229,868,751,498,886,828,921,90,454,419,70,573,794,517,526,405,687,342,452,56,53,57,37,68,68,58,64,69,68,61,76,59,67,68,59,59,66,60,60,52,54,64,54,46,65,57,66,68,62,69,69
[11184.019636] [AOA] Measurement: 0,1627138801.396490,08:55:31:9b:05:29,2,1,2,0,128,117,607,51,417,861,996,545,237,810,870,908,604,997,388,459,978,992,10,321,60,96,480,988,239,143,1017,33,699,29,934,403,458,55,54,59,34,70,70,63,64,71,68,63,75,58,67,66,61,57,68,61,58,50,51,62,53,44,64,55,62,63,60,64,68
[11184.067101] [AOA] Measurement: 0,1627138801.443950,08:55:31:9b:05:29,2,1,2,0,128,634,446,12,361,867,1019,969,993,896,972,826,551,970,416,470,985,946,27,805,877,559,281,379,8,617,809,523,522,434,710,438,537,57,54,60,32,67,67,60,60,72,66,62,72,58,67,64,59,54,68,60,55,47,48,60,51,43,61,55,58,60,53,57,61
[11184.107163] [AOA] Measurement: 0,1627138801.484019,08:55:31:9b:05:29,2,1,2,0,128,723,484,1021,389,303,805,996,0,903,944,857,556,46,464,351,953,1017,29,787,864,623,364,487,105,194,19,531,535,504,749,451,537,55,56,57,35,68,68,60,64,71,68,63,78,60,68,69,62,61,69,60,61,52,55,65,54,46,66,56,64,66,63,69,70
[11184.153339] [AOA] Measurement: 0,1627138801.530188,08:55:31:9b:05:29,2,1,2,0,128,268,714,572,602,810,984,510,214,864,937,848,579,973,413,479,994,15,58,294,59,174,536,952,239,219,26,20,741,4,947,174,167,73,69,74,51,87,89,80,85,90,90,80,101,80,87,89,80,82,90,81,81,70,74,85,73,64,88,78,87,90,85,93,95
[11184.197282] [AOA] Measurement: 0,1627138801.574137,08:55:31:9b:05:29,2,1,2,0,128,185,634,541,531,276,806,11,8,792,887,917,645,981,439,352,939,48,81,358,81,108,500,1021,278,120,992,26,710,1005,928,462,501,56,53,57,36,69,68,59,64,70,69,61,76,59,69,68,59,58,68,59,57,50,52,61,52,45,66,57,65,64,61,65,69
[11184.239856] [AOA] Measurement: 0,1627138801.616704,08:55:31:9b:05:29,2,1,2,0,128,192,647,613,616,833,988,475,159,861,906,828,554,1012,433,412,965,1009,29,332,92,137,530,959,229,148,1009,95,791,34,961,640,584,53,50,54,36,65,67,57,62,65,66,58,75,56,64,65,60,58,64,57,59,50,54,61,52,47,65,55,66,69,63,67,71
[11184.278192] [AOA] Measurement: 0,1627138801.655045,08:55:31:9b:05:29,2,1,2,0,128,189,691,567,584,777,924,970,970,346,712,292,352,444,198,935,789,517,904,735,864,171,544,1011,271,200,29,51,770,62,973,147,48,57,54,56,36,66,68,59,63,66,67,62,75,59,67,69,60,60,69,58,59,52,52,64,51,45,63,55,63,66,62,67,69
[11184.316142] [AOA] Measurement: 0,1627138801.692997,08:55:31:9b:05:29,2,1,2,0,128,610,415,10,350,270,775,963,1005,341,737,239,333,431,206,462,983,986,7,775,859,150,544,980,242,258,63,9,724,29,960,788,826,56,54,57,35,71,70,62,66,71,69,63,76,59,68,67,62,60,70,63,60,52,53,64,52,46,63,57,63,66,60,65,66
[11184.358929] [AOA] Measurement: 0,1627138801.735784,08:55:31:9b:05:29,2,1,2,0,128,657,428,1023,349,302,820,956,7,287,751,262,352,980,446,422,963,402,830,369,74,214,572,962,249,143,30,23,696,447,714,427,611,54,70,69,22,83,73,67,65,89,72,68,79,63,71,64,59,51,74,65,52,45,48,62,50,39,60,55,53,54,47,53,59
[11184.402553] [AOA] Measurement: 0,1627138801.779406,08:55:31:9b:05:29,2,1,2,0,128,164,622,568,556,840,970,990,1003,947,964,835,581,942,372,412,955,1014,15,344,88,174,527,4,277,167,1003,75,744,20,934,610,513,53,55,58,33,69,69,61,64,72,66,61,73,57,66,64,58,55,67,58,57,48,50,60,50,41,60,54,58,58,52,57,61
[11184.446714] [AOA] Measurement: 0,1627138801.823569,08:55:31:9b:05:29,2,1,2,0,128,244,706,567,583,892,4,438,126,290,718,297,341,465,242,958,831,10,66,327,47,206,561,8,268,217,69,985,657,15,990,221,263,54,55,58,36,68,70,58,64,71,67,63,76,58,69,67,62,60,70,60,60,51,53,64,53,45,66,58,62,65,60,65,68
[11184.483786] [AOA] Measurement: 0,1627138801.860640,08:55:31:9b:05:29,2,1,2,0,128,283,741,630,640,842,966,544,230,867,950,856,524,975,374,895,764,473,888,299,75,142,524,31,318,173,49,82,752,1005,902,164,52,54,51,53,37,63,65,57,60,64,65,60,73,56,65,67,60,60,64,57,59,50,54,62,55,44,66,53,66,66,64,69,69
[11184.521658] [AOA] Measurement: 0,1627138801.898514,08:55:31:9b:05:29,2,1,2,0,128,584,423,1020,320,307,792,954,1000,286,738,214,328,327,128,917,771,470,862,702,845,635,337,402,36,661,845,442,487,489,774,234,325,57,57,58,34,70,69,60,64,71,66,62,74,59,68,66,61,58,70,60,57,49,51,62,53,43,62,56,58,61,55,61,64
[11184.562259] [AOA] Measurement: 0,1627138801.939109,08:55:31:9b:05:29,2,1,2,0,128,575,390,1016,391,327,826,973,1019,821,895,247,343,457,262,467,981,5,89,370,98,204,559,943,221,122,997,90,758,9,914,702,826,55,53,58,38,69,69,61,64,70,68,61,76,58,68,67,61,58,68,61,62,51,54,65,55,46,65,57,65,67,62,68,69
[11184.607332] [AOA] Measurement: 0,1627138801.984188,08:55:31:9b:05:29,2,1,2,0,128,637,450,1012,335,310,799,973,1012,281,715,263,355,423,208,433,985,395,858,835,898,653,358,59,307,135,18,16,704,978,897,569,681,55,53,57,35,67,68,59,63,67,66,61,76,58,68,67,62,60,68,60,59,51,54,63,52,46,65,56,64,66,63,68,69
[11184.650781] [AOA] Measurement: 0,1627138802.027635,08:55:31:9b:05:29,2,1,2,0,128,176,617,534,579,866,1012,570,204,905,947,759,489,1014,419,486,1003,986,15,326,69,144,503,26,268,184,1,60,725,24,941,707,710,55,56,59,35,71,68,60,63,72,67,64,76,60,70,65,61,59,70,62,60,49,51,63,53,43,65,56,61,65,58,64,66
[11184.695586] [AOA] Measurement: 0,1627138802.072439,08:55:31:9b:05:29,2,1,2,0,128,739,494,602,615,812,989,519,200,873,905,239,301,388,170,884,741,457,846,711,799,688,355,362,1021,631,823,456,501,461,705,81,257,76,72,77,48,90,93,81,86,93,92,84,101,78,90,89,83,81,92,81,81,69,73,88,73,63,88,77,87,89,83,89,92
[11184.739068] [AOA] Measurement: 0,1627138802.115917,08:55:31:9b:05:29,2,1,2,0,128,167,665,561,542,850,983,523,207,866,945,811,525,331,125,960,821,417,832,712,806,618,339,399,18,703,861,500,521,477,725,656,689,56,52,54,36,66,67,60,63,68,68,62,75,59,67,69,60,59,68,61,61,51,52,62,52,46,64,55,62,66,59,67,67
[11184.783864] [AOA] Measurement: 0,1627138802.160714,08:55:31:9b:05:29,2,1,2,0,128,136,627,519,556,888,1,529,201,884,962,830,531,15,499,434,950,1002,63,328,77,130,550,960,218,143,14,432,483,8,928,50,93,55,54,55,32,70,67,59,62,73,66,62,76,59,68,64,60,55,69,59,57,45,50,60,50,41,59,53,58,60,53,59,62
[11184.829526] [AOA] Measurement: 0,1627138802.206381,08:55:31:9b:05:29,2,1,2,0,128,625,415,971,333,301,777,939,970,301,739,232,348,412,202,473,1012,1005,70,314,72,112,527,1012,236,591,794,472,489,477,704,87,319,56,55,58,36,70,69,60,64,70,69,62,74,58,67,67,60,58,69,60,60,51,53,63,52,46,66,56,64,65,61,66,68
[11184.870220] [AOA] Measurement: 0,1627138802.247069,08:55:31:9b:05:29,2,1,2,0,128,152,604,530,527,825,1003,538,242,857,923,793,554,983,385,442,976,925,1008,797,912,634,346,979,254,142,1006,438,486,487,740,872,980,56,54,58,36,70,70,59,63,70,68,61,76,57,67,66,61,60,70,61,59,50,53,64,53,45,63,57,62,66,59,66,68
[11184.912404] [AOA] Measurement: 0,1627138802.289253,08:55:31:9b:05:29,2,1,2,0,128,179,675,567,549,861,1008,1000,1009,322,760,270,356,443,234,849,773,491,876,788,874,600,327,1014,310,197,30,50,739,29,955,181,194,75,72,78,47,91,91,80,86,93,92,84,103,80,92,90,83,80,93,83,80,69,71,87,74,63,87,76,83,88,79,88,91
[11184.958488] [AOA] Measurement: 0,1627138802.335341,08:55:31:9b:05:29,2,1,2,0,128,637,421,56,418,858,992,515,201,838,965,827,570,1007,439,383,943,964,27,319,33,185,561,958,241,131,1010,1003,729,423,707,12,90,56,54,58,35,68,69,59,63,71,68,61,76,58,66,67,60,59,68,60,60,50,52,64,54,46,65,57,64,67,60,66,69
[11185.002657] [AOA] Measurement: 0,1627138802.379512,08:55:31:9b:05:29,2,1,2,0,128,212,669,567,558,861,1022,538,216,805,889,228,342,984,411,474,1000,1009,71,353,105,156,531,940,209,678,876,448,492,487,746,478,603,55,54,59,33,69,70,61,63,75,69,64,76,58,68,66,61,57,69,62,59,48,50,61,51,44,63,54,59,63,57,63,64
[11185.052658] [AOA] Measurement: 0,1627138802.429507,08:55:31:9b:05:29,2,1,2,0,128,209,673,507,545,841,1011,30,62,916,968,848,586,1010,447,420,982,1012,23,335,81,187,528,936,238,169,36,85,802,994,953,243,277,56,53,57,36,68,70,59,63,69,66,61,75,59,68,66,61,59,68,60,60,52,53,65,52,46,64,57,65,67,62,67,70
[11185.104982] [AOA] Measurement: 0,1627138802.481832,08:55:31:9b:05:29,2,1,2,0,128,191,682,615,621,829,1000,512,165,903,958,880,624,1001,397,471,1020,1003,74,403,111,125,508,399,52,654,832,523,537,2,924,246,202,55,52,57,35,70,70,60,64,71,67,62,76,60,67,66,61,59,68,61,60,51,52,65,54,46,64,58,63,66,60,67,69
[11185.143225] [AOA] Measurement: 0,1627138802.520081,08:55:31:9b:05:29,2,1,2,0,128,176,622,22,380,275,804,963,992,284,758,871,574,1019,477,413,979,35,67,314,72,574,287,473,74,188,31,468,478,478,728,407,522,56,55,60,36,69,69,59,63,71,68,61,75,59,69,66,62,57,68,62,58,49,51,62,53,45,65,56,62,63,60,63,66
[11185.184078] [AOA] Measurement: 0,1627138802.560927,08:55:31:9b:05:29,2,1,2,0,128,685,473,2,372,198,773,968,1,285,686,307,384,431,209,882,742,453,860,782,874,669,361,410,70,166,35,480,517,471,724,748,832,56,54,58,35,68,69,60,63,71,67,64,76,59,68,67,60,57,68,60,58,51,51,62,52,45,64,57,62,66,60,65,67
[11185.227918] [AOA] Measurement: 0,1627138802.604773,08:55:31:9b:05:29,2,1,2,0,128,679,467,569,581,853,998,559,211,786,874,810,495,945,371,887,760,475,846,806,879,115,542,985,276,156,24,17,695,478,738,768,822,56,51,58,37,67,67,60,64,67,67,62,75,60,68,69,63,61,71,62,60,51,53,65,53,46,65,57,62,66,59,65,68
[11185.271378] [AOA] Measurement: 0,1627138802.648232,08:55:31:9b:05:29,2,1,2,0,128,594,416,1020,341,373,818,566,223,869,895,273,346,397,182,918,779,437,871,796,872,577,261,407,28,628,849,434,459,461,710,614,836,56,54,57,34,67,68,60,64,70,69,63,76,59,69,68,62,60,69,61,61,50,53,65,53,47,65,57,64,66,61,67,69
[11185.315486] [AOA] Measurement: 0,1627138802.692342,08:55:31:9b:05:29,2,1,2,0,128,179,671,473,506,842,959,1008,1021,316,725,291,348,12,444,419,951,1006,20,823,890,619,306,459,80,96,996,100,754,978,892,101,161,74,69,73,50,86,89,78,86,88,90,81,101,79,88,91,82,83,92,82,81,71,72,86,74,63,89,79,88,92,85,93,96
[11185.358903] [AOA] Measurement: 0,1627138802.735752,08:55:31:9b:05:29,2,1,2,0,128,212,667,617,638,886,1023,470,183,803,905,276,356,425,227,926,847,13,109,282,28,82,506,432,50,667,866,64,769,1023,938,541,543,54,55,58,34,71,70,61,65,75,69,64,77,59,68,68,59,57,69,60,59,48,51,62,51,44,62,54,60,64,58,63,65
[11185.401325] [AOA] Measurement: 0,1627138802.778180,08:55:31:9b:05:29,2,1,2,0,128,621,416,969,327,276,837,1021,1014,863,913,779,519,457,240,926,788,1001,34,336,44,117,483,440,57,628,835,453,521,417,729,580,700,55,56,59,33,69,69,59,64,72,68,62,76,57,67,67,60,57,69,60,57,47,48,62,51,43,61,53,58,61,55,60,63
[11185.439359] [AOA] Measurement: 0,1627138802.816214,08:55:31:9b:05:29,2,1,2,0,128,118,624,991,300,236,784,968,1003,854,917,178,269,453,207,431,958,1000,36,371,122,172,522,1020,275,185,57,18,745,955,905,558,608,57,54,58,36,69,69,59,65,69,68,61,74,58,66,67,60,61,67,59,60,52,54,63,54,46,66,57,65,66,63,69,69
[11185.483239] [AOA] Measurement: 0,1627138802.860092,08:55:31:9b:05:29,2,1,2,0,128,231,679,588,605,841,1017,582,221,905,938,882,583,989,419,409,971,961,12,308,37,613,352,993,280,138,986,576,544,23,955,677,652,56,55,57,35,66,68,61,63,71,68,63,77,60,68,68,61,60,69,62,61,51,53,64,55,46,66,57,66,68,63,69,69
[11185.524997] [AOA] Measurement: 0,1627138802.901845,08:55:31:9b:05:29,2,1,2,0,128,638,478,995,371,248,778,1017,1008,305,735,838,570,10,465,363,919,975,1023,794,858,699,379,419,38,709,873,517,536,42,978,962,971,74,71,76,49,90,91,79,85,91,90,82,101,80,91,91,84,80,93,81,82,69,71,84,71,63,88,77,86,89,81,90,92
[11185.568393] [AOA] Measurement: 0,1627138802.945242,08:55:31:9b:05:29,2,1,2,0,128,612,413,975,305,258,753,30,22,839,893,270,385,431,218,422,990,1001,16,313,56,626,337,30,322,166,29,33,750,49,1004,964,936,54,51,53,36,67,67,58,63,64,66,59,75,58,66,67,61,61,66,59,58,51,53,62,52,46,65,57,65,68,62,66,70
[11185.610876] [AOA] Measurement: 0,1627138802.987731,08:55:31:9b:05:29,2,1,2,0,128,658,449,941,317,267,776,1019,9,333,750,261,348,473,266,903,764,396,834,809,883,580,304,491,79,611,826,508,509,480,742,637,808,57,53,57,37,69,69,60,64,68,66,63,76,59,69,67,61,60,67,61,61,52,54,63,53,47,67,57,64,67,63,68,69
[11185.648667] [AOA] Measurement: 0,1627138803.025519,08:55:31:9b:05:29,2,1,2,0,128,221,667,612,606,876,985,549,204,232,683,273,353,509,267,455,993,79,79,312,55,129,512,414,50,229,26,982,656,50,962,43,76,55,52,56,36,67,66,59,64,69,67,63,76,58,67,70,62,60,68,60,59,51,54,63,54,45,66,56,64,66,63,69,69
[11185.691993] [AOA] Measurement: 0,1627138803.068849,08:55:31:9b:05:29,2,1,2,0,128,135,599,592,567,903,3,921,971,282,687,249,323,413,191,894,773,401,828,800,872,604,320,434,46,622,845,518,520,1016,946,436,491,53,56,58,29,70,66,58,59,72,64,59,72,58,63,61,57,51,67,58,52,43,45,57,48,38,56,52,53,55,49,56,56
[11185.740580] [AOA] Measurement: 0,1627138803.117433,08:55:31:9b:05:29,2,1,2,0,128,144,625,512,545,864,1000,577,222,835,931,906,640,1013,464,476,1,989,14,274,24,128,508,399,29,612,795,581,564,975,905,430,537,57,54,58,34,70,68,61,64,72,69,63,76,59,68,66,61,58,68,60,59,50,51,63,52,44,64,55,62,64,59,64,65
[11185.778214] [AOA] Measurement: 0,1627138803.155068,08:55:31:9b:05:29,2,1,2,0,128,197,650,588,605,885,5,570,235,844,917,852,616,1007,447,445,1018,982,80,313,48,199,586,968,235,190,1017,82,760,14,921,248,285,54,52,53,37,62,64,56,62,62,63,58,72,56,64,67,60,61,64,57,59,50,53,60,51,46,63,54,66,66,63,67,69
[11185.821808] [AOA] Measurement: 0,1627138803.198656,08:55:31:9b:05:29,2,1,2,0,128,637,440,23,373,280,794,4,1017,342,776,927,584,978,402,480,4,996,63,327,46,143,511,421,38,629,817,475,480,473,728,891,99,54,53,54,34,67,67,59,64,70,67,62,76,58,67,66,62,59,69,59,59,51,51,64,51,46,65,55,63,66,60,66,67
[11185.864595] [AOA] Measurement: 0,1627138803.241444,08:55:31:9b:05:29,2,1,2,0,128,186,687,588,623,944,3,470,179,783,902,257,306,402,205,419,976,12,58,327,64,116,507,1017,271,173,31,1004,703,422,716,205,400,55,54,59,35,70,71,61,63,70,67,62,75,60,69,67,60,59,70,60,59,50,52,64,53,45,64,58,61,63,59,65,65
[11185.913666] [AOA] Measurement: 0,1627138803.290515,08:55:31:9b:05:29,2,1,2,0,128,658,456,6,352,268,773,971,1020,870,933,840,543,1012,422,418,968,424,872,287,24,633,320,432,40,659,848,467,509,475,732,484,562,54,50,53,36,64,66,56,62,66,65,60,74,58,67,67,61,60,67,58,61,52,54,61,54,47,66,57,64,67,63,69,69
[11185.955830] [AOA] Measurement: 0,1627138803.332680,08:55:31:9b:05:29,2,1,2,0,128,140,609,4,393,852,1016,511,172,856,937,793,544,991,428,544,27,87,115,342,93,77,491,18,288,192,1011,11,761,57,949,389,277,53,52,54,36,67,66,59,63,68,67,60,75,57,66,67,61,61,66,59,61,51,53,63,54,47,65,54,66,68,63,68,69
[11185.993331] [AOA] Measurement: 0,1627138803.370186,08:55:31:9b:05:29,2,1,2,0,128,676,440,998,335,362,836,495,161,238,702,267,316,485,254,890,772,412,872,865,924,611,323,403,38,638,834,518,532,470,741,521,591,56,53,56,36,66,67,59,63,67,67,62,76,58,67,68,62,62,67,60,61,51,54,63,53,47,66,57,66,67,61,67,68
[11186.037887] [AOA] Measurement: 0,1627138803.414743,08:55:31:9b:05:29,2,1,2,0,128,198,592,570,556,831,971,981,1020,833,888,294,377,446,210,901,793,999,45,361,71,188,573,961,272,150,1019,468,560,424,716,799,945,58,55,58,34,70,69,60,64,72,68,61,75,57,67,64,60,57,68,60,56,47,50,60,50,42,61,53,57,61,54,62,63
[11186.081588] [AOA] Measurement: 0,1627138803.458444,08:55:31:9b:05:29,2,1,2,0,128,185,668,558,584,842,984,571,244,868,938,881,612,23,444,446,989,983,45,328,60,153,555,963,240,175,32,98,787,82,989,700,742,54,56,57,33,70,69,62,64,71,68,64,77,60,68,69,62,59,69,62,59,51,54,63,53,45,65,57,64,66,61,67,69
[11186.124834] [AOA] Measurement: 0,1627138803.501690,08:55:31:9b:05:29,2,1,2,0,128,634,423,1002,357,265,778,968,4,309,727,255,373,430,227,463,1008,31,89,338,86,72,451,361,4,583,817,543,554,1002,911,21,99,55,55,58,34,68,69,61,64,72,67,62,74,59,66,67,60,57,68,60,59,50,51,64,53,45,64,56,63,65,60,65,69
[11186.168224] [AOA] Measurement: 0,1627138803.545077,08:55:31:9b:05:29,2,1,2,0,128,672,465,6,353,805,985,994,12,928,987,763,511,61,458,465,999,31,59,353,100,83,494,376,15,620,812,520,557,451,724,948,984,57,52,53,35,66,66,58,62,66,66,60,73,58,67,67,61,61,67,58,60,52,56,65,55,46,64,57,65,66,62,67,70
[11186.212234] [AOA] Measurement: 0,1627138803.589082,08:55:31:9b:05:29,2,1,2,0,128,178,637,617,579,811,986,459,102,278,685,271,331,362,154,897,738,468,871,733,818,573,288,424,59,607,788,521,502,486,745,669,755,53,49,52,37,63,66,55,62,63,65,59,73,57,65,65,59,61,64,57,57,50,52,60,52,45,64,53,65,67,64,68,70
[11186.250080] [AOA] Measurement: 0,1627138803.626936,08:55:31:9b:05:29,2,1,2,0,128,728,503,41,367,293,814,1013,6,935,984,815,544,1003,396,424,977,70,116,369,83,164,547,1010,289,215,52,40,733,965,902,1005,135,76,71,75,47,86,87,78,83,91,86,83,100,80,91,91,83,81,93,83,81,70,70,85,71,63,88,76,83,85,76,84,88
[11186.293677] [AOA] Measurement: 0,1627138803.670533,08:55:31:9b:05:29,2,1,2,0,128,663,426,550,549,320,829,1012,1010,832,886,281,314,1007,402,880,765,16,79,310,43,172,548,994,245,166,12,487,525,1015,932,935,936,53,54,56,35,69,69,60,64,69,67,62,75,58,68,68,62,60,68,61,59,51,53,63,54,46,66,56,64,66,62,67,68
[11186.335749] [AOA] Measurement: 0,1627138803.712599,08:55:31:9b:05:29,2,1,2,0,128,160,658,555,591,810,987,510,192,869,921,839,521,974,387,390,951,1022,56,328,77,162,587,1016,294,142,0,984,666,488,716,469,633,56,53,56,35,68,68,60,63,70,67,62,76,58,66,68,61,58,68,59,58,50,53,64,52,45,66,56,65,66,60,65,66
[11186.379108] [AOA] Measurement: 0,1627138803.755958,08:55:31:9b:05:29,2,1,2,0,128,188,660,1016,354,321,823,984,1022,878,943,786,530,961,406,904,783,466,847,815,903,615,301,435,51,652,837,53,738,41,941,328,310,54,53,56,35,68,67,60,64,69,67,62,76,59,68,67,61,60,70,60,60,50,53,63,53,45,65,57,63,65,60,65,68
[11186.426892] [AOA] Measurement: 0,1627138803.803748,08:55:31:9b:05:29,2,1,2,0,128,610,407,75,385,852,1012,480,173,199,635,240,303,393,183,955,814,451,851,859,954,586,339,48,335,143,5,1008,739,1007,920,867,870,56,55,56,35,67,70,61,65,71,69,62,76,59,67,66,61,58,68,61,59,49,53,63,53,46,64,57,64,65,62,65,66
[11186.470439] [AOA] Measurement: 0,1627138803.847293,08:55:31:9b:05:29,2,1,2,0,128,129,618,559,596,845,991,543,217,878,905,843,553,1001,441,392,944,64,71,297,38,176,528,982,274,213,38,39,764,976,879,566,684,56,55,59,35,71,70,61,65,70,68,61,75,60,68,66,60,58,68,61,61,50,53,63,52,46,63,56,59,64,58,62,65
[11186.508039] [AOA] Measurement: 0,1627138803.884895,08:55:31:9b:05:29,2,1,2,0,128,155,636,556,602,829,1006,524,192,889,962,904,618,31,495,454,999,9,70,404,121,160,540,11,270,173,5,14,725,981,880,949,956,57,56,59,36,71,70,61,64,72,68,64,76,59,68,66,60,57,68,61,57,49,50,62,52,42,62,55,62,64,58,64,64
[11186.550526] [AOA] Measurement: 0,1627138803.927382,08:55:31:9b:05:29,2,1,2,0,128,167,609,594,625,849,980,535,201,923,940,805,526,13,455,476,1007,1009,36,301,62,143,485,1013,256,158,4,8,765,993,929,650,718,71,62,66,50,78,81,71,78,78,79,76,93,75,85,89,79,79,83,73,78,68,71,82,71,64,87,74,89,89,83,90,91
[11186.588195] [AOA] Measurement: 0,1627138803.965049,08:55:31:9b:05:29,2,1,2,0,128,155,670,592,591,838,1015,501,157,928,982,929,622,980,437,421,996,29,104,344,111,239,630,66,349,116,1022,3,727,8,958,983,915,77,71,76,51,90,94,80,86,92,91,84,102,81,91,90,82,82,90,80,80,68,73,86,73,63,89,77,87,91,87,93,95
[11186.627228] [AOA] Measurement: 0,1627138804.004083,08:55:31:9b:05:29,2,1,2,0,128,206,658,565,577,847,989,522,190,875,948,835,539,979,429,410,976,985,23,300,62,156,554,1000,260,203,50,24,733,991,923,302,435,55,55,58,33,71,69,61,63,71,68,63,76,60,69,67,62,60,70,61,60,49,51,64,51,44,62,56,61,64,57,64,65
[11186.670026] [AOA] Measurement: 0,1627138804.046875,08:55:31:9b:05:29,2,1,2,0,128,137,604,529,540,294,815,996,985,300,699,864,565,29,476,492,989,952,28,753,858,681,395,978,231,163,1017,496,546,490,745,244,415,57,57,59,33,72,69,60,64,74,70,63,78,60,68,65,59,56,70,61,55,49,52,62,52,44,61,55,61,62,57,63,65
[11186.712813] [AOA] Measurement: 0,1627138804.089662,08:55:31:9b:05:29,2,1,2,0,128,614,430,1,358,259,777,1020,1010,267,693,216,296,414,230,874,757,469,858,780,885,651,372,9,272,190,14,6,728,427,694,265,459,56,53,56,36,68,68,59,62,69,67,63,76,59,68,66,61,58,71,63,60,49,51,63,52,44,64,57,59,63,58,63,64
[11186.761941] [AOA] Measurement: 0,1627138804.138789,08:55:31:9b:05:29,2,1,2,0,128,143,619,555,563,843,979,956,1000,317,722,264,335,463,231,397,973,1019,49,283,40,110,479,1019,237,203,19,18,751,2,918,635,672,55,54,59,35,70,69,60,64,70,68,62,76,59,69,69,62,61,69,60,59,51,54,64,53,46,65,56,63,66,61,67,69
[11186.807474] [AOA] Measurement: 0,1627138804.184331,08:55:31:9b:05:29,2,1,2,0,128,202,668,549,578,862,995,557,234,887,907,827,560,35,436,458,999,967,41,779,906,632,318,485,73,181,1023,102,783,18,934,421,477,74,70,72,48,87,90,79,84,91,91,82,101,79,90,91,83,78,91,82,81,68,71,87,72,61,86,76,81,85,80,86,89
[11186.851022] [AOA] Measurement: 0,1627138804.227878,08:55:31:9b:05:29,2,1,2,0,128,241,672,590,601,854,1012,554,210,758,859,255,322,426,204,882,774,478,861,867,926,581,317,1,287,147,16,85,759,1006,909,559,621,77,72,75,51,90,91,79,86,92,90,83,102,80,91,90,84,82,92,82,82,70,75,85,75,62,89,77,86,90,85,93,94
[11186.894448] [AOA] Measurement: 0,1627138804.271302,08:55:31:9b:05:29,2,1,2,0,128,192,679,538,553,846,981,969,1005,825,911,789,523,409,196,489,1020,10,82,352,80,94,519,979,246,172,12,99,765,1001,903,466,647,54,52,56,37,68,70,60,64,67,67,60,76,58,66,68,62,59,66,58,60,52,54,63,54,45,63,56,64,67,63,68,70
[11186.937952] [AOA] Measurement: 0,1627138804.314806,08:55:31:9b:05:29,2,1,2,0,128,171,676,609,620,839,992,481,122,290,726,305,370,91,518,519,5,69,117,329,93,219,579,991,282,149,1023,84,762,1019,927,534,523,57,53,57,37,68,68,58,64,69,66,62,76,58,68,67,62,60,68,61,59,51,53,63,54,46,65,56,65,68,61,67,68
[11186.981581] [AOA] Measurement: 0,1627138804.358437,08:55:31:9b:05:29,2,1,2,0,128,169,601,581,590,826,993,524,212,884,933,877,602,973,427,484,998,1013,57,314,59,152,541,1,285,179,1023,78,758,987,900,575,605,74,70,75,50,88,91,77,85,90,89,82,99,79,88,91,82,82,90,79,81,71,72,86,73,64,90,76,89,91,86,92,95
[11187.025323] [AOA] Measurement: 0,1627138804.402178,08:55:31:9b:05:29,2,1,2,0,128,206,636,667,655,908,1,578,237,879,949,863,585,20,473,388,934,1018,24,295,27,127,525,11,314,121,1009,13,711,39,940,24,1006,73,67,72,50,87,88,79,83,87,87,79,99,78,89,89,80,83,86,78,81,67,73,83,71,60,85,75,85,90,83,91,94
[11187.085174] [AOA] Measurement: 0,1627138804.462028,08:55:31:9b:05:29,2,1,2,0,128,216,682,662,639,924,4,503,193,875,954,859,582,38,502,462,1011,1003,36,276,27,145,525,1006,314,132,1,57,737,44,981,12,901,55,55,57,34,70,69,57,60,70,68,64,76,59,68,68,59,59,70,60,59,50,51,62,51,44,64,56,62,66,59,65,66
[11187.122651] [AOA] Measurement: 0,1627138804.499507,08:55:31:9b:05:29,2,1,2,0,128,171,657,597,636,891,24,527,217,817,913,784,523,978,443,386,949,486,886,362,89,211,569,25,293,187,13,70,793,20,962,269,305,56,55,58,35,67,68,60,64,70,66,63,76,61,68,68,61,60,69,62,61,51,53,63,53,47,65,56,65,67,61,67,69
[11187.162460] [AOA] Measurement: 0,1627138804.539310,08:55:31:9b:05:29,2,1,2,0,128,609,382,36,392,792,946,1002,991,295,720,277,367,369,166,858,739,518,896,784,864,651,351,963,225,239,46,46,715,33,941,128,181,55,53,57,35,69,69,60,63,70,69,61,76,59,67,67,61,58,67,61,59,49,52,62,52,45,62,55,61,64,58,64,65
[11187.208031] [AOA] Measurement: 0,1627138804.584887,08:55:31:9b:05:29,2,1,2,0,128,187,669,580,605,804,972,984,12,280,712,867,569,971,358,470,1022,1010,12,327,64,194,592,66,364,204,15,4,732,964,903,76,77,55,53,55,35,67,68,59,64,70,68,60,77,59,68,68,62,60,67,59,59,51,54,64,53,46,65,56,65,68,62,67,70
[11187.251380] [AOA] Measurement: 0,1627138804.628236,08:55:31:9b:05:29,2,1,2,0,128,608,391,12,389,878,1006,532,197,862,963,871,588,955,411,381,964,23,79,317,50,106,503,963,232,165,1018,49,742,29,966,389,333,56,54,58,33,67,69,61,62,72,67,63,77,60,67,66,59,56,68,60,58,50,51,64,53,45,63,56,63,63,59,64,68
[11187.294900] [AOA] Measurement: 0,1627138804.671756,08:55:31:9b:05:29,2,1,2,0,128,195,647,599,595,818,990,999,1023,883,923,829,598,949,407,493,14,970,16,342,62,136,534,977,246,151,1013,1015,734,1001,890,862,896,55,52,56,35,66,67,58,63,67,66,61,74,57,66,67,60,59,68,59,60,51,53,62,53,44,65,56,65,67,64,66,70
[11187.338413] [AOA] Measurement: 0,1627138804.715261,08:55:31:9b:05:29,2,1,2,0,128,195,648,615,609,808,975,535,213,794,877,935,653,20,484,439,995,4,89,302,30,84,483,413,85,658,840,507,513,482,740,79,135,55,54,60,34,69,68,60,61,73,66,61,75,58,66,67,59,58,68,61,58,50,52,64,52,45,63,56,61,64,59,64,67
[11187.380719] [AOA] Measurement: 0,1627138804.757575,08:55:31:9b:05:29,2,1,2,0,128,628,426,1015,342,335,818,574,178,295,758,852,583,336,167,859,737,466,899,328,59,183,525,951,229,171,1009,488,539,471,724,570,689,54,52,55,36,65,68,58,61,67,64,58,75,57,65,65,59,59,67,59,61,51,53,61,54,46,65,57,65,67,62,67,70
[11187.419660] [AOA] Measurement: 0,1627138804.796513,08:55:31:9b:05:29,2,1,2,0,128,124,623,584,606,877,1008,555,222,894,936,837,579,952,362,854,748,507,875,791,862,675,382,983,261,175,1008,43,696,959,901,262,325,56,53,55,36,68,69,59,64,67,68,61,75,59,66,68,61,59,67,58,60,52,54,64,53,47,66,57,66,67,64,69,70
[11187.463232] [AOA] Measurement: 0,1627138804.840087,08:55:31:9b:05:29,2,1,2,0,128,173,654,545,574,845,988,565,225,861,902,818,565,950,408,447,988,1005,27,322,58,165,537,966,262,167,20,58,754,9,905,823,887,56,53,57,36,68,67,57,63,68,67,61,75,60,66,67,61,60,67,59,59,51,52,64,53,46,64,56,64,67,63,66,68
[11187.512324] [AOA] Measurement: 0,1627138804.889173,08:55:31:9b:05:29,2,1,2,0,128,257,689,612,633,860,19,440,187,807,933,842,559,423,212,846,765,445,875,796,883,582,281,27,284,203,13,59,755,29,957,764,672,54,54,57,35,68,69,60,64,70,67,62,76,59,68,68,62,60,70,62,61,51,53,65,52,46,64,55,63,64,59,65,66
[11187.562718] [AOA] Measurement: 0,1627138804.939569,08:55:31:9b:05:29,2,1,2,0,128,619,404,3,369,871,1017,949,986,277,705,230,316,408,205,920,823,401,828,789,867,647,369,416,63,187,27,48,751,4,910,808,878,55,54,57,36,68,69,59,64,70,68,61,74,58,67,68,61,59,68,58,59,51,53,64,52,47,66,57,65,68,63,67,68
[11187.606511] [AOA] Measurement: 0,1627138804.983367,08:55:31:9b:05:29,2,1,2,0,128,628,408,13,345,329,813,534,203,834,934,800,513,996,428,852,762,439,867,366,84,154,567,1012,278,154,1007,7,723,983,880,377,542,54,53,55,34,67,69,59,64,71,67,63,76,60,67,69,61,59,70,60,60,50,50,61,53,44,62,54,60,65,59,64,66
[11187.645240] [AOA] Measurement: 0,1627138805.022096,08:55:31:9b:05:29,2,1,2,0,128,662,452,7,371,309,794,964,1008,263,697,245,301,473,234,846,750,457,885,712,815,645,335,398,14,692,824,115,790,1002,926,821,857,54,52,56,35,67,68,59,63,69,68,62,76,59,68,68,62,61,67,60,59,51,53,63,53,46,66,57,66,67,62,68,70
[11187.683115] [AOA] Measurement: 0,1627138805.059969,08:55:31:9b:05:29,2,1,2,0,128,143,614,574,554,297,801,1006,34,303,713,318,362,1001,424,426,961,413,849,305,33,133,530,971,235,217,76,99,785,963,868,789,858,55,52,56,33,67,67,59,65,70,68,61,76,59,68,68,61,59,69,60,61,51,52,66,55,46,63,56,64,64,60,66,68
[11187.726972] [AOA] Measurement: 0,1627138805.103827,08:55:31:9b:05:29,2,1,2,0,128,197,665,502,529,858,1015,510,186,818,923,829,596,979,429,402,964,2,58,400,143,130,526,11,277,116,6,1017,705,7,961,588,658,54,54,58,34,70,69,60,61,73,69,62,76,59,68,66,59,58,70,60,57,47,50,62,52,43,65,55,61,64,57,62,64
[11187.764286] [AOA] Measurement: 0,1627138805.141142,08:55:31:9b:05:29,2,1,2,0,128,194,644,595,610,856,1011,593,223,854,905,807,525,411,212,898,764,467,870,838,932,179,552,1018,288,269,60,51,749,1009,951,426,514,55,50,53,35,64,65,56,61,65,65,58,73,56,65,66,59,60,64,57,58,49,51,61,52,45,64,54,65,66,63,69,70
[11187.802327] [AOA] Measurement: 0,1627138805.179183,08:55:31:9b:05:29,2,1,2,0,128,158,621,569,546,850,1018,507,153,260,709,217,293,415,222,882,777,471,910,301,27,105,524,997,242,175,18,15,741,1013,928,131,192,55,55,60,32,70,69,59,62,71,66,62,71,56,66,61,58,52,66,58,53,45,46,59,48,41,58,51,56,57,49,56,57
[11187.841288] [AOA] Measurement: 0,1627138805.218136,08:55:31:9b:05:29,2,1,2,0,128,221,684,603,598,788,982,501,197,867,939,796,481,25,480,427,959,1002,1022,292,53,605,314,444,67,629,807,500,526,1004,899,773,755,55,54,57,35,67,68,60,63,67,66,60,74,58,67,67,63,61,69,62,61,51,53,65,54,47,65,55,65,67,61,67,70
[11187.888228] [AOA] Measurement: 0,1627138805.265082,08:55:31:9b:05:29,2,1,2,0,128,171,640,567,573,860,1000,964,998,296,731,273,319,467,249,871,757,425,837,827,897,685,325,981,218,193,32,84,754,983,926,955,953,54,53,58,33,68,69,60,62,71,66,59,74,57,67,66,60,56,68,59,59,49,50,62,49,44,62,55,59,61,55,61,62
[11187.932046] [AOA] Measurement: 0,1627138805.308902,08:55:31:9b:05:29,2,1,2,0,128,666,440,43,401,785,960,1020,21,884,975,816,574,1001,428,396,940,986,75,315,74,155,545,949,214,204,22,49,751,14,944,613,642,57,54,59,34,69,70,60,65,71,68,64,76,59,67,67,60,59,69,60,59,51,50,63,53,44,64,57,61,63,57,64,66
[11187.972264] [AOA] Measurement: 0,1627138805.349120,08:55:31:9b:05:29,2,1,2,0,128,131,637,620,640,864,989,599,225,811,918,876,573,955,349,885,757,471,872,823,904,166,538,1011,272,195,34,77,753,988,913,498,577,72,65,71,50,85,87,77,82,86,88,79,97,76,86,88,79,83,88,77,79,68,73,85,71,63,90,75,89,90,83,92,96
[11188.019785] [AOA] Measurement: 0,1627138805.396634,08:55:31:9b:05:29,2,1,2,0,128,173,644,619,647,816,969,981,11,907,958,870,552,986,398,413,955,474,858,727,856,605,314,446,64,591,831,41,733,1012,910,191,223,74,69,73,49,86,90,77,84,88,88,82,102,80,89,90,82,81,89,81,82,70,73,87,73,64,87,76,89,91,83,88,94
[11188.063389] [AOA] Measurement: 0,1627138805.440244,08:55:31:9b:05:29,2,1,2,0,128,647,455,593,580,910,17,600,248,835,919,823,568,1010,438,475,984,31,61,271,45,171,536,391,60,635,858,961,679,23,962,528,440,77,73,78,49,91,93,81,86,93,91,85,103,80,92,90,85,82,93,83,82,70,72,86,73,64,88,77,87,89,82,88,92
[11188.106063] [AOA] Measurement: 0,1627138805.482913,08:55:31:9b:05:29,2,1,2,0,128,207,664,1023,338,327,809,952,956,338,739,844,560,975,402,464,976,1023,40,385,102,227,557,997,247,200,9,83,818,999,907,849,822,56,55,58,34,70,69,61,64,73,67,63,75,59,68,67,63,58,68,60,60,49,53,63,52,43,61,54,60,64,57,64,63
[11188.149154] [AOA] Measurement: 0,1627138805.526004,08:55:31:9b:05:29,2,1,2,0,128,619,433,2,363,902,24,552,220,841,892,782,510,438,222,863,735,430,828,830,902,174,557,997,247,135,1021,61,739,65,994,16,1000,56,55,59,35,70,69,60,62,70,67,62,74,59,68,65,61,59,69,60,60,51,52,63,52,45,63,56,63,65,58,63,65
[11188.191816] [AOA] Measurement: 0,1627138805.568671,08:55:31:9b:05:29,2,1,2,0,128,212,651,530,525,290,785,939,1001,246,682,301,367,998,421,413,951,436,842,749,858,607,289,372,8,611,822,479,520,463,746,818,955,74,67,71,50,86,88,76,83,84,86,78,96,78,85,90,81,81,87,77,81,69,72,84,72,63,87,74,88,91,85,92,94
[11188.229524] [AOA] Measurement: 0,1627138805.606379,08:55:31:9b:05:29,2,1,2,0,128,185,682,602,583,807,970,500,168,862,934,214,327,393,194,889,774,405,869,762,853,193,541,969,244,142,1004,21,694,24,955,79,46,75,71,77,50,89,92,80,86,92,91,83,102,82,92,91,84,80,93,82,80,68,69,84,70,60,86,76,85,86,83,88,91
[11188.273059] [AOA] Measurement: 0,1627138805.649912,08:55:31:9b:05:29,2,1,2,0,128,206,670,601,593,852,1006,508,169,886,936,801,533,1008,439,397,974,921,994,356,70,158,530,1008,259,220,18,26,732,1006,941,557,575,55,52,55,36,65,68,60,63,67,67,58,75,56,65,66,61,61,67,60,60,51,53,63,54,46,66,57,65,68,63,68,69
[11188.322595] [AOA] Measurement: 0,1627138805.699444,08:55:31:9b:05:29,2,1,2,0,128,651,434,948,341,286,765,977,1005,313,731,327,412,991,421,432,1004,1015,53,326,58,170,552,5,311,222,58,60,713,51,959,763,803,56,55,57,35,68,68,59,62,71,67,63,77,60,68,68,61,59,69,60,60,51,52,65,52,46,65,57,62,65,59,65,69
[11188.368993] [AOA] Measurement: 0,1627138805.745847,08:55:31:9b:05:29,2,1,2,0,128,668,473,628,556,797,972,1009,23,309,757,869,581,938,405,388,922,428,903,351,95,160,551,992,267,198,24,88,775,965,911,440,530,56,53,58,35,68,69,60,64,70,66,62,76,58,67,67,61,58,67,60,59,51,53,63,53,47,65,56,64,66,64,69,71
[11188.412266] [AOA] Measurement: 0,1627138805.789120,08:55:31:9b:05:29,2,1,2,0,128,638,411,14,347,283,787,1007,1012,273,646,290,333,441,220,926,789,1002,74,328,46,641,321,418,25,676,854,479,478,413,674,758,941,56,55,58,34,69,70,59,63,70,66,62,76,61,68,67,61,58,68,61,58,48,50,63,52,44,61,55,61,63,57,62,65
[11188.452915] [AOA] Measurement: 0,1627138805.829765,08:55:31:9b:05:29,2,1,2,0,128,169,628,540,555,805,953,925,949,317,724,244,297,398,166,970,829,948,1013,775,893,636,338,423,71,651,822,505,555,1009,917,350,365,74,66,69,50,83,87,73,83,84,86,77,98,77,87,88,81,81,87,78,82,69,74,85,73,62,88,77,89,90,85,90,93
[11188.497576] [AOA] Measurement: 0,1627138805.874431,08:55:31:9b:05:29,2,1,2,0,128,198,635,608,622,820,986,574,242,907,1004,842,579,53,524,489,50,16,64,330,105,191,609,12,316,128,27,23,732,955,905,662,626,56,56,57,33,70,69,59,63,70,67,62,76,60,67,65,61,56,70,60,60,51,52,64,53,45,64,55,61,64,58,64,66
[11188.540556] [AOA] Measurement: 0,1627138805.917411,08:55:31:9b:05:29,2,1,2,0,128,112,659,531,544,888,1020,524,203,893,974,788,550,984,417,397,961,19,59,403,116,122,506,985,228,198,69,57,742,2,905,95,128,55,51,56,37,66,69,59,63,67,67,61,75,58,67,67,61,60,68,60,59,52,53,65,54,46,65,58,65,68,62,69,70
[11188.586613] [AOA] Measurement: 0,1627138805.963467,08:55:31:9b:05:29,2,1,2,0,128,198,665,609,617,802,970,551,204,827,924,757,506,455,251,959,790,474,886,327,38,610,334,393,7,662,839,516,559,473,722,633,713,56,54,58,35,68,69,60,63,71,67,63,76,59,67,66,60,57,70,61,59,49,50,62,51,45,64,56,61,64,59,63,66
[11188.631344] [AOA] Measurement: 0,1627138806.008168,08:55:31:9b:05:29,2,1,2,0,128,183,641,595,612,897,16,528,214,867,935,824,537,892,356,436,967,417,837,816,899,622,346,967,236,216,32,1010,728,1015,920,742,846,56,55,59,34,68,69,58,64,69,68,61,78,59,67,68,61,58,69,62,60,51,52,63,54,46,64,56,64,66,61,67,70
[11188.683977] [AOA] Measurement: 0,1627138806.060832,08:55:31:9b:05:29,2,1,2,0,128,176,612,534,583,810,943,988,984,304,704,189,259,486,276,464,1004,1015,34,792,903,255,611,982,276,91,981,491,489,487,700,277,411,56,54,58,36,69,69,60,62,70,68,63,77,60,67,67,61,58,70,62,58,52,52,64,53,45,62,55,61,63,58,65,66
[11188.725911] [AOA] Measurement: 0,1627138806.102760,08:55:31:9b:05:29,2,1,2,0,128,196,647,504,533,260,790,992,1022,899,938,915,606,9,424,440,961,1008,18,794,870,705,356,390,43,670,863,43,735,69,982,394,405,54,51,54,37,64,66,55,62,63,65,58,73,56,66,66,61,60,67,59,59,51,53,61,53,47,66,55,65,68,63,67,71
[11188.771700] [AOA] Measurement: 0,1627138806.148547,08:55:31:9b:05:29,2,1,2,0,128,170,650,545,569,865,963,537,210,786,917,802,533,975,392,391,958,7,46,324,67,86,474,383,22,164,8,102,787,83,989,843,830,56,53,56,36,68,69,59,64,70,67,61,76,60,68,67,62,61,68,60,62,51,53,63,53,47,65,57,66,67,64,68,70
[11188.813627] [AOA] Measurement: 0,1627138806.190483,08:55:31:9b:05:29,2,1,2,0,128,213,643,632,587,881,1017,561,278,852,928,808,532,16,425,424,973,435,854,826,917,598,338,448,60,142,0,56,724,16,943,109,99,74,68,70,50,83,87,76,82,85,87,79,98,77,86,90,80,82,85,77,80,69,71,84,73,61,86,76,87,89,85,93,95
[11188.856161] [AOA] Measurement: 0,1627138806.233016,08:55:31:9b:05:29,2,1,2,0,128,598,428,5,356,862,996,981,1005,235,675,313,397,433,199,883,761,420,861,772,846,656,359,413,23,658,870,36,719,466,753,542,662,56,56,60,33,69,69,60,63,73,67,62,77,60,68,67,59,55,69,59,58,49,50,62,52,42,60,54,59,62,55,62,64
[11188.898936] [AOA] Measurement: 0,1627138806.275786,08:55:31:9b:05:29,2,1,2,0,128,556,362,989,340,297,795,905,968,335,748,307,377,402,215,334,881,413,859,783,853,96,512,413,23,637,823,520,565,445,699,125,241,55,51,55,38,65,69,58,63,65,66,60,73,57,65,66,62,61,67,60,60,50,53,63,54,46,66,56,66,67,62,68,71
[11188.941102] [AOA] Measurement: 0,1627138806.317951,08:55:31:9b:05:29,2,1,2,0,128,170,650,599,612,289,805,517,133,884,917,329,415,964,378,420,950,1022,90,324,65,57,457,414,35,633,831,469,484,543,796,602,656,55,53,56,34,67,68,59,63,68,67,62,76,59,68,68,61,60,70,60,61,52,53,65,53,45,64,55,63,66,61,66,67
[11188.983426] [AOA] Measurement: 0,1627138806.360281,08:55:31:9b:05:29,2,1,2,0,128,563,384,48,367,268,786,520,189,856,921,748,499,416,182,902,789,460,928,812,892,150,541,992,248,158,7,23,717,1021,929,110,251,56,53,55,36,66,68,58,64,68,66,61,75,59,67,68,61,59,67,59,61,51,55,65,55,46,65,57,67,69,64,67,70
[11189.026493] [AOA] Measurement: 0,1627138806.403349,08:55:31:9b:05:29,2,1,2,0,128,234,698,560,593,892,17,489,179,853,910,824,542,980,391,439,1005,1015,33,374,89,185,558,5,276,215,34,71,761,61,938,13,957,54,54,57,34,69,71,59,63,69,68,63,75,58,68,67,59,57,69,62,58,48,50,63,53,44,63,56,61,63,57,63,65
[11189.069057] [AOA] Measurement: 0,1627138806.445906,08:55:31:9b:05:29,2,1,2,0,128,157,650,586,582,863,2,500,204,860,929,793,531,4,475,429,973,1014,47,310,60,164,552,1007,279,201,1023,34,767,54,940,542,501,56,53,55,35,67,69,58,62,67,66,59,75,57,66,67,61,61,67,58,60,51,53,62,52,45,65,56,66,68,64,68,70
[11189.111606] [AOA] Measurement: 0,1627138806.488454,08:55:31:9b:05:29,2,1,2,0,128,159,614,1011,360,267,772,1006,1014,884,953,171,255,436,217,961,782,456,862,845,927,108,499,927,216,604,830,425,463,434,728,552,785,55,52,54,36,69,70,60,64,68,67,62,75,58,67,67,61,59,69,61,58,50,52,63,53,46,65,58,64,67,62,66,69
[11189.162622] [AOA] Measurement: 0,1627138806.539471,08:55:31:9b:05:29,2,1,2,0,128,635,454,35,345,237,750,989,993,247,652,285,346,384,156,925,750,439,871,750,826,569,286,422,27,688,870,525,503,419,691,564,735,55,53,56,35,69,69,60,65,69,69,62,77,60,68,68,62,60,69,60,61,50,53,64,54,47,67,56,66,68,63,67,69
[11189.210149] [AOA] Measurement: 0,1627138806.587002,08:55:31:9b:05:29,2,1,2,0,128,193,662,622,636,941,29,481,158,883,953,819,576,983,421,470,1001,1005,69,330,45,153,520,437,61,150,15,1002,707,990,900,413,437,75,67,72,52,88,87,77,84,88,89,81,100,79,89,89,81,82,89,78,80,70,73,86,72,64,88,76,89,91,86,93,95
[11189.253672] [AOA] Measurement: 0,1627138806.630528,08:55:31:9b:05:29,2,1,2,0,128,285,731,590,625,875,1,500,186,842,908,839,554,1003,450,465,987,977,43,294,63,163,522,957,241,164,16,36,764,3,940,221,234,57,55,58,35,68,70,59,62,71,66,62,78,58,66,67,59,58,70,61,58,50,52,63,53,45,63,55,61,63,59,65,65
[11189.295748] [AOA] Measurement: 0,1627138806.672598,08:55:31:9b:05:29,2,1,2,0,128,128,601,586,537,921,1003,544,162,937,942,819,521,15,432,461,1004,35,78,265,1023,552,274,392,1014,676,879,497,574,984,842,608,766,55,52,55,35,67,68,57,62,67,65,60,75,59,68,68,62,60,69,61,61,51,51,65,54,45,64,54,62,64,58,66,66
[11189.339965] [AOA] Measurement: 0,1627138806.716815,08:55:31:9b:05:29,2,1,2,0,128,664,476,597,593,894,9,547,180,859,937,849,569,983,413,809,749,441,862,775,887,658,338,404,1021,654,851,91,757,489,743,779,981,57,56,59,33,67,68,59,60,70,64,60,75,59,66,65,60,57,70,61,55,48,50,61,50,41,61,53,57,61,55,60,63
[11189.386119] [AOA] Measurement: 0,1627138806.762974,08:55:31:9b:05:29,2,1,2,0,128,163,650,612,631,825,960,453,153,810,886,852,542,6,451,402,973,413,821,813,895,625,353,443,62,691,836,58,742,996,957,5,45,55,52,57,35,68,69,59,63,69,68,62,75,59,67,67,60,59,70,60,57,47,52,63,52,45,64,56,62,64,60,66,68
[11189.429716] [AOA] Measurement: 0,1627138806.806565,08:55:31:9b:05:29,2,1,2,0,128,147,631,533,569,290,787,535,199,846,907,794,542,962,403,438,967,1020,25,755,890,180,531,954,231,146,30,28,769,1012,942,842,802,55,52,56,35,66,67,57,60,67,66,61,76,57,67,66,61,56,69,60,59,49,50,62,50,43,62,54,61,63,56,60,64
[11189.472760] [AOA] Measurement: 0,1627138806.849609,08:55:31:9b:05:29,2,1,2,0,128,191,711,559,544,892,8,576,209,813,926,787,563,962,378,475,1007,0,65,334,91,124,515,34,326,254,80,54,762,76,975,681,688,55,56,59,34,70,69,59,63,72,68,62,76,59,67,67,60,57,71,61,59,51,51,64,52,45,63,56,62,63,58,63,66
[11189.523179] [AOA] Measurement: 0,1627138806.900030,08:55:31:9b:05:29,2,1,2,0,128,686,481,581,575,894,12,583,203,869,926,810,557,1012,436,458,10,975,30,761,882,597,314,419,63,623,816,506,512,12,900,430,383,56,52,55,36,68,67,58,63,68,66,62,75,58,68,68,61,61,68,59,61,51,53,64,53,47,66,57,66,68,63,69,71
[11189.570327] [AOA] Measurement: 0,1627138806.947175,08:55:31:9b:05:29,2,1,2,0,128,194,675,631,608,865,1011,492,187,824,928,816,532,399,197,921,800,435,829,761,858,185,533,994,261,132,984,50,748,438,704,371,522,52,54,59,31,68,66,57,60,70,64,59,74,56,66,63,58,54,69,58,52,46,47,59,48,39,58,53,53,57,51,55,59
[11189.613545] [AOA] Measurement: 0,1627138806.990399,08:55:31:9b:05:29,2,1,2,0,128,200,648,618,610,804,989,520,195,869,940,775,496,978,437,476,1021,928,1004,309,38,199,566,905,200,227,52,91,778,41,966,162,58,72,64,68,50,81,85,74,81,82,85,76,96,73,87,88,79,81,86,78,81,71,73,84,70,62,87,75,89,89,83,91,91
[11189.656768] [AOA] Measurement: 0,1627138807.033624,08:55:31:9b:05:29,2,1,2,0,128,228,666,514,565,847,973,551,202,809,869,268,335,427,196,398,955,1007,22,312,27,568,312,998,261,151,997,1016,704,18,950,925,975,55,53,58,34,69,69,58,64,71,67,63,75,59,69,69,61,59,69,61,56,48,52,63,53,44,64,57,62,63,58,63,66
[11189.700164] [AOA] Measurement: 0,1627138807.077012,08:55:31:9b:05:29,2,1,2,0,128,608,404,34,379,283,771,966,1012,302,708,263,326,407,201,912,785,481,890,759,838,666,319,474,91,647,854,497,551,991,927,205,254,54,51,56,36,66,65,58,61,68,66,59,75,58,68,68,62,59,70,60,58,50,52,63,51,44,61,54,60,62,58,61,61
[11189.743321] [AOA] Measurement: 0,1627138807.120170,08:55:31:9b:05:29,2,1,2,0,128,176,626,537,568,852,1008,508,176,894,952,846,553,1014,449,443,940,971,1021,758,854,602,315,412,75,136,9,62,776,918,885,541,631,53,51,53,36,65,66,58,64,67,66,60,74,57,65,68,58,61,66,58,59,51,53,62,53,47,66,55,66,67,64,68,70
[11189.795844] [AOA] Measurement: 0,1627138807.172692,08:55:31:9b:05:29,2,1,2,0,128,168,668,602,596,833,1011,533,182,863,928,745,483,460,250,425,992,958,7,755,872,642,338,434,93,159,6,13,723,12,966,194,204,71,65,69,49,82,86,74,83,83,85,81,97,78,87,89,81,81,89,78,82,71,74,86,73,65,89,75,86,88,84,92,93
[11189.833691] [AOA] Measurement: 0,1627138807.210546,08:55:31:9b:05:29,2,1,2,0,128,239,661,586,601,267,789,7,28,849,934,795,525,381,174,926,799,422,861,741,841,570,284,423,48,661,807,507,542,0,931,687,754,56,54,59,34,69,69,61,64,71,67,63,77,59,66,66,60,59,69,61,61,51,51,63,53,46,65,56,63,65,60,65,67
[11189.871589] [AOA] Measurement: 0,1627138807.248445,08:55:31:9b:05:29,2,1,2,0,128,208,662,587,592,865,0,480,179,846,911,848,553,972,399,377,952,494,933,335,90,161,530,957,235,204,30,1002,645,492,739,628,802,54,51,55,36,67,68,58,63,67,67,60,74,59,66,68,61,61,68,59,60,51,53,64,54,47,66,57,65,67,64,67,70
[11189.912735] [AOA] Measurement: 0,1627138807.289584,08:55:31:9b:05:29,2,1,2,0,128,578,386,990,318,298,807,1018,1020,288,708,187,271,501,266,931,827,999,14,264,1018,666,346,438,37,174,10,40,743,974,915,982,51,55,52,57,35,66,69,59,65,66,68,61,76,58,67,68,60,60,69,60,59,50,52,63,53,47,66,56,63,65,60,66,68
[11189.958243] [AOA] Measurement: 0,1627138807.335097,08:55:31:9b:05:29,2,1,2,0,128,146,624,22,362,883,11,508,214,862,930,816,538,1011,452,445,950,449,869,352,67,105,482,428,45,587,789,490,493,477,742,814,939,55,53,57,35,66,67,60,63,70,67,63,73,58,67,68,60,57,70,61,58,48,50,63,51,45,62,53,60,62,57,62,63
[11190.001785] [AOA] Measurement: 0,1627138807.378641,08:55:31:9b:05:29,2,1,2,0,128,156,647,578,595,860,1002,497,169,893,940,853,604,38,481,418,971,989,1022,747,857,628,321,410,1022,670,859,506,559,1015,960,260,172,55,54,58,34,69,68,59,63,71,65,61,72,58,66,64,60,56,67,61,58,50,51,63,53,45,63,54,60,62,57,61,63
[11190.040412] [AOA] Measurement: 0,1627138807.417265,08:55:31:9b:05:29,2,1,2,0,128,211,641,567,582,875,1010,529,185,842,926,810,540,1003,418,407,959,431,843,798,891,583,287,513,111,642,853,23,743,441,697,878,985,55,53,54,36,66,68,59,65,66,69,62,76,59,68,68,62,60,68,61,60,49,53,63,53,46,67,58,65,68,63,67,69
[11190.078888] [AOA] Measurement: 0,1627138807.455743,08:55:31:9b:05:29,2,1,2,0,128,176,625,577,570,264,774,978,1,310,755,807,556,986,409,804,726,459,890,833,908,178,555,989,236,100,992,571,545,460,709,402,506,56,51,55,37,63,66,56,61,64,65,59,73,57,65,66,60,60,68,59,60,52,53,63,53,47,66,55,65,68,63,67,70
[11190.122656] [AOA] Measurement: 0,1627138807.499511,08:55:31:9b:05:29,2,1,2,0,128,200,643,4,371,274,815,493,163,879,946,817,578,971,392,871,771,412,845,765,862,646,326,378,41,598,809,488,510,18,941,433,468,75,69,73,50,87,90,78,87,89,89,83,101,82,93,91,81,79,91,80,80,69,71,83,71,61,87,77,86,88,81,88,91
[11190.160702] [AOA] Measurement: 0,1627138807.537557,08:55:31:9b:05:29,2,1,2,0,128,237,712,566,545,817,982,481,157,303,723,244,327,31,433,527,15,977,15,287,35,189,529,425,43,603,789,526,558,43,954,116,123,54,52,57,36,69,69,60,64,71,69,63,75,59,67,67,61,59,69,61,60,52,54,63,52,46,64,56,64,67,62,67,68
[11190.198431] [AOA] Measurement: 0,1627138807.575286,08:55:31:9b:05:29,2,1,2,0,128,236,693,599,575,809,996,481,109,245,717,303,394,1021,428,419,939,40,95,297,62,173,510,980,208,609,781,495,497,409,724,205,425,55,55,59,35,69,70,60,65,72,68,63,76,58,69,67,61,58,70,61,59,49,52,64,53,45,65,56,63,64,59,66,68
[11190.244808] [AOA] Measurement: 0,1627138807.621657,08:55:31:9b:05:29,2,1,2,0,128,169,621,563,579,897,32,556,203,886,946,880,629,1005,422,471,1000,982,44,291,44,119,491,975,270,208,76,38,775,28,955,790,853,57,57,58,34,70,69,59,64,71,68,62,72,58,66,67,62,58,70,62,59,50,52,63,53,45,64,56,60,62,57,63,63
[11190.286943] [AOA] Measurement: 0,1627138807.663792,08:55:31:9b:05:29,2,1,2,0,128,149,593,533,529,302,790,946,961,318,733,312,384,1012,456,413,989,982,20,366,69,149,546,947,262,612,804,499,499,460,707,345,481,55,55,57,34,67,66,58,63,69,67,62,76,60,67,67,61,60,69,60,59,48,49,62,52,44,63,55,61,63,58,64,67
[11190.331379] [AOA] Measurement: 0,1627138807.708233,08:55:31:9b:05:29,2,1,2,0,128,206,658,573,575,883,30,528,197,787,872,786,494,435,215,407,947,1013,62,372,105,94,508,4,299,97,1001,9,731,1014,940,481,476,55,55,57,35,67,68,59,63,70,67,59,75,59,66,66,62,59,70,62,60,50,52,63,53,45,63,56,62,65,59,64,68
[11190.369310] [AOA] Measurement: 0,1627138807.746165,08:55:31:9b:05:29,2,1,2,0,128,654,402,38,395,857,1010,968,974,312,740,867,619,984,397,877,770,433,835,797,884,635,311,410,65,632,769,522,525,64,959,964,940,56,55,59,35,68,68,60,63,70,69,62,76,58,66,67,62,60,69,62,60,50,52,64,53,45,64,57,63,65,61,65,67
[11190.416003] [AOA] Measurement: 0,1627138807.792857,08:55:31:9b:05:29,2,1,2,0,128,205,664,600,586,781,938,1009,8,258,678,254,319,422,215,466,999,21,62,383,95,150,524,1002,293,179,20,71,760,22,983,2,903,54,55,57,34,68,67,60,62,73,67,62,76,60,69,66,61,58,70,61,58,48,50,61,51,43,62,55,61,61,57,62,64
[11190.458900] [AOA] Measurement: 0,1627138807.835748,08:55:31:9b:05:29,2,1,2,0,128,113,609,941,325,230,768,952,966,318,736,818,550,49,490,405,982,1005,49,276,38,648,356,925,227,636,836,16,687,979,926,1010,41,51,55,58,30,68,68,59,62,71,64,60,73,56,67,62,56,51,67,58,53,44,48,58,49,40,58,51,52,56,49,54,58
[11190.502483] [AOA] Measurement: 0,1627138807.879333,08:55:31:9b:05:29,2,1,2,0,128,218,685,539,563,836,992,513,170,858,908,857,607,1012,461,472,991,1010,46,355,102,230,592,1022,324,180,22,7,706,967,890,529,638,55,54,59,34,71,70,59,63,71,67,63,75,59,67,67,60,56,70,61,57,47,50,60,51,42,61,55,59,61,56,60,60
[11190.549742] [AOA] Measurement: 0,1627138807.926595,08:55:31:9b:05:29,2,1,2,0,128,146,640,589,570,872,1006,493,219,791,891,829,559,980,423,428,970,985,60,315,48,150,519,408,55,602,809,69,760,3,934,68,26,75,73,75,49,90,92,80,87,94,91,82,103,81,91,91,82,82,91,83,82,71,73,86,72,63,88,77,86,90,83,92,94
[11190.587976] [AOA] Measurement: 0,1627138807.964831,08:55:31:9b:05:29,2,1,2,0,128,658,417,572,594,878,23,522,197,878,938,913,636,976,394,450,982,981,14,296,53,78,500,42,302,224,56,72,757,985,951,379,308,71,63,68,50,84,88,73,82,82,86,76,95,74,84,87,77,79,83,75,77,68,71,82,71,63,86,73,88,91,85,91,93
[11190.634622] [AOA] Measurement: 0,1627138808.011471,08:55:31:9b:05:29,2,1,2,0,128,128,595,1020,378,232,775,996,1020,826,886,853,594,936,382,448,1002,3,30,301,51,541,271,409,38,197,8,18,723,50,958,514,619,55,54,59,32,69,68,58,62,72,65,63,74,58,67,66,59,54,69,60,57,46,49,59,50,41,60,53,58,60,53,59,62
[11190.679861] [AOA] Measurement: 0,1627138808.056715,08:55:31:9b:05:29,2,1,2,0,128,205,659,633,574,868,1022,547,200,834,902,779,522,941,388,912,759,985,23,769,868,649,339,17,270,213,48,77,795,33,939,112,44,56,52,55,36,68,67,57,63,66,64,60,75,60,67,67,61,60,68,60,60,50,52,63,53,46,64,57,65,68,64,68,71
[11190.723869] [AOA] Measurement: 0,1627138808.100724,08:55:31:9b:05:29,2,1,2,0,128,163,661,579,580,821,953,938,964,363,793,213,300,446,205,871,754,429,832,801,885,632,329,43,311,168,30,7,701,1018,935,556,542,53,52,54,36,66,66,58,61,68,66,60,76,59,68,67,61,61,66,58,60,52,54,63,53,47,66,56,65,67,63,69,69
[11190.766007] [AOA] Measurement: 0,1627138808.142856,08:55:31:9b:05:29,2,1,2,0,128,140,631,41,411,321,809,984,991,927,984,832,582,965,412,513,33,16,63,325,54,557,282,426,43,627,812,556,574,958,877,172,251,55,52,56,34,68,67,58,62,69,67,61,75,59,67,67,61,60,69,59,60,51,53,63,53,47,67,55,65,68,63,68,70
[11190.809327] [AOA] Measurement: 0,1627138808.186178,08:55:31:9b:05:29,2,1,2,0,128,165,640,972,340,316,815,565,228,871,968,778,532,435,207,924,779,421,819,788,858,607,306,437,53,631,846,40,747,1004,908,371,383,57,54,57,36,68,70,59,64,68,68,62,77,60,69,69,61,62,69,61,62,51,54,64,54,46,66,57,65,68,62,67,70
[11190.852294] [AOA] Measurement: 0,1627138808.229143,08:55:31:9b:05:29,2,1,2,0,128,206,658,541,556,882,3,610,250,865,942,852,587,987,422,418,965,1015,85,292,38,635,356,988,245,180,29,1012,679,488,727,303,372,54,52,53,35,67,67,58,64,68,66,60,74,58,66,66,60,60,68,59,59,51,53,63,54,46,65,57,64,67,64,67,68
[11190.902026] [AOA] Measurement: 0,1627138808.278875,08:55:31:9b:05:29,2,1,2,0,128,138,580,985,352,265,780,954,1005,291,672,305,374,1,469,449,983,7,46,319,75,105,467,497,78,166,47,989,685,454,686,309,531,58,55,57,35,68,69,59,65,71,68,64,77,58,68,67,60,58,70,61,58,50,52,62,52,45,63,55,59,62,58,62,64
[11190.944755] [AOA] Measurement: 0,1627138808.321604,08:55:31:9b:05:29,2,1,2,0,128,211,668,597,625,831,1010,547,183,854,930,811,556,989,424,446,958,1005,87,352,120,134,529,955,242,188,13,63,773,6,907,990,936,74,69,74,49,88,89,79,86,90,89,79,101,79,92,91,83,83,93,82,82,69,71,87,74,62,87,76,86,89,83,88,93
[11190.994573] [AOA] Measurement: 0,1627138808.371423,08:55:31:9b:05:29,2,1,2,0,128,136,622,597,565,869,961,506,186,808,890,871,590,976,432,432,980,965,48,356,88,172,538,981,204,166,1023,1011,718,22,949,800,792,56,51,55,34,67,66,59,62,69,66,60,76,57,67,68,60,59,68,61,60,51,52,63,53,45,65,55,65,67,61,67,69
[11191.036517] [AOA] Measurement: 0,1627138808.413366,08:55:31:9b:05:29,2,1,2,0,128,169,627,586,606,820,1012,483,155,900,955,829,588,34,471,366,951,1011,55,331,90,207,579,972,251,177,8,123,790,61,992,645,480,54,52,56,35,67,68,60,64,73,68,61,77,60,69,67,59,58,68,62,58,51,52,64,52,46,63,56,62,64,58,65,67
[11191.078894] [AOA] Measurement: 0,1627138808.455743,08:55:31:9b:05:29,2,1,2,0,128,652,474,1018,347,302,794,591,242,848,928,791,525,505,255,474,978,26,67,303,51,151,550,418,48,631,845,432,432,470,716,662,826,74,68,72,51,88,91,80,86,91,91,82,97,77,88,89,81,81,93,80,80,66,70,86,71,60,87,76,84,89,80,89,92
[11191.117490] [AOA] Measurement: 0,1627138808.494346,08:55:31:9b:05:29,2,1,2,0,128,179,684,937,303,295,777,943,1008,267,709,256,329,436,228,865,769,343,788,774,832,577,312,460,66,593,784,497,542,485,758,389,430,74,66,71,49,84,90,75,82,86,87,80,99,77,88,89,81,81,86,77,79,69,72,84,70,62,87,74,88,90,86,90,95
[11191.161893] [AOA] Measurement: 0,1627138808.538747,08:55:31:9b:05:29,2,1,2,0,128,160,647,960,354,252,770,996,1005,258,680,311,346,429,210,862,737,488,903,348,49,119,513,422,19,608,818,532,584,995,910,301,365,56,54,58,36,69,70,60,65,72,69,62,76,60,69,67,61,59,69,60,59,49,53,62,53,45,65,56,63,64,60,64,68
[11191.208701] [AOA] Measurement: 0,1627138808.585551,08:55:31:9b:05:29,2,1,2,0,128,136,635,969,338,249,771,977,1021,279,730,285,340,371,182,882,781,454,846,801,839,600,294,473,50,163,985,496,543,431,721,1013,165,77,72,76,49,91,92,80,88,93,91,83,101,80,91,92,82,80,92,81,82,69,71,87,73,63,89,76,86,90,82,89,92
[11191.252371] [AOA] Measurement: 0,1627138808.629220,08:55:31:9b:05:29,2,1,2,0,128,180,652,997,347,300,793,532,241,873,937,887,578,1023,467,437,987,993,46,320,56,146,532,410,44,658,859,472,511,15,910,853,819,56,55,57,34,69,70,61,65,71,67,62,77,59,68,67,62,59,68,62,59,50,52,65,53,45,64,56,62,64,59,64,66
[11191.299619] [AOA] Measurement: 0,1627138808.676473,08:55:31:9b:05:29,2,1,2,0,128,592,405,5,373,315,829,2,28,816,919,314,413,397,179,858,739,395,857,761,815,582,265,410,7,657,833,512,487,466,669,72,256,54,54,57,34,70,69,61,63,72,64,62,75,59,66,67,61,59,70,61,57,48,51,63,52,46,62,53,62,64,58,65,68
[11191.337602] [AOA] Measurement: 0,1627138808.714456,08:55:31:9b:05:29,2,1,2,0,128,134,622,1011,346,359,826,1,6,327,748,264,331,401,200,942,789,979,68,295,48,171,540,971,235,185,51,79,779,1002,903,381,426,75,71,76,50,88,90,78,84,90,88,82,102,79,92,92,85,82,93,81,83,70,74,87,74,64,88,78,88,91,82,89,89
[11191.380339] [AOA] Measurement: 0,1627138808.757192,08:55:31:9b:05:29,2,1,2,0,128,641,447,16,384,882,991,543,194,867,922,825,544,998,425,391,928,482,892,303,46,584,339,491,116,636,824,452,461,486,766,451,717,57,55,57,36,66,69,60,63,69,68,61,76,60,70,68,62,60,70,62,59,51,54,63,53,45,66,56,61,65,62,66,70
[11191.418524] [AOA] Measurement: 0,1627138808.795378,08:55:31:9b:05:29,2,1,2,0,128,165,669,619,597,871,22,469,190,844,906,865,606,938,374,920,787,436,865,799,927,601,330,449,64,651,835,78,736,19,937,222,232,56,51,54,36,65,67,57,63,66,67,60,74,59,66,65,59,60,65,59,59,50,53,63,52,45,65,56,65,67,62,66,69
[11191.462811] [AOA] Measurement: 0,1627138808.839665,08:55:31:9b:05:29,2,1,2,0,128,643,449,46,387,883,17,489,183,833,884,267,355,368,188,879,772,480,877,753,850,585,299,393,35,694,861,462,477,444,717,141,277,74,67,72,50,86,87,76,84,87,89,78,98,78,87,87,79,79,87,78,81,69,71,86,72,63,89,76,87,90,84,92,92
[11191.505927] [AOA] Measurement: 0,1627138808.882781,08:55:31:9b:05:29,2,1,2,0,128,163,622,562,558,855,1013,532,183,858,907,225,323,429,187,872,770,498,878,344,70,166,499,462,69,149,2,3,682,465,708,76,221,53,50,52,35,64,67,58,64,68,65,60,74,57,66,67,61,60,67,59,59,50,53,64,53,45,64,54,63,64,59,66,67
[11191.549084] [AOA] Measurement: 0,1627138808.925938,08:55:31:9b:05:29,2,1,2,0,128,724,515,602,562,838,1013,528,200,818,940,280,343,384,200,908,765,380,829,799,869,590,310,398,3,604,809,562,568,12,923,914,944,56,53,57,34,69,68,60,62,72,68,63,76,58,68,67,62,58,68,61,60,49,52,64,53,45,63,55,62,65,60,65,69
[11191.593065] [AOA] Measurement: 0,1627138808.969920,08:55:31:9b:05:29,2,1,2,0,128,151,590,29,370,276,779,5,43,848,902,784,506,993,413,393,951,40,67,241,1011,606,339,454,71,131,1000,25,722,4,923,938,978,55,52,55,33,66,67,58,59,69,65,61,77,59,67,65,59,57,68,61,58,49,49,63,51,43,62,56,62,63,58,64,66
[11191.638890] [AOA] Measurement: 0,1627138809.015743,08:55:31:9b:05:29,2,1,2,0,128,199,655,522,530,350,860,993,1018,304,739,230,313,399,202,854,744,473,908,310,58,141,525,1009,252,196,15,986,694,39,914,50,118,56,53,55,36,67,67,57,63,67,67,60,74,57,67,67,60,60,67,59,60,52,54,64,53,47,64,56,64,67,62,68,68
[11191.682751] [AOA] Measurement: 0,1627138809.059601,08:55:31:9b:05:29,2,1,2,0,128,190,623,583,609,796,936,507,193,242,660,326,403,470,256,903,776,429,832,772,882,140,531,1010,250,191,54,14,699,57,970,867,818,74,71,76,51,90,90,79,86,91,88,83,100,79,89,91,81,82,90,83,81,68,72,85,73,62,88,74,86,89,80,88,90
[11191.732668] [AOA] Measurement: 0,1627138809.109516,08:55:31:9b:05:29,2,1,2,0,128,113,611,565,543,807,970,992,1014,329,733,804,496,453,256,386,941,932,1012,333,49,116,505,423,45,691,883,24,713,16,970,749,836,54,53,57,34,69,67,59,63,70,67,62,76,59,67,67,61,58,69,62,58,50,51,62,53,45,64,55,62,63,58,65,67
[11191.779435] [AOA] Measurement: 0,1627138809.156290,08:55:31:9b:05:29,2,1,2,0,128,164,633,581,573,826,974,516,158,208,693,192,274,437,211,899,755,426,879,829,916,127,494,414,27,566,762,498,502,449,718,823,904,54,55,58,33,68,67,61,64,72,68,62,74,59,67,65,59,57,69,61,58,49,50,63,53,44,64,56,60,63,56,63,63
[11191.817647] [AOA] Measurement: 0,1627138809.194501,08:55:31:9b:05:29,2,1,2,0,128,183,627,552,561,866,2,506,185,876,932,220,346,441,260,907,777,501,898,310,58,155,528,1004,265,136,1012,60,756,461,721,813,877,56,53,54,35,67,68,59,62,68,67,62,75,59,67,68,62,61,68,60,60,50,54,63,53,46,66,56,66,66,62,68,68
[11191.863357] [AOA] Measurement: 0,1627138809.240210,08:55:31:9b:05:29,2,1,2,0,128,188,643,550,538,848,1021,960,1011,314,719,280,359,941,410,418,972,27,69,309,36,164,555,48,321,163,9,120,804,1019,939,742,670,54,52,55,38,64,67,57,62,65,64,58,74,58,65,66,61,61,65,57,59,51,54,60,52,45,63,55,65,67,62,67,67
[11191.907643] [AOA] Measurement: 0,1627138809.284496,08:55:31:9b:05:29,2,1,2,0,128,622,414,979,328,298,823,956,1021,881,962,753,516,416,175,857,735,426,838,811,885,607,301,429,73,626,806,461,477,476,738,718,847,54,54,55,37,68,69,59,64,70,68,62,76,59,67,68,61,60,68,60,60,52,53,64,54,46,65,55,65,66,62,66,70
[11191.952115] [AOA] Measurement: 0,1627138809.328966,08:55:31:9b:05:29,2,1,2,0,128,621,430,18,355,867,1000,551,196,866,953,777,520,424,234,395,983,998,33,791,847,650,327,392,49,702,868,987,721,12,953,11,28,55,54,57,34,68,67,60,63,70,67,61,75,59,68,67,61,60,69,60,62,51,53,64,52,45,65,57,64,67,64,67,70
[11192.001648] [AOA] Measurement: 0,1627138809.378497,08:55:31:9b:05:29,2,1,2,0,128,166,625,595,633,834,994,516,166,889,913,849,584,960,374,491,13,969,8,358,57,109,507,984,247,211,49,38,742,996,940,201,180,56,52,53,37,64,67,57,64,65,66,61,74,59,66,66,60,59,67,58,59,52,53,63,53,47,66,54,64,66,63,67,69
[11192.048491] [AOA] Measurement: 0,1627138809.425345,08:55:31:9b:05:29,2,1,2,0,128,650,418,934,306,263,784,0,28,298,723,202,288,472,237,417,975,12,87,297,5,150,535,1003,249,638,829,444,511,421,727,592,781,53,56,58,33,69,67,60,63,72,67,62,75,59,67,65,60,58,71,59,58,48,50,62,52,44,64,55,62,64,59,64,67
[11192.095441] [AOA] Measurement: 0,1627138809.472290,08:55:31:9b:05:29,2,1,2,0,128,692,497,999,364,284,787,542,177,818,889,262,328,490,287,413,939,431,833,782,877,607,300,394,80,658,826,531,550,423,712,185,276,55,50,53,36,65,64,57,62,66,64,60,74,58,67,67,62,60,67,59,59,51,52,62,53,46,65,56,66,68,63,69,70
[11192.139894] [AOA] Measurement: 0,1627138809.516748,08:55:31:9b:05:29,2,1,2,0,128,170,610,601,605,863,972,496,169,801,902,259,348,439,191,932,812,407,855,849,931,662,332,381,27,213,42,21,753,980,896,209,326,56,54,57,36,68,69,60,64,69,67,64,76,60,68,69,62,59,69,61,59,49,51,62,51,46,63,56,63,65,59,65,66
[11192.183827] [AOA] Measurement: 0,1627138809.560678,08:55:31:9b:05:29,2,1,2,0,128,175,642,619,600,840,11,474,183,859,902,250,310,442,220,888,779,973,20,337,70,616,349,971,257,126,1019,51,734,1019,899,652,694,74,65,71,52,85,87,75,85,86,87,78,98,75,86,88,79,81,86,77,78,67,72,82,71,64,85,74,87,91,85,90,92
[11192.233700] [AOA] Measurement: 0,1627138809.610549,08:55:31:9b:05:29,2,1,2,0,128,146,625,584,548,878,1017,513,182,274,699,229,260,370,119,886,755,511,908,769,843,602,294,467,74,172,12,21,722,452,698,383,436,57,54,56,38,67,68,59,63,69,67,62,76,60,68,68,61,59,69,62,59,51,53,64,54,46,64,55,64,67,61,67,66
[11192.282093] [AOA] Measurement: 0,1627138809.658948,08:55:31:9b:05:29,2,1,2,0,128,158,626,566,579,841,946,488,175,887,941,800,541,401,215,949,818,1014,85,266,4,665,351,412,42,658,835,479,544,56,930,996,1002,54,54,57,35,69,69,59,60,71,66,60,74,58,68,66,60,57,70,60,59,49,51,63,50,44,63,55,63,64,59,64,66
[11192.323776] [AOA] Measurement: 0,1627138809.700626,08:55:31:9b:05:29,2,1,2,0,128,219,701,558,533,256,767,1000,1006,282,666,276,357,444,242,445,980,26,48,286,51,674,347,944,223,163,11,70,735,1011,918,251,190,55,53,56,34,67,68,59,63,69,68,63,77,59,67,66,60,58,67,60,58,50,52,62,53,45,63,54,62,65,60,66,67
[11192.366248] [AOA] Measurement: 0,1627138809.743096,08:55:31:9b:05:29,2,1,2,0,128,172,633,558,559,868,1012,513,192,852,935,854,546,455,233,897,763,463,849,780,867,147,560,9,279,269,72,29,740,1004,932,157,109,55,53,59,35,68,68,58,63,73,67,63,75,59,66,66,61,58,70,61,59,50,52,63,51,44,63,54,59,61,57,61,64
[11192.404261] [AOA] Measurement: 0,1627138809.781115,08:55:31:9b:05:29,2,1,2,0,128,223,661,548,556,293,767,39,38,329,748,250,339,454,229,441,973,1010,27,765,884,621,342,972,221,620,796,531,553,468,716,623,695,56,54,56,34,68,69,59,63,68,66,60,76,58,67,65,63,58,69,60,61,51,54,64,53,45,64,56,64,66,60,65,68
[11192.442544] [AOA] Measurement: 0,1627138809.819397,08:55:31:9b:05:29,2,1,2,0,128,211,690,635,665,930,51,487,157,852,917,889,608,31,455,443,1010,1019,44,291,26,106,505,429,45,209,998,487,501,486,747,307,308,56,53,56,35,67,68,59,63,69,66,61,76,58,66,67,59,59,68,61,60,49,52,64,53,46,64,56,62,66,58,66,66
[11192.483422] [AOA] Measurement: 0,1627138809.860270,08:55:31:9b:05:29,2,1,2,0,128,121,628,53,405,822,957,520,208,863,910,329,385,978,411,428,978,14,41,762,845,602,303,402,26,601,796,470,515,516,730,660,785,56,55,59,32,70,68,60,62,72,67,62,75,58,66,64,60,55,69,59,57,47,48,60,49,42,59,54,57,60,54,58,60
[11192.529047] [AOA] Measurement: 0,1627138809.905900,08:55:31:9b:05:29,2,1,2,0,128,83,580,7,360,289,793,4,9,847,902,170,297,488,223,873,762,477,901,784,871,583,283,348,13,612,830,566,582,450,730,79,151,75,72,76,47,91,93,80,85,94,92,84,101,78,89,91,82,80,93,82,81,67,70,84,73,62,89,77,89,91,85,90,94
[11192.572791] [AOA] Measurement: 0,1627138809.949644,08:55:31:9b:05:29,2,1,2,0,128,195,654,575,545,837,1015,16,15,244,688,302,369,1020,457,495,1023,28,91,334,47,161,512,958,221,642,823,460,521,990,900,374,470,55,54,56,35,68,67,59,63,69,68,62,76,59,69,68,61,59,68,60,59,50,51,63,50,45,63,57,63,66,60,65,66
[11192.614932] [AOA] Measurement: 0,1627138809.991780,08:55:31:9b:05:29,2,1,2,0,128,654,454,19,383,319,833,530,180,258,736,237,335,435,202,956,847,1013,54,358,62,163,548,989,219,182,10,994,676,435,736,720,879,55,53,55,36,64,66,58,61,68,65,61,73,59,66,66,60,58,68,60,60,50,53,64,54,46,66,57,63,65,59,65,68
[11192.657234] [AOA] Measurement: 0,1627138810.034085,08:55:31:9b:05:29,2,1,2,0,128,607,394,1002,354,311,830,984,989,325,752,227,333,998,432,462,980,381,838,794,848,656,366,945,197,625,835,480,515,465,717,640,899,54,53,56,34,67,67,59,64,68,67,62,74,57,67,67,59,60,68,59,59,51,53,62,52,46,65,54,64,65,61,67,69
[11192.701528] [AOA] Measurement: 0,1627138810.078382,08:55:31:9b:05:29,2,1,2,0,128,236,694,589,574,820,972,1000,17,254,667,304,361,458,240,491,998,999,53,315,61,626,333,49,313,147,997,9,727,444,727,54,98,55,53,57,35,67,67,59,63,67,68,62,75,59,67,67,61,58,69,58,60,51,53,63,54,47,65,56,64,66,61,66,69
[11192.739501] [AOA] Measurement: 0,1627138810.116354,08:55:31:9b:05:29,2,1,2,0,128,193,660,472,497,252,746,904,918,341,766,226,323,436,186,891,796,977,32,328,74,136,507,1002,253,594,856,468,475,456,699,854,64,54,53,58,33,69,68,58,63,72,65,61,76,59,66,65,60,58,68,60,58,49,51,61,51,44,64,54,61,64,57,63,64
