
[ 4854.364682] [AOA] Measurement: 0,1627147314.674464,08:55:31:9b:09:f4,2,1,2,0,128,190,601,522,481,225,785,574,115,846,889,372,345,886,405,359,937,27,69,776,938,642,349,522,100,224,50,3,714,91,1019,425,490,78,75,73,67,82,84,72,73,78,84,74,87,76,82,77,82,76,79,76,76,73,70,71,67,62,81,53,78,80,76,78,81
[ 4854.402968] [AOA] Measurement: 0,1627147314.712749,08:55:31:9b:09:f4,2,1,2,2,128,190,601,522,481,225,785,574,115,846,889,372,345,886,405,359,937,27,69,776,938,642,349,522,100,224,50,3,714,91,1019,425,490,0,0,0,0,0,0,0,0,0,0,0,0,0,0,0,0,0,0,0,0,0,0,0,0,0,0,0,0,0,0,0,0
[ 4854.440982] [AOA] Measurement: 0,1627147314.750759,08:55:31:9b:09:f4,2,1,2,0,128,202,616,555,502,843,999,495,94,804,891,867,513,350,187,881,772,496,902,335,122,271,633,35,300,195,35,456,511,141,22,139,220,73,71,63,57,83,81,62,56,69,80,63,87,63,74,64,78,64,73,72,64,59,49,55,47,44,74,36,64,66,62,65,64
[ 4854.497004] [AOA] Measurement: 0,1627147314.806787,08:55:31:9b:09:f4,2,1,2,0,128,188,641,531,498,793,1008,487,79,790,904,917,549,909,381,414,4,964,92,267,91,209,597,501,88,204,48,549,584,86,1003,50,173,69,64,58,55,73,74,60,56,64,75,58,81,61,73,65,72,65,72,66,66,60,52,58,50,47,76,38,69,72,66,69,71
[ 4854.540098] [AOA] Measurement: 0,1627147314.849875,08:55:31:9b:09:f4,2,1,2,0,128,141,562,551,531,821,980,540,94,876,941,848,468,373,198,370,983,473,889,809,938,705,413,513,53,257,74,1016,704,120,1021,494,665,69,65,61,57,76,77,59,55,65,76,60,84,61,72,64,74,67,73,69,67,60,53,60,52,48,74,39,70,71,67,69,71
[ 4854.583191] [AOA] Measurement: 0,1627147314.892972,08:55:31:9b:09:f4,2,1,2,0,128,206,643,527,536,822,1005,583,134,812,910,907,522,977,436,419,1017,13,116,340,114,196,591,82,308,175,58,1008,729,129,13,757,910,74,70,64,59,81,81,64,57,70,82,63,88,64,75,66,78,68,75,74,67,62,53,61,52,49,80,39,71,75,68,71,74
[ 4854.628398] [AOA] Measurement: 0,1627147314.938178,08:55:31:9b:09:f4,2,1,2,0,128,210,627,567,530,774,1002,48,971,824,892,855,498,383,204,404,1000,465,912,339,96,264,659,40,270,187,56,1018,745,107,1015,681,816,70,64,61,57,76,75,61,57,66,77,58,81,62,74,66,77,67,73,70,67,61,54,59,51,50,76,40,70,73,68,69,69
[ 4854.674641] [AOA] Measurement: 0,1627147314.984417,08:55:31:9b:09:f4,2,1,2,0,128,214,609,481,492,249,809,17,941,283,704,370,352,388,187,408,1007,432,894,790,931,666,374,567,91,724,915,472,520,562,816,128,303,68,68,60,57,78,76,60,55,66,77,60,82,61,73,62,74,64,72,68,63,58,50,54,47,45,73,38,64,67,60,64,64
[ 4854.714500] [AOA] Measurement: 0,1627147315.024283,08:55:31:9b:09:f4,2,1,2,0,128,189,609,578,527,733,965,17,953,317,708,374,333,365,216,881,818,1015,102,288,60,200,625,45,282,691,881,1002,706,138,28,761,802,70,65,61,58,77,76,61,57,66,76,61,82,63,74,66,76,67,72,70,66,60,53,58,51,48,75,39,67,71,66,68,72
[ 4854.760813] [AOA] Measurement: 0,1627147315.070590,08:55:31:9b:09:f4,2,1,2,0,128,84,536,589,503,220,821,513,74,846,907,920,529,941,372,409,976,534,966,740,924,220,601,517,81,722,903,995,725,589,845,479,525,73,72,64,59,83,82,64,59,71,82,63,89,65,77,66,80,68,76,74,68,64,54,61,51,49,79,38,70,73,67,72,72
[ 4854.810051] [AOA] Measurement: 0,1627147315.119826,08:55:31:9b:09:f4,2,1,2,0,128,172,592,480,469,813,997,571,114,796,873,867,486,872,358,878,806,429,873,330,90,245,648,34,277,204,52,14,705,561,819,900,995,71,68,61,56,76,77,59,57,65,77,61,82,62,73,65,76,67,73,69,66,62,53,57,50,49,75,39,68,72,66,69,72
[ 4854.853333] [AOA] Measurement: 0,1627147315.163111,08:55:31:9b:09:f4,2,1,2,0,128,695,418,995,296,259,829,15,939,346,753,296,329,402,224,831,771,485,938,825,936,729,424,476,75,219,53,19,758,109,2,781,894,68,61,59,58,72,75,59,58,65,77,59,83,63,74,67,75,68,71,68,67,62,53,60,52,49,76,42,71,74,71,73,73
[ 4854.902939] [AOA] Measurement: 0,1627147315.212716,08:55:31:9b:09:f4,2,1,2,0,128,223,595,506,494,822,979,504,73,817,893,317,288,350,198,827,818,471,896,304,95,224,622,991,256,239,76,983,675,607,842,34,95,69,66,61,57,76,76,61,55,66,77,59,81,61,70,63,73,63,71,70,62,57,49,56,47,45,71,37,64,65,59,63,64
[ 4854.952941] [AOA] Measurement: 0,1627147315.262717,08:55:31:9b:09:f4,2,1,2,0,128,652,371,4,319,764,977,576,141,855,917,901,527,948,385,417,992,995,76,741,925,778,472,482,79,700,881,17,743,582,860,633,733,69,63,59,56,73,75,59,57,66,76,59,80,63,72,67,74,67,71,69,67,61,55,60,52,49,75,41,70,73,68,70,73
[ 4854.996990] [AOA] Measurement: 0,1627147315.306773,08:55:31:9b:09:f4,2,1,2,0,128,180,597,510,470,250,802,45,968,821,928,854,493,942,427,396,4,1003,64,306,113,216,625,5,246,194,37,429,509,569,861,371,515,69,62,58,58,73,75,60,56,66,77,59,81,62,74,66,74,68,72,68,67,61,54,61,51,48,76,40,69,74,69,73,74
[ 4855.040598] [AOA] Measurement: 0,1627147315.350373,08:55:31:9b:09:f4,2,1,2,0,128,188,597,499,515,768,983,52,987,779,871,353,291,967,439,383,970,472,902,783,916,706,443,47,264,682,887,475,502,619,876,665,825,73,70,63,60,81,81,64,57,71,82,63,88,66,78,68,81,69,76,75,69,63,55,61,52,50,80,40,72,75,69,72,74
[ 4855.083655] [AOA] Measurement: 0,1627147315.393438,08:55:31:9b:09:f4,2,1,2,0,128,645,377,28,327,758,980,24,960,805,870,389,339,959,459,394,997,12,97,259,45,717,443,23,254,689,878,464,531,53,975,842,987,69,64,58,56,74,75,60,56,66,76,59,81,62,73,62,74,65,71,68,64,60,52,57,50,45,72,37,67,69,64,66,67
[ 4855.126912] [AOA] Measurement: 0,1627147315.436694,08:55:31:9b:09:f4,2,1,2,0,128,164,564,522,485,747,964,534,107,806,857,346,315,910,366,385,971,450,900,811,914,685,458,453,79,688,904,504,545,131,3,686,786,70,65,59,57,77,76,61,56,66,76,60,83,63,73,64,76,66,72,70,66,61,51,58,50,48,76,40,69,71,66,67,71
[ 4855.170082] [AOA] Measurement: 0,1627147315.479858,08:55:31:9b:09:f4,2,1,2,0,128,143,586,539,504,801,987,557,118,764,867,905,512,901,399,404,1006,2,78,373,143,204,601,31,276,690,906,25,720,92,11,612,702,72,69,62,60,82,81,63,57,70,81,63,88,66,78,68,77,69,77,74,71,65,56,63,52,50,81,41,72,76,71,74,74
[ 4855.212310] [AOA] Measurement: 0,1627147315.522092,08:55:31:9b:09:f4,2,1,2,0,128,196,588,530,487,810,6,544,147,780,849,405,330,929,435,410,998,443,899,835,938,243,642,62,303,215,66,45,781,81,1021,35,102,68,62,60,56,73,75,60,57,65,76,59,80,63,73,67,73,68,71,67,66,61,54,61,53,50,77,42,72,75,70,72,73
[ 4855.250383] [AOA] Measurement: 0,1627147315.560159,08:55:31:9b:09:f4,2,1,2,0,128,614,398,1021,317,772,991,555,99,844,892,856,512,385,159,899,811,452,915,798,943,213,596,18,275,670,893,5,742,556,814,322,511,69,65,59,56,76,75,61,56,65,77,61,82,62,72,64,74,64,72,68,66,60,51,58,50,47,73,37,67,69,64,66,67
[ 4855.293904] [AOA] Measurement: 0,1627147315.603683,08:55:31:9b:09:f4,2,1,2,0,128,158,588,543,536,818,992,612,146,780,911,351,336,983,418,443,1008,963,48,793,934,688,433,526,114,248,82,1,758,137,48,38,117,69,67,60,57,75,76,60,54,66,76,60,80,60,72,62,75,63,70,69,64,59,49,55,47,44,71,37,63,65,61,64,64
[ 4855.345431] [AOA] Measurement: 0,1627147315.655207,08:55:31:9b:09:f4,2,1,2,0,128,137,558,516,544,775,989,555,106,849,919,882,519,925,406,400,1016,1015,73,315,86,278,654,16,316,221,27,935,672,165,53,368,490,75,68,63,60,79,80,63,58,69,81,64,87,65,78,68,80,70,77,70,71,64,54,62,54,50,80,42,72,76,72,75,77
[ 4855.390476] [AOA] Measurement: 0,1627147315.700256,08:55:31:9b:09:f4,2,1,2,0,128,124,611,562,508,799,23,493,79,315,710,328,302,376,197,856,807,503,931,755,949,707,449,509,103,711,898,19,726,95,1016,373,409,67,60,58,55,74,74,59,58,64,74,58,82,61,72,66,74,67,73,68,66,62,52,59,53,50,76,41,72,73,69,72,73
[ 4855.433951] [AOA] Measurement: 0,1627147315.743733,08:55:31:9b:09:f4,2,1,2,0,128,183,587,540,532,775,1015,629,166,867,933,929,563,940,439,436,1015,23,96,322,113,223,596,42,271,695,883,499,560,597,827,90,150,69,67,60,57,75,76,61,56,66,76,60,82,62,71,64,75,66,74,70,66,61,52,59,50,48,75,39,68,70,65,67,67
[ 4855.478166] [AOA] Measurement: 0,1627147315.787940,08:55:31:9b:09:f4,2,1,2,2,128,183,587,540,532,775,1015,629,166,867,933,929,563,940,439,436,1015,23,96,322,113,223,596,42,271,695,883,499,560,597,827,90,150,75,68,63,60,79,80,63,58,69,81,64,87,65,78,68,80,70,77,70,71,64,54,62,54,50,80,42,72,76,72,75,77
[ 4855.527940] [AOA] Measurement: 0,1627147315.837718,08:55:31:9b:09:f4,2,1,2,0,128,144,597,557,524,747,980,562,121,823,854,920,530,892,418,838,815,477,928,312,101,192,565,24,262,705,897,18,719,81,995,524,681,78,77,73,67,84,82,70,70,76,83,75,87,71,80,72,80,74,81,77,76,72,69,70,65,60,80,52,75,79,75,76,78
[ 4855.570937] [AOA] Measurement: 0,1627147315.880713,08:55:31:9b:09:f4,2,1,2,0,128,140,577,551,507,772,972,561,111,875,921,883,503,876,373,394,1004,1006,43,326,107,158,542,479,42,251,80,52,781,546,840,3,58,83,80,77,71,88,87,76,72,81,87,79,91,77,87,78,87,78,86,83,82,77,73,74,68,63,86,53,81,81,80,81,80
[ 4855.620128] [AOA] Measurement: 0,1627147315.929904,08:55:31:9b:09:f4,2,1,2,0,128,173,629,538,533,793,1011,590,135,814,928,897,521,929,385,420,989,996,57,331,166,237,614,91,308,236,39,40,735,98,13,33,83,69,65,60,57,76,75,60,59,64,76,59,81,61,73,65,73,63,70,67,66,59,52,60,51,47,72,41,65,71,67,68,69
[ 4855.662654] [AOA] Measurement: 0,1627147315.972437,08:55:31:9b:09:f4,2,1,2,0,128,170,625,1014,308,811,1006,545,66,823,898,856,472,959,421,376,973,56,112,783,901,780,434,45,283,237,96,32,735,154,32,830,845,66,62,59,56,74,72,58,57,62,76,57,81,61,71,63,71,65,70,67,66,58,51,59,50,46,75,39,65,67,66,68,68
[ 4855.706609] [AOA] Measurement: 0,1627147316.016391,08:55:31:9b:09:f4,2,1,2,0,128,155,595,1020,312,787,1008,493,100,248,682,314,265,384,230,856,770,479,908,831,931,711,408,480,69,735,933,979,676,105,1014,1006,101,68,67,59,57,75,76,62,58,67,76,60,82,61,74,63,73,62,70,66,64,57,50,55,49,45,72,38,63,66,62,65,64
[ 4855.755057] [AOA] Measurement: 0,1627147316.064808,08:55:31:9b:09:f4,2,1,2,0,128,211,608,448,462,794,997,594,127,883,936,901,519,906,374,823,803,456,876,786,923,710,443,531,92,245,50,39,764,50,992,191,208,74,72,66,63,83,82,65,61,71,84,67,89,66,79,68,82,68,77,75,70,65,55,63,55,50,77,43,71,73,69,72,74
[ 4855.809984] [AOA] Measurement: 0,1627147316.119761,08:55:31:9b:09:f4,2,1,2,0,128,136,552,517,519,764,1002,565,100,820,892,861,486,937,411,437,5,1022,35,847,957,221,589,524,90,209,64,525,558,118,12,449,529,75,70,65,62,80,82,64,62,68,82,65,89,69,81,69,80,70,77,72,72,65,56,63,54,52,81,42,72,75,70,76,73
[ 4855.852886] [AOA] Measurement: 0,1627147316.162662,08:55:31:9b:09:f4,2,1,2,0,128,202,604,534,511,811,1001,615,96,854,897,916,536,901,371,414,2,64,119,263,56,742,461,43,275,254,73,13,707,102,1000,259,352,67,58,58,57,71,72,57,59,64,75,58,80,61,71,67,71,67,70,65,68,61,53,62,52,49,75,41,72,73,71,73,75
[ 4855.902603] [AOA] Measurement: 0,1627147316.212379,08:55:31:9b:09:f4,2,1,2,0,128,137,577,551,533,851,11,546,99,829,899,850,491,928,397,836,798,1000,40,358,75,223,588,499,67,685,902,462,531,556,798,310,437,70,64,62,59,75,76,61,61,65,77,63,83,63,74,67,77,67,75,69,66,62,54,60,51,48,75,41,67,70,68,70,69
[ 4855.953019] [AOA] Measurement: 0,1627147316.262796,08:55:31:9b:09:f4,2,1,2,0,128,653,403,982,272,216,770,29,919,265,679,269,285,371,221,908,881,993,48,306,101,189,582,508,61,686,896,489,527,579,844,959,50,69,64,62,59,76,77,62,59,66,78,62,82,62,73,66,74,65,71,69,66,62,52,60,52,48,75,40,68,71,65,69,69
[ 4855.997662] [AOA] Measurement: 0,1627147316.307445,08:55:31:9b:09:f4,2,1,2,0,128,175,599,499,483,779,980,33,942,295,701,274,245,365,175,867,821,982,47,348,111,224,651,44,266,239,82,1012,713,123,8,173,271,75,72,67,62,83,81,65,62,72,83,66,88,67,80,69,79,69,77,73,69,64,56,61,52,49,79,42,68,74,70,68,72
[ 4856.043252] [AOA] Measurement: 0,1627147316.353034,08:55:31:9b:09:f4,2,1,2,0,128,167,612,495,494,832,1012,542,92,846,921,844,488,903,354,823,785,534,929,313,99,209,610,73,309,178,14,26,714,107,1022,170,253,75,73,67,62,84,83,65,62,72,84,67,87,68,81,68,81,68,77,75,70,66,54,62,53,51,79,41,68,73,67,73,69
[ 4856.089288] [AOA] Measurement: 0,1627147316.399068,08:55:31:9b:09:f4,2,1,2,0,128,162,590,569,539,728,934,1007,940,300,685,268,283,390,229,843,798,476,886,794,922,652,385,500,95,705,858,512,529,91,987,1021,132,75,71,66,60,82,81,64,60,69,83,63,87,65,77,65,79,67,75,75,67,61,52,57,51,45,74,37,63,68,62,64,66
[ 4856.135833] [AOA] Measurement: 0,1627147316.445609,08:55:31:9b:09:f4,2,1,2,0,128,153,577,973,282,239,801,593,145,809,862,381,321,417,233,349,955,997,60,310,56,251,619,1010,269,227,61,13,674,574,841,477,625,69,61,60,58,74,76,61,60,65,77,60,82,62,74,68,73,68,73,70,69,61,54,62,53,49,75,42,71,74,70,72,75
[ 4856.187084] [AOA] Measurement: 0,1627147316.496860,08:55:31:9b:09:f4,2,1,2,0,128,97,567,525,511,814,979,19,966,830,887,915,520,869,344,846,802,473,906,302,89,669,442,482,76,702,875,477,498,551,781,889,60,76,71,66,61,81,84,66,63,70,82,67,89,67,78,68,81,69,77,74,70,64,54,63,52,51,80,43,71,74,67,72,72
[ 4856.230840] [AOA] Measurement: 0,1627147316.540616,08:55:31:9b:09:f4,2,1,2,0,128,129,567,529,487,770,975,565,122,783,824,291,289,395,198,858,781,500,947,767,946,685,433,31,304,249,67,9,744,549,850,783,885,72,63,61,62,75,78,64,65,67,78,65,84,65,75,72,77,72,76,70,72,65,57,68,56,54,81,47,77,80,74,79,79
[ 4856.273869] [AOA] Measurement: 0,1627147316.583646,08:55:31:9b:09:f4,2,1,2,0,128,171,598,548,496,860,38,533,102,818,881,890,522,914,407,347,981,995,60,780,929,210,620,28,267,213,31,529,557,133,13,274,288,76,73,66,62,82,83,66,63,69,84,67,86,66,77,69,79,66,76,73,67,63,55,60,53,47,76,39,65,72,66,68,67
[ 4856.323436] [AOA] Measurement: 0,1627147316.633213,08:55:31:9b:09:f4,2,1,2,0,128,190,578,514,478,751,976,1010,919,314,710,297,292,406,226,824,761,526,937,702,867,675,405,470,88,716,906,524,546,87,991,1,79,77,72,67,64,82,82,66,63,72,85,69,90,67,77,69,80,69,77,74,70,65,56,62,54,51,78,42,70,72,70,70,72
[ 4856.373368] [AOA] Measurement: 0,1627147316.683143,08:55:31:9b:09:f4,2,1,2,2,128,190,578,514,478,751,976,1010,919,314,710,297,292,406,226,824,761,526,937,702,867,675,405,470,88,716,906,524,546,87,991,1,79,0,0,0,0,0,0,0,0,0,0,0,0,0,0,0,0,0,0,0,0,0,0,0,0,0,0,0,0,0,0,0,0
[ 4856.409394] [AOA] Measurement: 0,1627147316.719176,08:55:31:9b:09:f4,2,1,2,2,128,190,578,514,478,751,976,1010,919,314,710,297,292,406,226,824,761,526,937,702,867,675,405,470,88,716,906,524,546,87,991,1,79,77,72,67,64,82,82,66,63,72,85,69,90,67,77,69,80,69,77,74,70,65,56,62,54,51,78,42,70,72,70,70,72
[ 4856.449516] [AOA] Measurement: 0,1627147316.759292,08:55:31:9b:09:f4,2,1,2,0,128,157,565,493,485,803,987,990,908,823,875,322,297,398,243,350,987,11,88,334,105,694,415,72,285,233,56,84,770,89,2,992,49,67,62,57,55,74,75,58,54,62,74,58,80,59,70,63,74,64,71,69,65,58,50,58,48,46,73,37,66,70,63,67,69
[ 4856.491989] [AOA] Measurement: 0,1627147316.801765,08:55:31:9b:09:f4,2,1,2,2,128,157,565,493,485,803,987,990,908,823,875,322,297,398,243,350,987,11,88,334,105,694,415,72,285,233,56,84,770,89,2,992,49,77,72,67,64,82,82,66,63,72,85,69,90,67,77,69,80,69,77,74,70,65,56,62,54,51,78,42,70,72,70,70,72
[ 4856.538647] [AOA] Measurement: 0,1627147316.848429,08:55:31:9b:09:f4,2,1,2,0,128,245,629,542,498,799,1020,23,966,888,919,937,546,934,416,373,989,5,93,336,103,224,600,533,76,255,51,15,692,577,854,615,786,73,67,63,61,79,81,65,61,70,79,65,88,66,77,68,80,69,73,72,70,62,54,62,53,49,76,40,70,71,67,69,67
[ 4856.586771] [AOA] Measurement: 0,1627147316.896548,08:55:31:9b:09:f4,2,1,2,0,128,166,589,452,478,801,1003,550,128,817,905,344,308,364,206,830,794,0,70,290,73,195,596,561,107,205,55,5,717,601,844,687,722,78,77,74,68,83,82,72,69,77,83,71,85,72,81,72,82,72,78,75,75,69,67,70,64,58,80,50,70,75,73,73,75
[ 4856.628378] [AOA] Measurement: 0,1627147316.938153,08:55:31:9b:09:f4,2,1,2,0,128,148,552,966,277,238,827,20,950,303,709,308,301,401,223,836,799,476,960,291,66,213,607,97,344,232,72,2,713,82,1016,59,137,79,72,74,72,83,81,76,76,77,85,75,87,78,83,81,83,78,83,79,79,77,74,76,71,66,83,58,78,81,78,80,80
[ 4856.671795] [AOA] Measurement: 0,1627147316.981575,08:55:31:9b:09:f4,2,1,2,0,128,80,547,505,457,846,3,572,118,823,901,319,270,354,168,389,970,50,108,298,100,258,623,59,321,215,27,1002,726,73,992,981,119,81,76,77,74,83,84,75,75,78,85,77,86,77,83,77,81,77,84,81,76,75,70,73,69,66,82,58,75,77,75,76,79
[ 4856.714135] [AOA] Measurement: 0,1627147317.023916,08:55:31:9b:09:f4,2,1,2,0,128,192,601,523,500,761,996,527,114,783,871,349,314,375,229,349,952,15,54,350,123,177,554,536,120,226,41,71,753,126,29,910,13,80,77,76,72,83,84,76,78,79,85,77,87,76,83,81,83,79,82,80,80,77,75,79,72,69,83,59,81,83,80,82,83
[ 4856.752048] [AOA] Measurement: 0,1627147317.061831,08:55:31:9b:09:f4,2,1,2,0,128,160,621,510,509,765,1012,507,87,852,913,301,279,954,438,365,986,463,883,795,933,682,368,510,49,681,885,540,561,590,868,400,478,74,67,69,67,75,77,70,71,73,77,71,79,71,77,75,77,75,74,72,73,72,69,71,66,63,78,55,74,76,75,75,74
[ 4856.801954] [AOA] Measurement: 0,1627147317.111730,08:55:31:9b:09:f4,2,1,2,0,128,166,569,1013,280,240,810,577,135,824,910,921,550,322,167,864,811,494,903,759,912,289,633,500,75,220,61,44,723,73,14,261,305,81,78,77,71,84,83,74,74,79,84,77,87,77,84,76,82,77,81,81,79,76,74,74,67,64,81,56,76,76,75,75,75
[ 4856.852388] [AOA] Measurement: 0,1627147317.162164,08:55:31:9b:09:f4,2,1,2,0,128,129,563,484,453,781,961,45,952,298,730,372,339,913,364,886,814,985,38,327,132,249,635,88,321,184,15,518,556,84,1016,1019,126,81,78,74,71,82,84,76,75,80,84,75,86,77,81,76,83,76,82,80,78,75,73,75,67,66,81,57,76,78,77,77,79
[ 4856.898618] [AOA] Measurement: 0,1627147317.208394,08:55:31:9b:09:f4,2,1,2,0,128,233,662,539,504,786,966,971,940,803,920,838,474,917,378,879,828,14,98,276,46,728,450,534,133,238,56,1006,684,599,880,187,255,74,70,70,67,76,77,70,71,72,78,70,81,72,77,74,77,74,75,74,74,73,69,69,67,63,79,56,73,75,74,73,76
[ 4856.941630] [AOA] Measurement: 0,1627147317.251413,08:55:31:9b:09:f4,2,1,2,0,128,151,597,475,457,211,777,12,935,347,749,385,334,323,172,894,789,465,884,803,908,253,592,502,103,629,888,450,499,103,34,495,588,81,75,76,74,84,84,75,76,78,84,75,86,76,84,78,82,78,83,82,80,76,73,76,68,67,84,58,78,77,76,78,78
[ 4856.980372] [AOA] Measurement: 0,1627147317.290155,08:55:31:9b:09:f4,2,1,2,0,128,165,593,487,450,790,1008,12,927,315,719,324,318,382,224,876,780,474,898,770,945,246,625,470,80,689,885,490,495,604,835,392,589,82,77,76,73,85,84,77,76,80,83,77,87,79,85,80,84,79,82,80,81,76,75,78,71,69,83,60,80,81,80,81,82
[ 4857.018706] [AOA] Measurement: 0,1627147317.328488,08:55:31:9b:09:f4,2,1,2,0,128,116,569,509,495,767,991,989,955,807,921,903,494,898,376,404,1001,425,895,788,963,249,589,530,93,224,68,1008,692,561,843,218,378,79,75,76,73,83,84,75,74,79,83,77,86,76,84,76,83,77,82,80,80,75,73,73,71,66,82,57,76,78,76,78,78
[ 4857.063458] [AOA] Measurement: 0,1627147317.373241,08:55:31:9b:09:f4,2,1,2,0,128,205,626,495,472,797,996,527,81,861,920,919,539,886,385,860,783,529,924,793,962,242,626,1003,254,221,72,70,777,87,991,668,841,82,79,78,74,86,85,76,76,81,86,78,86,77,85,77,83,76,81,81,79,75,74,73,69,66,82,57,77,79,77,77,77
[ 4857.105736] [AOA] Measurement: 0,1627147317.415512,08:55:31:9b:09:f4,2,1,2,0,128,71,512,20,344,226,798,991,929,255,682,409,347,903,388,394,995,427,882,309,89,260,643,2,238,715,889,20,728,631,870,169,265,79,75,75,73,82,85,76,74,78,84,77,87,76,82,77,82,76,82,80,78,76,73,74,69,66,81,57,76,79,76,77,77
[ 4857.149335] [AOA] Measurement: 0,1627147317.459110,08:55:31:9b:09:f4,2,1,2,0,128,585,334,23,301,208,810,997,944,282,706,925,503,350,208,877,800,431,866,775,919,742,426,545,91,718,875,515,513,549,813,207,369,81,76,76,72,84,84,75,78,79,84,77,87,77,82,80,83,79,82,80,80,77,74,76,71,67,84,60,79,82,80,81,82
[ 4857.192372] [AOA] Measurement: 0,1627147317.502152,08:55:31:9b:09:f4,2,1,2,0,128,189,615,489,458,838,1015,529,115,815,892,396,357,371,208,390,982,469,867,401,168,195,598,8,222,222,62,53,737,157,20,646,754,81,76,75,71,83,83,75,74,79,85,77,87,78,84,78,83,76,82,81,79,76,72,74,68,66,80,57,75,77,76,76,78
[ 4857.236724] [AOA] Measurement: 0,1627147317.546507,08:55:31:9b:09:f4,2,1,2,0,128,209,622,525,522,775,987,535,95,834,911,871,481,377,215,859,823,1013,70,296,91,219,591,25,278,229,82,988,696,167,1023,791,942,81,78,77,73,84,83,76,74,79,84,75,86,76,83,75,84,74,82,81,77,76,70,70,66,62,79,55,71,74,72,72,75
[ 4857.280096] [AOA] Measurement: 0,1627147317.589876,08:55:31:9b:09:f4,2,1,2,0,128,108,554,508,480,804,986,572,126,863,941,897,522,320,163,372,965,37,93,307,119,259,586,525,96,294,109,31,741,154,43,522,579,80,77,77,70,85,83,75,73,79,86,76,87,77,83,73,82,74,82,81,76,74,70,71,67,63,78,56,71,73,72,71,74
[ 4857.318844] [AOA] Measurement: 0,1627147317.628619,08:55:31:9b:09:f4,2,1,2,0,128,151,588,521,481,824,988,1014,921,874,929,886,505,370,233,918,840,482,895,308,113,262,610,466,57,727,896,478,506,584,840,81,217,80,77,76,71,84,85,77,75,78,86,77,87,78,84,77,82,75,82,80,78,75,73,74,68,65,81,56,73,78,74,76,78
[ 4857.363651] [AOA] Measurement: 0,1627147317.673427,08:55:31:9b:09:f4,2,1,2,0,128,192,614,542,529,822,17,541,113,828,905,854,448,915,380,419,1017,999,37,307,46,280,618,11,240,210,34,560,586,141,34,606,684,80,79,76,71,85,84,75,73,80,83,79,86,77,82,77,83,77,79,79,77,74,73,72,69,66,81,55,75,78,75,77,77
[ 4857.420538] [AOA] Measurement: 0,1627147317.730314,08:55:31:9b:09:f4,2,1,2,0,128,153,598,562,505,774,998,565,128,884,911,838,474,915,428,411,1008,970,77,295,96,235,591,525,48,749,905,13,706,126,20,0,52,81,75,76,72,85,82,76,75,77,84,75,86,76,83,80,83,78,82,80,80,76,73,75,71,67,84,58,79,82,80,80,81
[ 4857.463652] [AOA] Measurement: 0,1627147317.773428,08:55:31:9b:09:f4,2,1,2,0,128,144,553,489,515,754,947,592,127,876,920,349,341,931,408,398,964,18,98,321,101,263,631,37,320,191,28,35,710,116,34,634,776,79,73,76,72,83,84,76,77,79,85,77,87,78,84,78,82,78,82,80,80,73,72,74,67,67,82,57,76,78,76,79,78
[ 4857.513411] [AOA] Measurement: 0,1627147317.823187,08:55:31:9b:09:f4,2,1,2,0,128,168,569,556,544,797,1011,1003,931,263,669,286,277,378,185,843,788,464,894,375,131,221,633,21,273,206,51,50,751,111,11,354,531,80,76,76,71,83,83,75,72,78,85,77,86,77,83,76,81,76,82,79,78,76,71,74,70,65,82,57,75,78,74,76,76
[ 4857.559312] [AOA] Measurement: 0,1627147317.869094,08:55:31:9b:09:f4,2,1,2,0,128,190,596,537,494,797,16,525,86,882,943,876,494,958,442,409,13,1021,62,288,89,197,576,509,113,679,899,456,508,566,865,148,327,79,73,73,72,80,82,75,75,77,83,77,86,78,83,80,82,80,81,80,82,78,74,77,71,69,83,61,82,82,80,83,82
[ 4857.603505] [AOA] Measurement: 0,1627147317.913287,08:55:31:9b:09:f4,2,1,2,0,128,126,561,521,509,784,1011,566,122,858,924,320,308,352,186,877,832,1023,69,353,127,209,607,32,255,243,62,36,696,90,988,833,935,79,76,77,72,84,83,77,74,79,84,77,87,78,85,78,84,77,82,82,79,76,74,74,70,66,81,59,74,77,77,78,76
[ 4857.646033] [AOA] Measurement: 0,1627147317.955809,08:55:31:9b:09:f4,2,1,2,0,128,160,622,523,493,760,958,563,131,849,879,861,512,351,196,377,972,501,929,295,105,209,599,21,287,653,873,470,576,103,2,314,460,76,71,71,70,82,82,70,70,77,82,73,86,72,81,74,82,75,80,77,76,72,70,71,64,61,79,50,73,76,72,75,78
[ 4857.689867] [AOA] Measurement: 0,1627147317.999643,08:55:31:9b:09:f4,2,1,2,0,128,138,579,502,468,756,971,1023,971,848,893,902,494,883,416,892,821,1023,73,319,77,735,409,534,136,237,33,47,728,135,18,584,675,76,70,70,68,79,80,69,73,75,81,70,85,72,80,76,78,76,79,76,77,72,70,73,67,63,81,53,78,81,79,80,81
[ 4857.732587] [AOA] Measurement: 0,1627147318.042370,08:55:31:9b:09:f4,2,1,2,0,128,186,613,576,516,736,981,1014,932,266,715,367,327,401,221,395,1016,473,950,305,84,253,621,37,303,237,60,1014,708,127,13,227,378,77,70,72,67,80,80,70,72,74,81,71,85,71,80,76,80,75,80,76,74,71,69,73,66,60,79,52,75,78,76,75,77
[ 4857.775924] [AOA] Measurement: 0,1627147318.085706,08:55:31:9b:09:f4,2,1,2,0,128,126,563,503,535,749,1000,1000,921,849,928,292,297,369,216,854,770,490,951,822,974,221,584,520,71,722,926,444,534,82,1004,255,383,80,77,72,69,83,82,72,70,76,83,73,86,73,81,72,82,74,77,78,75,71,68,69,63,60,80,51,70,74,74,74,72
[ 4857.820219] [AOA] Measurement: 0,1627147318.130002,08:55:31:9b:09:f4,2,1,2,0,128,160,576,523,479,796,998,551,111,830,931,841,471,389,221,394,972,412,895,796,933,751,459,550,122,240,92,27,722,94,1008,460,572,74,71,67,64,78,77,68,67,73,75,68,81,68,76,68,75,66,75,72,71,65,64,66,57,53,74,47,69,70,69,69,71
[ 4857.858899] [AOA] Measurement: 0,1627147318.168682,08:55:31:9b:09:f4,2,1,2,0,128,146,607,523,538,804,1012,472,27,838,888,341,300,376,201,360,966,449,899,852,950,230,571,95,302,209,59,23,708,117,9,376,392,76,73,72,68,80,83,72,73,76,84,75,87,74,82,78,81,77,80,77,76,72,72,75,67,62,81,53,79,81,80,78,81
[ 4857.905233] [AOA] Measurement: 0,1627147318.215010,08:55:31:9b:09:f4,2,1,2,0,128,181,612,554,531,811,984,536,79,838,879,882,519,356,237,806,777,529,971,342,92,222,606,63,265,237,71,42,756,64,990,489,518,85,83,80,72,89,88,77,72,83,88,76,89,75,85,72,85,73,82,83,76,71,68,70,63,60,80,49,72,75,70,70,73
[ 4857.955051] [AOA] Measurement: 0,1627147318.264826,08:55:31:9b:09:f4,2,1,2,0,128,184,564,507,501,765,977,583,111,258,685,314,301,935,408,866,810,478,896,822,961,222,608,463,85,217,60,520,547,108,1021,609,681,79,77,76,69,83,85,72,71,78,84,73,85,72,81,74,81,75,79,78,73,72,67,70,65,58,77,50,72,75,71,73,76
[ 4857.993681] [AOA] Measurement: 0,1627147318.303461,08:55:31:9b:09:f4,2,1,2,0,128,136,561,532,487,756,959,997,913,327,741,918,488,862,390,367,973,26,91,313,60,734,432,513,77,696,918,448,477,135,1003,781,940,82,76,79,74,85,87,78,76,82,89,80,93,79,86,80,87,81,86,82,82,79,73,78,71,65,86,56,81,83,82,81,81
[ 4858.034951] [AOA] Measurement: 0,1627147318.344734,08:55:31:9b:09:f4,2,1,2,0,128,168,611,537,496,781,993,989,911,304,707,332,292,366,186,343,949,523,933,286,87,206,563,583,141,168,21,54,733,574,838,540,665,78,73,72,68,82,82,70,72,76,84,73,87,73,82,77,82,77,80,78,77,72,71,73,68,62,83,54,79,79,76,80,79
[ 4858.079042] [AOA] Measurement: 0,1627147318.388824,08:55:31:9b:09:f4,2,1,2,0,128,188,616,525,503,719,954,522,94,808,873,923,527,895,359,383,968,11,60,351,107,727,448,40,312,223,48,19,727,76,996,692,838,78,75,72,69,83,82,72,72,76,83,73,86,71,81,75,80,74,81,78,74,74,68,72,65,61,83,50,74,77,77,76,77
[ 4858.123149] [AOA] Measurement: 0,1627147318.432929,08:55:31:9b:09:f4,2,1,2,0,128,182,546,945,267,788,979,581,117,313,772,926,520,331,185,885,781,449,881,845,949,639,366,515,96,172,41,55,739,124,0,892,27,87,83,79,73,89,90,79,78,83,92,80,93,77,87,81,88,79,86,83,83,78,74,77,69,67,86,55,81,84,80,82,85
[ 4858.166351] [AOA] Measurement: 0,1627147318.476134,08:55:31:9b:09:f4,2,1,2,0,128,167,564,554,523,707,935,617,130,799,900,886,516,395,205,878,790,437,884,846,949,713,431,531,71,653,884,486,545,603,804,628,827,77,72,73,69,80,81,71,72,77,84,73,87,74,82,76,82,78,80,75,75,72,69,74,66,63,84,54,79,79,79,80,81
[ 4858.212419] [AOA] Measurement: 0,1627147318.522202,08:55:31:9b:09:f4,2,1,2,0,128,155,583,491,504,788,994,553,111,846,900,880,508,940,439,456,8,982,52,268,82,246,598,63,301,193,66,462,506,128,1022,469,556,73,71,68,63,77,78,68,66,71,79,68,81,68,77,68,76,70,75,71,71,69,64,67,59,55,75,45,69,71,68,70,69
[ 4858.255700] [AOA] Measurement: 0,1627147318.565484,08:55:31:9b:09:f4,2,1,2,0,128,158,631,509,500,774,1003,485,60,324,770,853,489,379,217,806,756,422,867,761,940,657,404,517,115,241,49,30,718,562,814,340,500,79,79,73,67,82,81,72,69,76,84,73,85,73,81,71,80,71,77,75,71,68,67,66,61,56,76,47,69,70,67,68,70
[ 4858.302283] [AOA] Measurement: 0,1627147318.612060,08:55:31:9b:09:f4,2,1,2,0,128,138,623,513,452,753,975,570,96,844,908,937,513,929,413,389,976,53,146,320,78,250,640,108,335,197,87,11,707,115,19,6,150,77,74,71,67,82,82,73,72,76,83,73,86,74,83,76,83,75,81,77,78,74,68,72,66,61,82,52,76,79,76,76,78
[ 4858.346524] [AOA] Measurement: 0,1627147318.656306,08:55:31:9b:09:f4,2,1,2,0,128,122,582,1005,298,821,1016,570,130,821,923,305,260,388,257,386,1003,1011,98,323,90,245,606,1012,243,753,944,18,728,93,1014,423,501,78,77,75,69,83,84,74,71,78,84,74,87,74,83,77,82,76,82,79,76,72,70,73,66,62,82,54,77,80,79,78,81
[ 4858.389334] [AOA] Measurement: 0,1627147318.699111,08:55:31:9b:09:f4,2,1,2,0,128,184,559,515,475,230,789,995,934,274,709,334,289,385,206,371,977,445,872,822,936,746,434,518,80,709,902,489,534,87,1014,805,992,79,76,75,67,83,84,70,71,77,85,74,87,75,80,73,81,74,80,78,74,70,67,69,63,59,81,50,72,73,73,72,76
[ 4858.429988] [AOA] Measurement: 0,1627147318.739770,08:55:31:9b:09:f4,2,1,2,0,128,135,538,996,286,834,1019,530,95,825,903,323,322,903,389,846,767,490,921,704,868,688,375,506,101,262,95,9,713,91,8,285,368,79,75,74,67,82,84,72,72,76,82,72,87,73,82,74,81,75,80,78,76,73,69,72,66,63,81,52,77,79,76,78,80
[ 4858.473781] [AOA] Measurement: 0,1627147318.783563,08:55:31:9b:09:f4,2,1,2,0,128,156,593,508,499,791,6,616,119,866,925,917,521,932,422,380,1016,1018,68,314,100,234,626,50,306,275,59,9,702,170,54,261,404,79,74,72,68,82,83,72,72,76,84,73,88,74,83,75,82,74,80,78,76,72,70,71,66,60,82,51,74,79,73,77,80
[ 4858.520197] [AOA] Measurement: 0,1627147318.829973,08:55:31:9b:09:f4,2,1,2,0,128,134,556,543,537,759,985,534,60,850,900,871,484,340,163,906,797,482,925,760,899,738,434,464,44,265,107,32,723,121,1023,362,420,75,70,68,65,78,78,68,68,71,79,69,84,70,77,74,78,73,78,74,74,69,67,70,61,58,78,49,73,77,73,75,78
[ 4858.562577] [AOA] Measurement: 0,1627147318.872358,08:55:31:9b:09:f4,2,1,2,0,128,190,627,552,479,762,16,494,55,872,946,878,542,931,411,399,1011,1005,84,752,923,281,645,512,78,759,918,469,524,88,1013,167,275,73,65,67,66,75,79,67,71,72,79,72,83,71,80,76,77,77,77,74,75,72,69,74,66,62,82,54,79,80,79,81,82
[ 4858.606601] [AOA] Measurement: 0,1627147318.916384,08:55:31:9b:09:f4,2,1,2,0,128,119,572,580,518,811,1017,513,109,833,885,851,465,966,434,425,10,1018,77,282,64,223,578,71,331,198,45,29,739,117,21,941,1016,79,73,74,68,82,84,73,72,76,83,73,87,74,82,75,82,72,80,78,77,72,69,71,65,61,80,51,74,78,73,76,78
[ 4858.652743] [AOA] Measurement: 0,1627147318.962518,08:55:31:9b:09:f4,2,1,2,0,128,190,614,517,485,821,1001,598,158,886,943,914,510,838,311,410,1004,1002,58,817,956,187,551,543,130,218,73,1016,728,167,62,358,459,81,77,74,68,84,82,73,72,78,84,74,84,73,81,74,82,72,79,77,75,69,68,69,64,59,78,49,71,74,71,72,73
[ 4858.699002] [AOA] Measurement: 0,1627147319.008784,08:55:31:9b:09:f4,2,1,2,0,128,187,617,555,534,797,1013,521,75,262,715,922,567,909,453,330,940,1023,81,296,99,290,613,103,330,208,44,1023,702,125,1015,549,630,80,77,74,69,83,84,72,72,77,86,75,88,73,81,74,81,72,79,76,75,71,67,70,65,59,80,50,74,77,74,74,78
[ 4858.743383] [AOA] Measurement: 0,1627147319.053166,08:55:31:9b:09:f4,2,1,2,0,128,205,621,613,529,807,997,647,139,828,894,350,284,928,413,361,987,994,1022,312,89,680,404,544,97,278,84,992,724,161,19,741,780,80,78,72,66,84,82,71,68,75,83,72,84,71,80,71,81,71,79,78,73,70,67,67,62,57,78,48,69,72,69,71,74
[ 4858.786088] [AOA] Measurement: 0,1627147319.095865,08:55:31:9b:09:f4,2,1,2,0,128,175,595,565,509,787,984,599,132,794,871,327,339,377,183,413,993,1019,59,784,926,708,413,557,138,210,23,56,754,86,14,867,1008,71,65,66,64,73,77,69,72,72,78,71,82,71,80,78,79,76,77,73,76,72,70,73,67,65,83,53,79,81,78,82,82
[ 4858.826800] [AOA] Measurement: 0,1627147319.136581,08:55:31:9b:09:f4,2,1,2,0,128,194,648,460,421,266,797,75,973,823,844,306,278,353,233,866,803,510,924,760,887,749,431,495,58,663,886,490,531,603,836,411,488,76,73,73,67,82,82,72,72,78,83,75,85,74,80,76,81,74,79,78,77,74,70,72,66,61,80,52,76,79,75,76,78
[ 4858.869001] [AOA] Measurement: 0,1627147319.178776,08:55:31:9b:09:f4,2,1,2,0,128,171,614,518,511,821,12,493,98,843,938,827,481,360,197,365,969,1002,73,266,63,707,401,0,283,222,63,998,698,579,816,390,510,79,76,75,68,83,83,72,72,77,83,72,86,74,78,72,80,74,79,77,75,71,68,70,64,61,80,50,71,76,72,73,74
[ 4858.913106] [AOA] Measurement: 0,1627147319.222887,08:55:31:9b:09:f4,2,1,2,0,128,183,589,542,530,771,998,528,83,298,730,911,512,934,406,364,978,18,79,326,114,225,601,14,253,728,914,78,748,123,1011,941,4,85,82,79,72,88,86,76,76,82,89,78,92,80,88,77,85,77,85,82,80,77,73,75,69,64,85,51,75,79,75,78,80
[ 4858.962555] [AOA] Measurement: 0,1627147319.272330,08:55:31:9b:09:f4,2,1,2,0,128,73,514,968,281,268,834,557,95,805,890,297,298,895,391,428,1012,434,885,804,907,712,371,517,98,731,917,997,708,104,1021,916,42,77,72,72,69,82,83,72,74,76,83,73,86,73,81,76,80,77,78,75,77,73,70,73,65,63,80,53,76,78,77,77,78
[ 4859.013763] [AOA] Measurement: 0,1627147319.323538,08:55:31:9b:09:f4,2,1,2,0,128,152,558,992,280,264,841,592,118,872,942,880,536,899,375,338,935,23,68,776,879,722,432,17,307,171,1014,488,519,564,815,246,463,86,82,79,75,90,90,78,78,82,90,80,93,79,88,82,87,82,88,85,81,80,77,78,70,67,88,57,83,86,82,84,86
[ 4859.059058] [AOA] Measurement: 0,1627147319.368834,08:55:31:9b:09:f4,2,1,2,0,128,214,586,484,493,808,1017,585,102,889,961,860,500,914,370,406,1007,1013,78,277,100,273,615,36,300,254,87,1009,716,103,7,3,56,79,74,73,69,80,82,72,71,76,82,72,85,72,79,75,82,76,81,79,77,71,70,71,65,62,81,52,76,79,78,78,78
[ 4859.101904] [AOA] Measurement: 0,1627147319.411687,08:55:31:9b:09:f4,2,1,2,0,128,198,600,564,533,811,1015,561,145,850,907,293,298,306,157,890,814,455,937,786,951,744,426,27,309,255,69,22,719,106,11,203,329,75,67,68,67,74,78,65,71,71,78,69,82,71,80,77,78,76,78,74,74,73,70,75,67,64,83,53,78,79,77,78,81
[ 4859.140309] [AOA] Measurement: 0,1627147319.450091,08:55:31:9b:09:f4,2,1,2,0,128,170,581,512,471,826,1008,989,914,308,709,310,301,312,137,857,797,422,865,812,899,745,460,506,109,737,897,512,561,116,18,78,200,78,71,70,67,78,79,68,72,75,82,73,84,72,82,78,81,77,80,76,77,73,70,73,67,62,80,54,77,80,77,80,80
[ 4859.184065] [AOA] Measurement: 0,1627147319.493845,08:55:31:9b:09:f4,2,1,2,0,128,115,526,1008,288,786,999,576,125,233,675,348,278,337,166,944,825,474,917,757,914,684,392,532,100,223,70,1020,717,562,830,628,784,83,75,75,71,84,87,74,78,80,88,77,90,77,85,83,87,82,83,78,82,79,75,79,73,69,88,59,87,89,86,88,89
[ 4859.228428] [AOA] Measurement: 0,1627147319.538204,08:55:31:9b:09:f4,2,1,2,0,128,184,612,545,476,766,993,530,101,838,917,392,355,914,407,319,954,495,935,295,115,221,588,549,123,230,36,37,714,103,9,856,983,79,72,73,68,83,84,71,71,77,84,72,87,75,82,76,80,73,81,77,75,73,69,70,65,60,81,50,73,76,71,74,75
[ 4859.271383] [AOA] Measurement: 0,1627147319.581167,08:55:31:9b:09:f4,2,1,2,0,128,151,566,984,265,230,794,1015,918,321,701,349,332,317,195,829,780,471,892,717,884,652,388,497,59,672,874,491,526,600,839,334,501,85,83,79,73,89,88,77,77,83,91,78,93,78,89,79,89,80,86,82,81,76,72,74,69,64,86,55,78,83,80,79,84
[ 4859.310344] [AOA] Measurement: 0,1627147319.620126,08:55:31:9b:09:f4,2,1,2,0,128,120,552,499,472,815,5,554,116,305,719,890,505,854,362,880,816,455,905,354,106,251,631,532,108,711,920,475,541,604,830,322,415,79,76,74,68,83,82,73,73,76,83,74,86,73,82,74,81,75,80,77,74,70,69,70,65,60,80,50,73,75,73,74,76
[ 4859.351564] [AOA] Measurement: 0,1627147319.661346,08:55:31:9b:09:f4,2,1,2,0,128,191,607,598,534,772,989,537,100,777,895,910,504,887,373,405,999,443,902,778,917,699,410,509,80,738,904,1019,685,77,1001,745,814,85,84,79,73,91,90,78,75,83,90,80,92,78,86,77,86,79,85,84,81,78,73,76,68,64,85,53,78,80,76,79,80
[ 4859.402019] [AOA] Measurement: 0,1627147319.711795,08:55:31:9b:09:f4,2,1,2,0,128,156,592,499,475,801,12,972,921,279,701,345,315,337,162,404,991,424,906,296,88,201,590,1016,292,711,910,429,467,596,813,519,636,79,73,73,70,82,84,72,72,77,84,74,87,73,81,73,81,72,79,76,76,68,68,68,63,59,78,50,74,77,75,75,77
[ 4859.454000] [AOA] Measurement: 0,1627147319.763777,08:55:31:9b:09:f4,2,1,2,0,128,95,549,548,529,814,1016,548,117,811,869,885,462,931,365,384,973,1007,69,320,116,226,607,462,43,670,867,536,556,89,993,1021,153,86,83,78,72,88,88,78,75,82,89,79,92,80,88,77,87,77,85,84,79,74,73,76,68,62,86,52,73,79,76,78,78
[ 4859.492584] [AOA] Measurement: 0,1627147319.802366,08:55:31:9b:09:f4,2,1,2,0,128,182,577,534,508,785,991,577,125,912,951,886,507,874,392,359,972,29,72,746,880,723,409,515,97,243,97,1018,736,140,1019,348,499,84,83,79,70,89,89,76,73,82,89,78,90,77,85,77,86,75,86,84,81,73,70,73,67,62,84,53,76,80,78,76,79
[ 4859.531736] [AOA] Measurement: 0,1627147319.841518,08:55:31:9b:09:f4,2,1,2,0,128,139,577,477,463,767,1011,1006,944,259,714,876,512,317,175,877,798,9,71,308,108,699,417,519,88,235,72,21,708,100,988,13,113,74,65,67,65,73,77,68,70,72,80,70,83,69,77,76,78,77,77,72,76,71,70,76,67,64,82,56,80,83,78,81,83
[ 4859.572369] [AOA] Measurement: 0,1627147319.882145,08:55:31:9b:09:f4,2,1,2,0,128,192,646,533,501,783,981,588,145,799,869,966,563,863,347,907,819,447,906,792,935,184,556,540,85,232,58,473,527,589,835,338,478,85,81,81,73,91,89,78,78,83,90,78,92,79,87,78,87,78,83,81,79,75,73,71,67,59,83,51,73,76,74,74,79
[ 4859.618213] [AOA] Measurement: 0,1627147319.927994,08:55:31:9b:09:f4,2,1,2,0,128,621,360,980,267,802,989,1019,920,339,742,852,505,340,158,858,795,426,885,723,896,719,434,526,65,280,91,30,736,78,1021,593,735,76,71,72,67,79,81,72,71,77,84,74,86,73,83,74,81,74,79,77,76,73,70,72,66,61,82,53,77,79,77,79,79
[ 4859.663440] [AOA] Measurement: 0,1627147319.973220,08:55:31:9b:09:f4,2,1,2,0,128,154,590,520,478,755,980,524,81,256,691,383,317,323,182,416,21,1012,64,329,87,660,369,499,68,676,853,12,700,142,34,796,900,79,72,74,67,80,82,69,73,75,83,75,85,74,84,77,79,78,81,78,77,74,68,73,65,63,84,53,79,81,78,80,81
[ 4859.706662] [AOA] Measurement: 0,1627147320.016445,08:55:31:9b:09:f4,2,1,2,0,128,197,601,13,258,229,815,64,966,791,890,343,290,333,181,845,793,20,71,258,63,727,418,502,104,713,915,56,733,553,794,322,496,79,78,73,67,84,84,71,69,77,81,71,83,70,79,68,79,69,78,76,72,67,66,67,61,55,76,45,65,70,66,66,69
[ 4859.749851] [AOA] Measurement: 0,1627147320.059627,08:55:31:9b:09:f4,2,1,2,0,128,156,596,466,468,790,9,534,112,840,874,908,491,943,371,398,994,13,111,299,68,726,438,51,287,255,118,983,689,599,858,775,939,78,76,73,68,81,83,72,71,76,83,74,86,75,80,74,81,74,82,78,77,71,70,71,65,61,81,51,75,78,76,77,78
[ 4859.792763] [AOA] Measurement: 0,1627147320.102540,08:55:31:9b:09:f4,2,1,2,0,128,144,544,531,522,783,976,597,160,868,920,888,489,382,204,414,991,490,929,801,948,246,623,506,69,165,25,474,530,138,14,735,912,80,77,73,68,83,82,73,72,76,83,74,85,74,80,72,80,73,78,78,76,72,66,69,65,59,80,50,71,76,73,73,75
[ 4859.842739] [AOA] Measurement: 0,1627147320.152516,08:55:31:9b:09:f4,2,1,2,0,128,195,614,559,516,753,1000,535,102,858,934,902,527,910,421,411,1005,1008,74,261,121,274,649,18,244,243,60,29,729,106,1018,74,160,79,76,73,68,82,83,72,73,78,83,74,86,73,82,75,81,75,80,78,77,72,72,72,66,63,83,53,77,79,77,78,78
[ 4859.887612] [AOA] Measurement: 0,1627147320.197394,08:55:31:9b:09:f4,2,1,2,0,128,608,367,975,283,248,808,1000,920,313,734,871,471,348,171,848,765,439,904,783,911,693,382,504,63,238,45,458,484,543,850,186,418,77,72,71,68,82,82,71,72,77,84,74,86,75,80,74,80,76,78,77,76,71,70,73,67,62,82,52,78,81,78,79,80
[ 4859.934513] [AOA] Measurement: 0,1627147320.244290,08:55:31:9b:09:f4,2,1,2,0,128,226,644,586,529,789,1004,574,138,830,898,890,534,911,385,334,973,449,923,789,932,218,583,104,321,166,20,25,742,588,842,187,246,79,73,72,69,81,83,71,73,75,82,72,87,74,82,77,82,75,80,78,77,73,71,73,67,63,84,54,79,80,81,81,82
[ 4859.984647] [AOA] Measurement: 0,1627147320.294426,08:55:31:9b:09:f4,2,1,2,0,128,623,382,4,321,803,10,533,104,845,887,823,412,390,173,874,784,488,947,752,888,766,475,500,73,249,25,1013,713,143,24,379,478,72,67,67,63,76,78,65,69,70,77,69,81,69,74,72,77,71,75,73,73,68,66,68,60,59,76,49,75,76,73,75,75
[ 4860.036891] [AOA] Measurement: 0,1627147320.346668,08:55:31:9b:09:f4,2,1,2,0,128,161,546,488,488,776,973,571,110,833,926,908,512,929,414,399,985,1,95,766,928,677,428,544,129,746,934,466,510,616,871,904,92,79,77,74,69,81,82,73,71,77,84,75,88,73,82,74,82,74,80,78,77,72,68,69,64,60,80,50,71,76,74,73,76
[ 4860.083003] [AOA] Measurement: 0,1627147320.392778,08:55:31:9b:09:f4,2,1,2,0,128,185,584,457,468,779,966,986,903,291,747,410,366,354,200,871,797,498,914,786,923,185,559,73,285,211,45,491,519,579,819,690,787,78,78,75,67,85,83,71,69,78,82,72,86,71,80,70,81,70,78,77,74,66,66,67,61,58,77,47,69,70,68,68,70
[ 4860.133372] [AOA] Measurement: 0,1627147320.443148,08:55:31:9b:09:f4,2,1,2,0,128,137,569,497,497,763,993,550,109,807,908,921,532,879,363,359,989,437,888,337,99,223,606,1022,240,228,65,1014,721,77,973,319,400,79,74,74,68,83,84,73,73,77,84,76,88,74,81,74,80,74,78,75,76,71,68,68,64,61,79,52,75,76,76,76,76
[ 4860.187747] [AOA] Measurement: 0,1627147320.497529,08:55:31:9b:09:f4,2,1,2,0,128,91,545,575,544,807,1007,574,129,824,905,875,481,895,403,396,971,23,89,312,67,271,657,1006,246,235,105,5,719,125,1,330,454,77,70,71,69,79,81,72,73,76,82,73,86,73,80,76,80,74,79,75,77,73,71,75,67,63,83,54,79,81,77,79,83
[ 4860.231620] [AOA] Measurement: 0,1627147320.541403,08:55:31:9b:09:f4,2,1,2,0,128,226,643,520,529,748,1007,564,114,868,902,890,557,875,365,866,810,35,61,761,915,766,428,86,342,222,48,22,750,146,20,36,68,69,63,65,64,70,74,66,70,69,75,67,80,67,74,75,76,75,76,69,74,69,69,73,66,63,79,54,79,81,80,82,83
[ 4860.275881] [AOA] Measurement: 0,1627147320.585661,08:55:31:9b:09:f4,2,1,2,0,128,188,614,472,503,227,755,41,950,346,737,865,464,888,389,427,1004,21,133,314,65,264,618,3,258,230,51,31,728,586,849,222,380,78,74,74,69,80,83,71,72,76,83,74,87,74,82,77,81,77,81,76,76,72,71,73,67,64,83,55,80,82,80,81,83
[ 4860.318591] [AOA] Measurement: 0,1627147320.628375,08:55:31:9b:09:f4,2,1,2,0,128,222,628,483,470,773,998,1002,960,250,692,302,303,368,204,875,799,416,895,771,905,774,423,501,78,700,876,494,526,54,989,420,538,80,77,74,68,83,82,70,70,76,81,73,83,72,80,71,79,73,79,78,74,72,66,68,64,58,80,51,72,73,72,72,75
[ 4860.362813] [AOA] Measurement: 0,1627147320.672596,08:55:31:9b:09:f4,2,1,2,0,128,165,605,477,485,754,986,610,131,825,902,889,507,881,385,397,1023,9,96,295,78,645,350,546,127,702,924,33,756,88,1020,104,204,76,70,70,68,80,80,70,72,77,82,72,86,71,81,75,80,75,79,75,76,72,69,72,65,62,83,53,78,81,78,79,81
[ 4860.406752] [AOA] Measurement: 0,1627147320.716532,08:55:31:9b:09:f4,2,1,2,0,128,190,607,981,300,205,797,986,927,832,883,309,287,924,407,406,967,983,50,291,91,239,587,10,230,193,56,496,525,637,870,306,569,83,84,77,72,88,89,78,73,80,86,77,89,74,85,74,84,73,83,82,77,72,70,68,64,60,79,50,72,76,72,70,74
[ 4860.450286] [AOA] Measurement: 0,1627147320.760069,08:55:31:9b:09:f4,2,1,2,0,128,196,610,523,506,777,998,587,141,810,904,339,279,325,151,387,1011,987,38,231,55,697,385,525,54,676,883,560,543,590,815,168,321,75,70,70,65,78,79,67,68,74,79,69,80,70,77,71,78,70,77,74,72,68,64,66,60,56,77,48,70,73,70,72,77
[ 4860.488847] [AOA] Measurement: 0,1627147320.798630,08:55:31:9b:09:f4,2,1,2,0,128,143,561,993,295,729,937,94,983,821,901,859,505,841,340,842,780,495,934,315,90,662,377,510,65,719,934,25,735,562,814,142,300,85,81,80,75,88,89,78,77,83,90,79,92,78,87,77,86,77,84,82,81,75,72,73,67,64,86,53,79,83,78,79,81
[ 4860.533887] [AOA] Measurement: 0,1627147320.843663,08:55:31:9b:09:f4,2,1,2,0,128,157,600,516,502,794,993,518,94,837,917,929,532,903,409,383,987,1003,50,786,937,226,596,523,102,205,64,1017,731,59,1004,620,747,75,69,71,68,80,80,69,72,74,82,71,84,74,82,77,81,77,80,75,76,72,69,74,68,62,83,55,78,82,80,82,83
[ 4860.587787] [AOA] Measurement: 0,1627147320.897569,08:55:31:9b:09:f4,2,1,2,0,128,177,572,524,541,796,992,523,71,839,955,903,537,963,423,471,24,5,102,301,67,698,440,29,265,253,55,1015,676,131,7,992,65,85,81,79,72,89,89,78,73,83,89,79,90,79,85,78,88,77,86,85,80,76,72,72,67,64,82,53,76,79,75,76,80
[ 4860.630703] [AOA] Measurement: 0,1627147320.940479,08:55:31:9b:09:f4,2,1,2,0,128,186,588,511,508,743,957,547,113,881,909,900,531,885,367,364,968,56,109,788,927,747,423,23,297,710,918,419,479,606,837,54,204,79,74,72,67,82,83,72,69,78,82,72,84,72,80,73,80,71,79,78,74,70,67,70,63,59,78,49,71,75,71,72,76
[ 4860.673016] [AOA] Measurement: 0,1627147320.982796,08:55:31:9b:09:f4,2,1,2,0,128,200,626,516,484,835,1022,528,127,861,907,909,491,871,355,440,1015,401,904,763,922,664,362,540,111,244,93,36,737,129,24,181,204,81,76,73,67,82,82,73,71,76,83,74,86,74,82,76,81,75,79,78,77,73,70,71,65,62,81,53,76,79,77,76,78
[ 4860.716648] [AOA] Measurement: 0,1627147321.026431,08:55:31:9b:09:f4,2,1,2,0,128,119,587,644,545,763,967,553,130,861,918,312,297,940,413,388,975,477,923,283,65,216,592,1022,245,769,935,1000,696,78,965,273,415,84,81,79,71,86,90,77,77,82,88,79,91,78,88,79,86,81,84,82,82,77,73,76,69,64,87,55,79,82,77,79,82
[ 4860.763415] [AOA] Measurement: 0,1627147321.073191,08:55:31:9b:09:f4,2,1,2,0,128,152,553,542,497,827,9,562,132,843,946,842,443,408,257,388,965,1008,72,314,117,266,660,37,290,248,94,1016,710,139,51,320,373,85,83,78,73,89,89,79,76,83,88,80,92,77,86,79,87,81,86,86,84,79,74,79,71,66,87,57,82,84,82,83,85
[ 4860.809306] [AOA] Measurement: 0,1627147321.119089,08:55:31:9b:09:f4,2,1,2,0,128,157,586,537,504,801,979,514,73,819,904,892,496,865,351,853,776,512,897,319,133,193,594,40,281,202,45,13,708,100,1013,208,265,85,84,79,72,91,89,78,73,82,90,79,91,78,86,76,85,77,83,84,80,75,70,72,67,61,85,52,75,79,75,77,79
[ 4860.856094] [AOA] Measurement: 0,1627147321.165874,08:55:31:9b:09:f4,2,1,2,0,128,188,613,561,503,792,980,505,90,851,904,901,503,906,396,863,799,990,84,299,111,257,629,50,268,680,871,470,513,585,827,43,139,79,75,75,69,82,82,73,72,75,83,73,86,74,83,76,82,75,80,77,77,74,70,72,66,61,81,54,77,79,77,78,79
[ 4860.902170] [AOA] Measurement: 0,1627147321.211947,08:55:31:9b:09:f4,2,1,2,0,128,158,568,516,494,769,969,541,90,900,912,877,504,408,239,374,962,10,96,311,107,264,624,32,281,710,922,24,729,598,884,841,981,86,82,80,74,90,89,79,76,83,90,79,91,78,88,78,88,76,85,85,80,76,72,73,66,64,82,55,76,81,79,79,81
[ 4860.952469] [AOA] Measurement: 0,1627147321.262245,08:55:31:9b:09:f4,2,1,2,0,128,182,593,504,469,279,876,966,945,250,693,359,287,376,206,858,808,480,895,773,892,725,438,484,89,723,899,520,544,529,793,749,914,78,73,73,69,81,83,72,72,77,83,74,88,75,80,75,83,77,81,78,76,73,69,71,66,62,83,52,77,79,76,77,80
[ 4860.997345] [AOA] Measurement: 0,1627147321.307128,08:55:31:9b:09:f4,2,1,2,0,128,167,593,514,512,789,993,516,91,286,736,302,265,362,209,837,781,455,890,780,908,675,369,528,112,687,869,505,501,543,799,398,495,85,84,80,75,89,90,79,76,83,89,78,90,78,87,78,89,77,84,82,77,73,72,72,66,63,84,52,76,79,76,77,79
[ 4861.041482] [AOA] Measurement: 0,1627147321.351264,08:55:31:9b:09:f4,2,1,2,0,128,180,609,557,477,772,1005,1012,945,796,870,350,302,336,190,386,970,500,889,794,934,721,441,78,317,229,90,9,727,107,1015,583,630,80,78,75,66,82,82,72,68,76,82,72,85,71,79,70,79,69,79,76,73,68,65,64,60,56,75,47,68,70,68,70,73
[ 4861.080101] [AOA] Measurement: 0,1627147321.389884,08:55:31:9b:09:f4,2,1,2,0,128,132,530,577,536,802,996,567,145,788,880,871,471,974,450,355,968,458,911,750,913,707,438,81,279,260,86,5,710,101,1023,160,262,78,74,74,68,83,83,71,69,77,83,74,87,74,81,74,81,73,79,76,75,71,67,71,65,60,81,51,73,78,73,76,78
[ 4861.118559] [AOA] Measurement: 0,1627147321.428342,08:55:31:9b:09:f4,2,1,2,0,128,617,341,988,301,249,806,529,76,284,742,340,290,326,203,839,792,21,74,774,942,190,582,99,287,241,67,464,530,603,834,69,235,84,84,80,72,90,90,78,74,83,90,78,90,78,84,75,85,75,83,82,78,74,70,72,66,61,82,51,74,75,74,75,77
[ 4861.163309] [AOA] Measurement: 0,1627147321.473091,08:55:31:9b:09:f4,2,1,2,0,128,134,525,496,426,851,22,601,131,893,942,863,482,882,339,883,798,473,906,771,901,714,401,557,99,670,924,471,517,587,827,352,438,79,73,71,68,83,82,70,70,77,84,74,85,73,81,74,82,75,79,77,76,73,69,71,64,60,80,52,74,78,74,74,78
[ 4861.213402] [AOA] Measurement: 0,1627147321.523179,08:55:31:9b:09:f4,2,1,2,0,128,202,595,999,303,751,969,558,101,805,865,386,355,900,360,343,947,448,882,773,909,259,618,1013,248,684,919,475,526,603,835,218,269,78,72,71,69,80,81,73,72,76,83,74,86,74,82,76,81,76,82,78,77,73,69,73,66,62,82,54,76,80,78,79,80
[ 4861.265705] [AOA] Measurement: 0,1627147321.575481,08:55:31:9b:09:f4,2,1,2,0,128,153,572,529,527,787,970,1007,907,325,734,399,356,929,393,857,822,420,871,772,910,758,445,72,312,217,71,13,709,106,1008,249,425,79,71,73,66,81,83,72,71,74,82,73,87,75,82,74,83,72,79,76,75,72,68,69,64,59,81,50,74,75,74,76,78
[ 4861.311818] [AOA] Measurement: 0,1627147321.621594,08:55:31:9b:09:f4,2,1,2,0,128,183,595,543,471,820,1007,545,110,303,722,304,278,359,209,812,743,507,918,782,923,646,371,524,87,180,24,421,484,602,856,752,874,79,74,74,69,81,84,71,71,75,83,74,84,72,81,74,81,74,79,76,75,72,69,68,64,59,77,50,70,74,72,73,75
[ 4861.362049] [AOA] Measurement: 0,1627147321.671826,08:55:31:9b:09:f4,2,1,2,0,128,203,644,547,499,760,993,1011,923,900,971,866,510,897,432,383,991,0,90,340,131,189,586,1018,196,728,905,104,756,143,2,826,907,77,72,71,67,80,81,70,73,75,82,74,86,74,83,78,80,75,80,75,76,75,72,74,67,64,82,54,80,82,79,81,83
[ 4861.409345] [AOA] Measurement: 0,1627147321.719127,08:55:31:9b:09:f4,2,1,2,0,128,194,560,530,463,197,792,1023,944,314,724,257,279,390,216,376,941,442,858,804,934,744,421,507,76,267,74,479,523,557,804,628,818,80,75,74,68,83,82,73,71,75,83,75,86,73,81,76,81,73,79,78,76,71,67,71,62,60,79,50,73,74,71,72,76
[ 4861.450385] [AOA] Measurement: 0,1627147321.760160,08:55:31:9b:09:f4,2,1,2,0,128,133,568,506,487,780,980,507,61,289,721,283,295,350,182,885,797,479,917,769,912,725,418,541,91,226,62,1004,711,573,859,97,267,77,72,73,68,83,83,72,73,75,83,74,86,74,80,76,82,76,79,77,76,73,69,72,66,61,82,53,77,78,76,78,79
[ 4861.502023] [AOA] Measurement: 0,1627147321.811799,08:55:31:9b:09:f4,2,1,2,0,128,629,429,1014,303,807,1019,994,931,276,731,334,293,904,393,830,784,498,947,756,949,699,420,503,95,717,872,540,569,605,819,205,366,79,75,73,69,82,83,72,73,76,84,74,85,74,82,77,83,76,81,77,75,73,69,73,66,63,83,53,77,79,76,77,81
[ 4861.552702] [AOA] Measurement: 0,1627147321.862478,08:55:31:9b:09:f4,2,1,2,0,128,210,594,558,509,800,15,553,103,830,905,887,522,353,184,351,960,10,95,313,83,262,616,44,248,275,95,8,673,591,845,966,43,77,78,73,66,81,80,69,66,75,82,73,84,72,79,69,79,69,78,78,72,68,62,66,61,55,74,47,65,69,67,67,68
[ 4861.598132] [AOA] Measurement: 0,1627147321.907915,08:55:31:9b:09:f4,2,1,2,0,128,170,577,540,493,748,985,561,95,834,918,934,512,902,392,375,1003,41,105,340,134,243,602,54,269,696,879,517,530,169,9,962,26,76,68,71,68,77,79,69,73,75,82,71,83,73,81,78,80,77,78,75,76,72,69,73,66,63,83,54,78,82,78,80,83
[ 4861.641980] [AOA] Measurement: 0,1627147321.951763,08:55:31:9b:09:f4,2,1,2,0,128,165,586,484,494,773,1010,563,89,848,916,926,547,874,352,398,985,494,912,345,105,297,635,63,288,218,68,59,729,553,814,478,625,85,83,80,71,88,89,75,73,81,87,80,91,79,86,76,87,76,85,83,79,75,72,73,67,63,84,53,74,79,79,76,79
[ 4861.681287] [AOA] Measurement: 0,1627147321.991070,08:55:31:9b:09:f4,2,1,2,0,128,211,627,525,497,786,978,14,972,826,858,273,250,366,243,861,778,500,915,768,903,744,437,33,274,216,65,35,741,132,1016,360,453,77,71,72,69,80,81,71,73,75,82,72,86,72,81,78,80,77,79,75,78,74,70,73,65,63,83,54,79,81,80,80,82
[ 4861.724906] [AOA] Measurement: 0,1627147322.034688,08:55:31:9b:09:f4,2,1,2,0,128,117,562,960,264,245,844,596,132,223,664,364,320,435,243,858,771,473,903,760,902,680,403,526,95,714,896,545,553,142,50,706,822,75,71,71,68,78,80,73,73,75,82,74,85,72,81,78,81,75,81,77,75,73,72,73,66,62,81,53,76,79,77,79,81
[ 4861.768796] [AOA] Measurement: 0,1627147322.078572,08:55:31:9b:09:f4,2,1,2,0,128,148,581,501,507,762,979,507,80,798,895,908,527,826,354,342,959,473,899,816,942,220,584,996,210,662,862,87,767,88,989,626,744,85,83,80,72,89,88,76,75,84,89,80,93,79,88,79,87,80,87,85,82,76,75,76,71,66,88,55,79,83,78,83,85
[ 4861.813856] [AOA] Measurement: 0,1627147322.123632,08:55:31:9b:09:f4,2,1,2,0,128,160,599,980,301,239,797,1023,956,280,730,332,335,325,172,854,775,461,876,719,886,698,371,521,68,688,921,477,513,628,857,19,174,77,73,72,68,81,83,71,72,76,84,75,87,74,82,75,84,77,80,76,78,74,69,72,66,62,81,53,77,82,79,80,82
[ 4861.864239] [AOA] Measurement: 0,1627147322.174014,08:55:31:9b:09:f4,2,1,2,0,128,80,561,557,500,828,994,562,137,822,884,936,514,944,422,409,985,1021,93,307,88,185,592,544,106,269,131,1010,703,72,992,622,737,79,75,73,66,82,82,73,72,76,83,73,86,73,80,74,81,73,80,77,74,71,69,71,64,61,82,49,74,76,72,74,76
[ 4861.911586] [AOA] Measurement: 0,1627147322.221368,08:55:31:9b:09:f4,2,1,2,0,128,67,527,541,534,742,995,545,93,868,923,853,474,356,175,857,794,471,894,768,934,696,394,82,338,234,85,1023,706,153,23,404,505,78,73,72,68,81,82,72,73,76,83,73,87,72,81,77,82,77,81,77,75,74,71,73,66,63,81,53,78,82,79,79,81
[ 4861.955114] [AOA] Measurement: 0,1627147322.264897,08:55:31:9b:09:f4,2,1,2,0,128,623,390,996,326,235,797,600,148,781,870,939,541,906,417,377,978,5,63,740,912,647,327,590,122,715,904,459,541,584,858,820,914,84,83,78,72,89,88,76,71,81,85,78,89,76,85,72,85,72,81,80,76,70,69,68,60,57,77,48,69,72,68,71,70
[ 4862.001260] [AOA] Measurement: 0,1627147322.311036,08:55:31:9b:09:f4,2,1,2,0,128,147,582,511,517,793,989,26,924,840,933,316,287,869,363,864,818,1021,87,731,900,264,638,45,308,243,65,22,721,116,995,287,331,84,77,77,72,82,87,76,78,81,88,78,92,80,87,84,87,83,84,83,82,78,76,79,72,67,89,56,83,86,85,87,88
[ 4862.043060] [AOA] Measurement: 0,1627147322.352843,08:55:31:9b:09:f4,2,1,2,0,128,191,581,994,309,807,990,997,916,336,712,338,325,317,157,841,783,483,907,777,913,715,412,543,113,704,920,528,540,149,0,1016,167,77,76,74,70,82,85,71,72,77,85,75,87,75,82,75,82,75,80,78,75,72,69,72,66,61,81,53,75,77,73,78,80
[ 4862.086753] [AOA] Measurement: 0,1627147322.396536,08:55:31:9b:09:f4,2,1,2,0,128,152,583,559,481,812,1002,530,97,840,898,865,499,899,373,417,977,0,79,308,113,226,594,50,249,692,896,1020,712,606,877,810,880,79,74,72,68,83,84,71,69,76,81,73,86,74,82,74,81,73,80,78,75,71,69,68,63,58,78,49,68,72,70,71,73
[ 4862.132941] [AOA] Measurement: 0,1627147322.442717,08:55:31:9b:09:f4,2,1,2,0,128,199,614,511,470,786,993,568,148,822,895,859,451,365,217,839,786,456,882,818,985,154,578,65,259,170,39,36,733,87,1006,972,65,86,82,80,74,90,91,80,77,81,91,80,94,79,87,83,90,80,87,83,80,78,75,77,70,66,87,56,82,84,79,82,84
[ 4862.178826] [AOA] Measurement: 0,1627147322.488609,08:55:31:9b:09:f4,2,1,2,0,128,156,565,464,444,825,1000,534,97,871,905,935,564,903,417,378,967,1009,108,331,132,243,612,18,259,226,85,10,759,114,0,154,176,78,75,75,69,84,81,72,74,77,84,74,85,73,83,75,81,75,82,78,76,72,69,73,66,62,81,52,76,79,76,79,80
[ 4862.223469] [AOA] Measurement: 0,1627147322.533249,08:55:31:9b:09:f4,2,1,2,0,128,587,345,1015,289,810,991,543,96,853,902,870,487,905,386,872,796,442,875,759,902,726,431,507,56,749,907,455,489,577,831,802,928,78,72,72,69,81,83,71,74,76,83,73,86,73,79,76,79,76,79,76,76,73,69,71,66,61,82,52,76,78,77,78,80
[ 4862.265962] [AOA] Measurement: 0,1627147322.575738,08:55:31:9b:09:f4,2,1,2,0,128,126,569,461,472,253,800,988,933,316,748,322,277,894,375,375,960,3,80,776,944,674,385,538,96,729,944,1004,698,104,14,871,986,84,84,80,74,88,91,78,76,83,91,81,91,79,86,78,86,78,86,83,82,76,74,75,67,65,86,55,77,82,79,81,82
[ 4862.309638] [AOA] Measurement: 0,1627147322.619414,08:55:31:9b:09:f4,2,1,2,0,128,117,584,573,511,750,984,2,916,268,677,297,272,370,218,818,734,473,891,795,936,685,396,500,96,218,55,1,742,78,996,480,617,86,82,79,72,90,90,79,77,82,92,80,90,78,87,79,88,79,85,82,81,74,73,75,67,61,82,52,78,80,76,77,80
[ 4862.352253] [AOA] Measurement: 0,1627147322.662036,08:55:31:9b:09:f4,2,1,2,0,128,167,588,544,535,770,975,589,155,823,913,876,483,880,360,849,796,497,912,787,916,262,595,28,302,220,63,6,740,130,30,70,134,77,74,73,68,82,83,69,70,77,82,73,85,74,80,73,81,72,80,76,75,68,67,67,63,60,79,51,71,73,72,74,76
[ 4862.392116] [AOA] Measurement: 0,1627147322.701896,08:55:31:9b:09:f4,2,1,2,0,128,140,555,540,492,801,1011,526,96,837,930,330,315,898,398,366,988,494,926,321,122,226,622,27,282,245,41,42,718,89,999,786,6,86,80,80,73,87,90,78,78,83,90,80,93,82,88,82,88,81,87,84,82,78,75,76,71,65,87,55,81,86,82,84,85
[ 4862.430371] [AOA] Measurement: 0,1627147322.740155,08:55:31:9b:09:f4,2,1,2,0,128,150,577,531,521,718,967,980,929,828,908,313,293,890,352,887,817,462,904,264,79,711,413,500,111,251,63,54,733,138,19,496,610,74,69,68,64,76,79,66,68,72,78,69,81,68,74,72,77,72,75,74,72,68,65,66,59,57,75,47,69,74,70,71,73
[ 4862.468848] [AOA] Measurement: 0,1627147322.778630,08:55:31:9b:09:f4,2,1,2,0,128,169,575,518,479,772,984,2,930,263,700,341,307,409,236,838,786,520,945,832,982,180,567,514,94,248,61,477,555,562,835,392,595,80,74,75,69,81,84,72,73,77,83,73,87,74,82,76,82,77,82,76,77,74,71,74,66,63,83,54,77,80,76,78,79
[ 4862.513246] [AOA] Measurement: 0,1627147322.823027,08:55:31:9b:09:f4,2,1,2,0,128,157,599,543,492,785,1009,530,82,841,879,924,533,870,355,368,970,490,930,292,81,754,455,500,92,731,895,477,501,608,843,814,966,79,76,74,66,82,83,73,69,77,83,75,85,73,81,71,81,70,78,77,72,69,66,67,61,55,77,49,70,71,69,71,74
[ 4862.562694] [AOA] Measurement: 0,1627147322.872471,08:55:31:9b:09:f4,2,1,2,0,128,219,648,501,458,828,1008,580,104,811,898,892,540,379,179,849,772,10,85,317,105,235,608,488,70,714,908,31,716,129,15,933,959,77,71,72,67,79,82,73,73,74,82,74,87,73,81,77,81,76,81,77,77,73,70,73,68,62,83,52,77,81,79,79,82
[ 4862.617579] [AOA] Measurement: 0,1627147322.927359,08:55:31:9b:09:f4,2,1,2,0,128,187,646,516,499,775,1010,555,117,867,930,925,519,927,393,384,974,14,102,316,143,225,607,44,283,234,67,468,500,147,0,820,976,83,80,80,72,90,89,77,76,84,90,78,92,79,87,79,88,79,88,82,78,77,73,74,66,63,87,54,78,82,78,80,83
[ 4862.655616] [AOA] Measurement: 0,1627147322.965398,08:55:31:9b:09:f4,2,1,2,0,128,177,582,549,529,821,1007,546,92,834,905,303,291,379,173,851,808,76,112,261,59,732,421,550,97,729,901,495,539,70,996,863,968,75,71,69,65,78,78,67,67,73,80,69,82,70,76,71,77,70,76,72,74,69,65,67,61,57,76,49,73,75,73,75,74
[ 4862.700070] [AOA] Measurement: 0,1627147323.009850,08:55:31:9b:09:f4,2,1,2,0,128,153,584,482,457,241,809,563,101,858,900,845,495,906,359,340,984,475,917,307,87,744,435,510,74,770,920,520,521,118,7,318,464,78,75,72,68,83,82,72,71,77,84,74,86,74,80,75,83,74,79,78,76,70,69,72,65,60,80,51,75,79,76,77,79
[ 4862.745369] [AOA] Measurement: 0,1627147323.055150,08:55:31:9b:09:f4,2,1,2,0,128,183,597,537,544,768,999,997,952,269,716,270,274,317,150,896,787,480,916,835,952,708,412,505,92,240,77,45,718,107,9,220,314,85,82,79,74,89,90,78,76,82,89,81,92,79,87,76,87,77,84,85,80,76,72,73,68,61,84,53,76,79,76,77,79
[ 4862.788194] [AOA] Measurement: 0,1627147323.097974,08:55:31:9b:09:f4,2,1,2,0,128,651,407,6,300,775,977,39,963,262,700,321,306,365,204,857,823,35,96,274,65,228,608,0,237,674,861,496,507,567,817,704,896,78,75,74,68,83,81,72,72,77,84,74,87,73,82,75,83,75,82,78,77,73,70,72,65,61,82,52,74,79,74,78,79
[ 4862.833180] [AOA] Measurement: 0,1627147323.142961,08:55:31:9b:09:f4,2,1,2,0,128,672,429,1023,309,791,960,572,104,873,919,870,490,938,422,356,964,480,903,752,876,737,425,469,46,701,869,7,705,566,823,688,879,74,73,69,65,79,80,69,67,71,79,70,82,69,76,71,77,71,77,73,72,67,65,67,59,55,77,46,69,72,70,70,73
[ 4862.876047] [AOA] Measurement: 0,1627147323.185829,08:55:31:9b:09:f4,2,1,2,0,128,202,602,532,481,811,1006,573,119,232,673,380,354,335,176,874,803,503,914,759,915,666,397,571,126,660,864,499,512,589,843,464,610,85,82,78,72,91,89,76,76,84,90,80,90,78,87,77,86,77,85,84,79,75,73,73,66,62,86,52,75,79,76,80,80
[ 4862.923370] [AOA] Measurement: 0,1627147323.233146,08:55:31:9b:09:f4,2,1,2,0,128,144,597,476,439,804,7,542,105,849,880,341,304,365,160,925,791,496,918,777,918,697,423,460,43,706,868,43,739,89,1016,1016,43,86,83,79,73,89,90,77,76,84,91,80,92,79,88,80,89,79,87,84,79,77,72,76,68,64,85,54,78,82,78,79,81
[ 4862.967843] [AOA] Measurement: 0,1627147323.277624,08:55:31:9b:09:f4,2,1,2,0,128,584,332,980,243,221,791,16,933,280,685,329,312,381,191,838,790,480,897,823,925,230,589,505,64,690,919,999,685,568,815,855,38,77,74,73,70,80,82,71,70,76,83,74,87,73,82,75,82,76,79,78,78,71,70,72,66,60,80,52,74,76,75,75,76
[ 4863.006515] [AOA] Measurement: 0,1627147323.316296,08:55:31:9b:09:f4,2,1,2,0,128,162,532,981,309,814,1020,497,104,273,700,398,339,904,397,394,998,5,58,743,906,261,627,84,290,172,50,34,743,89,9,708,789,80,74,74,67,82,83,71,70,77,85,73,87,73,79,73,81,72,80,76,73,70,66,68,63,57,77,48,71,71,68,71,73
[ 4863.052557] [AOA] Measurement: 0,1627147323.362336,08:55:31:9b:09:f4,2,1,2,0,128,184,590,508,484,749,949,525,90,828,886,896,508,842,330,844,801,455,926,333,121,234,628,21,255,206,52,5,740,83,999,567,651,78,77,72,67,82,84,71,69,76,80,73,84,71,80,70,79,70,76,75,70,68,65,65,60,56,75,47,68,69,67,67,72
[ 4863.100175] [AOA] Measurement: 0,1627147323.409957,08:55:31:9b:09:f4,2,1,2,0,128,181,564,572,535,731,927,557,101,847,911,338,324,415,232,424,972,492,940,305,101,176,584,73,283,248,97,56,746,74,1016,744,832,80,74,73,69,82,83,70,74,76,84,73,86,74,81,77,83,77,80,76,76,71,70,73,66,61,80,52,76,78,76,79,79
[ 4863.140369] [AOA] Measurement: 0,1627147323.450151,08:55:31:9b:09:f4,2,1,2,0,128,593,340,1005,299,204,770,5,908,320,723,288,277,364,199,350,984,49,88,324,85,706,418,27,281,669,880,455,508,542,801,450,636,73,72,68,64,78,79,67,65,70,78,70,80,69,77,70,76,69,75,73,70,67,63,66,59,54,73,43,66,69,66,67,71
[ 4863.177923] [AOA] Measurement: 0,1627147323.487699,08:55:31:9b:09:f4,2,1,2,0,128,164,545,994,274,252,788,37,948,289,689,942,520,347,180,355,933,489,895,753,876,736,445,482,100,246,46,443,498,111,987,578,681,74,71,68,64,79,78,67,65,72,77,67,80,69,74,65,74,66,73,71,68,65,62,63,57,52,73,43,64,68,64,65,69
[ 4863.225570] [AOA] Measurement: 0,1627147323.535351,08:55:31:9b:09:f4,2,1,2,0,128,145,567,1011,290,242,795,1010,928,296,722,413,339,339,153,890,779,472,886,763,930,259,621,549,73,299,99,1019,717,509,783,117,228,86,84,80,75,90,89,78,77,83,91,80,91,77,88,77,87,77,83,81,79,75,71,72,66,63,83,51,76,78,74,77,79
[ 4863.269878] [AOA] Measurement: 0,1627147323.579659,08:55:31:9b:09:f4,2,1,2,0,128,156,606,519,502,768,976,617,137,874,892,923,532,895,399,875,771,60,125,284,100,202,590,15,269,740,928,57,736,111,28,946,966,77,74,73,69,82,84,69,71,75,82,74,85,72,79,72,80,73,78,79,73,70,67,69,62,60,77,49,71,72,70,70,73
[ 4863.307940] [AOA] Measurement: 0,1627147323.617722,08:55:31:9b:09:f4,2,1,2,0,128,155,595,555,516,779,1014,540,83,854,921,921,545,922,433,334,960,1016,82,311,90,242,661,12,270,297,87,1003,699,103,1019,197,309,79,76,74,66,83,84,71,70,75,83,74,84,71,80,69,79,70,77,74,71,67,66,65,61,56,76,48,68,71,66,68,70
[ 4863.352610] [AOA] Measurement: 0,1627147323.662386,08:55:31:9b:09:f4,2,1,2,0,128,146,576,509,465,786,988,1014,932,835,911,876,507,344,191,817,769,529,926,769,942,689,414,534,144,190,31,993,709,592,875,668,800,79,75,74,70,82,82,72,72,77,84,74,85,73,82,76,82,74,80,77,77,73,70,73,65,62,81,52,76,80,77,79,80
[ 4863.407892] [AOA] Measurement: 0,1627147323.717673,08:55:31:9b:09:f4,2,1,2,0,128,185,587,464,455,777,989,541,98,266,655,311,305,341,191,883,792,49,86,770,917,235,551,503,60,728,936,469,511,575,831,656,760,78,76,73,65,83,82,71,68,75,83,72,84,73,82,71,81,73,79,77,74,70,67,67,62,56,78,47,70,73,70,70,73
[ 4863.447647] [AOA] Measurement: 0,1627147323.757427,08:55:31:9b:09:f4,2,1,2,0,128,180,593,535,527,727,973,547,99,864,926,868,475,912,349,388,961,27,94,241,93,143,540,90,337,294,151,1002,750,81,994,163,322,80,76,74,68,85,84,73,70,76,84,73,87,73,82,73,81,72,79,77,76,70,66,72,65,61,80,51,73,77,75,74,78
[ 4863.492184] [AOA] Measurement: 0,1627147323.801964,08:55:31:9b:09:f4,2,1,2,0,128,103,539,982,266,242,790,996,909,896,958,876,492,936,437,364,966,1001,47,814,969,233,598,469,24,693,862,514,563,590,850,549,726,84,81,78,74,89,91,78,77,84,88,82,92,79,89,81,87,78,86,84,82,78,72,77,70,65,86,55,80,83,82,81,86
[ 4863.541929] [AOA] Measurement: 0,1627147323.851706,08:55:31:9b:09:f4,2,1,2,0,128,146,558,1015,307,227,790,0,954,339,741,354,366,429,246,362,975,2,67,299,81,222,597,499,69,747,915,510,548,126,13,784,892,79,76,73,67,81,83,73,72,76,83,74,86,72,81,76,81,74,80,77,76,73,70,70,64,61,81,52,75,78,74,77,79
[ 4863.588234] [AOA] Measurement: 0,1627147323.898016,08:55:31:9b:09:f4,2,1,2,0,128,196,618,465,468,761,971,563,124,814,890,359,318,336,163,376,979,436,886,324,109,737,463,42,280,269,106,31,750,124,1001,173,301,84,82,77,74,90,89,78,77,82,88,81,92,80,87,81,87,78,87,83,82,76,72,75,67,63,86,53,79,81,82,80,83
[ 4863.683598] [AOA] Measurement: 0,1627147323.993374,08:55:31:9b:09:f4,2,1,2,0,128,150,574,550,514,782,961,516,83,289,696,332,291,412,207,930,804,978,33,831,937,244,657,12,287,256,118,16,741,106,1003,526,707,85,81,80,73,88,89,78,76,82,88,79,94,77,87,80,88,78,85,83,81,76,75,75,68,65,87,54,76,80,78,78,81
[ 4863.733320] [AOA] Measurement: 0,1627147324.043097,08:55:31:9b:09:f4,2,1,2,0,128,109,532,495,461,777,966,562,116,863,902,368,318,306,177,859,810,1015,75,256,84,212,578,48,268,218,51,1003,688,96,11,737,815,79,77,73,68,83,82,72,71,77,84,73,85,72,81,73,82,74,82,78,74,70,66,69,63,59,77,49,70,74,71,72,72
[ 4863.779048] [AOA] Measurement: 0,1627147324.088829,08:55:31:9b:09:f4,2,1,2,0,128,188,616,547,510,841,5,550,149,809,878,849,464,360,206,392,990,1004,37,767,898,698,433,484,63,724,918,997,704,166,4,642,743,85,83,82,74,91,92,78,76,85,92,81,92,79,89,80,89,81,86,84,83,79,75,78,70,66,87,54,79,84,79,84,85
[ 4863.822406] [AOA] Measurement: 0,1627147324.132188,08:55:31:9b:09:f4,2,1,2,0,128,632,372,967,292,236,798,1015,948,829,895,330,304,318,202,365,972,496,913,809,947,219,589,63,307,663,876,467,523,589,818,676,834,78,77,74,69,83,83,73,73,77,84,74,87,74,82,76,82,75,82,77,75,74,71,72,66,61,80,51,74,78,75,76,76
[ 4863.865827] [AOA] Measurement: 0,1627147324.175602,08:55:31:9b:09:f4,2,1,2,0,128,124,543,496,480,237,800,55,975,343,737,897,519,895,398,401,1011,1017,86,339,98,224,597,1,245,216,86,986,701,529,804,791,916,85,81,81,73,90,90,77,78,83,89,81,93,81,90,83,90,83,87,86,83,81,76,79,70,67,89,57,83,86,83,84,85
[ 4863.909274] [AOA] Measurement: 0,1627147324.219053,08:55:31:9b:09:f4,2,1,2,0,128,241,665,536,535,772,1012,546,134,854,907,862,487,924,402,414,0,1009,82,346,111,219,584,42,298,281,118,1019,689,95,2,316,380,78,74,73,69,83,82,73,72,77,84,75,85,71,80,75,82,75,80,77,76,70,66,71,64,61,81,50,73,76,74,75,75
[ 4863.952141] [AOA] Measurement: 0,1627147324.261917,08:55:31:9b:09:f4,2,1,2,0,128,163,585,503,484,194,781,60,956,838,903,353,319,899,370,358,942,477,909,714,901,742,427,433,33,679,894,543,540,631,873,715,855,75,72,69,64,79,78,67,63,71,78,68,80,68,73,64,75,65,73,71,68,62,58,61,54,51,68,42,61,62,62,61,64
[ 4864.002096] [AOA] Measurement: 0,1627147324.311873,08:55:31:9b:09:f4,2,1,2,0,128,184,582,499,493,851,1017,1016,945,837,912,346,302,955,440,428,1004,8,77,313,89,272,619,36,281,198,55,14,729,91,996,675,761,79,74,74,67,82,83,71,73,76,82,74,87,74,81,76,81,76,79,79,77,74,70,74,68,63,82,54,78,82,77,81,81
[ 4864.052164] [AOA] Measurement: 0,1627147324.361939,08:55:31:9b:09:f4,2,1,2,0,128,143,557,555,533,747,996,557,114,795,853,368,337,909,371,843,769,479,880,795,964,192,563,555,109,750,912,456,482,524,798,898,44,80,77,75,68,84,83,73,73,78,84,73,87,73,82,75,83,75,81,79,75,72,71,73,66,63,82,52,74,79,76,79,81
[ 4864.096682] [AOA] Measurement: 0,1627147324.406463,08:55:31:9b:09:f4,2,1,2,0,128,629,384,544,531,800,963,548,97,795,879,879,514,901,370,386,995,490,892,273,59,704,376,540,79,680,891,94,747,95,1016,449,499,86,84,80,74,90,89,78,76,84,90,79,92,79,88,77,85,77,84,84,80,75,72,72,68,63,85,52,75,80,76,76,81
[ 4864.138822] [AOA] Measurement: 0,1627147324.448598,08:55:31:9b:09:f4,2,1,2,0,128,155,584,495,503,808,1011,584,130,859,900,387,320,380,187,352,991,1022,74,277,55,237,573,489,49,735,907,489,510,591,836,402,583,78,74,74,66,84,82,73,73,78,84,74,87,72,82,75,81,77,81,79,77,73,70,73,67,62,84,53,78,81,77,80,81
[ 4864.179001] [AOA] Measurement: 0,1627147324.488782,08:55:31:9b:09:f4,2,1,2,0,128,139,589,536,509,761,981,501,84,876,908,921,540,895,379,427,6,1012,80,342,119,256,637,116,348,202,65,971,676,152,34,216,234,79,74,74,68,83,82,72,73,75,83,73,85,73,82,75,81,75,79,78,77,73,70,71,65,62,83,52,76,78,75,77,78
[ 4864.222334] [AOA] Measurement: 0,1627147324.532117,08:55:31:9b:09:f4,2,1,2,0,128,136,581,973,298,794,987,982,918,331,710,374,321,918,383,821,753,410,862,783,892,703,385,521,110,713,899,520,543,76,1003,68,186,80,77,74,67,81,81,71,72,77,83,74,85,73,78,73,80,72,78,75,72,69,66,66,61,56,76,46,67,71,67,68,69
[ 4864.266824] [AOA] Measurement: 0,1627147324.576600,08:55:31:9b:09:f4,2,1,2,0,128,164,584,511,471,782,1004,578,129,830,896,337,330,925,403,384,1009,40,105,319,119,245,651,52,261,168,52,21,723,53,998,845,990,86,79,79,75,88,91,78,78,83,91,80,94,81,88,82,87,81,87,86,83,77,75,76,69,66,88,55,81,84,81,82,85
[ 4864.322546] [AOA] Measurement: 0,1627147324.632330,08:55:31:9b:09:f4,2,1,2,0,128,100,598,548,546,786,999,534,94,904,954,879,539,888,401,436,1014,17,88,314,130,243,615,46,297,193,50,36,724,616,844,4,80,75,68,69,66,78,79,69,73,73,82,72,85,72,81,78,80,77,77,75,77,70,69,72,65,62,82,53,76,81,78,77,79
[ 4864.362724] [AOA] Measurement: 0,1627147324.672502,08:55:31:9b:09:f4,2,1,2,0,128,153,557,525,529,810,977,580,117,868,934,331,325,934,393,398,987,998,106,273,87,228,615,13,257,702,842,510,548,118,36,461,510,77,76,73,66,82,81,72,68,75,82,73,84,72,80,72,78,70,77,77,74,68,66,67,60,58,76,46,67,69,68,71,71
[ 4864.408261] [AOA] Measurement: 0,1627147324.718041,08:55:31:9b:09:f4,2,1,2,0,128,123,561,528,486,777,957,568,83,806,901,849,493,347,164,857,782,483,893,771,917,680,399,537,103,704,893,493,544,620,853,130,319,78,72,72,68,82,85,73,72,77,83,74,86,72,80,75,82,74,79,78,76,73,71,73,66,62,82,53,77,79,78,77,79
[ 4864.452165] [AOA] Measurement: 0,1627147324.761948,08:55:31:9b:09:f4,2,1,2,0,128,166,572,541,495,739,965,569,105,822,886,888,497,861,355,395,990,994,37,318,100,240,626,54,304,228,59,1019,711,558,828,911,1023,78,79,72,64,82,79,69,63,72,80,70,81,67,76,64,74,63,73,73,67,63,60,60,56,50,69,42,59,65,58,61,64
[ 4864.502096] [AOA] Measurement: 0,1627147324.811873,08:55:31:9b:09:f4,2,1,2,0,128,193,587,566,536,759,971,544,82,791,862,345,310,358,190,843,818,480,916,286,102,236,601,22,265,234,68,23,740,77,5,636,726,84,77,78,74,88,90,77,79,84,90,79,94,77,86,79,88,82,88,83,81,80,74,78,71,65,88,55,81,84,82,83,83
[ 4864.551751] [AOA] Measurement: 0,1627147324.861529,08:55:31:9b:09:f4,2,1,2,0,128,583,361,1011,295,223,808,5,943,234,681,366,371,900,381,348,948,490,897,732,938,664,417,541,89,699,911,1013,685,611,872,644,736,85,82,82,74,90,88,78,77,82,88,77,91,80,88,80,87,79,88,83,82,78,75,77,71,66,86,56,80,85,81,82,84
[ 4864.596481] [AOA] Measurement: 0,1627147324.906261,08:55:31:9b:09:f4,2,1,2,0,128,146,587,523,481,748,959,1004,913,325,751,866,530,886,384,423,995,37,102,290,56,282,657,71,275,266,55,27,728,97,8,118,241,79,72,74,69,81,82,70,72,75,84,75,86,76,81,76,83,76,81,78,77,74,70,74,67,63,84,54,78,79,77,79,80
[ 4864.640007] [AOA] Measurement: 0,1627147324.949785,08:55:31:9b:09:f4,2,1,2,0,128,245,638,506,495,814,1018,520,73,848,888,301,252,324,160,871,828,479,892,338,114,269,631,1021,247,205,46,536,543,87,17,818,930,76,72,71,68,81,81,70,73,75,82,73,84,73,82,78,81,77,79,77,77,74,72,75,67,63,83,54,78,80,78,79,81
[ 4864.682884] [AOA] Measurement: 0,1627147324.992660,08:55:31:9b:09:f4,2,1,2,0,128,213,638,579,541,746,970,554,111,861,895,913,519,947,415,420,1022,1012,82,278,50,179,566,522,83,243,67,47,761,117,10,558,619,86,84,81,74,88,91,79,77,85,92,81,93,80,88,79,87,79,88,83,82,80,74,75,70,66,87,56,80,85,80,84,85
[ 4864.732841] [AOA] Measurement: 0,1627147325.042620,08:55:31:9b:09:f4,2,1,2,0,128,47,482,1000,290,196,823,1010,922,297,694,307,275,372,187,880,805,465,892,795,934,737,424,522,130,245,89,13,714,570,807,311,441,77,70,71,68,80,81,71,72,75,83,73,86,73,82,77,79,76,79,76,77,74,70,74,68,62,83,53,78,80,78,80,82
[ 4864.787754] [AOA] Measurement: 0,1627147325.097536,08:55:31:9b:09:f4,2,1,2,0,128,205,619,537,511,784,990,532,65,833,901,825,462,921,402,857,765,62,105,776,927,625,317,581,149,214,60,50,732,121,30,537,648,74,70,67,66,79,79,67,68,74,79,69,83,69,76,72,77,70,76,75,72,68,62,67,61,56,75,47,70,72,69,71,73
[ 4864.831654] [AOA] Measurement: 0,1627147325.141435,08:55:31:9b:09:f4,2,1,2,0,128,249,628,566,538,786,966,531,73,872,918,844,480,323,187,364,984,1022,68,291,88,198,558,111,311,207,81,73,762,116,6,80,113,78,73,73,68,82,82,73,72,78,84,74,87,74,80,78,83,76,81,77,78,74,69,72,67,61,82,52,76,77,75,76,80
[ 4864.869468] [AOA] Measurement: 0,1627147325.179248,08:55:31:9b:09:f4,2,1,2,0,128,178,602,518,462,207,773,1003,929,839,883,307,300,389,222,397,967,1007,37,300,103,220,557,513,94,236,77,500,548,102,992,512,621,80,73,73,69,84,83,73,72,77,86,74,86,73,81,75,83,74,80,77,77,72,69,72,66,60,81,51,75,77,75,77,78
[ 4864.913424] [AOA] Measurement: 0,1627147325.223205,08:55:31:9b:09:f4,2,1,2,0,128,201,606,559,511,675,940,13,957,239,641,367,345,337,192,857,799,434,881,778,934,672,390,446,35,682,888,490,541,561,823,209,361,78,72,72,68,81,82,73,72,76,82,72,87,74,80,74,80,73,80,77,74,72,69,71,65,61,81,50,74,77,76,78,77
[ 4864.955928] [AOA] Measurement: 0,1627147325.265704,08:55:31:9b:09:f4,2,1,2,0,128,175,569,562,525,749,978,532,109,814,878,375,354,910,387,426,4,989,32,341,125,224,581,51,283,217,33,3,738,154,36,596,665,78,77,72,66,82,83,70,69,75,82,73,84,72,79,70,80,71,77,76,73,68,65,65,60,57,76,47,67,71,68,70,73
[ 4864.999340] [AOA] Measurement: 0,1627147325.309116,08:55:31:9b:09:f4,2,1,2,0,128,149,577,501,507,785,992,520,96,838,921,376,340,869,375,407,1020,968,29,749,915,238,596,550,133,186,47,482,525,580,856,46,176,79,75,74,69,83,84,70,71,76,83,73,87,72,82,74,81,74,79,77,75,72,67,70,64,60,81,50,74,75,71,74,75
[ 4865.042494] [AOA] Measurement: 0,1627147325.352277,08:55:31:9b:09:f4,2,1,2,0,128,146,571,996,300,780,995,528,84,312,719,326,275,351,169,835,801,471,917,783,905,744,433,491,85,238,60,31,731,74,1004,770,851,79,76,74,69,84,85,72,70,78,84,74,86,76,82,76,82,75,81,77,77,72,69,72,66,61,81,54,77,78,77,77,77
[ 4865.085984] [AOA] Measurement: 0,1627147325.395766,08:55:31:9b:09:f4,2,1,2,0,128,153,552,558,515,771,992,577,108,782,888,291,272,930,408,841,780,476,948,282,76,238,572,58,285,211,56,435,506,108,1008,830,927,77,74,73,67,83,83,73,72,78,84,73,86,73,82,75,82,75,79,77,77,70,68,72,65,62,81,51,73,76,75,76,78
[ 4865.130139] [AOA] Measurement: 0,1627147325.439915,08:55:31:9b:09:f4,2,1,2,0,128,175,584,492,501,781,984,524,95,823,826,376,329,361,212,892,769,3,60,790,945,226,600,62,289,242,86,37,731,602,817,650,777,78,75,73,69,83,83,73,70,78,82,74,87,74,82,74,81,73,80,78,74,71,68,69,64,59,81,53,75,77,74,75,79
[ 4865.175649] [AOA] Measurement: 0,1627147325.485425,08:55:31:9b:09:f4,2,1,2,0,128,184,559,579,585,757,986,527,84,295,712,369,310,390,238,370,1018,1012,53,336,106,188,602,68,267,214,38,17,755,117,1023,668,770,76,72,69,63,78,79,66,66,72,77,68,80,69,76,69,76,70,76,73,71,68,65,66,61,55,77,48,71,72,69,73,72
[ 4865.225897] [AOA] Measurement: 0,1627147325.535673,08:55:31:9b:09:f4,2,1,2,0,128,147,591,563,527,853,36,547,129,858,923,844,420,454,225,433,1002,1007,64,345,110,216,588,68,300,197,64,4,727,114,6,77,179,73,65,66,66,74,77,65,70,71,78,69,83,70,78,77,79,76,77,71,74,73,69,74,66,62,82,56,79,83,79,82,82
[ 4865.270532] [AOA] Measurement: 0,1627147325.580307,08:55:31:9b:09:f4,2,1,2,0,128,217,618,518,488,804,1013,521,81,898,923,849,485,344,206,350,927,483,908,803,945,709,404,533,88,708,913,71,750,105,1017,294,415,79,71,72,68,81,82,72,72,76,82,74,86,74,82,75,80,76,81,76,78,73,70,73,67,62,82,54,76,81,77,79,82
[ 4865.313508] [AOA] Measurement: 0,1627147325.623292,08:55:31:9b:09:f4,2,1,2,0,128,179,599,485,459,811,995,584,161,794,878,324,287,370,200,860,799,496,926,298,84,261,626,37,278,187,22,67,729,131,21,733,844,78,71,72,68,80,81,72,73,78,83,73,86,73,80,76,82,75,78,77,76,73,70,72,66,63,83,55,80,80,79,81,81
[ 4865.356829] [AOA] Measurement: 0,1627147325.666612,08:55:31:9b:09:f4,2,1,2,0,128,111,564,558,546,719,974,548,125,804,882,933,514,887,385,416,992,1014,85,300,113,194,542,94,308,224,63,31,707,153,4,210,291,84,79,79,74,87,89,77,78,80,89,76,91,77,84,80,87,81,86,83,82,78,73,76,70,66,86,56,80,83,81,83,82
[ 4865.399593] [AOA] Measurement: 0,1627147325.709370,08:55:31:9b:09:f4,2,1,2,0,128,127,548,523,524,723,935,12,954,299,736,331,332,349,190,818,789,421,877,791,934,683,420,511,57,708,910,474,530,557,829,1009,141,75,69,71,69,78,82,70,73,75,81,73,84,72,79,76,79,75,80,74,75,73,70,73,67,62,83,52,77,81,80,80,81
[ 4865.443063] [AOA] Measurement: 0,1627147325.752839,08:55:31:9b:09:f4,2,1,2,0,128,180,569,583,578,730,958,568,128,869,938,893,476,348,192,844,789,455,885,823,949,202,603,541,93,205,66,38,737,113,52,646,728,79,76,73,69,82,84,72,73,78,85,73,87,74,82,74,81,74,81,79,77,73,70,72,64,62,81,52,73,76,76,76,79
[ 4865.495656] [AOA] Measurement: 0,1627147325.805432,08:55:31:9b:09:f4,2,1,2,0,128,184,603,516,501,828,991,530,88,825,899,850,473,377,174,365,953,30,90,281,97,233,620,63,293,222,45,89,746,531,799,696,827,79,75,74,68,82,82,71,72,77,83,74,88,74,80,73,82,72,80,79,75,71,68,68,63,59,78,50,70,74,70,71,73
[ 4865.540411] [AOA] Measurement: 0,1627147325.850188,08:55:31:9b:09:f4,2,1,2,0,128,224,628,562,521,766,969,562,123,804,878,917,503,964,443,390,1009,994,24,292,92,201,592,1,267,245,29,508,549,137,10,105,184,86,84,81,74,89,90,77,75,84,88,78,91,79,86,77,87,77,85,85,79,76,71,73,67,62,83,54,72,76,74,76,80
[ 4865.585277] [AOA] Measurement: 0,1627147325.895055,08:55:31:9b:09:f4,2,1,2,0,128,129,554,508,450,767,985,546,99,828,901,338,293,879,390,859,791,463,924,748,892,225,589,12,277,701,880,531,535,632,850,66,189,77,72,71,69,81,84,72,72,77,84,73,86,73,80,76,80,77,80,76,76,72,69,71,66,62,82,52,77,79,76,76,80
[ 4865.627323] [AOA] Measurement: 0,1627147325.937105,08:55:31:9b:09:f4,2,1,2,0,128,223,636,529,520,826,1008,540,129,836,918,269,281,390,236,352,940,495,922,332,118,269,630,65,319,149,16,1009,680,607,857,305,450,79,74,73,68,83,84,71,71,76,84,74,86,74,82,76,83,77,82,77,75,72,69,72,67,62,83,53,76,78,75,78,80
[ 4865.672692] [AOA] Measurement: 0,1627147325.982467,08:55:31:9b:09:f4,2,1,2,0,128,187,590,544,490,836,1013,547,99,866,929,860,480,929,401,410,1023,1022,76,299,102,268,637,2,269,227,84,40,755,71,1006,727,797,84,78,78,75,88,87,77,77,83,91,78,91,79,87,80,88,78,85,82,80,77,73,77,69,64,86,53,78,80,78,79,79
[ 4865.727703] [AOA] Measurement: 0,1627147326.037486,08:55:31:9b:09:f4,2,1,2,0,128,169,589,528,510,787,1,515,98,853,922,859,513,926,425,879,775,462,897,748,913,693,406,503,89,248,72,1008,714,119,1015,231,339,77,74,72,68,84,81,73,72,76,82,74,86,74,80,76,80,75,81,77,76,72,70,72,66,62,80,51,74,78,73,74,79
[ 4865.771290] [AOA] Measurement: 0,1627147326.081073,08:55:31:9b:09:f4,2,1,2,0,128,147,594,559,519,747,1006,539,87,835,903,325,298,953,439,324,947,475,947,280,81,724,398,540,136,644,827,471,490,605,868,279,340,79,70,72,67,80,83,72,73,76,83,73,82,75,82,76,82,77,80,77,76,73,70,72,65,62,81,52,75,78,74,78,78
[ 4865.809777] [AOA] Measurement: 0,1627147326.119560,08:55:31:9b:09:f4,2,1,2,0,128,128,571,556,505,790,982,1017,924,291,696,370,292,960,442,340,944,24,90,302,78,242,600,1007,268,738,892,468,534,592,829,704,868,84,81,79,75,89,87,76,75,81,89,80,92,79,88,77,86,76,83,83,80,76,72,74,68,63,84,54,76,80,77,77,81
[ 4865.848252] [AOA] Measurement: 0,1627147326.158034,08:55:31:9b:09:f4,2,1,2,0,128,178,606,543,493,771,981,536,100,251,649,331,307,396,249,384,985,1013,76,325,111,737,440,42,263,196,49,499,544,569,814,427,520,80,73,73,68,83,84,70,73,77,82,73,86,73,80,74,81,75,78,78,77,71,69,73,64,61,81,52,74,75,72,74,78
[ 4865.893044] [AOA] Measurement: 0,1627147326.202825,08:55:31:9b:09:f4,2,1,2,0,128,155,572,530,493,768,988,533,92,859,913,306,291,366,231,376,968,969,63,290,53,707,421,535,82,736,891,1022,717,96,44,333,358,79,76,75,68,83,83,71,69,76,83,74,85,73,81,74,81,74,80,77,74,72,68,70,62,59,79,52,72,76,73,74,76
[ 4865.943036] [AOA] Measurement: 0,1627147326.252812,08:55:31:9b:09:f4,2,1,2,0,128,106,572,502,467,268,795,6,952,274,709,882,503,884,340,360,968,470,902,782,945,678,386,516,68,743,901,548,549,605,855,201,378,85,83,80,73,90,90,78,77,83,91,80,94,78,87,81,87,81,86,84,81,77,75,77,69,66,89,56,83,85,81,84,86
[ 4865.999057] [AOA] Measurement: 0,1627147326.308833,08:55:31:9b:09:f4,2,1,2,0,128,136,570,561,513,817,1015,509,73,300,706,375,347,395,235,813,762,457,906,745,874,708,408,455,30,700,862,431,468,575,820,621,946,79,76,73,69,82,84,72,69,75,84,73,85,72,82,74,81,74,81,77,77,70,69,69,65,59,79,50,71,73,72,71,75
[ 4866.042269] [AOA] Measurement: 0,1627147326.352045,08:55:31:9b:09:f4,2,1,2,0,128,168,587,512,493,840,998,583,132,808,890,869,483,914,375,897,823,460,911,769,934,217,616,10,248,707,900,44,731,151,18,507,571,76,69,70,67,78,80,68,71,75,82,72,84,74,80,78,83,75,78,76,77,73,71,74,68,65,83,55,80,82,79,81,83
[ 4866.092336] [AOA] Measurement: 0,1627147326.402113,08:55:31:9b:09:f4,2,1,2,0,128,580,377,981,273,223,791,40,975,779,903,897,532,865,351,398,997,959,39,760,933,745,397,45,281,678,901,500,547,122,28,59,191,86,83,80,74,90,89,77,75,80,90,77,92,79,87,77,88,79,86,83,80,77,74,74,68,63,87,53,75,80,79,79,82
[ 4866.142191] [AOA] Measurement: 0,1627147326.451968,08:55:31:9b:09:f4,2,1,2,0,128,140,536,2,345,789,989,973,907,341,732,903,497,939,411,343,972,1020,101,326,117,218,599,27,270,265,81,986,682,133,39,273,292,80,77,75,67,82,82,73,68,76,83,73,84,72,80,70,78,71,79,76,72,68,66,64,60,55,74,46,65,70,68,68,69
[ 4866.187038] [AOA] Measurement: 0,1627147326.496821,08:55:31:9b:09:f4,2,1,2,0,128,147,553,516,523,720,972,8,944,858,909,340,299,292,148,858,817,1020,94,289,63,711,419,4,252,214,53,16,729,59,1011,468,628,75,68,70,68,77,80,67,73,75,80,71,84,71,80,76,80,75,78,73,77,73,70,75,66,64,83,53,80,81,81,83,80
[ 4866.230292] [AOA] Measurement: 0,1627147326.540068,08:55:31:9b:09:f4,2,1,2,0,128,189,616,535,517,813,983,483,75,291,699,914,527,899,381,777,752,524,927,776,927,225,575,532,91,250,80,998,689,513,796,341,507,79,74,74,68,83,83,72,71,76,84,75,86,72,80,73,82,72,81,79,76,71,67,68,62,59,78,51,70,74,71,71,75
[ 4866.268945] [AOA] Measurement: 0,1627147326.578728,08:55:31:9b:09:f4,2,1,2,0,128,112,568,557,498,781,978,0,935,312,748,308,321,914,390,884,827,496,952,808,941,693,419,505,74,683,874,501,533,596,844,353,572,79,77,73,69,83,82,73,71,75,83,75,87,75,81,73,81,73,80,76,73,72,67,72,63,60,79,51,74,74,73,74,75
[ 4866.314847] [AOA] Measurement: 0,1627147326.624630,08:55:31:9b:09:f4,2,1,2,0,128,181,558,520,471,828,4,501,98,824,861,334,288,340,195,836,801,1009,69,281,69,195,616,494,70,252,65,44,718,108,1013,902,990,77,69,70,67,77,80,70,70,75,80,72,86,72,81,76,79,78,79,75,75,72,71,74,66,63,82,55,80,80,78,80,82
[ 4866.358571] [AOA] Measurement: 0,1627147326.668351,08:55:31:9b:09:f4,2,1,2,0,128,153,570,477,457,245,814,10,932,309,702,331,305,333,174,826,791,491,929,795,960,237,630,39,290,228,106,1014,689,584,820,184,276,84,82,78,73,88,88,76,77,83,92,80,93,80,89,82,89,84,88,82,83,78,75,78,72,67,88,57,81,85,84,82,85
[ 4866.396699] [AOA] Measurement: 0,1627147326.706481,08:55:31:9b:09:f4,2,1,2,0,128,133,571,517,477,775,981,551,118,258,705,339,321,874,401,864,831,454,892,828,959,735,417,511,98,686,924,539,582,573,814,784,950,78,71,73,70,80,83,71,73,76,82,72,85,73,83,77,80,78,81,77,77,73,71,72,66,64,82,53,78,80,79,78,80
[ 4866.439069] [AOA] Measurement: 0,1627147326.748845,08:55:31:9b:09:f4,2,1,2,0,128,162,544,565,527,764,972,970,928,326,729,350,316,917,376,318,933,504,939,785,929,223,592,45,276,253,58,428,477,108,996,127,216,79,75,74,69,84,81,72,71,78,83,75,86,74,82,72,80,71,79,77,72,71,66,67,63,57,76,48,69,72,68,71,73
[ 4866.477590] [AOA] Measurement: 0,1627147326.787372,08:55:31:9b:09:f4,2,1,2,0,128,148,562,557,500,795,994,553,81,867,889,905,546,876,396,395,976,987,81,762,922,678,373,529,87,686,912,16,708,154,38,314,415,77,72,73,67,80,83,71,73,77,83,73,86,71,82,78,81,78,80,74,77,71,70,73,67,64,81,54,78,82,77,80,82
[ 4866.519641] [AOA] Measurement: 0,1627147326.829417,08:55:31:9b:09:f4,2,1,2,0,128,159,551,473,438,245,799,1013,913,257,712,286,288,409,200,367,964,464,917,808,939,721,449,36,296,237,73,10,714,144,32,267,418,85,83,79,74,91,87,78,76,83,90,81,93,79,88,79,87,77,85,84,77,75,73,74,67,63,85,54,78,82,79,78,79
[ 4866.558562] [AOA] Measurement: 0,1627147326.868344,08:55:31:9b:09:f4,2,1,2,0,128,130,558,965,305,213,780,992,916,296,699,340,308,379,198,811,760,430,876,778,925,688,366,490,93,725,921,70,750,97,1003,933,23,79,75,74,67,82,82,72,72,77,84,73,85,72,81,74,82,75,80,78,75,71,66,70,65,59,78,51,75,77,75,76,79
[ 4866.602933] [AOA] Measurement: 0,1627147326.912713,08:55:31:9b:09:f4,2,1,2,0,128,207,618,514,475,768,982,23,930,828,877,370,318,880,359,393,983,15,100,822,962,685,412,539,102,706,905,23,724,88,1015,116,243,75,67,67,65,76,78,68,67,71,78,70,84,69,77,72,78,72,77,72,73,70,65,70,64,59,79,50,74,77,75,76,77
[ 4866.652841] [AOA] Measurement: 0,1627147326.962617,08:55:31:9b:09:f4,2,1,2,0,128,187,607,562,530,769,996,549,92,838,910,881,475,379,240,912,823,940,46,321,90,259,635,42,295,180,19,998,716,89,22,849,1015,87,85,80,73,90,91,78,75,84,90,80,90,78,86,77,88,78,84,83,80,76,73,73,68,62,85,54,77,80,76,78,80
[ 4866.699548] [AOA] Measurement: 0,1627147327.009330,08:55:31:9b:09:f4,2,1,2,0,128,176,592,502,456,810,7,536,110,848,942,840,451,923,430,346,948,6,99,272,53,667,369,42,287,645,872,564,572,135,55,801,885,78,76,73,68,83,83,71,71,76,82,72,86,72,81,75,82,73,81,78,75,72,70,70,66,60,81,52,75,77,75,77,78
[ 4866.743052] [AOA] Measurement: 0,1627147327.052832,08:55:31:9b:09:f4,2,1,2,0,128,160,570,525,490,772,1010,594,137,811,919,336,318,942,415,400,1022,2,83,238,24,700,406,497,104,253,83,32,711,110,31,634,662,77,71,72,67,80,82,69,73,78,84,73,86,74,82,76,82,77,80,75,76,73,71,74,67,63,81,53,79,78,77,81,80
[ 4866.786817] [AOA] Measurement: 0,1627147327.096600,08:55:31:9b:09:f4,2,1,2,0,128,133,552,1007,303,821,1017,576,127,827,896,941,504,934,370,406,998,457,909,781,946,647,369,44,271,209,29,21,737,148,21,326,365,79,76,73,69,82,82,70,71,77,84,75,87,73,81,75,83,74,79,77,74,70,68,72,66,62,81,52,78,78,76,79,79
[ 4866.831539] [AOA] Measurement: 0,1627147327.141318,08:55:31:9b:09:f4,2,1,2,0,128,122,546,500,498,802,985,533,68,839,907,854,494,323,175,874,768,475,907,808,920,733,432,461,50,715,890,473,502,605,842,811,949,79,75,73,69,82,83,70,71,77,84,73,87,75,82,75,83,73,81,77,75,71,69,71,66,61,81,51,74,77,76,76,79
[ 4866.869967] [AOA] Measurement: 0,1627147327.179749,08:55:31:9b:09:f4,2,1,2,0,128,153,555,518,487,823,7,545,82,294,707,855,469,341,176,444,1006,443,854,806,934,249,610,15,256,224,58,466,481,586,809,919,70,79,75,73,68,83,83,73,71,77,83,73,85,74,82,72,82,72,79,78,74,69,67,69,62,59,80,49,70,75,72,74,75
[ 4866.916462] [AOA] Measurement: 0,1627147327.226241,08:55:31:9b:09:f4,2,1,2,0,128,192,603,566,522,809,1017,571,114,866,916,888,496,928,421,392,1007,1009,75,341,103,189,613,43,270,710,918,35,735,96,15,296,323,78,76,74,69,83,83,71,72,77,84,74,87,74,82,76,82,75,78,78,77,74,68,72,66,63,80,53,75,79,78,77,80
[ 4866.959505] [AOA] Measurement: 0,1627147327.269281,08:55:31:9b:09:f4,2,1,2,0,128,192,596,524,454,208,792,61,948,275,706,338,288,354,207,849,785,528,908,772,910,671,383,512,81,720,935,1013,683,125,1014,446,644,79,76,75,68,82,82,72,71,77,85,74,86,73,81,73,81,73,79,76,74,70,67,67,62,57,79,49,70,73,70,71,75
[ 4867.002323] [AOA] Measurement: 0,1627147327.312105,08:55:31:9b:09:f4,2,1,2,0,128,122,542,556,509,220,767,629,169,803,892,861,468,921,376,870,793,446,873,779,927,709,415,61,260,660,900,10,741,22,983,303,383,84,78,79,72,87,90,76,77,83,89,81,92,79,87,83,86,83,85,82,83,79,76,78,72,67,89,58,82,84,82,83,86
[ 4867.046188] [AOA] Measurement: 0,1627147327.355969,08:55:31:9b:09:f4,2,1,2,0,128,189,601,469,477,751,980,570,113,857,883,869,519,338,193,832,781,514,925,837,950,659,354,545,83,215,82,17,703,597,844,370,508,78,76,74,68,82,82,73,70,77,81,72,82,70,79,71,79,70,76,75,74,69,65,67,59,57,76,48,69,71,67,70,72
[ 4867.090047] [AOA] Measurement: 0,1627147327.399830,08:55:31:9b:09:f4,2,1,2,0,128,139,554,486,485,252,842,504,76,282,703,376,299,329,163,883,822,455,920,366,137,181,548,584,148,221,78,491,524,619,823,760,924,85,79,77,75,86,89,78,79,82,90,79,93,78,87,83,87,80,84,83,83,77,76,79,70,66,88,57,85,84,83,86,87
[ 4867.128370] [AOA] Measurement: 0,1627147327.438151,08:55:31:9b:09:f4,2,1,2,0,128,137,572,516,488,763,974,16,946,321,691,288,264,341,161,380,969,466,887,818,946,256,626,37,249,213,58,3,735,552,840,537,702,79,74,72,68,81,83,72,72,76,82,73,87,72,80,75,82,75,79,77,77,71,70,72,65,62,82,53,77,80,77,79,82
[ 4867.172885] [AOA] Measurement: 0,1627147327.482660,08:55:31:9b:09:f4,2,1,2,0,128,210,633,461,466,770,988,541,110,285,672,352,322,407,229,854,798,502,922,340,80,246,644,60,297,642,858,42,759,158,5,825,820,79,77,73,67,83,82,71,70,75,82,73,85,73,80,71,79,70,79,77,74,68,66,66,61,58,75,48,69,72,68,69,70
[ 4867.223672] [AOA] Measurement: 0,1627147327.533448,08:55:31:9b:09:f4,2,1,2,0,128,687,442,993,304,230,831,8,944,855,875,337,302,331,161,861,792,478,909,780,917,656,356,493,66,659,868,492,537,589,840,99,206,73,67,70,66,79,79,71,73,73,80,71,85,72,78,75,79,75,79,74,77,71,69,71,65,62,81,54,79,81,78,79,82
[ 4867.266300] [AOA] Measurement: 0,1627147327.576077,08:55:31:9b:09:f4,2,1,2,0,128,229,636,554,527,793,1004,530,95,839,921,298,300,336,198,403,981,2,78,285,86,276,664,42,257,282,95,962,679,548,819,88,248,85,80,79,73,88,88,77,76,83,90,78,93,79,87,81,87,82,86,83,82,76,74,76,70,66,88,57,81,86,81,84,86
[ 4867.309636] [AOA] Measurement: 0,1627147327.619413,08:55:31:9b:09:f4,2,1,2,0,128,142,592,547,532,828,18,512,58,877,913,874,481,920,387,384,990,994,58,767,935,234,588,532,112,684,864,545,563,103,1011,496,638,85,85,80,73,91,89,77,75,83,87,76,91,76,85,74,86,75,82,82,76,73,70,69,64,58,82,50,72,76,72,71,71
[ 4867.353451] [AOA] Measurement: 0,1627147327.663231,08:55:31:9b:09:f4,2,1,2,0,128,570,338,3,318,707,988,1014,941,294,720,323,339,326,157,878,809,517,912,804,962,624,351,518,75,697,917,448,483,580,824,790,1,86,82,80,73,88,90,75,75,84,90,80,93,80,88,80,87,81,87,84,82,77,74,76,70,66,87,56,79,82,81,80,82
[ 4867.396855] [AOA] Measurement: 0,1627147327.706638,08:55:31:9b:09:f4,2,1,2,0,128,141,541,988,303,796,1013,497,82,806,875,911,499,916,411,396,1001,475,918,303,117,216,587,31,287,205,47,469,506,83,1003,764,839,84,79,77,72,87,89,78,78,82,87,79,93,79,87,81,87,81,86,80,82,78,75,76,69,66,88,55,81,85,82,82,86
[ 4867.445877] [AOA] Measurement: 0,1627147327.755652,08:55:31:9b:09:f4,2,1,2,0,128,184,584,539,517,771,989,1014,926,307,705,343,300,923,396,856,794,463,907,773,913,718,438,519,88,266,109,29,736,160,32,133,138,76,71,69,67,77,81,70,72,76,83,73,84,73,80,78,81,75,79,75,77,74,69,72,65,62,81,52,77,79,76,79,81
[ 4867.491818] [AOA] Measurement: 0,1627147327.801598,08:55:31:9b:09:f4,2,1,2,0,128,104,519,987,274,790,976,539,89,816,869,324,273,336,179,874,797,502,931,752,875,734,437,563,119,233,74,30,726,108,1,903,9,84,79,77,74,87,88,77,79,83,91,80,94,81,87,83,88,84,85,82,84,80,77,81,73,68,89,58,86,88,86,87,89
[ 4867.535860] [AOA] Measurement: 0,1627147327.845643,08:55:31:9b:09:f4,2,1,2,0,128,190,617,488,501,856,14,507,61,854,897,886,484,906,399,393,1004,1019,54,776,944,704,440,16,231,206,55,470,538,102,10,976,74,78,72,71,67,80,82,71,71,76,84,71,87,74,81,75,81,75,79,77,78,74,70,73,66,60,82,51,76,78,75,78,79
[ 4867.579428] [AOA] Measurement: 0,1627147327.889211,08:55:31:9b:09:f4,2,1,2,0,128,211,643,509,481,803,991,12,920,325,734,344,328,370,213,385,962,531,928,322,114,206,577,505,91,654,855,502,553,136,1012,587,764,78,75,74,69,80,84,72,73,77,83,74,85,75,82,77,82,75,82,79,78,73,70,73,67,63,82,53,78,79,78,78,81
[ 4867.622821] [AOA] Measurement: 0,1627147327.932597,08:55:31:9b:09:f4,2,1,2,0,128,138,551,496,458,216,766,972,887,333,741,304,247,349,179,846,778,510,919,308,106,185,552,517,84,273,88,991,710,114,1008,708,811,78,73,73,68,81,81,72,71,77,82,73,86,72,78,75,81,76,78,77,75,72,71,72,65,61,81,52,75,80,77,75,79
[ 4867.673086] [AOA] Measurement: 0,1627147327.982861,08:55:31:9b:09:f4,2,1,2,0,128,191,608,547,458,759,951,4,956,818,913,858,512,361,214,404,988,15,74,330,107,216,582,466,57,701,894,19,707,579,835,656,806,75,73,69,63,78,78,68,67,73,79,69,82,68,77,69,77,69,75,73,70,67,64,65,59,53,74,46,66,70,68,69,71
[ 4867.727661] [AOA] Measurement: 0,1627147328.037443,08:55:31:9b:09:f4,2,1,2,0,128,191,595,979,279,815,1016,499,61,390,762,936,533,916,371,433,990,1014,66,297,91,210,586,537,84,744,906,992,703,590,851,423,596,74,72,69,64,78,79,69,66,74,80,70,82,69,78,72,78,70,76,74,74,68,66,68,60,57,77,48,69,71,69,71,73
[ 4867.770679] [AOA] Measurement: 0,1627147328.080461,08:55:31:9b:09:f4,2,1,2,0,128,554,318,1,322,781,985,560,151,810,897,401,331,897,364,386,950,462,936,758,871,672,373,497,73,246,70,9,696,544,822,877,83,79,74,73,68,81,82,72,72,76,83,74,86,73,81,75,82,73,78,77,75,71,69,72,65,61,82,53,75,77,73,78,80
[ 4867.808856] [AOA] Measurement: 0,1627147328.118633,08:55:31:9b:09:f4,2,1,2,0,128,174,591,529,495,208,782,42,973,287,683,334,307,375,187,405,996,994,41,313,102,223,633,57,281,645,856,468,495,590,863,867,16,85,82,78,73,89,91,78,77,83,90,80,92,78,89,82,86,81,86,82,83,78,76,79,70,68,87,57,83,83,84,83,85
