
[ 3807.760312] [AOA] Measurement: 0,1629173479.239041,08:55:31:70:ff:0a,2,1,1,0,128,673,673,37,580,355,795,885,216,908,277,533,1003,292,1001,717,517,215,588,742,585,990,807,974,776,793,193,749,1021,667,890,280,362,66,65,62,43,71,70,67,48,55,54,57,68,59,58,64,45,66,65,61,63,63,66,66,55,65,52,64,65,70,68,63,69
[ 3807.799093] [AOA] Measurement: 0,1629173479.277821,08:55:31:70:ff:0a,2,1,1,0,128,199,906,658,800,936,10,349,416,398,433,164,222,351,39,215,701,280,615,815,603,615,23,554,9,335,407,354,289,210,65,167,1007,63,60,61,41,66,68,64,45,53,54,56,67,56,56,63,45,66,66,60,63,65,65,68,57,67,52,66,64,72,68,63,70
[ 3807.842806] [AOA] Measurement: 0,1629173479.321535,08:55:31:70:ff:0a,2,1,1,0,128,174,859,673,825,925,1006,374,434,866,233,574,5,301,49,740,580,280,647,802,638,589,43,491,937,835,221,758,21,688,891,535,595,69,70,68,42,73,72,68,50,56,51,59,71,59,62,68,44,68,70,65,63,63,63,69,57,68,47,64,65,75,70,61,66
[ 3807.885659] [AOA] Measurement: 0,1629173479.364384,08:55:31:70:ff:0a,2,1,1,0,128,232,898,646,825,876,989,362,433,424,460,156,238,906,295,236,719,828,816,331,769,682,48,524,962,394,490,290,240,261,102,245,132,69,71,69,43,72,72,69,51,56,50,60,70,62,62,69,44,68,71,64,65,63,61,68,54,69,45,64,64,73,67,63,64
[ 3807.928299] [AOA] Measurement: 0,1629173479.407023,08:55:31:70:ff:0a,2,1,1,0,128,620,643,105,569,400,827,875,233,897,267,649,51,356,37,771,511,794,778,768,541,53,885,15,803,813,208,804,84,753,954,779,740,67,65,65,43,69,70,67,48,56,53,57,71,59,60,66,45,70,69,63,64,65,67,68,58,68,51,66,64,75,70,65,71
[ 3807.971034] [AOA] Measurement: 0,1629173479.449758,08:55:31:70:ff:0a,2,1,1,0,128,726,749,121,649,962,42,379,451,416,477,167,213,851,188,263,718,829,820,249,702,618,1020,549,998,322,400,302,210,230,71,286,112,69,69,67,43,72,73,67,50,58,52,60,70,62,62,69,44,68,71,65,64,64,63,69,56,69,48,65,65,74,68,61,65
[ 3808.013538] [AOA] Measurement: 0,1629173479.492267,08:55:31:70:ff:0a,2,1,1,0,128,645,692,43,527,353,780,840,220,878,233,597,11,319,20,741,550,240,607,704,547,28,832,976,744,845,237,742,44,753,942,643,624,66,66,66,45,70,71,68,49,56,53,60,70,59,61,65,45,69,68,63,64,66,64,68,58,69,50,67,67,75,70,65,71
[ 3808.056675] [AOA] Measurement: 0,1629173479.535403,08:55:31:70:ff:0a,2,1,1,0,128,219,966,582,794,963,1021,396,453,385,432,130,219,883,210,274,719,803,797,289,804,608,18,573,1023,368,453,331,235,263,86,387,161,65,63,65,43,69,69,66,48,56,52,56,66,58,58,64,46,67,65,62,64,65,65,68,58,66,51,65,64,73,70,64,71
[ 3808.101097] [AOA] Measurement: 0,1629173479.579821,08:55:31:70:ff:0a,2,1,1,0,128,629,661,64,619,386,831,828,206,858,206,624,35,283,11,715,528,255,603,760,544,55,859,996,818,823,225,784,80,268,133,688,521,71,69,69,44,72,73,69,51,58,52,60,72,61,62,68,46,68,71,64,66,65,63,70,57,70,49,66,66,76,71,63,67
[ 3808.150938] [AOA] Measurement: 0,1629173479.629662,08:55:31:70:ff:0a,2,1,1,0,128,226,878,625,817,887,971,416,471,442,466,150,224,940,251,205,707,245,611,730,571,44,860,559,1021,401,470,788,43,238,98,544,382,66,66,67,42,70,71,66,48,56,52,58,70,59,59,67,45,69,70,66,65,66,64,70,56,70,50,65,66,74,69,64,68
[ 3808.203699] [AOA] Measurement: 0,1629173479.682422,08:55:31:70:ff:0a,2,1,1,0,128,682,732,91,584,326,757,773,150,898,259,177,233,326,57,237,691,200,569,782,611,577,39,966,757,844,228,721,0,750,925,622,669,68,67,67,43,70,73,66,50,55,50,60,70,62,63,67,43,68,69,64,64,63,62,68,56,68,46,64,65,72,69,61,66
[ 3808.253244] [AOA] Measurement: 0,1629173479.731972,08:55:31:70:ff:0a,2,1,1,0,128,215,896,625,786,942,1010,349,444,384,441,128,213,894,253,233,722,872,815,225,750,662,44,608,18,408,470,259,202,217,84,768,631,67,66,66,43,70,72,68,49,55,53,58,70,60,57,65,45,69,68,63,64,64,66,69,57,69,52,64,65,74,70,66,70
[ 3808.296263] [AOA] Measurement: 0,1629173479.774987,08:55:31:70:ff:0a,2,1,1,0,128,229,929,686,844,937,998,361,450,391,422,111,229,879,250,276,728,846,836,265,780,61,847,493,952,879,252,807,56,273,97,727,669,70,69,66,43,71,73,67,50,57,52,60,70,61,61,66,46,68,69,65,64,64,63,69,55,68,48,64,65,74,69,63,68
[ 3808.341461] [AOA] Measurement: 0,1629173479.820189,08:55:31:70:ff:0a,2,1,1,0,128,212,890,39,579,399,821,843,241,846,227,590,1022,383,69,330,746,238,631,744,531,69,858,1008,814,848,240,766,48,249,88,596,477,68,68,65,42,69,70,66,49,55,49,58,69,59,60,66,43,67,68,63,64,61,60,68,55,67,44,62,61,71,67,59,60
[ 3808.385557] [AOA] Measurement: 0,1629173479.864287,08:55:31:70:ff:0a,2,1,1,0,128,748,728,73,619,382,781,829,221,835,221,145,211,317,12,749,531,313,648,783,625,20,872,991,768,805,235,770,54,742,920,558,590,66,64,66,44,70,73,67,50,55,54,58,69,62,60,66,45,68,70,64,66,67,65,71,57,70,51,67,65,76,70,64,70
[ 3808.428227] [AOA] Measurement: 0,1629173479.906954,08:55:31:70:ff:0a,2,1,1,0,128,693,720,91,615,902,944,789,219,804,202,668,63,308,35,726,540,249,583,718,529,81,856,607,16,341,419,247,191,735,927,473,446,69,70,68,44,71,74,68,52,57,52,60,71,61,61,68,45,69,69,64,65,66,64,72,56,71,49,68,66,76,72,65,68
[ 3808.471008] [AOA] Measurement: 0,1629173479.949732,08:55:31:70:ff:0a,2,1,1,0,128,680,722,66,607,410,839,448,473,330,426,151,225,893,247,250,764,834,838,315,816,607,26,463,943,831,247,821,79,702,955,81,1007,64,63,63,41,68,71,65,47,55,53,57,69,57,58,65,44,67,66,61,61,65,66,69,57,68,53,65,65,73,69,66,70
[ 3808.513881] [AOA] Measurement: 0,1629173479.992606,08:55:31:70:ff:0a,2,1,1,0,128,651,664,99,628,419,837,766,197,860,229,103,197,928,268,258,720,818,791,299,769,622,49,517,1003,336,416,832,61,726,932,480,372,70,69,68,44,73,75,69,52,57,52,59,72,59,62,68,44,69,70,64,65,65,62,70,57,70,48,67,66,76,70,64,69
[ 3808.563797] [AOA] Measurement: 0,1629173480.042520,08:55:31:70:ff:0a,2,1,1,0,128,237,915,650,790,1014,26,362,440,390,432,173,252,909,265,248,753,242,579,325,772,607,41,519,993,361,452,283,224,258,115,172,71,71,70,68,43,73,75,68,49,57,52,60,70,61,61,67,45,69,70,65,64,64,64,70,56,69,49,66,65,75,70,63,66
[ 3808.613594] [AOA] Measurement: 0,1629173480.092318,08:55:31:70:ff:0a,2,1,1,0,128,656,688,66,562,419,851,854,258,829,197,609,24,356,39,736,547,220,611,749,577,78,878,549,986,453,468,263,243,233,102,974,875,68,68,66,44,68,71,66,49,55,51,59,70,59,61,68,44,67,69,63,63,63,60,70,55,68,45,65,64,74,68,62,65
[ 3808.655525] [AOA] Measurement: 0,1629173480.134250,08:55:31:70:ff:0a,2,1,1,0,128,200,868,639,817,905,968,389,439,341,385,151,249,832,192,274,725,896,857,234,742,20,848,15,830,814,216,722,1023,803,945,131,940,68,67,67,43,74,74,67,49,55,51,59,69,60,61,66,42,67,70,61,62,64,63,69,57,70,46,66,64,74,70,62,65
[ 3808.694428] [AOA] Measurement: 0,1629173480.173155,08:55:31:70:ff:0a,2,1,1,0,128,712,716,68,582,391,818,816,228,863,254,594,22,373,61,252,712,280,601,748,603,87,833,942,754,804,192,709,1019,724,900,336,362,68,69,68,43,73,73,67,50,57,52,59,72,61,60,65,43,67,68,63,64,63,62,68,55,69,44,64,65,74,69,59,64
[ 3808.732680] [AOA] Measurement: 0,1629173480.211409,08:55:31:70:ff:0a,2,1,1,0,128,667,681,188,669,335,798,863,271,337,409,585,21,263,11,670,472,246,619,804,583,614,34,538,1000,307,373,812,58,210,63,205,88,70,67,68,44,72,71,67,51,53,48,57,69,58,59,67,41,66,67,62,61,60,58,68,51,68,44,63,61,73,66,60,62
[ 3808.778351] [AOA] Measurement: 0,1629173480.257073,08:55:31:70:ff:0a,2,1,1,0,128,225,869,637,810,932,1018,351,448,419,433,155,272,882,251,270,745,864,834,313,782,579,41,1008,794,836,251,795,55,741,939,761,598,67,67,65,43,70,73,67,50,56,52,58,69,58,61,66,44,67,70,63,64,64,63,68,56,69,48,66,66,74,71,64,69
[ 3808.824070] [AOA] Measurement: 0,1629173480.302797,08:55:31:70:ff:0a,2,1,1,0,128,711,688,85,560,423,830,821,219,865,251,668,61,880,237,713,502,811,783,785,591,101,879,538,986,401,462,727,1023,699,866,531,575,70,70,68,42,72,73,66,52,56,50,60,68,59,61,66,43,66,68,62,62,60,58,68,52,66,41,62,62,71,65,58,59
[ 3808.868111] [AOA] Measurement: 0,1629173480.346839,08:55:31:70:ff:0a,2,1,1,0,128,222,873,85,616,927,1012,837,200,825,207,536,984,328,1022,733,509,830,807,775,608,638,60,520,988,399,476,294,226,251,101,115,984,68,68,68,43,73,74,69,51,55,50,59,69,58,61,67,44,66,67,63,65,61,62,69,54,68,46,63,64,73,66,60,63
[ 3808.912607] [AOA] Measurement: 0,1629173480.391334,08:55:31:70:ff:0a,2,1,1,0,128,210,860,648,848,937,1011,436,469,411,455,140,216,930,257,281,752,793,803,320,820,611,48,542,969,350,430,254,203,692,894,758,645,67,65,67,44,71,73,68,49,56,52,58,72,58,60,66,45,66,67,62,65,65,66,69,58,69,51,66,65,73,70,64,70
[ 3808.961593] [AOA] Measurement: 0,1629173480.440321,08:55:31:70:ff:0a,2,1,1,0,128,202,903,664,798,932,992,862,264,438,464,141,220,878,222,292,732,801,784,286,793,601,43,1003,789,844,253,737,996,672,913,891,935,64,64,65,42,73,74,66,50,55,52,59,70,60,61,69,45,68,67,64,63,62,62,68,53,67,48,65,64,73,69,63,66
[ 3809.001743] [AOA] Measurement: 0,1629173480.480465,08:55:31:70:ff:0a,2,1,1,0,128,241,901,608,798,946,998,332,407,357,416,611,32,876,208,709,520,273,610,766,578,625,1006,17,810,398,492,305,257,252,121,973,839,68,68,68,43,71,72,66,48,55,51,60,69,59,61,67,45,68,69,63,65,64,63,68,54,66,49,67,64,75,71,64,69
[ 3809.052031] [AOA] Measurement: 0,1629173480.530755,08:55:31:70:ff:0a,2,1,1,0,128,638,674,93,619,389,818,818,241,834,231,591,32,332,64,708,563,237,600,330,789,606,37,552,966,364,455,747,1,748,954,883,783,62,62,62,41,66,68,63,46,53,52,55,67,55,57,65,44,67,65,60,64,65,66,68,57,66,53,65,67,74,71,63,72
[ 3809.096648] [AOA] Measurement: 0,1629173480.575374,08:55:31:70:ff:0a,2,1,1,0,128,190,870,704,853,928,1003,381,431,400,426,602,8,897,212,236,714,834,829,330,815,611,24,585,0,409,470,284,256,291,136,34,768,69,69,67,39,72,71,66,50,56,49,58,69,58,61,67,43,64,70,63,62,58,57,67,52,68,42,63,63,72,65,59,60
[ 3809.138687] [AOA] Measurement: 0,1629173480.617411,08:55:31:70:ff:0a,2,1,1,0,128,170,885,583,782,886,983,877,247,422,456,120,212,919,279,329,781,786,808,319,795,636,55,539,1022,412,496,382,303,241,118,983,735,69,68,65,42,71,72,65,50,55,51,60,71,60,61,67,43,67,70,63,63,63,62,70,55,68,46,65,64,74,70,62,65
[ 3809.183252] [AOA] Measurement: 0,1629173480.661979,08:55:31:70:ff:0a,2,1,1,0,128,253,936,637,807,941,25,337,447,328,394,157,188,380,49,702,500,229,600,757,589,42,851,1013,797,912,272,785,33,263,118,640,400,70,70,68,41,70,74,68,51,56,52,60,71,60,60,65,43,67,70,64,64,63,63,69,56,70,48,65,66,75,70,64,66
[ 3809.234780] [AOA] Measurement: 0,1629173480.713503,08:55:31:70:ff:0a,2,1,1,0,128,696,690,82,605,396,831,398,456,414,475,151,229,875,228,276,726,787,794,703,563,48,871,22,826,419,474,270,225,231,123,509,406,71,69,66,42,72,73,68,50,58,50,61,71,60,61,66,43,67,70,64,63,62,61,67,53,68,44,65,62,72,68,61,63
[ 3809.281893] [AOA] Measurement: 0,1629173480.760623,08:55:31:70:ff:0a,2,1,1,0,128,202,846,121,657,976,996,825,198,860,233,180,249,856,247,292,758,215,563,787,555,53,870,554,5,393,455,301,284,233,77,40,915,70,68,68,42,72,74,67,50,57,51,60,70,61,63,66,44,68,69,64,64,65,64,70,57,69,48,66,66,76,70,64,69
[ 3809.322910] [AOA] Measurement: 0,1629173480.801633,08:55:31:70:ff:0a,2,1,1,0,128,294,929,684,829,974,985,401,457,456,475,162,241,878,231,209,707,842,833,316,786,671,61,569,993,372,471,273,221,229,98,531,452,62,59,61,40,65,66,63,46,53,52,57,65,56,56,61,44,66,64,59,61,65,64,67,54,67,51,63,63,72,69,64,70
[ 3809.368953] [AOA] Measurement: 0,1629173480.847680,08:55:31:70:ff:0a,2,1,1,0,128,670,670,82,570,372,785,822,159,893,226,169,222,918,278,187,706,278,601,774,609,69,907,19,794,433,473,298,235,217,69,706,664,61,60,62,42,67,68,64,44,53,52,57,66,57,59,65,44,65,64,59,62,65,66,67,56,65,53,63,65,70,69,64,69
[ 3809.413371] [AOA] Measurement: 0,1629173480.892098,08:55:31:70:ff:0a,2,1,1,0,128,678,672,656,819,908,994,770,177,826,190,595,1013,330,15,728,511,272,627,761,600,648,67,520,984,411,467,283,254,326,136,182,1001,66,64,63,42,68,69,66,49,57,53,59,69,58,58,65,44,68,68,63,64,66,66,69,58,69,51,66,65,73,70,63,69
[ 3809.456680] [AOA] Measurement: 0,1629173480.935403,08:55:31:70:ff:0a,2,1,1,0,128,700,677,97,603,419,849,864,279,349,443,116,206,327,70,218,715,831,834,345,794,605,61,522,983,390,416,290,251,283,107,896,751,67,65,65,42,70,71,67,51,56,51,58,70,58,60,65,41,67,69,63,64,61,63,70,54,67,45,63,63,73,67,61,65
[ 3809.500517] [AOA] Measurement: 0,1629173480.979241,08:55:31:70:ff:0a,2,1,1,0,128,680,721,72,584,1004,35,359,433,416,444,147,239,882,210,289,746,820,815,221,763,574,10,970,766,408,449,297,230,195,58,961,863,68,68,67,42,72,72,69,51,58,52,60,70,60,62,68,46,68,71,64,65,63,63,70,57,68,48,66,65,75,68,64,68
[ 3809.543758] [AOA] Measurement: 0,1629173481.022486,08:55:31:70:ff:0a,2,1,1,0,128,163,856,60,596,370,829,790,201,900,312,176,263,898,244,329,778,830,837,387,845,663,77,576,7,377,455,295,246,248,121,290,84,69,68,67,43,73,74,69,50,55,51,57,69,58,60,66,44,68,68,63,63,63,62,69,57,70,49,66,65,75,70,63,68
[ 3809.586979] [AOA] Measurement: 0,1629173481.065706,08:55:31:70:ff:0a,2,1,1,0,128,259,950,647,824,989,13,452,496,402,441,130,248,855,216,259,728,237,608,714,534,64,879,989,799,426,465,309,251,283,118,809,608,70,70,69,42,73,74,67,52,55,48,57,68,57,60,67,41,67,69,61,62,61,58,68,53,67,41,62,62,70,65,58,59
[ 3809.630896] [AOA] Measurement: 0,1629173481.109624,08:55:31:70:ff:0a,2,1,1,0,128,685,710,35,594,349,817,869,308,800,237,646,23,946,265,279,749,870,861,298,771,645,56,533,958,837,258,773,50,221,77,131,18,68,68,68,44,73,74,67,50,57,53,58,69,60,62,66,46,68,68,63,64,64,66,70,57,69,50,66,66,74,70,65,70
[ 3809.669034] [AOA] Measurement: 0,1629173481.147763,08:55:31:70:ff:0a,2,1,1,0,128,236,900,661,824,916,1017,802,220,852,235,147,227,333,35,773,551,260,614,820,600,621,23,586,998,399,446,289,231,236,110,312,151,70,71,70,43,72,75,67,49,56,50,60,69,58,62,66,43,67,69,64,63,62,60,69,55,69,45,65,65,74,69,62,65
[ 3809.713787] [AOA] Measurement: 0,1629173481.192510,08:55:31:70:ff:0a,2,1,1,0,128,744,725,33,583,376,817,835,219,838,200,606,36,288,17,714,497,253,584,780,562,8,835,992,781,396,441,299,236,215,77,845,638,68,68,67,43,72,71,68,51,58,52,59,72,59,59,67,45,68,69,61,64,63,62,69,55,69,48,66,66,76,70,62,67
[ 3809.760456] [AOA] Measurement: 0,1629173481.239184,08:55:31:70:ff:0a,2,1,1,0,128,192,885,73,621,989,24,842,249,374,383,634,84,846,219,734,526,244,625,821,621,616,31,501,976,396,453,802,83,205,77,1022,880,64,61,62,41,68,69,65,48,55,52,57,67,56,57,64,43,67,66,62,64,65,65,67,55,66,52,63,64,71,69,64,71
[ 3809.798555] [AOA] Measurement: 0,1629173481.277284,08:55:31:70:ff:0a,2,1,1,0,128,254,906,635,822,919,997,354,413,426,452,164,257,905,242,320,788,821,793,327,794,637,53,537,1004,356,466,330,276,268,120,467,297,68,65,66,42,72,71,65,49,55,51,58,69,60,61,66,45,69,69,63,66,65,65,70,57,69,50,68,67,76,71,65,69
[ 3809.842264] [AOA] Measurement: 0,1629173481.320992,08:55:31:70:ff:0a,2,1,1,0,128,680,678,60,589,397,849,795,216,874,233,621,55,401,74,263,719,818,818,257,741,82,869,989,791,387,415,773,43,243,60,499,467,69,70,67,44,71,73,67,49,57,52,59,70,60,60,68,43,69,69,62,64,64,62,68,56,69,48,66,65,74,68,63,68
[ 3809.882968] [AOA] Measurement: 0,1629173481.361690,08:55:31:70:ff:0a,2,1,1,0,128,697,688,96,588,372,782,868,262,785,180,629,45,336,30,742,536,255,592,746,562,104,918,548,1023,347,426,736,26,747,933,423,410,68,67,67,42,70,73,69,50,56,54,58,70,60,60,66,47,69,68,63,64,65,66,70,55,69,50,67,66,73,71,65,70
[ 3809.929247] [AOA] Measurement: 0,1629173481.407976,08:55:31:70:ff:0a,2,1,1,0,128,200,922,693,838,946,1022,362,461,372,449,155,213,299,2,761,584,285,607,784,586,626,35,589,25,414,494,247,207,203,37,733,677,68,66,66,43,72,74,67,49,55,52,59,70,60,60,67,45,69,69,65,65,63,66,69,58,69,51,67,66,73,71,64,67
[ 3809.973598] [AOA] Measurement: 0,1629173481.452325,08:55:31:70:ff:0a,2,1,1,0,128,159,850,618,785,957,963,382,420,778,139,665,61,882,244,264,748,815,818,267,763,590,23,500,953,857,257,282,232,254,89,561,405,69,67,68,43,71,73,66,50,56,51,58,71,60,62,67,45,68,69,64,65,65,63,70,57,70,48,67,64,75,69,64,67
[ 3810.016449] [AOA] Measurement: 0,1629173481.495173,08:55:31:70:ff:0a,2,1,1,0,128,202,897,671,814,971,1009,351,427,406,435,578,11,364,41,713,535,232,606,783,618,695,92,560,1021,386,454,217,228,208,70,653,585,67,65,64,44,72,72,65,48,56,53,59,71,59,61,67,43,68,67,63,65,65,64,69,56,71,52,66,66,75,72,65,69
[ 3810.060214] [AOA] Measurement: 0,1629173481.538939,08:55:31:70:ff:0a,2,1,1,0,128,218,889,663,805,415,846,336,379,378,414,144,219,909,245,348,787,873,839,321,814,588,26,581,1014,416,503,278,248,269,122,301,95,55,53,56,35,58,59,54,39,47,45,50,60,48,49,53,39,57,57,51,53,53,54,57,48,56,41,56,56,62,60,54,59
[ 3810.103898] [AOA] Measurement: 0,1629173481.582622,08:55:31:70:ff:0a,2,1,1,0,128,684,654,57,554,329,789,821,207,838,236,657,61,864,234,739,521,259,615,786,593,101,845,27,841,828,250,716,999,682,916,72,8,69,67,65,43,71,71,68,49,56,53,59,70,60,61,67,45,67,70,63,66,64,63,69,55,70,49,64,63,74,68,63,66
[ 3810.153664] [AOA] Measurement: 0,1629173481.632387,08:55:31:70:ff:0a,2,1,1,0,128,178,862,607,793,905,1009,825,230,411,471,136,197,886,235,705,542,233,548,763,589,90,866,1009,809,429,475,335,274,251,113,832,677,70,69,68,43,72,73,68,50,55,49,58,69,58,62,66,44,67,71,64,65,63,61,70,53,68,47,66,65,75,69,62,66
[ 3810.199742] [AOA] Measurement: 0,1629173481.678468,08:55:31:70:ff:0a,2,1,1,0,128,256,929,631,799,945,1012,807,223,401,472,148,217,893,276,274,780,784,777,342,820,580,54,542,1001,357,481,308,220,232,67,130,1017,67,67,65,41,67,72,68,49,56,50,59,71,59,60,67,44,66,69,64,61,61,62,67,53,68,45,64,63,73,68,61,64
[ 3810.244198] [AOA] Measurement: 0,1629173481.722926,08:55:31:70:ff:0a,2,1,1,0,128,218,919,645,776,382,826,317,396,405,447,115,188,300,1014,753,537,262,629,758,589,113,888,1004,814,394,502,255,234,246,101,282,126,63,61,60,42,67,69,64,44,53,52,55,66,55,56,62,43,66,64,60,63,63,64,67,56,65,51,64,64,72,70,64,70
[ 3810.299711] [AOA] Measurement: 0,1629173481.778434,08:55:31:70:ff:0a,2,1,1,0,128,635,662,105,622,339,807,804,224,846,194,647,47,345,78,737,522,291,607,770,578,71,888,556,978,376,448,313,212,238,93,768,689,68,69,67,43,72,72,68,51,55,50,60,70,62,62,67,45,69,69,65,63,64,64,70,55,70,49,67,66,75,72,64,69
[ 3810.342346] [AOA] Measurement: 0,1629173481.821069,08:55:31:70:ff:0a,2,1,1,0,128,651,671,96,635,894,944,835,215,850,200,618,45,394,68,765,557,255,589,803,595,662,33,581,1,347,415,274,246,242,88,717,659,66,66,65,43,70,71,67,47,56,53,59,68,58,58,67,43,68,68,63,64,66,66,67,58,69,50,65,66,73,71,64,70
[ 3810.387307] [AOA] Measurement: 0,1629173481.866035,08:55:31:70:ff:0a,2,1,1,0,128,605,657,96,609,334,813,866,230,455,462,167,237,888,212,214,697,257,580,290,785,571,1,983,799,839,225,817,52,267,126,177,4,69,69,67,43,71,72,67,49,57,51,59,71,60,63,66,44,70,71,64,65,63,63,70,57,68,47,65,65,74,69,62,66
[ 3810.429506] [AOA] Measurement: 0,1629173481.908230,08:55:31:70:ff:0a,2,1,1,0,128,226,881,647,780,962,12,411,449,378,425,192,249,924,249,288,754,830,813,368,839,591,37,577,986,366,428,775,48,258,135,322,149,66,65,66,43,70,70,66,48,56,52,59,70,59,60,67,44,68,70,64,64,66,66,68,58,69,51,66,65,74,71,63,69
[ 3810.468109] [AOA] Measurement: 0,1629173481.946837,08:55:31:70:ff:0a,2,1,1,0,128,626,624,119,640,409,832,822,226,858,238,570,1007,393,76,254,722,834,824,287,797,29,867,5,795,891,293,728,19,281,92,762,671,66,63,65,41,69,71,66,49,57,53,59,69,59,59,66,45,68,69,62,62,64,64,69,58,69,49,66,66,72,70,66,69
[ 3810.511493] [AOA] Measurement: 0,1629173481.990220,08:55:31:70:ff:0a,2,1,1,0,128,665,658,1022,559,368,808,793,201,801,203,629,49,381,34,274,738,834,833,259,798,630,56,481,977,817,212,767,46,720,917,397,337,57,54,55,37,60,61,57,42,48,46,49,59,49,50,55,36,56,56,52,53,54,56,57,47,57,43,54,55,62,60,55,59
[ 3810.550118] [AOA] Measurement: 0,1629173482.028844,08:55:31:70:ff:0a,2,1,1,0,128,668,712,66,599,352,790,435,478,842,218,673,64,842,182,252,698,806,783,293,772,1020,821,1009,781,928,311,732,43,199,48,888,766,66,66,65,43,69,71,67,48,56,52,57,69,58,62,68,44,67,66,63,66,64,66,69,58,70,50,66,65,73,69,64,70
[ 3810.593951] [AOA] Measurement: 0,1629173482.072678,08:55:31:70:ff:0a,2,1,1,0,128,223,891,624,844,931,995,375,449,415,438,157,238,888,243,304,782,832,855,260,781,970,812,1008,786,401,453,279,220,702,924,371,332,65,65,67,43,70,71,66,48,54,53,58,69,58,58,65,45,67,66,61,64,64,65,67,55,67,52,67,67,73,71,65,71
[ 3810.638664] [AOA] Measurement: 0,1629173482.117388,08:55:31:70:ff:0a,2,1,1,0,128,656,697,83,572,377,788,837,237,860,193,613,25,351,36,292,771,808,784,295,784,595,7,981,773,858,256,780,40,739,949,363,366,68,66,66,43,70,71,66,50,55,51,58,69,60,62,66,44,69,71,63,64,64,63,70,55,69,48,65,65,74,71,63,67
[ 3810.681811] [AOA] Measurement: 0,1629173482.160542,08:55:31:70:ff:0a,2,1,1,0,128,640,672,98,572,385,813,843,244,786,176,590,998,303,0,723,529,257,601,747,562,48,821,13,820,834,235,761,22,723,961,49,1011,68,66,66,43,71,73,67,50,57,53,60,71,60,62,68,44,69,69,63,65,64,66,70,56,68,51,66,65,75,70,64,69
[ 3810.720127] [AOA] Measurement: 0,1629173482.198854,08:55:31:70:ff:0a,2,1,1,0,128,751,699,81,631,941,1018,333,430,391,459,112,239,311,28,784,529,208,581,711,526,52,832,1010,824,435,461,335,272,299,163,501,219,66,66,67,42,70,70,66,48,56,52,59,69,59,59,66,44,67,69,64,65,64,65,69,56,70,48,64,65,74,70,64,68
[ 3810.763777] [AOA] Measurement: 0,1629173482.242504,08:55:31:70:ff:0a,2,1,1,0,128,207,894,621,785,980,9,389,437,384,421,160,226,820,216,690,492,272,589,801,596,64,847,26,817,391,496,305,231,254,98,184,5,71,71,69,43,74,73,66,49,56,49,60,69,60,61,67,42,68,69,62,62,60,59,68,54,68,43,63,63,72,67,61,62
[ 3810.805831] [AOA] Measurement: 0,1629173482.284556,08:55:31:70:ff:0a,2,1,1,0,128,679,727,697,869,942,29,383,431,415,458,117,198,341,48,239,727,794,781,717,560,1004,836,949,759,853,240,793,65,759,962,126,57,71,69,69,42,73,73,68,51,56,49,60,69,60,61,67,42,66,68,63,63,60,58,68,52,67,43,64,64,73,68,61,63
[ 3810.849321] [AOA] Measurement: 0,1629173482.328044,08:55:31:70:ff:0a,2,1,1,0,128,188,874,627,812,860,976,312,409,434,470,166,241,868,265,258,744,842,835,286,788,634,31,609,25,403,483,336,283,309,150,242,973,70,69,68,43,71,71,67,51,55,49,60,71,60,61,68,43,65,70,62,63,61,61,68,53,67,43,63,62,70,65,58,61
[ 3810.892323] [AOA] Measurement: 0,1629173482.371047,08:55:31:70:ff:0a,2,1,1,0,128,698,704,50,607,395,841,813,209,860,234,640,75,890,239,229,727,267,614,787,634,92,891,555,984,369,448,280,212,744,946,714,588,69,70,69,45,73,73,68,50,56,52,59,71,60,61,67,44,68,70,65,64,64,64,69,56,69,47,66,65,75,68,62,65
[ 3810.942409] [AOA] Measurement: 0,1629173482.421133,08:55:31:70:ff:0a,2,1,1,0,128,697,670,62,578,357,789,846,216,826,220,657,37,268,12,711,510,297,643,755,565,61,841,512,981,819,249,747,20,738,939,320,311,69,71,67,40,70,73,66,51,54,49,60,69,59,61,67,40,65,69,63,63,59,56,67,53,68,42,64,63,71,65,58,59
[ 3810.988140] [AOA] Measurement: 0,1629173482.466869,08:55:31:70:ff:0a,2,1,1,0,128,638,684,85,593,380,820,864,228,803,155,656,49,320,46,741,530,248,595,340,811,17,882,477,952,826,197,802,66,717,914,321,225,65,61,61,42,68,71,64,46,55,52,58,68,58,59,65,46,65,68,62,62,64,65,69,57,67,50,64,64,73,71,64,69
[ 3811.031539] [AOA] Measurement: 0,1629173482.510267,08:55:31:70:ff:0a,2,1,1,0,128,199,885,680,880,938,1022,391,440,820,211,663,49,898,240,291,763,798,780,320,796,38,835,30,814,816,207,823,67,271,102,921,753,68,70,67,42,71,72,67,48,55,52,59,71,60,60,67,44,69,70,63,66,66,64,70,57,69,51,65,66,77,72,66,69
[ 3811.075233] [AOA] Measurement: 0,1629173482.553961,08:55:31:70:ff:0a,2,1,1,0,128,206,909,639,798,391,819,375,434,760,199,614,33,372,56,278,732,254,615,324,807,617,52,550,1004,415,476,275,215,170,66,562,469,63,60,62,42,68,70,62,47,54,53,57,69,58,59,65,44,68,67,61,64,66,65,67,57,67,51,65,63,73,70,64,70
[ 3811.132379] [AOA] Measurement: 0,1629173482.611106,08:55:31:70:ff:0a,2,1,1,0,128,200,880,92,617,387,847,843,251,341,380,578,65,305,26,217,692,830,817,266,744,577,29,999,759,929,273,761,34,237,87,942,766,67,65,66,43,70,71,68,48,53,52,57,68,59,58,65,44,68,68,62,63,65,65,68,57,69,51,67,67,72,70,65,70
[ 3811.172539] [AOA] Measurement: 0,1629173482.651262,08:55:31:70:ff:0a,2,1,1,0,128,189,877,99,669,343,785,865,243,780,176,639,28,320,3,743,538,246,619,754,561,632,26,483,999,384,463,753,25,701,904,312,297,68,66,67,42,72,73,67,49,55,51,59,70,60,62,67,44,68,70,64,64,63,65,69,56,69,48,65,65,73,70,63,68
[ 3811.219531] [AOA] Measurement: 0,1629173482.698259,08:55:31:70:ff:0a,2,1,1,0,128,682,683,47,564,394,803,838,267,845,202,635,41,310,23,757,533,215,578,745,567,58,871,576,990,335,398,303,244,248,72,237,72,63,62,61,42,66,68,64,45,53,53,58,68,58,58,65,44,68,66,60,64,66,66,66,56,67,52,64,65,73,70,64,69
[ 3811.262832] [AOA] Measurement: 0,1629173482.741560,08:55:31:70:ff:0a,2,1,1,0,128,189,862,58,572,470,855,379,455,417,424,645,47,876,229,271,736,813,822,743,557,594,21,5,807,873,247,798,66,687,907,387,338,69,69,67,41,72,73,68,50,55,51,58,67,58,60,64,42,65,67,62,62,62,61,69,53,67,44,63,61,73,67,61,62
[ 3811.312143] [AOA] Measurement: 0,1629173482.790866,08:55:31:70:ff:0a,2,1,1,0,128,745,734,35,535,370,773,828,226,813,201,594,20,346,8,742,530,210,578,773,539,88,842,988,796,859,254,756,38,782,955,703,653,70,71,68,44,73,75,68,53,56,51,59,71,60,63,69,45,69,69,63,63,62,63,69,57,70,47,66,66,75,71,63,67
[ 3811.361747] [AOA] Measurement: 0,1629173482.840470,08:55:31:70:ff:0a,2,1,1,0,128,254,918,706,876,906,980,348,425,382,465,104,195,327,8,790,576,792,800,353,829,633,79,515,971,406,459,290,237,246,99,583,477,68,67,66,43,71,72,67,50,55,51,58,68,57,61,66,42,69,71,64,64,62,63,71,55,68,47,65,64,74,68,62,65
[ 3811.406276] [AOA] Measurement: 0,1629173482.885003,08:55:31:70:ff:0a,2,1,1,0,128,682,685,19,574,379,824,835,205,848,224,648,26,361,61,263,742,868,851,373,819,595,41,549,3,305,403,262,233,260,117,643,524,65,63,66,42,70,70,64,47,55,51,58,69,58,59,67,46,69,70,62,66,65,65,70,55,67,49,64,64,73,67,65,70
[ 3811.443959] [AOA] Measurement: 0,1629173482.922688,08:55:31:70:ff:0a,2,1,1,0,128,679,688,98,622,386,805,420,477,376,430,147,225,864,259,230,727,796,809,322,838,610,52,542,988,395,481,766,52,276,120,673,538,64,64,65,41,69,72,66,49,56,53,58,69,61,60,66,46,67,70,62,64,65,65,69,57,68,51,65,66,74,69,64,69
[ 3811.482005] [AOA] Measurement: 0,1629173482.960732,08:55:31:70:ff:0a,2,1,1,0,128,207,856,87,628,957,1008,397,479,367,409,154,236,321,21,681,511,268,614,268,750,47,862,11,798,442,475,316,257,253,103,671,549,67,65,66,42,70,71,67,50,56,51,60,69,61,61,67,46,68,68,65,64,65,64,69,58,69,49,66,65,73,71,64,66
[ 3811.522660] [AOA] Measurement: 0,1629173483.001384,08:55:31:70:ff:0a,2,1,1,0,128,220,899,591,768,914,981,394,435,824,244,602,44,336,55,263,720,816,806,284,782,637,32,579,1019,320,441,291,263,205,87,650,457,69,66,66,43,71,70,67,50,55,50,58,69,59,61,65,42,66,69,63,63,60,59,69,53,67,42,63,63,71,65,60,61
[ 3811.568542] [AOA] Measurement: 0,1629173483.047270,08:55:31:70:ff:0a,2,1,1,0,128,247,891,637,804,960,993,397,484,411,470,145,240,926,279,243,694,833,818,750,594,68,874,540,1022,400,474,297,231,226,92,181,1017,61,62,62,43,68,69,65,45,54,51,56,68,57,57,65,45,67,66,63,65,66,64,69,56,67,50,65,66,73,69,64,68
[ 3811.612969] [AOA] Measurement: 0,1629173483.091699,08:55:31:70:ff:0a,2,1,1,0,128,691,690,97,631,310,763,827,234,839,226,647,67,931,276,298,770,829,818,264,778,587,33,514,931,839,236,727,41,735,935,940,828,70,70,68,42,72,75,68,50,56,52,61,72,61,64,69,44,68,71,63,63,64,61,67,54,68,47,65,64,76,68,61,66
[ 3811.663189] [AOA] Measurement: 0,1629173483.141911,08:55:31:70:ff:0a,2,1,1,0,128,214,891,661,797,947,27,422,465,379,413,670,79,861,220,711,499,806,776,773,584,49,839,565,967,410,473,280,216,219,76,822,734,65,65,66,42,69,71,66,47,55,51,58,68,58,59,65,42,68,67,62,63,64,65,68,56,67,49,66,66,74,70,64,68
[ 3811.713217] [AOA] Measurement: 0,1629173483.191940,08:55:31:70:ff:0a,2,1,1,0,128,197,876,72,605,439,862,392,454,364,430,151,234,317,30,303,774,799,788,774,596,612,13,572,1002,770,212,767,21,747,922,156,57,69,70,68,43,74,74,69,51,57,52,60,71,60,60,65,42,67,70,63,63,62,60,69,54,69,45,62,64,74,66,61,63
[ 3811.757239] [AOA] Measurement: 0,1629173483.235966,08:55:31:70:ff:0a,2,1,1,0,128,251,909,627,817,939,24,340,408,354,407,627,58,308,27,718,528,247,591,779,586,73,856,975,794,437,504,341,264,250,105,697,519,67,65,65,43,73,72,68,51,56,53,60,70,59,59,67,45,67,69,64,64,63,64,69,56,67,49,67,64,74,70,63,69
[ 3811.799910] [AOA] Measurement: 0,1629173483.278633,08:55:31:70:ff:0a,2,1,1,0,128,627,643,7,516,338,834,849,203,863,222,620,1016,340,29,735,537,276,626,744,577,36,856,993,811,893,252,765,49,735,937,378,435,69,68,66,42,71,73,66,49,56,51,57,69,58,60,67,43,67,70,63,64,63,63,70,57,68,47,66,64,75,70,64,67
[ 3811.838572] [AOA] Measurement: 0,1629173483.317299,08:55:31:70:ff:0a,2,1,1,0,128,767,771,613,772,966,13,323,443,392,401,611,28,894,260,233,725,190,575,754,572,64,883,996,798,833,220,778,46,686,896,105,82,67,65,66,42,70,72,67,49,56,53,60,69,59,60,67,44,67,68,63,65,64,65,70,55,68,49,66,66,75,71,63,68
[ 3811.876491] [AOA] Measurement: 0,1629173483.355218,08:55:31:70:ff:0a,2,1,1,0,128,698,690,52,585,359,822,897,263,422,464,123,207,375,41,748,547,813,791,277,793,48,870,521,989,418,447,306,231,697,898,102,985,67,65,64,42,70,70,67,48,55,54,58,69,58,58,65,43,67,68,61,63,64,66,68,56,67,52,65,65,73,69,63,71
[ 3811.918199] [AOA] Measurement: 0,1629173483.396924,08:55:31:70:ff:0a,2,1,1,0,128,162,874,626,774,347,781,860,230,836,189,616,40,331,48,689,501,330,634,730,557,2,806,993,753,858,248,739,21,289,108,770,641,70,66,67,43,72,73,66,49,55,52,61,68,60,61,68,44,69,69,64,67,65,64,71,58,69,49,66,65,75,70,64,67
[ 3811.963613] [AOA] Measurement: 0,1629173483.442341,08:55:31:70:ff:0a,2,1,1,0,128,267,926,575,732,389,814,881,275,830,205,613,13,901,214,301,771,833,841,324,822,651,78,566,5,346,418,787,66,705,887,896,955,67,66,64,42,72,71,66,50,57,52,59,68,58,60,65,43,66,68,63,65,64,64,69,55,70,48,67,65,76,71,63,67
[ 3812.007027] [AOA] Measurement: 0,1629173483.485755,08:55:31:70:ff:0a,2,1,1,0,128,197,880,86,603,386,817,863,247,421,462,135,213,904,269,273,753,876,882,279,801,653,78,566,1016,441,525,337,267,229,68,702,564,65,66,66,44,70,72,67,50,56,52,58,70,59,60,66,43,66,67,62,64,65,65,69,57,68,50,64,64,75,70,65,69
[ 3812.049780] [AOA] Measurement: 0,1629173483.528504,08:55:31:70:ff:0a,2,1,1,0,128,204,885,78,606,959,11,363,466,358,440,631,39,912,237,268,739,870,863,301,811,630,49,572,992,445,487,362,293,264,97,740,540,65,66,63,43,70,70,67,48,55,53,58,70,58,60,65,44,67,68,60,62,63,65,68,56,67,50,64,66,73,69,65,71
[ 3812.088136] [AOA] Measurement: 0,1629173483.566863,08:55:31:70:ff:0a,2,1,1,0,128,217,892,653,798,932,28,398,454,431,450,89,176,892,201,739,552,263,606,724,543,984,831,1012,792,807,215,779,54,287,129,868,841,70,68,66,44,71,71,66,51,55,52,60,69,59,62,69,44,68,70,65,65,65,65,69,57,68,49,66,66,74,70,63,68
[ 3812.132520] [AOA] Measurement: 0,1629173483.611249,08:55:31:70:ff:0a,2,1,1,0,128,722,722,59,603,922,1006,895,283,392,439,121,198,902,250,248,703,775,764,286,769,587,1023,536,986,861,285,295,260,308,139,525,342,70,69,68,43,72,73,68,51,57,52,59,71,60,62,68,45,69,69,64,66,65,65,70,57,68,48,66,66,75,70,64,67
[ 3812.175345] [AOA] Measurement: 0,1629173483.654069,08:55:31:70:ff:0a,2,1,1,0,128,652,676,105,626,332,788,839,251,789,174,608,18,309,1014,692,484,255,596,762,560,115,916,567,1009,359,443,308,239,248,116,207,56,69,67,66,42,72,73,66,48,56,53,60,69,60,60,66,46,68,70,64,64,65,66,68,57,68,51,66,65,74,69,65,71
[ 3812.219504] [AOA] Measurement: 0,1629173483.698227,08:55:31:70:ff:0a,2,1,1,0,128,202,901,656,793,388,784,806,203,883,208,623,33,291,7,731,544,240,558,322,802,628,55,516,942,433,491,295,235,756,933,71,14,69,69,66,41,71,71,67,51,55,49,59,69,60,61,66,41,67,68,61,61,59,56,66,52,66,41,61,62,70,64,59,61
[ 3812.262310] [AOA] Measurement: 0,1629173483.741034,08:55:31:70:ff:0a,2,1,1,0,128,281,932,635,814,378,817,874,242,409,434,134,246,878,282,287,765,854,841,401,871,631,42,551,997,385,485,325,248,224,86,883,760,67,65,66,41,71,72,67,49,55,51,59,69,61,60,67,43,67,69,64,65,62,62,70,56,68,46,63,64,72,68,60,64
[ 3812.312176] [AOA] Measurement: 0,1629173483.790899,08:55:31:70:ff:0a,2,1,1,0,128,262,919,631,835,945,1015,387,435,373,392,653,72,862,244,291,747,813,843,356,822,680,109,577,1018,335,444,363,295,201,76,524,325,68,66,67,41,70,73,65,49,56,52,60,69,60,61,66,45,66,69,62,63,60,60,67,51,67,43,63,63,72,68,60,63
[ 3812.363359] [AOA] Measurement: 0,1629173483.842083,08:55:31:70:ff:0a,2,1,1,0,128,635,662,107,615,381,821,821,198,847,224,581,25,319,20,715,493,244,613,782,589,41,833,504,948,403,474,315,253,220,75,714,672,69,67,69,43,73,74,69,50,57,51,60,69,59,63,67,45,70,71,64,66,65,65,71,57,71,48,67,66,74,72,64,69
[ 3812.407513] [AOA] Measurement: 0,1629173483.886241,08:55:31:70:ff:0a,2,1,1,0,128,720,757,47,621,927,985,816,226,839,230,614,35,321,55,648,445,242,586,727,510,999,823,1010,794,837,234,800,69,671,861,457,570,70,69,67,43,73,73,67,50,56,52,59,69,60,62,69,44,71,71,63,66,66,63,72,55,68,48,65,64,76,70,64,68
[ 3812.448543] [AOA] Measurement: 0,1629173483.927271,08:55:31:70:ff:0a,2,1,1,0,128,615,680,35,577,391,771,821,212,833,234,650,51,312,19,773,543,237,582,802,597,600,1,1003,804,836,256,799,50,678,903,1021,998,69,67,68,43,72,72,68,51,57,52,60,72,61,60,68,46,67,69,63,64,63,62,70,55,69,48,66,65,74,70,61,67
[ 3812.492326] [AOA] Measurement: 0,1629173483.971053,08:55:31:70:ff:0a,2,1,1,0,128,212,881,645,796,919,1016,339,423,398,439,598,17,348,44,242,749,822,819,277,746,68,903,515,995,371,440,294,230,251,85,306,149,66,65,64,42,69,71,64,47,55,52,58,69,59,60,67,46,68,69,64,64,66,66,68,57,68,52,66,65,74,71,65,70
[ 3812.542134] [AOA] Measurement: 0,1629173484.020857,08:55:31:70:ff:0a,2,1,1,0,128,702,700,52,608,359,804,877,234,861,245,630,39,291,39,707,506,343,624,798,628,84,876,1023,762,889,264,762,24,707,896,269,336,58,54,57,39,62,64,60,44,51,49,54,65,54,54,63,42,65,65,60,63,64,65,67,55,67,51,64,65,72,70,63,71
[ 3812.592082] [AOA] Measurement: 0,1629173484.070805,08:55:31:70:ff:0a,2,1,1,0,128,212,890,708,849,932,1013,314,407,821,176,710,106,339,53,740,568,240,546,759,603,104,903,523,961,433,484,300,234,255,100,519,290,65,66,66,42,71,71,68,48,55,51,59,70,61,59,65,46,67,68,62,64,64,63,68,56,70,49,67,67,76,72,64,67
[ 3812.636798] [AOA] Measurement: 0,1629173484.115528,08:55:31:70:ff:0a,2,1,1,0,128,198,906,611,756,938,989,864,272,384,426,584,1022,894,254,288,741,863,826,250,737,587,35,19,831,867,232,787,85,270,120,427,306,61,60,62,40,67,69,65,45,51,54,57,68,57,57,63,43,67,66,59,62,64,66,68,57,68,50,64,65,74,71,64,68
[ 3812.679182] [AOA] Measurement: 0,1629173484.157905,08:55:31:70:ff:0a,2,1,1,0,128,219,906,660,833,329,802,844,255,809,194,613,27,321,22,721,555,796,773,737,547,65,844,6,806,840,251,767,49,740,912,475,387,66,66,64,42,71,71,67,50,56,53,58,69,59,60,65,45,69,69,62,65,66,66,68,57,69,52,65,64,74,70,64,69
[ 3812.716977] [AOA] Measurement: 0,1629173484.195705,08:55:31:70:ff:0a,2,1,1,0,128,196,859,56,602,393,841,867,243,401,404,146,223,899,259,216,690,261,629,722,561,69,869,1011,793,749,143,701,1002,721,900,336,359,65,67,67,43,71,73,67,49,55,53,60,71,59,61,67,45,70,69,65,64,63,64,69,58,67,49,65,67,76,71,64,69
[ 3812.758777] [AOA] Measurement: 0,1629173484.237500,08:55:31:70:ff:0a,2,1,1,0,128,664,667,120,609,439,839,855,247,856,240,607,37,310,30,749,542,267,612,768,591,82,859,973,778,862,245,299,239,668,852,842,781,69,70,68,43,72,73,69,52,58,52,60,72,61,62,66,43,68,69,63,65,64,62,68,55,68,43,65,64,74,69,62,65
[ 3812.797271] [AOA] Measurement: 0,1629173484.275999,08:55:31:70:ff:0a,2,1,1,0,128,686,682,127,629,400,791,860,269,836,200,601,18,371,51,722,520,837,814,331,785,43,840,1006,785,828,265,719,25,765,913,197,142,66,66,64,42,70,71,66,49,56,53,59,69,59,60,66,45,69,68,62,66,63,66,71,57,68,49,66,64,73,69,63,68
[ 3812.838115] [AOA] Measurement: 0,1629173484.316839,08:55:31:70:ff:0a,2,1,1,0,128,688,712,111,629,952,8,366,442,374,444,174,268,841,210,245,701,288,639,767,564,97,885,1,801,889,268,302,251,217,89,102,59,68,68,68,44,71,73,68,50,57,52,62,71,60,62,66,44,70,70,64,65,65,63,70,56,69,47,66,64,74,69,64,66
[ 3812.883139] [AOA] Measurement: 0,1629173484.361866,08:55:31:70:ff:0a,2,1,1,0,128,692,658,56,597,401,797,817,235,844,202,589,1,264,1014,680,528,283,637,316,779,604,26,563,1007,329,377,753,55,712,897,31,138,67,66,66,42,69,70,68,48,56,51,59,70,60,59,65,46,68,70,62,65,63,66,69,57,69,52,66,66,74,71,65,70
[ 3812.924792] [AOA] Measurement: 0,1629173484.403516,08:55:31:70:ff:0a,2,1,1,0,128,240,923,681,817,953,1011,359,435,392,460,130,203,874,222,227,688,265,624,769,576,40,851,1012,785,839,255,311,242,260,116,680,484,71,70,68,42,73,74,68,51,57,50,59,70,59,60,67,43,68,69,64,63,62,61,68,54,66,44,65,65,73,68,63,66
[ 3812.970149] [AOA] Measurement: 0,1629173484.448878,08:55:31:70:ff:0a,2,1,1,0,128,709,711,643,841,928,996,382,434,368,406,155,234,267,22,726,536,274,622,775,612,88,875,526,958,378,467,296,237,254,107,840,722,68,69,68,43,72,71,69,50,55,49,59,70,59,60,66,45,69,69,64,63,62,62,68,55,69,46,65,64,73,68,62,65
[ 3813.008609] [AOA] Measurement: 0,1629173484.487340,08:55:31:70:ff:0a,2,1,1,0,128,202,894,614,770,404,843,409,463,807,200,601,49,343,29,263,728,816,820,280,775,86,855,570,1020,434,470,273,257,228,75,624,441,66,65,65,43,70,71,66,49,57,53,58,69,59,61,65,45,67,69,62,64,64,65,69,58,68,49,66,64,73,71,63,69
[ 3813.053086] [AOA] Measurement: 0,1629173484.531813,08:55:31:70:ff:0a,2,1,1,0,128,653,693,67,616,904,980,834,238,879,269,655,56,863,193,742,532,244,598,742,544,81,885,1019,821,778,193,307,245,250,105,837,720,67,65,65,43,72,72,67,49,58,53,60,71,58,61,65,44,66,68,63,65,65,64,70,57,69,48,65,65,75,71,64,69
[ 3813.095605] [AOA] Measurement: 0,1629173484.574331,08:55:31:70:ff:0a,2,1,1,0,128,221,920,684,829,934,1015,397,461,381,453,159,235,921,250,303,762,796,785,315,819,646,63,588,12,362,452,338,275,289,110,996,711,69,68,67,44,72,72,67,50,57,53,61,72,61,60,66,45,69,70,65,64,64,65,70,57,70,51,66,67,76,70,65,69
[ 3813.139632] [AOA] Measurement: 0,1629173484.618359,08:55:31:70:ff:0a,2,1,1,0,128,669,681,42,602,346,800,801,198,886,247,638,51,357,84,266,758,798,772,796,619,74,850,565,3,393,465,340,254,252,109,514,386,71,70,69,42,72,72,67,50,57,50,58,66,58,59,67,42,68,70,64,64,62,60,70,54,68,45,65,65,72,67,61,63
[ 3813.182714] [AOA] Measurement: 0,1629173484.661440,08:55:31:70:ff:0a,2,1,1,0,128,641,671,680,805,973,1020,385,465,425,469,73,186,310,13,752,559,233,620,308,789,619,46,500,971,431,488,327,258,257,84,414,375,66,66,66,43,70,71,67,50,56,53,59,70,58,60,66,45,67,67,61,65,66,65,68,58,68,51,66,66,74,70,65,70
[ 3813.232955] [AOA] Measurement: 0,1629173484.711683,08:55:31:70:ff:0a,2,1,1,0,128,255,970,602,773,940,1007,344,416,369,386,571,5,365,84,733,500,804,807,269,789,68,877,544,1012,370,430,724,1019,731,976,172,97,70,68,68,44,72,75,69,50,58,52,60,71,61,62,67,46,68,71,64,65,63,65,70,56,70,49,64,65,75,70,63,67
[ 3813.279194] [AOA] Measurement: 0,1629173484.757924,08:55:31:70:ff:0a,2,1,1,0,128,614,645,31,602,425,834,853,204,416,441,169,214,878,261,695,471,275,598,714,541,73,890,1017,795,853,241,746,1022,738,944,379,272,69,68,69,42,71,73,68,51,56,51,60,70,60,62,68,42,68,70,62,63,61,60,69,55,68,47,66,66,74,69,63,66
[ 3813.324462] [AOA] Measurement: 0,1629173484.803191,08:55:31:70:ff:0a,2,1,1,0,128,699,688,32,564,357,810,785,186,785,184,567,993,365,29,726,494,263,608,761,594,63,838,1011,801,918,278,310,253,241,93,13,952,69,69,69,42,72,72,66,51,56,50,59,69,59,61,68,43,67,70,63,63,62,61,70,54,68,44,65,64,73,68,59,63
[ 3813.370584] [AOA] Measurement: 0,1629173484.849309,08:55:31:70:ff:0a,2,1,1,0,128,266,921,627,805,890,980,875,265,462,483,157,237,866,223,269,751,736,769,285,778,648,56,547,5,412,461,258,201,737,928,294,206,65,63,62,42,67,68,66,47,53,50,58,69,59,57,65,45,67,67,61,64,66,65,68,57,67,50,64,65,72,71,63,71
[ 3813.413140] [AOA] Measurement: 0,1629173484.891869,08:55:31:70:ff:0a,2,1,1,0,128,683,700,76,578,362,864,841,255,802,212,668,50,904,245,273,704,266,643,302,775,632,18,587,1002,336,431,271,237,244,103,115,1013,65,63,65,43,69,69,66,48,55,52,58,71,59,60,65,45,67,66,62,65,66,66,69,57,68,52,64,65,72,70,64,70
[ 3813.458065] [AOA] Measurement: 0,1629173484.936788,08:55:31:70:ff:0a,2,1,1,0,128,237,883,637,804,931,994,802,213,841,215,553,1023,299,1023,774,554,739,780,240,749,647,27,491,966,439,477,310,249,226,88,18,972,67,64,66,43,69,71,65,49,54,53,56,68,59,60,66,44,69,69,62,65,65,66,69,55,70,51,65,64,74,70,62,68
[ 3813.504508] [AOA] Measurement: 0,1629173484.983235,08:55:31:70:ff:0a,2,1,1,0,128,211,869,568,765,384,813,841,254,865,224,602,0,933,252,297,774,845,840,246,756,570,1000,1013,821,401,457,285,229,262,132,853,741,66,65,66,42,69,71,65,49,56,51,58,70,59,61,67,45,68,68,63,65,65,65,69,56,69,50,67,67,74,70,63,69
[ 3813.548860] [AOA] Measurement: 0,1629173485.027588,08:55:31:70:ff:0a,2,1,1,0,128,205,906,636,813,980,26,354,442,411,428,175,253,276,31,715,544,267,611,778,595,596,15,992,779,885,282,304,264,240,80,168,1011,70,70,68,44,74,74,67,50,56,52,59,71,59,60,66,44,67,69,65,64,63,62,69,56,70,48,66,65,74,69,63,66
[ 3813.592896] [AOA] Measurement: 0,1629173485.071623,08:55:31:70:ff:0a,2,1,1,0,128,639,676,41,544,345,781,809,199,864,239,621,49,914,258,254,698,817,800,276,760,35,838,990,777,835,264,812,61,250,92,711,576,68,66,66,43,71,73,67,48,56,51,59,70,61,60,66,44,68,70,63,65,64,65,70,55,68,50,65,66,75,70,64,67
[ 3813.642047] [AOA] Measurement: 0,1629173485.120772,08:55:31:70:ff:0a,2,1,1,0,128,712,707,106,627,408,825,819,205,783,154,564,992,372,58,742,559,793,771,681,519,97,874,995,803,906,274,291,232,290,121,467,356,69,67,67,43,73,73,67,50,56,53,59,70,58,61,67,45,68,70,63,65,64,63,70,55,70,47,65,64,74,70,64,66
[ 3813.689005] [AOA] Measurement: 0,1629173485.167732,08:55:31:70:ff:0a,2,1,1,0,128,184,881,655,801,942,1023,371,423,402,452,116,210,349,40,768,575,796,812,317,847,610,43,556,970,865,254,811,85,260,129,366,114,66,66,66,43,71,72,66,49,56,52,59,71,59,60,67,44,67,68,63,65,63,64,69,57,69,51,66,67,73,69,64,70
[ 3813.727064] [AOA] Measurement: 0,1629173485.205792,08:55:31:70:ff:0a,2,1,1,0,128,734,730,91,615,419,838,327,410,892,266,585,9,302,3,740,546,279,621,327,807,587,32,531,984,345,437,781,39,256,80,582,494,69,69,68,41,71,72,67,51,56,50,59,69,59,61,67,42,68,69,63,61,59,59,67,53,67,45,64,64,73,68,61,61
[ 3813.773552] [AOA] Measurement: 0,1629173485.252276,08:55:31:70:ff:0a,2,1,1,0,128,659,684,108,663,339,798,837,200,849,239,668,51,227,9,709,491,234,604,761,579,67,852,550,974,445,481,275,233,251,77,840,729,72,69,66,41,72,73,67,50,56,50,58,70,59,61,65,44,68,69,61,64,62,62,70,55,69,45,64,65,74,69,63,62
[ 3813.818176] [AOA] Measurement: 0,1629173485.296904,08:55:31:70:ff:0a,2,1,1,0,128,240,878,667,848,886,974,374,449,419,475,148,225,902,230,739,532,282,611,793,597,641,44,544,980,384,429,251,221,282,76,638,524,70,68,70,41,72,72,69,51,56,52,60,71,62,62,68,44,70,70,64,64,64,63,70,57,70,47,66,66,75,71,63,65
[ 3813.862725] [AOA] Measurement: 0,1629173485.341452,08:55:31:70:ff:0a,2,1,1,0,128,213,884,607,786,934,1020,388,431,359,411,143,196,329,28,732,512,189,570,727,552,56,846,1008,795,842,240,349,256,207,81,860,758,69,68,66,42,71,71,67,50,57,52,59,72,59,63,67,44,70,71,64,65,64,62,68,55,69,45,63,64,74,69,62,63
[ 3813.911175] [AOA] Measurement: 0,1629173485.389902,08:55:31:70:ff:0a,2,1,1,0,128,169,879,651,818,366,810,803,217,855,205,640,60,326,37,694,495,285,633,287,774,596,21,512,953,816,223,753,15,230,44,164,74,67,68,66,42,71,73,67,48,56,52,59,70,60,61,65,44,68,67,63,64,64,64,67,56,68,51,64,66,74,71,66,70
[ 3813.949293] [AOA] Measurement: 0,1629173485.428016,08:55:31:70:ff:0a,2,1,1,0,128,248,918,623,806,394,807,812,234,865,259,641,80,348,36,812,593,824,788,300,767,601,25,545,978,391,474,322,288,244,86,72,983,72,71,69,43,72,73,67,53,55,48,57,69,60,60,64,42,67,70,62,63,62,59,70,55,68,43,65,64,73,67,59,62
[ 3813.991348] [AOA] Measurement: 0,1629173485.470077,08:55:31:70:ff:0a,2,1,1,0,128,174,852,105,620,366,772,869,239,845,224,587,10,305,29,686,512,263,607,702,546,94,882,952,763,858,271,770,41,737,939,828,744,65,62,63,41,67,69,65,45,54,52,55,66,56,58,64,44,67,65,58,64,64,66,65,56,63,53,64,66,72,69,63,70
[ 3814.029694] [AOA] Measurement: 0,1629173485.508417,08:55:31:70:ff:0a,2,1,1,0,128,649,663,59,593,397,818,840,217,909,277,148,232,910,232,247,726,845,843,270,768,591,58,4,798,869,263,324,241,227,86,996,854,68,69,67,43,73,73,66,49,56,52,57,69,59,61,66,45,68,70,62,65,65,65,69,58,69,49,66,66,74,70,63,68
[ 3814.072989] [AOA] Measurement: 0,1629173485.551712,08:55:31:70:ff:0a,2,1,1,0,128,725,729,67,609,418,798,343,402,823,194,604,1,300,8,716,533,278,625,673,522,46,848,7,830,839,254,749,31,239,78,970,906,66,66,64,41,69,69,67,48,55,53,58,69,58,60,66,44,67,69,62,64,65,66,71,56,69,51,65,66,74,69,64,68
[ 3814.122290] [AOA] Measurement: 0,1629173485.601014,08:55:31:70:ff:0a,2,1,1,0,128,759,710,661,817,890,980,831,200,841,207,606,57,307,12,756,531,279,628,773,616,598,47,500,986,435,510,281,237,293,116,853,697,69,69,66,43,70,71,67,50,54,50,58,71,60,62,68,44,67,68,65,65,64,63,69,55,69,49,64,64,76,69,62,65
[ 3814.168078] [AOA] Measurement: 0,1629173485.646807,08:55:31:70:ff:0a,2,1,1,0,128,656,712,88,627,390,820,391,489,348,412,156,228,836,181,284,710,847,805,362,813,619,31,525,982,851,237,750,27,672,883,734,723,69,69,67,43,73,73,67,49,55,51,59,71,60,61,67,44,68,71,64,64,63,62,69,55,68,46,65,63,73,68,60,64
[ 3814.212355] [AOA] Measurement: 0,1629173485.691084,08:55:31:70:ff:0a,2,1,1,0,128,709,688,86,585,434,842,866,250,356,401,154,216,333,47,702,533,258,595,751,561,129,931,514,948,833,234,768,20,718,905,832,844,66,66,65,42,68,69,65,46,55,52,57,68,58,57,66,43,67,67,63,63,65,65,67,57,68,50,65,67,74,71,65,70
[ 3814.261985] [AOA] Measurement: 0,1629173485.740708,08:55:31:70:ff:0a,2,1,1,0,128,735,712,155,661,339,792,883,286,426,443,140,232,916,254,226,664,222,587,757,574,101,914,504,951,849,201,313,194,710,916,479,383,69,67,68,42,71,73,67,50,53,50,57,70,60,61,66,44,68,70,62,62,61,62,70,55,70,47,66,65,74,70,62,66
[ 3814.312088] [AOA] Measurement: 0,1629173485.790811,08:55:31:70:ff:0a,2,1,1,0,128,671,676,51,566,384,805,846,219,858,206,624,20,903,262,239,679,797,757,772,617,604,39,511,952,846,209,740,15,717,909,532,606,68,66,64,43,71,73,67,49,56,52,59,69,58,59,64,44,68,69,63,64,63,65,70,57,70,50,66,65,75,72,63,70
[ 3814.357104] [AOA] Measurement: 0,1629173485.835831,08:55:31:70:ff:0a,2,1,1,0,128,732,691,157,646,912,1007,396,447,366,419,159,252,899,258,291,768,894,846,290,776,586,34,571,5,390,461,313,276,220,81,1011,901,65,64,65,42,69,73,67,49,57,52,59,69,58,60,67,44,68,68,63,64,64,65,69,56,69,50,66,66,76,72,62,68
[ 3814.399711] [AOA] Measurement: 0,1629173485.878433,08:55:31:70:ff:0a,2,1,1,0,128,256,897,624,807,401,814,844,271,382,439,587,44,382,67,757,547,271,610,783,555,62,864,0,796,820,282,807,45,748,952,120,1003,69,67,66,41,72,72,67,51,55,50,57,69,60,60,67,43,67,69,63,63,61,60,69,54,68,44,64,63,72,66,60,61
[ 3814.437763] [AOA] Measurement: 0,1629173485.916490,08:55:31:70:ff:0a,2,1,1,0,128,200,888,622,803,951,1023,338,430,806,215,656,24,245,6,738,549,863,835,273,741,69,838,992,758,913,298,308,244,213,78,653,504,70,69,67,42,73,74,67,50,56,51,60,70,59,62,67,44,69,71,64,65,65,63,72,55,70,49,66,66,74,69,63,65
[ 3814.475787] [AOA] Measurement: 0,1629173485.954514,08:55:31:70:ff:0a,2,1,1,0,128,650,679,96,628,358,813,839,245,868,230,634,25,309,19,770,557,229,612,746,546,121,914,1,826,840,260,804,61,719,917,591,489,67,64,64,42,70,72,68,49,57,53,60,71,60,61,67,44,67,70,62,65,64,64,68,57,69,49,65,65,74,70,64,69
[ 3814.518842] [AOA] Measurement: 0,1629173485.997569,08:55:31:70:ff:0a,2,1,1,0,128,234,887,631,800,970,3,379,480,382,431,142,224,859,237,239,732,776,766,294,762,596,52,521,1003,398,477,341,264,262,111,589,274,69,67,67,42,72,74,68,50,57,52,61,71,61,62,67,46,70,71,64,64,66,62,70,57,68,48,65,64,75,69,62,67
[ 3814.564951] [AOA] Measurement: 0,1629173486.043674,08:55:31:70:ff:0a,2,1,1,0,128,678,690,45,597,371,831,847,229,917,276,642,55,835,185,746,560,270,603,354,809,606,17,498,939,796,213,792,40,725,943,920,862,68,68,67,43,71,73,68,51,56,52,59,70,59,62,67,44,68,70,63,65,64,64,68,56,69,48,67,65,76,71,65,68
[ 3814.609083] [AOA] Measurement: 0,1629173486.087814,08:55:31:70:ff:0a,2,1,1,0,128,689,730,675,826,927,995,402,465,374,430,132,235,839,187,731,530,807,795,806,602,35,839,561,1005,376,460,390,293,210,79,620,415,67,64,64,41,71,70,64,51,55,48,58,68,58,59,68,41,64,68,61,61,59,56,67,52,65,40,62,62,71,67,58,59
[ 3814.653090] [AOA] Measurement: 0,1629173486.131817,08:55:31:70:ff:0a,2,1,1,0,128,724,714,85,611,967,10,888,255,340,393,188,237,868,218,737,558,818,800,748,562,615,4,552,1015,301,398,307,212,266,113,9,931,70,69,65,42,70,72,67,49,53,48,57,69,60,60,65,42,66,69,62,61,59,56,66,50,66,38,61,60,69,65,59,59
[ 3814.702370] [AOA] Measurement: 0,1629173486.181093,08:55:31:70:ff:0a,2,1,1,0,128,654,681,100,616,372,813,800,190,806,171,641,68,892,250,222,672,282,595,712,571,30,818,976,758,881,281,833,122,155,35,150,128,66,65,67,41,70,70,67,47,55,51,57,69,59,58,66,45,68,68,64,63,65,64,70,55,68,49,65,64,74,69,65,68
[ 3814.752217] [AOA] Measurement: 0,1629173486.230940,08:55:31:70:ff:0a,2,1,1,0,128,232,890,624,814,952,1015,813,241,418,407,631,40,946,256,280,751,870,842,267,796,645,13,514,962,390,434,216,188,691,933,696,611,71,71,69,43,72,72,68,52,56,51,59,70,59,61,67,43,67,71,63,63,61,60,69,53,69,45,65,65,75,68,61,65
[ 3814.796992] [AOA] Measurement: 0,1629173486.275718,08:55:31:70:ff:0a,2,1,1,0,128,155,858,95,660,958,1,360,432,412,455,173,248,825,213,220,687,830,834,269,783,626,57,517,993,382,457,287,236,245,96,812,671,63,62,62,43,68,69,63,46,55,53,58,68,58,56,64,44,67,66,62,62,65,66,68,57,65,51,63,63,72,69,64,71
[ 3814.839224] [AOA] Measurement: 0,1629173486.317947,08:55:31:70:ff:0a,2,1,1,0,128,650,700,103,604,414,806,358,397,870,250,102,212,335,36,691,487,201,533,738,544,38,859,941,732,845,207,759,10,634,841,424,496,70,69,69,42,70,71,68,51,56,50,59,70,60,61,67,43,68,69,63,63,62,62,69,54,68,46,65,64,73,69,61,64
[ 3814.877466] [AOA] Measurement: 0,1629173486.356194,08:55:31:70:ff:0a,2,1,1,0,128,214,896,695,854,944,1012,324,430,426,492,161,231,934,282,189,704,193,563,702,564,115,888,1001,786,444,498,304,246,187,89,974,865,65,65,67,43,68,70,64,47,56,53,56,69,57,59,65,45,68,67,61,63,64,67,67,56,68,51,65,65,73,70,63,69
[ 3814.915882] [AOA] Measurement: 0,1629173486.394611,08:55:31:70:ff:0a,2,1,1,0,128,187,900,639,809,381,825,348,395,897,276,167,224,808,176,281,722,239,630,753,573,76,893,936,758,855,250,828,67,258,95,866,626,67,67,68,43,71,72,68,50,58,53,57,70,59,61,66,44,68,68,63,64,65,64,71,56,68,48,66,66,73,69,64,68
[ 3814.959751] [AOA] Measurement: 0,1629173486.438480,08:55:31:70:ff:0a,2,1,1,0,128,675,670,88,620,402,800,833,237,888,281,610,15,316,12,776,583,840,825,701,556,650,43,564,1013,342,444,756,23,231,85,842,739,68,67,67,43,70,71,68,51,55,49,57,71,59,60,67,43,68,69,63,64,63,64,70,56,68,47,66,65,74,68,61,66
[ 3815.003279] [AOA] Measurement: 0,1629173486.482006,08:55:31:70:ff:0a,2,1,1,0,128,680,712,55,580,377,832,873,251,349,392,577,1023,289,1010,769,538,294,609,731,557,80,886,26,816,386,455,178,148,653,870,175,258,67,68,66,43,72,71,66,51,56,51,57,70,59,60,68,43,67,70,63,66,63,61,70,56,69,46,67,66,73,68,62,65
[ 3815.058477] [AOA] Measurement: 0,1629173486.537177,08:55:31:70:ff:0a,2,1,1,0,128,237,906,630,812,963,1000,366,442,402,438,197,249,951,311,210,702,756,774,779,601,109,897,540,990,357,447,287,220,262,117,725,591,66,64,65,42,71,71,66,49,57,52,59,70,59,61,65,44,69,68,63,64,63,64,69,55,68,49,65,64,75,71,63,66
[ 3815.107229] [AOA] Measurement: 0,1629173486.585956,08:55:31:70:ff:0a,2,1,1,0,128,648,682,124,622,417,830,340,406,388,426,151,202,911,239,280,764,265,612,813,624,36,850,962,750,867,273,737,42,715,907,422,333,65,65,63,41,68,69,65,49,55,53,58,71,60,61,65,44,68,70,62,64,64,64,69,57,69,48,66,67,76,70,63,68
[ 3815.149500] [AOA] Measurement: 0,1629173486.628224,08:55:31:70:ff:0a,2,1,1,0,128,731,738,31,549,431,813,853,240,896,259,601,30,348,36,719,527,228,554,819,619,599,8,974,765,880,260,753,35,706,915,503,479,69,68,67,44,74,74,68,50,57,53,60,70,59,61,66,44,68,69,63,64,63,64,69,57,69,47,66,66,76,70,63,66
[ 3815.187380] [AOA] Measurement: 0,1629173486.666107,08:55:31:70:ff:0a,2,1,1,0,128,173,881,559,745,403,839,798,180,866,222,664,59,858,218,738,570,249,593,776,593,614,1009,1004,802,378,468,310,281,224,87,506,402,67,65,66,44,71,71,68,50,57,51,58,69,59,58,66,44,67,68,63,65,65,67,70,57,69,50,66,65,73,71,65,69
[ 3815.225884] [AOA] Measurement: 0,1629173486.704611,08:55:31:70:ff:0a,2,1,1,0,128,165,916,608,793,971,1015,790,223,849,246,583,49,339,12,765,556,270,636,760,588,602,5,528,989,841,242,828,76,693,871,476,393,66,67,66,45,71,73,66,49,56,51,58,70,59,60,67,46,69,69,64,64,64,66,70,57,70,50,67,67,75,70,65,70
[ 3815.269666] [AOA] Measurement: 0,1629173486.748394,08:55:31:70:ff:0a,2,1,1,0,128,684,697,116,632,386,817,824,224,857,251,543,1010,333,29,744,540,225,578,784,574,38,851,2,794,842,247,756,30,699,906,494,432,68,66,67,42,70,70,67,51,55,52,59,70,60,63,67,44,67,67,63,62,62,62,69,55,69,47,64,65,74,69,62,66
[ 3815.315527] [AOA] Measurement: 0,1629173486.794255,08:55:31:70:ff:0a,2,1,1,0,128,255,921,721,909,961,21,372,461,316,410,102,188,906,247,250,767,848,814,354,829,578,27,571,1006,441,528,285,241,163,71,126,912,64,62,62,41,68,71,65,45,53,53,56,68,59,57,66,45,69,67,62,66,66,66,68,58,68,50,65,64,72,67,61,67
[ 3815.359040] [AOA] Measurement: 0,1629173486.837764,08:55:31:70:ff:0a,2,1,1,0,128,671,690,670,816,886,2,850,212,821,189,559,22,326,16,763,533,258,619,353,819,640,66,542,977,830,217,803,58,693,896,492,455,68,67,67,44,72,72,67,51,56,52,59,71,58,59,64,44,67,67,61,65,63,63,69,58,68,49,67,65,76,71,63,70
[ 3815.401489] [AOA] Measurement: 0,1629173486.880213,08:55:31:70:ff:0a,2,1,1,0,128,653,658,150,624,386,829,382,430,855,259,567,33,351,60,262,741,774,782,788,610,64,867,9,796,372,464,749,36,696,900,316,246,62,62,64,41,70,69,65,47,54,53,58,68,58,58,65,45,68,69,64,64,65,65,69,56,68,51,67,66,72,71,64,70
[ 3815.443661] [AOA] Measurement: 0,1629173486.922390,08:55:31:70:ff:0a,2,1,1,0,128,237,921,594,770,413,810,817,222,853,217,616,34,901,250,211,676,265,579,784,591,114,877,539,1,385,434,283,231,307,119,952,762,66,65,65,43,71,72,65,50,57,52,59,70,62,60,66,45,66,68,61,64,64,63,70,55,69,48,65,65,73,69,63,66
[ 3815.487353] [AOA] Measurement: 0,1629173486.966080,08:55:31:70:ff:0a,2,1,1,0,128,197,883,700,873,953,1004,332,430,406,469,111,230,935,256,269,728,803,771,807,598,58,888,511,998,327,415,340,267,271,114,259,147,65,64,64,43,70,70,65,46,54,51,57,69,55,59,63,43,67,66,61,64,65,66,69,58,68,51,66,66,74,72,66,71
[ 3815.530985] [AOA] Measurement: 0,1629173487.009713,08:55:31:70:ff:0a,2,1,1,0,128,210,887,660,791,863,943,836,247,830,204,171,242,836,210,280,747,742,763,332,815,675,71,578,1019,327,419,320,235,270,129,320,165,65,66,64,42,68,72,66,46,54,53,56,70,59,59,65,45,67,67,62,64,64,65,68,57,67,50,66,65,73,70,65,70
[ 3815.570228] [AOA] Measurement: 0,1629173487.048950,08:55:31:70:ff:0a,2,1,1,0,128,759,747,639,782,392,836,867,244,797,201,611,53,326,18,779,571,294,644,333,817,613,53,524,1020,366,439,325,267,270,118,368,219,63,63,64,43,68,69,66,47,55,54,57,68,57,57,65,43,66,66,60,63,64,63,70,57,67,52,66,66,73,69,64,70
[ 3815.622752] [AOA] Measurement: 0,1629173487.101474,08:55:31:70:ff:0a,2,1,1,0,128,223,895,81,603,397,823,839,217,855,232,134,211,327,64,728,559,207,553,723,525,117,858,4,785,875,251,790,55,244,97,740,589,67,67,65,42,72,74,66,50,56,53,59,71,60,62,67,45,69,68,65,64,65,65,70,57,68,49,66,65,74,68,65,68
[ 3815.667039] [AOA] Measurement: 0,1629173487.145766,08:55:31:70:ff:0a,2,1,1,0,128,648,707,76,641,388,809,833,215,850,243,618,29,349,51,750,535,216,632,713,550,44,858,7,771,852,250,304,242,268,129,501,416,67,68,66,43,71,72,68,50,57,53,60,70,59,61,66,44,68,69,64,64,65,65,71,56,69,50,67,66,75,70,65,68
[ 3815.709001] [AOA] Measurement: 0,1629173487.187724,08:55:31:70:ff:0a,2,1,1,0,128,673,655,87,578,405,805,828,189,849,224,681,92,346,54,679,510,251,615,785,604,34,792,15,817,413,461,242,192,665,923,819,803,68,67,67,42,73,74,68,51,57,52,59,70,61,62,67,45,67,69,62,63,63,62,67,55,68,46,66,67,77,71,63,68
[ 3815.747016] [AOA] Measurement: 0,1629173487.225744,08:55:31:70:ff:0a,2,1,1,0,128,650,686,128,643,399,834,845,225,885,245,188,262,378,39,788,586,794,808,277,765,582,13,949,769,846,214,741,16,702,904,596,560,67,66,66,42,71,73,67,48,55,51,59,70,59,60,67,43,69,70,63,65,65,63,69,56,68,49,66,67,74,72,65,69
[ 3815.787718] [AOA] Measurement: 0,1629173487.266441,08:55:31:70:ff:0a,2,1,1,0,128,692,687,55,591,329,790,891,251,849,229,630,44,345,74,720,515,241,562,698,540,105,876,23,830,384,447,279,241,271,84,867,711,63,63,63,43,68,70,63,46,54,51,56,68,59,59,67,45,68,67,62,63,64,65,67,56,67,51,65,64,73,70,64,70
[ 3815.833220] [AOA] Measurement: 0,1629173487.311948,08:55:31:70:ff:0a,2,1,1,0,128,646,674,48,574,398,779,761,171,801,192,628,36,334,48,236,750,783,805,757,527,71,844,962,782,852,237,763,30,724,949,342,256,70,69,66,43,71,73,67,52,56,49,58,70,57,60,67,44,66,67,62,62,63,61,70,56,69,46,65,66,73,70,61,65
[ 3815.874943] [AOA] Measurement: 0,1629173487.353666,08:55:31:70:ff:0a,2,1,1,0,128,688,658,46,575,315,761,831,217,841,222,601,22,362,56,680,532,830,799,718,525,101,853,981,742,834,210,781,65,685,894,519,444,68,70,67,42,72,74,68,51,56,51,59,68,60,61,68,44,65,67,63,63,61,59,67,54,67,43,63,63,73,67,59,60
[ 3815.916794] [AOA] Measurement: 0,1629173487.395517,08:55:31:70:ff:0a,2,1,1,0,128,696,697,55,584,348,810,854,230,855,226,564,1018,921,241,255,710,805,799,322,817,542,1008,507,968,822,231,734,1020,753,952,285,190,69,70,67,44,71,73,68,50,55,48,58,68,59,61,65,43,66,69,61,60,61,58,68,51,66,45,64,63,70,66,59,60
[ 3815.961568] [AOA] Measurement: 0,1629173487.440298,08:55:31:70:ff:0a,2,1,1,0,128,243,902,124,645,941,998,380,434,427,479,154,242,900,274,251,774,740,740,302,796,628,50,500,939,891,260,765,50,237,72,752,581,68,66,66,43,72,72,68,50,56,52,59,69,60,60,67,44,68,69,60,64,64,63,68,56,70,48,67,65,75,71,63,68
[ 3815.999791] [AOA] Measurement: 0,1629173487.478523,08:55:31:70:ff:0a,2,1,1,0,128,213,905,665,834,967,1012,392,458,855,203,607,12,305,27,716,540,262,626,695,525,41,844,994,782,801,194,780,7,710,921,146,195,67,65,66,43,70,70,66,49,56,52,59,71,59,60,66,46,69,67,61,64,65,67,69,57,67,51,65,66,73,70,64,71
[ 3816.044019] [AOA] Measurement: 0,1629173487.522748,08:55:31:70:ff:0a,2,1,1,0,128,649,693,68,572,363,795,837,240,870,225,628,9,310,7,694,509,260,583,748,565,51,863,971,781,872,264,327,244,669,906,728,678,67,66,66,41,71,74,67,50,56,51,59,71,61,60,66,44,68,67,64,64,65,63,71,55,69,47,65,65,75,69,64,67
[ 3816.094159] [AOA] Measurement: 0,1629173487.572883,08:55:31:70:ff:0a,2,1,1,0,128,679,662,118,638,923,978,844,244,404,430,163,237,842,182,249,719,784,805,278,762,606,18,573,1015,402,449,294,199,203,88,301,193,68,68,66,43,71,74,68,49,55,51,59,71,60,60,65,44,69,69,62,64,64,64,70,55,69,47,65,65,74,68,61,65
[ 3816.144268] [AOA] Measurement: 0,1629173487.622990,08:55:31:70:ff:0a,2,1,1,0,128,229,877,65,618,390,847,845,279,872,233,602,3,900,247,270,747,808,827,345,833,602,20,515,983,369,451,269,232,174,43,51,996,66,65,64,43,71,73,66,48,56,52,59,69,59,59,67,43,69,68,63,63,64,65,69,56,68,49,66,66,74,71,64,68
[ 3816.188226] [AOA] Measurement: 0,1629173487.666958,08:55:31:70:ff:0a,2,1,1,0,128,661,645,69,571,475,869,392,444,342,415,145,255,878,252,218,726,839,818,253,726,617,12,1020,763,888,262,270,215,733,941,729,674,70,68,69,42,71,71,66,50,56,51,60,71,60,61,68,43,68,70,62,64,62,57,70,54,69,44,63,63,73,67,60,63
[ 3816.232871] [AOA] Measurement: 0,1629173487.711599,08:55:31:70:ff:0a,2,1,1,0,128,215,872,604,775,382,826,810,235,932,300,150,246,873,244,361,795,805,808,351,825,598,31,496,956,385,445,302,228,281,77,817,656,67,65,66,43,71,72,65,48,55,53,59,70,60,60,67,44,69,68,63,64,64,66,69,58,67,49,66,66,76,71,65,70
[ 3816.276113] [AOA] Measurement: 0,1629173487.754845,08:55:31:70:ff:0a,2,1,1,0,128,670,677,87,582,427,839,804,234,412,390,183,268,319,23,388,798,820,806,283,792,600,30,538,1001,393,447,309,261,254,110,878,810,69,66,66,43,73,73,67,51,56,51,60,70,60,60,66,44,67,68,62,64,64,63,71,55,69,47,65,65,75,71,63,67
[ 3816.319117] [AOA] Measurement: 0,1629173487.797847,08:55:31:70:ff:0a,2,1,1,0,128,698,705,61,598,374,799,841,220,848,211,613,47,311,23,669,481,244,581,781,580,32,841,0,843,925,305,270,225,645,891,851,785,65,66,64,43,70,70,67,49,57,54,59,69,60,60,64,45,69,70,64,66,66,66,69,55,68,49,66,67,74,71,63,69
[ 3816.363659] [AOA] Measurement: 0,1629173487.842384,08:55:31:70:ff:0a,2,1,1,0,128,172,893,62,579,383,802,906,234,887,264,634,74,831,182,300,734,819,813,285,748,54,829,538,952,885,269,281,209,253,108,912,778,69,68,67,43,69,72,67,51,55,51,59,69,59,62,66,44,65,67,60,62,62,60,66,54,68,43,63,63,72,66,59,62
[ 3816.413999] [AOA] Measurement: 0,1629173487.892722,08:55:31:70:ff:0a,2,1,1,0,128,251,912,63,581,985,1021,399,481,387,417,230,302,843,208,310,771,796,784,735,568,649,52,1020,815,873,274,292,258,233,85,201,123,68,69,67,44,71,72,67,51,56,52,60,70,60,61,66,44,68,72,63,65,64,62,70,54,69,47,64,66,74,71,63,68
[ 3816.458039] [AOA] Measurement: 0,1629173487.936767,08:55:31:70:ff:0a,2,1,1,0,128,228,896,681,818,969,10,426,467,360,431,105,205,339,45,730,483,234,571,754,528,654,43,956,755,893,291,265,234,276,69,1001,864,67,66,66,43,72,72,67,48,55,53,59,70,60,60,66,45,68,71,63,65,64,65,69,57,70,50,66,66,74,69,64,70
[ 3816.501690] [AOA] Measurement: 0,1629173487.980420,08:55:31:70:ff:0a,2,1,1,0,128,666,672,66,583,418,843,889,289,384,411,139,228,326,84,721,509,283,610,768,597,624,53,526,954,371,424,721,15,783,944,899,837,67,64,65,43,69,70,66,48,56,54,58,70,57,57,65,44,67,66,61,63,65,65,66,58,66,50,65,65,73,70,65,70
[ 3816.540294] [AOA] Measurement: 0,1629173488.019023,08:55:31:70:ff:0a,2,1,1,0,128,210,911,590,788,889,988,883,247,414,436,140,215,298,34,759,534,226,579,711,553,1018,824,6,813,379,425,740,16,771,970,301,202,71,68,69,43,73,75,68,51,56,51,60,70,61,61,67,45,68,69,63,64,62,61,70,54,69,45,65,65,73,69,61,64
[ 3816.584449] [AOA] Measurement: 0,1629173488.063177,08:55:31:70:ff:0a,2,1,1,0,128,723,703,98,608,330,779,823,243,793,192,639,5,309,42,711,516,270,608,774,570,30,854,953,798,760,187,764,26,747,953,850,844,68,69,69,45,73,72,66,50,56,51,61,72,59,62,67,44,68,70,63,62,62,60,69,54,68,46,64,63,73,69,61,63
[ 3816.628473] [AOA] Measurement: 0,1629173488.107200,08:55:31:70:ff:0a,2,1,1,0,128,645,686,56,577,423,859,836,235,417,454,130,223,326,40,748,568,242,581,823,592,70,869,11,807,376,438,304,238,718,935,342,310,67,66,66,43,69,72,66,49,57,53,59,70,60,60,68,44,69,69,61,64,65,63,70,56,69,49,66,64,72,69,63,67
[ 3816.672476] [AOA] Measurement: 0,1629173488.151203,08:55:31:70:ff:0a,2,1,1,0,128,205,879,632,790,969,1004,344,427,396,435,127,232,825,241,277,751,849,842,311,815,613,25,524,996,428,488,304,241,271,141,167,1001,64,62,64,42,70,71,65,47,55,52,56,69,59,60,66,45,67,67,63,64,65,65,68,56,70,51,65,66,73,69,64,70
[ 3816.724048] [AOA] Measurement: 0,1629173488.202773,08:55:31:70:ff:0a,2,1,1,0,128,654,672,141,651,369,803,390,466,838,198,636,39,348,51,243,712,269,644,297,785,616,36,590,4,448,525,303,243,248,127,852,717,69,70,66,42,70,71,68,50,55,52,59,71,60,62,69,45,69,69,65,64,64,63,70,56,71,48,66,66,75,70,63,67
[ 3816.769411] [AOA] Measurement: 0,1629173488.248140,08:55:31:70:ff:0a,2,1,1,0,128,221,906,627,788,934,991,858,229,301,387,596,42,312,7,808,585,299,598,732,559,29,855,569,995,363,436,294,209,734,959,617,496,64,62,62,42,68,69,64,46,54,52,56,69,59,58,65,44,65,66,62,64,64,66,69,56,66,51,65,64,74,71,65,69
[ 3816.813413] [AOA] Measurement: 0,1629173488.292142,08:55:31:70:ff:0a,2,1,1,0,128,701,701,101,608,406,823,917,290,400,457,139,176,913,240,760,546,244,611,776,621,29,869,1004,809,861,253,783,30,767,981,25,942,69,71,68,41,70,73,65,51,54,47,58,68,57,61,67,40,65,67,63,61,59,58,67,53,67,42,63,63,70,66,57,59
[ 3816.856080] [AOA] Measurement: 0,1629173488.334807,08:55:31:70:ff:0a,2,1,1,0,128,700,675,25,586,401,848,401,436,394,460,130,230,313,13,739,535,324,632,353,805,619,33,570,1006,338,448,267,243,287,135,612,486,69,66,66,44,71,72,67,51,57,53,60,69,59,60,67,45,69,68,64,64,65,65,69,57,68,48,66,65,75,70,64,67
[ 3816.900215] [AOA] Measurement: 0,1629173488.378941,08:55:31:70:ff:0a,2,1,1,0,128,690,696,126,674,922,1007,787,199,870,239,574,7,310,9,720,536,260,607,752,576,75,880,955,776,861,250,302,231,681,963,383,215,69,68,65,41,73,74,68,51,58,51,59,70,61,61,67,43,68,71,63,66,65,63,70,57,69,48,67,66,75,70,63,66
[ 3816.943312] [AOA] Measurement: 0,1629173488.422044,08:55:31:70:ff:0a,2,1,1,0,128,717,686,47,553,325,776,821,165,831,208,618,37,337,37,771,552,211,600,771,577,1016,844,972,756,802,185,734,3,693,918,528,410,66,65,65,42,71,71,67,49,56,52,60,68,59,59,67,45,69,69,63,65,65,65,67,57,68,51,64,63,71,67,64,71
[ 3816.986653] [AOA] Measurement: 0,1629173488.465381,08:55:31:70:ff:0a,2,1,1,0,128,237,914,93,613,368,810,856,242,459,480,130,244,836,219,261,745,823,827,368,855,566,1002,518,958,363,409,782,17,710,914,418,338,63,64,63,42,67,72,66,47,53,51,59,69,59,59,65,44,67,67,62,65,65,64,69,56,67,52,63,64,72,68,64,71
[ 3817.030116] [AOA] Measurement: 0,1629173488.508847,08:55:31:70:ff:0a,2,1,1,0,128,279,925,592,790,904,958,908,262,352,383,198,284,910,269,256,734,788,806,318,796,617,66,595,1016,391,520,348,271,189,45,868,703,67,66,63,42,71,74,65,48,55,51,57,68,56,61,65,43,68,68,62,65,65,66,70,57,68,51,64,64,73,69,65,69
[ 3817.068767] [AOA] Measurement: 0,1629173488.547496,08:55:31:70:ff:0a,2,1,1,0,128,719,705,107,604,404,853,841,241,886,235,159,234,865,228,265,733,868,804,302,769,94,887,1019,800,847,257,754,45,706,901,40,999,71,70,68,43,72,73,67,51,58,53,61,72,59,62,67,46,69,71,63,64,63,62,70,56,68,46,64,64,74,70,63,66
[ 3817.113662] [AOA] Measurement: 0,1629173488.592386,08:55:31:70:ff:0a,2,1,1,0,128,665,711,108,596,944,1017,823,243,357,388,151,208,891,221,294,745,848,830,248,749,70,879,584,1014,391,455,301,240,200,61,27,1016,52,53,55,37,61,62,58,41,48,50,51,62,52,50,56,41,61,57,57,58,59,64,60,54,60,51,58,61,64,64,62,67
[ 3817.164380] [AOA] Measurement: 0,1629173488.643107,08:55:31:70:ff:0a,2,1,1,0,128,225,913,635,802,918,994,339,401,823,212,702,120,321,54,260,723,909,882,304,803,645,90,544,959,327,417,753,52,692,900,970,894,67,65,66,44,71,72,66,49,55,50,59,70,59,60,67,44,68,67,63,65,64,64,69,55,69,48,66,65,75,70,64,69
[ 3817.208148] [AOA] Measurement: 0,1629173488.686877,08:55:31:70:ff:0a,2,1,1,0,128,662,681,84,587,426,823,407,457,402,446,647,29,357,62,217,712,812,796,768,594,996,801,26,841,405,482,299,245,184,58,523,400,67,66,64,42,71,70,66,50,55,52,60,68,59,58,67,45,67,66,64,63,63,65,68,57,69,49,66,66,76,71,64,71
[ 3817.252093] [AOA] Measurement: 0,1629173488.730817,08:55:31:70:ff:0a,2,1,1,0,128,154,835,624,753,327,751,865,279,889,253,613,65,349,46,808,549,229,586,858,694,566,8,487,949,372,438,791,71,253,103,90,922,64,63,63,41,68,71,64,47,56,52,57,69,58,59,65,45,65,67,61,62,65,65,68,56,68,51,65,66,74,70,65,70
[ 3817.300484] [AOA] Measurement: 0,1629173488.779213,08:55:31:70:ff:0a,2,1,1,0,128,233,912,618,825,315,756,872,228,854,212,629,38,362,54,759,568,797,779,276,760,583,14,561,977,414,501,279,201,254,83,471,436,68,68,66,43,72,72,66,51,57,52,59,69,60,61,68,44,68,68,65,64,64,63,70,54,70,48,64,64,73,66,61,65
[ 3817.339239] [AOA] Measurement: 0,1629173488.817969,08:55:31:70:ff:0a,2,1,1,0,128,200,892,135,617,942,998,817,182,878,273,144,229,850,198,667,482,277,611,794,601,607,37,543,950,395,417,262,226,226,87,466,402,68,68,67,42,71,72,67,50,54,52,59,69,61,60,66,46,68,69,63,64,64,63,70,56,69,49,67,67,76,71,63,69
[ 3817.377860] [AOA] Measurement: 0,1629173488.856584,08:55:31:70:ff:0a,2,1,1,0,128,671,711,119,628,1000,5,380,458,390,418,180,240,823,200,717,551,249,615,751,610,62,845,571,1014,833,206,813,66,734,960,392,389,57,56,59,40,63,64,63,43,53,51,52,64,54,54,61,43,62,62,57,61,63,65,62,55,64,52,61,61,69,67,62,69
[ 3817.421718] [AOA] Measurement: 0,1629173488.900442,08:55:31:70:ff:0a,2,1,1,0,128,698,698,144,632,322,781,836,249,810,224,590,18,273,14,792,571,268,621,737,558,35,844,82,846,384,467,274,255,682,891,601,546,68,66,68,42,71,72,67,50,55,49,59,68,59,59,66,43,67,68,63,63,61,60,67,51,67,44,61,61,71,66,58,61
[ 3817.472128] [AOA] Measurement: 0,1629173488.950851,08:55:31:70:ff:0a,2,1,1,0,128,659,687,81,620,382,800,877,256,803,184,616,26,359,65,719,529,221,619,799,597,618,29,512,973,871,276,277,205,755,949,945,841,66,67,66,42,70,72,67,50,55,53,61,70,59,62,68,45,68,70,64,64,63,64,70,57,68,47,66,65,73,68,63,68
[ 3817.516924] [AOA] Measurement: 0,1629173488.995654,08:55:31:70:ff:0a,2,1,1,0,128,658,674,84,647,975,33,862,241,420,443,161,259,880,235,259,707,837,823,264,760,633,60,498,928,403,503,318,262,262,95,737,533,63,62,63,42,68,69,65,46,53,53,56,66,57,58,65,45,68,66,61,63,65,66,65,56,65,52,65,65,72,68,63,70
[ 3817.561376] [AOA] Measurement: 0,1629173489.040101,08:55:31:70:ff:0a,2,1,1,0,128,237,889,618,784,951,22,314,380,422,480,126,205,950,267,238,744,838,832,262,748,595,43,567,996,433,504,294,242,260,110,489,338,69,68,65,42,72,73,66,49,55,52,59,71,59,61,67,45,68,70,64,64,64,65,69,56,70,50,67,66,74,70,64,69
[ 3817.603986] [AOA] Measurement: 0,1629173489.082716,08:55:31:70:ff:0a,2,1,1,0,128,710,720,91,614,392,839,429,470,341,412,138,207,355,35,787,549,270,640,747,547,41,872,1005,777,794,176,832,62,784,959,577,543,66,67,68,43,72,73,68,50,57,54,59,70,60,61,66,45,67,70,64,65,65,65,70,56,70,49,67,68,76,72,64,71
[ 3817.642581] [AOA] Measurement: 0,1629173489.121312,08:55:31:70:ff:0a,2,1,1,0,128,712,685,646,812,958,3,842,223,886,257,597,1023,884,238,276,736,761,761,788,588,594,40,523,987,362,446,311,240,260,95,517,417,67,65,65,43,71,73,67,48,54,52,59,70,60,59,66,45,70,70,63,65,65,64,68,55,67,51,64,67,74,69,64,68
[ 3817.685371] [AOA] Measurement: 0,1629173489.164094,08:55:31:70:ff:0a,2,1,1,0,128,682,662,56,604,337,773,824,222,802,199,575,39,334,38,283,746,802,804,248,755,551,0,518,964,378,480,748,13,702,917,39,995,67,67,67,42,71,71,65,48,56,51,60,73,60,62,67,45,69,70,63,65,65,63,70,56,69,48,65,64,74,70,63,66
[ 3817.736680] [AOA] Measurement: 0,1629173489.215409,08:55:31:70:ff:0a,2,1,1,0,128,211,859,79,603,972,1014,832,269,814,224,629,12,313,44,237,721,846,838,292,797,590,32,576,989,346,440,313,225,253,102,705,614,67,68,65,42,68,71,67,48,56,51,58,69,59,58,65,44,68,72,63,65,64,63,69,56,69,47,66,65,76,69,64,66
[ 3817.780414] [AOA] Measurement: 0,1629173489.259143,08:55:31:70:ff:0a,2,1,1,0,128,204,864,49,559,405,859,796,174,896,232,585,18,301,19,684,511,273,624,800,599,108,901,953,764,879,247,806,80,210,115,229,150,67,65,66,43,71,72,66,49,56,50,59,70,58,60,68,45,68,68,64,64,66,65,69,57,69,49,66,66,74,70,62,67
[ 3817.819003] [AOA] Measurement: 0,1629173489.297732,08:55:31:70:ff:0a,2,1,1,0,128,221,930,568,728,331,820,879,252,878,249,662,78,869,236,261,750,793,760,289,760,622,61,558,979,379,464,298,232,754,932,852,843,69,70,69,42,72,73,69,51,57,50,60,71,60,62,67,43,69,70,63,63,61,60,69,54,68,44,64,64,72,67,59,61
[ 3817.863153] [AOA] Measurement: 0,1629173489.341879,08:55:31:70:ff:0a,2,1,1,0,128,233,923,585,793,398,814,856,244,857,245,632,65,375,69,263,720,826,797,315,772,1017,827,1000,756,882,243,790,7,696,929,322,273,68,69,67,42,72,74,66,49,56,53,57,70,61,61,66,45,70,70,63,66,64,63,69,57,68,48,66,65,74,70,63,68
[ 3817.901650] [AOA] Measurement: 0,1629173489.380379,08:55:31:70:ff:0a,2,1,1,0,128,644,656,70,579,380,799,825,240,872,206,628,56,401,117,221,736,839,826,285,768,555,1023,23,803,378,437,790,50,703,888,723,765,68,67,68,42,70,74,67,50,56,52,60,71,59,62,65,43,66,69,62,63,62,60,70,54,67,46,65,65,73,69,62,65
[ 3817.940376] [AOA] Measurement: 0,1629173489.419100,08:55:31:70:ff:0a,2,1,1,0,128,237,915,606,799,923,1004,797,198,401,453,139,184,866,233,294,759,816,854,329,797,641,58,578,8,371,448,276,238,185,54,74,921,72,69,68,42,72,73,67,51,57,51,59,70,59,63,67,43,66,71,63,64,63,62,68,54,68,45,65,65,74,68,61,66
[ 3817.983581] [AOA] Measurement: 0,1629173489.462313,08:55:31:70:ff:0a,2,1,1,0,128,723,705,171,637,362,808,829,208,902,242,196,249,337,32,707,546,153,525,770,586,44,871,1008,777,798,232,788,78,203,42,959,775,69,68,67,43,71,72,65,49,56,52,59,70,60,60,66,46,69,68,64,66,65,65,69,57,70,51,66,67,75,70,65,69
[ 3818.027129] [AOA] Measurement: 0,1629173489.505858,08:55:31:70:ff:0a,2,1,1,0,128,673,660,43,580,385,799,833,225,825,210,547,1012,355,86,721,506,228,576,749,579,68,887,560,1010,385,438,286,250,186,81,907,809,67,63,64,42,71,72,67,49,57,53,58,70,61,59,67,44,70,69,64,64,65,65,69,55,67,49,65,65,73,70,65,69
[ 3818.070652] [AOA] Measurement: 0,1629173489.549382,08:55:31:70:ff:0a,2,1,1,0,128,259,970,692,875,973,15,387,484,422,443,208,296,914,242,264,711,872,852,298,785,679,88,516,1009,358,434,236,227,725,929,61,887,72,71,67,39,70,71,68,50,54,45,57,68,57,60,64,42,65,68,63,60,59,55,65,51,67,40,60,59,70,64,56,58
[ 3818.109246] [AOA] Measurement: 0,1629173489.587976,08:55:31:70:ff:0a,2,1,1,0,128,183,884,109,635,911,972,862,215,861,269,621,50,381,116,748,567,182,554,755,585,92,924,467,929,961,336,291,236,296,121,539,429,68,67,65,42,72,72,67,49,54,51,58,70,57,61,66,44,67,68,64,64,63,61,69,55,69,45,63,65,74,67,60,63
[ 3818.147740] [AOA] Measurement: 0,1629173489.626468,08:55:31:70:ff:0a,2,1,1,0,128,209,849,86,620,959,5,372,423,422,475,141,211,870,228,261,709,797,792,314,795,627,48,528,986,339,408,750,61,236,98,1001,842,67,65,65,42,68,72,68,50,55,52,59,70,59,59,67,44,67,68,60,64,65,63,69,54,69,48,65,64,73,69,64,66
[ 3818.191156] [AOA] Measurement: 0,1629173489.669883,08:55:31:70:ff:0a,2,1,1,0,128,709,714,627,767,373,808,842,270,861,225,621,64,898,244,293,727,280,596,286,791,65,869,18,793,402,462,328,224,712,926,190,18,62,60,61,40,67,68,62,44,53,51,56,69,57,58,64,43,66,65,60,63,65,64,67,56,68,52,64,64,74,69,64,70
[ 3818.241734] [AOA] Measurement: 0,1629173489.720458,08:55:31:70:ff:0a,2,1,1,0,128,601,662,101,598,323,789,834,207,913,217,650,52,335,47,675,499,302,596,745,586,12,849,1011,812,864,223,802,37,673,938,822,758,68,68,68,43,71,72,68,50,56,52,60,71,59,62,68,45,69,71,64,65,63,64,69,56,70,49,67,66,73,68,63,67
[ 3818.287027] [AOA] Measurement: 0,1629173489.765755,08:55:31:70:ff:0a,2,1,1,0,128,678,708,71,577,378,802,838,225,430,395,157,242,874,252,340,797,762,770,269,751,608,57,531,964,389,462,779,49,225,86,38,950,65,63,64,43,71,70,65,49,56,51,57,70,59,59,67,44,67,69,63,64,64,63,70,58,68,48,66,65,76,71,63,68
[ 3818.331243] [AOA] Measurement: 0,1629173489.809968,08:55:31:70:ff:0a,2,1,1,0,128,683,663,94,604,350,785,901,265,402,459,155,238,920,271,285,742,807,828,282,784,48,853,41,841,406,474,380,314,234,80,608,401,69,69,67,42,74,73,68,50,56,52,59,70,58,60,68,43,67,69,63,63,64,63,69,56,68,47,65,64,73,69,63,68
[ 3818.374008] [AOA] Measurement: 0,1629173489.852739,08:55:31:70:ff:0a,2,1,1,0,128,200,886,74,592,491,886,793,210,785,201,650,11,335,30,752,570,264,604,321,797,6,820,1010,788,797,215,800,54,710,951,250,193,69,69,68,42,71,74,66,52,56,50,59,71,59,62,69,45,68,70,64,67,66,66,70,57,69,48,68,67,74,71,62,69
[ 3818.417152] [AOA] Measurement: 0,1629173489.895881,08:55:31:70:ff:0a,2,1,1,0,128,184,878,45,557,414,842,831,255,842,251,641,81,879,217,299,763,818,825,282,752,626,41,534,989,840,219,274,224,237,102,79,938,70,68,66,43,72,74,67,49,57,52,61,69,60,62,68,45,69,70,63,65,65,64,70,57,69,49,66,67,75,71,65,68
[ 3818.460829] [AOA] Measurement: 0,1629173489.939556,08:55:31:70:ff:0a,2,1,1,0,128,727,728,677,828,937,1001,340,419,867,222,628,34,870,205,730,513,222,604,761,562,76,881,29,788,862,225,271,188,723,936,597,497,65,64,64,43,70,70,65,47,55,52,56,68,57,58,64,43,67,66,61,61,64,66,66,57,66,51,64,64,73,69,64,70
[ 3818.510743] [AOA] Measurement: 0,1629173489.989470,08:55:31:70:ff:0a,2,1,1,0,128,691,692,76,605,386,825,818,223,857,235,656,48,334,23,794,574,818,800,262,752,576,11,529,970,364,438,717,22,738,925,63,10,70,70,67,43,73,73,68,51,56,50,60,72,61,62,68,43,69,71,64,65,64,62,71,56,70,48,66,65,76,70,64,66
[ 3818.560352] [AOA] Measurement: 0,1629173490.039076,08:55:31:70:ff:0a,2,1,1,0,128,745,730,51,582,320,778,773,213,814,197,552,25,352,41,702,542,813,776,298,804,587,1,563,985,870,231,752,41,708,887,871,902,71,70,69,41,71,74,66,51,56,49,58,66,58,60,66,43,67,70,65,63,62,62,68,54,67,45,65,62,74,69,63,65
[ 3818.602929] [AOA] Measurement: 0,1629173490.081652,08:55:31:70:ff:0a,2,1,1,0,128,683,715,118,642,417,838,413,433,374,446,59,173,363,35,696,511,220,586,742,575,74,866,1008,766,862,261,779,22,732,925,976,867,70,69,68,43,71,73,67,50,56,50,59,69,58,61,69,43,68,70,64,66,64,63,69,54,69,48,65,65,75,68,62,70
[ 3818.651175] [AOA] Measurement: 0,1629173490.129904,08:55:31:70:ff:0a,2,1,1,0,128,684,710,39,589,366,829,811,219,851,232,620,26,290,1013,717,533,258,614,665,526,46,859,3,819,808,215,775,56,278,123,760,683,66,67,67,44,70,70,66,49,56,54,59,69,59,61,66,45,68,68,62,65,64,67,68,58,67,50,65,63,74,70,63,68
[ 3818.688818] [AOA] Measurement: 0,1629173490.167545,08:55:31:70:ff:0a,2,1,1,0,128,622,650,86,577,387,772,854,239,843,223,678,72,919,252,268,745,802,818,772,564,616,22,980,754,826,214,707,1015,705,919,312,222,68,67,65,42,70,71,68,48,55,52,59,69,59,61,67,44,68,69,63,65,64,66,69,56,70,50,66,65,74,69,61,69
[ 3818.733166] [AOA] Measurement: 0,1629173490.211889,08:55:31:70:ff:0a,2,1,1,0,128,251,911,701,837,874,1010,807,211,875,215,579,1002,396,54,730,540,287,653,309,804,610,8,570,13,360,455,338,269,271,138,795,642,69,68,67,43,72,72,68,50,57,51,58,70,60,61,67,45,69,67,63,63,65,65,70,56,70,49,65,65,75,70,65,68
[ 3818.787672] [AOA] Measurement: 0,1629173490.266400,08:55:31:70:ff:0a,2,1,1,0,128,684,707,20,555,438,829,815,237,882,268,647,28,372,70,668,501,277,652,738,566,23,826,1000,788,866,236,739,2,743,902,296,208,69,69,66,43,70,71,67,50,55,51,59,68,59,60,67,44,69,69,64,64,64,63,70,56,69,48,65,66,74,69,61,65
[ 3818.831239] [AOA] Measurement: 0,1629173490.309967,08:55:31:70:ff:0a,2,1,1,0,128,681,666,50,587,299,721,847,201,858,223,605,36,332,61,287,738,825,801,300,766,37,856,1,780,842,265,746,23,731,913,1006,912,70,69,67,42,73,72,68,51,57,52,60,70,59,61,66,44,68,69,64,64,63,65,69,57,68,48,67,66,74,71,62,68
[ 3818.874579] [AOA] Measurement: 0,1629173490.353308,08:55:31:70:ff:0a,2,1,1,0,128,192,890,675,852,931,1018,348,417,397,417,198,289,925,264,271,767,818,810,312,778,635,41,536,1003,373,471,731,30,759,948,128,59,70,67,68,43,71,73,68,50,56,51,59,68,59,59,66,44,68,69,64,64,63,63,70,56,69,48,66,63,75,70,65,69
[ 3818.917802] [AOA] Measurement: 0,1629173490.396533,08:55:31:70:ff:0a,2,1,1,0,128,216,879,628,790,907,980,353,417,340,387,122,182,905,282,261,757,820,821,377,820,629,75,556,6,409,491,311,262,279,123,952,789,69,67,68,42,73,73,68,51,55,50,59,71,59,61,67,43,69,70,65,64,63,64,68,56,69,48,66,63,74,70,63,66
[ 3818.961012] [AOA] Measurement: 0,1629173490.439735,08:55:31:70:ff:0a,2,1,1,0,128,659,720,78,592,337,793,768,199,823,186,593,11,294,14,745,563,283,581,315,802,126,910,987,792,877,274,283,217,250,112,310,248,67,67,66,43,70,72,67,49,55,52,59,69,59,60,67,44,69,70,65,65,62,62,70,55,67,47,65,64,72,69,62,64
[ 3819.003122] [AOA] Measurement: 0,1629173490.481850,08:55:31:70:ff:0a,2,1,1,0,128,726,697,635,822,931,986,769,232,351,376,601,29,919,258,238,714,842,826,311,777,655,68,485,964,378,462,267,229,222,105,60,980,65,66,64,43,69,70,66,48,54,52,55,70,57,60,66,45,67,67,63,64,65,66,69,57,68,49,65,66,74,69,65,69
[ 3819.046682] [AOA] Measurement: 0,1629173490.525410,08:55:31:70:ff:0a,2,1,1,0,128,696,703,64,581,917,1000,365,445,340,410,613,37,902,250,765,553,781,789,751,632,644,75,528,978,388,484,304,230,246,89,510,366,67,66,62,42,69,71,62,47,54,50,58,69,58,60,66,45,67,69,65,65,66,64,69,55,69,50,67,66,76,70,64,69
[ 3819.093209] [AOA] Measurement: 0,1629173490.571932,08:55:31:70:ff:0a,2,1,1,0,128,702,695,114,622,940,7,395,466,388,419,201,261,919,268,271,750,785,788,305,793,18,855,532,999,336,442,324,247,242,100,404,368,69,66,67,43,73,73,69,52,57,52,60,70,59,61,65,44,67,68,63,64,62,61,69,55,68,45,64,64,74,67,61,64
[ 3819.139431] [AOA] Measurement: 0,1629173490.618158,08:55:31:70:ff:0a,2,1,1,0,128,748,764,110,588,371,793,882,265,812,189,644,53,350,26,747,542,816,790,733,554,641,50,467,964,861,251,807,37,678,920,789,740,70,71,68,43,72,73,66,50,57,51,60,71,62,61,67,44,68,71,65,64,63,62,70,55,69,46,65,65,75,69,64,66
[ 3819.183549] [AOA] Measurement: 0,1629173490.662277,08:55:31:70:ff:0a,2,1,1,0,128,256,917,684,845,910,993,873,234,423,455,169,252,859,217,279,741,289,640,740,562,43,872,987,795,889,282,285,213,268,133,150,998,64,64,65,43,68,69,67,48,55,52,59,69,58,60,65,45,68,68,62,65,66,67,69,56,69,52,64,66,74,71,65,69
[ 3819.225926] [AOA] Measurement: 0,1629173490.704649,08:55:31:70:ff:0a,2,1,1,0,128,631,655,93,581,449,855,857,283,380,439,615,49,282,25,688,546,272,577,768,603,639,60,480,984,453,481,298,246,212,90,449,320,66,66,66,43,71,71,66,48,57,53,61,69,60,60,64,45,67,69,62,65,65,65,70,57,69,51,67,65,74,71,65,71
[ 3819.268616] [AOA] Measurement: 0,1629173490.747344,08:55:31:70:ff:0a,2,1,1,0,128,737,735,629,835,1008,58,388,448,449,481,139,249,933,294,248,747,798,800,282,768,545,20,970,757,850,275,813,80,254,123,296,121,66,66,65,43,71,71,67,50,56,53,59,70,59,59,66,44,68,68,61,64,64,65,70,57,68,51,66,66,76,71,65,69
[ 3819.309165] [AOA] Measurement: 0,1629173490.787892,08:55:31:70:ff:0a,2,1,1,0,128,656,698,12,508,442,836,869,261,834,199,635,59,899,248,247,717,281,610,368,829,621,50,522,1014,316,411,299,238,255,81,320,207,65,64,65,42,69,70,65,48,56,51,58,68,58,59,66,44,69,68,63,64,64,64,68,57,67,49,65,66,75,70,64,67
[ 3819.352799] [AOA] Measurement: 0,1629173490.831521,08:55:31:70:ff:0a,2,1,1,0,128,248,911,689,848,962,24,397,447,416,462,138,229,910,294,284,751,801,778,330,813,679,74,613,26,401,482,334,244,277,159,461,196,64,63,63,42,68,69,67,47,55,53,57,68,59,58,64,45,67,68,60,64,64,64,68,56,67,49,64,65,72,71,65,68
[ 3819.400426] [AOA] Measurement: 0,1629173490.879154,08:55:31:70:ff:0a,2,1,1,0,128,179,875,147,636,976,22,346,432,386,408,158,229,942,293,276,754,840,840,256,785,573,37,511,986,431,512,318,221,265,118,863,783,66,65,66,43,70,71,66,50,56,53,60,69,60,60,65,44,68,68,62,63,66,64,69,57,67,49,65,66,75,71,65,68
[ 3819.438960] [AOA] Measurement: 0,1629173490.917688,08:55:31:70:ff:0a,2,1,1,0,128,698,695,21,572,381,798,817,201,828,202,627,6,379,40,751,561,835,836,251,749,598,38,553,1008,338,401,281,225,214,82,560,508,69,69,69,43,72,72,66,51,57,52,60,71,60,62,66,43,68,68,65,64,64,65,70,57,69,49,66,66,75,71,62,68
[ 3819.483688] [AOA] Measurement: 0,1629173490.962413,08:55:31:70:ff:0a,2,1,1,0,128,726,712,81,568,417,820,391,444,363,463,123,209,937,252,232,697,250,591,765,549,44,845,985,791,868,210,764,22,729,915,379,344,67,67,67,44,72,72,67,49,56,52,58,70,58,61,67,44,68,70,63,65,65,65,69,58,69,49,65,66,74,69,62,69
[ 3819.533883] [AOA] Measurement: 0,1629173491.012606,08:55:31:70:ff:0a,2,1,1,0,128,219,897,600,774,363,798,458,536,374,459,137,236,920,307,324,809,869,863,258,770,652,55,554,1006,408,458,331,277,253,90,922,692,66,66,64,43,70,72,66,47,55,51,58,69,57,60,64,44,68,66,62,65,66,63,68,56,68,49,66,66,74,71,63,69
[ 3819.578235] [AOA] Measurement: 0,1629173491.056965,08:55:31:70:ff:0a,2,1,1,0,128,674,686,94,623,404,852,373,432,368,409,636,46,300,35,251,738,275,623,728,584,19,847,983,766,832,227,760,23,737,892,156,136,69,70,69,40,69,72,68,52,52,46,58,67,56,58,65,40,62,66,59,56,55,51,65,47,63,36,58,57,67,60,53,53
[ 3819.622282] [AOA] Measurement: 0,1629173491.101010,08:55:31:70:ff:0a,2,1,1,0,128,642,657,77,600,390,785,822,185,793,194,631,44,291,1000,804,619,304,614,785,607,41,859,1008,769,866,246,776,51,710,938,911,860,68,67,68,42,70,72,67,49,55,52,60,70,60,61,67,45,69,70,63,64,63,64,70,56,68,49,66,66,75,71,62,70
[ 3819.672860] [AOA] Measurement: 0,1629173491.151583,08:55:31:70:ff:0a,2,1,1,0,128,697,692,35,556,425,839,823,206,826,235,624,47,929,284,710,519,251,601,749,562,1007,830,6,779,901,278,758,11,716,945,15,9,68,66,66,41,69,72,66,50,55,51,59,70,59,61,68,44,68,70,63,63,62,60,69,54,68,44,63,61,72,66,58,60
[ 3819.722716] [AOA] Measurement: 0,1629173491.201441,08:55:31:70:ff:0a,2,1,1,0,128,663,670,52,570,417,830,803,202,797,142,569,15,323,10,738,563,241,571,744,554,37,847,1012,822,871,224,752,5,719,932,250,154,68,67,67,43,71,72,67,49,54,53,58,70,59,59,66,45,67,67,64,64,65,64,70,57,70,50,66,66,75,72,65,67
[ 3819.767544] [AOA] Measurement: 0,1629173491.246273,08:55:31:70:ff:0a,2,1,1,0,128,679,685,43,568,415,851,821,205,824,176,656,83,350,69,251,744,811,836,287,798,566,1021,987,795,834,226,751,21,753,943,89,975,67,66,65,42,70,70,67,49,56,50,59,70,60,61,66,45,69,70,63,64,64,63,70,57,69,49,66,65,75,71,65,69
[ 3819.811060] [AOA] Measurement: 0,1629173491.289783,08:55:31:70:ff:0a,2,1,1,0,128,186,896,663,831,325,800,813,224,477,520,158,245,898,259,237,740,798,820,265,786,53,876,10,815,385,447,314,247,269,93,979,822,67,64,63,41,67,73,64,49,56,53,57,70,59,61,67,44,67,68,62,63,64,62,69,56,68,48,65,66,75,69,63,68
[ 3819.855147] [AOA] Measurement: 0,1629173491.333875,08:55:31:70:ff:0a,2,1,1,0,128,633,641,49,589,360,830,796,199,863,266,604,10,332,59,295,758,764,822,773,567,617,40,995,760,854,274,769,51,264,101,206,19,67,65,67,41,71,73,66,49,55,51,59,68,60,60,66,44,67,68,63,64,62,60,69,54,67,46,65,65,73,67,62,64
[ 3819.897705] [AOA] Measurement: 0,1629173491.376429,08:55:31:70:ff:0a,2,1,1,0,128,205,868,69,584,397,831,351,402,861,183,567,1,406,84,760,520,824,813,260,760,565,18,509,965,844,240,710,5,706,878,712,727,68,67,66,43,71,72,65,49,54,50,57,69,59,60,68,43,67,68,61,64,65,61,69,53,68,46,64,63,73,66,61,64
[ 3819.941210] [AOA] Measurement: 0,1629173491.419935,08:55:31:70:ff:0a,2,1,1,0,128,705,691,654,863,921,995,810,191,393,434,98,196,343,62,702,511,277,595,295,777,599,44,506,968,883,221,757,16,278,124,1002,911,68,67,67,43,71,71,67,50,57,54,60,70,60,60,67,46,69,67,62,63,64,62,68,56,66,49,66,65,74,68,62,68
[ 3819.984290] [AOA] Measurement: 0,1629173491.463018,08:55:31:70:ff:0a,2,1,1,0,128,194,883,638,829,360,792,857,226,888,273,617,38,281,1009,716,545,219,573,753,576,65,888,929,761,836,229,742,44,715,928,464,430,68,67,66,42,69,72,66,48,56,52,60,71,60,61,68,46,69,70,64,66,66,66,70,58,70,50,66,66,74,69,64,69
[ 3820.028182] [AOA] Measurement: 0,1629173491.506911,08:55:31:70:ff:0a,2,1,1,0,128,217,884,97,589,405,820,868,230,873,217,621,30,313,37,739,543,340,610,768,573,82,867,581,1012,809,229,735,23,725,937,518,403,70,68,67,42,72,73,65,50,55,53,58,69,58,60,65,44,69,70,65,66,65,65,71,57,71,50,67,67,75,70,62,67
[ 3820.071076] [AOA] Measurement: 0,1629173491.549804,08:55:31:70:ff:0a,2,1,1,0,128,200,861,91,608,396,824,858,237,886,242,599,14,284,33,741,543,283,651,305,802,585,1007,962,777,821,243,723,1019,786,971,143,101,69,66,67,41,71,73,65,50,56,53,58,70,61,61,67,45,69,69,62,64,64,64,69,56,69,48,65,65,72,70,64,67
[ 3820.109895] [AOA] Measurement: 0,1629173491.588619,08:55:31:70:ff:0a,2,1,1,0,128,672,683,110,616,931,1016,412,469,444,472,113,201,299,28,725,523,251,627,779,600,105,872,540,1002,349,475,303,237,256,109,19,953,71,71,70,41,73,74,68,51,55,49,59,69,59,61,68,43,67,70,61,62,62,60,69,55,68,44,64,64,73,69,62,63
[ 3820.152559] [AOA] Measurement: 0,1629173491.631289,08:55:31:70:ff:0a,2,1,1,0,128,697,710,628,814,947,1010,839,294,407,458,138,221,837,183,312,760,891,837,284,777,589,8,538,973,843,268,756,25,265,96,518,416,65,65,65,43,71,73,66,48,56,53,58,70,57,61,66,45,67,68,62,64,64,65,67,55,67,51,66,65,73,70,64,68
[ 3820.196365] [AOA] Measurement: 0,1629173491.675092,08:55:31:70:ff:0a,2,1,1,0,128,199,867,668,791,880,967,843,229,891,231,620,57,354,56,735,530,297,626,794,637,599,1018,560,1006,362,441,293,252,209,56,615,477,66,67,66,44,72,72,67,50,57,52,61,70,61,61,67,44,68,70,64,65,64,63,72,57,70,49,65,66,75,69,63,65
[ 3820.240096] [AOA] Measurement: 0,1629173491.718824,08:55:31:70:ff:0a,2,1,1,0,128,645,676,658,810,361,801,848,247,820,204,646,77,851,227,248,708,820,812,260,754,33,860,1010,770,882,308,316,251,216,70,576,375,65,65,65,41,70,70,65,49,56,54,58,70,59,60,65,44,68,67,65,63,65,65,70,57,69,49,67,66,76,71,64,67
[ 3820.278746] [AOA] Measurement: 0,1629173491.757474,08:55:31:70:ff:0a,2,1,1,0,128,220,900,611,794,955,1018,363,442,832,218,618,37,288,25,718,536,228,579,785,579,43,878,952,772,852,268,775,17,749,938,258,197,56,54,54,36,58,58,55,39,46,44,48,58,48,50,55,38,57,58,52,52,55,55,59,48,58,42,55,54,63,60,54,60
[ 3820.324093] [AOA] Measurement: 0,1629173491.802816,08:55:31:70:ff:0a,2,1,1,0,128,751,721,135,616,952,977,825,234,833,196,611,1009,320,18,722,524,237,582,775,593,68,863,513,979,417,478,242,201,712,888,651,663,69,67,68,42,72,73,68,51,57,51,60,69,60,62,67,43,67,70,63,64,63,61,70,55,68,45,65,64,75,69,62,65
[ 3820.378382] [AOA] Measurement: 0,1629173491.857109,08:55:31:70:ff:0a,2,1,1,0,128,682,698,97,575,368,824,783,201,901,247,676,89,883,225,738,534,249,605,714,565,619,42,955,775,415,462,296,231,269,120,945,825,69,69,67,43,71,71,67,49,55,52,58,69,59,61,68,44,69,70,64,64,65,63,69,55,68,49,66,65,75,71,63,67
[ 3820.422167] [AOA] Measurement: 0,1629173491.900897,08:55:31:70:ff:0a,2,1,1,0,128,684,711,99,621,357,797,891,284,804,212,588,1020,337,27,739,531,256,610,753,582,37,853,939,744,832,236,816,68,748,903,811,716,67,67,64,43,71,74,67,50,57,52,59,70,60,61,67,45,67,68,62,62,62,62,68,56,68,48,65,65,75,69,63,66
[ 3820.471276] [AOA] Measurement: 0,1629173491.950003,08:55:31:70:ff:0a,2,1,1,0,128,682,674,655,848,400,793,866,231,875,216,656,56,331,21,676,484,228,564,774,605,98,888,996,831,864,296,684,1015,815,1001,999,947,72,70,68,41,72,75,68,50,56,54,60,72,61,63,68,45,68,71,64,66,64,65,70,57,68,49,66,65,74,69,65,68
[ 3820.509670] [AOA] Measurement: 0,1629173491.988393,08:55:31:70:ff:0a,2,1,1,0,128,257,905,622,808,934,1,354,431,395,422,212,265,884,229,214,682,264,631,784,584,606,51,533,986,869,300,292,237,262,105,551,416,69,68,68,44,71,73,67,50,55,52,60,70,59,59,67,44,70,69,65,66,65,66,71,57,71,49,67,67,76,70,63,68
[ 3820.552534] [AOA] Measurement: 0,1629173492.031262,08:55:31:70:ff:0a,2,1,1,0,128,713,701,34,587,349,799,872,260,844,243,582,5,338,42,707,519,221,592,758,583,90,898,530,1002,377,449,279,222,264,100,227,79,66,68,66,44,70,70,67,50,56,52,61,70,60,61,67,45,69,70,63,66,64,64,70,54,67,47,66,65,76,69,62,67
[ 3820.590346] [AOA] Measurement: 0,1629173492.069070,08:55:31:70:ff:0a,2,1,1,0,128,692,704,106,636,365,812,875,239,848,240,616,20,362,56,214,699,229,577,768,581,12,834,978,784,864,264,769,67,654,900,869,874,67,67,66,42,71,72,67,48,57,54,58,70,61,60,66,46,68,68,63,66,65,64,69,56,69,50,65,66,74,70,63,69
[ 3820.633181] [AOA] Measurement: 0,1629173492.111907,08:55:31:70:ff:0a,2,1,1,0,128,250,912,654,809,929,1007,419,431,377,414,201,283,911,250,267,719,844,829,278,770,560,17,539,1000,375,460,348,314,254,112,596,355,68,67,67,42,71,74,68,51,57,51,60,70,60,60,68,44,68,69,62,64,62,61,70,54,69,47,63,64,74,66,61,65
[ 3820.683628] [AOA] Measurement: 0,1629173492.162352,08:55:31:70:ff:0a,2,1,1,0,128,172,858,67,614,919,996,346,430,410,483,91,206,342,74,285,738,761,764,346,790,582,13,520,983,388,458,324,251,283,120,49,822,69,68,67,42,72,72,66,50,56,51,59,69,61,61,67,43,67,69,63,65,61,62,71,55,68,45,64,65,74,68,62,65
[ 3820.737634] [AOA] Measurement: 0,1629173492.216361,08:55:31:70:ff:0a,2,1,1,0,128,724,699,50,581,360,799,835,237,835,200,588,21,329,25,670,520,272,608,717,523,83,888,6,775,816,201,705,972,716,911,1022,45,66,64,65,42,69,70,66,47,55,52,57,69,58,59,64,44,68,68,63,62,64,66,68,58,70,51,66,65,74,70,65,70
[ 3820.780209] [AOA] Measurement: 0,1629173492.258933,08:55:31:70:ff:0a,2,1,1,0,128,710,709,121,652,393,852,420,476,416,446,169,265,920,285,308,769,841,827,335,802,615,48,585,26,376,454,327,261,319,138,90,1006,69,67,68,43,72,73,67,52,55,49,60,70,61,62,68,43,69,71,64,63,64,62,69,54,68,46,64,63,74,68,62,66
[ 3820.823147] [AOA] Measurement: 0,1629173492.301872,08:55:31:70:ff:0a,2,1,1,0,128,206,885,657,811,908,988,428,436,405,420,167,244,829,188,768,567,280,631,816,610,658,68,580,1003,386,490,280,220,300,100,501,302,63,61,61,41,67,68,64,47,55,53,57,68,57,57,62,44,66,66,61,62,64,67,65,56,67,52,65,65,73,68,65,71
[ 3820.873158] [AOA] Measurement: 0,1629173492.351885,08:55:31:70:ff:0a,2,1,1,0,128,695,694,127,624,927,1003,349,388,370,435,178,222,287,19,775,543,791,782,805,621,611,31,545,1,317,434,724,28,673,920,600,645,67,65,64,41,70,73,65,48,54,53,59,69,60,58,65,45,67,68,63,64,64,64,67,58,67,50,66,66,76,70,63,69
[ 3820.927616] [AOA] Measurement: 0,1629173492.406343,08:55:31:70:ff:0a,2,1,1,0,128,735,750,109,645,380,802,827,173,870,251,659,80,358,25,259,696,250,649,755,588,605,63,536,977,403,456,302,248,244,69,873,686,67,67,67,44,71,71,66,50,57,52,59,69,60,61,66,46,69,69,64,66,64,62,69,55,70,48,66,64,74,69,59,65
[ 3820.970922] [AOA] Measurement: 0,1629173492.449645,08:55:31:70:ff:0a,2,1,1,0,128,666,671,90,649,351,832,380,463,346,420,142,231,888,239,753,566,806,823,290,802,621,34,553,0,418,477,272,225,215,78,684,654,63,63,62,43,69,70,65,46,55,52,58,69,57,58,62,44,68,67,63,63,65,66,70,57,68,51,64,65,72,69,64,70
