
[11309.965833] [AOA] Measurement: 0,1627138927.342685,08:55:31:9b:05:29,2,1,2,0,128,129,597,34,351,844,996,594,200,841,919,291,389,449,228,414,966,456,869,740,861,601,281,458,28,663,895,31,757,31,935,948,970,62,59,62,46,71,73,66,70,70,74,68,81,66,73,75,69,70,73,68,70,64,64,72,63,60,74,68,75,76,72,76,76
[11310.006431] [AOA] Measurement: 0,1627138927.383286,08:55:31:9b:05:29,2,1,2,0,128,124,607,1,438,901,3,497,202,839,932,201,325,494,266,843,757,455,914,777,873,637,334,432,36,179,43,83,778,995,907,913,892,63,62,64,46,74,75,69,72,77,76,71,81,69,75,77,70,73,77,69,72,65,64,74,65,62,76,69,74,77,73,74,79
[11310.049758] [AOA] Measurement: 0,1627138927.426605,08:55:31:9b:05:29,2,1,2,0,128,164,624,562,569,332,827,954,993,841,912,283,379,426,203,879,791,441,861,776,890,628,322,1018,258,176,26,36,758,1,914,353,416,63,60,64,47,73,74,68,72,74,73,71,82,69,74,75,69,71,76,70,72,64,65,74,65,60,73,70,74,76,73,76,77
[11310.092552] [AOA] Measurement: 0,1627138927.469405,08:55:31:9b:05:29,2,1,2,0,128,179,661,653,644,854,1005,475,130,256,693,302,348,410,238,837,740,506,897,809,892,166,506,979,260,123,1014,74,772,1019,931,894,913,60,56,58,47,66,70,61,67,65,70,63,75,65,69,71,65,69,69,63,67,59,63,68,61,58,71,65,73,73,72,75,76
[11310.136254] [AOA] Measurement: 0,1627138927.513107,08:55:31:9b:05:29,2,1,2,0,128,139,641,533,541,891,992,522,204,857,930,816,548,415,222,872,768,422,849,784,869,589,287,490,84,196,16,457,481,467,700,180,345,62,55,57,45,65,69,61,69,66,72,66,77,64,70,73,66,70,69,65,66,64,65,71,63,60,74,66,75,73,73,76,76
[11310.181280] [AOA] Measurement: 0,1627138927.558127,08:55:31:9b:05:29,2,1,2,0,128,120,629,1005,335,911,37,494,181,861,909,842,569,1008,420,445,984,967,14,287,64,166,538,960,232,127,1013,31,739,441,745,886,971,62,60,64,47,72,74,66,70,72,73,71,80,69,75,77,69,72,75,68,71,64,64,74,65,60,75,69,76,76,72,75,78
[11310.228473] [AOA] Measurement: 0,1627138927.605326,08:55:31:9b:05:29,2,1,2,0,128,214,669,562,599,866,990,501,157,867,915,778,504,972,389,402,957,437,864,326,129,182,531,965,242,154,1007,0,731,446,726,549,695,62,59,60,46,70,74,67,71,72,72,69,81,68,74,75,68,72,73,68,70,63,64,71,64,58,75,67,75,75,74,76,77
[11310.286314] [AOA] Measurement: 0,1627138927.663168,08:55:31:9b:05:29,2,1,2,0,128,152,642,590,591,916,33,546,184,850,919,794,512,1006,403,371,939,395,850,801,875,626,341,414,47,598,811,449,475,516,760,631,716,63,61,63,45,72,75,68,72,73,75,71,81,68,75,77,71,71,75,68,70,64,65,73,65,59,75,70,74,76,73,75,78
[11310.329821] [AOA] Measurement: 0,1627138927.706675,08:55:31:9b:05:29,2,1,2,0,128,637,403,989,312,285,793,9,30,865,923,784,532,24,426,439,987,468,890,394,75,152,528,408,52,595,813,22,713,985,910,62,212,64,63,64,45,74,77,68,72,75,75,71,82,69,76,76,70,72,76,69,71,64,64,74,65,60,75,70,75,77,73,76,78
[11310.368447] [AOA] Measurement: 0,1627138927.745295,08:55:31:9b:05:29,2,1,2,0,128,201,680,550,577,872,1004,509,170,866,928,224,325,445,217,907,787,466,874,793,897,90,470,478,70,167,17,39,753,401,714,383,558,65,63,66,44,74,75,68,71,77,75,73,82,69,74,72,70,70,77,71,70,61,61,73,63,58,74,67,68,71,68,70,75
[11310.416290] [AOA] Measurement: 0,1627138927.793145,08:55:31:9b:05:29,2,1,2,0,128,186,645,517,573,298,793,9,1022,805,865,287,384,1008,411,452,958,6,35,319,61,167,529,24,268,159,11,506,525,487,743,1021,112,65,64,67,43,76,77,71,72,78,73,72,80,69,73,73,69,68,77,70,70,60,62,72,63,58,72,67,69,71,68,73,75
[11310.458923] [AOA] Measurement: 0,1627138927.835778,08:55:31:9b:05:29,2,1,2,0,128,581,425,953,324,308,757,893,935,354,721,250,352,346,142,907,780,430,885,339,45,604,298,979,225,136,992,46,717,402,671,569,822,61,65,68,37,77,73,67,66,79,69,69,77,65,70,69,66,64,75,70,66,57,56,68,58,54,65,63,62,64,59,64,68
[11310.503663] [AOA] Measurement: 0,1627138927.880517,08:55:31:9b:05:29,2,1,2,0,128,168,635,606,588,897,1019,531,175,861,910,850,639,991,447,398,953,9,70,277,13,662,335,396,38,553,795,486,509,465,736,915,56,58,62,65,38,76,77,69,69,77,68,66,81,67,71,72,64,63,76,70,70,59,57,71,58,50,66,54,62,69,65,67,69
[11310.547481] [AOA] Measurement: 0,1627138927.924335,08:55:31:9b:05:29,2,1,2,0,128,232,686,529,555,795,981,561,215,838,936,825,528,1021,451,436,956,409,837,747,856,632,343,437,79,707,829,521,540,510,756,592,617,64,63,66,43,73,75,68,71,76,73,72,79,67,75,74,67,69,78,70,68,61,60,72,62,59,73,68,72,73,68,70,74
[11310.591969] [AOA] Measurement: 0,1627138927.968824,08:55:31:9b:05:29,2,1,2,0,128,182,700,607,637,859,993,477,191,234,679,295,382,951,412,446,1016,16,74,346,79,173,532,15,315,119,1018,14,750,974,906,11,24,65,62,66,45,77,75,70,72,77,74,71,81,68,75,76,69,72,76,70,73,64,64,74,66,61,75,69,74,74,72,73,78
[11310.635826] [AOA] Measurement: 0,1627138928.012681,08:55:31:9b:05:29,2,1,2,0,128,144,615,595,593,885,18,559,229,812,895,886,633,1012,415,409,978,39,75,275,46,256,564,969,224,607,844,103,767,8,955,274,219,64,63,66,46,76,75,69,71,74,72,70,78,66,72,73,70,70,78,72,72,63,63,72,64,58,75,66,71,71,65,70,74
[11310.686616] [AOA] Measurement: 0,1627138928.063470,08:55:31:9b:05:29,2,1,2,0,128,206,647,590,584,272,809,973,1003,285,698,256,346,463,231,929,794,22,67,358,59,603,337,26,275,184,26,3,717,439,747,119,44,66,64,64,42,75,74,70,71,74,75,72,83,69,76,74,69,70,76,69,70,63,63,73,64,60,74,67,73,72,70,72,76
[11310.731715] [AOA] Measurement: 0,1627138928.108567,08:55:31:9b:05:29,2,1,2,0,128,676,456,1002,371,332,783,957,992,280,692,245,330,408,160,901,777,493,896,807,899,691,351,409,52,595,796,480,533,444,723,347,580,63,60,62,46,72,73,68,70,70,73,67,80,64,72,73,68,71,71,67,70,63,63,73,65,59,75,67,75,76,73,76,78
[11310.780382] [AOA] Measurement: 0,1627138928.157231,08:55:31:9b:05:29,2,1,2,0,128,240,751,557,577,865,1017,462,156,852,888,810,564,398,223,897,786,491,920,369,73,206,609,1005,274,239,45,66,745,40,969,793,785,64,63,65,44,75,76,70,69,75,73,69,80,66,75,74,69,68,76,69,68,61,63,71,64,57,70,66,69,71,66,70,73
[11310.824875] [AOA] Measurement: 0,1627138928.201729,08:55:31:9b:05:29,2,1,2,0,128,153,627,566,548,811,965,945,963,327,726,317,381,480,220,878,811,442,873,775,883,620,280,386,10,679,850,437,499,462,706,662,842,62,64,69,39,76,76,69,69,78,71,72,80,66,72,70,68,68,76,70,70,59,59,71,60,55,71,66,69,68,63,66,68
[11310.868360] [AOA] Measurement: 0,1627138928.245213,08:55:31:9b:05:29,2,1,2,0,128,223,719,569,618,908,1015,511,185,814,870,219,320,384,194,903,766,504,911,342,91,244,539,39,329,158,5,46,768,32,980,80,14,63,60,65,45,73,74,69,70,73,72,69,79,68,74,73,69,69,74,71,71,63,64,73,65,60,75,68,73,76,70,74,76
[11310.911760] [AOA] Measurement: 0,1627138928.288609,08:55:31:9b:05:29,2,1,2,0,128,212,677,604,615,860,6,573,212,899,947,832,578,1020,440,451,993,985,21,380,125,200,593,986,262,182,4,56,773,6,932,203,297,65,62,63,47,75,76,67,72,75,73,68,79,66,74,74,69,69,75,70,71,63,65,72,65,59,74,69,74,76,71,74,77
[11310.955498] [AOA] Measurement: 0,1627138928.332351,08:55:31:9b:05:29,2,1,2,0,128,704,485,29,417,947,39,534,176,901,945,774,541,439,197,894,748,448,863,790,852,628,288,405,50,175,17,32,745,42,962,207,220,64,62,67,41,76,74,69,70,77,72,73,79,68,74,74,68,68,77,71,70,59,58,71,62,56,70,66,69,69,66,68,72
[11311.002206] [AOA] Measurement: 0,1627138928.379054,08:55:31:9b:05:29,2,1,2,0,128,710,481,970,327,329,840,960,8,262,725,305,370,18,425,431,975,1013,43,329,43,111,488,417,33,585,822,541,584,42,947,985,52,64,61,64,44,74,75,69,70,76,72,72,80,69,72,73,67,69,76,70,70,61,63,73,66,60,75,68,72,74,68,71,73
[11311.047205] [AOA] Measurement: 0,1627138928.424058,08:55:31:9b:05:29,2,1,2,0,128,206,641,517,551,944,28,543,210,845,899,303,392,14,456,444,4,1013,53,325,81,151,514,1002,271,131,1016,13,703,451,743,489,494,63,59,63,46,72,75,66,72,74,74,71,80,66,73,76,68,71,72,67,70,63,64,71,63,60,73,67,75,75,72,75,79
[11311.091115] [AOA] Measurement: 0,1627138928.467967,08:55:31:9b:05:29,2,1,2,0,128,657,489,1002,354,279,769,38,33,196,673,236,319,406,174,907,753,442,844,815,894,549,238,423,23,645,823,484,501,450,716,970,42,64,64,67,43,77,77,70,71,78,74,72,81,69,75,74,69,69,77,70,71,63,62,71,64,59,73,68,70,74,69,71,75
[11311.135204] [AOA] Measurement: 0,1627138928.512056,08:55:31:9b:05:29,2,1,2,0,128,611,427,1013,381,298,794,1002,5,879,937,777,495,419,194,899,771,491,907,828,952,175,542,997,258,624,833,470,522,526,752,374,497,64,63,65,45,75,74,68,73,77,74,73,81,70,76,76,70,72,77,71,72,63,63,73,65,61,75,69,73,74,69,73,73
[11311.179185] [AOA] Measurement: 0,1627138928.556032,08:55:31:9b:05:29,2,1,2,0,128,595,387,1006,364,310,787,1011,10,343,733,269,360,488,257,416,972,398,854,746,857,596,249,430,19,671,850,452,506,486,744,194,271,64,63,65,42,74,76,68,70,77,72,72,79,68,74,71,68,68,75,68,67,59,59,71,62,57,71,65,67,68,64,68,72
[11311.222631] [AOA] Measurement: 0,1627138928.599479,08:55:31:9b:05:29,2,1,2,0,128,183,648,12,364,287,781,10,18,819,907,903,598,19,455,480,1005,954,26,334,49,115,470,951,238,83,991,533,546,1011,926,970,40,68,67,67,49,78,77,72,77,79,78,77,87,73,78,82,76,76,82,74,77,68,69,79,69,64,80,73,76,78,75,79,81
[11311.272761] [AOA] Measurement: 0,1627138928.649609,08:55:31:9b:05:29,2,1,2,0,128,644,445,558,550,866,990,991,0,840,918,866,586,967,404,433,982,14,76,394,110,197,540,940,198,165,9,80,760,7,926,508,633,64,61,63,47,72,75,67,71,72,75,70,80,67,74,73,69,69,72,67,68,64,64,72,65,60,75,69,75,77,73,75,78
[11311.318407] [AOA] Measurement: 0,1627138928.695260,08:55:31:9b:05:29,2,1,2,0,128,207,678,550,572,825,971,997,10,262,663,294,377,27,452,439,977,936,17,346,82,214,573,978,232,129,11,996,674,424,717,228,369,64,61,65,46,71,73,67,71,74,73,71,81,68,75,76,69,72,76,69,70,63,63,73,66,60,76,69,74,75,71,74,77
[11311.365155] [AOA] Measurement: 0,1627138928.742003,08:55:31:9b:05:29,2,1,2,0,128,165,637,581,602,928,11,476,184,894,947,839,593,51,471,392,962,1022,38,280,35,644,312,460,36,571,792,475,532,439,722,849,953,64,62,66,45,75,77,70,70,75,74,71,81,69,76,75,71,72,78,73,71,64,63,73,64,59,72,68,72,72,68,70,73
[11311.414060] [AOA] Measurement: 0,1627138928.790914,08:55:31:9b:05:29,2,1,2,0,128,714,480,555,595,905,1,515,175,922,956,870,602,25,458,423,964,968,52,302,90,157,542,8,266,169,8,6,707,439,724,353,488,63,64,66,43,74,75,70,73,76,75,72,82,68,73,75,69,71,75,71,71,65,64,73,65,60,73,69,75,75,73,74,79
[11311.457042] [AOA] Measurement: 0,1627138928.833897,08:55:31:9b:05:29,2,1,2,0,128,190,630,988,336,302,786,540,170,882,936,852,586,968,371,469,1004,972,31,305,23,143,504,8,242,178,44,986,665,433,711,681,758,62,61,62,47,72,76,68,72,72,73,70,80,68,72,75,69,71,73,67,71,64,66,72,64,60,72,68,74,75,71,74,77
[11311.500685] [AOA] Measurement: 0,1627138928.877538,08:55:31:9b:05:29,2,1,2,0,128,214,669,555,559,853,1017,501,193,864,913,306,375,450,231,413,994,2,62,318,79,126,482,991,264,178,4,1022,712,22,974,417,402,64,61,64,46,72,75,67,73,73,73,69,81,67,75,74,70,71,73,67,68,64,65,70,64,60,73,67,75,76,72,76,78
[11311.538705] [AOA] Measurement: 0,1627138928.915559,08:55:31:9b:05:29,2,1,2,0,128,624,422,535,553,310,794,1018,10,840,923,790,537,47,515,494,13,21,49,337,69,132,548,1000,240,598,811,19,756,75,1017,273,273,60,53,56,45,65,68,61,68,66,68,65,76,64,70,72,67,68,70,65,69,62,64,70,63,60,73,66,74,76,74,75,76
[11311.581588] [AOA] Measurement: 0,1627138928.958443,08:55:31:9b:05:29,2,1,2,0,128,130,598,515,561,851,1007,987,1021,868,941,262,364,22,439,397,939,17,89,272,17,653,352,1013,249,151,1023,8,748,1020,953,743,747,64,62,65,44,74,76,70,71,76,75,71,82,69,73,75,69,70,76,71,72,63,65,74,65,59,71,67,74,74,69,73,73
[11311.620317] [AOA] Measurement: 0,1627138928.997165,08:55:31:9b:05:29,2,1,2,0,128,97,587,1022,344,297,804,1015,1006,374,753,863,602,1018,443,407,954,33,99,294,46,87,451,419,58,651,821,478,518,475,756,548,632,64,62,66,46,75,76,69,71,74,72,71,81,70,75,76,70,70,75,70,73,64,64,72,65,61,74,69,74,76,71,75,77
[11311.662522] [AOA] Measurement: 0,1627138929.039374,08:55:31:9b:05:29,2,1,2,0,128,674,487,11,346,318,807,577,199,861,917,872,558,969,399,466,977,459,892,366,79,156,601,1020,289,197,8,97,784,961,899,711,729,67,65,67,48,77,79,71,75,77,78,73,85,73,79,80,74,76,79,75,76,69,67,76,69,65,80,75,80,81,77,80,82
[11311.706409] [AOA] Measurement: 0,1627138929.083263,08:55:31:9b:05:29,2,1,2,0,128,142,644,548,554,896,24,459,149,838,925,824,563,981,438,457,1010,954,18,326,63,143,534,980,200,174,17,33,769,27,992,239,105,64,64,67,44,77,77,69,69,74,74,72,79,68,75,73,67,68,77,70,68,59,61,72,62,56,72,64,68,68,64,68,69
[11311.749723] [AOA] Measurement: 0,1627138929.126578,08:55:31:9b:05:29,2,1,2,0,128,207,642,993,338,275,743,952,984,322,712,292,402,978,429,881,778,471,905,368,69,130,464,471,67,624,819,501,511,435,715,946,111,62,59,62,46,72,75,68,73,73,74,70,79,68,74,73,69,72,76,69,71,65,65,74,66,60,75,68,74,76,71,74,73
[11311.788834] [AOA] Measurement: 0,1627138929.165682,08:55:31:9b:05:29,2,1,2,0,128,180,626,527,520,270,780,540,215,796,914,800,554,1006,405,419,975,983,8,311,58,191,557,6,291,176,22,49,734,29,968,100,28,63,62,66,45,74,77,68,71,75,74,69,80,68,75,76,69,71,75,68,69,61,63,72,64,58,73,66,72,74,68,73,74
[11311.832044] [AOA] Measurement: 0,1627138929.208892,08:55:31:9b:05:29,2,1,2,0,128,656,450,35,400,308,868,488,155,865,915,804,527,8,439,476,1011,968,34,795,906,187,527,3,275,179,19,55,743,991,936,711,774,65,65,65,44,76,78,69,73,78,74,73,81,69,75,74,70,69,77,69,70,63,61,72,63,60,73,69,73,73,69,72,74
[11311.882308] [AOA] Measurement: 0,1627138929.259159,08:55:31:9b:05:29,2,1,2,0,128,162,641,527,573,877,1015,453,141,281,714,869,605,998,422,469,990,1002,23,258,52,130,494,971,250,225,44,68,765,40,1006,915,852,63,58,61,47,72,74,66,71,73,74,70,80,69,74,77,71,70,75,69,70,64,64,71,64,61,74,67,73,74,72,75,77
[11311.927172] [AOA] Measurement: 0,1627138929.304026,08:55:31:9b:05:29,2,1,2,0,128,269,705,542,545,893,1021,550,212,821,881,850,582,7,466,464,999,36,74,351,111,113,501,917,221,197,31,30,687,18,964,632,638,63,62,64,45,74,75,70,72,77,74,71,80,69,74,75,67,70,74,69,72,65,65,72,65,60,76,69,73,75,72,74,79
[11311.970865] [AOA] Measurement: 0,1627138929.347720,08:55:31:9b:05:29,2,1,2,0,128,155,638,606,640,892,1012,584,218,887,964,905,619,17,465,408,972,1022,62,361,95,202,558,1001,302,125,1009,30,724,3,944,315,230,62,63,65,40,74,74,66,68,76,70,69,78,66,71,72,68,68,77,69,68,61,61,70,62,57,71,65,66,68,64,65,69
[11312.016109] [AOA] Measurement: 0,1627138929.392962,08:55:31:9b:05:29,2,1,2,0,128,196,665,585,599,921,14,560,250,853,926,809,542,28,447,436,997,943,1019,807,864,583,286,433,63,635,822,516,583,28,969,62,994,61,55,58,46,66,71,62,69,66,71,67,75,65,70,73,66,69,68,63,67,60,62,67,61,58,73,64,75,74,72,75,76
[11312.062340] [AOA] Measurement: 0,1627138929.439192,08:55:31:9b:05:29,2,1,2,0,128,643,441,606,598,835,968,941,1007,322,740,288,370,400,174,892,776,5,44,303,35,685,366,28,294,116,1023,476,575,51,949,1008,953,62,59,62,46,69,71,66,70,72,72,67,78,67,73,74,69,71,72,67,69,63,65,73,65,59,73,67,74,75,73,76,79
[11312.105881] [AOA] Measurement: 0,1627138929.482737,08:55:31:9b:05:29,2,1,2,0,128,562,371,989,308,331,774,974,1000,321,752,821,516,948,375,942,792,481,889,789,903,642,318,0,285,53,995,451,525,495,716,291,415,63,60,62,46,72,74,69,71,73,75,70,80,69,75,75,71,71,75,69,71,64,65,73,64,61,76,70,75,77,74,77,79
[11312.148759] [AOA] Measurement: 0,1627138929.525613,08:55:31:9b:05:29,2,1,2,0,128,240,668,633,645,884,995,538,204,868,942,828,571,935,384,402,1006,989,17,749,893,623,318,1013,265,157,9,82,747,1003,913,235,229,68,65,66,50,76,78,72,77,77,80,73,82,72,75,78,73,74,76,72,74,68,70,78,70,65,80,73,80,81,77,79,82
[11312.193276] [AOA] Measurement: 0,1627138929.570128,08:55:31:9b:05:29,2,1,2,0,128,619,433,653,665,806,949,12,10,251,708,293,348,404,188,872,788,456,855,315,44,130,492,1,249,215,40,7,735,977,919,449,563,67,61,64,50,72,76,68,74,74,75,72,83,71,75,77,72,75,74,70,71,68,68,76,68,65,78,72,79,81,79,81,83
[11312.236991] [AOA] Measurement: 0,1627138929.613846,08:55:31:9b:05:29,2,1,2,0,128,118,608,1021,359,234,796,971,1008,284,698,255,344,449,204,972,793,995,29,373,115,158,537,953,242,141,6,6,746,987,900,104,86,63,60,61,46,70,75,66,72,71,73,69,79,67,73,76,69,73,74,67,68,63,65,71,65,59,71,67,73,74,74,76,76
[11312.281200] [AOA] Measurement: 0,1627138929.658055,08:55:31:9b:05:29,2,1,2,0,128,215,651,597,618,879,993,473,175,799,863,237,308,480,234,897,794,55,68,353,108,142,525,59,345,223,35,70,741,1,934,79,2,63,60,63,45,72,74,66,70,71,71,67,79,65,73,74,67,70,72,67,70,64,64,72,64,57,73,68,74,76,72,77,79
[11312.324578] [AOA] Measurement: 0,1627138929.701432,08:55:31:9b:05:29,2,1,2,0,128,212,674,562,553,895,5,944,994,289,689,225,312,428,226,882,789,425,832,787,858,604,291,999,231,160,1021,85,757,3,930,192,207,64,63,67,44,75,74,70,72,77,74,72,82,70,75,75,70,70,77,70,70,62,61,73,63,57,73,68,72,73,71,72,74
[11312.370139] [AOA] Measurement: 0,1627138929.746988,08:55:31:9b:05:29,2,1,2,0,128,194,682,591,603,898,22,545,176,861,932,823,583,996,404,447,990,1005,53,355,60,586,287,424,14,619,813,532,560,446,712,355,481,60,55,57,44,63,70,62,67,64,69,66,74,62,69,71,65,71,67,62,66,60,62,69,62,56,70,63,72,73,72,73,73
[11312.412460] [AOA] Measurement: 0,1627138929.789315,08:55:31:9b:05:29,2,1,2,0,128,202,637,26,383,299,776,986,963,271,694,212,272,416,175,899,790,420,858,800,891,598,324,440,65,660,869,51,764,33,960,371,347,67,65,66,50,77,79,71,77,75,79,74,85,72,79,80,75,76,78,73,77,68,70,78,71,63,77,73,81,80,77,78,80
[11312.456426] [AOA] Measurement: 0,1627138929.833281,08:55:31:9b:05:29,2,1,2,0,128,220,682,523,566,897,1003,518,216,889,967,843,565,34,435,873,797,461,840,792,885,654,338,420,28,189,1015,513,540,486,772,642,768,65,61,64,44,73,75,67,70,72,73,70,81,69,74,75,70,71,76,69,71,63,63,74,63,59,75,67,74,75,73,75,78
[11312.500447] [AOA] Measurement: 0,1627138929.877300,08:55:31:9b:05:29,2,1,2,0,128,629,396,30,352,326,801,563,214,794,899,197,250,331,154,920,802,464,852,790,881,618,296,1009,240,156,19,1021,710,454,720,206,366,63,61,63,46,74,77,69,72,75,73,71,82,70,75,76,70,70,75,70,70,62,64,72,65,60,73,69,74,72,68,72,76
[11312.539205] [AOA] Measurement: 0,1627138929.916060,08:55:31:9b:05:29,2,1,2,0,128,211,668,572,573,261,756,1021,17,277,738,810,541,10,428,416,963,1,43,326,47,576,313,413,37,589,815,89,754,5,930,55,103,63,61,63,46,73,73,69,73,75,75,72,82,69,76,76,71,71,75,71,72,64,65,73,66,59,73,68,72,72,70,72,76
[11312.581753] [AOA] Measurement: 0,1627138929.958608,08:55:31:9b:05:29,2,1,2,0,128,231,652,642,620,868,992,486,181,243,649,146,286,512,290,409,933,424,831,847,910,625,340,396,27,182,20,56,753,0,900,570,590,66,64,67,47,77,78,72,75,78,78,75,86,73,79,80,73,74,78,72,74,66,67,78,69,63,77,71,76,78,73,76,79
[11312.620444] [AOA] Measurement: 0,1627138929.997292,08:55:31:9b:05:29,2,1,2,0,128,166,612,599,582,838,976,992,41,858,916,270,346,12,409,456,1002,0,26,352,92,86,492,408,48,612,826,535,562,457,710,193,449,65,63,65,43,74,77,69,72,75,73,71,80,68,73,74,70,71,76,70,71,63,64,74,65,60,73,68,71,73,71,74,76
[11312.663910] [AOA] Measurement: 0,1627138930.040758,08:55:31:9b:05:29,2,1,2,0,128,246,669,604,633,841,974,477,164,292,758,225,321,39,462,484,16,1001,50,385,97,203,556,2,265,58,938,93,809,23,947,308,236,64,63,66,45,76,76,71,72,77,74,71,80,68,75,75,70,71,74,69,70,63,64,72,66,61,75,70,74,74,72,74,77
[11312.713793] [AOA] Measurement: 0,1627138930.090640,08:55:31:9b:05:29,2,1,2,0,128,591,360,30,343,282,788,955,987,318,707,230,317,511,247,480,974,433,856,757,861,607,304,428,37,639,855,484,525,456,714,205,380,63,59,62,49,72,76,67,73,72,75,69,80,67,74,78,70,75,72,68,73,67,68,73,67,64,78,70,78,80,77,81,82
[11312.752907] [AOA] Measurement: 0,1627138930.129762,08:55:31:9b:05:29,2,1,2,0,128,194,686,520,541,915,24,455,150,815,899,282,345,997,411,898,762,969,33,697,838,625,282,361,1007,613,788,593,571,8,932,277,321,63,61,64,45,74,74,66,71,75,75,71,80,68,73,74,69,70,75,68,71,64,65,74,64,61,75,70,73,75,72,76,76
[11312.798772] [AOA] Measurement: 0,1627138930.175625,08:55:31:9b:05:29,2,1,2,0,128,203,677,559,558,839,1015,516,183,804,893,222,339,413,206,933,795,1011,107,313,32,175,537,422,52,603,830,80,784,16,954,748,644,65,63,66,45,76,77,66,72,74,72,71,81,68,74,73,69,68,74,67,69,63,63,72,63,60,74,67,72,74,70,73,74
[11312.842893] [AOA] Measurement: 0,1627138930.219747,08:55:31:9b:05:29,2,1,2,0,128,674,473,1007,379,291,765,1017,6,278,725,281,329,1006,435,877,745,426,893,788,884,631,304,441,39,642,855,32,749,33,964,395,425,65,65,67,44,77,78,69,71,78,75,72,80,69,74,75,70,70,76,69,69,62,62,72,63,58,72,65,70,71,66,70,73
[11312.893212] [AOA] Measurement: 0,1627138930.270060,08:55:31:9b:05:29,2,1,2,0,128,186,672,586,601,839,981,557,194,873,932,816,546,980,443,407,977,984,8,358,102,196,528,45,301,209,47,2,707,51,987,205,229,64,64,65,42,74,76,70,72,78,74,72,82,70,75,74,70,70,77,70,70,61,62,72,63,60,74,67,71,71,68,72,74
[11312.944498] [AOA] Measurement: 0,1627138930.321348,08:55:31:9b:05:29,2,1,2,0,128,226,688,512,597,802,933,1011,1,857,916,835,566,984,425,408,937,485,892,762,849,654,344,431,36,627,820,462,531,483,750,114,227,64,62,64,45,72,75,69,71,72,74,71,81,69,72,75,69,70,74,68,72,63,64,73,66,60,75,68,73,74,72,75,78
[11312.989605] [AOA] Measurement: 0,1627138930.366453,08:55:31:9b:05:29,2,1,2,0,128,154,605,1021,369,304,805,522,167,857,905,805,523,1000,427,370,943,49,94,366,108,175,524,4,251,128,1011,89,752,19,975,553,622,64,61,64,45,73,74,69,72,75,75,71,81,68,74,76,69,72,77,69,71,63,64,74,65,60,76,70,73,74,70,73,76
[11313.032612] [AOA] Measurement: 0,1627138930.409467,08:55:31:9b:05:29,2,1,2,0,128,682,485,594,590,782,970,979,1001,866,918,804,535,995,442,451,983,454,878,372,104,182,511,982,248,150,17,1023,745,1005,942,660,659,64,65,68,42,77,76,70,71,79,72,72,80,67,75,72,68,67,76,71,69,60,60,74,63,58,75,69,70,71,67,70,73
[11313.075946] [AOA] Measurement: 0,1627138930.452799,08:55:31:9b:05:29,2,1,2,0,128,705,504,22,398,317,822,954,983,289,708,257,314,462,211,916,771,515,923,298,13,678,362,436,64,88,994,55,711,1004,919,686,731,64,61,62,43,71,75,68,70,75,75,70,81,66,75,76,68,70,76,69,71,62,61,72,64,59,73,69,72,75,71,73,75
[11313.119356] [AOA] Measurement: 0,1627138930.496211,08:55:31:9b:05:29,2,1,2,0,128,604,410,16,351,342,825,494,155,912,931,811,512,425,220,943,821,393,851,777,884,630,297,463,51,188,18,1014,704,1014,921,865,890,63,59,63,47,72,73,67,71,73,73,70,80,68,75,76,70,73,75,68,69,65,64,72,65,60,74,67,75,75,73,76,76
[11313.158423] [AOA] Measurement: 0,1627138930.535272,08:55:31:9b:05:29,2,1,2,0,128,124,623,551,552,269,771,1017,2,873,972,824,604,948,375,833,748,459,886,841,918,143,547,972,240,141,999,29,712,58,978,714,696,66,66,70,50,79,80,74,78,80,80,76,86,73,81,79,73,75,82,76,77,67,69,78,70,64,76,74,77,79,75,79,81
[11313.208250] [AOA] Measurement: 0,1627138930.585102,08:55:31:9b:05:29,2,1,2,0,128,180,669,547,565,331,821,1022,1001,249,693,266,329,427,196,867,762,453,887,817,872,208,565,931,217,202,35,33,735,974,869,153,223,63,62,64,44,74,75,68,73,76,74,71,80,69,75,74,70,72,77,69,72,62,62,72,63,60,74,67,74,75,70,72,76
[11313.281117] [AOA] Measurement: 0,1627138930.657965,08:55:31:9b:05:29,2,1,2,0,128,586,370,982,324,313,822,14,34,921,970,854,596,947,388,437,988,948,55,787,894,167,496,450,57,140,11,510,550,490,762,743,806,64,63,67,44,76,76,70,71,79,76,71,80,69,75,76,70,71,77,71,72,64,66,75,65,61,75,68,73,76,71,74,78
[11313.323783] [AOA] Measurement: 0,1627138930.700637,08:55:31:9b:05:29,2,1,2,0,128,187,665,619,636,849,993,529,196,883,933,809,547,1003,429,872,791,428,873,772,857,664,330,3,237,138,986,488,520,419,714,649,734,62,63,67,41,76,77,69,71,79,72,71,79,67,73,72,67,66,77,68,68,60,61,71,63,58,73,66,68,72,67,69,73
[11313.367121] [AOA] Measurement: 0,1627138930.743976,08:55:31:9b:05:29,2,1,2,0,128,660,445,983,320,335,825,937,996,899,946,773,555,1022,404,333,906,405,823,811,907,641,345,417,46,178,20,1000,687,485,759,635,674,61,58,59,44,69,71,64,70,69,72,68,79,67,72,75,70,71,72,69,68,63,65,73,66,60,75,68,74,77,74,76,77
[11313.413066] [AOA] Measurement: 0,1627138930.789919,08:55:31:9b:05:29,2,1,2,0,128,157,659,525,545,873,991,600,251,911,957,849,586,437,201,907,784,487,911,845,930,162,547,986,265,182,34,53,760,972,869,989,66,61,57,60,47,71,73,65,69,70,71,68,79,65,70,73,68,68,71,67,68,63,64,70,64,59,75,68,74,76,73,78,77
[11313.456896] [AOA] Measurement: 0,1627138930.833751,08:55:31:9b:05:29,2,1,2,0,128,208,646,532,546,271,744,994,1008,302,733,245,346,1007,423,912,782,404,815,771,811,627,308,447,27,658,819,479,530,427,700,949,225,63,60,64,45,72,74,66,70,73,73,69,81,67,73,74,70,71,74,67,69,64,65,72,65,59,75,67,75,77,74,75,78
[11313.504808] [AOA] Measurement: 0,1627138930.881656,08:55:31:9b:05:29,2,1,2,0,128,687,462,2,341,266,799,973,1000,348,739,840,556,992,360,429,946,383,843,703,835,622,267,412,50,557,790,488,480,540,776,755,819,64,62,64,46,74,75,69,70,76,75,72,82,69,75,75,70,72,76,70,71,65,65,73,67,60,75,68,74,75,74,77,79
[11313.544123] [AOA] Measurement: 0,1627138930.920976,08:55:31:9b:05:29,2,1,2,0,128,225,689,564,578,845,1009,502,162,795,869,219,314,447,172,926,803,1005,68,339,92,134,529,987,273,152,2,39,750,51,965,434,438,64,63,66,40,76,74,68,69,79,71,70,79,67,72,72,68,66,78,71,70,60,59,71,62,57,71,66,68,67,63,67,70
[11313.589004] [AOA] Measurement: 0,1627138930.965857,08:55:31:9b:05:29,2,1,2,0,128,639,440,9,366,359,822,540,191,792,919,762,496,325,162,851,747,499,915,308,28,190,547,1008,226,606,830,5,723,1020,952,704,824,65,61,64,45,70,73,67,72,73,75,68,80,67,74,74,70,71,74,68,71,63,63,74,65,60,73,68,74,76,74,74,77
[11313.633499] [AOA] Measurement: 0,1627138931.010352,08:55:31:9b:05:29,2,1,2,0,128,675,477,630,582,921,1017,555,206,786,888,784,526,994,393,397,934,460,907,783,873,639,318,481,47,665,860,445,493,506,764,930,974,63,60,61,46,71,73,66,71,73,74,68,79,66,72,73,69,71,71,68,69,62,64,71,65,59,75,66,75,77,72,75,78
[11313.680183] [AOA] Measurement: 0,1627138931.057036,08:55:31:9b:05:29,2,1,2,0,128,651,446,976,322,232,787,1000,1002,319,692,282,351,424,227,955,800,433,897,769,859,590,280,366,1017,652,852,84,791,1009,867,664,733,65,63,64,46,73,75,69,73,74,74,70,80,70,75,74,68,71,77,70,70,62,63,73,65,60,74,69,74,76,70,74,76
[11313.724914] [AOA] Measurement: 0,1627138931.101767,08:55:31:9b:05:29,2,1,2,0,128,188,627,630,633,793,964,974,1019,306,733,815,558,949,370,919,789,64,72,338,74,125,485,943,238,160,1010,492,501,479,751,647,826,64,62,65,44,74,76,69,72,76,75,72,82,68,74,74,69,69,76,69,71,64,64,72,64,59,73,68,73,75,72,76,78
[11313.768786] [AOA] Measurement: 0,1627138931.145639,08:55:31:9b:05:29,2,1,2,0,128,209,667,634,658,874,1007,489,151,849,920,767,523,1011,407,472,989,3,31,352,50,145,512,999,258,181,15,97,782,26,987,981,829,63,61,66,43,74,74,69,72,74,73,71,80,69,74,76,70,71,76,70,70,63,63,72,63,59,74,68,75,76,71,74,77
[11313.813279] [AOA] Measurement: 0,1627138931.190131,08:55:31:9b:05:29,2,1,2,0,128,164,641,550,557,881,1009,517,196,845,917,812,524,458,220,906,781,406,856,780,869,635,300,461,70,635,856,557,523,43,988,515,530,65,64,68,45,75,78,70,72,77,76,72,81,67,76,74,69,69,77,69,68,64,64,73,64,59,74,68,72,73,71,72,74
[11313.857805] [AOA] Measurement: 0,1627138931.234658,08:55:31:9b:05:29,2,1,2,0,128,699,512,539,588,845,992,999,1010,816,915,830,593,1002,427,908,784,13,67,793,836,606,279,389,988,611,812,449,458,427,714,771,808,64,64,67,45,76,77,70,72,77,75,73,81,68,74,76,71,71,76,70,71,63,64,73,65,60,75,69,74,76,72,75,78
[11313.905714] [AOA] Measurement: 0,1627138931.282566,08:55:31:9b:05:29,2,1,2,0,128,721,482,1012,358,314,817,541,192,917,941,838,562,926,361,400,972,454,864,770,833,638,322,389,8,686,887,36,717,4,952,988,1010,71,68,70,49,79,80,74,76,82,79,74,87,72,80,80,73,77,83,75,75,67,67,77,69,63,77,72,76,77,73,79,80
[11313.954145] [AOA] Measurement: 0,1627138931.330998,08:55:31:9b:05:29,2,1,2,0,128,648,439,33,377,266,808,4,1001,307,744,291,379,425,220,425,974,1023,42,298,45,221,574,993,248,145,1007,80,757,1014,935,492,536,62,58,60,46,70,73,66,70,71,73,70,79,66,72,74,68,70,71,68,66,62,64,73,65,59,73,66,74,76,72,76,76
[11314.000401] [AOA] Measurement: 0,1627138931.377251,08:55:31:9b:05:29,2,1,2,0,128,167,652,579,548,835,960,14,10,299,724,246,367,424,240,886,777,0,67,313,58,151,494,989,241,134,992,20,731,990,936,740,800,64,62,66,44,76,76,69,71,76,74,72,80,67,73,74,70,70,78,70,70,63,63,73,63,59,74,67,72,71,69,71,76
[11314.039733] [AOA] Measurement: 0,1627138931.416585,08:55:31:9b:05:29,2,1,2,0,128,159,627,980,346,308,777,1014,1016,288,736,264,371,373,220,450,983,430,880,747,881,622,317,494,76,625,816,484,531,453,731,781,853,64,61,65,44,73,75,69,70,76,75,71,81,69,74,75,70,69,74,69,70,61,63,72,63,60,72,68,71,72,70,73,75
[11314.083462] [AOA] Measurement: 0,1627138931.460315,08:55:31:9b:05:29,2,1,2,0,128,193,648,616,612,876,998,527,199,837,916,301,365,427,216,886,769,489,927,342,72,148,485,976,268,138,994,530,537,438,704,1010,102,69,68,69,49,80,82,72,77,80,78,74,86,71,79,80,74,74,82,74,77,68,66,76,69,62,77,71,76,78,73,79,81
[11314.131383] [AOA] Measurement: 0,1627138931.508234,08:55:31:9b:05:29,2,1,2,0,128,138,591,30,422,336,827,981,1017,309,740,812,563,998,409,437,972,997,35,343,80,148,531,1021,255,146,37,30,723,984,913,580,754,62,61,64,46,73,75,68,73,75,74,71,81,67,74,75,70,71,76,68,70,63,63,72,63,59,72,69,72,75,69,74,77
[11314.176316] [AOA] Measurement: 0,1627138931.553169,08:55:31:9b:05:29,2,1,2,0,128,229,690,589,584,855,1015,486,162,828,928,797,548,428,215,876,762,406,847,808,887,123,494,974,266,169,1,98,768,17,979,91,944,64,63,65,43,73,76,66,71,75,73,70,80,67,75,73,70,71,75,69,71,63,63,73,64,59,74,69,72,73,70,75,76
[11314.215027] [AOA] Measurement: 0,1627138931.591880,08:55:31:9b:05:29,2,1,2,0,128,623,401,47,387,876,1008,508,184,266,698,225,315,486,249,433,973,998,29,314,41,122,504,436,29,574,812,467,531,481,717,421,529,64,62,66,45,74,75,68,71,76,73,72,82,69,76,75,69,71,75,69,70,62,63,72,66,59,74,69,72,76,71,75,77
[11314.253464] [AOA] Measurement: 0,1627138931.630317,08:55:31:9b:05:29,2,1,2,0,128,609,391,6,366,296,771,955,977,251,653,254,315,463,213,441,988,434,856,755,875,612,347,436,35,634,832,530,534,475,725,294,450,63,61,64,46,74,75,68,72,73,74,70,80,67,74,75,69,71,73,67,69,63,64,73,65,58,74,67,72,76,72,76,79
[11314.294683] [AOA] Measurement: 0,1627138931.671533,08:55:31:9b:05:29,2,1,2,0,128,210,672,597,600,855,1000,507,167,890,937,208,338,391,190,891,768,458,885,863,917,160,516,945,254,94,1012,16,735,1012,913,160,270,62,59,62,46,72,73,66,70,74,72,70,80,68,74,75,70,72,76,69,70,63,65,73,65,59,73,68,73,73,72,75,77
[11314.343560] [AOA] Measurement: 0,1627138931.720407,08:55:31:9b:05:29,2,1,2,0,128,169,620,1009,338,228,778,1017,22,285,733,235,342,431,200,914,769,449,872,367,79,132,509,13,280,176,29,81,765,1010,968,454,395,64,60,61,47,70,73,66,72,70,74,70,79,70,72,78,69,74,73,67,71,65,67,72,65,63,76,69,78,80,76,79,79
[11314.393834] [AOA] Measurement: 0,1627138931.770685,08:55:31:9b:05:29,2,1,2,0,128,180,655,658,623,925,35,509,210,848,933,903,591,16,482,376,957,961,7,810,912,125,504,992,304,200,59,23,700,1010,909,512,647,63,63,67,44,77,77,70,72,78,75,73,83,70,75,75,67,68,76,69,71,61,62,72,63,59,74,68,71,71,68,70,75
[11314.448167] [AOA] Measurement: 0,1627138931.824919,08:55:31:9b:05:29,2,1,2,0,128,154,621,981,303,251,784,1022,7,334,737,846,573,998,397,385,966,65,122,289,58,163,543,996,290,116,1010,62,725,20,936,345,329,63,62,64,44,74,75,69,71,74,74,70,81,67,73,76,69,71,77,69,73,63,64,72,66,59,75,68,72,76,70,74,78
[11314.492258] [AOA] Measurement: 0,1627138931.869111,08:55:31:9b:05:29,2,1,2,0,128,164,631,601,643,875,19,513,180,835,904,826,553,999,457,423,972,985,40,343,61,169,474,405,8,662,853,28,733,964,922,185,211,64,61,65,43,74,75,69,71,77,74,73,80,68,75,76,69,71,77,70,70,62,64,72,65,59,74,69,72,75,70,74,77
[11314.542118] [AOA] Measurement: 0,1627138931.918968,08:55:31:9b:05:29,2,1,2,0,128,612,392,18,359,321,754,1002,1014,372,756,237,338,466,242,438,1000,965,14,742,858,642,353,25,282,146,17,64,763,52,983,689,666,65,61,64,44,73,75,67,71,72,74,71,81,68,74,75,68,73,73,69,71,63,63,70,66,59,74,68,75,77,72,75,79
[11314.593070] [AOA] Measurement: 0,1627138931.969918,08:55:31:9b:05:29,2,1,2,0,128,187,695,565,541,908,9,513,176,903,960,946,623,23,470,485,22,91,118,383,131,203,569,10,272,138,6,68,735,18,936,698,755,62,65,67,42,76,75,69,70,76,73,72,79,69,74,74,70,67,77,71,68,59,60,70,61,56,72,68,69,72,66,70,74
[11314.637606] [AOA] Measurement: 0,1627138932.014459,08:55:31:9b:05:29,2,1,2,0,128,199,643,540,487,300,803,916,965,268,682,261,338,401,202,905,789,426,862,808,892,175,522,475,96,222,60,1014,719,1012,904,575,672,64,63,66,46,74,75,70,72,75,75,72,81,67,75,76,70,70,75,70,72,63,65,72,64,61,76,69,74,76,72,74,77
[11314.676908] [AOA] Measurement: 0,1627138932.053760,08:55:31:9b:05:29,2,1,2,0,128,632,454,1009,403,285,791,989,2,291,699,260,355,482,236,942,792,14,92,279,41,702,374,402,17,153,17,549,552,993,887,918,986,68,65,67,49,75,77,70,76,77,79,74,84,72,77,78,73,75,77,71,73,67,69,77,70,62,78,70,79,81,78,81,83
[11314.719045] [AOA] Measurement: 0,1627138932.095895,08:55:31:9b:05:29,2,1,2,0,128,176,638,612,575,849,1010,506,148,898,951,850,575,63,513,420,929,6,53,382,101,146,518,1011,262,189,55,12,740,43,934,551,621,68,68,69,45,79,80,74,76,81,77,76,85,73,79,79,73,75,82,76,75,68,68,78,70,64,79,73,78,78,74,78,80
[11314.757761] [AOA] Measurement: 0,1627138932.134613,08:55:31:9b:05:29,2,1,2,0,128,214,623,493,540,874,10,566,237,874,950,856,598,23,483,426,5,971,40,299,42,638,320,434,52,650,887,48,751,969,889,109,180,65,63,66,45,75,75,70,70,76,74,70,81,68,74,74,70,70,77,72,70,62,63,73,63,58,72,68,71,71,66,70,74
[11314.801703] [AOA] Measurement: 0,1627138932.178556,08:55:31:9b:05:29,2,1,2,0,128,233,655,620,590,798,979,954,972,355,760,266,411,14,475,405,976,979,15,327,76,187,562,1009,268,172,8,32,762,983,923,915,999,63,62,66,41,75,76,70,71,78,71,72,78,66,72,70,67,64,75,68,66,57,57,69,60,55,71,66,67,69,63,67,71
[11314.839817] [AOA] Measurement: 0,1627138932.216670,08:55:31:9b:05:29,2,1,2,0,128,278,766,649,622,940,35,495,176,834,911,835,548,26,447,407,957,1008,40,283,76,146,523,1007,269,217,56,74,794,20,937,1018,38,62,60,61,47,70,73,66,70,72,73,70,79,67,73,74,69,70,73,67,68,62,64,73,65,61,75,68,72,75,72,76,77
[11314.883694] [AOA] Measurement: 0,1627138932.260547,08:55:31:9b:05:29,2,1,2,0,128,170,643,617,614,887,11,551,231,867,901,787,508,439,243,406,942,985,16,797,927,611,307,449,55,675,892,1017,724,998,927,990,998,62,62,65,45,73,73,69,71,77,73,71,82,69,74,75,71,72,75,70,72,64,63,72,66,60,75,68,76,75,72,76,75
[11314.935197] [AOA] Measurement: 0,1627138932.312047,08:55:31:9b:05:29,2,1,2,0,128,98,598,993,308,284,797,985,1020,278,733,310,382,417,212,855,708,421,854,797,848,588,289,420,22,521,772,500,531,485,774,915,37,61,64,66,40,75,75,69,71,78,74,71,81,67,73,71,68,68,76,70,69,61,60,73,61,57,69,66,66,69,65,68,71
[11314.985538] [AOA] Measurement: 0,1627138932.362386,08:55:31:9b:05:29,2,1,2,0,128,187,681,554,541,277,748,947,955,303,720,226,310,436,213,866,771,469,861,777,854,535,265,486,69,608,826,504,558,963,890,202,259,65,59,63,51,72,74,66,75,72,77,70,82,70,77,76,71,75,73,69,72,68,67,72,68,64,78,70,79,79,78,80,81
[11315.031985] [AOA] Measurement: 0,1627138932.408832,08:55:31:9b:05:29,2,1,2,0,128,607,390,27,378,274,813,931,971,244,655,224,296,382,160,923,780,478,894,748,867,636,294,437,34,646,851,502,535,430,733,22,110,62,61,65,45,73,75,70,72,76,75,71,81,67,74,76,70,69,76,70,70,65,64,73,65,61,76,70,73,77,71,75,75
[11315.082507] [AOA] Measurement: 0,1627138932.459355,08:55:31:9b:05:29,2,1,2,0,128,609,410,65,419,886,5,497,208,886,978,771,517,1007,430,431,962,945,1004,779,842,605,327,466,42,217,84,35,780,1006,963,788,811,64,63,64,44,75,76,68,71,76,74,71,80,69,74,75,68,72,75,70,70,62,64,73,65,60,75,67,75,76,71,76,78
[11315.134379] [AOA] Measurement: 0,1627138932.511226,08:55:31:9b:05:29,2,1,2,0,128,204,693,533,591,908,1003,507,202,852,926,818,509,1020,427,405,956,967,66,302,60,187,549,929,202,193,42,454,477,459,716,71,173,63,62,64,42,73,74,68,70,76,73,71,81,69,72,75,66,70,75,68,70,62,63,72,64,58,74,69,71,74,69,73,74
[11315.179144] [AOA] Measurement: 0,1627138932.555996,08:55:31:9b:05:29,2,1,2,0,128,220,689,572,602,904,1009,518,198,783,860,322,393,5,429,376,929,426,874,812,888,633,317,403,21,131,1015,445,510,482,737,633,642,69,66,69,49,78,80,73,78,79,79,76,87,72,79,81,74,76,81,73,75,67,69,77,69,65,79,73,79,81,79,79,82
[11315.223231] [AOA] Measurement: 0,1627138932.600083,08:55:31:9b:05:29,2,1,2,0,128,676,404,577,574,904,2,547,222,866,933,820,540,4,449,375,957,48,96,328,81,110,497,996,270,199,42,14,731,25,960,697,726,64,62,65,47,72,77,68,73,75,75,72,82,69,76,76,71,72,76,69,70,63,64,72,65,59,75,69,76,75,73,76,78
[11315.272670] [AOA] Measurement: 0,1627138932.649520,08:55:31:9b:05:29,2,1,2,0,128,159,631,522,580,852,978,562,224,838,923,810,545,928,392,909,767,446,881,800,896,668,344,1020,269,236,64,41,746,5,946,692,654,65,62,64,47,73,75,68,72,74,74,71,80,68,74,76,70,72,75,70,70,66,66,74,66,60,74,68,75,76,72,76,77
[11315.320059] [AOA] Measurement: 0,1627138932.696911,08:55:31:9b:05:29,2,1,2,0,128,572,358,20,361,237,741,981,975,253,681,218,317,396,172,890,741,459,881,740,821,618,305,429,64,620,826,575,602,13,934,369,389,63,63,67,44,75,74,70,70,77,71,72,81,67,73,73,69,67,77,71,66,59,60,70,62,57,70,67,68,69,62,67,67
[11315.358876] [AOA] Measurement: 0,1627138932.735728,08:55:31:9b:05:29,2,1,2,0,128,218,679,593,624,877,992,523,167,841,903,803,525,1000,415,434,985,969,34,288,65,170,574,16,296,160,65,88,807,976,931,386,361,68,67,70,46,81,81,75,75,82,79,76,84,73,78,74,70,70,76,72,71,61,63,73,65,59,72,68,70,69,68,71,75
[11315.405093] [AOA] Measurement: 0,1627138932.781941,08:55:31:9b:05:29,2,1,2,0,128,116,597,967,381,849,982,558,195,831,908,202,332,392,160,929,801,466,888,310,28,138,528,1015,268,132,1018,477,503,489,739,820,814,64,60,64,45,71,74,67,70,74,73,70,81,68,75,75,71,71,77,70,71,63,64,72,65,60,75,68,72,73,71,73,76
[11315.448515] [AOA] Measurement: 0,1627138932.825364,08:55:31:9b:05:29,2,1,2,0,128,230,684,587,614,871,1022,566,272,865,964,858,583,1001,403,424,956,16,53,359,117,178,521,18,300,143,12,39,748,13,972,132,132,64,61,65,44,73,76,69,73,76,74,72,81,68,74,75,69,71,74,70,70,62,63,72,65,60,74,69,73,73,70,75,77
[11315.493034] [AOA] Measurement: 0,1627138932.869886,08:55:31:9b:05:29,2,1,2,0,128,139,603,588,599,817,979,534,190,875,927,787,527,971,426,389,965,479,910,307,28,115,508,982,214,114,994,417,450,404,683,917,109,69,66,69,49,79,79,74,77,82,80,75,86,73,79,80,74,76,79,73,75,68,68,77,69,64,78,73,78,79,75,79,81
[11315.535704] [AOA] Measurement: 0,1627138932.912552,08:55:31:9b:05:29,2,1,2,0,128,147,565,948,310,250,771,946,926,329,716,271,357,428,212,925,801,28,75,287,39,667,357,417,32,616,798,529,555,1,929,936,61,63,60,63,43,72,74,67,72,72,74,71,81,68,74,74,68,71,75,69,72,63,63,74,65,61,76,70,73,75,70,75,78
[11315.578880] [AOA] Measurement: 0,1627138932.955733,08:55:31:9b:05:29,2,1,2,0,128,642,441,1003,336,233,785,986,1002,277,658,292,381,421,229,895,789,467,870,877,906,198,522,939,204,651,850,480,507,518,746,1002,85,64,60,60,46,73,75,67,72,72,76,68,81,69,74,75,70,71,74,68,71,65,65,73,64,58,73,67,75,75,72,76,76
[11315.617995] [AOA] Measurement: 0,1627138932.994848,08:55:31:9b:05:29,2,1,2,0,128,644,421,624,608,774,962,956,1005,308,685,207,290,462,229,949,787,431,881,745,839,626,312,989,247,141,13,5,720,1020,940,461,631,64,61,63,44,71,73,66,72,72,72,69,81,66,72,74,70,70,75,69,71,64,64,72,65,58,75,68,74,75,72,75,79
[11315.662614] [AOA] Measurement: 0,1627138933.039467,08:55:31:9b:05:29,2,1,2,0,128,641,395,634,624,896,996,538,199,835,900,226,355,442,231,934,812,1016,30,309,60,171,574,946,208,625,817,524,542,447,738,116,218,63,62,67,42,77,76,71,71,79,73,72,78,66,74,74,68,67,74,70,70,58,58,70,60,57,71,65,66,66,63,66,69
[11315.705516] [AOA] Measurement: 0,1627138933.082364,08:55:31:9b:05:29,2,1,2,0,128,249,699,530,567,821,988,487,144,261,675,218,283,428,221,947,788,394,856,839,911,162,510,976,251,610,807,521,586,480,742,843,820,62,61,63,44,73,75,68,71,75,74,70,78,67,73,74,69,68,77,68,69,61,61,72,63,58,74,67,72,73,69,71,73
[11315.749373] [AOA] Measurement: 0,1627138933.126225,08:55:31:9b:05:29,2,1,2,0,128,660,448,595,567,911,15,923,1007,256,681,229,312,457,232,933,786,7,66,326,49,592,314,953,228,573,845,69,758,460,769,889,928,64,63,64,43,73,75,68,71,77,74,72,82,69,74,74,70,71,76,70,71,63,63,73,65,59,73,68,73,74,70,74,76
[11315.787762] [AOA] Measurement: 0,1627138933.164616,08:55:31:9b:05:29,2,1,2,0,128,149,630,1018,378,276,747,962,1004,270,694,289,358,477,242,912,776,8,77,378,98,137,496,999,268,181,24,1022,721,2,910,173,224,64,62,65,44,75,77,70,71,78,73,71,80,68,72,75,70,69,75,70,73,65,63,74,66,59,73,68,74,75,71,74,77
[11315.833133] [AOA] Measurement: 0,1627138933.209986,08:55:31:9b:05:29,2,1,2,0,128,96,580,558,585,839,978,528,205,868,922,880,625,940,368,492,16,14,59,398,93,128,519,29,278,222,32,60,779,80,979,866,748,63,61,64,43,74,75,69,68,75,73,70,80,66,74,74,70,69,78,71,69,61,59,71,63,56,71,66,68,68,65,68,74
[11315.876234] [AOA] Measurement: 0,1627138933.253089,08:55:31:9b:05:29,2,1,2,0,128,132,649,505,548,891,1020,588,239,916,977,751,507,456,245,420,982,984,42,328,33,137,489,437,66,649,849,518,537,515,752,81,61,67,63,68,51,78,79,71,76,76,79,76,84,73,80,79,74,76,78,72,72,67,69,79,68,65,80,73,79,81,77,80,83
[11315.920336] [AOA] Measurement: 0,1627138933.297184,08:55:31:9b:05:29,2,1,2,0,128,647,416,590,603,807,1011,542,182,877,949,830,577,14,481,449,960,416,871,837,933,637,296,385,4,637,839,461,503,556,795,939,796,62,65,65,40,74,74,68,69,78,73,71,80,67,74,71,68,67,76,70,68,58,60,70,62,58,72,66,68,69,63,68,72
[11315.973100] [AOA] Measurement: 0,1627138933.349948,08:55:31:9b:05:29,2,1,2,0,128,649,430,1000,344,279,784,982,1007,295,697,267,355,437,231,963,827,1018,21,386,83,114,457,1009,264,197,42,938,673,476,748,346,510,62,61,64,45,74,76,68,72,75,74,71,81,68,75,74,70,69,74,69,70,62,63,71,65,59,75,67,73,74,72,73,75
[11316.018231] [AOA] Measurement: 0,1627138933.395078,08:55:31:9b:05:29,2,1,2,0,128,162,650,1010,365,314,799,12,1,283,692,227,299,381,153,881,752,371,803,794,831,602,278,400,31,683,848,430,512,444,708,667,859,62,63,66,43,75,75,69,71,79,73,71,80,67,72,73,68,66,75,70,69,61,62,72,63,58,70,67,69,71,65,68,72
[11316.062572] [AOA] Measurement: 0,1627138933.439423,08:55:31:9b:05:29,2,1,2,0,128,174,612,587,588,840,959,956,5,331,763,255,336,376,196,838,718,463,877,813,896,210,542,407,24,650,839,495,522,490,741,285,330,63,59,63,45,73,72,68,72,69,72,67,77,66,71,72,67,71,75,67,71,63,63,72,64,60,73,69,72,75,73,75,78
[11316.106755] [AOA] Measurement: 0,1627138933.483610,08:55:31:9b:05:29,2,1,2,0,128,673,461,578,592,893,42,484,154,276,696,185,318,4,447,395,980,75,70,344,69,292,600,986,226,141,1010,473,529,21,939,630,665,69,64,67,50,76,78,71,75,77,79,75,84,73,80,80,75,76,79,75,75,67,69,78,69,64,81,74,80,80,79,81,83
[11316.150230] [AOA] Measurement: 0,1627138933.527078,08:55:31:9b:05:29,2,1,2,0,128,231,673,555,545,808,964,5,24,733,829,257,318,440,211,919,803,473,875,317,42,124,499,399,29,684,866,50,751,38,957,280,328,61,59,61,44,71,72,67,69,73,73,71,77,67,74,74,69,70,76,70,69,61,62,73,64,60,75,70,73,73,68,71,76
[11316.200110] [AOA] Measurement: 0,1627138933.576957,08:55:31:9b:05:29,2,1,2,0,128,631,400,1001,364,871,1019,546,200,854,894,230,319,455,215,909,786,447,877,777,868,566,286,422,45,615,796,513,546,482,743,826,970,63,62,65,40,76,73,70,69,77,71,72,78,68,71,70,66,65,75,68,67,56,56,69,60,55,69,64,65,65,59,62,66
[11316.243106] [AOA] Measurement: 0,1627138933.619955,08:55:31:9b:05:29,2,1,2,0,128,180,634,585,604,825,956,547,179,907,992,800,535,424,207,907,756,510,929,289,56,171,537,999,236,234,70,981,733,68,961,742,665,63,62,64,41,72,75,69,70,76,71,68,81,67,75,73,69,69,76,69,70,62,62,73,63,58,72,66,71,70,66,71,72
[11316.289174] [AOA] Measurement: 0,1627138933.666029,08:55:31:9b:05:29,2,1,2,0,128,247,701,526,536,861,7,523,210,846,919,800,531,54,489,425,956,12,71,333,74,143,480,446,64,601,834,503,537,442,736,676,905,63,61,64,44,73,75,68,72,73,74,70,81,67,74,75,70,71,75,66,71,64,63,73,65,60,73,69,74,77,73,75,79
[11316.333191] [AOA] Measurement: 0,1627138933.710044,08:55:31:9b:05:29,2,1,2,0,128,105,621,556,549,293,793,1001,1007,255,680,292,337,443,230,871,755,443,842,784,914,690,375,1019,320,165,60,25,717,984,928,50,24,63,62,64,46,73,75,69,72,74,74,72,82,69,75,75,71,72,74,69,70,62,65,73,66,60,74,68,75,76,74,77,78
[11316.383452] [AOA] Measurement: 0,1627138933.760300,08:55:31:9b:05:29,2,1,2,0,128,189,652,604,624,859,1016,499,216,869,927,813,555,1017,451,433,987,988,35,296,56,218,600,13,327,224,100,1,706,49,981,981,872,63,59,65,44,74,74,67,72,75,74,70,80,68,73,74,67,70,74,69,70,62,63,71,62,60,73,69,73,75,71,73,77
[11316.433986] [AOA] Measurement: 0,1627138933.810834,08:55:31:9b:05:29,2,1,2,0,128,162,635,534,546,933,44,522,184,831,921,830,553,447,235,851,774,38,98,440,148,188,560,1016,255,132,1020,36,746,39,974,397,418,63,61,61,46,72,76,67,71,71,73,69,78,67,74,73,70,71,71,67,69,62,64,70,63,60,73,65,75,76,73,77,79
[11316.472828] [AOA] Measurement: 0,1627138933.849682,08:55:31:9b:05:29,2,1,2,0,128,599,428,636,625,820,981,984,980,280,732,306,375,990,420,417,970,993,50,795,890,572,303,449,57,649,849,530,576,452,734,474,560,62,62,64,45,73,74,68,72,74,74,70,81,67,72,74,70,70,75,68,69,62,62,72,64,59,73,68,74,76,73,75,78
[11316.516864] [AOA] Measurement: 0,1627138933.893718,08:55:31:9b:05:29,2,1,2,0,128,217,712,562,598,937,1018,480,200,953,27,824,570,1004,414,447,972,1004,52,372,97,172,565,995,259,177,49,75,793,27,938,477,368,68,67,69,50,78,78,72,74,81,79,77,86,73,79,81,76,76,81,73,76,66,69,78,68,63,80,73,76,77,75,80,82
[11316.559342] [AOA] Measurement: 0,1627138933.936189,08:55:31:9b:05:29,2,1,2,0,128,176,651,504,568,788,940,533,172,261,724,233,309,451,223,502,29,1019,66,348,85,153,518,980,233,164,1023,1009,713,439,724,277,436,62,60,65,45,73,74,68,70,75,74,69,81,69,75,75,70,71,78,70,72,63,63,73,65,58,75,69,73,75,70,72,76
[11316.598349] [AOA] Measurement: 0,1627138933.975201,08:55:31:9b:05:29,2,1,2,0,128,157,631,477,537,881,976,16,12,306,717,228,310,389,177,919,778,407,863,751,864,599,325,488,79,180,38,995,679,514,782,156,311,68,68,69,47,78,81,74,78,80,80,75,87,72,79,80,74,76,80,73,76,67,68,78,69,64,79,71,78,79,74,77,80
[11316.642538] [AOA] Measurement: 0,1627138934.019391,08:55:31:9b:05:29,2,1,2,0,128,247,708,627,655,894,47,489,202,881,919,841,580,1019,449,426,970,1014,23,330,95,138,502,946,210,612,820,566,546,15,898,898,881,62,62,65,44,74,76,69,73,75,73,72,81,68,75,76,69,71,76,70,71,63,63,74,63,58,72,64,69,72,67,70,73
[11316.685163] [AOA] Measurement: 0,1627138934.062011,08:55:31:9b:05:29,2,1,2,0,128,116,619,31,380,286,800,505,200,808,892,293,354,427,222,914,777,470,883,767,869,592,292,395,9,626,813,521,553,436,679,359,541,60,54,58,46,67,70,60,69,67,72,67,77,65,70,72,67,71,69,65,68,61,64,68,63,57,71,66,74,74,71,73,75
[11316.729315] [AOA] Measurement: 0,1627138934.106163,08:55:31:9b:05:29,2,1,2,0,128,189,656,548,567,810,947,960,968,819,892,245,371,481,258,411,975,467,890,314,47,621,315,509,102,161,24,479,533,26,982,457,422,62,57,59,46,70,74,65,70,69,73,69,78,67,72,74,68,70,74,68,69,62,63,73,64,60,75,68,74,76,74,76,78
[11316.772979] [AOA] Measurement: 0,1627138934.149827,08:55:31:9b:05:29,2,1,2,0,128,155,618,659,655,842,1019,580,235,881,915,849,573,984,423,408,964,971,29,830,928,181,528,982,268,210,33,38,750,38,961,638,545,64,63,65,46,74,76,69,71,75,74,70,80,67,75,75,70,71,76,69,71,64,65,72,65,60,74,68,74,73,72,75,78
[11316.822997] [AOA] Measurement: 0,1627138934.199845,08:55:31:9b:05:29,2,1,2,0,128,174,616,579,586,885,21,455,154,228,668,243,316,399,155,912,818,398,848,830,909,659,338,955,214,657,838,462,527,444,742,34,230,63,60,61,46,70,74,67,71,72,72,69,79,66,74,75,67,71,71,66,68,61,64,71,64,60,73,67,74,76,72,75,76
[11316.869018] [AOA] Measurement: 0,1627138934.245872,08:55:31:9b:05:29,2,1,2,0,128,710,474,558,577,312,797,1000,1018,851,912,848,560,49,475,427,982,1015,35,849,922,170,528,1006,232,174,8,9,695,441,735,409,490,65,64,65,45,75,75,69,69,77,73,68,81,69,75,74,71,71,75,70,71,61,62,72,63,60,75,69,72,73,70,73,76
[11316.913390] [AOA] Measurement: 0,1627138934.290242,08:55:31:9b:05:29,2,1,2,0,128,251,677,549,581,847,1006,462,165,872,951,784,516,452,260,432,989,992,71,240,1019,629,303,441,40,674,894,467,504,50,1001,334,316,64,64,66,44,74,76,69,71,78,72,70,80,68,74,73,68,68,77,69,68,61,60,72,63,57,71,65,65,67,62,65,71
[11316.952159] [AOA] Measurement: 0,1627138934.329013,08:55:31:9b:05:29,2,1,2,0,128,674,449,577,585,855,1002,509,181,853,925,834,591,12,431,386,952,1023,58,795,905,625,368,981,197,195,62,19,757,461,726,823,942,66,62,63,49,74,76,69,75,73,77,72,83,70,77,78,73,77,77,73,74,68,69,76,68,64,80,72,80,81,78,81,83
[11316.997250] [AOA] Measurement: 0,1627138934.374101,08:55:31:9b:05:29,2,1,2,0,128,215,656,483,557,873,1019,468,177,278,693,246,320,397,189,874,790,461,859,768,891,545,280,440,37,649,860,498,514,489,732,941,83,63,63,65,43,73,75,66,67,76,73,71,80,68,74,73,69,69,77,71,70,60,61,71,63,59,71,67,70,72,68,71,75
[11317.041230] [AOA] Measurement: 0,1627138934.418078,08:55:31:9b:05:29,2,1,2,0,128,224,704,548,578,796,1002,492,204,873,930,815,562,27,486,392,964,23,115,318,78,182,549,33,303,161,10,64,761,17,978,917,787,62,64,65,41,73,75,68,70,76,72,70,77,65,71,71,68,67,76,71,69,59,59,71,60,56,71,66,67,68,64,67,70
[11317.085361] [AOA] Measurement: 0,1627138934.462215,08:55:31:9b:05:29,2,1,2,0,128,211,698,620,634,843,988,498,161,892,968,766,555,30,448,428,963,45,79,324,55,97,468,437,50,156,1022,485,554,538,798,975,923,65,62,65,45,74,76,69,71,76,74,71,81,67,75,74,70,71,74,69,70,63,63,72,66,60,76,69,75,75,71,74,77
[11317.130293] [AOA] Measurement: 0,1627138934.507142,08:55:31:9b:05:29,2,1,2,0,128,178,677,552,549,266,770,981,979,322,711,246,349,449,208,481,1009,1013,69,399,98,193,562,976,246,152,15,993,674,963,880,771,944,63,62,65,45,73,75,68,70,74,75,71,81,68,73,74,68,71,75,69,69,60,62,71,62,58,72,66,71,73,71,74,75
[11317.177769] [AOA] Measurement: 0,1627138934.554624,08:55:31:9b:05:29,2,1,2,0,128,168,681,629,616,956,32,503,208,885,938,786,514,8,428,422,946,35,88,803,913,115,510,59,318,165,998,67,754,23,975,677,707,64,60,61,46,71,74,66,71,72,73,68,78,67,73,73,69,71,72,68,70,63,64,71,64,60,73,68,74,76,73,75,77
[11317.225258] [AOA] Measurement: 0,1627138934.602107,08:55:31:9b:05:29,2,1,2,0,128,576,394,0,393,869,996,528,156,843,884,297,383,417,198,460,972,464,911,366,80,635,330,978,231,215,54,1011,707,28,934,245,256,64,64,67,43,75,76,68,72,78,75,71,82,69,73,73,69,68,77,70,68,61,61,73,63,57,71,66,70,70,65,69,73
[11317.269398] [AOA] Measurement: 0,1627138934.646247,08:55:31:9b:05:29,2,1,2,0,128,180,652,564,574,867,992,543,176,865,926,278,424,465,245,438,993,25,66,308,43,146,472,948,210,639,806,509,573,1006,938,204,171,64,59,62,44,72,73,67,71,73,74,71,81,70,73,75,69,70,75,70,70,63,65,73,65,60,73,68,74,75,71,75,78
[11317.313074] [AOA] Measurement: 0,1627138934.689927,08:55:31:9b:05:29,2,1,2,0,128,604,412,1017,345,291,802,980,1012,309,718,243,297,469,209,892,728,474,887,753,877,652,334,509,60,605,826,566,548,999,893,910,55,63,65,65,42,75,76,70,69,78,72,71,79,67,72,72,67,67,75,69,68,60,61,70,61,54,70,66,67,67,64,68,70
[11317.357053] [AOA] Measurement: 0,1627138934.733907,08:55:31:9b:05:29,2,1,2,0,128,176,692,576,595,839,980,523,182,828,920,836,580,56,461,484,1005,50,111,328,80,178,543,985,239,165,33,31,736,59,982,653,537,61,62,64,38,73,72,67,67,78,69,68,79,65,70,68,63,64,74,65,65,57,56,68,58,54,67,62,64,64,58,62,66
[11317.400614] [AOA] Measurement: 0,1627138934.777469,08:55:31:9b:05:29,2,1,2,0,128,202,692,495,514,297,810,18,15,854,917,873,551,43,491,454,970,7,99,326,63,203,557,980,257,112,1001,490,527,505,745,754,858,69,67,71,48,81,82,74,78,83,79,76,86,73,80,82,75,76,81,75,76,69,69,77,70,63,80,71,79,79,78,81,81
[11317.438754] [AOA] Measurement: 0,1627138934.815609,08:55:31:9b:05:29,2,1,2,0,128,698,480,42,380,350,830,511,143,864,932,824,558,380,169,863,730,425,871,818,911,645,328,1000,215,128,981,494,507,486,745,413,496,65,66,69,46,79,78,71,73,79,78,77,84,74,81,80,73,74,82,77,75,66,66,77,69,63,78,72,75,77,74,75,78
[11317.484134] [AOA] Measurement: 0,1627138934.860982,08:55:31:9b:05:29,2,1,2,0,128,639,423,1006,348,326,808,972,1005,289,727,261,346,479,267,406,940,31,69,259,1021,227,532,434,56,160,36,7,692,461,696,609,734,64,60,64,45,72,75,68,71,72,72,69,80,67,72,72,68,70,72,67,70,62,63,71,65,59,73,68,75,75,73,75,78
[11317.540584] [AOA] Measurement: 0,1627138934.917432,08:55:31:9b:05:29,2,1,2,0,128,153,647,545,554,331,814,482,130,344,763,263,345,486,254,438,996,7,67,351,70,102,483,1004,256,126,1016,1005,688,26,940,304,344,63,61,65,45,74,75,69,73,76,75,70,81,68,73,76,68,72,76,70,70,63,64,73,65,59,75,69,72,75,72,75,76
[11317.583564] [AOA] Measurement: 0,1627138934.960418,08:55:31:9b:05:29,2,1,2,0,128,675,487,515,568,834,995,453,148,900,975,787,574,996,423,898,777,421,878,341,53,189,532,1003,242,148,1014,20,744,1000,906,400,537,63,61,63,45,73,75,67,71,73,71,71,79,68,74,74,69,70,73,67,69,63,64,71,64,59,73,67,75,75,73,76,77
[11317.626960] [AOA] Measurement: 0,1627138935.003813,08:55:31:9b:05:29,2,1,2,0,128,243,697,580,565,862,982,466,118,212,671,261,334,1011,439,410,990,994,17,376,97,156,551,1021,291,211,59,93,743,9,955,429,419,69,66,69,51,76,79,72,77,76,78,75,84,72,78,81,74,76,77,72,74,67,68,77,69,65,79,71,80,81,79,81,82
[11317.670208] [AOA] Measurement: 0,1627138935.047062,08:55:31:9b:05:29,2,1,2,0,128,179,623,21,354,244,735,962,978,345,752,314,385,994,418,419,976,473,888,753,826,654,348,16,235,159,31,6,753,30,973,272,241,64,61,64,46,72,75,66,71,72,73,69,79,67,75,75,69,70,72,68,69,64,64,71,64,60,75,67,75,77,72,76,76
[11317.708249] [AOA] Measurement: 0,1627138935.085102,08:55:31:9b:05:29,2,1,2,0,128,208,652,624,597,874,16,507,178,880,963,885,581,981,413,874,758,382,840,775,837,622,289,440,43,667,844,445,511,502,753,682,717,64,60,60,46,70,74,67,69,72,74,69,81,67,75,75,70,70,74,69,70,65,65,73,65,60,75,68,72,75,71,76,76
[11317.751442] [AOA] Measurement: 0,1627138935.128296,08:55:31:9b:05:29,2,1,2,0,128,193,597,26,364,249,747,1000,1017,305,754,867,594,1010,441,404,945,1023,76,317,32,150,505,966,213,597,842,553,581,443,729,765,828,61,63,66,41,75,76,69,70,78,71,70,80,67,71,71,66,65,77,71,68,60,59,71,60,56,70,64,66,67,63,68,70
[11317.790728] [AOA] Measurement: 0,1627138935.167576,08:55:31:9b:05:29,2,1,2,0,128,151,620,997,358,919,1015,462,149,854,919,868,585,929,363,843,736,491,871,715,832,681,357,57,287,87,985,459,524,454,710,307,470,66,65,70,47,79,80,74,77,80,79,73,85,73,79,77,75,73,80,71,75,67,66,78,68,64,79,74,77,77,71,75,79
[11317.834037] [AOA] Measurement: 0,1627138935.210885,08:55:31:9b:05:29,2,1,2,0,128,193,631,612,609,864,980,893,959,311,683,238,308,449,225,875,760,437,824,871,945,198,569,965,216,146,15,1020,703,476,712,17,80,64,64,66,43,77,77,69,71,78,74,72,82,69,75,72,69,71,76,70,71,63,63,73,65,60,74,67,72,75,70,74,77
[11317.884207] [AOA] Measurement: 0,1627138935.261055,08:55:31:9b:05:29,2,1,2,0,128,173,661,615,590,888,7,521,181,818,913,754,509,435,210,444,977,1003,73,287,78,165,514,930,229,659,861,72,779,970,904,703,784,62,63,67,42,76,74,69,70,78,73,71,79,67,71,70,68,65,77,69,68,59,58,69,60,56,69,66,66,67,64,66,68
[11317.930336] [AOA] Measurement: 0,1627138935.307191,08:55:31:9b:05:29,2,1,2,0,128,139,609,27,369,890,1003,629,286,901,966,843,581,1002,436,483,8,46,113,337,97,135,493,1002,233,185,31,36,741,40,964,386,359,68,66,67,49,78,80,72,77,78,76,73,83,72,78,78,71,74,81,76,76,67,68,79,70,63,77,73,75,76,71,76,78
[11317.974323] [AOA] Measurement: 0,1627138935.351177,08:55:31:9b:05:29,2,1,2,0,128,621,426,987,304,324,817,976,1008,279,726,216,305,486,231,846,720,476,876,744,817,587,301,437,78,184,12,476,477,418,657,241,398,63,63,66,43,74,76,69,72,77,74,72,81,69,73,75,70,70,77,69,70,62,63,73,64,60,75,68,72,74,70,72,74
[11318.021151] [AOA] Measurement: 0,1627138935.397998,08:55:31:9b:05:29,2,1,2,0,128,571,369,971,318,272,772,989,1007,268,697,259,360,422,225,905,788,458,886,777,890,151,525,968,251,103,1001,48,730,28,952,588,586,60,62,68,40,76,74,69,69,79,73,70,78,67,71,71,68,66,76,67,65,56,57,68,57,54,66,62,60,63,57,62,64
[11318.064429] [AOA] Measurement: 0,1627138935.441284,08:55:31:9b:05:29,2,1,2,0,128,618,410,3,363,263,761,966,1008,317,760,293,375,423,202,873,777,458,831,380,80,150,551,996,282,194,19,988,657,490,757,841,17,67,60,64,48,74,77,70,74,77,79,75,85,72,79,79,73,76,76,72,72,67,67,77,67,65,80,72,79,78,75,81,82
[11318.109538] [AOA] Measurement: 0,1627138935.486390,08:55:31:9b:05:29,2,1,2,0,128,169,629,64,418,893,10,512,181,852,919,188,339,485,212,913,782,428,845,778,897,651,339,533,126,184,18,33,730,989,920,203,284,65,64,68,43,76,76,69,72,77,74,71,82,69,74,73,68,69,74,71,71,63,63,73,65,60,74,69,74,75,71,75,77
[11318.155132] [AOA] Measurement: 0,1627138935.531980,08:55:31:9b:05:29,2,1,2,0,128,634,425,977,376,343,812,484,133,324,721,212,302,479,241,900,759,448,895,782,851,597,285,467,76,670,843,21,706,447,732,635,830,62,58,59,47,67,72,64,70,69,73,68,79,66,72,73,67,71,72,64,69,63,64,70,63,60,73,67,74,76,73,74,74
[11318.206405] [AOA] Measurement: 0,1627138935.583253,08:55:31:9b:05:29,2,1,2,0,128,209,618,980,347,870,0,558,236,839,897,804,572,85,499,428,927,471,878,776,866,617,294,401,41,651,852,67,724,16,935,23,43,62,63,66,40,76,73,69,68,78,71,69,79,66,73,71,66,66,76,69,67,59,57,69,59,53,68,60,64,64,59,65,66
[11318.250201] [AOA] Measurement: 0,1627138935.627050,08:55:31:9b:05:29,2,1,2,0,128,671,463,971,294,272,787,955,1013,352,768,235,330,435,231,402,953,963,20,754,877,207,558,954,192,215,74,42,729,18,931,623,595,64,63,69,41,76,74,68,69,79,72,71,80,66,71,72,69,69,74,69,68,61,62,72,62,58,71,66,69,69,64,67,71
[11318.293377] [AOA] Measurement: 0,1627138935.670227,08:55:31:9b:05:29,2,1,2,0,128,172,622,574,555,237,768,13,1002,876,928,239,314,417,206,464,979,25,65,289,51,548,273,459,47,629,821,484,508,531,776,24,39,63,60,63,46,73,74,67,70,75,71,70,79,68,74,74,67,70,74,68,69,63,63,73,64,61,75,68,74,74,72,75,77
[11318.343686] [AOA] Measurement: 0,1627138935.720533,08:55:31:9b:05:29,2,1,2,0,128,231,687,592,608,893,19,500,173,787,866,239,320,391,218,879,776,480,893,808,899,161,506,17,263,144,5,6,720,424,694,662,783,62,60,63,44,72,71,68,69,76,72,69,81,66,72,73,70,70,75,69,70,63,64,75,64,58,76,69,73,73,70,73,78
[11318.390707] [AOA] Measurement: 0,1627138935.767561,08:55:31:9b:05:29,2,1,2,0,128,235,691,590,606,861,4,554,235,848,933,815,559,990,424,795,733,420,858,820,905,177,543,960,201,182,47,14,719,47,938,360,330,61,55,59,47,69,72,63,70,69,72,67,78,64,71,74,69,72,71,66,69,63,63,70,64,58,73,65,74,74,72,77,78
[11318.430905] [AOA] Measurement: 0,1627138935.807757,08:55:31:9b:05:29,2,1,2,0,128,647,460,603,584,863,1004,949,990,902,951,812,581,2,443,423,978,1016,44,272,23,638,306,425,22,614,825,54,775,1002,897,832,837,64,60,63,45,72,75,67,69,74,75,69,81,69,73,74,69,69,75,68,69,61,62,71,62,58,72,65,70,70,65,71,74
[11318.469245] [AOA] Measurement: 0,1627138935.846101,08:55:31:9b:05:29,2,1,2,0,128,144,614,1018,328,279,804,1004,29,284,724,159,258,424,171,865,781,481,877,780,874,221,545,991,250,161,36,92,781,12,979,869,4,62,61,65,42,72,75,68,71,77,73,72,80,66,74,72,67,67,76,66,68,56,60,70,60,56,70,65,68,68,63,68,71
[11318.515134] [AOA] Measurement: 0,1627138935.891981,08:55:31:9b:05:29,2,1,2,0,128,262,742,518,579,869,1020,564,233,869,949,758,475,419,217,916,775,455,868,763,839,646,301,444,50,668,854,532,552,517,740,32,149,65,62,65,42,75,76,68,70,76,70,70,80,67,73,73,70,70,76,70,72,62,62,73,65,59,72,67,70,70,67,70,76
[11318.561060] [AOA] Measurement: 0,1627138935.937912,08:55:31:9b:05:29,2,1,2,0,128,147,589,585,558,898,12,502,173,887,916,879,617,1023,444,437,975,940,12,310,63,160,510,25,315,158,0,60,745,1019,899,87,100,64,64,67,41,77,77,70,72,78,73,73,82,67,75,74,70,69,77,70,70,62,62,71,63,57,72,66,70,72,69,71,74
[11318.605278] [AOA] Measurement: 0,1627138935.982130,08:55:31:9b:05:29,2,1,2,0,128,208,695,637,611,843,1007,526,190,898,970,774,542,1013,429,465,4,987,46,313,59,184,539,996,249,198,50,23,724,19,941,544,627,63,61,61,43,70,74,67,70,71,72,70,78,68,73,74,70,71,76,69,70,61,64,72,64,58,74,69,73,76,70,76,78
[11318.648876] [AOA] Measurement: 0,1627138936.025724,08:55:31:9b:05:29,2,1,2,0,128,647,463,582,582,833,980,945,1009,231,664,232,325,405,200,917,766,469,903,766,863,576,260,451,41,638,828,488,516,468,732,784,886,63,63,66,45,75,77,69,71,77,72,72,80,67,74,74,69,70,77,70,71,63,63,72,64,59,74,69,72,74,68,73,74
[11318.691650] [AOA] Measurement: 0,1627138936.068504,08:55:31:9b:05:29,2,1,2,0,128,143,624,628,621,911,9,525,216,869,961,877,598,980,383,903,784,417,877,816,901,166,523,8,282,213,12,42,759,13,948,736,760,65,62,65,45,73,76,68,73,75,73,70,81,67,74,74,70,72,76,70,70,63,63,72,66,60,74,69,73,74,71,74,79
[11318.729819] [AOA] Measurement: 0,1627138936.106667,08:55:31:9b:05:29,2,1,2,0,128,187,648,578,604,899,1008,552,266,866,936,811,557,911,365,904,792,436,868,842,916,140,505,963,238,144,1022,16,709,24,953,432,483,65,59,62,50,69,73,65,72,70,75,68,80,68,73,77,70,74,71,66,69,65,68,73,66,62,75,69,75,76,76,78,79
[11318.772953] [AOA] Measurement: 0,1627138936.149802,08:55:31:9b:05:29,2,1,2,0,128,104,588,589,550,225,750,1020,2,291,719,269,329,387,176,909,788,17,43,324,61,141,499,1016,236,204,44,1016,717,503,734,487,642,63,63,66,44,75,76,68,71,76,73,70,79,68,73,71,69,67,73,70,69,62,64,73,64,60,74,67,70,72,65,70,71
[11318.826171] [AOA] Measurement: 0,1627138936.203019,08:55:31:9b:05:29,2,1,2,0,128,126,579,549,575,889,30,520,201,852,936,852,597,1014,448,500,1019,20,80,288,51,150,507,994,252,624,880,516,554,14,963,777,796,63,58,60,46,69,73,65,71,69,71,67,76,63,71,72,68,69,68,64,66,60,63,69,63,58,72,67,75,77,74,75,78
[11318.871996] [AOA] Measurement: 0,1627138936.248849,08:55:31:9b:05:29,2,1,2,0,128,256,692,649,628,907,9,537,212,849,921,832,566,1018,456,450,3,23,86,333,57,168,537,971,247,163,1,112,748,49,979,284,205,63,64,67,39,76,75,69,67,78,69,70,79,67,72,72,66,67,76,69,68,58,59,69,61,55,71,65,67,67,62,65,69
[11318.910413] [AOA] Measurement: 0,1627138936.287269,08:55:31:9b:05:29,2,1,2,0,128,195,664,654,674,858,0,539,197,843,939,814,537,982,428,421,969,28,98,325,74,120,537,1014,252,129,995,519,556,1006,920,290,327,63,59,63,46,73,75,68,72,74,74,70,79,69,76,76,71,72,73,69,70,64,64,71,64,59,76,68,74,76,73,76,79
[11318.954608] [AOA] Measurement: 0,1627138936.331461,08:55:31:9b:05:29,2,1,2,0,128,187,651,625,606,819,992,557,224,890,954,806,504,405,198,895,786,481,914,357,78,153,497,436,58,180,11,53,772,1016,919,889,945,64,62,64,44,72,75,68,69,76,74,70,79,69,73,74,69,67,74,69,71,64,66,75,65,58,73,68,73,75,71,75,78
[11318.993067] [AOA] Measurement: 0,1627138936.369920,08:55:31:9b:05:29,2,1,2,0,128,198,663,555,544,874,1012,990,7,325,758,868,579,23,475,416,957,2,33,359,103,169,542,25,297,183,18,21,709,14,939,251,269,64,59,64,46,73,76,67,72,74,74,71,79,66,74,75,69,71,73,68,70,62,64,69,63,59,74,68,73,74,74,76,79
[11319.036384] [AOA] Measurement: 0,1627138936.413239,08:55:31:9b:05:29,2,1,2,0,128,186,681,565,543,273,775,1015,12,291,701,372,433,2,413,390,930,420,851,819,872,659,342,393,25,599,853,464,542,510,758,471,587,60,61,59,46,70,72,65,71,71,72,70,78,66,71,74,67,69,71,67,68,62,64,72,63,58,74,68,74,75,73,76,77
[11319.078845] [AOA] Measurement: 0,1627138936.455692,08:55:31:9b:05:29,2,1,2,0,128,242,658,553,609,956,35,501,180,834,910,876,583,27,447,446,984,992,15,346,70,181,530,1004,277,162,32,34,746,10,966,859,780,65,62,67,46,75,78,74,75,81,79,76,85,70,79,77,73,73,80,73,74,64,65,76,67,62,76,71,74,76,72,74,75
[11319.122664] [AOA] Measurement: 0,1627138936.499518,08:55:31:9b:05:29,2,1,2,0,128,154,642,575,583,859,989,487,169,869,891,289,349,487,252,471,979,478,867,355,67,176,508,1016,260,190,1,75,770,1017,930,156,242,68,67,71,46,79,81,72,76,83,81,77,86,74,79,80,75,76,82,77,76,67,67,77,68,63,78,71,74,73,72,72,79
[11319.165137] [AOA] Measurement: 0,1627138936.541985,08:55:31:9b:05:29,2,1,2,0,128,624,412,15,344,308,829,987,1016,290,721,225,326,432,208,936,795,487,896,749,827,644,319,395,22,620,843,445,508,506,752,890,971,61,61,62,41,73,74,69,70,76,73,71,80,67,74,71,65,65,73,65,67,57,59,69,61,54,69,64,66,66,61,65,66
[11319.209888] [AOA] Measurement: 0,1627138936.586735,08:55:31:9b:05:29,2,1,2,0,128,658,451,603,577,269,775,1003,997,885,924,257,364,969,432,395,901,503,886,735,886,621,335,17,257,559,775,540,553,10,928,903,941,64,63,68,43,75,74,67,68,77,71,69,80,68,75,75,70,70,77,70,71,61,60,71,63,59,73,67,70,71,67,71,73
[11319.252043] [AOA] Measurement: 0,1627138936.628897,08:55:31:9b:05:29,2,1,2,0,128,633,382,1005,331,296,819,1012,1015,297,713,194,296,422,155,910,790,400,812,805,854,595,298,395,11,581,806,502,504,455,705,123,224,67,64,66,50,76,77,72,77,78,78,73,83,71,80,77,73,75,79,73,75,68,70,80,71,66,81,74,80,79,78,81,81
[11319.295905] [AOA] Measurement: 0,1627138936.672760,08:55:31:9b:05:29,2,1,2,0,128,191,657,584,588,845,978,515,199,885,956,855,589,993,398,406,960,77,134,296,86,141,498,970,249,165,1020,437,491,479,771,949,4,62,58,60,45,69,72,63,70,69,71,67,78,66,72,72,68,70,71,65,69,62,63,68,63,60,73,67,73,76,73,74,77
[11319.339440] [AOA] Measurement: 0,1627138936.716294,08:55:31:9b:05:29,2,1,2,0,128,643,440,41,392,277,798,1001,1023,276,701,205,315,464,239,372,952,553,955,341,72,182,557,928,203,143,1018,490,501,483,748,733,864,65,63,65,44,74,76,70,72,77,75,73,81,68,75,74,70,70,78,69,71,63,63,72,64,59,73,67,71,72,67,71,75
[11319.378978] [AOA] Measurement: 0,1627138936.755826,08:55:31:9b:05:29,2,1,2,0,128,166,635,11,371,345,838,995,5,955,974,821,571,1012,410,467,9,46,113,334,83,215,572,1004,294,126,1012,989,688,482,744,160,269,63,61,63,46,72,74,68,71,73,73,69,80,68,73,74,69,72,72,67,71,64,66,71,65,60,75,66,73,76,71,76,77
[11319.423126] [AOA] Measurement: 0,1627138936.799974,08:55:31:9b:05:29,2,1,2,0,128,177,614,545,564,258,787,967,997,314,722,242,286,481,266,915,807,28,84,308,61,151,505,994,273,140,1018,496,527,46,946,599,709,63,63,66,46,74,76,71,73,76,72,72,81,69,74,76,69,71,76,70,70,63,64,73,64,60,74,69,73,74,69,75,75
[11319.473424] [AOA] Measurement: 0,1627138936.850272,08:55:31:9b:05:29,2,1,2,0,128,229,726,499,540,915,18,564,215,875,958,816,512,50,481,460,972,459,906,296,36,634,323,486,95,125,1007,45,729,458,744,45,88,63,60,62,43,71,74,67,71,73,73,69,79,66,73,73,69,69,73,67,70,62,64,73,64,59,75,68,74,76,70,74,76
[11319.517704] [AOA] Measurement: 0,1627138936.894559,08:55:31:9b:05:29,2,1,2,0,128,178,606,597,625,872,994,583,245,886,940,868,579,985,419,458,977,16,71,748,862,584,294,475,43,593,790,466,481,1004,932,159,254,64,62,63,42,73,74,68,70,76,74,71,80,69,73,76,68,71,77,72,71,62,62,72,62,57,72,67,71,72,68,71,73
[11319.561548] [AOA] Measurement: 0,1627138936.938402,08:55:31:9b:05:29,2,1,2,0,128,180,652,634,597,879,1012,530,165,898,988,788,556,1015,456,474,1009,965,24,327,89,131,514,989,244,153,14,1009,696,15,962,920,837,63,63,65,44,75,76,68,70,76,72,71,81,68,74,76,69,70,78,72,71,63,63,73,63,59,73,66,71,73,67,72,74
[11319.600394] [AOA] Measurement: 0,1627138936.977249,08:55:31:9b:05:29,2,1,2,0,128,625,401,22,360,258,760,970,980,354,745,174,297,336,121,889,771,439,848,769,853,600,275,421,14,644,861,522,581,1004,954,955,980,61,62,66,41,75,76,68,68,78,71,70,78,68,72,71,68,66,75,69,68,59,57,70,61,56,70,65,66,66,62,65,70
[11319.645407] [AOA] Measurement: 0,1627138937.022257,08:55:31:9b:05:29,2,1,2,0,128,172,651,605,642,837,995,494,135,924,955,892,599,20,459,478,992,76,105,272,21,660,326,453,98,625,844,535,539,1020,926,623,659,62,56,59,47,67,72,61,71,67,70,67,76,65,71,72,66,70,66,65,67,63,64,68,64,58,72,65,74,75,72,73,77
[11319.688898] [AOA] Measurement: 0,1627138937.065752,08:55:31:9b:05:29,2,1,2,0,128,195,654,545,554,866,996,516,165,869,927,226,307,404,188,831,707,69,78,301,52,189,572,1000,231,182,17,962,699,478,707,224,333,69,66,68,49,80,80,74,76,79,79,76,87,74,80,81,75,77,82,74,77,69,67,77,69,64,77,72,75,79,77,80,82
[11319.727115] [AOA] Measurement: 0,1627138937.103969,08:55:31:9b:05:29,2,1,2,0,128,179,629,500,514,341,830,1008,997,876,958,804,584,1018,466,477,998,57,123,346,113,216,573,992,233,148,1003,491,514,497,782,644,801,64,63,65,45,74,76,66,71,73,73,71,80,68,73,75,69,72,76,70,70,63,65,73,63,59,76,67,73,75,72,74,78
[11319.770878] [AOA] Measurement: 0,1627138937.147726,08:55:31:9b:05:29,2,1,2,0,128,200,695,547,547,860,1022,483,178,864,903,292,368,42,464,461,988,23,68,303,32,116,489,425,50,594,816,487,488,476,729,241,271,67,64,66,48,75,77,70,75,79,77,75,85,72,77,79,76,76,81,75,76,69,68,79,70,64,79,73,79,80,76,79,79
[11319.813886] [AOA] Measurement: 0,1627138937.190740,08:55:31:9b:05:29,2,1,2,0,128,582,412,1020,364,210,737,982,989,363,748,202,301,409,218,930,799,445,865,758,847,617,303,471,48,183,28,39,786,995,906,341,308,64,63,66,41,76,74,70,70,78,73,72,81,68,74,72,70,69,76,68,69,61,60,73,63,58,71,68,70,70,66,70,74
[11319.857495] [AOA] Measurement: 0,1627138937.234350,08:55:31:9b:05:29,2,1,2,0,128,201,680,641,664,930,47,487,158,873,953,885,627,976,439,440,977,29,42,291,47,241,606,987,242,221,72,28,750,972,944,1016,981,64,62,65,44,73,76,66,71,71,69,70,79,68,73,71,67,67,73,68,69,61,61,73,64,58,74,67,70,72,68,72,75
[11319.900917] [AOA] Measurement: 0,1627138937.277765,08:55:31:9b:05:29,2,1,2,0,128,152,609,532,571,831,974,999,1008,853,924,783,538,985,386,451,962,1019,34,346,67,177,562,1011,259,188,31,34,757,37,955,329,296,67,60,64,49,71,74,66,75,72,77,70,83,70,77,79,73,74,74,70,74,68,70,73,68,65,78,71,78,80,77,79,81
[11319.952792] [AOA] Measurement: 0,1627138937.329639,08:55:31:9b:05:29,2,1,2,0,128,142,621,493,534,323,833,473,156,296,725,291,389,21,464,475,1001,38,116,310,80,209,547,975,216,136,13,50,740,1012,935,489,436,64,62,64,44,75,75,69,72,74,74,71,80,68,74,77,69,72,76,69,70,62,65,72,65,59,74,68,75,76,72,75,79
[11319.997402] [AOA] Measurement: 0,1627138937.374257,08:55:31:9b:05:29,2,1,2,0,128,226,676,631,650,901,22,532,183,838,917,809,509,1001,461,413,980,1012,63,316,56,180,521,983,245,184,38,15,730,20,930,324,232,60,55,58,47,65,70,63,69,68,71,67,77,64,71,72,67,70,70,65,69,62,62,70,63,57,71,66,74,75,73,75,77
[11320.041553] [AOA] Measurement: 0,1627138937.418407,08:55:31:9b:05:29,2,1,2,0,128,230,720,548,595,823,998,475,155,760,842,224,323,388,191,904,772,466,894,327,86,207,538,963,240,173,13,57,733,47,939,553,654,65,63,66,50,75,78,69,76,74,77,74,84,71,79,79,75,76,80,72,76,69,70,78,70,65,79,74,80,81,79,81,85
[11320.079846] [AOA] Measurement: 0,1627138937.456700,08:55:31:9b:05:29,2,1,2,0,128,116,603,48,358,295,768,1002,16,268,698,271,357,503,304,444,958,989,14,264,1022,608,304,413,6,641,864,452,496,458,750,43,128,63,60,61,46,71,73,66,71,69,73,67,79,66,72,72,68,70,71,66,67,61,64,70,62,59,74,66,73,76,73,76,75
[11320.123822] [AOA] Measurement: 0,1627138937.500676,08:55:31:9b:05:29,2,1,2,0,128,224,668,586,572,864,4,495,179,842,943,185,272,430,214,456,989,364,806,850,952,563,289,491,84,164,41,89,782,27,948,98,110,63,61,65,44,74,77,68,72,77,74,72,80,67,74,75,69,70,77,71,70,62,61,74,65,60,76,69,72,73,69,73,76
[11320.166357] [AOA] Measurement: 0,1627138937.543206,08:55:31:9b:05:29,2,1,2,0,128,175,673,591,591,844,990,539,191,923,980,839,563,983,410,879,804,996,24,294,43,174,518,1020,267,167,5,77,742,54,1003,550,508,63,63,65,42,75,77,69,71,76,75,70,80,67,73,74,69,69,75,70,70,61,62,72,65,59,71,69,72,72,69,71,76
[11320.210028] [AOA] Measurement: 0,1627138937.586876,08:55:31:9b:05:29,2,1,2,0,128,227,673,598,632,849,977,960,1000,305,724,323,393,444,197,938,813,476,897,828,930,183,530,1006,288,159,61,2,711,15,951,822,823,62,58,62,45,72,75,67,72,75,74,71,81,67,74,76,71,72,74,68,70,63,62,71,65,59,73,70,75,75,71,75,77
[11320.254409] [AOA] Measurement: 0,1627138937.631262,08:55:31:9b:05:29,2,1,2,0,128,642,434,617,586,282,761,11,12,314,741,224,343,511,278,459,2,993,48,743,876,667,360,4,283,142,6,35,748,37,919,815,826,65,64,66,44,75,76,69,70,75,74,70,79,66,73,74,69,70,75,71,71,62,63,73,65,60,74,68,70,71,68,73,74
[11320.297156] [AOA] Measurement: 0,1627138937.674011,08:55:31:9b:05:29,2,1,2,0,128,217,661,617,599,839,986,567,218,861,942,845,557,0,446,445,983,995,34,320,31,185,567,3,256,185,23,16,711,6,946,911,978,64,61,66,44,76,75,70,72,77,74,70,80,70,75,76,70,72,76,70,70,62,63,74,66,58,73,67,72,73,71,75,75
[11320.340095] [AOA] Measurement: 0,1627138937.716949,08:55:31:9b:05:29,2,1,2,0,128,117,583,17,395,290,794,992,1003,346,759,246,329,404,194,925,779,489,878,439,134,152,528,432,105,141,13,107,807,7,946,242,140,63,61,64,46,74,77,67,71,75,74,70,80,67,75,75,70,71,76,69,70,63,64,74,65,57,74,65,72,73,71,74,75
[11320.378316] [AOA] Measurement: 0,1627138937.755167,08:55:31:9b:05:29,2,1,2,0,128,594,378,44,379,298,780,1,1020,348,758,270,343,405,177,922,792,460,902,763,872,603,301,452,64,658,832,12,723,46,955,76,133,63,61,62,46,73,75,67,73,73,75,68,78,66,73,75,70,71,73,68,70,64,66,73,66,60,74,68,75,75,73,75,78
[11320.421180] [AOA] Measurement: 0,1627138937.798034,08:55:31:9b:05:29,2,1,2,0,128,137,637,557,582,899,1021,510,154,831,924,792,548,381,185,429,981,46,94,417,119,212,560,76,305,202,83,36,730,1010,943,838,767,62,65,66,40,76,75,70,71,78,72,71,79,68,73,73,67,68,76,71,70,60,60,72,63,58,75,68,69,72,67,70,73
[11320.459904] [AOA] Measurement: 0,1627138937.836752,08:55:31:9b:05:29,2,1,2,0,128,213,640,972,325,311,816,493,185,806,862,276,365,456,253,909,792,437,852,817,884,173,522,967,227,213,70,1015,718,41,943,186,111,64,63,64,46,74,77,67,73,76,75,72,81,68,75,76,71,72,76,70,70,63,64,75,65,57,75,69,74,75,72,75,77
[11320.502254] [AOA] Measurement: 0,1627138937.879108,08:55:31:9b:05:29,2,1,2,0,128,133,617,532,527,881,1019,564,190,254,678,830,549,1,454,463,976,944,1004,817,920,590,304,453,97,129,2,58,766,1011,930,525,521,64,63,67,44,75,77,69,69,78,73,70,82,68,74,75,68,68,75,71,68,62,62,72,64,57,74,66,72,74,71,73,76
[11320.541132] [AOA] Measurement: 0,1627138937.917980,08:55:31:9b:05:29,2,1,2,0,128,257,699,512,534,896,990,532,212,859,884,252,330,1007,431,354,941,32,56,743,838,681,335,428,77,596,827,458,508,425,721,30,50,63,63,67,43,75,76,69,70,77,74,70,81,69,75,75,70,72,77,70,71,64,65,73,64,60,74,69,74,76,71,75,76
[11320.583871] [AOA] Measurement: 0,1627138937.960725,08:55:31:9b:05:29,2,1,2,0,128,213,688,486,502,861,1005,504,172,297,751,247,333,494,217,922,780,395,821,804,883,625,292,468,27,602,850,514,503,4,951,182,272,66,64,66,44,75,73,68,70,76,74,72,82,71,75,76,72,71,75,71,70,63,63,72,65,58,72,67,71,72,67,69,72
[11320.627159] [AOA] Measurement: 0,1627138938.004011,08:55:31:9b:05:29,2,1,2,0,128,700,492,992,318,327,835,977,988,305,746,292,371,431,228,867,750,467,920,726,831,633,337,1022,263,188,6,72,770,995,905,88,235,63,62,65,43,76,76,70,71,77,74,71,80,67,74,73,68,66,76,71,70,59,61,72,63,57,71,65,67,70,63,67,69
[11320.672749] [AOA] Measurement: 0,1627138938.049596,08:55:31:9b:05:29,2,1,2,0,128,212,681,556,551,759,940,970,1006,288,682,233,321,387,192,916,781,43,94,387,82,178,531,979,234,605,849,57,771,1014,940,108,200,67,65,69,47,79,79,72,76,80,78,75,87,73,80,79,72,74,78,75,76,68,66,76,69,63,79,72,74,76,72,75,79
[11320.722884] [AOA] Measurement: 0,1627138938.099733,08:55:31:9b:05:29,2,1,2,0,128,643,443,954,274,329,837,905,963,296,675,298,359,404,189,919,766,429,852,851,930,217,564,1018,256,140,21,480,523,1010,944,743,862,71,69,71,46,80,78,74,74,80,78,75,84,74,79,79,72,74,81,75,75,66,66,78,68,64,77,71,74,74,70,73,77
[11320.767377] [AOA] Measurement: 0,1627138938.144231,08:55:31:9b:05:29,2,1,2,0,128,615,461,621,603,899,19,572,264,894,939,851,606,15,461,455,1001,997,48,339,36,180,526,441,71,147,1016,25,718,508,761,520,495,61,61,63,47,72,74,67,71,73,74,71,81,69,75,76,70,69,74,67,71,62,64,72,65,59,75,68,73,76,72,76,77
[11320.809700] [AOA] Measurement: 0,1627138938.186547,08:55:31:9b:05:29,2,1,2,0,128,220,665,649,662,876,1004,538,215,778,812,333,377,497,260,478,996,1001,31,784,906,128,499,1022,259,154,41,971,683,27,958,644,533,67,69,71,47,82,81,75,74,82,79,76,85,74,79,80,75,74,82,76,76,66,69,77,71,66,78,75,76,79,75,78,81
[11320.848736] [AOA] Measurement: 0,1627138938.225591,08:55:31:9b:05:29,2,1,2,0,128,241,692,516,537,314,816,4,1011,809,906,336,419,1008,429,445,990,989,45,290,34,149,527,952,243,623,824,446,476,461,711,882,1022,65,64,67,44,75,76,68,73,78,73,72,82,66,74,75,71,70,76,70,70,63,63,73,63,58,74,68,70,74,69,73,74
[11320.893135] [AOA] Measurement: 0,1627138938.269989,08:55:31:9b:05:29,2,1,2,0,128,244,690,552,579,901,1008,547,192,865,953,772,527,484,227,848,746,479,892,369,77,146,521,966,210,122,1011,997,681,448,737,990,113,62,64,67,39,77,76,70,69,78,72,71,78,67,71,71,67,64,76,69,67,57,56,68,60,54,69,63,66,66,59,66,67
[11320.944183] [AOA] Measurement: 0,1627138938.321031,08:55:31:9b:05:29,2,1,2,0,128,630,408,23,412,283,787,993,35,292,698,320,378,435,223,914,785,42,83,334,59,88,470,391,989,590,813,498,515,501,739,820,889,62,63,66,43,75,76,71,72,76,75,72,79,68,74,72,66,65,75,69,70,60,61,72,63,57,73,68,69,71,64,70,71
[11320.994245] [AOA] Measurement: 0,1627138938.371093,08:55:31:9b:05:29,2,1,2,0,128,135,618,9,376,290,815,984,1012,331,797,814,566,970,405,542,27,40,103,252,14,173,532,1022,283,202,73,1023,731,26,948,383,487,64,61,64,45,74,74,66,71,74,75,69,81,67,74,74,70,70,75,69,71,64,63,74,65,60,74,69,75,76,72,74,75
[11321.039225] [AOA] Measurement: 0,1627138938.416078,08:55:31:9b:05:29,2,1,2,0,128,629,423,1001,367,858,969,971,999,876,959,871,553,997,432,455,996,433,857,786,887,523,255,401,12,596,821,554,574,14,930,607,734,63,61,65,39,73,75,67,67,79,72,71,80,68,71,70,64,67,76,69,67,58,57,69,60,54,69,65,63,66,61,64,69
[11321.083482] [AOA] Measurement: 0,1627138938.460336,08:55:31:9b:05:29,2,1,2,0,128,704,483,1013,341,307,802,16,37,295,697,861,581,988,427,901,776,464,857,352,60,207,556,427,50,657,858,525,591,478,760,267,376,64,64,65,43,75,73,69,72,78,75,72,81,69,74,74,67,70,77,69,69,61,61,72,63,58,71,65,67,69,64,68,70
[11321.127487] [AOA] Measurement: 0,1627138938.504343,08:55:31:9b:05:29,2,1,2,0,128,128,583,73,421,880,994,977,990,840,930,819,549,983,413,933,762,497,876,826,905,191,576,1017,267,166,13,945,683,11,941,557,530,65,59,62,49,70,76,65,74,68,72,66,78,67,71,74,69,74,70,66,69,65,66,70,65,60,73,66,75,78,74,77,76
[11321.170836] [AOA] Measurement: 0,1627138938.547690,08:55:31:9b:05:29,2,1,2,0,128,207,648,557,565,286,798,996,995,327,734,225,315,444,229,901,816,3,49,321,74,190,588,10,285,178,32,30,715,0,916,50,79,61,63,65,40,75,75,67,69,76,73,71,81,66,74,73,67,67,77,70,69,58,58,70,60,56,70,64,65,66,61,65,70
[11321.208398] [AOA] Measurement: 0,1627138938.585249,08:55:31:9b:05:29,2,1,2,0,128,232,706,576,598,879,1013,518,174,869,933,834,568,953,394,920,791,439,873,864,967,569,291,470,81,146,28,82,779,44,962,691,742,62,63,66,43,74,76,70,72,78,75,72,82,68,74,73,69,71,75,70,69,61,61,73,63,58,73,67,70,71,65,71,72
[11321.251481] [AOA] Measurement: 0,1627138938.628336,08:55:31:9b:05:29,2,1,2,0,128,635,447,579,573,834,980,1020,34,874,913,787,526,973,413,443,1023,1,53,357,42,103,501,424,17,629,846,485,540,1020,912,268,260,65,62,63,46,74,76,68,73,76,74,70,81,68,75,75,70,71,75,69,67,62,63,72,64,58,73,68,74,76,72,75,78
[11321.290103] [AOA] Measurement: 0,1627138938.666951,08:55:31:9b:05:29,2,1,2,0,128,646,467,996,345,322,824,566,233,912,954,814,553,999,407,401,965,967,52,336,78,560,279,355,1023,617,795,525,528,476,721,615,779,68,65,67,52,74,78,70,78,75,79,73,82,71,80,80,72,76,77,70,75,67,66,77,69,64,78,72,79,78,76,80,82
[11321.333251] [AOA] Measurement: 0,1627138938.710099,08:55:31:9b:05:29,2,1,2,0,128,592,436,1004,371,318,798,1023,12,324,717,791,518,455,239,458,974,423,835,820,878,626,321,446,64,192,29,29,714,39,959,36,1003,64,60,65,46,74,74,67,69,73,74,71,82,69,74,75,67,70,75,67,71,63,65,72,66,61,75,68,73,74,71,74,73
[11321.386368] [AOA] Measurement: 0,1627138938.763215,08:55:31:9b:05:29,2,1,2,0,128,149,595,566,563,830,980,974,1,283,727,327,378,422,192,906,764,411,858,795,897,575,288,407,1009,631,842,543,526,477,750,287,359,65,63,67,45,77,76,69,72,76,75,73,83,70,75,78,71,72,75,70,71,62,64,72,63,60,74,67,73,75,71,74,77
[11321.431415] [AOA] Measurement: 0,1627138938.808270,08:55:31:9b:05:29,2,1,2,0,128,175,649,570,604,845,967,456,190,839,919,810,512,9,437,424,974,963,1019,789,904,137,509,1018,254,168,2,47,749,970,913,279,237,63,62,65,45,74,75,68,71,76,74,72,81,69,75,76,70,71,75,69,72,63,65,74,65,59,74,69,73,74,70,74,76
[11321.469549] [AOA] Measurement: 0,1627138938.846402,08:55:31:9b:05:29,2,1,2,0,128,672,460,605,627,830,975,459,159,246,699,874,564,1020,391,487,983,24,55,318,34,589,302,1002,233,198,1005,25,753,65,953,883,948,60,65,65,37,75,75,69,67,79,73,72,79,67,73,73,67,68,78,70,70,60,60,71,62,57,72,67,70,70,67,70,73
[11321.513553] [AOA] Measurement: 0,1627138938.890408,08:55:31:9b:05:29,2,1,2,0,128,155,689,595,620,862,1015,524,193,881,952,909,640,25,450,433,969,964,0,793,877,595,312,977,215,618,822,472,507,544,759,113,159,65,64,67,44,76,77,71,72,79,74,72,79,68,74,73,70,69,75,69,68,59,61,71,63,58,72,67,69,71,66,71,74
[11321.551940] [AOA] Measurement: 0,1627138938.928795,08:55:31:9b:05:29,2,1,2,0,128,616,424,8,364,880,9,985,1,258,687,270,360,419,203,842,749,404,839,817,900,567,251,473,60,590,787,527,528,471,736,399,496,62,59,61,44,70,72,68,72,73,73,71,80,67,75,74,69,70,75,71,72,63,64,71,63,58,73,67,73,74,72,76,77
[11321.592807] [AOA] Measurement: 0,1627138938.969653,08:55:31:9b:05:29,2,1,2,0,128,152,625,994,325,319,818,1004,1021,800,867,254,341,534,267,870,787,517,914,782,871,585,318,993,227,143,22,31,732,413,727,819,1022,62,65,66,42,75,75,67,68,78,72,71,78,67,73,71,68,66,76,66,63,53,54,67,56,53,64,62,64,64,59,61,65
[11321.638236] [AOA] Measurement: 0,1627138939.015090,08:55:31:9b:05:29,2,1,2,0,128,725,458,1003,330,317,795,1014,1005,874,933,255,335,473,225,883,793,447,823,748,841,677,381,999,219,632,841,461,525,468,741,26,182,64,63,65,42,76,75,69,69,77,74,70,81,68,74,73,67,69,77,71,69,61,62,72,63,59,71,67,71,71,67,70,73
[11321.682485] [AOA] Measurement: 0,1627138939.059339,08:55:31:9b:05:29,2,1,2,0,128,656,434,8,340,373,858,484,171,302,720,203,281,396,171,905,769,464,854,773,889,619,319,470,97,181,21,1008,716,442,723,650,848,66,66,69,48,78,81,74,77,82,79,75,87,75,79,80,74,76,79,76,77,68,69,77,69,64,79,73,78,79,73,78,81
[11321.724868] [AOA] Measurement: 0,1627138939.101715,08:55:31:9b:05:29,2,1,2,0,128,694,486,622,616,894,1019,514,213,862,948,836,590,45,482,457,990,467,896,747,860,645,371,17,303,162,9,51,729,994,921,82,28,63,60,64,43,73,76,67,72,75,75,70,79,68,74,74,70,70,76,69,69,61,63,72,64,57,71,67,72,72,69,72,75
[11321.769771] [AOA] Measurement: 0,1627138939.146617,08:55:31:9b:05:29,2,1,2,0,128,204,637,558,613,879,994,520,163,850,940,836,620,8,478,472,1015,34,58,257,20,630,340,997,270,128,1010,50,710,990,902,121,157,63,58,62,46,70,73,66,71,71,72,68,79,65,71,74,67,71,72,67,71,64,65,71,65,60,75,69,75,76,71,74,77
[11321.813063] [AOA] Measurement: 0,1627138939.189916,08:55:31:9b:05:29,2,1,2,0,128,624,424,1017,371,912,1013,498,200,881,923,790,580,403,218,856,761,435,875,733,863,596,298,418,31,589,828,490,521,499,740,915,8,65,64,65,46,72,74,66,70,76,73,71,82,68,74,73,68,70,74,68,70,62,64,74,64,60,75,67,74,74,72,74,76
[11321.856263] [AOA] Measurement: 0,1627138939.233117,08:55:31:9b:05:29,2,1,2,0,128,691,454,15,395,224,745,1020,6,879,937,828,573,998,397,859,752,504,902,767,862,174,511,428,57,671,849,530,516,61,922,667,697,62,59,61,43,71,74,67,72,73,74,70,82,68,72,76,69,71,75,69,70,63,64,73,64,57,74,68,75,76,71,73,76
[11321.900849] [AOA] Measurement: 0,1627138939.277696,08:55:31:9b:05:29,2,1,2,0,128,197,635,570,589,878,5,460,129,914,965,824,583,969,414,470,2,988,15,763,877,602,304,377,4,614,808,584,592,1018,950,729,835,63,62,66,44,75,76,68,70,77,74,72,79,67,75,74,67,70,76,71,69,63,63,72,65,58,74,67,71,73,69,72,76
[11321.947783] [AOA] Measurement: 0,1627138939.324637,08:55:31:9b:05:29,2,1,2,0,128,660,458,621,606,297,825,940,989,258,697,295,346,1015,472,471,1012,466,881,375,87,106,470,419,41,691,869,514,540,999,903,667,774,62,61,66,42,75,76,69,71,77,75,72,81,70,75,75,68,70,77,71,70,61,63,73,64,60,74,66,72,72,69,73,75
[11321.986250] [AOA] Measurement: 0,1627138939.363104,08:55:31:9b:05:29,2,1,2,0,128,633,424,23,398,302,809,1015,5,862,957,773,512,385,202,899,769,470,881,760,845,595,301,421,19,557,776,452,473,516,756,420,620,64,60,62,45,71,75,66,69,73,73,70,80,68,73,74,69,71,73,69,70,63,64,73,65,60,76,68,74,76,73,76,78
[11322.030367] [AOA] Measurement: 0,1627138939.407221,08:55:31:9b:05:29,2,1,2,0,128,139,633,602,621,852,1007,529,202,757,871,224,352,467,284,429,962,993,50,368,94,117,468,25,294,119,998,90,788,10,943,532,437,68,68,71,47,82,82,74,77,82,80,78,88,73,79,81,75,75,82,76,77,67,69,78,70,64,79,72,77,78,75,78,81
[11322.068831] [AOA] Measurement: 0,1627138939.445686,08:55:31:9b:05:29,2,1,2,0,128,667,455,543,531,867,971,0,1013,845,885,240,314,456,247,964,820,430,862,759,822,582,308,392,1015,606,788,530,538,521,759,9,62,65,63,64,42,74,75,69,71,76,75,71,83,69,74,74,69,69,76,71,70,63,61,72,64,59,73,68,72,73,69,73,75
[11322.114003] [AOA] Measurement: 0,1627138939.490851,08:55:31:9b:05:29,2,1,2,0,128,172,616,563,567,881,9,436,139,811,878,256,368,431,209,433,968,432,857,765,891,661,353,968,219,98,1014,13,725,464,746,268,335,63,64,66,43,76,75,69,69,78,70,70,79,67,71,73,66,68,77,68,70,61,61,71,62,59,73,68,70,69,67,70,73
[11322.167897] [AOA] Measurement: 0,1627138939.544750,08:55:31:9b:05:29,2,1,2,0,128,182,675,623,664,927,39,599,233,901,973,801,529,35,449,420,991,5,37,395,105,161,562,5,275,192,28,53,762,22,987,338,333,64,63,66,43,75,75,69,71,76,73,71,82,68,73,74,68,69,75,68,71,62,63,72,65,59,75,68,72,74,69,73,76
[11322.211103] [AOA] Measurement: 0,1627138939.587955,08:55:31:9b:05:29,2,1,2,0,128,720,479,2,379,803,944,993,2,884,962,792,527,1019,431,890,767,409,861,782,918,592,322,433,58,592,812,518,530,516,756,194,251,60,56,60,45,69,71,63,69,68,72,68,78,64,72,72,69,69,71,66,69,62,63,70,63,58,72,67,73,76,73,75,77
[11322.255037] [AOA] Measurement: 0,1627138939.631891,08:55:31:9b:05:29,2,1,2,0,128,651,434,958,351,286,843,514,175,877,954,920,658,1016,439,407,979,963,13,301,66,567,274,435,75,162,3,1018,719,17,926,70,39,63,64,66,42,74,75,69,71,74,71,72,82,68,76,74,70,70,77,71,70,62,63,72,62,58,74,68,71,71,68,70,74
[11322.302513] [AOA] Measurement: 0,1627138939.679361,08:55:31:9b:05:29,2,1,2,0,128,612,405,960,333,309,793,7,15,857,930,812,530,951,378,903,786,422,896,786,857,579,288,403,32,604,831,523,509,447,737,560,642,62,60,64,46,74,75,67,73,75,75,70,82,68,75,75,69,71,75,66,68,63,63,72,64,58,74,69,73,76,74,74,77
[11322.350106] [AOA] Measurement: 0,1627138939.726960,08:55:31:9b:05:29,2,1,2,0,128,194,704,578,601,890,1011,490,133,867,922,207,299,444,252,858,748,1013,59,260,1021,613,317,446,68,608,835,476,506,439,700,128,289,65,61,65,44,73,75,68,71,74,72,69,79,68,74,76,69,70,74,69,71,64,63,73,65,60,76,68,74,76,73,75,77
[11322.388777] [AOA] Measurement: 0,1627138939.765630,08:55:31:9b:05:29,2,1,2,0,128,705,453,583,580,312,821,992,1014,869,914,289,375,998,442,500,1018,1022,47,312,49,201,513,1000,219,632,818,56,743,950,872,507,697,65,64,66,44,72,76,69,70,76,74,71,82,69,74,76,69,70,77,71,70,62,62,72,65,59,75,68,74,76,71,74,77
[11322.435373] [AOA] Measurement: 0,1627138939.812221,08:55:31:9b:05:29,2,1,2,0,128,236,662,564,578,291,771,917,987,239,666,281,368,477,216,905,773,497,892,769,893,616,299,436,63,637,830,568,570,950,925,512,642,63,63,65,45,76,77,70,71,76,75,72,82,68,75,75,69,70,74,69,69,61,61,73,63,59,72,68,69,71,67,69,73
[11322.481676] [AOA] Measurement: 0,1627138939.858530,08:55:31:9b:05:29,2,1,2,0,128,612,438,999,339,281,796,13,8,896,926,785,530,1004,421,414,970,968,15,717,834,642,346,439,68,629,857,1008,736,1001,896,344,442,63,62,63,44,73,74,67,70,77,73,71,79,67,73,72,68,68,76,71,70,61,61,72,63,58,72,67,67,69,64,67,70
[11322.523456] [AOA] Measurement: 0,1627138939.900303,08:55:31:9b:05:29,2,1,2,0,128,179,643,529,557,876,985,538,183,256,709,876,593,1009,418,395,946,427,869,736,855,632,317,480,98,211,68,23,737,1020,909,330,388,61,58,61,44,71,73,67,70,74,72,71,79,68,73,74,68,69,74,68,70,62,65,73,64,60,74,68,75,75,71,75,77
[11322.568443] [AOA] Measurement: 0,1627138939.945296,08:55:31:9b:05:29,2,1,2,0,128,161,623,572,605,884,1002,459,136,893,943,909,661,13,474,400,964,980,48,333,77,180,544,991,247,175,7,430,486,474,731,180,313,61,62,68,41,76,76,68,70,78,70,71,78,67,74,71,68,67,77,71,68,60,60,70,61,58,72,66,68,70,63,69,69
[11322.615176] [AOA] Measurement: 0,1627138939.992027,08:55:31:9b:05:29,2,1,2,0,128,175,641,555,608,822,965,530,197,852,932,890,605,978,417,451,1004,31,69,309,84,222,578,1019,276,165,31,34,769,53,950,449,300,62,59,65,42,74,76,68,67,76,71,69,80,67,72,71,68,69,76,68,66,61,59,70,60,56,72,66,67,68,63,65,69
[11322.658707] [AOA] Measurement: 0,1627138940.035559,08:55:31:9b:05:29,2,1,2,0,128,173,611,575,586,836,988,479,163,840,889,247,365,426,212,905,809,459,933,349,82,560,256,446,38,604,811,531,537,6,908,331,427,64,64,66,43,76,76,69,70,77,73,73,80,67,73,74,67,69,75,70,71,61,63,73,65,60,73,68,73,72,69,72,73
[11322.701762] [AOA] Measurement: 0,1627138940.078616,08:55:31:9b:05:29,2,1,2,0,128,170,615,628,608,844,1001,948,970,310,729,323,374,438,254,899,786,419,846,335,93,130,528,978,250,191,1011,73,764,995,900,907,968,65,63,62,51,74,79,70,77,74,78,74,82,70,75,79,72,76,77,72,74,68,68,77,70,62,76,71,77,78,77,79,80
[11322.741043] [AOA] Measurement: 0,1627138940.117890,08:55:31:9b:05:29,2,1,2,0,128,659,431,544,559,848,975,1023,2,273,688,329,398,412,227,440,1004,62,101,321,84,135,535,1013,303,142,1001,438,515,428,705,859,46,59,55,58,45,67,71,64,69,69,71,66,76,65,72,74,68,70,71,66,69,62,64,71,63,58,73,67,74,75,71,76,76
[11322.784217] [AOA] Measurement: 0,1627138940.161064,08:55:31:9b:05:29,2,1,2,0,128,209,633,989,344,258,759,991,1004,296,717,249,328,437,209,953,792,474,867,812,860,631,336,418,34,656,848,75,754,480,756,588,669,63,59,58,46,67,71,64,70,68,72,68,77,65,70,71,66,69,69,65,68,62,64,69,62,57,72,66,75,75,73,77,78
[11322.834499] [AOA] Measurement: 0,1627138940.211347,08:55:31:9b:05:29,2,1,2,0,128,198,669,552,581,877,976,554,218,810,930,856,567,1019,436,364,944,7,53,277,54,92,472,489,89,593,825,1016,694,85,996,84,103,64,64,66,43,74,74,69,70,76,73,72,81,67,74,74,69,69,76,72,69,61,61,72,63,57,73,67,69,70,65,68,73
[11322.880363] [AOA] Measurement: 0,1627138940.257218,08:55:31:9b:05:29,2,1,2,0,128,166,621,632,611,897,11,572,225,844,918,764,495,427,203,892,787,31,75,769,871,649,325,2,301,160,3,37,739,17,930,892,855,70,66,69,51,78,82,74,78,78,80,75,86,73,79,81,74,76,79,74,74,68,69,79,70,65,80,75,79,80,77,82,84
[11322.923835] [AOA] Measurement: 0,1627138940.300689,08:55:31:9b:05:29,2,1,2,0,128,186,655,579,592,919,22,544,216,892,924,782,541,1003,426,450,967,1002,73,329,83,160,524,958,257,161,9,1020,732,20,952,662,714,63,60,63,45,73,74,67,73,74,76,70,80,67,73,75,69,70,72,66,70,62,64,73,64,60,76,69,74,75,71,75,77
[11322.966510] [AOA] Measurement: 0,1627138940.343358,08:55:31:9b:05:29,2,1,2,0,128,181,643,555,558,838,986,561,235,849,933,851,598,45,492,393,957,401,826,832,918,572,258,433,19,584,813,512,525,457,735,605,574,67,66,72,44,79,79,73,73,82,77,75,83,70,77,75,70,70,80,73,72,63,63,76,65,61,72,69,71,74,66,69,70
[11323.010069] [AOA] Measurement: 0,1627138940.386918,08:55:31:9b:05:29,2,1,2,0,128,172,658,574,624,817,964,1003,1011,807,902,226,322,422,249,454,995,987,44,321,61,134,489,994,201,155,1005,96,760,986,934,762,737,65,64,64,44,76,76,68,71,77,75,72,82,68,74,72,69,68,73,69,69,61,62,72,64,60,73,68,71,72,68,71,72
[11323.053391] [AOA] Measurement: 0,1627138940.430239,08:55:31:9b:05:29,2,1,2,0,128,617,412,1001,383,876,2,508,182,826,892,802,573,407,204,895,721,445,865,772,875,662,370,473,70,173,4,30,759,990,930,495,543,67,66,69,46,76,79,71,75,78,79,77,86,73,79,80,75,74,80,73,76,65,66,78,68,63,78,72,76,75,71,76,76
[11323.103421] [AOA] Measurement: 0,1627138940.480270,08:55:31:9b:05:29,2,1,2,0,128,162,618,595,635,864,1001,508,179,861,922,818,557,966,388,421,942,1020,50,330,23,111,480,391,998,603,766,466,526,533,763,907,1002,64,64,66,42,75,77,69,73,79,76,73,81,69,74,74,68,68,76,69,68,61,59,72,63,57,71,68,70,69,67,70,73
[11323.153962] [AOA] Measurement: 0,1627138940.530810,08:55:31:9b:05:29,2,1,2,0,128,164,647,551,547,291,796,9,24,849,902,840,550,991,412,419,966,33,44,743,888,588,266,461,61,655,824,550,565,7,940,804,883,63,62,63,45,73,76,69,72,74,75,70,82,68,75,75,69,71,76,69,71,63,64,73,64,60,76,70,75,75,71,75,77
[11323.192502] [AOA] Measurement: 0,1627138940.569353,08:55:31:9b:05:29,2,1,2,0,128,199,638,8,368,328,810,554,194,827,894,839,574,976,403,448,983,961,39,298,33,139,494,1000,256,163,19,991,710,424,697,605,640,66,63,65,48,74,78,69,76,75,77,73,83,70,79,80,74,76,78,72,77,67,67,76,70,63,78,73,79,80,78,81,84
[11323.243713] [AOA] Measurement: 0,1627138940.620565,08:55:31:9b:05:29,2,1,2,0,128,170,618,1010,346,312,821,518,172,875,905,812,536,990,425,432,969,494,897,305,57,622,247,978,224,132,1023,43,730,1013,905,233,281,60,57,58,45,68,73,63,69,68,70,67,78,65,71,74,68,71,71,65,68,63,64,70,64,60,73,66,75,75,73,75,77
