
[ 3349.770735] [AOA] Measurement: 0,1627162091.608839,08:55:31:9b:04:ac,2,1,2,0,128,371,100,460,627,229,794,982,202,335,934,286,920,145,608,492,84,565,290,298,50,387,72,619,26,169,290,77,252,518,118,382,83,67,65,59,43,65,74,59,42,68,63,71,65,64,63,65,58,53,53,45,67,48,48,60,46,61,51,60,51,63,69,64,64
[ 3349.813243] [AOA] Measurement: 0,1627162091.651347,08:55:31:9b:04:ac,2,1,2,0,128,451,124,964,770,763,950,522,373,921,125,866,118,582,745,106,381,90,480,804,208,9,330,138,198,142,276,48,256,582,189,192,903,57,54,53,46,57,58,54,44,56,54,60,58,58,57,60,54,50,49,45,57,46,47,56,46,57,52,57,50,59,60,58,61
[ 3349.862930] [AOA] Measurement: 0,1627162091.701035,08:55:31:9b:04:ac,2,1,2,0,128,395,135,5,806,816,947,963,216,954,146,845,154,671,774,545,159,94,505,799,201,5,331,627,46,626,105,499,32,14,1019,28,849,70,66,62,49,69,74,64,46,69,64,73,67,67,66,69,61,57,55,51,70,53,53,65,51,67,58,65,58,68,74,70,75
[ 3349.912770] [AOA] Measurement: 0,1627162091.750875,08:55:31:9b:04:ac,2,1,2,0,128,910,1000,1018,849,768,963,498,390,907,111,840,83,649,819,547,121,116,498,251,37,941,261,174,219,182,349,36,224,620,217,1007,672,59,58,54,45,59,62,55,45,58,56,62,59,58,57,61,52,51,50,46,58,49,49,54,48,58,52,58,53,59,62,60,63
[ 3349.957774] [AOA] Measurement: 0,1627162091.795885,08:55:31:9b:04:ac,2,1,2,0,128,374,118,998,819,256,768,489,357,967,139,823,96,595,777,554,154,594,306,719,161,452,80,603,982,604,107,514,1017,53,5,234,12,69,65,59,43,65,75,59,43,66,63,71,65,67,66,66,59,54,54,47,68,50,50,62,46,64,53,62,53,67,71,66,67
[ 3350.001483] [AOA] Measurement: 0,1627162091.839590,08:55:31:9b:04:ac,2,1,2,0,128,872,944,430,580,283,824,864,101,347,972,300,924,89,574,577,160,111,496,166,1012,423,90,598,5,608,97,507,16,621,236,858,548,59,57,53,42,57,62,52,40,56,54,59,55,57,56,56,51,48,49,43,57,45,44,54,42,54,47,51,45,54,56,55,56
[ 3350.039354] [AOA] Measurement: 0,1627162091.877465,08:55:31:9b:04:ac,2,1,2,0,128,429,133,1002,823,816,981,905,163,387,940,343,963,61,575,566,97,585,304,793,205,511,160,87,164,126,285,16,184,62,52,277,1011,68,65,60,44,66,75,60,45,67,63,70,66,67,64,67,58,55,56,48,69,51,50,62,48,64,54,61,54,66,71,66,67
[ 3350.083349] [AOA] Measurement: 0,1627162091.921460,08:55:31:9b:04:ac,2,1,2,0,128,442,132,458,631,290,816,512,379,935,109,837,116,701,839,132,338,121,534,778,189,971,258,129,194,212,337,29,233,633,217,820,505,58,55,53,39,56,61,52,40,57,53,58,55,57,55,56,52,48,49,42,59,46,44,52,43,54,47,53,46,56,58,54,54
[ 3350.125915] [AOA] Measurement: 0,1627162091.964019,08:55:31:9b:04:ac,2,1,2,0,128,891,945,432,620,275,798,944,167,343,923,243,894,113,622,502,117,607,318,805,224,951,263,577,1002,129,304,477,5,23,1021,100,947,59,57,52,41,57,61,51,40,57,53,59,55,55,55,56,50,48,48,43,58,45,44,52,44,55,47,53,46,56,58,52,53
[ 3350.170633] [AOA] Measurement: 0,1627162092.008738,08:55:31:9b:04:ac,2,1,2,2,128,891,945,432,620,275,798,944,167,343,923,243,894,113,622,502,117,607,318,805,224,951,263,577,1002,129,304,477,5,23,1021,100,947,58,55,53,39,56,61,52,40,57,53,58,55,57,55,56,52,48,49,42,59,46,44,52,43,54,47,53,46,56,58,54,54
[ 3350.213998] [AOA] Measurement: 0,1627162092.052103,08:55:31:9b:04:ac,2,1,2,0,128,903,951,451,628,280,827,938,187,373,929,905,154,612,772,549,126,501,266,289,30,1003,308,585,1016,644,106,508,1018,50,975,905,692,59,57,50,44,59,63,52,43,57,54,61,56,59,59,59,51,48,48,43,57,45,46,54,45,54,49,54,49,54,59,57,59
[ 3350.264458] [AOA] Measurement: 0,1627162092.102561,08:55:31:9b:04:ac,2,1,2,0,128,860,953,30,849,281,791,480,384,976,162,295,941,101,622,552,116,601,327,218,1014,994,294,133,178,678,165,483,26,47,3,330,98,57,54,51,42,57,61,52,40,58,54,61,56,58,58,56,50,48,48,42,58,44,45,51,44,53,48,52,47,54,59,55,55
[ 3350.309849] [AOA] Measurement: 0,1627162092.147960,08:55:31:9b:04:ac,2,1,2,0,128,400,107,14,831,872,1018,498,376,924,133,854,127,591,740,107,351,588,330,794,184,1019,358,131,175,148,272,14,216,621,208,486,94,58,55,53,44,59,61,53,42,59,55,61,57,59,58,58,52,49,48,43,58,45,45,52,45,54,49,52,47,54,59,57,57
[ 3350.354022] [AOA] Measurement: 0,1627162092.192131,08:55:31:9b:04:ac,2,1,2,0,128,404,125,997,813,808,975,948,188,374,948,321,933,47,558,596,159,125,529,732,178,433,89,570,1007,602,76,537,28,91,13,277,90,59,53,50,42,58,61,54,41,57,56,61,56,57,56,58,51,47,48,43,58,45,45,52,43,52,47,53,47,54,59,52,53
[ 3350.400258] [AOA] Measurement: 0,1627162092.238362,08:55:31:9b:04:ac,2,1,2,0,128,937,990,7,857,277,786,983,146,371,948,316,950,70,554,545,101,599,317,243,38,349,49,620,1009,640,150,489,1013,15,993,438,208,58,56,51,43,59,62,53,43,57,55,61,56,58,57,58,53,49,48,43,58,44,45,53,45,55,48,54,47,55,59,55,57
[ 3350.442327] [AOA] Measurement: 0,1627162092.280438,08:55:31:9b:04:ac,2,1,2,0,128,839,908,483,606,298,789,945,150,362,951,280,897,76,549,558,149,568,317,163,997,441,108,624,1017,601,51,477,1007,79,28,196,896,56,57,51,45,59,62,55,42,58,56,62,58,57,57,59,51,48,47,44,57,46,47,53,44,55,49,55,50,55,60,56,60
[ 3350.485706] [AOA] Measurement: 0,1627162092.323816,08:55:31:9b:04:ac,2,1,2,0,128,876,957,487,632,291,828,909,158,361,924,269,896,81,599,553,146,617,305,264,59,388,100,585,1012,663,92,515,39,48,1007,600,311,58,56,51,41,57,61,51,39,55,53,59,56,58,57,57,51,47,47,42,57,43,43,52,42,53,46,52,45,52,57,52,52
[ 3350.529472] [AOA] Measurement: 0,1627162092.367584,08:55:31:9b:04:ac,2,1,2,0,128,410,108,1020,850,803,983,463,364,930,147,822,94,77,591,86,328,59,460,792,220,443,122,156,201,653,114,32,193,627,211,387,71,57,56,52,42,57,60,52,42,57,55,60,54,58,56,57,50,47,48,41,57,44,45,50,42,52,45,53,46,54,57,53,55
[ 3350.575077] [AOA] Measurement: 0,1627162092.413181,08:55:31:9b:04:ac,2,1,2,0,128,342,92,1015,819,854,1018,427,359,977,195,814,79,646,788,535,130,600,313,310,40,4,304,136,191,135,284,90,248,646,225,20,698,59,57,52,45,58,61,55,42,58,56,60,57,57,57,59,52,48,47,44,57,45,45,52,44,56,48,52,49,55,60,56,57
[ 3350.617056] [AOA] Measurement: 0,1627162092.455162,08:55:31:9b:04:ac,2,1,2,0,128,465,171,45,863,755,959,478,394,948,158,866,103,11,559,580,132,140,499,829,249,954,271,132,200,139,310,1013,212,601,193,433,133,71,67,61,51,69,72,64,50,68,66,71,66,66,67,70,59,58,59,52,68,52,52,61,51,64,56,65,56,66,72,67,67
[ 3350.657251] [AOA] Measurement: 0,1627162092.495361,08:55:31:9b:04:ac,2,1,2,0,128,842,929,473,645,285,845,474,334,377,940,331,917,703,803,577,163,612,346,793,184,429,83,97,194,652,114,513,43,591,236,741,485,59,55,51,46,57,61,54,44,57,55,61,58,58,57,60,53,49,48,45,59,45,48,54,45,56,51,58,51,56,61,59,60
[ 3350.707487] [AOA] Measurement: 0,1627162092.545592,08:55:31:9b:04:ac,2,1,2,0,128,894,936,495,628,236,794,949,176,374,944,872,108,97,586,547,85,591,299,289,33,440,87,632,20,173,314,68,225,602,178,940,669,59,54,51,43,58,62,53,42,58,55,62,57,58,57,58,54,48,49,45,58,45,46,52,44,54,49,54,49,56,60,56,58
[ 3350.759644] [AOA] Measurement: 0,1627162092.597754,08:55:31:9b:04:ac,2,1,2,0,128,421,109,22,867,858,5,449,357,927,126,811,77,660,838,87,279,144,504,809,244,3,353,159,209,147,311,55,225,607,193,596,320,54,56,51,40,57,59,52,38,57,52,60,54,56,55,54,49,45,46,42,56,41,43,50,42,52,44,49,43,50,55,49,52
[ 3350.803178] [AOA] Measurement: 0,1627162092.641289,08:55:31:9b:04:ac,2,1,2,0,128,415,97,33,877,825,1003,556,432,977,179,878,148,622,822,52,321,148,516,819,236,929,277,162,199,116,261,78,259,626,233,1012,704,67,67,62,49,67,72,62,49,68,63,69,67,67,67,65,62,55,56,51,66,53,52,60,50,61,52,62,53,63,68,61,63
[ 3350.847514] [AOA] Measurement: 0,1627162092.685625,08:55:31:9b:04:ac,2,1,2,0,128,422,180,974,797,808,1006,484,407,913,147,858,118,708,820,117,342,107,506,246,26,422,111,134,206,179,337,29,236,610,200,381,161,58,55,53,42,58,61,53,41,58,55,60,56,57,57,58,51,49,48,44,58,43,44,52,43,51,47,53,48,55,59,55,57
[ 3350.894669] [AOA] Measurement: 0,1627162092.732772,08:55:31:9b:04:ac,2,1,2,0,128,873,929,477,668,259,787,997,202,963,125,310,942,84,597,531,87,89,498,220,44,403,90,632,1019,580,96,500,15,47,12,434,177,59,55,51,42,57,61,52,42,59,54,59,57,58,56,57,53,48,48,43,58,45,44,51,43,55,48,53,48,53,59,55,57
[ 3350.944172] [AOA] Measurement: 0,1627162092.782276,08:55:31:9b:04:ac,2,1,2,0,128,365,96,441,636,851,994,473,378,928,136,845,95,622,797,107,356,89,500,834,253,1006,332,116,225,149,357,20,215,587,141,645,334,68,68,61,50,68,72,62,49,68,64,71,67,68,66,69,61,56,55,50,68,52,52,62,49,63,54,61,54,62,68,62,63
[ 3350.998151] [AOA] Measurement: 0,1627162092.836262,08:55:31:9b:04:ac,2,1,2,0,128,462,128,453,642,792,968,467,375,964,180,861,120,623,764,527,99,659,355,198,1011,453,106,645,44,648,136,515,47,599,183,415,133,59,55,53,41,58,62,53,42,56,54,60,57,58,55,57,51,47,48,43,59,44,45,51,43,54,48,52,48,55,58,56,57
[ 3351.040949] [AOA] Measurement: 0,1627162092.879060,08:55:31:9b:04:ac,2,1,2,0,128,385,109,511,694,809,997,486,365,945,136,269,911,628,790,56,282,81,459,301,68,929,246,106,215,655,157,533,38,83,20,704,401,57,55,50,37,58,59,51,38,56,53,56,54,55,56,53,50,45,47,42,55,41,43,49,40,49,43,50,41,49,53,48,49
[ 3351.078606] [AOA] Measurement: 0,1627162092.916717,08:55:31:9b:04:ac,2,1,2,0,128,830,914,545,681,823,983,951,165,951,149,778,72,569,736,562,125,66,458,844,266,959,286,113,192,159,332,29,221,46,1008,228,983,58,56,52,44,58,62,54,42,57,55,60,57,58,54,57,51,49,48,43,58,45,45,53,43,54,48,53,46,54,57,55,56
[ 3351.122835] [AOA] Measurement: 0,1627162092.960945,08:55:31:9b:04:ac,2,1,2,0,128,885,933,25,857,820,1020,480,359,394,985,848,91,596,763,588,154,118,516,239,17,455,80,619,7,139,315,501,24,667,200,560,250,58,57,51,43,57,62,53,42,58,54,59,56,55,56,57,52,47,47,42,58,42,44,50,43,52,47,51,45,53,57,53,51
[ 3351.164584] [AOA] Measurement: 0,1627162093.002689,08:55:31:9b:04:ac,2,1,2,0,128,435,98,990,837,769,965,906,165,965,176,819,105,90,617,517,89,555,313,791,211,428,100,599,1013,627,75,474,29,59,1015,392,51,70,66,62,52,67,73,63,48,68,65,71,67,68,68,68,62,58,58,51,68,53,53,60,51,64,57,60,55,65,69,66,66
[ 3351.206136] [AOA] Measurement: 0,1627162093.044241,08:55:31:9b:04:ac,2,1,2,0,128,888,944,470,659,282,792,994,244,373,980,318,966,650,789,60,341,566,328,200,996,371,77,634,1020,614,136,514,94,624,218,267,981,59,56,51,42,57,61,53,40,57,53,59,55,57,57,55,51,48,49,42,57,43,45,51,44,53,47,51,45,53,59,54,55
[ 3351.250003] [AOA] Measurement: 0,1627162093.088112,08:55:31:9b:04:ac,2,1,2,0,128,947,1001,473,615,361,825,927,159,365,969,287,943,62,550,562,149,590,310,201,12,1015,332,116,187,632,112,519,35,51,10,79,837,58,56,50,45,58,62,54,42,56,55,61,58,58,56,59,51,49,48,43,58,46,46,54,45,55,50,56,51,58,60,57,60
[ 3351.293538] [AOA] Measurement: 0,1627162093.131649,08:55:31:9b:04:ac,2,1,2,0,128,441,124,10,851,250,795,974,154,378,977,286,950,57,579,529,106,598,317,258,29,457,134,589,1018,164,326,508,1023,102,5,672,397,58,56,52,43,58,60,53,41,58,55,60,57,57,55,58,51,48,48,43,58,44,44,52,44,52,46,51,45,53,58,54,53
[ 3351.335415] [AOA] Measurement: 0,1627162093.173520,08:55:31:9b:04:ac,2,1,2,0,128,447,159,1008,783,301,817,987,221,968,134,340,940,654,793,90,327,83,509,795,205,982,305,134,208,190,324,107,252,533,168,264,984,59,57,51,44,57,61,53,42,58,55,59,56,57,56,57,51,47,48,44,59,44,45,52,45,54,50,55,49,57,60,56,60
[ 3351.378824] [AOA] Measurement: 0,1627162093.216925,08:55:31:9b:04:ac,2,1,2,0,128,399,130,9,848,773,958,485,345,950,163,831,110,647,783,67,318,119,487,776,201,440,93,587,1007,601,99,515,48,633,208,332,134,58,57,52,40,57,61,50,39,57,54,59,57,56,56,55,50,46,48,42,56,42,43,50,42,52,46,50,44,51,57,52,52
[ 3351.424278] [AOA] Measurement: 0,1627162093.262383,08:55:31:9b:04:ac,2,1,2,0,128,361,125,79,890,843,1023,433,334,938,151,844,96,685,831,78,299,115,512,744,196,499,112,607,1021,172,324,468,9,21,11,927,706,58,57,50,46,58,61,54,45,58,56,61,59,58,57,59,52,49,49,45,59,45,47,53,46,55,51,56,50,56,60,57,58
[ 3351.465648] [AOA] Measurement: 0,1627162093.303760,08:55:31:9b:04:ac,2,1,2,0,128,433,119,20,855,828,1006,406,333,436,1000,247,915,52,580,590,159,124,539,790,189,1022,315,157,194,182,331,32,257,642,202,80,688,59,57,52,43,58,62,53,41,58,54,60,57,58,57,57,52,46,49,43,57,45,46,51,44,55,48,53,47,55,58,55,58
[ 3351.510537] [AOA] Measurement: 0,1627162093.348642,08:55:31:9b:04:ac,2,1,2,0,128,388,121,1001,829,298,818,547,435,908,146,896,165,641,788,84,316,166,558,848,231,984,296,91,186,199,319,18,223,609,199,241,914,68,67,60,51,67,72,62,50,67,65,71,66,69,69,69,60,57,58,51,68,52,54,61,52,64,55,63,55,66,69,63,67
[ 3351.559820] [AOA] Measurement: 0,1627162093.397924,08:55:31:9b:04:ac,2,1,2,0,128,897,945,10,847,816,999,489,359,914,126,871,130,632,792,78,360,124,511,858,250,402,80,633,42,632,112,573,74,641,190,278,1008,57,56,52,42,56,61,53,41,58,55,59,56,57,55,57,52,48,47,42,57,43,44,51,42,53,47,54,45,54,55,54,54
[ 3351.598993] [AOA] Measurement: 0,1627162093.437104,08:55:31:9b:04:ac,2,1,2,0,128,382,116,996,834,233,808,970,208,951,148,836,80,686,803,81,305,79,489,814,227,1011,311,126,211,166,325,9,202,663,244,378,17,57,56,51,43,58,60,51,42,58,55,60,57,59,57,57,52,48,47,44,57,43,45,52,43,56,48,53,48,55,60,53,56
[ 3351.641674] [AOA] Measurement: 0,1627162093.479785,08:55:31:9b:04:ac,2,1,2,0,128,461,179,20,867,781,967,490,371,980,184,861,111,685,843,123,366,121,545,790,239,986,333,146,204,187,355,72,258,619,223,537,162,67,66,62,50,67,71,62,48,68,66,71,67,69,67,69,62,56,59,51,70,53,51,62,54,62,55,62,56,63,69,63,64
[ 3351.681809] [AOA] Measurement: 0,1627162093.519913,08:55:31:9b:04:ac,2,1,2,0,128,396,111,1023,812,272,782,973,193,927,172,799,87,611,760,564,131,95,496,294,51,431,104,608,1015,640,138,50,235,565,172,392,57,59,56,51,42,56,62,53,41,57,55,60,56,57,56,57,49,48,48,43,58,44,45,52,43,54,47,54,48,54,57,55,56
[ 3351.731432] [AOA] Measurement: 0,1627162093.569542,08:55:31:9b:04:ac,2,1,2,0,128,421,134,995,848,779,993,435,371,921,133,855,124,586,781,581,154,573,303,229,43,493,127,135,184,191,343,41,236,632,237,343,1008,58,56,52,41,58,61,51,40,56,55,60,56,58,57,56,51,47,46,42,57,43,44,52,42,53,47,53,47,55,58,52,55
[ 3351.775749] [AOA] Measurement: 0,1627162093.613856,08:55:31:9b:04:ac,2,1,2,0,128,384,114,29,884,815,975,907,158,398,1005,327,958,28,532,544,136,635,342,785,254,965,266,110,195,621,104,491,11,90,1,320,56,56,56,52,41,57,61,53,41,58,54,60,57,58,57,56,52,46,47,43,57,44,43,51,43,54,48,54,46,55,57,55,57
[ 3351.824929] [AOA] Measurement: 0,1627162093.663033,08:55:31:9b:04:ac,2,1,2,0,128,867,955,437,607,226,765,886,148,412,1006,838,102,614,800,565,111,135,504,181,993,394,81,541,984,651,141,73,253,23,1019,1020,749,70,67,62,52,68,72,63,50,68,65,72,68,70,67,70,61,57,57,53,69,53,56,63,53,63,58,66,57,66,70,68,69
[ 3351.865517] [AOA] Measurement: 0,1627162093.703626,08:55:31:9b:04:ac,2,1,2,0,128,413,128,997,834,256,785,511,391,1018,197,834,112,636,785,101,356,89,485,802,211,1013,309,583,1019,648,122,561,56,576,209,902,608,59,55,53,43,59,60,54,41,58,55,60,57,57,56,56,51,47,46,42,56,44,45,52,44,53,47,52,46,51,59,54,56
[ 3351.909059] [AOA] Measurement: 0,1627162093.747170,08:55:31:9b:04:ac,2,1,2,0,128,933,972,452,632,830,993,928,155,408,978,303,945,646,763,539,118,554,291,218,1018,425,114,117,172,146,314,494,53,76,1018,766,497,57,56,52,44,58,61,53,42,58,54,60,58,59,57,60,51,49,48,44,59,46,47,51,44,54,49,54,49,55,60,58,59
[ 3351.948441] [AOA] Measurement: 0,1627162093.786549,08:55:31:9b:04:ac,2,1,2,2,128,933,972,452,632,830,993,928,155,408,978,303,945,646,763,539,118,554,291,218,1018,425,114,117,172,146,314,494,53,76,1018,766,497,59,56,51,42,56,62,53,41,57,55,60,56,57,56,57,49,48,48,43,58,44,45,52,43,54,47,54,48,54,57,55,56
[ 3351.993858] [AOA] Measurement: 0,1627162093.831962,08:55:31:9b:04:ac,2,1,2,0,128,389,107,1022,792,296,820,469,331,441,994,891,97,662,796,44,280,157,526,814,248,978,292,135,152,655,116,32,257,606,229,52,696,58,57,52,41,55,60,54,42,57,56,61,57,57,57,58,52,47,48,44,58,46,46,55,45,56,50,54,49,58,58,58,60
[ 3352.047606] [AOA] Measurement: 0,1627162093.885716,08:55:31:9b:04:ac,2,1,2,0,128,398,124,3,861,190,796,978,172,920,135,823,70,681,763,83,315,147,520,886,271,972,300,159,217,199,331,53,262,584,180,357,63,68,68,61,49,66,73,62,48,69,64,71,67,68,66,68,62,58,58,52,70,56,54,64,52,63,57,65,57,67,71,67,68
[ 3352.090888] [AOA] Measurement: 0,1627162093.928997,08:55:31:9b:04:ac,2,1,2,0,128,864,970,409,589,291,807,983,208,927,148,231,865,126,628,544,103,583,309,212,29,7,306,630,3,624,102,106,222,635,197,6,697,57,56,53,42,58,61,53,43,58,54,58,55,58,56,59,52,49,49,45,58,45,47,52,43,53,48,52,47,55,61,53,58
[ 3352.133943] [AOA] Measurement: 0,1627162093.972052,08:55:31:9b:04:ac,2,1,2,0,128,889,985,452,628,800,1020,940,180,926,141,852,75,647,809,515,110,598,313,246,46,1019,316,148,201,170,319,76,265,617,217,332,1006,59,58,54,43,58,62,55,42,59,55,61,57,58,56,58,51,50,49,44,59,47,47,55,43,55,49,54,49,57,60,58,59
[ 3352.178261] [AOA] Measurement: 0,1627162094.016366,08:55:31:9b:04:ac,2,1,2,0,128,399,138,978,805,807,984,507,403,949,139,856,108,632,792,550,138,556,290,853,263,942,254,145,197,196,316,89,274,522,140,133,915,58,57,53,41,57,62,52,39,58,54,61,58,58,56,56,53,49,49,44,59,47,46,54,45,55,50,54,48,56,61,57,57
[ 3352.221114] [AOA] Measurement: 0,1627162094.059218,08:55:31:9b:04:ac,2,1,2,0,128,359,122,1023,833,824,982,967,166,371,925,342,989,622,807,80,343,553,297,310,68,986,287,165,213,216,349,1005,204,619,195,601,269,57,58,52,43,58,63,54,41,58,54,61,57,57,56,59,51,50,49,44,58,46,47,56,45,56,50,56,50,56,59,55,59
[ 3352.263590] [AOA] Measurement: 0,1627162094.101695,08:55:31:9b:04:ac,2,1,2,0,128,870,953,1017,818,873,1011,929,160,944,134,309,930,89,588,561,93,591,302,251,17,4,334,578,997,642,145,445,1004,131,36,829,558,56,55,52,43,57,62,54,42,58,54,59,55,57,55,57,51,50,49,44,58,47,46,53,45,55,49,52,47,57,60,56,57
[ 3352.313126] [AOA] Measurement: 0,1627162094.151231,08:55:31:9b:04:ac,2,1,2,0,128,417,149,69,895,798,967,977,213,988,172,772,63,639,760,20,285,108,468,241,30,959,311,105,174,186,326,1010,216,44,999,704,491,68,66,61,43,67,74,60,44,68,64,70,65,65,63,66,57,53,52,47,69,50,50,62,47,63,53,63,52,66,71,67,69
[ 3352.358250] [AOA] Measurement: 0,1627162094.196359,08:55:31:9b:04:ac,2,1,2,0,128,485,167,0,851,851,8,490,401,935,174,877,119,662,800,108,354,111,528,873,274,978,269,147,204,188,320,1005,183,638,186,925,575,58,57,51,40,56,62,52,41,56,54,60,55,56,55,54,49,47,48,43,57,44,44,54,42,53,45,52,46,53,55,57,54
[ 3352.401755] [AOA] Measurement: 0,1627162094.239864,08:55:31:9b:04:ac,2,1,2,0,128,406,138,919,784,309,819,1014,222,1001,179,801,61,670,817,71,332,124,498,747,208,990,282,117,178,130,276,12,199,545,165,667,433,67,65,60,42,64,75,59,41,66,62,70,63,66,64,64,57,52,54,45,68,49,48,60,45,64,51,60,51,63,70,63,66
[ 3352.439659] [AOA] Measurement: 0,1627162094.277767,08:55:31:9b:04:ac,2,1,2,0,128,447,150,36,837,876,1023,491,382,911,175,841,103,624,782,110,347,141,539,804,222,1005,327,117,176,201,312,11,212,567,183,855,482,58,56,52,40,57,61,53,41,58,53,60,57,57,56,56,51,49,49,43,58,45,46,52,43,55,48,52,47,56,58,53,53
[ 3352.483672] [AOA] Measurement: 0,1627162094.321783,08:55:31:9b:04:ac,2,1,2,0,128,407,117,1018,811,318,841,517,419,969,167,862,97,85,607,569,143,608,315,271,9,975,279,108,181,583,81,523,82,628,172,97,732,57,55,52,44,58,62,54,43,56,55,60,56,59,57,58,51,50,49,44,58,46,48,56,46,57,51,55,50,58,62,59,60
[ 3352.525157] [AOA] Measurement: 0,1627162094.363262,08:55:31:9b:04:ac,2,1,2,0,128,390,100,1022,813,828,989,492,355,411,976,322,933,605,761,563,103,154,550,802,215,965,295,107,213,166,341,499,21,654,217,55,727,58,56,54,42,55,60,53,39,57,54,60,57,57,56,58,51,48,48,44,59,45,46,54,43,54,47,54,48,55,58,54,56
[ 3352.569183] [AOA] Measurement: 0,1627162094.407286,08:55:31:9b:04:ac,2,1,2,0,128,405,113,476,655,765,978,922,162,425,982,868,113,583,761,128,348,101,483,201,1021,994,269,126,184,658,113,479,7,90,22,707,393,59,56,52,43,57,60,53,41,59,55,59,55,58,56,60,51,49,49,43,58,46,44,54,44,53,48,53,48,56,59,57,57
[ 3352.611792] [AOA] Measurement: 0,1627162094.449897,08:55:31:9b:04:ac,2,1,2,0,128,406,124,11,864,874,38,474,342,943,145,801,63,683,811,106,320,140,530,814,199,0,311,118,165,169,303,68,263,613,194,450,78,59,57,55,42,58,61,53,43,58,56,61,57,58,56,58,53,49,50,45,58,47,46,56,45,56,50,54,48,56,61,57,59
[ 3352.653770] [AOA] Measurement: 0,1627162094.491880,08:55:31:9b:04:ac,2,1,2,0,128,353,57,1007,804,855,0,441,373,951,135,778,76,86,581,521,96,581,326,272,41,451,91,583,993,642,122,560,60,36,1006,59,822,68,64,59,48,66,74,61,45,67,62,73,67,67,63,69,60,56,55,47,67,52,53,63,49,66,59,66,58,71,73,72,76
[ 3352.696421] [AOA] Measurement: 0,1627162094.534533,08:55:31:9b:04:ac,2,1,2,0,128,400,99,972,803,812,992,943,159,942,132,862,94,679,830,69,326,126,530,771,198,1019,337,112,198,134,266,511,7,79,1015,672,348,69,65,60,47,67,74,62,45,66,64,73,67,67,66,70,59,56,55,49,69,51,53,63,49,65,55,64,55,69,71,69,72
[ 3352.739527] [AOA] Measurement: 0,1627162094.577632,08:55:31:9b:04:ac,2,1,2,0,128,897,979,1000,817,833,984,907,140,419,978,885,118,628,779,133,369,65,496,232,0,481,132,123,170,176,292,33,222,602,177,407,111,70,69,64,50,68,75,63,50,68,65,70,66,68,67,69,62,60,59,50,68,55,55,66,54,67,58,64,59,69,71,68,69
[ 3352.782404] [AOA] Measurement: 0,1627162094.620509,08:55:31:9b:04:ac,2,1,2,0,128,846,910,499,621,215,782,959,181,410,970,856,106,658,796,94,326,578,255,244,32,443,129,636,1020,625,130,569,21,6,2,498,281,59,58,52,39,58,62,52,39,58,54,58,55,55,56,56,51,49,49,43,57,44,45,53,43,54,45,50,45,53,56,53,52
[ 3352.828782] [AOA] Measurement: 0,1627162094.666891,08:55:31:9b:04:ac,2,1,2,0,128,398,139,0,834,785,990,452,318,381,972,318,934,70,588,564,129,140,514,797,205,955,279,114,167,213,334,29,217,641,183,277,18,69,66,63,47,68,71,62,47,67,63,68,66,66,65,65,60,57,58,50,67,53,53,61,50,65,55,61,54,64,67,65,66
[ 3352.876340] [AOA] Measurement: 0,1627162094.714445,08:55:31:9b:04:ac,2,1,2,0,128,877,957,1009,848,264,814,940,149,391,992,827,74,660,770,106,331,148,517,755,203,385,108,148,183,638,103,502,39,57,15,711,482,69,66,63,49,67,73,62,48,68,65,70,66,68,64,68,62,59,57,53,70,54,55,64,52,65,56,62,56,64,70,66,64
[ 3352.920201] [AOA] Measurement: 0,1627162094.758312,08:55:31:9b:04:ac,2,1,2,0,128,409,105,1004,840,797,1002,448,339,902,109,273,926,645,758,543,105,112,500,288,49,18,337,571,987,657,153,70,238,595,198,250,836,57,58,52,40,57,63,52,40,58,54,58,57,56,55,57,51,48,49,42,59,45,45,53,45,56,48,53,48,55,59,56,56
[ 3352.963728] [AOA] Measurement: 0,1627162094.801837,08:55:31:9b:04:ac,2,1,2,0,128,876,926,479,641,269,824,933,161,456,992,302,917,161,646,562,167,568,295,210,12,35,321,170,233,157,311,33,189,596,177,483,235,58,58,52,40,59,62,51,40,59,54,60,55,58,55,57,51,49,48,44,58,46,44,52,44,55,48,53,48,54,58,57,56
[ 3353.001727] [AOA] Measurement: 0,1627162094.839838,08:55:31:9b:04:ac,2,1,2,0,128,453,149,3,874,836,1007,492,352,981,160,821,57,140,597,105,313,139,537,804,214,1009,309,112,165,188,346,22,192,625,183,970,551,58,57,53,41,57,61,53,41,58,55,59,58,58,54,57,52,48,48,44,59,45,45,54,45,55,48,55,49,56,59,57,59
[ 3353.044300] [AOA] Measurement: 0,1627162094.882404,08:55:31:9b:04:ac,2,1,2,0,128,895,909,455,632,239,791,988,227,868,106,282,939,59,580,547,142,629,351,828,235,0,307,126,190,153,259,507,32,600,209,371,41,58,57,53,41,58,63,53,41,58,55,60,56,57,55,58,51,49,49,44,57,47,44,54,43,57,47,52,48,57,57,52,52
[ 3353.082002] [AOA] Measurement: 0,1627162094.920111,08:55:31:9b:04:ac,2,1,2,0,128,412,107,992,833,879,22,449,340,921,111,853,122,631,780,42,321,119,499,825,230,978,245,91,163,92,285,1017,226,651,233,252,937,58,57,52,41,57,62,53,41,56,53,59,56,57,56,55,51,48,48,42,59,45,46,53,43,52,48,52,48,56,57,56,57
[ 3353.122750] [AOA] Measurement: 0,1627162094.960855,08:55:31:9b:04:ac,2,1,2,0,128,344,67,1008,809,319,834,954,185,367,969,288,919,729,837,50,299,562,303,779,171,427,102,147,185,123,231,501,29,32,999,675,365,69,66,61,49,66,73,63,48,67,64,71,68,68,66,70,60,57,55,50,66,53,54,64,52,68,59,67,58,70,75,71,75
[ 3353.167381] [AOA] Measurement: 0,1627162095.005489,08:55:31:9b:04:ac,2,1,2,0,128,873,945,472,631,285,798,927,167,402,970,283,912,91,566,537,92,540,260,234,9,458,118,167,204,88,242,473,3,51,1010,689,425,58,58,53,45,57,62,54,42,58,55,60,57,57,57,59,52,49,50,46,57,47,48,55,46,57,50,56,51,58,60,61,60
[ 3353.210515] [AOA] Measurement: 0,1627162095.048624,08:55:31:9b:04:ac,2,1,2,0,128,390,114,10,831,836,998,501,393,980,170,792,44,629,796,51,280,92,512,741,158,8,310,128,177,633,107,459,4,73,26,492,157,58,56,53,43,57,59,54,41,55,54,59,57,57,57,58,53,51,49,45,58,47,47,55,45,56,48,53,48,57,60,58,58
[ 3353.253267] [AOA] Measurement: 0,1627162095.091376,08:55:31:9b:04:ac,2,1,2,0,128,404,104,17,856,826,998,941,192,929,140,798,27,166,642,44,276,577,296,264,38,984,296,621,983,610,123,467,36,98,11,106,806,60,57,53,41,56,62,53,40,57,54,60,56,57,54,55,50,48,48,44,57,45,44,53,44,54,47,52,47,54,57,55,56
[ 3353.294771] [AOA] Measurement: 0,1627162095.132875,08:55:31:9b:04:ac,2,1,2,0,128,423,159,1020,831,813,971,488,384,935,167,815,75,620,761,572,118,592,303,268,28,9,315,181,199,186,310,44,236,36,6,841,576,58,55,52,40,58,62,53,39,55,53,59,55,56,54,56,50,49,49,41,57,44,43,53,42,52,45,50,43,53,57,51,52
[ 3353.338200] [AOA] Measurement: 0,1627162095.176309,08:55:31:9b:04:ac,2,1,2,0,128,905,946,453,633,274,819,928,190,951,158,848,79,627,776,547,151,165,542,781,238,431,110,607,1021,660,143,1016,181,597,173,862,556,56,54,53,37,57,62,52,39,55,53,60,55,57,56,57,52,47,49,43,57,46,44,52,43,55,47,51,48,52,58,54,54
[ 3353.382205] [AOA] Measurement: 0,1627162095.220316,08:55:31:9b:04:ac,2,1,2,0,128,884,932,453,624,296,811,920,138,930,113,289,892,615,773,534,92,136,495,237,31,1020,321,140,185,636,114,482,41,41,1005,481,258,57,55,52,43,58,62,53,42,58,54,59,57,57,55,56,52,50,48,42,59,45,45,54,43,55,47,53,48,56,59,55,55
[ 3353.431481] [AOA] Measurement: 0,1627162095.269585,08:55:31:9b:04:ac,2,1,2,0,128,392,160,1,851,874,18,409,335,902,123,838,75,619,771,155,393,87,491,831,235,1014,293,147,186,102,280,21,220,585,183,147,963,68,65,60,45,65,73,59,42,66,63,70,65,66,65,65,57,54,54,46,69,51,50,60,47,63,52,61,52,62,71,65,67
[ 3353.473236] [AOA] Measurement: 0,1627162095.311347,08:55:31:9b:04:ac,2,1,2,0,128,869,969,440,616,231,803,964,144,366,947,271,913,96,596,546,123,140,506,809,211,1012,292,113,190,159,293,1014,180,28,999,631,353,58,55,53,46,57,61,54,44,57,55,62,58,56,55,59,53,50,48,45,57,47,48,55,47,56,51,56,51,60,62,61,62
[ 3353.516874] [AOA] Measurement: 0,1627162095.354985,08:55:31:9b:04:ac,2,1,2,0,128,892,983,988,821,791,968,975,181,966,138,316,896,80,621,547,120,116,511,250,34,422,86,580,1010,643,102,466,1,24,6,553,291,58,56,52,40,57,62,54,40,58,53,61,57,58,56,57,52,50,51,45,58,47,46,55,46,55,49,56,50,59,62,57,59
[ 3353.559873] [AOA] Measurement: 0,1627162095.397984,08:55:31:9b:04:ac,2,1,2,0,128,405,120,973,828,808,994,918,127,440,1002,816,97,129,609,567,139,152,524,222,18,382,73,585,1009,213,311,528,54,642,207,372,81,58,57,53,41,56,62,53,40,58,55,60,58,57,53,55,51,47,49,44,56,47,46,53,44,55,48,53,48,57,60,55,54
[ 3353.597604] [AOA] Measurement: 0,1627162095.435715,08:55:31:9b:04:ac,2,1,2,0,128,419,111,1018,802,318,849,962,154,434,4,801,75,651,811,41,284,112,504,763,219,986,316,114,186,128,279,44,238,619,201,486,162,58,56,55,43,57,61,54,41,58,56,60,57,58,58,58,54,49,48,45,58,46,47,55,45,54,50,54,49,56,59,55,58
[ 3353.635458] [AOA] Measurement: 0,1627162095.473567,08:55:31:9b:04:ac,2,1,2,0,128,392,120,30,820,867,1022,489,344,964,157,795,71,577,771,90,298,146,520,728,205,407,124,651,0,650,107,512,39,44,1002,400,37,59,58,52,41,57,62,53,40,58,54,61,56,56,56,56,52,49,49,43,58,45,45,52,42,54,48,55,47,57,57,56,54
[ 3353.678263] [AOA] Measurement: 0,1627162095.516371,08:55:31:9b:04:ac,2,1,2,0,128,854,964,456,610,248,755,958,159,441,993,845,108,650,784,542,107,534,269,194,1015,433,82,619,1004,640,104,35,204,64,2,649,349,66,64,59,42,64,74,57,40,65,62,68,63,64,62,63,55,52,52,44,67,48,48,61,44,61,52,59,50,61,68,62,62
[ 3353.720506] [AOA] Measurement: 0,1627162095.558611,08:55:31:9b:04:ac,2,1,2,0,128,410,100,969,778,275,820,951,146,411,976,869,110,648,790,54,297,70,463,247,1023,442,99,564,993,646,148,487,1000,132,22,676,389,70,67,62,50,67,72,63,49,67,66,71,66,67,65,68,60,58,58,50,68,53,53,63,52,65,57,63,58,66,69,67,66
[ 3353.762713] [AOA] Measurement: 0,1627162095.600822,08:55:31:9b:04:ac,2,1,2,0,128,418,105,996,790,826,975,462,339,381,980,338,974,634,810,101,318,168,540,761,207,970,277,597,3,253,378,57,216,612,213,618,300,57,55,52,37,55,60,51,37,56,53,56,53,54,54,52,49,46,47,40,57,44,43,50,41,53,43,50,43,53,56,51,50
[ 3353.805727] [AOA] Measurement: 0,1627162095.643838,08:55:31:9b:04:ac,2,1,2,0,128,843,934,452,631,308,796,922,150,361,947,183,838,76,576,522,74,597,309,195,988,362,49,571,985,595,80,494,999,50,993,864,753,58,58,53,41,56,61,54,42,57,56,61,57,57,56,58,53,50,50,45,59,46,46,54,44,57,49,55,50,58,60,57,58
[ 3353.848249] [AOA] Measurement: 0,1627162095.686359,08:55:31:9b:04:ac,2,1,2,0,128,385,65,534,681,831,1,469,361,978,160,764,71,107,633,42,311,65,438,211,11,1,290,130,182,170,315,988,163,64,42,454,171,58,57,52,42,58,62,54,42,57,55,61,58,58,56,60,52,51,51,45,59,47,49,55,47,57,50,56,50,60,61,58,60
[ 3353.891399] [AOA] Measurement: 0,1627162095.729510,08:55:31:9b:04:ac,2,1,2,0,128,455,137,1011,845,807,969,466,352,897,158,281,937,79,588,544,96,609,347,242,32,0,304,91,159,637,110,542,41,50,24,959,572,58,56,53,42,57,64,55,42,59,55,61,57,57,57,59,52,50,50,45,59,47,48,54,45,56,49,56,50,59,62,58,59
[ 3353.928872] [AOA] Measurement: 0,1627162095.766976,08:55:31:9b:04:ac,2,1,2,0,128,471,132,978,785,274,813,948,179,415,981,837,76,664,807,542,116,553,322,794,202,1005,291,157,191,157,315,534,27,1011,995,826,603,69,65,60,47,67,75,63,45,69,65,71,67,68,66,70,60,55,56,50,70,50,51,64,51,65,57,64,57,70,72,70,73
[ 3353.971562] [AOA] Measurement: 0,1627162095.809666,08:55:31:9b:04:ac,2,1,2,0,128,455,138,19,841,818,1010,917,180,416,1017,309,945,645,820,100,322,120,511,784,228,434,103,622,12,130,309,64,245,630,204,218,809,58,57,53,45,57,62,56,44,58,55,59,58,58,56,60,52,49,50,46,57,47,48,53,47,56,51,57,52,59,60,61,62
[ 3354.021117] [AOA] Measurement: 0,1627162095.859221,08:55:31:9b:04:ac,2,1,2,0,128,407,109,6,847,819,989,901,143,328,929,313,943,627,744,94,322,573,313,826,216,1002,294,578,997,149,264,49,200,635,218,855,591,69,63,60,45,66,75,60,44,68,64,69,65,66,65,66,57,53,54,48,68,49,50,61,46,63,53,61,52,65,70,66,68
[ 3354.068298] [AOA] Measurement: 0,1627162095.906407,08:55:31:9b:04:ac,2,1,2,0,128,403,92,2,855,835,1000,468,408,1010,211,829,67,671,773,98,342,107,501,743,209,1009,304,118,187,124,290,549,75,570,178,403,56,69,66,63,47,67,74,63,47,68,64,71,67,68,66,67,61,58,57,51,68,53,54,62,52,64,57,63,57,66,68,68,65
[ 3354.125301] [AOA] Measurement: 0,1627162095.963413,08:55:31:9b:04:ac,2,1,2,0,128,386,89,977,774,278,808,499,349,942,159,845,106,606,729,96,358,94,543,763,204,446,136,617,1003,698,172,42,261,619,213,737,450,57,57,54,43,58,62,55,42,58,56,60,57,58,56,58,51,49,51,44,57,46,48,57,46,56,51,56,50,60,62,57,61
[ 3354.171302] [AOA] Measurement: 0,1627162096.009407,08:55:31:9b:04:ac,2,1,2,0,128,415,136,1001,810,266,794,954,171,914,129,844,96,640,784,39,292,140,537,734,187,990,309,502,1003,623,53,89,241,617,221,648,344,58,56,52,39,53,61,51,39,56,53,59,54,54,55,55,49,48,48,42,56,44,41,52,43,51,44,49,43,52,55,50,49
[ 3354.216496] [AOA] Measurement: 0,1627162096.054604,08:55:31:9b:04:ac,2,1,2,0,128,433,130,991,835,839,971,518,422,944,134,856,141,610,752,115,324,140,529,832,220,474,101,161,191,129,322,461,1008,594,209,448,89,58,56,52,43,57,61,54,43,57,54,61,57,58,56,56,53,48,48,43,59,46,47,54,45,56,49,55,49,59,60,59,58
[ 3354.257903] [AOA] Measurement: 0,1627162096.096007,08:55:31:9b:04:ac,2,1,2,0,128,834,960,16,862,850,1015,476,343,934,150,830,97,586,758,555,120,151,522,271,57,929,216,164,202,174,295,16,210,582,198,169,857,59,56,53,40,56,61,51,40,57,55,58,56,56,55,59,51,50,49,44,58,47,47,54,44,55,48,54,48,57,60,55,55
[ 3354.296401] [AOA] Measurement: 0,1627162096.134511,08:55:31:9b:04:ac,2,1,2,0,128,357,117,24,835,828,996,924,160,424,977,852,99,648,776,547,107,102,495,229,18,468,155,548,1008,659,123,74,231,602,194,160,889,68,65,59,40,66,74,59,41,66,62,68,63,64,63,62,57,51,53,45,69,49,49,59,44,62,51,59,52,62,69,62,63
[ 3354.337492] [AOA] Measurement: 0,1627162096.175597,08:55:31:9b:04:ac,2,1,2,0,128,478,177,976,829,795,991,965,190,921,144,295,950,694,822,74,325,117,524,817,227,972,277,122,191,641,131,33,233,645,230,60,735,57,58,53,43,56,61,54,43,57,55,60,56,57,56,59,52,50,49,45,56,46,47,56,46,56,51,55,49,58,59,58,60
[ 3354.377217] [AOA] Measurement: 0,1627162096.215328,08:55:31:9b:04:ac,2,1,2,0,128,835,937,451,605,246,752,936,131,380,955,277,919,619,785,69,318,73,469,221,1020,440,101,631,1023,146,286,562,50,18,1011,188,965,59,58,52,41,58,61,53,40,58,54,58,56,57,55,58,51,49,49,44,58,46,46,52,43,55,49,54,47,56,59,56,57
[ 3354.422676] [AOA] Measurement: 0,1627162096.260781,08:55:31:9b:04:ac,2,1,2,0,128,879,965,444,597,242,780,945,162,942,139,263,931,617,758,547,132,516,282,190,998,498,136,563,972,631,116,552,53,83,24,498,141,58,56,53,41,58,63,53,42,56,54,59,56,57,54,57,51,48,48,45,59,47,48,55,44,54,47,53,48,55,57,57,56
[ 3354.468132] [AOA] Measurement: 0,1627162096.306241,08:55:31:9b:04:ac,2,1,2,0,128,880,977,466,635,209,759,929,136,435,975,848,75,80,599,584,156,585,313,286,92,400,97,634,1006,112,282,33,211,648,233,364,54,57,57,52,40,56,62,52,38,56,53,58,54,54,53,55,50,46,49,41,57,44,42,53,41,51,44,49,44,53,55,51,53
[ 3354.511454] [AOA] Measurement: 0,1627162096.349564,08:55:31:9b:04:ac,2,1,2,0,128,389,118,444,607,314,799,985,189,920,123,813,75,38,545,576,172,133,501,799,215,996,310,588,991,622,107,496,55,94,4,988,654,58,58,54,43,57,62,55,42,58,53,60,57,58,57,58,52,50,50,44,58,47,46,55,47,57,51,58,51,59,62,61,61
[ 3354.549083] [AOA] Measurement: 0,1627162096.387195,08:55:31:9b:04:ac,2,1,2,0,128,851,950,21,856,866,1003,482,378,888,119,291,927,620,771,594,157,594,351,772,183,993,346,81,138,164,351,39,222,618,229,307,9,69,66,59,44,63,72,59,43,66,64,70,65,66,66,66,59,53,54,46,68,49,49,61,47,62,53,61,52,65,70,66,69
[ 3354.598785] [AOA] Measurement: 0,1627162096.436889,08:55:31:9b:04:ac,2,1,2,0,128,426,143,1003,815,842,14,940,155,395,7,238,885,53,533,564,129,127,494,740,161,453,98,593,1017,127,283,44,238,625,212,814,501,68,66,60,45,66,74,60,44,68,62,71,66,66,64,65,58,55,54,48,69,50,50,61,47,63,53,61,54,66,71,65,66
[ 3354.642027] [AOA] Measurement: 0,1627162096.480132,08:55:31:9b:04:ac,2,1,2,0,128,893,963,471,590,307,821,434,325,957,144,298,889,142,613,568,160,138,544,795,185,944,256,573,1020,635,127,499,36,54,30,989,685,59,55,51,44,58,60,55,45,56,55,61,57,57,56,60,53,51,50,45,59,48,49,56,45,55,50,57,50,57,62,57,59
[ 3354.688912] [AOA] Measurement: 0,1627162096.527023,08:55:31:9b:04:ac,2,1,2,0,128,326,78,1,796,883,33,495,388,933,173,819,89,670,794,77,325,582,309,230,30,436,118,85,153,639,91,536,45,39,983,319,134,58,56,53,43,58,63,52,42,56,54,60,57,56,55,59,52,50,49,44,57,46,46,54,46,56,51,55,49,58,62,58,59
[ 3354.734703] [AOA] Measurement: 0,1627162096.572808,08:55:31:9b:04:ac,2,1,2,0,128,818,935,23,838,255,791,946,147,401,956,317,940,96,609,564,100,643,338,804,223,973,286,134,165,199,327,45,237,573,193,344,958,57,54,53,37,55,60,52,38,56,53,57,53,53,53,51,49,45,45,40,56,43,41,52,39,49,41,47,42,49,54,46,48
[ 3354.773599] [AOA] Measurement: 0,1627162096.611711,08:55:31:9b:04:ac,2,1,2,0,128,907,964,977,821,841,1015,479,384,966,167,246,923,637,772,128,359,618,308,794,168,995,309,547,982,686,128,33,200,612,211,973,579,59,57,52,39,57,61,54,40,57,53,59,55,56,56,55,51,48,49,43,58,46,45,54,43,54,46,52,48,55,58,53,54
[ 3354.817698] [AOA] Measurement: 0,1627162096.655810,08:55:31:9b:04:ac,2,1,2,0,128,381,119,12,827,811,1002,473,365,960,155,862,120,598,773,68,320,163,512,811,217,995,290,149,207,215,338,121,292,620,215,983,672,58,57,53,43,58,61,53,43,58,56,62,58,57,55,58,51,49,49,45,57,47,47,55,46,54,49,53,48,57,59,56,59
[ 3354.861280] [AOA] Measurement: 0,1627162096.699389,08:55:31:9b:04:ac,2,1,2,0,128,411,155,1020,836,815,965,475,342,941,129,794,53,614,769,505,112,569,292,266,42,17,332,124,193,176,303,8,243,653,238,577,202,58,56,55,40,56,62,52,40,56,54,61,56,58,55,55,52,50,49,41,58,46,45,54,43,53,47,52,47,55,61,54,58
[ 3354.906158] [AOA] Measurement: 0,1627162096.744271,08:55:31:9b:04:ac,2,1,2,0,128,436,149,15,854,870,1019,445,349,420,1012,311,951,627,790,153,387,86,498,827,212,921,257,619,20,693,135,503,17,54,1005,506,241,57,55,54,40,56,62,52,39,57,53,58,56,56,55,54,50,47,47,41,58,44,43,52,41,54,46,52,45,54,56,54,54
[ 3354.949717] [AOA] Measurement: 0,1627162096.787821,08:55:31:9b:04:ac,2,1,2,0,128,391,113,1015,844,864,21,528,417,988,190,867,81,667,805,127,351,120,476,838,270,961,264,135,188,180,336,39,255,543,144,850,481,69,67,61,47,67,76,63,45,67,63,72,67,66,65,68,61,56,55,49,68,52,51,64,49,65,57,65,57,69,74,69,71
[ 3354.991642] [AOA] Measurement: 0,1627162096.829754,08:55:31:9b:04:ac,2,1,2,0,128,403,125,996,815,793,973,427,382,940,131,289,933,84,577,578,131,586,261,240,8,392,75,608,18,163,315,48,213,590,187,32,808,57,58,53,42,56,61,52,41,58,55,61,54,56,54,55,50,48,48,44,59,45,44,54,43,54,48,54,47,57,57,55,55
[ 3355.029076] [AOA] Measurement: 0,1627162096.867187,08:55:31:9b:04:ac,2,1,2,0,128,841,905,481,638,278,793,983,193,987,188,857,106,628,774,83,318,103,487,783,181,954,286,127,182,136,331,5,190,590,139,203,983,60,56,54,43,59,61,54,43,57,56,61,57,58,57,59,54,50,49,46,58,48,48,54,46,57,52,56,50,59,61,59,62
[ 3355.072593] [AOA] Measurement: 0,1627162096.910703,08:55:31:9b:04:ac,2,1,2,0,128,430,133,28,842,762,948,447,343,385,981,897,128,635,781,61,316,108,536,813,231,2,297,111,171,149,299,523,28,616,200,6,778,59,57,52,42,57,61,54,43,58,54,61,58,58,56,57,51,49,48,44,58,46,46,55,45,57,49,56,49,58,61,58,58
[ 3355.114017] [AOA] Measurement: 0,1627162096.952122,08:55:31:9b:04:ac,2,1,2,0,128,874,962,8,859,826,1020,893,111,378,979,284,920,21,535,540,128,97,471,869,246,979,306,79,155,213,331,28,208,608,188,652,330,58,56,54,42,57,61,54,41,57,55,60,57,57,56,58,52,50,49,44,58,47,46,54,44,55,49,54,48,55,60,58,58
[ 3355.163243] [AOA] Measurement: 0,1627162097.001347,08:55:31:9b:04:ac,2,1,2,0,128,415,126,999,832,280,816,456,340,932,173,826,83,85,605,576,131,607,324,210,14,430,116,642,1022,188,301,996,184,638,224,899,605,58,56,52,43,57,63,56,42,58,55,62,56,59,55,58,52,50,49,45,59,47,48,55,47,56,51,56,52,60,61,60,57
[ 3355.213098] [AOA] Measurement: 0,1627162097.051203,08:55:31:9b:04:ac,2,1,2,0,128,436,128,1002,826,294,832,921,115,939,115,241,895,73,574,524,112,89,508,819,206,974,313,120,181,134,287,501,18,3,982,557,221,59,57,53,44,57,62,54,43,58,55,60,57,58,56,58,53,50,49,45,58,46,48,55,46,57,50,53,49,57,61,59,58
[ 3355.257807] [AOA] Measurement: 0,1627162097.095918,08:55:31:9b:04:ac,2,1,2,0,128,467,144,974,815,844,1007,501,359,914,163,798,60,117,582,550,124,591,335,822,248,396,85,165,238,87,265,542,52,575,207,139,855,57,58,54,42,56,61,53,41,57,56,60,56,58,56,58,52,51,49,45,57,47,47,53,45,55,49,55,49,56,60,55,58
[ 3355.301314] [AOA] Measurement: 0,1627162097.139425,08:55:31:9b:04:ac,2,1,2,0,128,427,149,30,849,853,1020,482,382,938,150,864,89,77,579,128,341,58,464,207,18,32,308,131,192,162,284,20,209,610,209,328,966,58,56,52,41,55,62,53,41,57,54,60,56,56,55,56,49,48,48,44,57,44,45,52,43,56,48,53,48,56,60,54,58
[ 3355.344793] [AOA] Measurement: 0,1627162097.182901,08:55:31:9b:04:ac,2,1,2,0,128,908,972,985,813,276,786,918,158,358,937,329,960,650,789,547,120,560,282,294,57,997,283,605,1010,616,77,539,23,49,4,600,311,60,57,55,44,58,63,55,44,57,57,61,59,58,57,58,52,51,50,45,58,47,48,55,45,55,49,55,50,57,61,58,60
[ 3355.388142] [AOA] Measurement: 0,1627162097.226251,08:55:31:9b:04:ac,2,1,2,0,128,458,152,19,889,826,1021,485,368,949,132,858,101,684,815,70,291,126,521,843,222,14,335,173,214,193,336,89,281,640,220,373,37,60,57,53,43,58,63,54,42,57,55,60,58,58,56,58,52,50,49,44,58,47,47,54,44,56,49,56,49,57,58,57,59
[ 3355.431891] [AOA] Measurement: 0,1627162097.270002,08:55:31:9b:04:ac,2,1,2,0,128,377,122,28,864,820,1006,495,361,970,159,859,117,663,807,53,284,68,499,751,215,990,303,118,198,168,283,78,223,608,165,193,812,59,57,53,43,58,62,54,42,57,55,61,57,57,55,59,51,50,50,45,58,47,47,55,46,57,50,57,50,60,61,58,60
[ 3355.470115] [AOA] Measurement: 0,1627162097.308225,08:55:31:9b:04:ac,2,1,2,0,128,415,142,13,896,856,18,454,372,921,111,283,899,72,555,620,152,120,518,764,201,445,105,607,993,577,85,527,33,681,208,101,762,58,57,55,44,58,61,55,43,59,55,61,58,57,56,57,52,48,47,43,59,46,48,54,45,53,49,56,49,57,60,57,59
[ 3355.520407] [AOA] Measurement: 0,1627162097.358511,08:55:31:9b:04:ac,2,1,2,0,128,368,98,979,800,842,1014,467,370,926,136,844,110,40,582,84,309,74,508,247,44,974,280,149,212,124,299,20,241,655,242,963,705,58,57,52,43,58,62,56,42,58,56,60,58,58,57,59,53,50,50,46,59,47,47,54,46,55,49,57,50,58,58,59,59
[ 3355.562885] [AOA] Measurement: 0,1627162097.400990,08:55:31:9b:04:ac,2,1,2,0,128,418,114,18,882,803,998,957,157,383,940,874,124,646,809,524,92,135,518,786,206,968,276,579,1003,160,306,49,217,88,38,948,640,57,56,54,45,57,62,54,44,58,56,62,57,57,58,57,52,50,49,46,58,48,47,56,47,55,51,56,50,58,61,58,60
[ 3355.612423] [AOA] Measurement: 0,1627162097.450527,08:55:31:9b:04:ac,2,1,2,0,128,884,943,992,795,315,820,506,327,1000,161,841,118,561,753,530,102,549,263,199,973,497,130,566,1004,584,60,511,12,71,1017,311,28,59,55,55,43,56,60,54,42,59,54,61,57,58,55,58,50,50,50,46,59,46,47,54,44,56,49,55,49,56,60,58,58
[ 3355.662160] [AOA] Measurement: 0,1627162097.500265,08:55:31:9b:04:ac,2,1,2,0,128,374,124,33,898,808,5,475,378,850,92,802,67,84,589,568,138,542,284,244,15,967,296,144,213,142,322,38,225,570,172,43,665,57,57,52,39,56,60,51,38,58,51,58,54,56,54,53,50,48,48,41,58,46,44,52,41,53,44,51,44,53,57,52,53
[ 3355.706778] [AOA] Measurement: 0,1627162097.544883,08:55:31:9b:04:ac,2,1,2,0,128,418,140,1012,829,791,1010,461,322,925,168,259,929,637,758,529,90,585,333,220,12,417,93,178,216,260,352,30,218,40,993,10,785,58,56,54,44,57,62,54,42,58,57,61,57,58,56,58,52,49,49,46,58,47,48,55,45,54,50,56,48,57,60,55,59
[ 3355.750243] [AOA] Measurement: 0,1627162097.588354,08:55:31:9b:04:ac,2,1,2,0,128,918,1011,1,833,826,1011,436,340,386,967,305,978,663,808,72,350,67,486,771,202,399,95,156,215,614,111,29,221,7,978,948,712,69,67,60,45,66,75,60,43,67,63,71,65,67,65,65,57,53,54,46,66,47,48,60,46,62,52,58,52,63,68,64,64
[ 3355.793563] [AOA] Measurement: 0,1627162097.631674,08:55:31:9b:04:ac,2,1,2,0,128,394,106,2,818,267,753,959,170,419,1012,877,107,663,823,548,123,135,531,776,200,1004,278,152,208,172,327,1009,174,617,177,1003,656,70,67,61,47,68,76,62,46,68,64,72,66,69,65,68,59,56,55,49,68,52,52,63,49,66,56,65,57,69,72,71,73
[ 3355.835744] [AOA] Measurement: 0,1627162097.673850,08:55:31:9b:04:ac,2,1,2,0,128,376,136,6,836,222,739,984,181,466,1005,277,910,98,637,53,290,529,274,318,68,997,321,153,194,643,100,33,225,628,243,687,336,67,65,58,42,64,73,57,41,66,60,67,62,62,62,60,55,51,52,44,67,48,48,59,44,61,50,58,49,61,67,62,62
[ 3355.879740] [AOA] Measurement: 0,1627162097.717843,08:55:31:9b:04:ac,2,1,2,0,128,429,119,1004,829,235,772,976,187,384,972,293,935,608,775,552,140,618,325,796,249,1015,340,85,163,132,265,507,15,564,176,320,1022,59,57,53,42,58,63,54,41,58,55,59,56,58,57,58,53,49,48,45,58,47,47,54,43,54,47,53,48,56,59,56,57
[ 3355.922465] [AOA] Measurement: 0,1627162097.760576,08:55:31:9b:04:ac,2,1,2,0,128,416,150,16,893,860,18,459,355,878,104,829,98,632,799,124,341,539,249,284,55,1023,297,618,12,189,328,14,216,602,187,389,108,57,57,53,44,58,62,55,43,57,55,61,58,57,57,58,50,50,48,46,58,47,48,54,45,55,50,55,50,57,59,59,59
[ 3355.960091] [AOA] Measurement: 0,1627162097.798200,08:55:31:9b:04:ac,2,1,2,0,128,357,106,1,860,847,1017,435,351,400,993,876,121,633,815,54,299,576,325,804,204,454,115,128,180,126,285,118,263,575,195,93,787,58,55,51,40,55,61,54,40,57,54,59,56,58,56,56,53,49,50,44,59,46,45,54,44,52,49,55,47,55,59,56,58
[ 3356.003646] [AOA] Measurement: 0,1627162097.841757,08:55:31:9b:04:ac,2,1,2,0,128,908,998,5,844,249,777,955,209,378,988,790,50,687,807,525,89,585,319,280,43,1001,335,155,189,174,280,18,216,611,188,495,188,57,57,52,40,56,61,51,38,58,53,60,55,56,56,56,51,48,49,44,57,46,43,52,42,54,48,52,47,54,58,56,52
[ 3356.045038] [AOA] Measurement: 0,1627162097.883143,08:55:31:9b:04:ac,2,1,2,0,128,831,938,11,826,851,1015,439,361,889,143,871,123,625,814,131,340,120,490,773,179,411,75,163,224,186,325,101,278,566,185,845,534,58,57,52,42,58,62,55,41,57,56,60,57,58,55,58,51,49,47,43,58,46,46,54,43,56,48,54,49,55,60,56,58
[ 3356.095801] [AOA] Measurement: 0,1627162097.933911,08:55:31:9b:04:ac,2,1,2,0,128,927,967,440,628,286,819,941,148,439,982,279,953,101,590,547,116,582,326,285,7,449,124,605,1019,626,116,525,9,73,12,101,834,59,57,53,44,58,61,55,42,58,56,60,56,57,55,58,52,51,51,46,58,47,48,54,46,55,51,55,50,58,61,58,59
[ 3356.141199] [AOA] Measurement: 0,1627162097.979304,08:55:31:9b:04:ac,2,1,2,0,128,426,94,463,648,271,827,903,145,370,945,361,973,612,778,550,149,118,476,812,169,460,144,84,151,102,299,490,17,585,164,698,383,70,66,61,48,68,76,63,46,67,66,73,67,68,66,69,59,55,55,49,70,53,53,66,51,66,58,66,57,69,75,70,73
[ 3356.190483] [AOA] Measurement: 0,1627162098.028587,08:55:31:9b:04:ac,2,1,2,0,128,858,942,19,823,811,979,914,162,937,145,768,58,78,567,57,294,62,456,760,218,1016,274,125,192,616,111,53,261,543,163,553,256,59,57,54,43,58,62,55,43,59,55,61,59,59,56,58,52,48,50,46,57,47,47,54,45,55,50,56,50,60,62,60,60
[ 3356.228110] [AOA] Measurement: 0,1627162098.066218,08:55:31:9b:04:ac,2,1,2,0,128,449,141,984,821,836,997,493,373,929,136,843,94,663,805,106,372,111,506,825,256,446,106,658,6,140,331,85,261,561,164,834,514,57,58,52,43,58,62,54,43,59,55,62,58,58,57,58,52,49,49,43,60,45,48,54,46,57,51,55,48,59,61,57,60
[ 3356.271417] [AOA] Measurement: 0,1627162098.109527,08:55:31:9b:04:ac,2,1,2,0,128,466,175,1010,848,830,1009,433,338,385,977,267,909,106,599,545,113,112,495,792,223,944,280,84,126,660,123,70,226,47,8,913,677,69,66,59,44,65,74,59,43,66,60,70,65,67,63,67,57,52,54,47,69,50,49,60,47,65,52,59,50,62,69,64,65
[ 3356.309403] [AOA] Measurement: 0,1627162098.147513,08:55:31:9b:04:ac,2,1,2,0,128,356,79,1013,844,847,1015,429,332,910,119,306,970,67,609,549,114,590,311,765,198,990,300,147,192,142,288,65,262,590,177,874,493,70,68,61,46,68,75,62,45,68,64,73,67,68,65,69,59,55,55,48,70,52,52,64,48,65,57,65,56,68,73,68,70
[ 3356.353108] [AOA] Measurement: 0,1627162098.191216,08:55:31:9b:04:ac,2,1,2,0,128,373,118,2,803,265,818,496,342,361,943,261,893,46,548,521,138,598,321,199,1013,399,95,580,993,628,139,1012,181,29,977,419,199,59,56,54,44,59,63,55,44,59,55,61,58,60,57,60,53,50,49,45,58,47,49,55,47,57,52,56,50,59,63,61,61
[ 3356.394437] [AOA] Measurement: 0,1627162098.232542,08:55:31:9b:04:ac,2,1,2,0,128,450,169,1023,842,826,983,457,340,940,157,871,112,588,727,561,167,116,520,833,237,5,331,121,172,140,289,495,39,86,27,743,454,67,66,61,46,66,76,61,43,65,62,69,64,67,65,68,59,54,56,48,69,51,50,63,48,65,53,63,53,67,72,68,69
[ 3356.441877] [AOA] Measurement: 0,1627162098.279981,08:55:31:9b:04:ac,2,1,2,0,128,897,948,450,626,315,818,936,145,383,969,881,120,599,771,515,115,617,322,231,5,972,292,597,989,683,139,510,5,60,1014,631,313,60,56,52,44,59,62,55,44,59,55,62,57,58,57,59,53,50,51,45,57,47,47,56,46,56,50,57,51,59,60,59,60
[ 3356.494183] [AOA] Measurement: 0,1627162098.332287,08:55:31:9b:04:ac,2,1,2,0,128,898,981,455,607,272,800,941,140,409,979,293,933,638,774,581,119,96,483,217,1021,430,95,619,1002,641,109,547,11,583,164,43,846,59,57,52,44,58,61,56,43,57,56,62,56,58,57,60,54,51,50,45,58,46,49,55,47,57,50,54,49,60,62,58,63
[ 3356.536092] [AOA] Measurement: 0,1627162098.374198,08:55:31:9b:04:ac,2,1,2,0,128,416,119,1021,842,808,985,471,368,920,134,851,101,616,772,591,162,541,312,246,42,414,125,93,191,648,129,65,237,566,200,32,663,57,57,54,44,59,63,55,43,58,57,62,58,58,56,59,54,50,50,46,59,49,49,56,46,57,52,57,51,58,61,59,63
[ 3356.581246] [AOA] Measurement: 0,1627162098.419355,08:55:31:9b:04:ac,2,1,2,0,128,399,145,1004,838,811,970,960,147,327,944,342,945,645,798,540,105,607,322,823,232,1002,293,147,186,181,330,68,236,574,184,417,150,58,57,53,41,57,63,55,42,59,55,61,56,57,56,56,50,49,49,43,59,47,47,54,44,55,50,56,49,57,59,56,57
[ 3356.629017] [AOA] Measurement: 0,1627162098.467099,08:55:31:9b:04:ac,2,1,2,0,128,460,172,980,827,809,950,490,407,908,154,879,128,664,804,107,327,127,512,831,228,955,248,124,140,170,327,66,219,644,235,861,478,59,58,54,39,58,63,53,40,58,54,59,57,56,55,57,51,49,49,44,59,45,45,54,45,53,47,51,46,55,56,56,57
[ 3356.683227] [AOA] Measurement: 0,1627162098.521339,08:55:31:9b:04:ac,2,1,2,0,128,394,104,64,868,799,988,964,183,935,129,852,97,619,756,576,161,141,513,231,10,918,233,614,1010,202,338,467,6,71,43,540,342,59,57,54,43,58,63,55,44,58,55,61,58,58,56,59,52,50,51,45,59,47,47,53,46,56,50,57,50,59,61,57,60
[ 3356.726696] [AOA] Measurement: 0,1627162098.564805,08:55:31:9b:04:ac,2,1,2,0,128,385,116,1018,828,832,1015,424,361,944,129,848,90,563,757,609,171,150,537,237,30,962,295,156,198,115,295,43,209,584,181,595,250,58,55,53,40,55,62,52,40,57,54,58,55,55,55,55,51,48,49,42,58,44,45,53,43,56,45,52,47,54,58,55,54
[ 3356.769185] [AOA] Measurement: 0,1627162098.607290,08:55:31:9b:04:ac,2,1,2,0,128,888,938,446,599,325,814,979,183,413,991,830,61,669,794,100,346,79,463,220,18,962,275,591,970,693,128,559,53,609,229,934,653,57,56,53,38,54,61,51,38,57,52,59,53,56,53,53,51,47,48,41,57,44,44,53,42,53,44,52,46,54,55,55,55
[ 3356.807335] [AOA] Measurement: 0,1627162098.645445,08:55:31:9b:04:ac,2,1,2,0,128,439,153,990,808,848,992,461,325,407,964,339,957,678,807,594,136,81,506,808,207,984,310,141,191,113,269,17,215,607,190,601,376,58,54,54,47,57,61,55,43,56,56,61,56,59,56,60,52,50,49,46,56,48,48,56,47,57,53,57,52,59,60,60,64
[ 3356.851621] [AOA] Measurement: 0,1627162098.689733,08:55:31:9b:04:ac,2,1,2,0,128,395,123,441,601,322,831,471,348,951,139,861,84,630,758,480,102,97,472,180,989,390,63,587,1003,591,83,33,213,604,176,905,602,56,55,51,37,56,61,50,38,55,51,56,51,53,54,50,48,45,47,40,56,42,42,49,40,51,42,48,42,52,53,49,50
[ 3356.895349] [AOA] Measurement: 0,1627162098.733458,08:55:31:9b:04:ac,2,1,2,0,128,368,63,989,826,271,807,913,127,374,981,314,935,153,619,48,306,76,491,296,41,998,325,109,167,178,315,1020,174,597,174,890,542,57,57,53,44,57,62,55,43,56,54,59,58,59,55,60,51,50,49,45,59,49,47,53,45,55,50,54,50,58,60,59,59
[ 3356.938630] [AOA] Measurement: 0,1627162098.776739,08:55:31:9b:04:ac,2,1,2,0,128,433,163,955,821,867,989,474,357,920,114,237,893,83,568,138,346,132,537,836,260,0,310,137,222,206,359,28,230,617,220,201,866,58,57,54,44,58,61,55,43,58,56,61,57,58,57,60,55,50,49,47,59,47,48,55,47,58,52,58,52,59,62,59,64
[ 3356.982325] [AOA] Measurement: 0,1627162098.820430,08:55:31:9b:04:ac,2,1,2,0,128,377,138,1019,841,789,972,497,376,361,952,277,912,71,582,93,310,626,352,760,173,1023,345,111,199,187,338,56,250,581,173,239,4,60,56,55,42,57,62,56,42,58,56,61,58,59,58,60,53,52,49,46,58,46,48,55,46,56,51,56,50,58,61,59,62
[ 3357.030499] [AOA] Measurement: 0,1627162098.868608,08:55:31:9b:04:ac,2,1,2,0,128,420,150,0,870,786,961,465,361,952,145,858,116,593,780,84,324,88,493,228,30,1020,326,101,190,175,314,56,216,611,199,516,128,59,56,54,42,58,61,54,42,59,54,60,56,57,56,57,52,48,49,44,58,45,46,53,43,56,50,54,48,55,59,57,57
[ 3357.068085] [AOA] Measurement: 0,1627162098.906195,08:55:31:9b:04:ac,2,1,2,0,128,416,114,1021,822,864,1015,440,369,943,159,276,947,636,779,552,121,605,339,825,249,1001,350,83,170,617,95,552,39,71,21,430,141,59,56,52,41,57,61,51,39,56,53,59,55,56,54,56,50,47,49,42,59,45,46,53,44,54,47,54,46,54,57,52,56
[ 3357.111585] [AOA] Measurement: 0,1627162098.949690,08:55:31:9b:04:ac,2,1,2,0,128,906,1006,1016,841,257,799,895,133,366,961,320,955,641,786,524,131,631,313,243,48,415,95,605,998,707,147,485,6,150,50,742,512,57,57,53,41,58,63,53,41,58,56,60,57,57,56,59,51,49,49,45,58,46,47,53,45,55,49,54,49,58,61,56,59
[ 3357.158767] [AOA] Measurement: 0,1627162098.996876,08:55:31:9b:04:ac,2,1,2,0,128,407,121,976,799,239,803,935,152,949,139,305,921,105,589,583,139,518,268,250,38,941,256,644,1023,616,100,442,993,55,1011,1014,669,58,56,53,42,57,62,54,42,58,54,61,57,58,56,59,52,50,49,45,58,46,47,55,46,55,49,55,50,59,61,57,60
[ 3357.202047] [AOA] Measurement: 0,1627162099.040159,08:55:31:9b:04:ac,2,1,2,0,128,391,111,456,614,261,816,454,323,948,154,825,92,103,607,498,115,641,338,234,6,424,64,178,210,156,307,988,169,650,219,939,714,58,57,54,42,56,62,52,40,56,53,59,55,57,55,56,50,48,47,42,58,45,44,52,42,52,46,52,45,55,58,55,52
[ 3357.242729] [AOA] Measurement: 0,1627162099.080834,08:55:31:9b:04:ac,2,1,2,0,128,394,109,1021,819,307,833,921,190,379,981,291,907,82,555,572,123,615,349,823,212,425,132,159,170,629,69,561,60,33,0,988,686,59,56,53,43,58,63,54,43,57,56,62,58,57,57,59,52,50,50,44,58,47,47,55,46,56,49,56,50,59,60,59,60
[ 3357.287920] [AOA] Measurement: 0,1627162099.126029,08:55:31:9b:04:ac,2,1,2,0,128,364,101,1006,801,240,800,978,173,390,969,852,80,646,742,73,314,550,295,244,18,392,52,604,997,617,57,544,60,27,1013,527,285,68,65,60,43,66,74,59,41,67,62,68,63,65,63,62,56,53,53,45,67,49,47,61,45,61,50,59,49,62,66,63,62
[ 3357.331376] [AOA] Measurement: 0,1627162099.169485,08:55:31:9b:04:ac,2,1,2,0,128,415,144,1015,830,769,935,514,375,889,125,878,84,624,762,74,320,94,456,237,21,438,109,126,191,141,307,38,259,557,148,481,147,67,64,57,40,63,73,58,39,65,61,68,62,63,61,62,56,52,52,44,66,48,46,58,44,60,50,57,48,60,64,59,60
[ 3357.375111] [AOA] Measurement: 0,1627162099.213223,08:55:31:9b:04:ac,2,1,2,0,128,386,78,43,857,845,2,463,373,886,123,846,117,569,705,603,167,565,270,269,42,953,259,146,214,191,331,75,240,622,193,608,231,69,67,59,44,66,75,61,44,67,62,70,66,66,64,66,58,54,54,47,68,49,51,60,47,63,52,61,54,65,71,66,68
[ 3357.418028] [AOA] Measurement: 0,1627162099.256138,08:55:31:9b:04:ac,2,1,2,0,128,840,958,528,671,289,810,981,179,976,157,282,917,85,580,593,132,106,505,789,220,467,115,629,11,130,300,37,224,568,198,723,411,69,66,60,45,66,73,60,43,68,64,70,66,65,64,66,59,54,53,48,67,52,50,62,47,64,54,61,54,67,72,67,69
[ 3357.465991] [AOA] Measurement: 0,1627162099.304095,08:55:31:9b:04:ac,2,1,2,0,128,888,943,470,627,295,812,938,168,400,961,300,887,88,589,587,169,125,509,252,1013,457,138,565,997,650,129,475,1012,31,1015,6,807,66,66,59,41,64,71,56,39,65,60,67,62,63,61,63,56,51,54,44,67,47,47,59,46,60,51,58,50,63,68,62,63
[ 3357.511640] [AOA] Measurement: 0,1627162099.349751,08:55:31:9b:04:ac,2,1,2,0,128,889,975,484,631,288,803,957,177,429,952,287,932,627,810,596,169,556,315,194,1008,436,70,596,975,593,73,548,22,63,4,709,422,57,57,53,39,56,60,51,36,56,51,56,54,53,54,52,48,45,46,41,56,42,43,51,41,50,43,50,43,52,55,50,50
[ 3357.552459] [AOA] Measurement: 0,1627162099.390563,08:55:31:9b:04:ac,2,1,2,0,128,398,112,21,857,268,805,415,326,432,998,306,949,79,584,520,99,610,307,221,34,470,130,595,1012,657,141,36,228,581,195,252,932,58,57,54,42,57,63,53,41,56,56,61,56,55,57,56,50,49,49,45,57,47,47,54,44,53,48,54,49,58,60,57,58
[ 3357.594500] [AOA] Measurement: 0,1627162099.432605,08:55:31:9b:04:ac,2,1,2,0,128,392,132,6,833,869,964,468,358,943,166,839,97,658,780,102,299,133,527,794,231,972,272,168,210,100,277,17,198,31,1016,996,731,58,55,51,43,56,61,53,42,56,55,59,57,59,58,59,52,50,49,46,58,46,47,53,44,54,50,55,49,58,60,60,59
[ 3357.638702] [AOA] Measurement: 0,1627162099.476811,08:55:31:9b:04:ac,2,1,2,0,128,878,963,993,806,304,813,449,376,320,934,287,966,86,572,629,177,114,513,264,15,396,90,599,992,604,143,497,1022,76,11,700,461,58,55,55,42,58,61,53,41,57,56,59,57,57,54,57,51,48,50,44,58,46,47,53,44,54,48,54,47,57,58,57,55
[ 3357.682033] [AOA] Measurement: 0,1627162099.520142,08:55:31:9b:04:ac,2,1,2,0,128,432,178,429,629,275,813,968,206,925,136,866,88,611,771,79,321,62,502,789,191,387,58,577,982,600,119,523,27,602,186,800,512,59,59,54,44,58,61,54,43,59,54,59,56,57,56,57,53,50,50,45,58,47,47,54,44,55,49,55,49,57,59,55,58
[ 3357.731387] [AOA] Measurement: 0,1627162099.569492,08:55:31:9b:04:ac,2,1,2,0,128,852,937,514,631,276,771,945,162,374,945,245,871,57,535,618,148,533,295,262,66,936,261,564,1003,614,78,529,5,112,2,952,692,59,56,54,41,57,61,54,40,58,56,60,57,56,56,57,52,49,50,45,58,47,47,54,42,53,49,53,48,58,60,56,55
[ 3357.780680] [AOA] Measurement: 0,1627162099.618785,08:55:31:9b:04:ac,2,1,2,0,128,910,990,1023,870,748,982,486,387,1004,156,852,84,630,756,55,282,582,314,202,21,466,106,590,1013,600,93,536,23,614,186,475,165,57,55,54,39,56,61,51,39,57,53,59,54,54,56,54,51,48,49,42,56,45,44,52,41,54,45,52,46,54,57,54,54
[ 3357.822236] [AOA] Measurement: 0,1627162099.660341,08:55:31:9b:04:ac,2,1,2,0,128,418,112,37,857,800,976,948,214,915,126,281,945,97,592,584,153,72,504,789,202,980,277,151,233,178,314,55,230,610,185,23,698,59,58,53,40,56,61,53,38,57,55,59,56,57,55,55,50,48,48,43,58,46,45,53,42,54,46,51,46,55,60,54,55
[ 3357.867017] [AOA] Measurement: 0,1627162099.705129,08:55:31:9b:04:ac,2,1,2,0,128,897,978,26,849,815,961,515,392,957,154,833,119,672,797,513,82,88,475,267,36,367,42,604,12,162,300,21,224,558,143,1005,751,69,66,61,46,66,75,60,42,67,62,69,65,65,63,65,58,55,55,48,67,51,50,62,46,62,51,60,52,64,69,63,67
[ 3357.910152] [AOA] Measurement: 0,1627162099.748263,08:55:31:9b:04:ac,2,1,2,0,128,412,129,1018,832,839,997,497,402,959,156,826,70,614,740,599,171,82,476,251,29,981,272,606,1020,194,334,1021,209,572,178,590,342,58,56,53,43,56,61,54,42,58,53,61,58,58,56,58,52,50,49,44,59,47,46,54,44,54,48,55,48,56,57,53,56
[ 3357.954065] [AOA] Measurement: 0,1627162099.792173,08:55:31:9b:04:ac,2,1,2,0,128,354,82,47,885,851,1012,927,171,954,133,877,90,627,764,89,317,95,497,812,193,985,302,591,18,655,134,482,12,594,194,927,640,60,57,54,44,58,61,56,42,58,56,60,57,57,57,60,53,49,50,46,59,48,48,55,45,55,49,56,49,58,60,58,58
[ 3357.996429] [AOA] Measurement: 0,1627162099.834534,08:55:31:9b:04:ac,2,1,2,0,128,349,93,1012,802,851,974,481,353,946,140,261,902,682,799,552,158,120,510,257,32,449,115,625,9,647,117,464,1014,72,19,874,676,58,56,54,46,57,62,55,43,56,55,62,57,58,56,60,52,49,50,44,59,47,47,54,46,53,50,54,50,55,61,59,60
[ 3358.039513] [AOA] Measurement: 0,1627162099.877618,08:55:31:9b:04:ac,2,1,2,0,128,377,100,472,669,216,743,1017,202,392,981,312,906,96,593,89,305,53,468,738,149,376,80,620,1002,662,125,530,13,19,1013,112,946,59,58,53,41,56,61,52,39,56,55,59,55,55,55,54,50,50,48,41,57,46,45,54,42,54,47,51,46,54,60,57,57
[ 3358.081785] [AOA] Measurement: 0,1627162099.919896,08:55:31:9b:04:ac,2,1,2,0,128,413,113,986,812,797,969,985,175,951,137,832,77,635,788,70,309,136,518,759,214,8,335,135,190,156,277,10,216,631,210,35,719,69,66,61,43,67,76,60,43,67,61,71,66,67,65,67,57,53,53,48,67,49,50,61,48,64,54,62,52,65,70,68,69
[ 3358.119322] [AOA] Measurement: 0,1627162099.957433,08:55:31:9b:04:ac,2,1,2,0,128,939,985,998,833,294,820,953,145,389,957,280,909,112,613,566,135,131,480,824,245,974,287,122,227,154,310,24,189,584,168,684,484,69,66,62,45,66,74,59,44,70,64,72,67,67,64,68,58,55,55,49,69,52,51,63,49,65,55,63,55,68,71,69,69
[ 3358.164392] [AOA] Measurement: 0,1627162100.002497,08:55:31:9b:04:ac,2,1,2,0,128,399,138,4,795,315,830,483,345,976,185,808,73,649,793,566,162,66,485,829,242,958,275,86,147,173,334,459,1009,113,53,96,846,59,58,55,44,58,62,54,42,58,55,60,58,58,57,58,53,52,50,45,58,49,48,55,47,55,52,57,50,59,62,60,60
[ 3358.212423] [AOA] Measurement: 0,1627162100.050534,08:55:31:9b:04:ac,2,1,2,0,128,904,943,442,615,305,818,491,367,401,961,292,937,634,796,107,357,95,483,761,181,1013,306,122,170,625,113,485,3,96,41,546,280,58,57,52,45,59,60,55,44,59,55,62,58,58,55,61,52,50,48,45,56,47,47,55,46,54,52,55,50,58,61,57,62
[ 3358.250965] [AOA] Measurement: 0,1627162100.089069,08:55:31:9b:04:ac,2,1,2,0,128,416,117,998,841,836,990,461,369,918,145,843,113,629,776,83,323,102,534,761,218,993,308,112,155,239,363,50,241,626,226,669,342,69,66,61,44,68,75,61,44,68,64,72,66,67,66,69,60,56,55,49,70,52,53,63,49,67,57,65,56,69,74,69,72
[ 3358.303604] [AOA] Measurement: 0,1627162100.141708,08:55:31:9b:04:ac,2,1,2,0,128,383,100,495,670,804,969,447,342,922,160,820,84,64,601,576,90,593,293,775,184,1000,304,586,1019,646,135,6,181,596,182,524,240,68,66,59,49,66,72,61,46,66,64,73,68,67,65,67,59,54,53,49,67,52,53,63,49,65,55,66,56,68,72,70,71
[ 3358.347607] [AOA] Measurement: 0,1627162100.185717,08:55:31:9b:04:ac,2,1,2,0,128,411,105,989,819,318,831,945,196,403,990,888,120,622,796,518,61,657,339,271,38,1017,326,121,148,632,124,6,200,599,183,260,946,58,57,55,41,58,63,54,41,58,55,58,56,56,56,57,51,50,48,44,58,46,45,54,44,54,48,53,48,57,60,56,56
[ 3358.391271] [AOA] Measurement: 0,1627162100.229383,08:55:31:9b:04:ac,2,1,2,0,128,441,109,28,855,869,3,494,377,948,168,880,105,607,767,124,346,116,483,808,270,996,302,103,193,221,365,4,221,646,205,631,267,58,57,49,36,55,61,51,39,57,52,58,54,55,54,53,49,46,47,40,55,44,42,52,39,51,44,48,42,50,53,49,49
[ 3358.434797] [AOA] Measurement: 0,1627162100.272906,08:55:31:9b:04:ac,2,1,2,0,128,890,921,483,668,272,803,919,154,376,974,275,936,109,633,579,145,649,366,244,20,1004,288,141,210,171,320,16,231,534,151,322,58,58,58,53,42,58,62,53,43,59,55,61,57,58,56,57,52,50,50,45,58,45,46,54,44,55,48,52,49,56,60,55,58
[ 3358.478158] [AOA] Measurement: 0,1627162100.316268,08:55:31:9b:04:ac,2,1,2,0,128,402,91,1021,816,830,973,483,328,947,132,832,110,603,780,502,122,552,313,227,21,463,94,608,1004,630,114,9,165,42,15,162,947,68,65,60,45,66,75,62,44,67,64,71,65,66,64,64,56,54,53,47,68,50,50,61,48,62,51,59,52,63,68,66,66
[ 3358.521298] [AOA] Measurement: 0,1627162100.359407,08:55:31:9b:04:ac,2,1,2,0,128,835,932,394,606,281,839,933,150,418,981,253,930,72,549,573,139,614,337,200,9,452,94,118,173,157,305,66,214,21,987,387,107,57,56,54,42,57,63,53,41,58,54,60,57,57,55,58,51,48,48,43,57,47,46,55,44,55,49,52,49,58,59,57,56
[ 3358.564329] [AOA] Measurement: 0,1627162100.402440,08:55:31:9b:04:ac,2,1,2,0,128,406,127,489,646,251,797,998,189,391,959,277,938,617,754,71,299,90,461,272,35,464,129,622,38,149,331,14,204,651,238,896,529,58,57,53,44,56,61,54,44,57,54,60,58,59,57,61,52,49,48,43,59,47,48,54,47,57,51,55,51,59,61,61,62
[ 3358.601743] [AOA] Measurement: 0,1627162100.439855,08:55:31:9b:04:ac,2,1,2,0,128,936,984,451,635,863,1003,925,156,382,953,846,81,67,583,528,97,547,273,219,16,455,97,580,1006,617,84,454,5,94,14,2,731,58,54,54,42,58,62,54,43,57,54,61,58,58,55,58,52,49,49,45,59,46,48,54,45,56,50,55,50,59,62,58,57
[ 3358.638998] [AOA] Measurement: 0,1627162100.477108,08:55:31:9b:04:ac,2,1,2,0,128,429,139,1009,854,785,967,912,159,939,140,813,75,620,762,96,348,99,525,837,238,19,325,104,208,98,245,17,208,599,192,481,199,58,55,53,42,59,63,53,41,57,55,58,56,57,56,57,51,49,50,45,59,46,46,54,44,54,48,53,48,54,58,58,56
[ 3358.682197] [AOA] Measurement: 0,1627162100.520308,08:55:31:9b:04:ac,2,1,2,0,128,421,133,1005,810,302,793,465,354,961,138,812,95,696,820,561,119,110,468,827,245,968,293,526,971,666,127,88,248,580,182,634,334,57,58,54,41,58,62,54,42,58,56,61,57,57,57,56,52,49,49,44,60,47,47,54,46,56,50,54,49,58,61,57,59
[ 3358.719970] [AOA] Measurement: 0,1627162100.558079,08:55:31:9b:04:ac,2,1,2,0,128,879,930,468,645,291,826,472,340,975,162,277,886,61,546,551,106,578,273,264,31,417,87,140,192,119,312,1015,193,58,12,937,655,57,55,53,42,55,61,52,41,58,55,60,57,56,55,56,52,48,49,44,60,46,46,54,43,57,47,55,48,58,61,58,59
[ 3358.757892] [AOA] Measurement: 0,1627162100.596004,08:55:31:9b:04:ac,2,1,2,0,128,405,142,993,818,828,16,871,125,388,949,897,116,648,786,56,312,114,509,753,194,981,290,593,995,217,350,51,197,579,169,603,280,59,57,55,42,57,62,55,43,59,55,60,58,58,57,57,52,50,50,44,60,47,48,56,46,56,49,54,49,59,61,59,60
[ 3358.800857] [AOA] Measurement: 0,1627162100.638968,08:55:31:9b:04:ac,2,1,2,0,128,363,95,1016,878,863,1021,488,393,927,133,869,113,657,789,79,315,41,447,267,20,1014,336,91,187,168,316,28,213,602,198,577,176,59,57,53,44,58,61,53,43,57,56,59,59,59,56,59,54,49,50,46,60,48,49,55,44,57,50,55,51,58,60,59,61
[ 3358.838816] [AOA] Measurement: 0,1627162100.676928,08:55:31:9b:04:ac,2,1,2,0,128,368,123,1008,797,854,6,451,369,956,155,858,99,657,813,99,356,126,526,725,186,996,298,133,213,196,316,25,221,610,197,855,430,69,67,61,47,68,75,63,45,69,65,73,68,66,66,70,60,56,56,47,69,53,51,64,50,65,57,65,56,69,72,70,71
[ 3358.882902] [AOA] Measurement: 0,1627162100.721007,08:55:31:9b:04:ac,2,1,2,0,128,882,931,479,641,272,829,981,181,394,991,316,938,595,753,562,139,144,512,222,1016,429,125,580,1020,662,186,478,13,615,207,529,260,57,57,53,40,57,63,55,40,56,55,61,56,55,57,55,53,48,49,44,57,46,46,53,45,54,48,53,49,56,59,56,58
[ 3358.932809] [AOA] Measurement: 0,1627162100.770914,08:55:31:9b:04:ac,2,1,2,0,128,382,94,23,846,854,987,954,206,1007,170,825,99,597,757,87,329,94,516,855,274,951,252,154,223,141,291,48,265,581,180,45,682,59,57,54,42,58,59,54,42,56,55,60,56,58,56,59,50,49,49,44,58,48,47,55,45,54,48,53,49,58,60,58,59
[ 3358.974234] [AOA] Measurement: 0,1627162100.812338,08:55:31:9b:04:ac,2,1,2,0,128,420,127,446,642,840,1002,443,351,399,959,279,933,57,583,519,78,588,327,233,29,1014,326,98,187,118,280,61,225,662,228,997,617,56,56,53,38,56,62,52,40,58,53,59,53,56,55,55,52,49,48,43,59,46,44,53,42,54,46,52,47,55,55,51,54
[ 3359.020517] [AOA] Measurement: 0,1627162100.858620,08:55:31:9b:04:ac,2,1,2,0,128,433,179,1012,863,830,982,477,365,926,125,813,70,47,571,605,163,64,455,215,23,938,265,150,179,170,295,39,224,37,1007,984,579,59,55,54,45,58,61,53,42,58,54,60,57,58,58,59,52,50,49,44,58,47,47,55,47,55,52,55,50,58,60,58,60
[ 3359.064005] [AOA] Measurement: 0,1627162100.902114,08:55:31:9b:04:ac,2,1,2,0,128,437,179,12,862,791,978,506,398,963,155,823,58,624,730,59,294,566,303,231,50,439,117,635,1022,658,149,1013,186,627,189,356,31,57,56,55,41,58,62,55,41,58,54,60,56,58,54,55,49,48,49,43,55,45,44,52,44,55,48,53,48,56,59,54,55
[ 3359.107716] [AOA] Measurement: 0,1627162100.945820,08:55:31:9b:04:ac,2,1,2,0,128,765,897,481,633,259,800,983,170,877,86,307,936,84,594,104,315,562,306,846,251,965,271,83,159,143,305,3,179,599,188,45,799,69,67,62,48,68,76,63,46,68,65,73,68,69,66,69,59,55,57,49,68,51,53,64,50,66,57,66,58,69,74,71,73
[ 3359.149123] [AOA] Measurement: 0,1627162100.987235,08:55:31:9b:04:ac,2,1,2,0,128,458,186,1007,824,814,990,430,321,416,973,312,950,633,771,79,314,216,590,827,243,44,357,75,144,155,282,53,226,575,221,407,49,57,56,54,41,57,61,54,42,59,55,60,56,56,56,59,52,51,49,44,59,47,47,56,47,55,49,55,48,57,60,57,58
[ 3359.193431] [AOA] Measurement: 0,1627162101.031536,08:55:31:9b:04:ac,2,1,2,0,128,370,132,987,827,838,1007,401,329,908,119,845,90,686,812,556,98,542,249,207,13,478,166,606,0,160,296,509,22,80,39,815,505,56,55,53,44,57,59,54,42,58,56,61,58,58,57,60,52,51,50,45,58,47,48,55,44,56,50,56,51,59,62,58,61
[ 3359.248082] [AOA] Measurement: 0,1627162101.086193,08:55:31:9b:04:ac,2,1,2,0,128,397,114,486,671,840,1001,467,342,875,83,346,977,586,739,548,118,564,301,256,12,451,109,137,170,581,94,496,3,75,43,960,662,70,65,60,48,67,75,63,46,68,63,71,66,66,63,69,59,57,54,47,68,50,51,63,48,65,55,65,56,69,72,69,73
[ 3359.291157] [AOA] Measurement: 0,1627162101.129268,08:55:31:9b:04:ac,2,1,2,0,128,878,996,449,612,320,806,893,125,345,947,287,905,63,564,532,98,572,305,207,6,399,81,624,24,605,120,495,26,45,1012,59,781,69,65,58,41,64,73,57,40,67,61,69,63,64,64,63,57,53,51,45,68,49,49,61,47,61,50,61,52,64,69,66,67
[ 3359.334395] [AOA] Measurement: 0,1627162101.172507,08:55:31:9b:04:ac,2,1,2,0,128,362,113,996,824,817,995,497,379,933,130,788,79,688,807,542,161,48,486,752,232,990,303,147,176,216,342,43,210,9,996,861,597,68,65,60,44,66,74,59,42,67,63,69,65,65,62,65,59,53,55,45,68,50,49,62,47,62,53,60,50,63,67,63,66
[ 3359.377643] [AOA] Measurement: 0,1627162101.215752,08:55:31:9b:04:ac,2,1,2,0,128,911,966,468,670,203,780,965,159,389,978,283,919,107,586,538,155,560,290,233,12,419,71,601,996,582,73,490,32,17,1009,514,227,58,57,52,42,56,61,54,41,58,55,60,56,58,57,57,52,48,49,43,58,47,46,54,43,54,47,54,49,56,59,56,58
[ 3359.421476] [AOA] Measurement: 0,1627162101.259584,08:55:31:9b:04:ac,2,1,2,0,128,393,103,1006,829,838,1010,467,351,908,129,908,137,643,800,50,301,131,550,803,236,435,126,129,196,146,337,23,251,590,196,170,778,69,66,61,45,67,76,60,43,68,64,71,67,65,64,67,59,56,55,48,70,50,50,63,48,65,55,64,56,67,72,69,70
[ 3359.471106] [AOA] Measurement: 0,1627162101.309211,08:55:31:9b:04:ac,2,1,2,0,128,413,113,986,878,848,1012,436,363,962,162,845,103,660,788,49,303,135,543,751,229,999,323,133,213,157,305,994,199,621,185,812,391,59,57,53,44,57,60,55,43,58,55,62,57,59,57,59,53,49,51,46,58,48,48,54,44,55,50,55,50,58,61,58,60
[ 3359.518248] [AOA] Measurement: 0,1627162101.356359,08:55:31:9b:04:ac,2,1,2,0,128,357,105,5,851,847,989,921,187,373,937,287,885,122,615,495,91,550,263,273,1022,14,330,81,171,129,290,87,255,631,206,955,618,59,57,53,43,56,62,54,42,57,54,61,56,57,54,57,51,48,49,44,56,46,47,55,45,54,48,55,46,57,58,55,58
[ 3359.566153] [AOA] Measurement: 0,1627162101.404258,08:55:31:9b:04:ac,2,1,2,0,128,405,187,954,800,278,819,441,397,1004,210,813,76,654,793,71,303,171,549,771,203,982,294,563,1018,236,356,33,229,627,218,466,126,57,55,52,40,55,62,52,38,56,52,58,56,55,55,55,52,47,50,42,58,43,45,52,44,55,47,53,45,54,57,54,52
[ 3359.609890] [AOA] Measurement: 0,1627162101.448000,08:55:31:9b:04:ac,2,1,2,0,128,808,944,490,617,265,791,924,139,450,1018,790,46,106,616,588,134,151,516,812,216,1013,307,593,16,644,129,1018,217,609,227,462,181,69,66,60,45,66,75,61,43,67,64,72,66,66,65,68,59,54,54,48,69,51,51,63,50,66,55,64,55,65,72,68,70
[ 3359.653998] [AOA] Measurement: 0,1627162101.492110,08:55:31:9b:04:ac,2,1,2,0,128,378,118,1023,820,283,808,923,167,399,972,853,124,632,777,70,295,86,487,821,218,1018,319,130,206,197,355,47,225,554,160,527,253,58,58,54,44,58,61,56,43,57,55,61,58,59,56,58,53,51,48,44,59,46,46,56,46,55,51,55,50,58,62,57,59
[ 3359.695822] [AOA] Measurement: 0,1627162101.533927,08:55:31:9b:04:ac,2,1,2,0,128,862,958,435,628,270,802,948,142,364,944,261,911,67,569,556,90,556,298,161,1018,374,53,616,1012,204,327,36,224,76,49,167,849,59,57,54,43,57,61,53,42,58,55,60,58,57,54,58,52,50,49,45,59,47,47,55,44,55,49,55,49,57,60,57,57
[ 3359.738310] [AOA] Measurement: 0,1627162101.576415,08:55:31:9b:04:ac,2,1,2,0,128,413,154,984,822,811,996,504,404,953,151,829,78,617,781,592,132,82,460,849,225,946,287,161,218,173,312,92,255,581,199,50,697,58,58,54,47,59,62,55,44,59,55,61,57,59,56,59,54,50,50,45,58,47,48,53,45,55,52,57,51,58,61,58,62
[ 3359.781556] [AOA] Measurement: 0,1627162101.619661,08:55:31:9b:04:ac,2,1,2,0,128,868,966,51,844,287,808,984,177,943,112,264,935,99,555,529,116,563,287,214,1005,404,101,571,1009,615,99,544,51,586,148,450,159,59,59,53,42,59,62,53,41,58,55,60,57,57,56,57,52,51,51,44,58,47,47,55,45,55,48,53,48,56,60,57,56
[ 3359.828287] [AOA] Measurement: 0,1627162101.666399,08:55:31:9b:04:ac,2,1,2,0,128,966,1002,963,827,279,833,978,166,942,117,283,898,130,633,77,288,123,483,204,10,987,283,120,163,174,330,1011,190,619,218,811,545,58,57,53,42,57,61,54,42,57,55,61,59,58,55,58,51,48,48,45,57,47,46,53,44,54,49,54,49,57,60,58,59
[ 3359.924261] [AOA] Measurement: 0,1627162101.762367,08:55:31:9b:04:ac,2,1,2,0,128,868,952,1021,846,818,995,433,345,929,132,835,75,636,735,607,146,82,490,822,242,980,290,108,174,147,277,32,215,603,158,128,891,57,58,54,41,57,61,52,40,58,54,60,55,58,54,54,51,48,48,43,57,44,43,55,43,53,46,54,47,56,57,54,52
[ 3359.975824] [AOA] Measurement: 0,1627162101.813928,08:55:31:9b:04:ac,2,1,2,0,128,447,167,27,831,705,966,516,434,918,130,856,89,639,805,35,292,147,551,846,252,990,299,114,184,150,359,19,228,598,172,84,820,58,58,53,42,58,61,54,43,57,55,60,57,58,56,58,52,49,50,43,58,47,47,54,45,55,49,55,51,57,59,58,59
[ 3360.025945] [AOA] Measurement: 0,1627162101.864050,08:55:31:9b:04:ac,2,1,2,0,128,396,123,977,801,844,981,885,116,388,999,865,120,648,815,77,337,79,479,800,221,950,272,96,178,148,289,42,274,567,208,84,761,58,56,53,44,58,62,53,44,58,55,61,59,59,57,59,51,51,49,45,58,48,49,55,46,56,50,57,50,58,61,58,60
[ 3360.078167] [AOA] Measurement: 0,1627162101.916271,08:55:31:9b:04:ac,2,1,2,0,128,922,961,453,611,276,829,473,386,963,151,808,95,631,785,499,119,94,490,233,1023,453,91,586,988,605,113,556,38,1017,1007,165,984,70,67,61,47,66,77,62,45,68,66,73,68,67,66,70,60,55,55,49,68,52,52,64,50,65,56,64,57,70,74,68,71
[ 3360.128796] [AOA] Measurement: 0,1627162101.966901,08:55:31:9b:04:ac,2,1,2,0,128,399,135,3,839,825,1019,415,307,939,130,830,119,663,805,55,321,134,527,789,227,1012,326,183,217,121,321,76,271,618,187,637,235,68,65,60,41,65,74,59,41,67,62,69,62,66,65,65,58,54,54,46,69,49,48,61,46,62,51,60,50,63,67,66,64
[ 3360.171369] [AOA] Measurement: 0,1627162102.009473,08:55:31:9b:04:ac,2,1,2,0,128,436,111,435,610,796,974,1003,207,908,120,844,121,647,787,578,127,557,288,231,21,487,141,584,1010,627,136,502,20,616,194,254,1006,68,66,61,46,65,74,59,43,67,64,69,63,64,64,66,58,55,54,46,68,51,49,61,45,63,53,61,52,65,71,64,66
[ 3360.219977] [AOA] Measurement: 0,1627162102.058087,08:55:31:9b:04:ac,2,1,2,0,128,935,977,484,623,208,776,945,158,466,1005,861,104,563,704,612,187,97,494,178,985,458,116,121,186,660,122,474,1022,70,13,645,369,69,65,60,44,66,75,60,42,67,63,70,64,66,64,64,58,54,55,46,68,50,49,61,46,61,52,60,52,66,69,66,65
[ 3360.257891] [AOA] Measurement: 0,1627162102.096002,08:55:31:9b:04:ac,2,1,2,0,128,423,99,495,668,892,40,455,360,930,121,319,936,133,621,561,114,565,304,159,984,445,126,569,987,621,157,485,25,604,193,770,504,58,57,54,44,57,62,53,41,58,54,61,57,59,57,58,52,50,50,43,58,47,47,55,44,53,50,56,49,57,61,56,58
[ 3360.301031] [AOA] Measurement: 0,1627162102.139141,08:55:31:9b:04:ac,2,1,2,0,128,406,135,13,851,880,27,470,391,981,168,861,97,698,829,57,319,152,513,783,194,987,322,157,221,170,281,66,265,605,198,416,42,58,57,54,42,57,61,54,41,57,54,61,56,58,56,57,52,48,49,45,58,46,47,55,45,55,49,53,49,58,59,56,57
[ 3360.338358] [AOA] Measurement: 0,1627162102.176468,08:55:31:9b:04:ac,2,1,2,0,128,387,98,994,822,776,959,963,183,909,102,322,933,65,567,572,147,80,521,800,207,959,320,110,185,128,298,18,214,561,158,776,540,59,57,53,42,57,62,52,41,57,54,59,57,57,55,59,52,51,49,44,58,46,46,53,44,56,48,54,48,55,60,56,58
[ 3360.381458] [AOA] Measurement: 0,1627162102.219563,08:55:31:9b:04:ac,2,1,2,0,128,945,1018,435,623,301,818,946,193,989,166,876,113,561,715,599,167,576,295,211,24,942,252,102,187,642,145,515,35,9,988,462,166,57,55,52,37,55,61,52,38,56,51,58,53,56,54,53,47,45,46,41,56,43,42,51,39,51,45,51,44,51,51,53,50
[ 3360.424135] [AOA] Measurement: 0,1627162102.262240,08:55:31:9b:04:ac,2,1,2,0,128,451,140,978,817,810,985,948,183,416,967,348,963,101,606,86,333,176,528,814,235,1011,296,119,173,126,323,50,229,608,221,498,265,58,56,53,42,54,60,53,40,57,53,60,56,59,56,60,53,49,49,43,58,47,47,54,44,55,49,55,50,58,59,58,59
[ 3360.474187] [AOA] Measurement: 0,1627162102.312291,08:55:31:9b:04:ac,2,1,2,0,128,403,107,24,867,802,972,470,362,918,182,849,94,621,752,107,319,138,523,777,197,15,326,181,237,209,396,26,203,693,258,288,844,59,57,54,42,57,62,53,42,56,55,60,55,57,57,57,53,50,50,44,59,47,46,54,44,53,48,55,47,56,58,54,56
[ 3360.519545] [AOA] Measurement: 0,1627162102.357656,08:55:31:9b:04:ac,2,1,2,0,128,407,145,2,821,820,1004,443,345,912,133,301,951,117,608,519,97,626,355,247,1,936,270,118,160,634,104,510,42,46,1023,646,333,59,58,54,41,58,60,54,42,58,56,61,55,57,56,57,52,48,50,43,59,46,46,53,44,55,48,53,48,57,60,56,55
[ 3360.563141] [AOA] Measurement: 0,1627162102.401252,08:55:31:9b:04:ac,2,1,2,0,128,867,962,1010,812,283,786,924,141,413,998,285,919,103,618,555,119,507,255,767,182,459,76,620,19,125,289,78,238,609,188,446,177,58,57,53,43,56,62,54,42,58,55,60,57,58,56,58,52,49,49,45,58,47,46,55,45,55,49,55,48,57,57,56,58
[ 3360.605935] [AOA] Measurement: 0,1627162102.444039,08:55:31:9b:04:ac,2,1,2,0,128,390,139,980,854,789,997,457,378,962,124,837,96,659,767,82,311,117,541,780,220,1000,297,75,181,656,119,505,40,65,1021,110,761,58,57,53,41,58,63,55,42,59,56,60,58,57,56,59,53,50,49,44,59,46,47,54,46,56,49,55,50,58,59,58,59
[ 3360.649241] [AOA] Measurement: 0,1627162102.487346,08:55:31:9b:04:ac,2,1,2,0,128,344,87,24,855,815,1010,461,355,933,146,844,113,679,824,32,282,102,492,837,207,952,299,54,130,631,126,1012,212,651,237,684,402,70,67,61,45,66,76,63,44,69,63,71,65,68,65,67,59,56,56,50,69,50,52,64,48,64,54,63,53,67,72,66,69
[ 3360.692537] [AOA] Measurement: 0,1627162102.530645,08:55:31:9b:04:ac,2,1,2,0,128,364,113,418,612,261,762,922,156,404,994,266,909,114,587,644,167,129,487,788,217,985,302,132,206,154,289,18,195,653,211,802,499,64,62,56,36,60,70,54,38,61,58,63,60,60,60,57,53,49,50,42,64,45,43,57,43,58,46,55,45,57,62,58,57
[ 3360.735330] [AOA] Measurement: 0,1627162102.573439,08:55:31:9b:04:ac,2,1,2,0,128,876,949,488,658,296,788,920,179,398,989,321,931,107,609,573,125,573,305,228,7,441,94,623,15,674,134,41,226,599,203,451,94,57,57,54,42,57,63,53,41,59,55,60,56,57,57,58,52,51,51,45,60,47,48,56,45,56,48,55,49,57,60,56,57
[ 3360.779416] [AOA] Measurement: 0,1627162102.617521,08:55:31:9b:04:ac,2,1,2,0,128,414,106,428,590,297,798,963,151,389,990,848,98,619,771,566,135,561,295,170,985,426,65,618,1008,607,93,516,9,78,35,292,20,60,57,53,42,59,63,55,42,59,56,60,56,58,56,57,52,50,51,45,58,48,48,55,46,57,51,55,50,57,61,59,61
[ 3360.821659] [AOA] Measurement: 0,1627162102.659764,08:55:31:9b:04:ac,2,1,2,0,128,350,130,1018,826,831,987,502,400,965,176,811,72,666,795,67,297,129,515,231,26,983,301,121,173,643,132,450,997,117,37,797,474,59,59,55,41,59,63,54,42,58,55,60,57,58,57,58,53,50,49,46,58,47,46,52,45,55,49,56,50,58,58,55,58
[ 3360.871301] [AOA] Measurement: 0,1627162102.709404,08:55:31:9b:04:ac,2,1,2,0,128,417,121,981,816,800,977,455,386,370,961,254,937,657,750,519,86,615,321,191,1000,430,71,619,5,599,76,491,27,30,995,477,202,58,56,54,44,57,61,55,43,58,55,61,57,59,57,59,53,51,50,45,58,47,48,54,46,56,53,55,52,60,62,61,60
[ 3360.920178] [AOA] Measurement: 0,1627162102.758282,08:55:31:9b:04:ac,2,1,2,0,128,857,958,981,809,282,843,945,157,945,145,871,103,649,779,62,295,44,427,224,33,405,59,562,1000,230,370,33,198,611,172,139,841,57,56,51,38,55,61,50,38,57,54,59,54,57,55,54,50,50,49,43,59,45,46,53,43,52,46,53,46,56,60,55,57
[ 3360.962500] [AOA] Measurement: 0,1627162102.800609,08:55:31:9b:04:ac,2,1,2,0,128,962,1004,19,831,824,969,492,361,963,196,298,961,678,817,88,351,110,473,793,190,996,305,116,188,148,290,81,260,659,237,342,17,59,56,54,42,57,62,54,41,58,53,60,55,57,56,57,51,50,49,44,59,47,46,53,45,54,48,54,47,54,59,57,56
[ 3361.005282] [AOA] Measurement: 0,1627162102.843393,08:55:31:9b:04:ac,2,1,2,0,128,355,108,968,797,271,806,936,176,422,986,797,71,591,763,540,101,126,514,250,31,943,267,614,1018,682,132,525,24,638,198,984,721,57,55,52,42,55,61,54,40,56,55,60,55,58,54,56,51,49,49,42,58,45,45,54,45,53,48,53,49,56,60,57,58
[ 3361.050056] [AOA] Measurement: 0,1627162102.888164,08:55:31:9b:04:ac,2,1,2,0,128,409,99,486,647,804,1012,395,305,985,166,839,91,638,807,72,328,102,515,818,223,987,307,589,1012,176,322,5,218,558,180,540,180,58,57,52,39,57,60,53,39,56,53,59,56,57,56,55,51,46,48,43,58,45,46,52,43,54,46,51,44,54,55,54,54
[ 3361.094188] [AOA] Measurement: 0,1627162102.932293,08:55:31:9b:04:ac,2,1,2,0,128,874,964,418,579,278,805,473,327,355,947,286,885,139,616,554,132,601,307,215,13,393,89,619,1007,662,138,464,1006,642,234,669,383,57,56,53,44,57,61,55,42,58,55,60,57,58,55,60,53,50,49,45,58,47,48,54,46,57,52,56,51,58,62,58,60
[ 3361.140710] [AOA] Measurement: 0,1627162102.978818,08:55:31:9b:04:ac,2,1,2,0,128,911,964,4,838,297,812,929,176,955,141,786,29,106,610,632,183,78,518,261,19,511,155,631,1014,155,273,28,216,73,28,246,1018,69,64,60,40,63,74,58,40,64,63,67,62,65,62,63,56,52,52,46,68,47,49,59,44,60,49,57,48,63,66,61,62
[ 3361.178228] [AOA] Measurement: 0,1627162103.016337,08:55:31:9b:04:ac,2,1,2,0,128,903,967,428,583,276,784,959,198,393,964,255,877,93,577,570,139,552,306,223,1023,511,121,557,978,604,100,539,68,19,998,229,985,57,58,53,43,56,61,54,42,57,55,60,58,56,55,57,51,50,49,45,59,46,46,53,44,57,50,53,50,57,60,57,57
[ 3361.220907] [AOA] Measurement: 0,1627162103.059018,08:55:31:9b:04:ac,2,1,2,0,128,401,127,1000,789,848,999,939,171,938,117,858,113,608,761,81,321,591,332,185,1005,429,117,645,33,177,343,0,218,34,13,620,310,59,57,53,41,57,60,53,41,55,55,59,56,58,56,58,52,49,49,43,58,47,46,54,45,57,49,54,48,56,61,55,56
[ 3361.258657] [AOA] Measurement: 0,1627162103.096768,08:55:31:9b:04:ac,2,1,2,0,128,415,133,59,848,808,1002,446,365,930,100,328,961,89,564,109,323,120,503,281,43,412,91,132,174,645,109,57,212,13,998,657,444,57,57,54,44,56,62,55,42,59,55,61,57,59,57,59,52,50,50,46,58,48,47,53,44,55,49,54,50,57,60,58,57
[ 3361.306957] [AOA] Measurement: 0,1627162103.145062,08:55:31:9b:04:ac,2,1,2,0,128,856,935,490,654,280,807,966,178,418,1019,307,938,50,561,508,87,621,352,186,0,957,268,154,231,148,294,994,172,51,24,722,475,58,55,54,45,57,61,56,44,58,56,62,58,59,58,61,54,51,50,46,57,46,48,55,45,57,51,58,52,60,62,60,60
[ 3361.351123] [AOA] Measurement: 0,1627162103.189234,08:55:31:9b:04:ac,2,1,2,0,128,418,137,998,861,801,975,950,174,952,165,811,86,717,786,518,136,92,479,890,253,1001,312,141,164,99,268,51,238,607,222,885,563,57,57,52,41,57,62,51,40,56,52,58,56,55,54,55,52,49,47,43,59,46,45,53,43,54,47,53,47,53,57,53,55
[ 3361.394692] [AOA] Measurement: 0,1627162103.232801,08:55:31:9b:04:ac,2,1,2,0,128,361,77,1013,820,246,776,945,139,397,964,289,919,605,748,533,140,555,290,254,19,406,57,650,8,660,126,990,171,643,228,1000,649,69,64,59,42,66,73,59,42,66,62,69,63,65,63,63,56,53,54,46,67,49,48,60,45,61,51,58,50,61,67,62,63
[ 3361.441251] [AOA] Measurement: 0,1627162103.279355,08:55:31:9b:04:ac,2,1,2,0,128,913,973,486,652,283,802,938,150,402,949,293,922,81,588,560,139,554,282,278,10,998,265,185,168,659,122,78,235,58,3,269,2,58,57,54,42,58,62,54,42,57,56,59,57,56,56,56,52,48,49,43,58,46,45,52,43,55,48,54,47,54,59,54,58
[ 3361.484261] [AOA] Measurement: 0,1627162103.322367,08:55:31:9b:04:ac,2,1,2,0,128,893,984,6,845,828,1003,440,336,916,117,847,100,602,777,598,160,625,353,740,167,1020,322,60,142,606,103,534,48,29,24,685,423,67,65,59,42,63,73,56,41,66,62,68,63,63,64,63,56,52,52,45,65,47,46,58,45,60,49,58,50,62,67,62,62
[ 3361.533633] [AOA] Measurement: 0,1627162103.371738,08:55:31:9b:04:ac,2,1,2,0,128,411,102,1019,839,781,990,460,352,924,109,859,132,36,557,559,136,579,323,238,25,966,276,122,174,591,105,550,47,70,27,495,203,69,65,60,45,67,74,61,44,69,65,71,67,67,65,67,59,55,55,49,71,51,51,63,48,66,54,64,55,68,74,69,69
[ 3361.583260] [AOA] Measurement: 0,1627162103.421365,08:55:31:9b:04:ac,2,1,2,0,128,413,127,28,842,802,998,489,380,924,157,893,108,648,799,502,93,144,571,797,221,988,266,167,236,140,306,68,230,602,177,643,383,58,56,51,39,56,61,53,39,58,56,59,56,57,57,57,52,50,46,43,57,46,44,55,45,55,48,53,47,57,60,55,55
[ 3361.627277] [AOA] Measurement: 0,1627162103.465389,08:55:31:9b:04:ac,2,1,2,0,128,410,109,398,574,286,796,988,218,364,951,327,954,103,634,94,284,119,487,224,21,451,99,594,6,163,294,996,168,98,45,378,46,69,65,62,47,67,75,62,44,68,64,70,66,68,65,66,59,55,55,48,71,52,52,63,49,64,54,64,55,67,71,68,70
[ 3361.670635] [AOA] Measurement: 0,1627162103.508746,08:55:31:9b:04:ac,2,1,2,0,128,398,118,25,829,884,1007,440,333,926,128,823,73,656,796,535,104,607,336,788,196,412,99,603,4,204,317,26,205,609,213,473,152,70,65,60,46,66,73,60,44,67,62,71,65,66,65,66,58,53,53,48,69,51,51,61,47,63,52,61,53,64,70,65,67
[ 3361.716636] [AOA] Measurement: 0,1627162103.554744,08:55:31:9b:04:ac,2,1,2,0,128,881,957,37,854,326,827,486,339,982,131,845,73,52,577,617,124,602,296,193,994,451,113,627,1,628,94,520,7,152,76,660,457,59,56,54,44,58,62,55,42,58,55,61,58,58,58,60,53,50,51,45,57,46,48,55,46,57,51,57,51,60,60,57,60
[ 3361.758653] [AOA] Measurement: 0,1627162103.596757,08:55:31:9b:04:ac,2,1,2,0,128,363,130,1009,820,841,987,997,222,914,118,301,919,664,788,97,333,35,490,776,188,39,340,118,190,170,314,27,235,597,201,850,444,70,67,61,48,67,76,63,47,67,65,72,67,67,64,69,60,55,55,49,69,51,54,62,50,67,59,67,57,70,74,72,74
[ 3361.801483] [AOA] Measurement: 0,1627162103.639587,08:55:31:9b:04:ac,2,1,2,0,128,398,142,984,815,324,860,479,372,908,141,796,108,627,749,590,177,87,490,751,182,952,265,119,193,132,292,33,200,584,179,839,484,70,66,62,46,68,74,61,45,67,64,71,66,67,64,67,58,55,55,48,70,52,51,62,49,66,54,65,55,68,73,69,72
[ 3361.843039] [AOA] Measurement: 0,1627162103.681148,08:55:31:9b:04:ac,2,1,2,0,128,404,99,3,819,817,972,524,384,927,164,308,965,678,808,30,305,37,486,253,55,17,322,94,156,178,321,499,27,630,227,499,143,58,57,54,44,57,62,55,42,57,53,60,58,58,57,56,52,49,49,44,59,47,47,55,45,56,49,56,48,58,60,58,58
[ 3361.887703] [AOA] Measurement: 0,1627162103.725813,08:55:31:9b:04:ac,2,1,2,0,128,358,101,17,841,265,806,929,168,386,966,265,934,569,746,82,286,567,322,271,41,389,97,618,1006,543,57,496,30,36,4,473,210,58,56,52,45,58,62,54,44,57,54,61,58,57,56,59,53,52,50,46,58,48,50,55,46,56,51,56,52,59,62,59,62
[ 3361.933120] [AOA] Measurement: 0,1627162103.771225,08:55:31:9b:04:ac,2,1,2,0,128,369,90,996,803,246,792,507,407,911,88,335,958,614,775,27,281,121,503,807,224,998,318,104,183,183,325,47,220,577,228,620,295,69,65,60,45,66,75,60,43,67,63,70,66,68,66,68,59,52,54,48,68,51,51,63,48,66,54,64,55,67,72,68,69
[ 3361.978353] [AOA] Measurement: 0,1627162103.816463,08:55:31:9b:04:ac,2,1,2,0,128,448,173,951,755,807,1012,446,364,958,152,834,96,656,773,53,328,68,472,859,265,1016,310,122,187,138,269,3,229,612,202,368,958,58,55,51,37,55,61,51,37,57,53,57,53,56,55,52,49,47,46,41,57,43,43,51,42,51,46,50,45,53,55,52,53
[ 3362.023713] [AOA] Measurement: 0,1627162103.861824,08:55:31:9b:04:ac,2,1,2,0,128,462,150,27,858,736,962,466,343,0,172,827,79,648,789,134,313,123,512,797,232,977,294,148,232,116,295,59,227,626,199,325,944,67,66,60,44,66,75,60,42,68,63,72,66,64,64,65,58,55,56,49,69,52,50,62,48,65,56,64,53,68,70,68,70
[ 3362.065264] [AOA] Measurement: 0,1627162103.903368,08:55:31:9b:04:ac,2,1,2,0,128,856,942,520,654,265,797,919,156,393,988,242,884,141,595,589,110,584,346,785,204,995,324,95,174,575,100,551,16,570,163,646,373,59,57,53,43,57,62,53,42,58,56,61,56,58,56,58,53,49,49,44,59,46,47,55,44,55,49,55,49,57,59,58,59
[ 3362.108490] [AOA] Measurement: 0,1627162103.946595,08:55:31:9b:04:ac,2,1,2,0,128,377,102,508,677,807,25,450,346,921,120,837,66,653,819,81,352,126,490,196,9,22,328,99,172,161,304,101,281,9,13,368,37,59,58,53,44,56,60,55,43,57,56,61,58,58,57,58,54,51,49,45,57,48,47,54,45,53,50,54,49,57,60,54,58
[ 3362.150574] [AOA] Measurement: 0,1627162103.988685,08:55:31:9b:04:ac,2,1,2,0,128,429,127,967,802,843,1018,441,336,935,123,255,926,135,609,539,109,612,345,830,234,3,309,113,190,142,338,52,225,650,216,972,613,60,56,52,42,58,63,53,41,57,55,62,56,59,55,58,52,51,49,44,58,47,47,55,46,56,49,55,51,59,62,58,59
[ 3362.188799] [AOA] Measurement: 0,1627162104.026908,08:55:31:9b:04:ac,2,1,2,0,128,390,118,9,877,795,1009,470,351,945,194,859,138,578,744,544,104,85,464,221,21,944,262,140,195,156,335,87,237,617,230,403,7,57,57,52,40,58,62,55,40,58,54,59,57,55,56,56,50,49,50,44,59,48,45,55,44,55,47,52,49,55,59,56,58
[ 3362.232074] [AOA] Measurement: 0,1627162104.070184,08:55:31:9b:04:ac,2,1,2,0,128,375,91,1023,825,240,777,977,160,968,173,837,94,618,783,515,95,612,328,230,12,48,352,93,187,113,294,93,248,596,194,106,906,69,65,60,44,66,73,60,42,67,62,70,64,67,63,65,58,53,56,46,69,51,50,60,46,62,52,60,52,64,68,66,65
[ 3362.269588] [AOA] Measurement: 0,1627162104.107696,08:55:31:9b:04:ac,2,1,2,0,128,903,946,12,860,254,773,943,180,413,1015,292,946,118,625,589,143,517,266,270,48,402,90,634,1023,652,126,521,26,43,1005,91,891,59,58,52,43,58,62,56,42,58,56,60,57,57,57,57,52,49,49,43,59,47,46,55,44,54,48,52,49,55,59,55,58
[ 3362.313091] [AOA] Measurement: 0,1627162104.151202,08:55:31:9b:04:ac,2,1,2,0,128,370,99,15,847,791,993,516,381,957,140,825,85,694,857,131,356,100,509,809,247,936,258,109,173,161,302,45,226,624,199,565,162,58,56,52,37,56,60,53,39,57,53,59,54,54,54,54,49,48,47,41,57,44,44,52,41,52,44,49,44,52,54,52,51
[ 3362.354873] [AOA] Measurement: 0,1627162104.192978,08:55:31:9b:04:ac,2,1,2,0,128,444,138,17,828,835,1008,950,194,392,988,854,98,651,789,555,137,547,313,218,1015,455,79,600,28,123,269,473,1008,588,152,964,661,58,58,54,41,56,62,53,41,57,55,60,57,58,56,55,50,48,48,43,60,45,46,52,43,55,49,55,49,56,59,56,57
[ 3362.399730] [AOA] Measurement: 0,1627162104.237835,08:55:31:9b:04:ac,2,1,2,0,128,366,68,5,846,787,951,925,138,386,948,336,932,54,577,147,346,128,496,836,251,22,353,135,175,166,329,22,212,613,210,252,925,68,65,59,43,64,74,60,41,67,62,69,64,64,64,64,56,53,53,46,67,49,48,60,45,60,49,58,50,62,66,63,63
[ 3362.442005] [AOA] Measurement: 0,1627162104.280111,08:55:31:9b:04:ac,2,1,2,0,128,383,111,22,831,808,962,527,361,355,994,807,64,606,768,146,349,89,483,801,209,434,79,125,204,132,301,1013,185,607,172,373,38,68,66,60,42,66,76,61,43,67,63,68,64,64,63,65,58,54,53,46,69,49,50,60,46,62,52,60,52,65,69,66,66
[ 3362.489914] [AOA] Measurement: 0,1627162104.328024,08:55:31:9b:04:ac,2,1,2,0,128,398,129,25,865,824,971,517,388,949,148,807,95,666,803,79,306,116,511,801,213,967,287,191,165,159,305,11,218,606,217,896,552,58,55,53,41,58,61,53,40,56,55,59,56,58,54,58,51,48,49,44,59,46,47,53,44,54,48,52,47,56,60,56,57
[ 3362.528728] [AOA] Measurement: 0,1627162104.366832,08:55:31:9b:04:ac,2,1,2,0,128,366,110,435,568,255,779,897,116,443,1009,252,908,596,757,50,297,127,530,232,5,486,146,87,166,161,302,13,185,619,244,512,242,57,55,51,41,56,61,52,41,58,55,61,57,57,57,57,51,49,48,45,59,46,47,53,45,55,48,55,48,55,60,57,56
[ 3362.571286] [AOA] Measurement: 0,1627162104.409390,08:55:31:9b:04:ac,2,1,2,0,128,917,983,8,840,829,1018,475,382,965,138,287,906,83,588,590,155,557,276,803,217,983,293,109,195,123,284,506,8,78,43,101,833,64,61,57,36,60,69,54,36,62,58,64,60,60,61,60,52,52,50,41,62,46,44,57,43,58,45,54,44,57,62,57,57
[ 3362.617720] [AOA] Measurement: 0,1627162104.455829,08:55:31:9b:04:ac,2,1,2,0,128,379,95,22,799,247,805,926,153,408,1004,277,913,81,601,593,158,129,523,744,179,961,303,613,15,625,132,471,5,49,990,758,528,59,57,53,43,58,62,54,43,59,53,61,57,57,57,59,54,49,49,46,58,47,47,54,45,54,49,54,50,57,59,56,58
[ 3362.664363] [AOA] Measurement: 0,1627162104.502467,08:55:31:9b:04:ac,2,1,2,0,128,455,158,924,781,803,999,1010,222,374,970,894,117,707,781,98,330,76,478,261,25,15,317,88,167,238,343,59,234,604,169,1007,672,58,56,52,42,57,61,54,43,58,54,60,58,57,57,57,50,49,47,44,56,47,47,55,45,55,48,54,49,57,60,55,58
[ 3362.709147] [AOA] Measurement: 0,1627162104.547256,08:55:31:9b:04:ac,2,1,2,0,128,851,960,508,646,274,802,964,195,951,135,861,116,551,720,569,105,101,513,820,240,985,306,120,190,129,282,20,223,45,1014,404,150,59,58,54,43,59,62,55,42,60,56,61,58,59,55,58,53,49,51,45,59,49,48,56,46,55,51,54,48,58,60,59,59
[ 3362.753123] [AOA] Measurement: 0,1627162104.591234,08:55:31:9b:04:ac,2,1,2,0,128,957,1000,956,783,251,810,455,356,387,953,832,76,112,573,562,90,111,476,246,1015,434,119,551,949,655,120,491,43,52,7,424,143,58,55,54,39,57,62,52,41,57,54,62,57,57,56,56,51,49,49,45,59,48,46,54,44,54,47,55,49,56,58,58,57
[ 3362.794983] [AOA] Measurement: 0,1627162104.633088,08:55:31:9b:04:ac,2,1,2,0,128,407,138,436,612,818,983,947,159,962,149,819,64,648,776,108,338,111,526,194,1004,458,121,585,1021,611,122,483,8,41,1002,59,844,59,57,53,44,59,62,54,42,57,56,60,56,56,56,57,52,51,50,43,59,47,47,55,45,54,48,53,48,56,60,58,57
[ 3362.838727] [AOA] Measurement: 0,1627162104.676838,08:55:31:9b:04:ac,2,1,2,0,128,428,141,987,838,813,1011,882,127,959,146,294,932,48,568,515,82,589,319,250,51,410,73,681,39,622,109,45,244,570,189,861,532,70,65,58,49,66,74,62,46,68,63,72,67,67,67,68,59,55,54,47,69,49,50,62,48,65,54,62,54,68,71,67,67
[ 3362.882014] [AOA] Measurement: 0,1627162104.720123,08:55:31:9b:04:ac,2,1,2,0,128,436,137,20,847,856,1005,438,288,403,990,818,86,689,793,614,174,542,270,271,32,431,91,650,24,656,121,548,46,591,177,421,48,59,57,53,44,59,60,56,45,59,55,62,59,58,56,58,54,49,51,46,58,49,49,56,47,56,51,58,53,59,61,59,62
[ 3362.930174] [AOA] Measurement: 0,1627162104.768284,08:55:31:9b:04:ac,2,1,2,0,128,355,123,2,828,780,1006,463,348,910,118,276,920,108,606,509,108,539,281,224,6,998,304,145,209,140,311,72,241,563,177,36,766,56,57,52,40,57,61,52,41,58,54,60,56,56,54,55,50,48,48,43,58,46,46,53,43,55,48,53,48,56,57,56,55
[ 3362.968135] [AOA] Measurement: 0,1627162104.806239,08:55:31:9b:04:ac,2,1,2,0,128,407,131,4,809,777,952,1011,200,943,117,280,912,67,559,127,327,109,507,247,43,463,115,134,199,137,281,1020,180,632,228,603,353,59,58,54,42,57,61,53,41,57,53,61,58,58,56,57,50,50,49,45,58,47,48,55,46,55,48,56,47,57,60,55,58
