
[ 1726.914468] [AOA] Measurement: 0,1627153272.736299,08:55:31:9b:0a:1d,2,1,2,0,128,322,791,771,678,756,978,576,213,476,697,474,409,807,217,360,875,94,202,624,228,352,560,737,205,22,974,860,727,1013,917,696,650,58,70,67,50,65,75,57,66,65,70,50,77,53,70,73,67,68,74,63,64,59,63,68,56,44,71,72,72,63,76,60,70
[ 1726.952941] [AOA] Measurement: 0,1627153272.774771,08:55:31:9b:0a:1d,2,1,2,0,128,333,780,714,666,803,1003,568,184,530,772,494,408,732,184,339,861,140,255,590,252,366,600,191,298,59,980,841,692,953,917,733,649,89,104,100,79,98,112,87,103,98,102,74,115,81,106,110,101,101,109,95,95,92,98,106,85,67,109,108,108,95,115,93,108
[ 1726.999200] [AOA] Measurement: 0,1627153272.821030,08:55:31:9b:0a:1d,2,1,2,0,128,324,812,750,706,734,971,560,215,472,693,526,411,179,7,332,842,151,270,564,203,369,599,251,352,48,974,838,694,26,941,702,637,58,72,67,50,66,77,57,67,64,69,49,76,54,71,73,68,67,72,62,64,58,62,66,56,44,70,72,70,62,75,61,72
[ 1727.043506] [AOA] Measurement: 0,1627153272.865337,08:55:31:9b:0a:1d,2,1,2,0,128,357,839,705,634,210,805,1008,1002,1017,562,448,391,211,18,343,828,628,48,1017,998,907,465,157,293,515,792,312,502,494,771,188,164,86,104,99,78,98,115,85,101,97,104,75,116,81,103,111,101,99,108,95,94,90,96,101,85,67,105,108,110,95,116,91,106
[ 1727.089309] [AOA] Measurement: 0,1627153272.911134,08:55:31:9b:0a:1d,2,1,2,0,128,374,812,729,679,746,972,38,62,560,765,453,410,759,185,251,792,667,112,545,172,428,664,201,335,85,1007,864,686,11,992,182,58,88,111,103,77,99,115,84,98,100,107,75,118,82,108,110,102,99,111,94,98,91,94,102,85,64,107,109,104,93,117,91,108
[ 1727.136010] [AOA] Measurement: 0,1627153272.957841,08:55:31:9b:0a:1d,2,1,2,0,128,273,735,742,638,260,827,2,5,566,758,495,396,720,146,392,878,603,86,530,159,361,585,690,158,59,1003,834,678,3,970,1016,988,84,92,88,74,92,107,81,99,91,97,71,105,74,97,103,94,93,99,83,84,85,90,96,83,66,100,101,107,93,111,90,105
[ 1727.180009] [AOA] Measurement: 0,1627153273.001840,08:55:31:9b:0a:1d,2,1,2,0,128,292,762,768,668,767,996,547,198,553,760,428,394,144,995,317,835,114,221,594,239,337,593,698,163,21,935,867,670,22,978,891,833,58,73,69,52,66,76,57,65,64,70,50,79,54,71,73,68,67,75,62,66,60,63,67,55,43,70,71,68,60,75,60,69
[ 1727.218638] [AOA] Measurement: 0,1627153273.040470,08:55:31:9b:0a:1d,2,1,2,0,128,326,786,692,646,794,1005,503,178,541,767,900,177,182,984,329,838,644,73,534,160,849,400,675,151,30,968,856,717,19,980,763,716,87,108,100,79,97,116,87,103,100,106,77,120,84,106,111,103,101,109,93,96,90,96,103,87,67,107,107,106,96,117,92,108
[ 1727.260480] [AOA] Measurement: 0,1627153273.082282,08:55:31:9b:0a:1d,2,1,2,0,128,254,749,745,678,744,962,588,204,548,773,455,430,723,174,301,819,632,66,1009,994,386,638,157,312,486,772,306,497,482,769,66,61,88,104,100,79,98,113,85,101,98,105,76,116,81,104,109,101,100,108,92,92,90,97,100,84,67,104,108,109,94,114,92,108
[ 1727.319473] [AOA] Measurement: 0,1627153273.141304,08:55:31:9b:0a:1d,2,1,2,0,128,318,758,712,663,838,17,520,128,585,754,898,173,159,973,845,681,637,42,570,200,397,652,198,321,4,939,873,700,523,770,256,198,87,110,105,78,99,115,87,100,98,105,75,119,83,108,109,103,101,109,93,98,89,95,102,83,66,108,112,106,95,118,91,105
[ 1727.359489] [AOA] Measurement: 0,1627153273.181315,08:55:31:9b:0a:1d,2,1,2,0,128,309,764,182,460,205,818,997,12,2,554,460,401,192,1013,304,823,635,56,1020,981,846,433,674,122,484,758,317,487,526,823,122,97,86,110,104,76,98,115,85,98,99,106,74,120,82,107,110,102,101,111,94,99,89,94,102,82,64,107,110,102,92,114,89,104
[ 1727.403812] [AOA] Measurement: 0,1627153273.225643,08:55:31:9b:0a:1d,2,1,2,0,128,300,756,197,475,219,823,523,165,538,807,448,396,213,1006,811,660,124,224,0,1023,852,459,250,386,65,1008,873,701,50,1021,106,88,87,113,106,77,99,117,86,99,99,109,74,119,81,109,110,102,101,112,96,101,89,96,101,84,65,107,109,103,93,115,89,105
[ 1727.449840] [AOA] Measurement: 0,1627153273.271665,08:55:31:9b:0a:1d,2,1,2,0,128,322,784,698,629,782,997,502,168,534,764,466,395,814,229,255,807,120,245,527,202,328,583,151,289,485,763,269,457,493,774,1020,979,87,109,104,78,99,114,87,101,101,107,76,119,84,108,108,100,102,112,95,99,90,96,103,84,67,107,108,108,95,117,92,107
[ 1727.502176] [AOA] Measurement: 0,1627153273.324001,08:55:31:9b:0a:1d,2,1,2,0,128,351,787,757,686,779,34,535,195,562,781,468,418,775,187,374,882,155,280,545,197,364,614,220,327,989,905,855,698,1016,936,256,247,56,73,69,51,63,74,57,66,64,72,49,79,55,70,73,68,67,73,62,65,60,63,67,55,43,71,71,68,61,75,59,72
[ 1727.547464] [AOA] Measurement: 0,1627153273.369295,08:55:31:9b:0a:1d,2,1,2,0,128,326,825,754,696,814,8,499,174,525,740,495,437,192,999,856,630,673,105,1013,1020,394,611,665,112,60,938,852,703,1004,952,476,426,88,105,101,78,96,115,86,99,98,102,74,117,82,106,108,103,100,112,92,97,91,95,104,87,64,106,109,106,94,116,90,108
[ 1727.587610] [AOA] Measurement: 0,1627153273.409441,08:55:31:9b:0a:1d,2,1,2,0,128,372,812,776,702,832,22,501,185,494,740,433,370,207,1023,798,652,133,248,604,193,367,611,209,372,69,975,870,686,975,913,853,869,56,72,68,52,65,76,57,64,66,70,50,78,53,71,72,66,65,73,62,65,58,63,68,55,43,70,71,68,60,74,58,66
[ 1727.626312] [AOA] Measurement: 0,1627153273.448144,08:55:31:9b:0a:1d,2,1,2,0,128,366,786,720,670,755,969,12,20,546,737,459,395,750,228,401,915,110,275,593,207,402,663,195,320,11,963,837,678,10,939,787,725,87,110,104,78,97,115,85,98,96,107,76,119,83,106,109,101,98,111,91,100,89,95,102,84,64,108,110,105,93,116,87,102
[ 1727.666502] [AOA] Measurement: 0,1627153273.488335,08:55:31:9b:0a:1d,2,1,2,0,128,314,757,751,712,741,991,17,17,460,667,970,199,217,1009,381,870,110,253,604,199,370,641,226,349,57,921,892,760,977,920,280,176,86,101,96,77,96,114,86,100,97,103,72,113,78,104,109,100,98,107,92,90,89,96,102,83,67,105,109,108,95,117,90,107
[ 1727.706560] [AOA] Measurement: 0,1627153273.528392,08:55:31:9b:0a:1d,2,1,2,0,128,761,568,184,455,237,820,1014,1012,1012,548,425,374,752,176,802,627,198,275,578,201,850,419,195,340,28,962,817,681,449,747,480,463,88,107,104,80,100,116,88,101,99,105,74,115,80,108,108,100,102,108,93,93,91,96,102,85,67,104,107,105,97,117,92,108
[ 1727.750505] [AOA] Measurement: 0,1627153273.572330,08:55:31:9b:0a:1d,2,1,2,0,128,340,762,210,452,826,1014,550,199,549,740,466,398,197,1017,740,604,635,87,79,34,819,404,209,328,37,962,318,536,1018,929,418,419,87,105,99,79,98,115,86,102,98,106,76,117,80,105,108,101,102,110,94,96,91,97,102,85,68,108,111,109,96,117,92,108
[ 1727.796831] [AOA] Measurement: 0,1627153273.618662,08:55:31:9b:0a:1d,2,1,2,0,128,260,770,799,707,801,1004,995,1010,965,539,973,251,138,979,833,662,647,101,556,180,379,617,164,312,537,827,834,670,483,783,672,585,58,70,66,52,65,74,56,66,64,69,49,75,53,69,73,67,67,69,60,61,59,62,66,55,43,69,71,71,62,75,60,71
[ 1727.835766] [AOA] Measurement: 0,1627153273.657596,08:55:31:9b:0a:1d,2,1,2,0,128,347,775,742,697,156,808,529,206,505,764,492,390,780,150,378,828,168,232,557,188,400,638,174,315,38,954,928,769,9,948,676,566,84,103,98,78,96,115,85,99,98,104,74,117,81,106,110,102,100,109,94,96,90,95,101,83,67,107,107,104,95,118,92,107
[ 1727.881459] [AOA] Measurement: 0,1627153273.703288,08:55:31:9b:0a:1d,2,1,2,0,128,349,778,727,634,227,823,546,167,447,719,946,240,203,1010,787,619,627,57,613,195,346,622,217,319,521,769,302,490,500,805,25,958,56,71,70,51,65,76,55,65,64,70,48,78,55,70,72,69,66,74,64,65,59,62,68,55,41,68,70,69,61,76,59,68
[ 1727.920372] [AOA] Measurement: 0,1627153273.742203,08:55:31:9b:0a:1d,2,1,2,0,128,758,552,186,476,776,15,540,148,501,692,930,224,232,1021,790,627,616,90,999,1003,894,455,175,326,28,951,841,680,1018,956,152,65,86,103,100,77,97,111,84,98,96,104,73,113,79,103,108,101,99,108,91,92,88,95,99,84,66,103,106,105,93,115,91,108
[ 1727.960984] [AOA] Measurement: 0,1627153273.782815,08:55:31:9b:0a:1d,2,1,2,0,128,308,759,749,636,756,992,5,17,568,749,513,439,804,220,304,853,118,259,589,209,386,592,644,120,604,841,824,701,26,944,123,171,57,72,69,52,64,75,56,66,65,71,50,78,55,69,71,66,65,73,61,65,60,64,67,55,42,70,70,69,61,76,59,69
[ 1727.999669] [AOA] Measurement: 0,1627153273.821500,08:55:31:9b:0a:1d,2,1,2,0,128,365,846,662,633,750,989,507,144,581,798,450,360,213,4,805,642,172,262,545,214,329,637,180,309,29,988,862,708,1018,898,586,458,57,71,67,50,64,75,56,67,65,69,50,76,55,72,72,68,67,72,61,63,59,62,67,55,43,70,73,71,62,77,60,70
[ 1728.038244] [AOA] Measurement: 0,1627153273.860076,08:55:31:9b:0a:1d,2,1,2,0,128,287,762,730,632,241,812,49,10,503,756,489,417,757,192,340,827,139,237,537,158,798,373,656,117,536,800,853,676,525,801,501,478,86,104,98,76,98,113,85,102,96,103,75,113,79,103,110,102,101,107,94,91,90,95,101,87,66,106,109,108,95,113,92,107
[ 1728.083787] [AOA] Measurement: 0,1627153273.905618,08:55:31:9b:0a:1d,2,1,2,0,128,352,814,175,445,169,804,25,22,515,751,931,206,235,1015,391,843,197,289,564,225,338,587,171,277,548,794,817,676,482,778,112,165,58,69,65,51,64,75,55,66,64,68,48,75,53,70,73,66,66,71,63,62,59,63,67,55,43,69,71,70,62,75,59,70
[ 1728.122261] [AOA] Measurement: 0,1627153273.944093,08:55:31:9b:0a:1d,2,1,2,0,128,364,810,729,664,806,15,530,177,525,735,497,450,783,193,304,838,137,229,565,155,864,442,172,319,1011,919,831,685,1020,943,22,997,85,106,102,78,97,114,84,100,96,103,73,118,81,105,109,102,100,109,94,94,90,98,103,86,66,107,109,109,95,116,91,108
[ 1728.162584] [AOA] Measurement: 0,1627153273.984414,08:55:31:9b:0a:1d,2,1,2,0,128,305,782,735,677,787,1005,554,182,542,764,474,402,736,130,831,650,621,67,1001,13,351,628,235,354,57,976,849,706,9,973,439,386,58,71,66,52,63,75,56,67,65,70,51,77,54,69,73,65,67,73,62,65,59,63,68,57,44,72,72,68,61,76,59,69
[ 1728.207015] [AOA] Measurement: 0,1627153274.028846,08:55:31:9b:0a:1d,2,1,2,0,128,340,791,767,689,768,975,6,17,475,707,939,209,174,988,850,650,651,76,541,172,355,581,641,126,548,785,292,465,5,943,586,546,86,112,104,77,97,116,85,98,98,107,75,121,82,107,109,100,98,109,93,97,91,95,101,85,64,107,110,105,92,115,90,107
[ 1728.252347] [AOA] Measurement: 0,1627153274.074176,08:55:31:9b:0a:1d,2,1,2,0,128,781,551,170,461,776,995,557,216,570,788,504,443,735,155,805,607,670,81,587,181,387,660,223,361,1015,925,864,665,455,753,628,656,58,69,67,50,64,74,56,66,64,68,48,75,52,69,73,67,66,71,61,62,59,63,67,55,42,70,70,71,62,76,61,71
[ 1728.302827] [AOA] Measurement: 0,1627153274.124652,08:55:31:9b:0a:1d,2,1,2,0,128,236,753,159,443,198,801,992,995,15,594,925,209,236,992,818,618,686,90,43,38,413,666,143,316,62,956,817,654,44,982,967,939,86,101,99,77,97,112,85,101,97,102,74,114,80,102,108,101,99,108,92,93,87,96,100,86,68,105,107,109,94,114,91,107
[ 1728.354308] [AOA] Measurement: 0,1627153274.176133,08:55:31:9b:0a:1d,2,1,2,0,128,334,771,709,641,184,798,560,206,478,707,1013,253,178,998,826,666,633,79,597,244,313,567,223,332,487,748,344,528,404,743,136,284,87,111,103,78,97,115,86,98,99,107,76,117,83,108,107,102,102,113,92,97,89,93,101,81,62,106,108,99,89,110,87,102
[ 1728.399795] [AOA] Measurement: 0,1627153274.221620,08:55:31:9b:0a:1d,2,1,2,0,128,787,576,154,478,224,787,580,181,537,782,473,455,751,169,336,824,135,247,571,197,366,563,212,316,31,945,880,715,1015,953,354,339,88,107,100,77,98,112,85,99,98,103,74,117,81,108,109,101,101,110,95,96,89,96,102,85,67,105,107,108,96,117,92,108
[ 1728.450239] [AOA] Measurement: 0,1627153274.272070,08:55:31:9b:0a:1d,2,1,2,0,128,348,810,728,647,723,1000,580,190,475,749,470,413,787,186,360,835,157,280,582,194,354,589,198,371,55,987,869,706,34,1007,878,710,56,73,69,50,64,76,57,64,65,70,50,75,55,71,71,68,67,73,64,65,59,62,67,55,43,72,71,69,61,76,58,71
[ 1728.490013] [AOA] Measurement: 0,1627153274.311838,08:55:31:9b:0a:1d,2,1,2,0,128,314,770,735,678,750,964,548,167,505,733,1007,257,731,144,364,865,170,267,577,195,336,552,670,161,488,775,870,699,1019,970,443,414,58,70,66,50,65,75,57,67,65,70,48,75,53,70,71,67,64,70,60,62,58,63,68,56,43,70,69,71,61,77,60,70
[ 1728.541544] [AOA] Measurement: 0,1627153274.363370,08:55:31:9b:0a:1d,2,1,2,0,128,752,575,260,483,208,781,991,1023,6,574,917,187,237,1020,319,832,173,239,560,168,395,632,233,382,13,948,911,729,1012,954,31,1006,84,110,103,75,95,113,83,95,97,105,75,118,81,109,109,101,99,110,94,100,90,92,102,82,62,108,108,102,91,116,88,104
[ 1728.589167] [AOA] Measurement: 0,1627153274.410993,08:55:31:9b:0a:1d,2,1,2,0,128,320,814,765,723,757,1005,532,191,510,748,471,389,200,986,801,638,163,274,595,203,827,402,191,354,976,915,286,471,1,956,142,149,57,72,68,53,64,76,57,67,65,68,49,76,52,70,72,67,66,73,62,63,59,64,67,56,42,69,71,70,63,77,59,70
[ 1728.632022] [AOA] Measurement: 0,1627153274.453851,08:55:31:9b:0a:1d,2,1,2,0,128,312,775,197,484,193,804,3,25,510,725,479,440,747,166,361,860,113,227,622,245,372,610,241,366,1,924,315,518,985,925,58,32,57,69,65,51,65,73,55,66,64,68,49,77,54,70,73,67,67,72,61,63,60,64,68,56,44,69,71,70,63,75,59,70
[ 1728.672585] [AOA] Measurement: 0,1627153274.494416,08:55:31:9b:0a:1d,2,1,2,0,128,307,764,704,654,747,962,534,187,529,751,525,463,774,192,316,839,124,261,572,212,411,621,184,333,41,938,829,672,20,973,169,122,55,68,65,51,64,73,55,66,64,68,48,75,52,69,70,65,66,70,62,62,59,64,67,57,43,70,72,72,62,76,61,71
[ 1728.716034] [AOA] Measurement: 0,1627153274.537863,08:55:31:9b:0a:1d,2,1,2,0,128,766,561,237,492,770,994,1013,1010,1009,536,928,199,747,162,326,846,111,214,557,190,373,638,202,343,12,973,795,636,6,933,827,819,86,104,101,77,97,112,85,100,96,103,75,114,81,106,109,101,100,108,91,91,88,95,99,84,67,105,107,108,94,116,89,107
[ 1728.763361] [AOA] Measurement: 0,1627153274.585186,08:55:31:9b:0a:1d,2,1,2,0,128,779,545,249,523,767,998,10,998,6,599,858,166,232,1017,794,629,619,62,1007,951,813,363,704,147,473,749,352,516,989,931,490,485,87,104,98,77,96,114,84,100,96,104,73,113,79,104,109,103,100,109,91,94,87,95,102,84,67,106,107,107,94,115,90,106
[ 1728.815015] [AOA] Measurement: 0,1627153274.636839,08:55:31:9b:0a:1d,2,1,2,0,128,237,722,738,685,764,1001,562,193,461,719,480,410,198,1014,832,646,632,82,512,153,383,585,170,307,1,922,881,720,22,957,604,536,56,73,69,51,62,74,55,64,63,69,49,78,54,71,70,68,66,74,63,65,59,61,68,55,43,69,72,69,60,76,59,68
[ 1728.859118] [AOA] Measurement: 0,1627153274.680943,08:55:31:9b:0a:1d,2,1,2,0,128,282,755,160,431,780,984,3,20,495,724,546,436,190,1004,350,867,91,219,531,187,857,401,707,159,54,988,844,703,967,962,242,244,56,68,66,50,64,74,55,65,64,68,48,75,52,69,71,67,66,70,60,62,58,62,66,56,43,70,71,70,61,76,60,70
[ 1728.902307] [AOA] Measurement: 0,1627153274.724139,08:55:31:9b:0a:1d,2,1,2,0,128,280,764,243,495,219,794,3,15,491,715,947,226,752,187,342,817,210,302,580,208,367,605,204,353,57,982,831,666,43,972,738,719,86,109,102,77,97,115,84,96,99,107,75,119,83,107,109,103,100,111,94,96,91,97,102,86,65,108,108,108,94,116,89,106
[ 1728.947088] [AOA] Measurement: 0,1627153274.768919,08:55:31:9b:0a:1d,2,1,2,0,128,819,584,198,489,214,804,14,17,487,740,929,211,166,979,817,653,647,76,61,37,365,607,205,327,17,948,845,715,12,978,94,1007,57,71,68,51,64,76,55,65,64,70,49,77,52,71,72,67,65,73,62,63,58,64,68,54,43,69,71,69,62,77,60,72
[ 1728.990583] [AOA] Measurement: 0,1627153274.812414,08:55:31:9b:0a:1d,2,1,2,0,128,304,802,722,633,779,1008,576,229,482,736,489,395,687,164,349,837,192,260,497,142,404,649,188,337,70,973,895,738,998,964,613,522,84,99,96,76,95,111,84,100,94,102,72,111,77,100,106,98,99,106,90,89,88,94,98,83,65,102,106,108,93,113,92,108
[ 1729.035708] [AOA] Measurement: 0,1627153274.857540,08:55:31:9b:0a:1d,2,1,2,0,128,315,779,190,481,797,1003,8,30,993,558,519,424,780,230,310,856,133,234,0,7,861,421,665,134,539,789,833,678,47,999,892,760,58,72,68,50,64,76,55,67,64,69,50,76,53,70,71,66,66,70,63,63,58,64,67,55,44,70,71,71,62,75,59,71
[ 1729.082119] [AOA] Measurement: 0,1627153274.903951,08:55:31:9b:0a:1d,2,1,2,0,128,298,769,200,475,720,969,550,191,570,787,918,215,737,196,334,825,154,281,543,208,400,606,183,285,523,783,863,714,1018,968,640,622,82,93,91,76,93,106,81,98,93,98,71,108,76,100,105,98,96,102,89,88,85,94,99,84,64,103,104,107,94,111,90,104
[ 1729.128141] [AOA] Measurement: 0,1627153274.949970,08:55:31:9b:0a:1d,2,1,2,0,128,334,755,215,531,727,970,495,156,518,750,882,185,137,967,782,651,631,61,560,190,379,606,189,319,35,930,856,695,1020,948,528,445,56,71,68,49,65,76,57,66,64,69,49,77,54,71,72,68,68,73,62,65,59,63,67,54,43,71,71,69,62,75,60,71
[ 1729.172231] [AOA] Measurement: 0,1627153274.994059,08:55:31:9b:0a:1d,2,1,2,0,128,305,815,725,694,753,976,37,21,522,708,970,240,212,1015,794,668,168,256,558,177,402,576,158,279,80,983,844,666,1010,941,161,142,85,104,100,76,96,113,84,98,96,104,73,118,80,107,110,102,101,109,94,96,88,95,102,85,66,107,109,108,95,117,92,107
[ 1729.223799] [AOA] Measurement: 0,1627153275.045625,08:55:31:9b:0a:1d,2,1,2,0,128,308,808,782,678,752,1007,552,211,518,749,519,461,187,1003,356,866,148,267,585,212,382,641,172,338,464,738,812,652,477,757,383,335,86,96,96,76,95,110,81,98,95,101,71,112,79,101,105,99,98,105,89,91,88,96,99,83,66,103,105,108,96,115,90,106
[ 1729.277601] [AOA] Measurement: 0,1627153275.099432,08:55:31:9b:0a:1d,2,1,2,0,128,789,570,181,458,214,804,34,25,514,719,942,188,748,195,286,805,187,273,501,139,420,677,213,330,74,1003,836,685,42,974,4,47,86,106,103,78,98,114,86,98,99,107,74,117,80,107,107,102,102,110,94,95,91,97,103,85,66,107,110,106,95,117,90,108
[ 1729.322134] [AOA] Measurement: 0,1627153275.143958,08:55:31:9b:0a:1d,2,1,2,0,128,290,736,749,657,802,1005,585,209,510,750,521,439,753,151,367,830,121,231,569,179,364,615,221,366,96,983,830,671,30,973,819,812,55,73,70,50,65,76,56,64,63,69,49,78,54,71,73,68,67,74,62,65,60,63,68,55,42,70,72,68,61,75,59,69
[ 1729.372775] [AOA] Measurement: 0,1627153275.194600,08:55:31:9b:0a:1d,2,1,2,0,128,384,830,715,679,829,1019,563,192,572,777,478,433,724,183,873,678,144,251,588,230,380,616,169,331,80,967,905,728,4,979,909,833,85,104,100,77,97,112,85,100,95,103,73,114,79,105,108,101,98,108,91,92,89,94,100,83,66,106,107,108,92,114,89,104
[ 1729.424498] [AOA] Measurement: 0,1627153275.246323,08:55:31:9b:0a:1d,2,1,2,0,128,814,600,174,449,180,783,1018,9,551,741,954,203,186,995,810,637,627,68,597,183,347,624,636,147,31,956,855,654,1017,965,732,756,57,72,68,51,63,74,56,64,65,69,49,77,53,69,70,66,65,71,62,64,57,61,67,53,41,70,70,69,61,74,58,69
[ 1729.469191] [AOA] Measurement: 0,1627153275.291015,08:55:31:9b:0a:1d,2,1,2,0,128,343,788,754,680,776,1019,544,211,450,727,488,405,807,199,315,820,185,318,550,210,384,624,179,293,82,1020,883,713,73,999,357,166,86,102,97,76,95,109,83,100,96,101,74,114,79,104,108,101,99,107,92,94,87,95,100,84,66,105,107,107,95,114,91,106
[ 1729.514012] [AOA] Measurement: 0,1627153275.335837,08:55:31:9b:0a:1d,2,1,2,0,128,289,738,165,476,212,791,48,30,987,552,941,227,190,986,815,641,622,72,27,1014,763,356,649,118,493,750,324,487,469,743,540,517,87,107,104,77,98,113,86,100,97,104,74,118,81,108,109,101,101,112,92,96,90,95,103,83,66,107,110,107,95,113,91,107
[ 1729.565704] [AOA] Measurement: 0,1627153275.387529,08:55:31:9b:0a:1d,2,1,2,0,128,381,805,731,702,727,992,493,180,524,751,480,443,724,154,360,825,677,105,27,24,318,585,709,179,54,1007,818,667,25,997,136,58,57,72,68,49,65,74,56,65,62,68,48,77,53,69,70,66,66,73,63,64,58,61,66,55,42,70,72,68,60,75,57,69
[ 1729.615832] [AOA] Measurement: 0,1627153275.437657,08:55:31:9b:0a:1d,2,1,2,0,128,307,809,728,658,756,1013,514,174,518,722,947,230,254,1009,842,680,653,123,983,988,399,603,210,343,31,970,891,706,46,980,220,177,87,107,102,77,96,114,84,99,99,106,75,115,81,106,108,103,99,109,93,97,88,95,102,83,65,102,110,104,93,116,91,106
[ 1729.661282] [AOA] Measurement: 0,1627153275.483113,08:55:31:9b:0a:1d,2,1,2,0,128,253,726,763,677,722,946,14,1,515,743,942,226,766,187,332,812,158,295,551,197,321,570,224,356,2,921,284,460,31,958,78,21,55,75,69,50,63,76,56,64,65,69,48,79,53,69,69,67,66,73,60,66,57,60,66,53,40,68,69,65,58,73,54,66
[ 1729.699350] [AOA] Measurement: 0,1627153275.521181,08:55:31:9b:0a:1d,2,1,2,0,128,296,787,739,653,799,6,1016,11,525,744,517,437,755,202,303,814,605,62,607,227,423,666,233,349,1005,948,826,659,58,996,374,368,57,70,67,51,65,75,57,66,64,69,48,77,53,70,72,67,66,72,63,64,60,64,67,56,43,70,72,70,61,76,60,70
[ 1729.743463] [AOA] Measurement: 0,1627153275.565294,08:55:31:9b:0a:1d,2,1,2,0,128,340,798,664,607,747,989,933,996,968,534,918,218,244,1012,825,664,126,245,575,208,356,603,198,329,14,916,870,720,28,945,419,421,86,109,104,77,96,115,85,98,97,106,74,120,82,109,110,104,100,113,95,96,91,95,101,84,63,107,108,104,92,115,90,107
[ 1729.788531] [AOA] Measurement: 0,1627153275.610355,08:55:31:9b:0a:1d,2,1,2,0,128,807,593,765,681,254,833,533,139,990,529,505,417,235,1023,787,662,578,72,61,32,866,455,186,356,528,776,297,518,1002,944,353,327,87,108,103,76,96,113,86,99,98,105,74,117,81,107,108,102,100,108,92,95,89,96,101,84,65,105,109,107,94,116,90,104
[ 1729.833494] [AOA] Measurement: 0,1627153275.655320,08:55:31:9b:0a:1d,2,1,2,0,128,779,606,149,421,778,1007,975,1002,523,716,446,389,729,136,354,858,120,249,537,190,461,653,202,327,997,933,277,458,484,777,373,316,56,69,64,52,63,72,57,65,64,67,49,76,53,68,71,64,65,70,60,60,58,63,67,57,43,70,71,69,62,75,59,68
[ 1729.884051] [AOA] Measurement: 0,1627153275.705875,08:55:31:9b:0a:1d,2,1,2,0,128,327,796,733,707,752,1003,499,165,503,715,508,451,778,202,331,853,549,1012,639,244,359,611,170,298,66,964,313,470,47,965,275,181,82,95,90,75,92,105,78,96,91,99,69,109,75,101,104,97,95,102,88,86,84,93,98,82,65,100,102,104,92,110,90,104
[ 1729.937571] [AOA] Measurement: 0,1627153275.759401,08:55:31:9b:0a:1d,2,1,2,0,128,357,804,780,689,778,996,546,187,972,540,915,215,169,970,827,656,184,280,591,230,382,637,291,405,40,973,842,711,42,971,616,538,87,111,104,77,98,117,86,100,99,107,75,120,81,107,109,103,102,114,95,98,89,97,102,85,65,107,111,105,94,116,90,107
[ 1729.983105] [AOA] Measurement: 0,1627153275.804935,08:55:31:9b:0a:1d,2,1,2,0,128,313,807,204,465,237,805,564,180,544,770,442,377,759,182,367,847,165,289,565,184,411,651,192,313,47,962,856,703,990,974,252,245,56,71,69,49,65,77,55,65,65,69,49,77,53,71,71,68,67,73,62,64,59,64,68,54,43,71,71,70,61,76,60,70
[ 1730.026934] [AOA] Measurement: 0,1627153275.848764,08:55:31:9b:0a:1d,2,1,2,0,128,289,759,790,691,761,973,554,192,494,709,987,255,732,160,796,681,655,91,542,147,416,629,225,411,1010,924,874,690,1007,963,387,383,87,106,100,76,95,113,84,100,97,106,72,117,82,104,106,103,101,109,94,98,89,95,103,83,66,106,108,104,94,118,91,108
[ 1730.073630] [AOA] Measurement: 0,1627153275.895454,08:55:31:9b:0a:1d,2,1,2,0,128,320,758,734,654,769,1007,589,246,520,754,425,362,795,197,301,805,93,222,557,175,370,620,270,398,9,954,879,692,51,964,929,813,57,71,66,50,65,74,55,66,63,68,49,77,52,68,71,66,66,70,60,63,59,63,67,55,43,69,69,69,62,76,60,70
[ 1730.124183] [AOA] Measurement: 0,1627153275.946008,08:55:31:9b:0a:1d,2,1,2,0,128,355,804,747,665,758,987,955,1008,948,537,963,225,218,985,778,617,134,255,581,243,367,634,214,368,48,980,837,703,984,931,344,359,56,70,68,50,65,76,56,66,65,70,50,77,53,71,72,67,66,73,61,65,57,63,67,55,42,69,69,69,62,75,59,69
[ 1730.168540] [AOA] Measurement: 0,1627153275.990364,08:55:31:9b:0a:1d,2,1,2,0,128,355,811,753,646,845,26,561,237,451,727,503,438,749,186,388,885,145,257,540,177,397,625,196,360,24,968,303,518,58,990,221,165,85,104,100,76,95,113,83,101,97,103,74,116,79,105,109,101,99,109,90,95,88,94,100,81,65,104,108,105,94,116,89,107
[ 1730.212926] [AOA] Measurement: 0,1627153276.034753,08:55:31:9b:0a:1d,2,1,2,0,128,264,728,737,682,736,1014,563,181,495,722,494,399,737,179,319,871,140,221,591,238,328,590,240,360,64,961,884,735,985,953,909,848,57,72,68,51,64,75,55,64,64,69,49,77,53,70,71,67,65,72,60,64,59,62,67,53,41,69,70,68,62,76,58,70
[ 1730.263638] [AOA] Measurement: 0,1627153276.085462,08:55:31:9b:0a:1d,2,1,2,0,128,418,845,683,637,196,773,1021,1001,954,544,932,205,209,1,789,613,614,50,603,198,373,628,165,323,982,930,311,494,481,797,330,340,87,109,103,76,96,115,83,100,98,106,74,119,81,108,109,103,100,111,93,97,89,94,102,82,65,108,110,105,91,114,89,105
[ 1730.311798] [AOA] Measurement: 0,1627153276.133627,08:55:31:9b:0a:1d,2,1,2,0,128,319,805,718,655,823,1002,1005,1020,533,779,919,247,780,198,334,830,140,263,594,208,363,597,239,355,55,982,865,703,73,17,281,234,86,109,104,76,97,115,84,98,97,107,73,120,81,107,108,102,100,111,94,98,88,94,102,83,64,107,108,103,91,114,87,104
[ 1730.357654] [AOA] Measurement: 0,1627153276.179483,08:55:31:9b:0a:1d,2,1,2,0,128,283,761,714,650,778,1009,509,171,538,741,962,219,233,4,279,837,153,255,65,59,376,616,220,350,68,973,809,702,38,974,715,633,57,69,66,51,64,74,57,66,64,67,49,75,53,68,72,66,67,72,62,60,58,62,67,55,43,68,71,70,62,77,61,70
[ 1730.401451] [AOA] Measurement: 0,1627153276.223276,08:55:31:9b:0a:1d,2,1,2,0,128,354,794,673,586,262,824,988,1020,998,541,1002,254,226,1011,361,844,138,237,568,169,397,611,219,382,44,999,852,682,2,970,420,370,84,105,100,78,95,114,83,100,96,104,74,115,83,105,110,102,99,108,92,95,89,95,101,85,65,103,108,106,94,115,92,108
[ 1730.453547] [AOA] Measurement: 0,1627153276.275371,08:55:31:9b:0a:1d,2,1,2,0,128,247,740,742,705,760,982,553,156,480,709,491,396,707,159,289,847,122,240,562,198,351,623,231,335,18,942,343,520,997,955,485,428,82,97,95,77,93,109,83,99,95,102,72,113,78,104,106,100,98,106,89,92,87,95,100,84,66,103,108,108,94,114,91,108
[ 1730.500820] [AOA] Measurement: 0,1627153276.322650,08:55:31:9b:0a:1d,2,1,2,0,128,296,748,201,459,753,982,504,169,555,753,495,414,111,931,770,638,627,83,75,48,843,425,699,154,530,781,885,750,29,958,318,281,84,111,105,76,96,113,85,97,96,106,73,119,82,108,108,100,99,111,94,97,88,94,102,82,64,106,107,104,92,113,90,105
[ 1730.545878] [AOA] Measurement: 0,1627153276.367708,08:55:31:9b:0a:1d,2,1,2,0,128,289,760,730,683,195,788,1023,0,16,565,481,411,756,144,332,846,190,254,560,189,840,430,210,337,110,988,781,667,41,993,1015,946,56,72,68,50,64,75,57,64,64,69,48,76,54,69,72,67,64,72,61,64,58,61,67,54,40,68,70,68,60,76,57,69
[ 1730.589390] [AOA] Measurement: 0,1627153276.411219,08:55:31:9b:0a:1d,2,1,2,0,128,325,788,173,433,211,806,15,14,969,524,933,207,231,1007,823,642,134,256,556,160,368,620,680,175,11,933,327,517,2,932,414,463,83,95,93,78,94,107,80,101,92,100,70,107,77,100,105,98,99,104,88,89,84,94,98,81,65,100,105,107,94,115,91,105
[ 1730.628959] [AOA] Measurement: 0,1627153276.450786,08:55:31:9b:0a:1d,2,1,2,0,128,344,778,726,652,772,1015,584,210,513,743,480,397,788,183,412,904,189,291,560,190,387,629,165,321,22,923,316,483,1015,956,99,37,82,100,95,77,95,108,82,99,93,102,72,111,78,103,109,99,99,105,90,92,89,96,100,82,65,102,106,103,93,115,89,105
[ 1730.672595] [AOA] Measurement: 0,1627153276.494424,08:55:31:9b:0a:1d,2,1,2,0,128,301,780,731,685,825,995,572,174,999,536,507,410,742,158,334,826,164,246,624,254,338,616,200,337,34,915,313,519,21,941,921,960,86,104,98,76,95,112,85,99,95,104,73,114,78,103,108,100,101,108,92,93,86,93,101,84,66,105,107,108,94,117,92,107
[ 1730.720589] [AOA] Measurement: 0,1627153276.542418,08:55:31:9b:0a:1d,2,1,2,0,128,285,755,829,730,773,1000,539,171,543,785,476,429,752,182,254,785,623,68,58,14,389,615,280,378,1023,953,845,663,36,963,450,420,57,73,67,51,64,75,56,66,65,70,49,78,54,72,71,66,66,72,62,64,59,63,67,55,42,69,72,69,60,74,60,67
[ 1730.764653] [AOA] Measurement: 0,1627153276.586482,08:55:31:9b:0a:1d,2,1,2,0,128,335,788,761,659,796,1005,494,174,454,702,991,212,754,167,783,629,584,1011,39,6,861,443,189,325,49,954,277,474,13,926,967,969,85,106,102,77,97,113,84,98,98,104,74,116,81,108,109,101,100,110,93,95,91,96,102,83,67,106,108,104,92,116,90,106
[ 1730.808220] [AOA] Measurement: 0,1627153276.630043,08:55:31:9b:0a:1d,2,1,2,0,128,330,819,733,632,776,983,573,197,529,765,444,375,756,223,309,826,181,307,542,151,423,634,241,372,1004,941,852,710,10,958,745,652,55,71,67,50,64,73,55,64,64,68,49,77,54,70,71,66,65,71,61,65,58,62,67,55,42,70,70,70,60,74,58,68
[ 1730.853411] [AOA] Measurement: 0,1627153276.675241,08:55:31:9b:0a:1d,2,1,2,0,128,329,776,743,674,269,821,554,193,542,753,490,421,774,220,318,821,112,237,508,173,850,410,663,111,541,779,308,514,17,968,725,629,56,71,69,51,63,75,57,65,64,69,49,77,54,69,71,67,65,73,61,65,58,62,67,54,43,69,71,70,62,76,58,70
[ 1730.900274] [AOA] Measurement: 0,1627153276.722103,08:55:31:9b:0a:1d,2,1,2,0,128,325,761,217,473,210,784,5,11,527,777,507,424,757,163,346,841,86,181,72,45,293,564,646,108,512,755,352,520,1003,931,702,678,83,108,102,73,96,116,83,97,97,102,73,116,79,108,108,102,99,112,94,98,89,94,101,82,63,105,106,101,90,114,88,104
[ 1730.945116] [AOA] Measurement: 0,1627153276.766948,08:55:31:9b:0a:1d,2,1,2,0,128,761,576,180,467,219,817,1020,2,954,541,913,201,158,973,830,678,658,61,573,219,378,626,245,392,101,11,848,724,37,996,985,947,87,103,100,78,96,111,84,99,95,104,75,116,79,105,110,103,100,110,92,94,89,95,101,83,66,104,106,105,93,113,87,105
[ 1730.992955] [AOA] Measurement: 0,1627153276.814780,08:55:31:9b:0a:1d,2,1,2,0,128,300,751,773,679,841,34,528,180,496,700,942,229,227,7,343,846,159,266,565,213,313,585,653,124,549,793,808,659,25,957,309,310,86,107,102,76,96,115,84,99,98,105,75,117,80,105,110,102,100,112,94,97,91,96,102,85,66,107,109,105,94,116,88,105
[ 1731.033550] [AOA] Measurement: 0,1627153276.855382,08:55:31:9b:0a:1d,2,1,2,0,128,319,811,755,695,738,1014,550,157,516,725,490,402,711,155,318,847,584,55,577,201,415,664,203,359,22,960,872,684,22,1010,795,754,56,65,60,50,60,70,54,65,62,65,48,72,51,66,70,63,64,67,57,57,58,62,64,55,42,67,67,70,60,72,61,68
[ 1731.075700] [AOA] Measurement: 0,1627153276.897525,08:55:31:9b:0a:1d,2,1,2,0,128,284,746,210,492,197,763,1004,1022,11,567,883,198,254,29,332,837,167,265,546,171,412,629,148,294,29,945,875,674,525,802,91,88,87,112,105,76,97,116,85,98,97,107,73,120,82,107,110,101,100,113,94,99,89,93,100,79,65,105,107,101,93,114,89,105
[ 1731.121670] [AOA] Measurement: 0,1627153276.943494,08:55:31:9b:0a:1d,2,1,2,0,128,326,791,804,707,744,987,566,166,540,740,511,441,748,162,332,843,645,80,15,15,359,584,189,306,30,969,841,707,984,930,113,107,83,97,93,75,94,110,83,101,94,101,72,112,77,100,106,95,97,103,87,88,87,94,98,85,65,103,103,107,91,112,90,103
[ 1731.173483] [AOA] Measurement: 0,1627153276.995307,08:55:31:9b:0a:1d,2,1,2,0,128,781,583,199,465,157,750,26,10,979,546,916,190,237,1004,328,867,630,58,69,43,364,620,700,150,491,742,330,524,1016,944,166,136,85,96,93,76,93,107,82,99,93,101,70,108,77,99,106,94,95,103,87,88,85,94,97,82,64,99,104,105,93,113,89,104
[ 1731.220274] [AOA] Measurement: 0,1627153277.042105,08:55:31:9b:0a:1d,2,1,2,0,128,823,657,765,693,218,775,9,990,55,561,987,219,756,183,334,814,602,55,600,189,357,615,172,308,456,756,364,546,446,734,38,140,84,104,99,77,94,109,83,100,95,103,74,115,79,104,109,100,100,109,91,93,89,93,101,85,66,105,106,108,95,112,91,106
[ 1731.259720] [AOA] Measurement: 0,1627153277.081552,08:55:31:9b:0a:1d,2,1,2,0,128,323,774,724,649,757,1000,509,171,523,704,971,239,202,1017,317,820,597,43,36,1014,867,440,215,364,48,962,821,674,989,946,493,481,87,107,103,79,97,113,84,101,98,105,74,115,82,107,111,102,101,108,94,95,88,97,102,84,66,107,110,109,95,116,90,105
[ 1731.310344] [AOA] Measurement: 0,1627153277.132170,08:55:31:9b:0a:1d,2,1,2,0,128,312,812,777,682,723,949,534,177,575,778,440,390,755,183,298,819,121,244,553,158,397,637,208,360,6,933,871,721,3,963,62,996,86,109,104,77,97,115,84,99,96,102,74,118,82,108,110,102,101,109,93,96,89,94,102,83,66,106,108,106,93,115,88,106
[ 1731.354164] [AOA] Measurement: 0,1627153277.175995,08:55:31:9b:0a:1d,2,1,2,0,128,731,529,150,428,234,800,964,983,985,569,943,197,204,1018,789,631,611,72,576,179,375,622,679,119,537,773,287,494,485,784,858,902,57,70,67,50,64,74,56,65,63,69,50,76,54,69,72,66,66,73,63,64,57,63,67,55,42,69,71,69,62,75,59,71
[ 1731.400346] [AOA] Measurement: 0,1627153277.222170,08:55:31:9b:0a:1d,2,1,2,0,128,306,744,806,719,722,978,500,168,493,745,511,414,735,160,337,856,145,247,563,223,376,646,320,433,51,987,863,753,9,968,996,930,84,106,101,76,95,115,84,99,98,105,74,117,81,107,108,101,100,107,94,96,89,94,101,83,64,106,107,105,92,114,89,105
[ 1731.448833] [AOA] Measurement: 0,1627153277.270665,08:55:31:9b:0a:1d,2,1,2,0,128,802,578,758,679,205,759,1005,22,979,504,892,193,214,1010,831,654,628,52,25,15,392,631,175,347,71,986,835,680,1019,945,69,18,86,98,96,77,94,108,82,100,95,101,72,112,78,100,106,97,99,103,89,86,87,93,98,83,65,103,106,107,94,114,90,103
[ 1731.494159] [AOA] Measurement: 0,1627153277.315990,08:55:31:9b:0a:1d,2,1,2,0,128,759,582,127,445,274,799,30,30,499,733,908,207,200,1017,819,661,165,262,567,206,390,641,189,300,481,732,353,520,486,753,987,950,57,69,68,51,64,74,55,65,64,69,49,77,53,70,73,67,66,71,62,64,59,63,67,55,43,70,73,70,62,77,61,70
[ 1731.539502] [AOA] Measurement: 0,1627153277.361333,08:55:31:9b:0a:1d,2,1,2,0,128,391,838,732,681,759,999,535,205,447,693,934,261,751,160,285,797,149,275,605,228,384,615,212,322,32,974,844,698,990,918,362,307,57,73,66,51,65,75,56,67,63,69,49,76,53,69,72,65,65,73,61,62,57,63,67,55,44,67,70,70,62,76,61,69
[ 1731.578267] [AOA] Measurement: 0,1627153277.400096,08:55:31:9b:0a:1d,2,1,2,0,128,344,785,696,642,733,974,22,33,975,519,980,228,209,8,800,670,194,288,541,184,814,382,696,156,34,966,837,643,483,791,630,559,57,69,67,50,65,73,56,66,64,68,49,76,54,70,73,67,67,72,61,62,59,62,66,55,42,68,70,69,62,74,59,69
[ 1731.621675] [AOA] Measurement: 0,1627153277.443506,08:55:31:9b:0a:1d,2,1,2,0,128,341,781,177,486,796,995,571,194,1007,569,944,201,161,985,778,615,597,28,2,3,917,465,196,328,987,898,353,562,991,952,248,185,87,105,98,76,96,112,85,99,97,106,75,116,80,107,108,100,101,109,91,94,88,96,102,84,66,106,107,105,94,115,91,107
[ 1731.667385] [AOA] Measurement: 0,1627153277.489215,08:55:31:9b:0a:1d,2,1,2,0,128,353,824,790,687,772,973,507,163,559,795,436,383,712,138,363,858,194,301,575,195,357,598,208,343,1014,930,361,530,11,963,434,398,57,68,67,51,63,74,56,66,64,69,49,74,53,70,71,67,64,72,61,63,58,63,67,56,42,69,71,70,62,76,60,70
[ 1731.711661] [AOA] Measurement: 0,1627153277.533492,08:55:31:9b:0a:1d,2,1,2,0,128,821,598,195,487,249,822,549,183,486,718,892,174,197,1010,817,635,638,57,44,7,379,605,681,146,471,778,262,454,457,781,1007,969,86,106,104,77,97,114,84,100,98,105,73,116,82,107,109,99,100,111,93,97,89,95,103,84,65,106,110,104,94,115,91,107
[ 1731.756594] [AOA] Measurement: 0,1627153277.578423,08:55:31:9b:0a:1d,2,1,2,0,128,311,739,211,516,790,995,36,14,525,740,922,180,766,162,320,802,636,68,997,985,869,444,656,139,492,750,342,502,459,727,213,248,56,70,66,51,64,75,54,66,63,69,49,76,53,71,70,67,67,71,61,62,59,63,65,54,43,69,70,68,61,75,59,70
[ 1731.799517] [AOA] Measurement: 0,1627153277.621348,08:55:31:9b:0a:1d,2,1,2,0,128,304,766,185,473,208,798,1013,2,570,778,440,363,198,997,832,676,627,73,539,162,375,595,203,347,38,975,856,699,32,995,651,579,56,73,68,49,64,76,56,64,64,69,49,77,53,71,71,66,65,73,61,64,58,62,68,54,42,69,71,69,59,74,58,69
[ 1731.837861] [AOA] Measurement: 0,1627153277.659693,08:55:31:9b:0a:1d,2,1,2,0,128,336,799,748,693,745,955,555,187,542,723,509,429,782,201,294,826,190,276,588,209,359,602,209,349,90,1021,850,689,50,982,627,542,56,69,69,51,64,75,55,66,63,68,49,76,52,69,71,67,65,72,62,63,58,62,66,55,42,69,70,68,61,76,60,68
[ 1731.885492] [AOA] Measurement: 0,1627153277.707317,08:55:31:9b:0a:1d,2,1,2,0,128,318,782,759,653,780,998,1009,21,939,544,537,423,755,179,345,852,178,274,597,207,372,607,123,317,34,981,794,665,457,754,990,996,84,99,94,78,94,111,83,100,94,102,73,112,79,101,108,98,98,104,91,88,87,92,98,84,66,103,105,108,94,113,91,105
[ 1731.930774] [AOA] Measurement: 0,1627153277.752606,08:55:31:9b:0a:1d,2,1,2,0,128,294,765,711,647,185,798,1005,1009,541,730,475,414,691,121,328,803,610,39,12,1018,403,644,181,343,43,969,865,696,1007,951,830,793,85,109,102,78,98,116,85,100,98,107,74,119,80,107,108,103,100,110,93,96,90,95,104,84,66,109,108,106,94,117,90,105
[ 1731.982496] [AOA] Measurement: 0,1627153277.804321,08:55:31:9b:0a:1d,2,1,2,0,128,304,790,206,485,288,822,515,171,492,711,949,218,231,1020,343,847,163,265,568,195,371,600,182,299,72,983,853,688,999,962,305,315,55,73,68,48,63,76,55,64,63,70,48,78,54,71,70,67,66,74,60,65,57,62,66,53,42,69,70,66,59,74,58,68
[ 1732.037169] [AOA] Measurement: 0,1627153277.859000,08:55:31:9b:0a:1d,2,1,2,0,128,381,823,714,616,785,1012,528,182,550,746,441,399,158,997,340,822,634,51,22,4,368,612,212,319,1016,946,296,470,11,932,979,943,56,70,65,51,64,74,55,66,63,69,49,78,53,69,71,66,66,72,62,64,58,63,67,55,42,69,71,70,61,76,58,70
[ 1732.080647] [AOA] Measurement: 0,1627153277.902479,08:55:31:9b:0a:1d,2,1,2,0,128,339,778,705,677,736,950,40,33,508,747,489,406,748,160,317,827,131,252,626,248,330,620,215,388,26,942,817,680,998,936,286,230,86,100,96,77,96,111,83,101,97,102,73,113,78,102,105,100,98,104,91,89,86,94,98,83,64,102,104,105,93,113,90,106
[ 1732.120272] [AOA] Measurement: 0,1627153277.942104,08:55:31:9b:0a:1d,2,1,2,0,128,286,760,759,682,762,992,540,176,968,547,470,371,211,1015,307,826,113,245,581,202,371,624,142,298,479,756,838,694,49,949,656,607,57,70,66,51,63,73,56,65,62,68,48,75,51,69,71,67,65,70,62,61,59,62,66,53,41,68,71,70,61,74,59,70
[ 1732.159228] [AOA] Measurement: 0,1627153277.981059,08:55:31:9b:0a:1d,2,1,2,0,128,318,768,757,703,766,2,534,188,518,723,493,423,773,196,297,813,162,254,546,184,386,609,188,323,23,954,860,715,31,958,567,481,82,94,90,76,90,104,80,98,92,97,73,110,76,102,107,98,98,103,90,89,86,94,98,83,65,101,105,105,95,114,91,104
[ 1732.204062] [AOA] Measurement: 0,1627153278.025893,08:55:31:9b:0a:1d,2,1,2,0,128,327,778,745,657,761,973,518,177,530,754,501,450,731,178,342,822,181,298,599,248,348,605,236,404,985,934,795,662,71,971,643,605,86,108,102,80,99,115,85,100,98,105,74,116,80,105,111,99,100,110,93,97,88,95,102,83,65,105,108,106,94,116,91,106
[ 1732.249131] [AOA] Measurement: 0,1627153278.070956,08:55:31:9b:0a:1d,2,1,2,0,128,350,788,720,700,188,800,531,171,487,719,949,256,224,14,335,833,166,280,625,222,367,641,271,389,70,997,849,709,9,958,772,651,56,72,67,51,64,76,55,64,65,69,49,76,52,71,72,68,67,72,62,64,59,63,66,56,43,69,71,71,62,77,60,71
[ 1732.291630] [AOA] Measurement: 0,1627153278.113462,08:55:31:9b:0a:1d,2,1,2,0,128,811,595,246,520,236,820,996,999,1021,603,476,405,719,181,307,812,617,49,606,234,402,638,182,324,44,960,831,700,501,783,743,680,56,73,67,51,64,77,57,65,65,71,49,77,54,70,71,67,66,73,62,63,55,62,67,53,42,71,71,68,60,77,58,70
[ 1732.330202] [AOA] Measurement: 0,1627153278.152029,08:55:31:9b:0a:1d,2,1,2,0,128,312,789,730,657,759,973,553,196,515,749,1014,292,708,182,323,828,616,62,525,155,855,366,751,215,23,962,923,721,11,943,415,341,86,111,104,76,97,115,84,99,96,105,73,116,82,106,106,102,99,111,93,98,87,94,101,82,64,106,108,102,92,117,89,103
[ 1732.379288] [AOA] Measurement: 0,1627153278.201120,08:55:31:9b:0a:1d,2,1,2,0,128,380,812,795,717,773,998,529,197,514,755,475,392,759,172,355,835,184,273,608,231,402,666,177,333,70,995,865,746,973,919,356,330,86,106,100,77,97,114,86,97,96,103,73,115,80,105,108,100,101,107,93,97,88,96,101,83,65,106,105,105,93,113,90,105
[ 1732.419239] [AOA] Measurement: 0,1627153278.241070,08:55:31:9b:0a:1d,2,1,2,0,128,277,776,186,476,205,802,1018,0,517,733,501,406,835,228,378,855,148,252,623,240,366,605,270,382,18,956,810,693,1003,917,960,914,87,107,103,77,98,115,84,99,99,106,74,114,82,106,109,103,99,110,96,99,89,96,102,83,66,107,108,105,92,115,88,107
[ 1732.461126] [AOA] Measurement: 0,1627153278.282950,08:55:31:9b:0a:1d,2,1,2,0,128,359,818,765,710,788,11,558,204,532,746,492,412,708,139,819,660,616,78,572,192,388,582,671,146,47,3,841,698,955,920,797,726,56,70,67,50,65,74,54,65,63,69,50,77,53,69,70,66,66,72,61,62,58,63,67,56,44,69,71,69,63,76,60,69
[ 1732.504144] [AOA] Measurement: 0,1627153278.325969,08:55:31:9b:0a:1d,2,1,2,0,128,752,565,756,675,767,1000,571,202,505,753,533,444,717,150,357,848,125,235,551,191,409,650,679,173,7,947,885,702,11,967,379,328,86,107,102,77,94,113,85,99,96,103,75,120,80,107,111,103,101,111,93,98,88,96,102,83,65,108,109,104,92,114,88,106
[ 1732.554019] [AOA] Measurement: 0,1627153278.375850,08:55:31:9b:0a:1d,2,1,2,0,128,324,764,708,654,737,974,4,27,536,764,480,411,779,193,383,871,170,297,528,155,857,432,197,299,16,945,921,699,1010,984,309,249,84,105,102,78,97,114,84,100,96,101,72,116,81,106,110,102,101,110,94,97,88,97,100,82,66,106,109,105,93,117,91,109
[ 1732.598786] [AOA] Measurement: 0,1627153278.420617,08:55:31:9b:0a:1d,2,1,2,0,128,370,822,669,630,737,975,993,1012,548,770,928,210,192,1016,361,845,159,268,560,193,347,593,188,343,36,955,864,692,5,956,676,669,56,71,68,51,63,74,56,65,64,68,50,76,52,69,71,65,65,72,62,64,59,62,67,54,43,70,71,69,61,75,60,69
[ 1732.645823] [AOA] Measurement: 0,1627153278.467654,08:55:31:9b:0a:1d,2,1,2,0,128,796,573,220,496,789,1016,563,215,500,734,516,437,754,159,332,860,99,240,633,230,357,631,167,283,47,957,324,508,526,793,67,135,86,105,101,77,98,113,85,99,97,105,74,115,81,106,109,101,99,110,93,97,89,96,102,85,65,104,108,106,96,114,93,107
[ 1732.691605] [AOA] Measurement: 0,1627153278.513429,08:55:31:9b:0a:1d,2,1,2,0,128,784,587,189,469,182,781,1004,1004,975,508,924,189,213,1016,356,850,605,71,569,200,324,570,166,313,15,923,262,453,483,777,113,180,56,70,65,52,64,76,55,66,64,68,49,76,52,69,72,67,66,71,61,60,59,63,66,55,45,69,70,70,63,75,59,70
[ 1732.743599] [AOA] Measurement: 0,1627153278.565423,08:55:31:9b:0a:1d,2,1,2,0,128,347,808,711,651,728,982,535,143,514,727,956,225,758,145,364,843,156,255,607,237,379,615,192,332,67,974,888,688,17,932,964,904,87,106,100,76,95,114,84,98,97,104,73,116,82,106,109,101,100,109,93,96,87,95,101,82,65,104,107,106,93,117,91,107
[ 1732.788275] [AOA] Measurement: 0,1627153278.610099,08:55:31:9b:0a:1d,2,1,2,0,128,286,757,718,646,781,1011,529,202,486,725,464,400,782,202,307,832,141,266,595,203,400,651,194,326,35,963,818,648,9,940,495,441,57,72,67,51,65,76,57,66,65,69,49,77,54,70,72,67,67,72,61,62,57,62,66,55,42,69,70,69,61,75,60,70
[ 1732.833914] [AOA] Measurement: 0,1627153278.655745,08:55:31:9b:0a:1d,2,1,2,0,128,322,810,724,634,806,1010,550,177,532,740,426,395,182,1003,831,638,164,249,552,178,403,635,186,329,499,747,820,650,37,996,755,652,57,69,64,50,64,76,55,65,63,70,48,77,53,68,70,66,65,71,61,61,58,62,67,55,43,68,72,69,62,75,60,68
[ 1732.880219] [AOA] Measurement: 0,1627153278.702044,08:55:31:9b:0a:1d,2,1,2,0,128,356,826,756,658,785,1003,545,178,523,728,926,210,195,986,359,848,135,212,1003,988,897,463,654,116,568,798,812,652,1023,956,1019,1005,86,103,98,76,94,110,83,98,95,102,72,116,79,105,109,101,97,107,90,94,86,93,100,83,65,105,104,108,94,116,92,107
[ 1732.932221] [AOA] Measurement: 0,1627153278.754046,08:55:31:9b:0a:1d,2,1,2,0,128,317,801,740,672,749,988,521,205,512,734,914,197,739,166,327,857,151,253,29,1018,349,606,665,126,13,928,837,681,17,1019,836,776,56,70,66,50,64,75,54,64,64,69,48,77,53,69,72,67,67,71,60,63,58,62,67,54,42,70,73,69,60,75,57,69
[ 1732.978204] [AOA] Measurement: 0,1627153278.800034,08:55:31:9b:0a:1d,2,1,2,0,128,277,737,807,694,728,991,573,194,984,536,923,215,218,1008,807,618,581,42,42,9,870,425,667,145,521,779,900,728,1019,950,199,217,85,100,96,76,94,110,83,100,94,100,71,110,75,100,106,98,96,103,88,91,85,93,97,82,65,102,104,107,92,112,90,103
[ 1733.023282] [AOA] Measurement: 0,1627153278.845113,08:55:31:9b:0a:1d,2,1,2,0,128,797,579,774,672,229,827,988,1011,1010,563,990,257,762,147,804,621,234,322,554,183,425,633,242,392,11,1008,876,717,997,941,381,252,85,102,98,75,92,111,83,98,96,103,72,117,80,106,109,100,100,109,92,94,87,96,102,83,64,106,106,105,93,113,88,105
[ 1733.069417] [AOA] Measurement: 0,1627153278.891241,08:55:31:9b:0a:1d,2,1,2,0,128,317,773,797,703,780,1011,564,234,534,745,453,413,785,204,376,835,130,234,604,211,371,653,256,398,50,965,870,701,44,990,527,421,86,101,99,77,96,112,84,99,96,102,74,114,78,103,109,100,100,108,93,94,89,95,100,84,66,105,105,107,94,116,92,107
[ 1733.114758] [AOA] Measurement: 0,1627153278.936582,08:55:31:9b:0a:1d,2,1,2,0,128,301,781,761,688,808,6,508,193,511,754,467,435,713,143,298,813,663,95,586,200,338,604,232,345,21,927,811,639,1018,936,1010,968,87,106,100,76,95,113,82,98,97,105,72,115,80,105,108,100,100,108,93,96,87,93,100,81,65,105,107,103,92,114,88,104
[ 1733.166065] [AOA] Measurement: 0,1627153278.987890,08:55:31:9b:0a:1d,2,1,2,0,128,339,800,804,713,779,1015,504,112,533,756,496,420,708,176,309,804,126,247,597,226,412,646,157,309,31,947,875,673,3,981,1005,990,85,111,104,75,96,116,83,98,95,103,74,118,80,107,107,99,100,113,93,96,88,94,100,81,63,106,106,102,90,112,84,101
[ 1733.211753] [AOA] Measurement: 0,1627153279.033577,08:55:31:9b:0a:1d,2,1,2,0,128,817,613,158,443,224,816,12,23,1001,559,493,420,163,990,774,604,631,68,588,216,370,625,715,170,486,790,833,676,519,807,559,516,84,102,99,77,95,110,82,99,95,101,73,114,78,102,105,99,98,108,90,93,88,93,101,83,65,105,106,107,94,115,89,104
[ 1733.262867] [AOA] Measurement: 0,1627153279.084692,08:55:31:9b:0a:1d,2,1,2,0,128,293,742,224,500,722,977,1011,995,990,529,1022,266,814,234,318,824,200,293,582,203,406,641,175,346,75,989,856,698,995,971,352,344,87,107,99,76,97,114,85,98,98,104,74,116,81,106,110,100,102,110,94,98,90,96,103,83,65,107,110,105,93,117,91,105
[ 1733.304393] [AOA] Measurement: 0,1627153279.126224,08:55:31:9b:0a:1d,2,1,2,0,128,780,593,776,675,757,997,526,184,493,712,1018,280,729,161,838,686,129,220,579,192,355,562,253,358,14,944,316,537,1021,946,836,801,85,109,103,77,94,116,86,96,97,106,72,118,79,107,107,102,99,113,93,100,88,93,101,82,63,105,108,102,91,114,89,103
[ 1733.350874] [AOA] Measurement: 0,1627153279.172706,08:55:31:9b:0a:1d,2,1,2,0,128,343,815,700,650,795,995,545,206,500,725,477,408,745,167,801,665,668,64,37,34,359,620,243,378,21,943,867,695,3,976,930,896,57,70,67,51,64,74,56,65,64,69,49,77,53,69,73,64,66,73,60,63,59,62,67,54,43,68,71,70,61,74,60,70
[ 1733.394762] [AOA] Measurement: 0,1627153279.216593,08:55:31:9b:0a:1d,2,1,2,0,128,369,810,775,698,716,968,582,200,538,766,484,436,769,195,294,822,125,268,569,180,832,413,195,389,52,1018,844,681,6,983,898,820,81,94,88,74,92,104,79,97,90,96,69,104,74,97,102,94,92,96,84,81,82,90,92,80,62,95,99,103,89,109,89,102
[ 1733.439627] [AOA] Measurement: 0,1627153279.261452,08:55:31:9b:0a:1d,2,1,2,0,128,299,765,140,445,247,836,991,985,1002,575,925,240,211,1015,745,578,628,51,64,1023,892,421,199,350,1023,974,801,656,464,759,754,802,56,68,65,50,63,74,54,65,63,68,48,76,51,69,71,65,64,69,59,61,58,61,65,54,42,68,71,68,60,73,60,70
[ 1733.485038] [AOA] Measurement: 0,1627153279.306867,08:55:31:9b:0a:1d,2,1,2,0,128,364,805,746,672,251,809,1000,1010,516,779,492,394,731,153,307,797,237,338,534,218,346,591,245,363,59,960,844,700,1015,929,79,19,87,109,103,76,95,114,84,97,98,107,75,118,82,108,109,100,100,112,94,96,88,95,100,84,65,107,110,104,93,116,89,106
[ 1733.532640] [AOA] Measurement: 0,1627153279.354465,08:55:31:9b:0a:1d,2,1,2,0,128,352,817,657,620,751,987,605,239,518,754,934,218,181,974,855,695,624,75,585,203,426,642,210,352,1007,924,822,700,425,762,946,921,79,83,82,71,87,100,76,94,87,91,67,101,70,93,102,91,91,95,82,79,82,88,91,80,62,96,99,103,89,109,86,101
[ 1733.579126] [AOA] Measurement: 0,1627153279.400957,08:55:31:9b:0a:1d,2,1,2,0,128,301,749,718,674,256,840,521,146,506,744,570,455,801,191,287,798,194,253,555,201,427,644,156,332,51,951,873,702,960,914,3,995,57,72,67,50,64,74,56,64,65,70,48,76,53,69,72,66,66,72,62,64,59,62,68,54,44,70,71,71,61,76,59,70
[ 1733.623498] [AOA] Measurement: 0,1627153279.445329,08:55:31:9b:0a:1d,2,1,2,0,128,268,772,762,626,211,817,1012,1022,540,768,446,390,835,208,279,812,165,267,1006,9,340,619,247,359,9,961,866,662,20,958,653,584,56,68,63,50,63,74,55,65,62,67,48,73,52,68,70,65,65,70,60,61,57,61,65,54,43,67,70,71,62,75,60,70
[ 1733.665887] [AOA] Measurement: 0,1627153279.487711,08:55:31:9b:0a:1d,2,1,2,0,128,280,736,749,688,766,1015,480,163,957,538,957,234,785,211,283,805,194,289,582,209,372,641,218,352,48,957,896,735,41,965,557,506,55,70,65,51,63,72,56,66,64,68,49,75,53,69,71,68,65,72,61,63,58,62,66,55,44,69,71,69,62,76,59,69
[ 1733.709981] [AOA] Measurement: 0,1627153279.531806,08:55:31:9b:0a:1d,2,1,2,0,128,317,770,776,735,760,993,39,14,529,745,476,404,746,160,313,812,204,287,563,194,365,619,189,346,56,954,871,698,39,971,731,683,56,69,67,50,63,76,56,65,64,70,49,76,51,70,71,66,67,71,61,62,58,62,67,56,43,70,70,69,62,76,59,69
[ 1733.752906] [AOA] Measurement: 0,1627153279.574731,08:55:31:9b:0a:1d,2,1,2,0,128,268,773,150,417,224,806,995,1011,975,544,899,191,187,1009,812,635,653,97,15,20,369,624,678,134,66,953,319,513,1019,969,935,864,83,104,102,76,96,113,83,99,96,102,73,116,80,106,109,100,98,107,92,95,88,92,103,83,64,105,107,102,90,115,90,104
[ 1733.802223] [AOA] Measurement: 0,1627153279.624052,08:55:31:9b:0a:1d,2,1,2,0,128,355,817,783,694,744,974,993,998,528,764,468,388,728,178,300,835,626,70,581,203,363,613,198,340,24,943,894,692,29,996,170,181,85,105,99,76,95,115,82,98,96,103,73,115,79,104,107,99,98,109,91,94,87,95,99,83,65,104,107,106,90,114,89,107
[ 1733.856243] [AOA] Measurement: 0,1627153279.678075,08:55:31:9b:0a:1d,2,1,2,0,128,322,783,745,646,797,1009,522,211,546,765,460,410,729,138,319,824,620,37,980,992,824,419,219,349,24,948,849,670,4,933,592,672,56,70,66,51,64,75,55,66,64,69,48,78,53,70,71,65,65,72,60,63,59,63,66,55,43,70,71,70,61,77,59,69
[ 1733.900534] [AOA] Measurement: 0,1627153279.722360,08:55:31:9b:0a:1d,2,1,2,0,128,287,763,781,682,746,987,559,220,467,703,919,190,209,1023,778,603,635,37,572,213,398,597,213,342,35,963,903,752,967,933,69,20,85,105,100,79,96,112,83,100,96,102,74,116,79,105,110,102,99,109,92,95,88,93,102,84,65,105,107,108,94,115,90,107
[ 1733.952198] [AOA] Measurement: 0,1627153279.774023,08:55:31:9b:0a:1d,2,1,2,0,128,328,803,739,677,813,1014,561,179,490,751,953,247,731,179,301,815,170,251,38,14,883,421,669,138,519,777,871,716,439,765,939,865,84,106,99,75,96,111,86,98,97,106,76,116,81,107,108,102,99,110,95,98,89,95,103,85,66,107,110,106,94,115,90,106
[ 1733.997090] [AOA] Measurement: 0,1627153279.818914,08:55:31:9b:0a:1d,2,1,2,0,128,305,774,164,477,243,820,41,20,507,749,439,381,802,162,335,843,196,277,558,189,414,635,187,333,6,930,887,706,80,1022,660,657,82,91,91,76,91,103,80,98,91,97,68,108,73,98,103,94,94,98,86,84,83,91,96,81,62,97,101,105,90,110,87,101
[ 1734.042504] [AOA] Measurement: 0,1627153279.864336,08:55:31:9b:0a:1d,2,1,2,0,128,802,570,155,456,250,837,1006,1011,491,718,464,431,755,171,812,647,645,69,549,185,818,404,692,150,7,935,914,736,31,993,306,210,86,109,104,76,96,114,84,99,97,107,76,119,82,108,108,101,100,112,91,98,88,95,100,83,63,105,109,105,94,115,90,106
[ 1734.086382] [AOA] Measurement: 0,1627153279.908207,08:55:31:9b:0a:1d,2,1,2,0,128,757,601,193,501,739,1008,497,175,500,740,476,426,767,200,403,891,147,260,638,246,362,626,206,343,25,951,855,694,445,749,1000,987,57,74,69,51,64,75,56,64,65,70,49,77,53,72,71,67,65,73,62,65,58,62,66,52,41,69,71,69,58,76,59,69
[ 1734.130402] [AOA] Measurement: 0,1627153279.952227,08:55:31:9b:0a:1d,2,1,2,0,128,309,766,165,486,191,757,73,58,519,745,488,417,810,219,310,835,81,239,1016,1008,432,676,217,338,36,960,840,657,1014,956,964,933,86,110,105,76,97,115,84,98,96,107,73,116,81,106,109,101,100,110,93,97,87,93,102,83,65,107,109,104,92,112,88,104
[ 1734.181834] [AOA] Measurement: 0,1627153280.003661,08:55:31:9b:0a:1d,2,1,2,0,128,285,749,781,690,764,970,1017,21,528,760,445,395,702,177,365,880,109,177,608,231,348,574,280,392,40,934,863,725,1006,944,435,408,84,109,102,75,95,111,83,99,96,104,74,117,79,107,109,101,99,111,93,97,88,95,102,84,64,106,107,104,94,115,91,107
[ 1734.229338] [AOA] Measurement: 0,1627153280.051168,08:55:31:9b:0a:1d,2,1,2,0,128,282,751,178,433,752,984,509,178,454,680,899,186,202,999,796,638,177,251,37,11,369,612,662,117,1010,910,302,493,487,769,409,446,85,110,101,77,94,113,83,98,97,105,75,116,82,107,111,99,99,109,94,95,89,94,103,84,66,104,109,103,94,114,90,106
[ 1734.269522] [AOA] Measurement: 0,1627153280.091351,08:55:31:9b:0a:1d,2,1,2,0,128,265,726,812,731,763,987,514,189,472,708,480,410,194,983,824,672,146,240,609,215,392,617,672,139,465,744,298,498,52,968,422,307,56,71,68,50,63,75,55,63,63,69,47,77,52,69,72,66,65,72,62,64,58,62,68,55,41,69,71,68,61,75,58,68
[ 1734.314131] [AOA] Measurement: 0,1627153280.135960,08:55:31:9b:0a:1d,2,1,2,0,128,281,785,775,676,746,991,544,167,965,518,956,222,186,966,819,632,613,18,596,198,866,398,671,165,6,956,818,676,44,972,984,941,85,104,99,75,95,112,85,98,95,104,73,116,78,102,108,100,99,104,90,93,85,95,98,83,63,105,107,106,91,114,90,105
[ 1734.358224] [AOA] Measurement: 0,1627153280.180049,08:55:31:9b:0a:1d,2,1,2,0,128,351,785,770,666,744,998,511,185,517,732,906,235,221,7,341,839,580,41,4,1003,801,381,659,104,513,782,827,686,451,738,887,955,84,103,98,76,93,112,83,100,93,102,72,113,77,103,108,99,100,107,90,91,87,97,100,84,65,104,105,105,93,113,89,106
[ 1734.402692] [AOA] Measurement: 0,1627153280.224518,08:55:31:9b:0a:1d,2,1,2,0,128,330,784,727,661,763,996,12,20,505,724,490,432,763,195,310,827,616,38,618,225,401,633,237,362,29,988,820,659,24,987,377,336,86,104,101,79,97,113,85,99,95,104,72,116,80,105,108,102,101,110,91,94,88,96,101,84,66,102,108,107,93,115,90,105
[ 1734.454264] [AOA] Measurement: 0,1627153280.276089,08:55:31:9b:0a:1d,2,1,2,0,128,372,799,773,682,801,998,550,183,513,744,473,413,749,198,291,828,152,260,616,248,366,640,321,413,47,956,858,718,1009,935,616,461,83,111,105,77,97,115,85,99,97,105,73,117,80,107,108,101,101,113,93,98,89,95,102,85,64,106,110,104,93,114,88,103
[ 1734.500962] [AOA] Measurement: 0,1627153280.322791,08:55:31:9b:0a:1d,2,1,2,0,128,242,736,195,503,791,986,590,208,526,725,493,440,765,176,798,633,645,75,2,1022,376,639,200,325,23,931,868,700,463,744,280,316,56,70,67,50,63,75,56,65,63,69,49,74,53,69,71,66,65,73,61,64,58,62,66,54,42,69,71,68,60,75,59,70
[ 1734.539686] [AOA] Measurement: 0,1627153280.361516,08:55:31:9b:0a:1d,2,1,2,0,128,323,777,731,654,786,1017,508,159,506,758,414,379,747,146,372,869,158,237,548,163,915,477,189,311,489,774,812,654,1023,929,317,312,86,109,105,76,97,115,84,99,97,106,73,118,81,106,110,101,100,111,93,98,88,94,100,83,64,106,106,106,93,116,90,107
[ 1734.586625] [AOA] Measurement: 0,1627153280.408454,08:55:31:9b:0a:1d,2,1,2,0,128,332,781,218,474,772,996,16,33,534,768,494,421,763,153,318,805,627,44,69,24,843,416,659,148,477,779,379,551,481,786,644,643,83,98,95,76,95,110,83,100,96,102,73,112,77,101,106,97,99,104,89,90,85,94,96,85,65,102,105,108,94,112,91,107
[ 1734.631118] [AOA] Measurement: 0,1627153280.452947,08:55:31:9b:0a:1d,2,1,2,0,128,275,724,210,486,750,988,541,187,485,690,1001,234,128,969,824,646,682,103,996,1017,824,393,184,317,557,763,302,499,460,756,625,621,86,109,102,77,95,115,85,100,96,104,75,118,81,108,110,101,99,111,92,97,90,95,103,86,64,106,109,105,93,116,90,106
[ 1734.676648] [AOA] Measurement: 0,1627153280.498477,08:55:31:9b:0a:1d,2,1,2,0,128,311,771,731,649,800,995,498,163,571,754,471,428,745,166,763,607,676,100,555,215,314,600,660,134,88,984,846,704,16,938,771,715,56,69,68,52,63,74,55,66,64,69,49,77,53,69,69,66,65,73,61,63,59,62,67,55,42,71,70,69,62,75,60,68
[ 1734.716794] [AOA] Measurement: 0,1627153280.538621,08:55:31:9b:0a:1d,2,1,2,0,128,314,789,734,684,793,1005,580,177,505,698,541,438,760,196,339,843,141,256,595,226,378,673,216,397,1021,966,866,704,9,972,799,722,86,107,102,77,97,114,83,97,97,105,73,118,80,104,108,100,101,109,94,96,87,94,100,82,64,105,108,104,89,115,89,107
[ 1734.758848] [AOA] Measurement: 0,1627153280.580678,08:55:31:9b:0a:1d,2,1,2,0,128,354,776,726,679,780,993,570,211,513,761,515,428,746,154,306,812,164,312,539,147,413,656,155,329,29,932,933,752,23,961,398,269,86,105,101,78,96,108,85,100,95,103,73,116,81,103,109,102,101,108,92,92,88,94,99,85,66,105,106,106,95,114,91,107
[ 1734.798850] [AOA] Measurement: 0,1627153280.620680,08:55:31:9b:0a:1d,2,1,2,0,128,304,790,697,626,760,947,996,4,550,759,421,394,727,171,372,868,86,208,582,194,396,637,203,351,24,943,829,667,999,950,610,552,86,107,100,77,96,113,84,98,97,103,75,114,81,105,108,102,99,107,93,95,88,94,102,84,66,107,108,106,94,117,92,105
[ 1734.838543] [AOA] Measurement: 0,1627153280.660373,08:55:31:9b:0a:1d,2,1,2,0,128,350,778,767,676,788,1018,504,171,486,742,881,183,717,125,801,608,604,34,43,35,397,629,186,333,8,921,323,519,35,980,760,703,87,103,97,76,94,112,82,99,95,102,73,113,80,104,110,100,100,108,93,94,86,94,100,82,65,103,103,105,94,115,90,105
[ 1734.878946] [AOA] Measurement: 0,1627153280.700773,08:55:31:9b:0a:1d,2,1,2,0,128,312,789,718,683,754,952,559,216,496,733,494,404,713,184,325,843,132,254,588,205,381,608,179,306,32,947,267,477,44,959,211,254,83,96,94,75,92,106,81,99,91,99,71,111,74,100,104,97,97,102,87,86,85,92,98,84,66,102,103,106,93,112,90,104
[ 1734.930125] [AOA] Measurement: 0,1627153280.751952,08:55:31:9b:0a:1d,2,1,2,0,128,311,803,729,708,793,1005,525,159,540,753,500,391,728,120,300,817,661,85,16,5,315,584,203,329,38,966,858,712,34,1000,566,529,87,106,100,77,96,111,82,98,96,105,73,115,78,103,108,99,100,108,91,95,88,96,99,83,64,105,106,107,92,114,90,104
[ 1734.976450] [AOA] Measurement: 0,1627153280.798280,08:55:31:9b:0a:1d,2,1,2,0,128,319,763,153,461,781,1010,579,205,531,758,447,412,735,158,334,852,154,259,610,209,339,611,182,316,1021,962,810,646,1022,957,816,816,57,72,69,51,65,76,57,66,64,70,48,78,54,71,72,65,66,72,61,63,58,62,67,54,42,70,71,68,61,76,59,70
[ 1735.020905] [AOA] Measurement: 0,1627153280.842727,08:55:31:9b:0a:1d,2,1,2,0,128,324,791,779,695,709,940,570,223,523,757,432,382,743,170,330,809,625,52,578,217,377,623,167,282,32,945,860,682,8,982,281,254,85,103,98,77,96,111,84,99,95,103,73,114,78,104,108,100,99,106,94,94,88,94,101,84,66,104,108,107,92,113,90,105
[ 1735.060683] [AOA] Measurement: 0,1627153280.882512,08:55:31:9b:0a:1d,2,1,2,0,128,252,733,155,423,275,818,1018,1016,547,763,444,393,793,207,328,841,650,64,21,1001,864,449,669,127,9,964,837,684,478,770,880,924,85,101,95,76,95,111,84,100,97,101,73,114,80,104,108,101,99,107,91,90,87,96,102,85,66,107,107,108,94,115,91,105
[ 1735.112391] [AOA] Measurement: 0,1627153280.934218,08:55:31:9b:0a:1d,2,1,2,0,128,336,790,689,658,799,1019,578,206,544,751,462,430,753,184,297,826,616,75,615,223,340,583,170,344,42,979,845,699,0,922,968,959,56,67,67,51,64,74,55,67,62,67,49,75,52,68,72,65,65,72,60,60,59,62,65,55,43,69,68,70,62,74,58,68
[ 1735.163081] [AOA] Measurement: 0,1627153280.984906,08:55:31:9b:0a:1d,2,1,2,0,128,779,565,715,650,198,777,43,9,995,568,525,456,765,195,335,860,168,255,579,190,360,625,216,367,1023,949,855,678,15,954,985,973,55,74,69,48,63,77,55,61,63,69,49,77,53,70,71,66,65,73,62,66,57,62,67,52,40,67,71,65,58,74,55,66
[ 1735.208124] [AOA] Measurement: 0,1627153281.029953,08:55:31:9b:0a:1d,2,1,2,0,128,330,763,721,672,777,1010,556,198,492,699,932,208,778,186,320,833,579,16,57,36,349,603,238,338,35,970,864,687,14,965,495,403,81,91,91,75,90,105,78,98,92,98,72,109,77,99,105,95,95,105,88,90,86,92,98,82,66,104,103,107,92,112,90,104
[ 1735.247304] [AOA] Measurement: 0,1627153281.069134,08:55:31:9b:0a:1d,2,1,2,0,128,333,794,186,481,208,795,997,986,1020,560,965,191,97,954,854,677,121,238,530,185,383,629,687,117,548,783,338,515,443,744,243,316,57,69,66,51,62,73,55,64,62,67,48,76,53,69,71,65,65,73,62,62,58,61,67,54,42,69,72,68,60,77,59,70
[ 1735.292429] [AOA] Measurement: 0,1627153281.114260,08:55:31:9b:0a:1d,2,1,2,0,128,349,766,753,664,734,1002,534,174,512,742,916,187,215,1021,761,599,663,64,558,174,372,596,204,330,540,836,808,647,467,741,858,831,83,97,91,75,93,108,81,97,91,99,69,111,75,101,103,98,97,100,87,89,85,92,98,82,63,100,105,107,94,115,90,105
[ 1735.350684] [AOA] Measurement: 0,1627153281.172483,08:55:31:9b:0a:1d,2,1,2,0,128,321,779,761,662,784,0,586,217,463,715,479,432,754,164,340,844,114,202,579,210,370,635,204,353,47,951,858,704,0,950,285,241,87,108,102,77,96,114,84,98,96,104,73,118,79,106,109,101,101,110,94,98,89,93,101,83,64,107,107,101,91,114,87,104
[ 1735.398305] [AOA] Measurement: 0,1627153281.220135,08:55:31:9b:0a:1d,2,1,2,0,128,290,773,103,425,229,821,2,1022,964,535,928,212,206,993,809,663,557,32,14,1006,826,425,683,141,510,755,281,470,478,753,734,705,85,108,103,76,96,115,84,100,96,104,73,115,80,108,109,100,99,110,94,96,87,94,101,82,63,107,108,106,93,113,89,106
[ 1735.444134] [AOA] Measurement: 0,1627153281.265964,08:55:31:9b:0a:1d,2,1,2,0,128,281,776,762,685,802,978,551,198,466,694,975,233,748,149,370,858,184,266,604,201,382,609,255,379,25,950,868,695,995,943,368,341,82,100,95,76,93,109,81,100,96,101,73,112,77,103,109,99,99,107,89,89,87,93,99,85,66,102,106,107,95,116,91,107
[ 1735.488524] [AOA] Measurement: 0,1627153281.310353,08:55:31:9b:0a:1d,2,1,2,0,128,310,768,703,630,741,993,608,220,473,725,537,483,755,176,353,813,110,211,582,236,333,608,206,365,63,976,836,696,44,986,261,73,83,95,92,76,94,107,84,99,92,101,72,112,76,101,106,98,96,104,89,91,84,93,99,84,65,104,106,108,93,113,91,104
[ 1735.528248] [AOA] Measurement: 0,1627153281.350076,08:55:31:9b:0a:1d,2,1,2,0,128,334,795,760,677,745,969,515,184,557,790,431,353,794,200,333,854,163,260,580,211,333,614,213,335,53,966,883,704,19,968,873,802,57,72,70,49,64,76,55,64,63,68,49,76,54,69,72,68,66,71,61,63,59,62,68,53,41,69,71,69,61,77,58,71
[ 1735.576401] [AOA] Measurement: 0,1627153281.398231,08:55:31:9b:0a:1d,2,1,2,0,128,303,772,781,717,735,1000,521,198,514,726,515,407,812,212,302,821,95,211,585,216,379,641,172,305,65,982,799,644,23,965,448,417,81,93,91,74,90,105,77,97,91,96,69,106,76,98,101,96,96,104,89,89,85,94,98,83,64,103,104,107,92,113,90,108
[ 1735.625059] [AOA] Measurement: 0,1627153281.446883,08:55:31:9b:0a:1d,2,1,2,0,128,337,801,722,680,759,996,600,219,519,745,511,440,717,170,375,852,177,264,534,187,383,616,207,359,22,971,823,668,7,951,267,174,85,98,93,76,92,107,80,97,94,99,70,109,78,103,106,98,98,106,89,91,86,92,98,82,64,103,105,106,94,116,91,107
[ 1735.670705] [AOA] Measurement: 0,1627153281.492534,08:55:31:9b:0a:1d,2,1,2,0,128,731,545,209,469,217,770,92,63,493,738,508,424,668,124,342,830,191,291,546,145,430,599,231,361,488,734,905,690,1011,961,830,778,56,69,65,51,63,73,55,66,64,67,47,75,52,68,71,66,66,69,60,60,59,62,65,54,42,67,68,70,61,75,60,69
[ 1735.714761] [AOA] Measurement: 0,1627153281.536590,08:55:31:9b:0a:1d,2,1,2,0,128,352,782,760,673,780,1003,36,998,954,502,548,430,736,159,373,874,90,226,606,238,399,677,180,367,59,979,876,695,4,972,712,661,86,104,100,78,95,114,84,100,96,104,74,119,81,107,109,101,99,108,91,94,88,94,102,84,65,106,107,107,93,117,91,106
[ 1735.758987] [AOA] Measurement: 0,1627153281.580816,08:55:31:9b:0a:1d,2,1,2,0,128,311,775,780,696,780,999,553,200,559,791,466,421,741,160,329,841,173,283,24,12,801,397,698,180,18,964,864,718,23,971,353,295,82,91,89,74,92,105,81,98,90,97,69,106,74,96,103,94,95,99,88,83,84,90,95,80,64,97,99,105,91,110,88,104
[ 1735.797464] [AOA] Measurement: 0,1627153281.619294,08:55:31:9b:0a:1d,2,1,2,0,128,269,747,224,494,215,813,534,185,508,744,490,423,715,143,355,853,119,245,597,223,396,681,213,370,27,950,844,680,50,973,81,5,85,104,101,77,96,113,85,100,95,104,72,117,81,104,109,101,100,110,92,94,88,96,101,85,64,106,108,107,94,114,89,106
[ 1735.843504] [AOA] Measurement: 0,1627153281.665334,08:55:31:9b:0a:1d,2,1,2,0,128,788,562,177,473,797,1004,23,1004,532,765,479,416,144,979,819,642,645,58,79,1,369,615,651,110,480,702,349,488,465,735,150,209,86,105,100,77,98,114,84,99,97,106,73,114,78,105,108,101,99,109,92,94,88,94,99,84,65,104,105,104,92,117,89,104
[ 1735.887891] [AOA] Measurement: 0,1627153281.709721,08:55:31:9b:0a:1d,2,1,2,0,128,379,829,717,660,784,1011,516,193,536,760,536,456,743,185,286,791,646,68,0,1010,903,417,672,130,479,764,240,437,474,765,157,123,86,105,100,76,96,112,83,99,95,104,73,117,81,107,109,101,99,109,94,95,89,95,102,84,65,104,108,105,93,117,90,109
[ 1735.928105] [AOA] Measurement: 0,1627153281.749930,08:55:31:9b:0a:1d,2,1,2,0,128,318,782,688,633,779,1005,530,134,486,744,456,412,766,174,375,846,140,278,579,185,460,683,192,339,80,987,866,698,37,968,407,339,83,109,103,74,95,114,85,96,96,105,73,119,80,105,108,99,99,107,92,96,88,95,102,83,62,105,108,103,90,113,89,104
[ 1735.976927] [AOA] Measurement: 0,1627153281.798757,08:55:31:9b:0a:1d,2,1,2,0,128,777,574,200,479,208,803,32,52,486,731,987,264,235,1016,812,644,179,270,578,190,306,549,720,154,528,762,343,537,25,979,420,436,56,71,66,49,63,75,56,65,63,70,49,77,54,71,71,67,66,74,63,64,59,63,67,55,42,68,71,70,59,75,58,68
[ 1736.023472] [AOA] Measurement: 0,1627153281.845297,08:55:31:9b:0a:1d,2,1,2,0,128,341,781,692,627,214,805,558,208,944,524,486,417,770,198,354,863,113,237,544,215,324,596,635,123,517,755,328,501,25,945,483,469,57,69,67,51,64,75,55,65,62,67,48,76,52,69,72,65,65,72,60,62,57,61,65,54,42,67,70,69,61,76,60,69
[ 1736.067039] [AOA] Measurement: 0,1627153281.888865,08:55:31:9b:0a:1d,2,1,2,0,128,334,792,772,691,759,996,508,170,521,734,468,444,722,159,340,836,223,277,630,198,415,653,220,388,32,955,864,738,1000,961,927,881,85,101,97,77,96,110,84,101,96,103,73,113,78,103,107,100,100,109,92,91,89,96,99,84,65,103,107,107,93,113,90,106
[ 1736.108091] [AOA] Measurement: 0,1627153281.929920,08:55:31:9b:0a:1d,2,1,2,0,128,760,554,741,671,234,808,12,0,563,762,455,409,741,173,772,589,639,85,539,201,408,640,205,337,24,929,769,633,505,804,1008,992,56,72,66,51,63,76,56,66,63,69,49,76,52,70,70,68,65,73,62,63,58,62,64,55,42,69,70,69,61,74,58,69
[ 1736.147618] [AOA] Measurement: 0,1627153281.969448,08:55:31:9b:0a:1d,2,1,2,0,128,280,774,781,728,785,993,530,171,993,532,948,213,224,988,299,836,596,61,38,17,392,645,616,114,507,744,303,535,61,991,187,94,86,110,102,77,97,113,84,97,95,104,73,118,80,106,107,101,100,109,91,97,90,96,101,84,65,106,109,105,93,116,90,107
[ 1736.187362] [AOA] Measurement: 0,1627153282.009191,08:55:31:9b:0a:1d,2,1,2,0,128,316,797,731,668,795,15,475,168,473,729,468,416,746,189,325,832,156,273,589,229,384,604,260,355,1023,964,841,711,491,772,3,43,86,104,98,76,95,112,84,100,96,102,71,112,78,100,105,100,100,106,91,90,86,94,98,83,64,103,104,106,94,113,90,105
[ 1736.237185] [AOA] Measurement: 0,1627153282.059012,08:55:31:9b:0a:1d,2,1,2,0,128,357,828,762,679,798,1013,541,163,557,780,486,411,768,219,357,900,91,190,550,175,388,601,195,306,58,968,843,691,42,973,150,23,87,109,104,76,97,115,83,97,96,107,73,118,82,106,110,101,99,111,93,99,89,94,102,83,64,107,107,102,92,116,90,104
[ 1736.283049] [AOA] Measurement: 0,1627153282.104878,08:55:31:9b:0a:1d,2,1,2,0,128,794,572,250,503,809,981,984,1019,1009,575,926,192,221,24,820,652,606,77,18,16,822,395,647,127,484,755,292,515,489,759,188,150,87,111,103,77,97,114,83,98,97,105,73,119,81,107,110,102,99,112,95,96,90,96,102,84,64,106,108,103,90,114,88,105
[ 1736.327997] [AOA] Measurement: 0,1627153282.149822,08:55:31:9b:0a:1d,2,1,2,0,128,281,769,171,472,259,838,549,184,518,747,938,220,167,959,834,636,576,4,44,23,872,453,175,338,6,952,873,694,1008,956,709,716,55,69,68,48,63,74,55,64,63,68,47,77,51,70,70,66,65,72,60,64,57,62,66,54,42,69,69,67,60,76,57,68
[ 1736.366052] [AOA] Measurement: 0,1627153282.187881,08:55:31:9b:0a:1d,2,1,2,0,128,320,830,694,649,801,1010,41,1023,530,765,538,470,732,165,329,806,171,274,578,174,790,401,626,120,514,764,264,462,559,813,25,54,57,70,65,51,65,76,56,66,65,70,49,76,53,67,71,66,66,72,62,63,57,63,66,55,43,70,72,69,61,75,59,69
[ 1736.409709] [AOA] Measurement: 0,1627153282.231536,08:55:31:9b:0a:1d,2,1,2,0,128,308,744,750,659,773,989,526,160,1023,563,429,397,739,148,749,623,671,77,544,194,400,635,217,330,77,981,875,718,1019,963,266,165,86,105,102,77,96,112,84,101,95,105,72,115,79,105,107,99,100,108,93,92,88,96,101,85,66,104,106,105,92,113,89,108
[ 1736.454707] [AOA] Measurement: 0,1627153282.276536,08:55:31:9b:0a:1d,2,1,2,0,128,822,605,199,448,214,795,36,25,531,767,901,184,173,960,817,671,589,53,36,14,363,619,252,330,1007,929,297,518,7,975,476,504,88,107,102,75,96,115,84,99,99,106,74,117,81,106,110,100,99,108,93,98,89,95,102,83,66,107,108,104,94,115,90,106
[ 1736.499682] [AOA] Measurement: 0,1627153282.321512,08:55:31:9b:0a:1d,2,1,2,0,128,336,796,762,701,792,989,555,205,530,762,437,402,741,152,330,863,185,272,569,210,387,593,231,366,1007,934,294,503,451,761,647,711,84,105,98,77,95,112,84,100,95,103,74,112,81,103,108,102,100,107,91,96,90,96,102,83,66,108,108,106,94,115,91,107
[ 1736.543088] [AOA] Measurement: 0,1627153282.364915,08:55:31:9b:0a:1d,2,1,2,0,128,291,761,733,651,744,984,535,216,528,748,491,400,228,1021,777,626,635,61,621,212,382,609,179,322,6,949,831,715,3,977,751,670,56,71,67,50,64,75,55,65,64,70,48,77,53,70,72,65,66,73,61,62,59,63,65,55,42,70,70,71,62,75,60,69
[ 1736.589215] [AOA] Measurement: 0,1627153282.411044,08:55:31:9b:0a:1d,2,1,2,0,128,359,791,762,687,755,975,519,182,546,766,501,451,734,161,289,787,605,55,544,193,864,430,751,229,36,983,848,671,34,942,994,953,86,104,97,78,94,112,86,98,97,104,72,115,79,103,107,98,100,106,91,95,88,95,101,84,64,105,105,105,93,114,91,106
[ 1736.634774] [AOA] Measurement: 0,1627153282.456604,08:55:31:9b:0a:1d,2,1,2,0,128,781,565,188,491,241,828,25,7,974,540,922,194,217,1023,321,840,150,219,29,6,414,650,143,299,521,743,867,692,472,760,1008,30,85,103,100,75,96,114,85,99,97,104,74,115,80,106,108,102,102,109,92,94,90,94,99,84,64,105,106,103,91,113,87,105
[ 1736.678664] [AOA] Measurement: 0,1627153282.500492,08:55:31:9b:0a:1d,2,1,2,0,128,781,581,214,488,239,809,36,10,989,545,970,246,139,967,372,831,640,95,580,183,319,560,711,158,458,734,302,501,492,792,582,653,56,75,69,50,64,76,55,64,63,70,49,78,53,69,69,66,65,72,61,64,57,63,66,52,42,70,71,67,60,75,57,69
[ 1736.717066] [AOA] Measurement: 0,1627153282.538895,08:55:31:9b:0a:1d,2,1,2,0,128,305,789,712,658,783,984,514,179,961,560,971,242,739,158,305,827,131,230,25,1005,377,649,203,351,1007,947,316,526,519,776,137,107,55,69,66,50,65,74,56,65,64,67,48,74,52,68,72,67,65,72,61,62,57,62,67,55,43,69,71,69,62,76,58,71
[ 1736.762293] [AOA] Measurement: 0,1627153282.584118,08:55:31:9b:0a:1d,2,1,2,0,128,270,754,811,708,770,1000,39,35,472,702,522,442,784,187,372,847,113,244,37,4,377,617,697,157,27,959,805,653,482,742,402,359,55,71,66,49,63,74,56,65,64,68,48,76,53,69,72,66,64,70,61,63,59,62,67,54,41,70,70,68,61,75,59,70
[ 1736.811031] [AOA] Measurement: 0,1627153282.632860,08:55:31:9b:0a:1d,2,1,2,0,128,330,776,177,474,788,1008,534,148,548,736,965,235,768,184,315,847,150,239,608,206,335,587,217,329,29,958,820,670,438,738,915,981,86,104,99,78,96,113,84,99,98,103,74,115,79,103,110,101,99,108,92,94,88,93,100,84,66,105,108,107,94,116,90,106
[ 1736.858791] [AOA] Measurement: 0,1627153282.680618,08:55:31:9b:0a:1d,2,1,2,0,128,347,781,740,665,783,1018,521,199,496,724,476,390,757,199,317,803,131,251,28,0,411,660,215,343,48,988,822,671,994,933,420,431,86,105,101,77,96,115,85,99,98,104,74,117,80,106,109,100,98,108,93,93,89,94,100,84,66,104,106,109,93,115,91,107
[ 1736.903239] [AOA] Measurement: 0,1627153282.725065,08:55:31:9b:0a:1d,2,1,2,0,128,756,568,736,664,249,845,995,1023,1017,551,932,210,210,1004,352,841,158,260,548,180,383,629,212,359,52,991,830,678,5,962,84,129,86,103,99,76,94,112,84,100,95,104,72,113,79,103,108,99,98,105,90,90,87,94,100,84,65,103,108,107,95,116,90,107
[ 1736.948723] [AOA] Measurement: 0,1627153282.770547,08:55:31:9b:0a:1d,2,1,2,0,128,338,815,698,636,708,969,601,210,477,736,425,373,750,162,361,828,161,242,581,211,358,630,226,331,7,948,846,736,32,966,756,704,56,69,67,49,62,75,54,66,64,70,49,78,52,68,71,68,66,72,61,61,59,64,67,54,42,68,71,68,61,74,59,71
[ 1736.992084] [AOA] Measurement: 0,1627153282.813912,08:55:31:9b:0a:1d,2,1,2,0,128,794,584,174,465,172,802,42,42,993,549,945,243,156,975,374,851,75,222,573,218,385,612,221,350,986,929,875,700,979,938,961,977,57,72,68,49,63,75,55,64,64,68,47,76,53,68,69,66,64,72,61,64,57,61,66,53,40,68,70,67,59,74,58,68
[ 1737.044344] [AOA] Measurement: 0,1627153282.866173,08:55:31:9b:0a:1d,2,1,2,0,128,313,772,716,652,756,996,3,1003,518,716,923,200,224,1019,360,850,111,227,524,178,811,398,246,394,79,1015,856,722,1009,936,935,846,55,69,67,50,64,74,55,64,63,69,48,74,52,68,70,65,64,71,59,62,59,61,67,53,42,69,69,67,61,74,58,68
[ 1737.091192] [AOA] Measurement: 0,1627153282.913016,08:55:31:9b:0a:1d,2,1,2,0,128,361,798,761,681,798,8,532,178,534,754,481,395,725,155,326,835,135,245,604,233,360,597,214,334,84,1007,869,704,32,1020,701,565,84,109,104,75,97,115,84,97,96,106,74,118,80,109,107,100,99,109,92,96,88,92,99,81,62,106,107,101,88,112,87,103
[ 1737.137278] [AOA] Measurement: 0,1627153282.959106,08:55:31:9b:0a:1d,2,1,2,0,128,375,788,721,643,244,804,1018,9,1000,545,968,260,741,173,308,835,614,60,612,213,391,613,209,326,39,953,866,674,997,932,482,521,85,106,103,77,97,114,86,99,96,105,74,116,79,104,110,102,98,110,93,95,89,95,102,82,65,106,109,105,94,116,89,107
[ 1737.183244] [AOA] Measurement: 0,1627153283.005068,08:55:31:9b:0a:1d,2,1,2,0,128,313,778,770,705,761,986,626,232,562,735,487,428,669,138,348,854,122,225,614,235,364,596,234,357,26,935,872,701,38,963,12,0,84,98,93,76,92,108,82,97,92,101,71,111,76,100,107,98,98,103,89,90,85,92,100,83,64,103,104,104,91,112,89,105
[ 1737.234437] [AOA] Measurement: 0,1627153283.056262,08:55:31:9b:0a:1d,2,1,2,0,128,294,760,235,506,726,963,31,0,994,531,916,193,269,16,328,828,169,274,586,218,358,561,666,181,39,965,866,746,16,930,704,708,57,71,66,47,63,76,55,64,62,69,47,76,53,70,71,65,65,71,60,63,56,60,67,54,42,70,69,67,60,75,57,66
[ 1737.279797] [AOA] Measurement: 0,1627153283.101628,08:55:31:9b:0a:1d,2,1,2,0,128,310,769,770,679,717,970,525,159,524,707,990,231,782,207,321,853,116,216,620,238,348,600,629,126,50,965,222,433,518,800,477,520,57,72,67,50,63,75,55,66,63,69,50,77,53,68,70,67,65,71,62,64,57,63,68,55,42,70,70,69,62,76,58,70
[ 1737.318119] [AOA] Measurement: 0,1627153283.139947,08:55:31:9b:0a:1d,2,1,2,0,128,313,785,736,683,813,11,507,176,605,776,538,462,740,169,323,803,121,256,586,223,833,427,228,362,47,993,836,713,43,981,660,563,56,72,69,49,64,76,54,63,63,70,48,79,52,72,71,68,65,73,63,65,58,63,66,54,41,70,71,66,60,74,57,66
[ 1737.361991] [AOA] Measurement: 0,1627153283.183822,08:55:31:9b:0a:1d,2,1,2,0,128,313,809,164,459,241,811,1015,5,1013,591,966,220,149,966,826,652,578,28,560,206,818,416,641,155,496,782,304,504,43,962,229,180,85,99,97,76,95,110,82,100,94,102,71,110,77,100,107,99,97,102,89,90,86,93,97,81,63,102,103,105,93,113,90,107
[ 1737.407115] [AOA] Measurement: 0,1627153283.228945,08:55:31:9b:0a:1d,2,1,2,0,128,354,798,747,684,786,989,560,177,1009,575,937,178,770,140,743,603,670,84,56,13,852,436,238,371,44,963,823,672,965,954,254,198,81,95,90,74,92,108,81,98,91,98,70,109,75,100,107,98,95,103,88,87,84,91,97,84,64,102,104,106,94,112,89,106
[ 1737.453906] [AOA] Measurement: 0,1627153283.275730,08:55:31:9b:0a:1d,2,1,2,0,128,775,573,102,416,252,800,48,61,960,518,958,207,171,973,847,665,159,268,548,199,365,615,613,113,482,769,842,691,27,982,103,93,56,72,69,51,64,76,55,66,64,69,49,76,53,69,71,68,66,72,61,64,59,63,67,54,43,67,71,69,62,77,59,70
[ 1737.496578] [AOA] Measurement: 0,1627153283.318402,08:55:31:9b:0a:1d,2,1,2,0,128,285,774,158,452,219,833,10,1020,21,571,921,203,161,990,790,636,653,87,600,205,411,644,162,329,32,951,839,686,478,764,624,632,88,103,99,78,95,113,83,99,96,105,73,116,81,105,108,100,99,107,92,94,90,95,98,84,65,105,107,107,93,116,91,107
[ 1737.538169] [AOA] Measurement: 0,1627153283.359998,08:55:31:9b:0a:1d,2,1,2,0,128,360,776,756,691,755,1003,569,186,585,776,482,399,704,157,778,631,636,73,595,172,353,609,200,344,59,1009,887,698,19,999,735,621,83,111,105,74,97,116,83,97,97,106,74,118,81,107,109,101,100,112,94,95,88,92,100,83,64,105,107,104,92,115,89,106
[ 1737.583175] [AOA] Measurement: 0,1627153283.405005,08:55:31:9b:0a:1d,2,1,2,0,128,342,824,747,688,757,973,589,211,524,749,507,448,739,190,407,873,151,248,570,235,372,627,229,378,72,991,857,740,999,942,152,93,83,101,97,76,92,109,82,99,96,102,72,114,77,103,106,98,98,107,91,92,87,92,99,83,64,103,106,103,93,114,90,105
[ 1737.627660] [AOA] Measurement: 0,1627153283.449492,08:55:31:9b:0a:1d,2,1,2,0,128,348,807,735,690,717,936,47,30,560,764,937,224,784,165,379,860,131,214,558,186,350,582,239,347,39,935,915,721,1010,945,106,121,56,70,67,50,64,75,56,65,64,69,47,76,51,68,70,68,64,73,61,64,58,63,67,54,42,69,71,68,62,76,58,68
[ 1737.670615] [AOA] Measurement: 0,1627153283.492445,08:55:31:9b:0a:1d,2,1,2,0,128,365,800,737,656,752,981,567,199,988,566,925,214,745,176,340,868,152,269,556,148,359,619,183,356,15,960,833,677,445,763,972,942,87,108,102,76,96,115,83,98,97,104,75,116,81,107,107,101,101,109,94,97,90,95,101,82,65,105,107,108,93,116,91,108
[ 1737.716016] [AOA] Measurement: 0,1627153283.537847,08:55:31:9b:0a:1d,2,1,2,0,128,331,775,713,667,750,1010,525,165,558,751,524,409,202,1001,339,857,617,67,36,15,376,655,173,326,21,943,871,692,1012,948,984,987,84,101,98,75,95,112,83,99,94,103,74,115,80,105,107,101,99,108,93,94,90,95,100,84,64,104,107,106,93,116,89,103
[ 1737.761285] [AOA] Measurement: 0,1627153283.583107,08:55:31:9b:0a:1d,2,1,2,0,128,298,757,783,685,801,1019,21,21,466,710,950,245,745,150,351,841,159,282,614,249,360,594,764,219,40,925,855,695,1002,923,693,665,83,99,96,77,94,109,82,100,93,100,72,109,77,101,104,97,97,104,88,86,86,92,96,82,64,98,103,104,92,109,86,105
[ 1737.810771] [AOA] Measurement: 0,1627153283.632601,08:55:31:9b:0a:1d,2,1,2,0,128,330,807,688,614,236,828,7,9,1000,560,938,205,230,13,368,830,634,42,19,1009,396,598,627,110,541,807,274,498,486,777,754,817,86,108,102,77,98,114,84,97,95,103,73,115,81,105,108,103,101,112,93,99,88,95,101,83,63,105,108,104,94,111,88,106
[ 1737.855394] [AOA] Measurement: 0,1627153283.677225,08:55:31:9b:0a:1d,2,1,2,0,128,270,754,184,486,251,827,555,197,514,738,966,224,781,204,322,855,152,248,504,146,875,407,698,196,9,932,336,480,501,792,849,813,87,103,98,76,96,113,83,100,97,105,75,114,80,104,107,98,97,107,91,94,87,94,101,85,65,104,106,106,95,115,89,104
[ 1737.902845] [AOA] Measurement: 0,1627153283.724669,08:55:31:9b:0a:1d,2,1,2,0,128,365,819,787,735,764,981,541,186,552,732,493,401,697,140,348,842,629,49,529,193,364,607,235,373,42,968,863,702,988,950,643,576,85,105,100,77,94,114,84,101,96,104,74,118,80,106,107,100,98,107,90,94,89,93,103,83,65,104,106,106,93,114,90,106
[ 1737.943684] [AOA] Measurement: 0,1627153283.765515,08:55:31:9b:0a:1d,2,1,2,0,128,393,816,675,614,778,17,558,204,491,728,453,395,719,144,341,845,598,64,577,190,389,624,165,318,521,782,274,486,38,980,724,675,86,115,107,74,96,115,82,94,96,104,74,116,81,107,107,100,96,109,92,100,88,92,100,77,60,105,104,97,86,111,86,102
[ 1737.990651] [AOA] Measurement: 0,1627153283.812482,08:55:31:9b:0a:1d,2,1,2,0,128,268,737,764,684,826,998,555,195,499,727,933,187,201,1005,829,638,610,69,28,1,870,436,204,338,48,982,876,717,4,970,818,742,84,112,104,73,95,116,84,95,97,105,72,119,78,105,104,101,99,110,90,97,86,91,99,80,61,106,108,99,88,112,85,102
[ 1738.035521] [AOA] Measurement: 0,1627153283.857351,08:55:31:9b:0a:1d,2,1,2,0,128,825,600,712,653,767,1010,985,990,998,541,953,207,224,6,823,671,617,63,587,199,384,604,648,124,527,788,284,506,4,936,972,26,86,111,105,75,96,115,83,97,97,104,75,116,81,105,106,101,98,109,93,98,88,93,102,82,63,106,106,100,90,115,84,102
[ 1738.086747] [AOA] Measurement: 0,1627153283.908577,08:55:31:9b:0a:1d,2,1,2,0,128,346,811,133,427,249,833,559,196,582,796,428,391,802,180,348,821,182,288,584,204,370,620,209,348,66,934,821,701,28,982,11,998,55,68,65,50,63,74,55,66,63,67,48,77,53,68,70,67,66,70,60,62,57,61,66,54,41,70,70,68,60,74,58,69
[ 1738.132987] [AOA] Measurement: 0,1627153283.954812,08:55:31:9b:0a:1d,2,1,2,0,128,335,746,775,662,236,785,13,1013,28,569,505,411,734,172,319,828,648,84,562,213,363,629,196,336,44,974,776,673,1008,916,349,319,83,104,97,76,96,113,84,99,93,102,73,113,78,100,104,99,98,106,90,92,87,96,99,84,66,104,108,104,93,115,89,107
[ 1738.173226] [AOA] Measurement: 0,1627153283.995056,08:55:31:9b:0a:1d,2,1,2,0,128,301,759,724,692,804,990,556,178,541,752,450,390,182,985,367,864,113,217,610,215,382,591,232,342,42,947,878,713,15,974,28,893,58,66,65,50,62,73,55,67,63,68,49,75,52,67,70,66,62,71,60,61,57,62,66,55,43,69,71,71,62,75,61,69
[ 1738.217233] [AOA] Measurement: 0,1627153284.039065,08:55:31:9b:0a:1d,2,1,2,0,128,316,747,754,655,778,996,5,1006,983,543,973,241,704,156,301,839,157,246,604,225,353,592,209,344,53,955,857,704,14,959,14,961,86,101,95,75,96,110,82,98,96,102,74,114,80,104,109,101,99,107,91,94,87,93,99,82,66,105,107,105,91,114,89,105
[ 1738.262420] [AOA] Measurement: 0,1627153284.084250,08:55:31:9b:0a:1d,2,1,2,0,128,313,783,698,624,745,982,538,191,570,769,447,408,732,188,331,842,170,232,556,164,391,644,158,343,30,947,856,669,15,975,314,277,57,70,67,49,64,76,55,64,63,68,49,77,55,71,72,66,66,73,61,64,56,61,67,53,41,69,71,67,59,75,57,69
[ 1738.312878] [AOA] Measurement: 0,1627153284.134703,08:55:31:9b:0a:1d,2,1,2,0,128,306,738,780,702,766,991,471,149,1001,551,940,200,195,981,799,646,643,102,1017,992,869,411,674,132,499,749,330,512,1021,971,351,294,83,100,94,75,95,107,83,100,93,101,72,114,78,103,107,98,98,105,90,93,87,94,97,84,65,104,105,106,92,114,90,107
[ 1738.364861] [AOA] Measurement: 0,1627153284.186685,08:55:31:9b:0a:1d,2,1,2,0,128,350,804,745,696,806,1013,561,239,520,766,494,436,727,203,332,862,164,265,603,210,378,609,145,294,530,776,827,679,5,939,172,103,84,100,95,77,96,112,85,100,95,101,71,113,78,103,107,99,98,105,91,91,89,94,100,84,66,102,105,108,95,115,91,103
[ 1738.410328] [AOA] Measurement: 0,1627153284.232150,08:55:31:9b:0a:1d,2,1,2,0,128,332,802,756,661,762,988,555,188,534,759,462,405,720,139,295,829,131,241,561,189,809,382,711,185,24,952,897,720,1,949,580,476,56,69,64,50,62,74,55,65,63,67,48,76,53,69,72,66,67,71,61,62,57,62,66,54,42,69,71,70,61,76,60,71
[ 1738.448924] [AOA] Measurement: 0,1627153284.270753,08:55:31:9b:0a:1d,2,1,2,0,128,352,813,757,713,746,995,559,181,502,729,460,386,196,993,352,849,130,249,578,208,380,589,188,326,37,950,874,721,1016,970,628,549,85,109,105,77,97,116,86,99,96,105,71,115,80,106,110,102,99,110,96,99,87,93,102,83,62,105,108,104,91,115,89,106
[ 1738.494227] [AOA] Measurement: 0,1627153284.316054,08:55:31:9b:0a:1d,2,1,2,0,128,333,790,787,709,739,984,559,217,520,747,7,276,763,179,302,807,156,253,548,198,429,650,230,352,18,939,800,695,1016,974,893,844,85,105,99,75,95,113,85,97,96,105,73,118,80,105,108,102,100,106,93,96,90,95,100,82,64,105,108,103,92,115,90,106
[ 1738.543611] [AOA] Measurement: 0,1627153284.365440,08:55:31:9b:0a:1d,2,1,2,0,128,335,808,671,639,755,992,1003,1004,547,745,941,208,738,145,331,840,635,78,554,185,831,407,246,347,82,966,873,699,45,979,313,254,56,69,66,51,64,75,56,65,64,69,49,76,52,70,72,67,64,71,62,63,58,62,66,55,42,68,72,70,62,75,60,69
[ 1738.587487] [AOA] Measurement: 0,1627153284.409316,08:55:31:9b:0a:1d,2,1,2,0,128,773,561,149,428,206,796,7,13,1001,549,928,194,191,1007,285,834,641,68,991,987,875,465,172,334,40,950,863,690,1021,965,628,573,85,108,102,77,98,115,85,100,97,106,75,116,80,105,110,102,102,110,95,96,88,96,100,85,65,105,105,105,92,116,88,106
[ 1738.633080] [AOA] Measurement: 0,1627153284.454909,08:55:31:9b:0a:1d,2,1,2,0,128,767,576,185,455,207,797,1022,2,536,746,500,437,734,193,338,843,164,259,573,199,823,377,704,170,67,971,303,493,1009,933,476,447,55,71,68,51,63,75,56,65,64,69,49,76,52,71,71,68,65,72,62,64,59,63,67,54,44,68,71,71,62,76,60,69
[ 1738.682647] [AOA] Measurement: 0,1627153284.504472,08:55:31:9b:0a:1d,2,1,2,0,128,290,774,746,656,780,1017,531,194,488,746,462,373,725,179,327,869,181,282,576,200,350,569,224,360,37,952,865,708,10,966,693,553,80,90,87,74,91,104,78,98,88,98,69,104,75,98,103,95,95,98,84,84,83,89,94,81,64,100,101,105,92,110,89,103
[ 1738.733393] [AOA] Measurement: 0,1627153284.555222,08:55:31:9b:0a:1d,2,1,2,0,128,337,788,216,520,785,1010,494,145,557,770,479,410,214,1022,320,799,625,97,630,220,376,627,199,355,40,954,892,713,1011,971,728,663,85,98,96,76,95,109,83,101,95,100,72,112,79,103,106,99,98,104,90,90,88,93,101,85,66,104,104,106,93,115,91,108
[ 1738.785328] [AOA] Measurement: 0,1627153284.607152,08:55:31:9b:0a:1d,2,1,2,0,128,342,805,759,682,767,1008,539,191,545,740,934,214,214,1019,821,642,622,79,5,1012,368,604,696,169,73,976,276,481,476,773,970,960,85,107,101,78,95,115,84,98,95,104,74,116,79,105,109,102,100,110,94,96,88,94,103,83,64,106,108,103,91,115,90,106
[ 1738.830117] [AOA] Measurement: 0,1627153284.651943,08:55:31:9b:0a:1d,2,1,2,0,128,384,804,746,661,788,5,551,207,492,682,521,430,722,150,324,862,182,257,590,223,439,630,153,310,1010,932,851,665,514,798,774,764,86,105,100,78,96,113,83,100,97,105,74,116,81,105,108,101,99,107,92,93,87,95,100,85,65,105,108,107,93,116,89,107
[ 1738.884030] [AOA] Measurement: 0,1627153284.705859,08:55:31:9b:0a:1d,2,1,2,0,128,305,808,724,671,792,995,528,174,538,741,523,453,727,166,324,822,618,54,571,195,356,623,157,313,487,741,856,673,1023,962,439,422,56,73,69,48,63,76,55,64,65,69,48,78,54,72,72,67,65,73,62,65,58,62,67,54,41,70,70,67,60,75,57,67
[ 1738.930920] [AOA] Measurement: 0,1627153284.752744,08:55:31:9b:0a:1d,2,1,2,0,128,253,743,191,481,221,827,917,979,988,541,552,453,187,998,347,856,145,246,1007,1017,868,423,249,353,16,942,847,702,1010,972,512,479,86,104,102,77,97,113,86,100,95,104,74,116,81,106,108,101,100,110,93,95,87,95,102,84,66,107,107,105,93,115,90,108
[ 1738.978609] [AOA] Measurement: 0,1627153284.800439,08:55:31:9b:0a:1d,2,1,2,0,128,318,763,757,673,747,990,513,143,521,712,425,419,768,159,341,805,624,55,22,2,323,571,691,155,2,944,870,726,983,940,397,393,84,96,92,74,93,106,81,100,93,100,70,107,76,100,106,97,98,103,90,88,85,92,100,82,65,102,103,105,92,114,90,106
[ 1739.017633] [AOA] Measurement: 0,1627153284.839462,08:55:31:9b:0a:1d,2,1,2,0,128,353,793,771,684,797,1004,19,9,980,585,444,397,206,988,769,624,666,63,10,9,825,385,642,130,533,750,307,505,477,760,411,413,86,106,100,78,98,113,83,101,98,106,75,117,80,104,109,101,99,109,92,96,89,94,102,83,64,106,108,107,92,115,88,105
[ 1739.062639] [AOA] Measurement: 0,1627153284.884464,08:55:31:9b:0a:1d,2,1,2,0,128,773,578,183,447,755,973,1010,1015,551,744,439,401,740,162,326,824,102,213,73,9,400,604,241,344,77,976,864,681,24,951,273,192,86,107,102,77,96,114,84,100,98,106,74,116,81,107,109,103,99,110,93,97,88,94,103,84,64,106,109,103,93,116,89,106
[ 1739.112520] [AOA] Measurement: 0,1627153284.934349,08:55:31:9b:0a:1d,2,1,2,0,128,359,807,192,515,798,1009,516,154,976,533,466,424,148,961,332,848,636,88,569,181,388,620,192,325,1006,905,285,483,514,780,999,986,56,69,67,51,63,74,55,65,64,68,49,75,53,69,72,67,65,70,61,62,59,61,67,54,44,70,71,69,60,76,58,70
[ 1739.152266] [AOA] Measurement: 0,1627153284.974093,08:55:31:9b:0a:1d,2,1,2,0,128,307,767,180,498,183,777,1006,987,47,607,930,193,221,998,317,809,643,77,568,166,371,632,692,161,19,930,822,670,12,957,656,635,79,89,87,71,90,103,79,95,90,94,68,104,72,96,104,91,94,98,84,83,84,91,93,79,62,97,100,102,90,110,88,104
[ 1739.207622] [AOA] Measurement: 0,1627153285.029451,08:55:31:9b:0a:1d,2,1,2,0,128,347,774,735,664,863,35,464,135,1000,566,974,232,197,1017,333,820,143,236,552,170,394,628,252,388,9,937,900,694,8,931,546,512,56,72,68,50,64,76,55,64,63,70,48,77,52,69,71,67,64,74,62,63,58,61,68,54,42,70,72,67,60,73,57,68
[ 1739.251870] [AOA] Measurement: 0,1627153285.073701,08:55:31:9b:0a:1d,2,1,2,0,128,264,779,741,672,761,977,528,163,1003,549,494,446,746,178,276,826,143,248,541,161,355,598,212,331,85,965,850,695,59,974,190,37,85,107,100,77,95,113,84,98,96,103,74,117,81,105,106,101,100,111,94,97,88,94,102,83,64,104,108,105,91,116,89,104
[ 1739.303020] [AOA] Measurement: 0,1627153285.124845,08:55:31:9b:0a:1d,2,1,2,0,128,349,770,727,697,776,1008,5,1016,1004,558,982,233,220,1003,759,628,122,210,21,1017,886,427,657,156,71,1000,841,643,9,944,134,182,56,72,68,50,63,77,55,64,64,68,48,76,53,70,70,67,65,73,60,64,59,63,66,53,41,68,70,68,60,76,57,69
[ 1739.353305] [AOA] Measurement: 0,1627153285.175129,08:55:31:9b:0a:1d,2,1,2,0,128,334,832,732,667,747,1020,5,20,464,712,988,230,187,977,810,621,669,92,28,6,387,634,214,357,50,1017,844,708,8,953,124,28,86,104,99,76,96,112,85,100,97,103,73,115,79,104,108,102,100,106,91,94,87,96,101,84,65,105,106,104,94,113,90,106
[ 1739.399665] [AOA] Measurement: 0,1627153285.221492,08:55:31:9b:0a:1d,2,1,2,0,128,355,776,758,682,763,999,581,205,500,745,532,462,719,191,296,808,141,240,599,227,329,604,229,358,43,962,859,704,31,939,517,410,85,108,101,76,96,112,85,99,97,105,73,117,79,104,109,102,101,110,93,95,89,95,103,83,66,106,107,105,92,114,89,106
[ 1739.443624] [AOA] Measurement: 0,1627153285.265455,08:55:31:9b:0a:1d,2,1,2,0,128,296,782,779,692,743,1017,985,0,609,788,467,417,753,160,351,871,169,270,569,183,401,635,160,314,28,988,845,671,13,962,250,208,86,108,102,78,97,115,84,100,98,106,74,117,81,107,110,102,102,110,93,98,90,95,102,83,66,107,107,105,93,114,89,105
[ 1739.483367] [AOA] Measurement: 0,1627153285.305192,08:55:31:9b:0a:1d,2,1,2,0,128,344,776,143,454,756,974,539,198,505,723,943,180,768,163,327,818,157,261,573,208,414,623,202,312,60,1022,844,691,11,932,735,738,86,111,105,75,96,115,83,96,97,105,74,118,80,105,104,100,97,111,93,100,89,93,100,81,62,107,107,100,88,113,86,103
[ 1739.536380] [AOA] Measurement: 0,1627153285.358203,08:55:31:9b:0a:1d,2,1,2,0,128,317,833,775,661,752,944,594,171,550,760,453,388,723,131,339,875,218,305,594,222,447,675,206,346,96,986,818,694,33,981,512,404,82,94,92,74,91,106,81,97,92,99,71,112,75,102,102,98,97,105,90,91,88,95,97,83,64,103,107,106,92,115,90,102
[ 1739.582564] [AOA] Measurement: 0,1627153285.404395,08:55:31:9b:0a:1d,2,1,2,0,128,355,792,803,688,802,11,579,172,554,788,513,418,771,215,368,849,150,255,592,232,422,635,217,357,95,969,885,713,32,997,243,100,85,109,104,77,98,115,84,99,97,105,75,117,80,106,108,99,100,110,94,95,87,94,100,84,64,105,105,105,93,115,88,104
[ 1739.622481] [AOA] Measurement: 0,1627153285.444310,08:55:31:9b:0a:1d,2,1,2,0,128,354,814,750,672,790,6,541,195,469,699,998,264,703,133,833,656,160,269,607,240,420,646,190,325,991,936,847,720,34,1002,93,38,86,106,99,76,97,115,84,101,98,103,73,115,79,105,109,103,99,109,94,94,90,96,101,83,64,105,108,103,93,113,90,107
[ 1739.662386] [AOA] Measurement: 0,1627153285.484217,08:55:31:9b:0a:1d,2,1,2,0,128,776,578,205,482,258,816,580,215,534,742,460,396,770,200,348,833,161,291,588,215,408,640,236,373,3,948,844,696,22,991,232,197,56,72,69,49,62,75,56,64,64,69,49,77,51,68,70,66,63,71,61,63,57,61,67,53,40,68,69,66,59,75,57,67
[ 1739.706976] [AOA] Measurement: 0,1627153285.528799,08:55:31:9b:0a:1d,2,1,2,0,128,806,583,220,467,269,830,17,1022,992,520,956,208,162,995,832,665,600,66,24,1014,364,620,632,128,3,920,859,696,959,923,395,349,55,70,67,51,64,77,57,66,63,69,49,78,53,71,72,65,66,73,61,64,58,61,66,53,43,68,71,68,60,75,59,69
[ 1739.751460] [AOA] Measurement: 0,1627153285.573284,08:55:31:9b:0a:1d,2,1,2,0,128,293,753,726,660,772,1014,521,197,543,771,459,427,782,175,282,796,148,262,571,228,394,620,170,320,39,970,858,689,48,984,204,23,85,110,103,76,96,113,85,96,96,104,76,119,81,105,109,102,100,111,93,97,88,92,102,81,65,105,108,103,91,114,89,106
[ 1739.805500] [AOA] Measurement: 0,1627153285.627324,08:55:31:9b:0a:1d,2,1,2,0,128,266,775,757,692,812,12,488,151,527,716,961,225,209,1016,343,837,642,47,18,1014,904,429,198,305,546,808,854,692,435,742,487,493,86,109,102,76,96,113,85,100,97,107,73,118,80,105,106,99,97,111,93,96,88,95,101,81,61,105,106,98,87,113,86,100
[ 1739.851483] [AOA] Measurement: 0,1627153285.673312,08:55:31:9b:0a:1d,2,1,2,0,128,337,801,164,479,222,803,3,7,520,753,469,427,701,166,304,830,140,253,509,187,375,611,210,345,18,969,848,719,989,971,469,454,56,69,67,52,63,74,54,66,65,69,50,77,53,69,72,67,67,72,61,63,58,62,66,55,43,69,69,69,62,74,60,69
[ 1739.895234] [AOA] Measurement: 0,1627153285.717063,08:55:31:9b:0a:1d,2,1,2,0,128,279,773,763,684,756,1000,570,183,482,701,944,207,186,982,782,617,597,54,36,12,849,448,681,145,50,958,864,715,1000,926,989,922,85,103,100,77,97,114,84,99,95,102,71,113,79,103,106,97,97,105,91,89,85,94,99,82,66,103,105,107,94,115,90,104
[ 1739.946292] [AOA] Measurement: 0,1627153285.768121,08:55:31:9b:0a:1d,2,1,2,0,128,285,809,726,667,790,1009,502,187,519,763,460,417,767,190,292,793,644,58,46,1018,388,607,193,328,991,931,833,681,504,791,693,595,55,71,68,50,63,73,56,65,64,69,47,75,52,70,72,66,64,70,60,62,58,60,67,54,41,67,70,70,61,75,59,70
[ 1739.993945] [AOA] Measurement: 0,1627153285.815769,08:55:31:9b:0a:1d,2,1,2,0,128,301,757,785,673,764,992,600,189,468,696,514,433,762,163,373,849,171,285,610,240,341,604,189,328,49,960,798,679,16,949,543,561,84,113,104,74,93,114,82,94,95,105,73,118,81,104,104,99,95,108,89,98,84,89,98,78,58,103,105,95,85,108,81,96
[ 1740.050207] [AOA] Measurement: 0,1627153285.872033,08:55:31:9b:0a:1d,2,1,2,0,128,260,721,808,695,736,981,962,999,489,747,542,445,779,208,328,802,155,242,580,205,340,593,655,151,65,987,269,446,465,784,854,871,55,73,68,50,65,76,57,66,65,69,49,78,53,69,72,67,67,72,62,64,58,62,67,53,43,69,70,68,62,76,59,69
[ 1740.100233] [AOA] Measurement: 0,1627153285.922061,08:55:31:9b:0a:1d,2,1,2,0,128,825,626,135,418,214,810,990,996,1018,535,970,192,198,976,875,691,640,92,546,185,373,585,653,130,27,994,300,471,481,761,686,697,85,105,101,77,97,113,84,99,97,105,73,115,81,105,109,102,99,109,93,93,88,95,102,84,64,105,108,107,95,117,92,108
[ 1740.146861] [AOA] Measurement: 0,1627153285.968691,08:55:31:9b:0a:1d,2,1,2,0,128,321,778,717,634,238,820,10,21,501,713,929,184,195,1023,865,678,616,54,535,180,365,610,227,347,51,956,843,679,4,955,927,853,85,112,103,73,96,113,84,96,95,106,73,118,81,107,107,98,100,111,92,99,88,92,100,81,61,103,106,101,87,112,86,102
[ 1740.186641] [AOA] Measurement: 0,1627153286.008471,08:55:31:9b:0a:1d,2,1,2,0,128,329,803,159,424,249,817,999,978,526,743,959,230,751,178,376,882,134,248,558,170,406,651,183,318,1017,936,302,502,1016,948,882,856,85,104,100,78,97,112,85,99,98,103,74,114,81,106,110,100,101,109,91,93,89,98,102,85,66,105,107,106,94,115,89,107
[ 1740.227034] [AOA] Measurement: 0,1627153286.048863,08:55:31:9b:0a:1d,2,1,2,0,128,273,733,203,477,810,26,517,177,456,663,970,216,175,969,833,660,651,100,634,245,371,606,221,360,17,967,885,713,995,945,291,199,85,102,96,77,95,110,82,97,96,103,73,114,78,103,107,100,99,107,91,93,86,93,100,83,66,104,107,105,93,114,89,107
[ 1740.266751] [AOA] Measurement: 0,1627153286.088580,08:55:31:9b:0a:1d,2,1,2,0,128,285,753,721,681,753,997,528,175,532,755,927,172,240,1020,792,640,571,22,603,206,805,382,206,339,23,970,842,671,1011,935,717,730,85,106,99,76,95,112,84,99,95,104,72,114,78,104,108,101,98,108,92,94,88,96,101,84,64,105,106,104,93,112,89,106
[ 1740.306582] [AOA] Measurement: 0,1627153286.128411,08:55:31:9b:0a:1d,2,1,2,0,128,364,816,777,696,745,1006,531,172,490,717,462,412,718,110,752,624,631,55,47,16,415,617,210,370,21,934,868,733,1008,952,514,484,56,70,66,50,64,75,55,65,63,68,48,76,52,71,70,68,65,72,62,63,58,63,66,53,42,70,70,69,59,75,58,71
[ 1740.347945] [AOA] Measurement: 0,1627153286.169768,08:55:31:9b:0a:1d,2,1,2,0,128,371,824,766,708,773,1018,521,150,526,735,495,413,188,991,832,672,636,72,539,193,389,622,214,350,82,979,843,692,50,1010,212,85,85,98,94,76,96,108,83,98,94,101,71,110,79,103,107,98,99,106,89,89,85,93,98,84,65,104,106,106,95,114,90,108
[ 1740.388119] [AOA] Measurement: 0,1627153286.209950,08:55:31:9b:0a:1d,2,1,2,0,128,335,779,747,653,210,777,26,29,475,732,514,425,766,192,317,832,173,302,590,214,403,646,225,373,60,992,809,659,22,973,161,46,56,70,66,50,63,76,55,65,64,67,49,76,53,68,71,66,65,72,59,61,57,62,66,54,42,70,69,68,60,75,59,70
[ 1740.431800] [AOA] Measurement: 0,1627153286.253629,08:55:31:9b:0a:1d,2,1,2,0,128,343,800,775,691,774,992,620,206,488,714,542,449,771,192,306,815,151,241,535,171,419,651,207,355,39,962,899,741,1019,982,867,810,83,100,95,77,94,110,81,100,95,100,72,111,78,101,104,99,98,104,88,91,85,93,98,83,65,102,103,106,92,112,89,103
[ 1740.476041] [AOA] Measurement: 0,1627153286.297865,08:55:31:9b:0a:1d,2,1,2,0,128,293,744,791,710,768,1000,538,164,509,751,966,281,743,187,808,674,110,252,567,206,379,626,215,326,11,970,798,652,1005,919,907,913,88,103,99,76,96,112,83,98,95,102,73,115,80,103,107,99,98,108,91,95,88,98,100,85,66,105,107,105,92,115,91,106
