
[ 6339.504580] [AOA] Measurement: 0,1629141095.876706,08:55:31:70:ff:0a,2,1,1,0,128,905,997,391,605,807,798,990,906,207,56,468,20,847,315,502,283,123,378,152,993,433,141,513,33,883,268,801,167,113,118,254,25,68,40,70,50,58,61,69,67,1,67,69,67,53,63,40,48,72,73,73,77,73,71,76,70,76,74,74,74,72,75,71,73
[ 6339.545776] [AOA] Measurement: 0,1629141095.917896,08:55:31:70:ff:0a,2,1,1,0,128,935,1019,345,567,875,784,1,925,264,72,472,13,760,268,453,264,591,186,140,988,411,88,507,1021,917,379,675,126,107,59,630,505,69,41,70,48,57,62,66,65,2,66,69,67,51,61,40,48,71,74,72,77,76,72,77,72,77,74,73,74,73,76,71,74
[ 6339.589854] [AOA] Measurement: 0,1629141095.961978,08:55:31:70:ff:0a,2,1,1,0,128,883,988,415,593,406,1018,538,81,702,276,34,269,299,467,27,508,118,346,697,155,442,143,553,42,418,516,275,345,716,367,144,814,70,38,71,50,53,66,69,68,4,63,71,64,48,56,39,50,66,69,70,72,69,64,69,65,67,67,71,66,61,67,60,63
[ 6339.633707] [AOA] Measurement: 0,1629141096.005830,08:55:31:70:ff:0a,2,1,1,0,128,905,994,359,581,855,806,55,948,694,246,397,10,706,213,470,282,552,166,174,1009,445,130,520,32,843,283,786,200,628,265,111,829,70,41,67,47,60,60,66,64,4,63,65,66,55,62,42,46,73,74,71,74,73,73,77,70,77,74,74,74,76,78,74,77
[ 6339.676218] [AOA] Measurement: 0,1629141096.048338,08:55:31:70:ff:0a,2,1,1,0,128,885,961,308,502,887,805,4,902,251,38,483,45,740,233,417,251,570,155,185,3,417,125,564,62,861,269,713,135,152,122,863,664,69,41,70,47,60,58,66,65,3,65,65,67,53,63,39,45,75,75,73,75,77,74,78,71,76,75,72,75,78,77,75,78
[ 6339.719813] [AOA] Measurement: 0,1629141096.091933,08:55:31:70:ff:0a,2,1,1,0,128,898,1,379,591,852,773,976,913,362,122,501,63,763,289,39,497,147,417,708,162,457,166,526,9,886,301,732,155,68,101,30,735,68,37,68,49,50,67,67,67,6,62,69,61,43,55,38,50,64,65,67,70,65,60,68,63,68,65,69,65,60,65,57,65
[ 6339.762207] [AOA] Measurement: 0,1629141096.134328,08:55:31:70:ff:0a,2,1,1,0,128,930,2,338,541,966,860,960,884,256,41,1015,245,348,514,36,517,110,405,722,204,973,344,0,188,816,245,732,152,80,71,718,386,49,20,50,32,29,54,49,45,14,40,50,39,25,31,20,43,38,42,44,44,39,33,37,38,40,41,44,36,32,37,32,36
[ 6339.810452] [AOA] Measurement: 0,1629141096.182575,08:55:31:70:ff:0a,2,1,1,0,128,416,162,918,757,384,992,467,38,927,102,1016,218,757,260,40,522,136,408,784,252,995,324,110,306,386,501,293,405,633,301,406,36,66,33,68,47,47,66,64,63,7,58,67,59,40,51,35,52,61,65,63,65,62,56,63,59,64,62,66,61,55,62,51,59
[ 6339.848833] [AOA] Measurement: 0,1629141096.220959,08:55:31:70:ff:0a,2,1,1,0,128,424,138,928,771,408,12,583,117,809,296,10,237,283,496,15,461,114,369,145,973,496,192,82,244,370,448,328,422,609,268,55,760,69,40,71,50,56,63,69,69,0,66,70,66,52,62,40,48,70,73,70,76,73,70,74,70,75,72,73,73,71,76,70,73
[ 6339.893802] [AOA] Measurement: 0,1629141096.265923,08:55:31:70:ff:0a,2,1,1,0,128,865,961,357,603,853,829,969,894,163,106,526,50,336,474,439,253,588,198,203,1022,458,184,35,214,388,517,692,145,66,82,604,477,70,41,73,50,56,64,69,69,1,66,68,65,50,59,41,48,69,72,69,74,70,64,71,67,72,70,73,71,66,74,66,70
[ 6339.943903] [AOA] Measurement: 0,1629141096.316026,08:55:31:70:ff:0a,2,1,1,0,128,389,152,882,752,912,824,979,902,480,246,0,232,292,422,49,529,155,421,721,181,989,347,98,261,366,503,299,373,683,349,1018,692,70,42,74,51,55,63,69,67,1,64,69,64,48,59,41,47,69,73,71,76,74,70,74,69,75,74,74,73,69,75,67,72
[ 6339.986460] [AOA] Measurement: 0,1629141096.358579,08:55:31:70:ff:0a,2,1,1,0,128,505,226,871,760,872,815,971,875,159,54,412,9,811,292,32,485,90,333,703,183,1012,311,46,222,400,535,243,343,705,361,61,665,69,39,73,49,53,65,68,67,4,62,69,64,45,55,37,49,64,67,67,69,66,61,67,63,67,66,68,64,57,66,57,63
[ 6340.030472] [AOA] Measurement: 0,1629141096.402596,08:55:31:70:ff:0a,2,1,1,0,128,354,167,872,866,177,1015,464,830,205,246,972,172,14,250,210,460,35,260,563,14,872,205,887,138,272,410,153,241,478,138,500,79,66,63,69,44,73,64,69,68,66,69,71,72,69,73,46,59,73,72,71,73,72,69,71,69,72,70,69,71,71,74,69,72
[ 6340.073474] [AOA] Measurement: 0,1629141096.445599,08:55:31:70:ff:0a,2,1,1,0,128,812,988,293,666,586,785,959,654,693,38,457,12,439,13,725,302,518,35,53,894,283,41,315,932,672,101,56,183,430,107,254,959,65,62,68,42,70,64,67,62,62,65,70,70,67,67,49,54,73,69,68,70,71,73,70,69,71,70,70,72,73,71,74,74
[ 6340.116885] [AOA] Measurement: 0,1629141096.489012,08:55:31:70:ff:0a,2,1,1,0,128,405,169,817,854,133,4,447,816,644,22,978,190,19,240,295,522,3,222,559,17,836,193,897,128,168,344,75,182,456,86,894,652,65,60,66,43,70,63,69,64,64,66,67,70,66,68,49,53,72,68,67,71,71,74,72,71,74,73,73,74,74,71,75,72
[ 6340.160553] [AOA] Measurement: 0,1629141096.532674,08:55:31:70:ff:0a,2,1,1,0,128,409,171,882,898,56,970,485,836,130,170,447,3,486,47,236,435,524,35,547,12,827,208,942,151,197,352,136,234,454,115,103,766,67,65,71,44,73,68,71,70,68,70,71,71,68,73,47,59,72,72,73,73,73,71,73,71,72,72,72,71,73,73,71,72
[ 6340.208539] [AOA] Measurement: 0,1629141096.580665,08:55:31:70:ff:0a,2,1,1,0,128,383,133,784,799,540,787,987,698,662,49,969,179,976,204,772,349,456,0,32,860,282,16,373,975,223,348,90,196,472,125,441,34,67,61,69,43,71,65,68,68,66,67,69,70,69,69,48,57,72,72,70,74,73,71,72,71,74,72,73,73,74,75,71,74
[ 6340.269174] [AOA] Measurement: 0,1629141096.641296,08:55:31:70:ff:0a,2,1,1,0,128,846,979,857,874,183,38,431,816,232,266,986,195,438,1017,745,302,498,35,16,845,328,14,332,927,689,145,550,1018,937,926,757,523,66,61,69,42,69,64,69,67,66,69,71,70,67,70,48,55,75,72,71,72,74,74,74,73,72,73,73,74,75,72,72,74
[ 6340.319262] [AOA] Measurement: 0,1629141096.691383,08:55:31:70:ff:0a,2,1,1,0,128,381,166,858,896,141,994,932,629,649,25,458,1017,477,35,304,562,1018,211,522,32,800,168,951,168,257,357,148,255,493,156,445,22,68,65,72,42,71,67,72,70,68,71,71,71,70,71,48,62,72,74,73,74,73,71,74,72,73,72,75,73,73,73,69,72
[ 6340.363421] [AOA] Measurement: 0,1629141096.735545,08:55:31:70:ff:0a,2,1,1,0,128,847,975,267,663,557,812,909,601,669,42,405,974,447,1002,789,349,449,1015,40,882,276,1006,901,102,708,141,63,173,939,923,771,523,70,65,70,42,73,66,71,73,68,69,70,71,70,72,44,61,69,71,73,73,70,67,72,69,70,69,72,67,69,73,64,68
[ 6340.407651] [AOA] Measurement: 0,1629141096.779777,08:55:31:70:ff:0a,2,1,1,0,128,863,1016,844,896,88,974,932,594,729,87,924,138,443,1022,762,312,516,48,558,27,816,185,907,121,222,354,152,240,472,159,483,83,68,63,70,44,71,66,69,68,67,70,71,72,68,70,48,57,75,72,71,73,73,75,75,70,74,73,74,73,75,75,75,74
[ 6340.451254] [AOA] Measurement: 0,1629141096.823378,08:55:31:70:ff:0a,2,1,1,0,128,383,211,838,858,46,920,990,657,663,64,446,1015,484,43,261,496,993,203,596,47,800,156,378,927,709,152,607,51,463,110,319,84,69,64,71,43,72,66,72,70,64,69,71,70,68,69,44,57,70,71,71,73,71,69,72,70,74,71,72,70,70,72,67,71
[ 6340.493999] [AOA] Measurement: 0,1629141096.866121,08:55:31:70:ff:0a,2,1,1,0,128,782,930,281,641,569,783,930,643,676,40,401,998,463,3,804,350,7,216,545,13,789,174,302,905,683,143,513,978,902,901,507,407,66,63,69,42,71,65,69,69,68,70,72,71,69,72,47,62,72,73,73,74,74,71,73,71,73,72,72,72,73,74,70,71
[ 6340.540932] [AOA] Measurement: 0,1629141096.913059,08:55:31:70:ff:0a,2,1,1,0,128,851,1007,852,888,546,777,947,623,706,72,446,14,512,69,298,534,49,237,525,16,824,218,306,922,695,148,549,1001,5,1008,947,685,66,60,67,44,71,65,68,68,63,67,69,71,67,68,50,57,75,71,69,71,72,75,75,73,73,72,73,74,75,72,73,75
[ 6340.579374] [AOA] Measurement: 0,1629141096.951500,08:55:31:70:ff:0a,2,1,1,0,128,836,974,339,708,137,1001,458,799,269,294,991,191,9,208,242,550,3,246,547,54,804,166,882,80,252,359,70,181,459,119,434,150,63,60,68,43,72,65,70,68,65,67,69,70,68,69,47,55,74,70,71,74,74,75,73,72,72,72,72,74,76,72,74,71
[ 6340.625486] [AOA] Measurement: 0,1629141096.997606,08:55:31:70:ff:0a,2,1,1,0,128,321,155,805,848,121,1007,949,650,712,76,926,147,32,249,214,435,29,221,543,57,808,165,951,148,211,367,115,217,856,879,832,644,66,61,67,42,71,66,69,66,63,68,69,71,70,69,50,55,74,70,70,72,72,75,73,73,74,72,73,75,75,74,75,74
[ 6340.671260] [AOA] Measurement: 0,1629141097.043387,08:55:31:70:ff:0a,2,1,1,0,128,819,955,253,654,639,846,463,836,225,245,998,199,487,22,763,324,16,218,573,10,795,188,867,115,678,151,574,1013,943,961,781,551,70,64,71,46,74,68,72,69,68,71,73,74,71,73,52,60,78,75,74,76,77,79,77,76,79,75,76,78,80,76,78,78
[ 6340.715211] [AOA] Measurement: 0,1629141097.087338,08:55:31:70:ff:0a,2,1,1,0,128,796,968,342,697,565,785,946,651,673,57,405,1002,428,1017,740,286,515,22,18,869,279,1022,848,108,206,341,120,249,411,67,525,341,66,62,69,43,71,67,69,68,64,70,71,70,69,69,46,58,72,72,73,73,73,72,74,73,74,71,73,72,74,74,70,74
[ 6340.759528] [AOA] Measurement: 0,1629141097.131652,08:55:31:70:ff:0a,2,1,1,0,128,806,962,275,678,559,804,962,682,695,63,918,161,475,9,763,321,503,17,1010,876,277,7,333,932,661,145,566,4,950,949,885,618,68,64,70,44,71,66,73,69,67,71,73,72,69,71,48,59,74,71,73,72,74,73,74,73,74,72,73,73,74,75,74,75
[ 6340.802629] [AOA] Measurement: 0,1629141097.174749,08:55:31:70:ff:0a,2,1,1,0,128,818,988,330,679,570,791,997,663,673,37,367,978,475,26,781,318,431,1021,53,899,876,195,868,73,209,388,107,206,490,139,89,833,68,65,71,44,72,67,70,71,66,70,74,72,71,73,48,60,74,72,73,74,73,70,73,70,74,71,72,72,71,74,69,71
[ 6340.852579] [AOA] Measurement: 0,1629141097.224699,08:55:31:70:ff:0a,2,1,1,0,128,376,163,811,853,593,819,873,606,711,95,982,179,469,43,279,511,11,207,3,887,274,23,280,923,715,162,121,233,403,82,746,509,66,65,71,44,72,66,72,69,68,71,72,73,70,70,49,60,72,73,71,75,73,74,75,72,74,71,73,73,74,73,73,72
[ 6340.897202] [AOA] Measurement: 0,1629141097.269328,08:55:31:70:ff:0a,2,1,1,0,128,384,147,856,831,550,810,973,658,659,38,441,1014,525,60,285,494,29,231,512,23,845,249,862,116,259,410,129,244,490,128,285,947,64,59,68,43,69,65,68,64,63,67,69,69,66,68,49,55,73,71,69,72,71,76,73,71,73,71,71,71,75,72,73,73
[ 6340.941576] [AOA] Measurement: 0,1629141097.313701,08:55:31:70:ff:0a,2,1,1,0,128,886,1010,252,658,595,817,925,650,647,34,406,998,476,46,326,543,46,225,579,74,829,212,874,111,260,393,111,221,448,82,175,969,65,61,68,43,71,65,70,67,65,67,70,70,67,68,49,57,73,73,70,72,73,74,72,72,73,72,71,74,75,72,74,75
[ 6340.986676] [AOA] Measurement: 0,1629141097.358802,08:55:31:70:ff:0a,2,1,1,0,128,820,988,815,857,591,825,473,834,660,49,967,184,475,18,696,296,481,6,526,1017,290,5,888,92,224,324,160,254,490,129,355,3,68,64,69,41,70,65,68,69,67,68,69,71,69,73,46,59,71,72,71,75,74,73,75,71,73,73,73,73,72,72,70,72
[ 6341.032269] [AOA] Measurement: 0,1629141097.404363,08:55:31:70:ff:0a,2,1,1,0,128,850,998,299,655,572,778,965,667,653,26,464,26,455,27,288,466,490,1014,994,858,258,1006,352,955,226,333,629,35,945,974,28,792,68,65,72,42,73,66,70,72,67,70,73,73,69,72,46,60,72,73,72,72,74,72,74,72,75,72,74,72,72,72,69,71
[ 6341.083701] [AOA] Measurement: 0,1629141097.455822,08:55:31:70:ff:0a,2,1,1,2,128,850,998,299,655,572,778,965,667,653,26,464,26,455,27,288,466,490,1014,994,858,258,1006,352,955,226,333,629,35,945,974,28,792,68,64,69,41,70,65,68,69,67,68,69,71,69,73,46,59,71,72,71,75,74,73,75,71,73,73,73,73,72,72,70,72
[ 6341.123339] [AOA] Measurement: 0,1629141097.495465,08:55:31:70:ff:0a,2,1,1,2,128,850,998,299,655,572,778,965,667,653,26,464,26,455,27,288,466,490,1014,994,858,258,1006,352,955,226,333,629,35,945,974,28,792,68,65,72,42,73,66,70,72,67,70,73,73,69,72,46,60,72,73,72,72,74,72,74,72,75,72,74,72,72,72,69,71
[ 6341.169059] [AOA] Measurement: 0,1629141097.541185,08:55:31:70:ff:0a,2,1,1,2,128,850,998,299,655,572,778,965,667,653,26,464,26,455,27,288,466,490,1014,994,858,258,1006,352,955,226,333,629,35,945,974,28,792,68,64,69,41,70,65,68,69,67,68,69,71,69,73,46,59,71,72,71,75,74,73,75,71,73,73,73,73,72,72,70,72
[ 6341.213087] [AOA] Measurement: 0,1629141097.585210,08:55:31:70:ff:0a,2,1,1,0,128,843,999,289,647,118,990,940,672,684,47,417,1019,444,8,257,531,497,42,27,889,839,198,894,108,213,338,620,47,476,139,44,676,68,64,70,42,73,65,71,70,66,69,72,73,68,69,37,57,74,71,72,73,74,71,74,71,74,73,74,73,72,74,74,73
[ 6341.262589] [AOA] Measurement: 0,1629141097.634708,08:55:31:70:ff:0a,2,1,1,0,128,466,179,338,566,941,844,997,905,359,110,1003,209,784,259,421,249,581,157,219,22,397,136,490,1,905,314,710,151,677,310,939,683,74,42,76,52,59,68,72,72,0,69,73,69,53,65,42,51,75,80,76,80,77,73,78,74,79,76,80,78,73,79,73,77
[ 6341.312740] [AOA] Measurement: 0,1629141097.684860,08:55:31:70:ff:0a,2,1,1,0,128,447,180,956,811,371,988,987,871,103,100,496,43,310,475,65,524,139,385,741,218,21,381,36,235,397,505,297,391,687,301,273,911,71,40,72,50,54,63,67,66,1,65,68,66,50,60,40,49,71,73,71,75,71,68,73,67,72,71,73,72,68,71,67,72
[ 6341.357538] [AOA] Measurement: 0,1629141097.729662,08:55:31:70:ff:0a,2,1,1,0,128,922,1001,953,796,855,837,966,868,1008,95,474,56,277,449,1007,494,127,361,104,972,445,155,535,44,401,479,220,309,125,82,596,433,69,37,70,49,52,67,68,65,4,63,69,64,48,57,39,51,66,69,68,72,67,64,70,65,68,68,71,66,62,66,61,66
[ 6341.396209] [AOA] Measurement: 0,1629141097.768335,08:55:31:70:ff:0a,2,1,1,0,128,390,146,397,635,902,825,1004,906,973,92,451,26,711,235,436,268,645,232,185,1,415,150,528,48,859,288,724,145,52,70,466,227,72,37,74,51,51,71,69,68,6,65,72,62,44,55,37,55,64,70,67,70,66,58,65,62,67,67,69,63,57,66,56,61
[ 6341.434383] [AOA] Measurement: 0,1629141097.806508,08:55:31:70:ff:0a,2,1,1,0,128,406,138,338,569,430,1019,537,122,824,282,982,227,307,490,954,423,598,209,697,168,29,376,45,242,403,500,260,341,684,302,37,822,70,40,70,49,56,64,70,69,1,66,68,65,50,58,40,48,70,71,70,74,70,69,74,69,74,72,74,73,72,76,68,73
[ 6341.472871] [AOA] Measurement: 0,1629141097.844998,08:55:31:70:ff:0a,2,1,1,0,128,900,966,357,575,867,816,1000,919,126,158,482,78,366,508,996,470,155,419,661,133,913,279,500,47,890,327,714,158,108,105,396,111,74,40,77,54,57,70,74,72,5,68,75,69,51,62,41,54,73,75,73,77,74,68,75,71,76,74,78,73,69,75,68,73
[ 6341.512918] [AOA] Measurement: 0,1629141097.885038,08:55:31:70:ff:0a,2,1,1,0,128,472,203,943,766,460,2,482,55,799,319,1009,251,305,431,26,532,110,387,737,170,25,372,25,215,402,496,246,337,688,332,726,386,72,44,73,52,60,65,72,71,1,71,74,70,55,66,43,51,78,80,75,81,80,75,80,74,82,79,80,79,77,82,75,77
[ 6341.562451] [AOA] Measurement: 0,1629141097.934571,08:55:31:70:ff:0a,2,1,1,0,128,903,1019,389,585,873,816,991,886,299,56,465,2,764,259,416,226,611,193,171,8,480,162,526,29,895,351,213,356,662,303,906,616,69,41,72,51,57,62,70,67,2,66,68,67,52,62,41,47,72,73,71,77,74,72,75,69,76,75,74,73,74,74,72,75
[ 6341.606693] [AOA] Measurement: 0,1629141097.978816,08:55:31:70:ff:0a,2,1,1,0,128,940,1021,349,550,902,862,508,84,444,294,30,220,364,525,18,501,101,351,705,150,10,342,1022,218,345,493,245,340,77,92,63,703,69,37,70,49,52,64,67,66,5,62,69,60,44,56,36,51,62,66,66,71,67,59,64,60,66,64,68,62,56,63,55,62
[ 6341.644593] [AOA] Measurement: 0,1629141098.016717,08:55:31:70:ff:0a,2,1,1,0,128,442,195,353,580,895,802,1009,893,44,151,450,9,782,302,50,498,120,405,753,211,1004,342,517,82,396,504,285,383,723,337,806,483,71,39,72,49,55,63,69,68,1,63,70,66,50,60,41,51,70,74,71,76,72,68,73,67,72,69,72,69,68,73,67,71
[ 6341.688942] [AOA] Measurement: 0,1629141098.061067,08:55:31:70:ff:0a,2,1,1,0,128,883,987,386,590,916,825,525,71,885,277,12,216,782,270,460,307,602,205,197,20,1,326,25,186,859,286,738,139,161,155,489,244,69,41,69,48,58,59,67,64,4,64,66,65,52,62,39,44,74,74,72,76,75,74,77,71,77,74,74,75,78,79,77,78
[ 6341.732799] [AOA] Measurement: 0,1629141098.104922,08:55:31:70:ff:0a,2,1,1,2,128,883,987,386,590,916,825,525,71,885,277,12,216,782,270,460,307,602,205,197,20,1,326,25,186,859,286,738,139,161,155,489,244,71,39,72,49,55,63,69,68,1,63,70,66,50,60,41,51,70,74,71,76,72,68,73,67,72,69,72,69,68,73,67,71
[ 6341.774714] [AOA] Measurement: 0,1629141098.146834,08:55:31:70:ff:0a,2,1,1,2,128,883,987,386,590,916,825,525,71,885,277,12,216,782,270,460,307,602,205,197,20,1,326,25,186,859,286,738,139,161,155,489,244,69,41,69,48,58,59,67,64,4,64,66,65,52,62,39,44,74,74,72,76,75,74,77,71,77,74,74,75,78,79,77,78
[ 6341.819838] [AOA] Measurement: 0,1629141098.191961,08:55:31:70:ff:0a,2,1,1,2,128,883,987,386,590,916,825,525,71,885,277,12,216,782,270,460,307,602,205,197,20,1,326,25,186,859,286,738,139,161,155,489,244,71,39,72,49,55,63,69,68,1,63,70,66,50,60,41,51,70,74,71,76,72,68,73,67,72,69,72,69,68,73,67,71
[ 6341.864029] [AOA] Measurement: 0,1629141098.236156,08:55:31:70:ff:0a,2,1,1,2,128,883,987,386,590,916,825,525,71,885,277,12,216,782,270,460,307,602,205,197,20,1,326,25,186,859,286,738,139,161,155,489,244,69,41,69,48,58,59,67,64,4,64,66,65,52,62,39,44,74,74,72,76,75,74,77,71,77,74,74,75,78,79,77,78
[ 6341.907540] [AOA] Measurement: 0,1629141098.279664,08:55:31:70:ff:0a,2,1,1,0,128,383,159,851,847,169,16,529,885,137,215,976,181,467,26,761,312,435,15,21,866,247,987,348,946,724,177,626,41,439,101,665,393,61,55,64,41,69,63,65,61,61,64,66,67,66,65,48,50,73,67,68,70,70,73,70,70,71,68,70,72,74,71,74,72
[ 6341.950781] [AOA] Measurement: 0,1629141098.322905,08:55:31:70:ff:0a,2,1,1,0,128,867,971,282,654,586,811,980,647,696,74,404,1001,511,28,815,358,48,238,614,80,737,144,339,940,733,171,103,224,945,960,984,820,67,62,70,42,70,66,71,68,65,67,71,71,68,71,47,59,74,72,73,72,71,72,74,72,73,70,72,71,73,74,71,72
[ 6341.989304] [AOA] Measurement: 0,1629141098.361428,08:55:31:70:ff:0a,2,1,1,0,128,348,121,871,883,75,977,448,821,691,80,960,168,1009,208,258,503,528,42,548,15,301,15,298,918,220,354,616,33,476,144,472,157,62,56,63,42,68,62,63,60,61,64,67,67,64,66,48,51,74,67,67,69,70,73,68,69,70,69,71,73,74,70,74,72
[ 6342.033863] [AOA] Measurement: 0,1629141098.405985,08:55:31:70:ff:0a,2,1,1,0,128,362,123,807,847,141,22,502,859,180,222,988,204,40,259,292,496,1,216,561,36,802,177,331,927,258,368,78,219,457,117,447,132,67,64,72,46,75,67,72,67,68,71,71,72,71,70,52,56,77,72,70,75,73,77,75,75,77,73,75,79,78,74,78,77
[ 6342.083782] [AOA] Measurement: 0,1629141098.455906,08:55:31:70:ff:0a,2,1,1,0,128,338,151,828,890,103,970,937,634,661,41,377,977,517,41,312,559,984,183,599,65,827,170,894,133,273,425,156,258,404,69,499,216,65,61,67,43,71,66,68,67,66,67,70,70,68,69,47,55,73,71,70,72,72,72,69,71,75,71,71,73,74,74,71,74
[ 6342.122478] [AOA] Measurement: 0,1629141098.494605,08:55:31:70:ff:0a,2,1,1,0,128,857,984,856,912,95,5,531,899,152,232,994,211,1005,232,260,452,525,58,572,67,894,250,875,77,311,418,92,216,449,101,1002,682,64,59,66,44,69,64,69,63,64,66,69,70,67,68,49,54,74,70,68,72,73,73,73,71,73,70,71,73,74,71,73,74
[ 6342.163424] [AOA] Measurement: 0,1629141098.535544,08:55:31:70:ff:0a,2,1,1,0,128,832,974,289,664,593,828,953,651,705,72,426,990,403,990,767,313,525,52,624,57,798,165,903,113,230,333,590,46,461,131,383,119,63,57,67,44,70,62,68,63,63,67,67,69,65,67,49,53,73,68,68,71,71,75,71,70,73,70,72,73,74,71,72,74
[ 6342.208688] [AOA] Measurement: 0,1629141098.580814,08:55:31:70:ff:0a,2,1,1,0,128,866,1005,825,843,113,1008,949,653,686,46,396,4,446,25,289,517,44,232,555,63,754,130,936,87,188,327,84,221,899,943,435,221,67,63,69,43,73,67,68,69,67,69,71,71,70,72,47,59,73,74,73,74,73,70,75,71,74,72,71,71,71,74,70,72
[ 6342.252326] [AOA] Measurement: 0,1629141098.624451,08:55:31:70:ff:0a,2,1,1,0,128,787,974,301,675,579,766,933,635,637,10,431,984,446,15,757,353,19,203,582,57,785,178,899,119,226,340,576,48,907,961,257,12,67,65,69,42,72,66,71,71,66,69,71,71,70,72,47,60,73,73,73,74,74,70,76,71,74,71,72,71,70,74,69,70
[ 6342.290242] [AOA] Measurement: 0,1629141098.662368,08:55:31:70:ff:0a,2,1,1,0,128,787,978,231,622,574,783,965,632,648,26,387,998,414,1022,798,298,523,31,599,40,264,7,858,112,223,381,570,14,450,111,458,259,65,61,68,43,71,65,69,66,64,68,70,71,69,70,48,56,74,71,68,73,71,73,72,70,73,71,73,73,74,74,74,73
[ 6342.328269] [AOA] Measurement: 0,1629141098.700396,08:55:31:70:ff:0a,2,1,1,0,128,821,971,214,641,606,815,947,656,657,21,427,1022,439,1020,774,337,462,20,585,31,288,15,889,110,198,316,589,45,442,119,272,52,65,60,66,41,68,63,69,66,66,68,69,70,68,70,47,56,73,73,71,73,72,75,73,72,75,72,73,73,73,74,71,73
[ 6342.372602] [AOA] Measurement: 0,1629141098.744727,08:55:31:70:ff:0a,2,1,1,0,128,412,180,832,888,118,1019,464,822,244,269,930,162,1004,191,288,468,449,1009,49,912,303,1020,311,936,267,351,101,221,490,124,166,861,68,66,71,45,72,67,72,71,67,70,72,73,70,73,47,60,73,74,73,75,74,72,76,72,74,73,74,73,75,74,72,74
[ 6342.423084] [AOA] Measurement: 0,1629141098.795204,08:55:31:70:ff:0a,2,1,1,0,128,350,144,819,803,552,791,953,640,644,45,454,18,437,1015,763,314,20,189,1007,848,332,30,332,910,699,122,555,12,917,898,461,373,65,60,66,42,71,64,68,65,65,66,68,71,68,69,50,56,75,72,71,73,73,75,72,72,73,71,71,73,73,73,73,74
[ 6342.477877] [AOA] Measurement: 0,1629141098.850001,08:55:31:70:ff:0a,2,1,1,0,128,426,207,795,860,594,797,521,831,169,253,976,188,415,0,237,459,505,33,1001,861,828,189,906,117,210,370,130,183,493,167,819,417,68,64,70,44,73,66,71,69,67,70,71,72,70,71,47,59,73,73,71,75,72,72,75,72,74,73,72,73,73,72,71,73
[ 6342.521965] [AOA] Measurement: 0,1629141098.894084,08:55:31:70:ff:0a,2,1,1,0,128,854,962,304,642,606,799,937,628,675,31,429,973,497,38,745,300,477,18,9,869,847,204,906,121,215,349,126,186,427,74,685,375,70,64,71,45,73,66,71,70,67,68,70,70,68,71,46,58,71,73,72,75,72,73,74,71,72,72,72,69,71,75,69,72
[ 6342.564316] [AOA] Measurement: 0,1629141098.936441,08:55:31:70:ff:0a,2,1,1,0,128,830,956,259,637,605,821,895,608,652,63,454,13,416,17,747,339,1,204,598,86,789,180,944,135,209,351,101,228,419,93,546,291,66,63,70,43,73,66,70,70,67,69,72,72,68,70,47,59,72,72,71,74,74,71,73,73,75,72,73,70,70,75,68,71
[ 6342.602395] [AOA] Measurement: 0,1629141098.974521,08:55:31:70:ff:0a,2,1,1,0,128,409,163,813,843,597,826,953,678,706,86,426,1021,1023,219,311,511,471,18,584,22,282,1022,274,870,755,168,615,17,953,926,618,475,68,64,70,43,72,65,72,71,68,70,74,73,72,71,47,61,72,73,74,74,73,70,74,72,74,73,74,70,71,74,67,71
[ 6342.645427] [AOA] Measurement: 0,1629141099.017550,08:55:31:70:ff:0a,2,1,1,0,128,339,144,843,893,94,978,464,787,164,185,368,968,439,9,725,282,436,1017,76,883,268,1014,895,99,223,373,127,216,503,172,770,251,67,62,69,43,72,66,71,69,67,69,72,71,69,70,49,58,74,71,71,74,74,73,73,71,74,73,73,77,76,76,74,75
[ 6342.691053] [AOA] Measurement: 0,1629141099.063172,08:55:31:70:ff:0a,2,1,1,0,128,446,215,848,873,141,1003,492,854,203,212,423,1021,494,44,289,499,986,206,582,45,848,203,840,92,181,334,544,16,940,925,784,522,65,60,68,45,68,64,68,65,63,66,67,70,65,68,48,54,73,71,70,73,72,73,74,71,75,71,73,73,73,75,74,73
[ 6342.741643] [AOA] Measurement: 0,1629141099.113762,08:55:31:70:ff:0a,2,1,1,0,128,365,183,782,870,129,1014,480,835,167,198,960,186,975,207,365,547,53,246,586,53,812,208,884,90,288,395,99,220,478,150,659,321,68,65,69,41,72,66,70,71,67,69,73,74,71,71,46,61,72,72,72,73,73,70,74,72,72,71,73,70,69,74,68,70
[ 6342.786614] [AOA] Measurement: 0,1629141099.158738,08:55:31:70:ff:0a,2,1,1,0,128,826,977,843,847,113,0,515,890,202,240,986,172,1002,213,247,497,989,198,549,26,803,179,880,102,210,355,66,221,418,94,534,248,63,57,63,43,69,63,66,63,62,65,68,69,65,64,50,51,73,68,69,69,70,74,71,71,72,71,71,74,73,72,75,73
[ 6342.829598] [AOA] Measurement: 0,1629141099.201718,08:55:31:70:ff:0a,2,1,1,0,128,895,1005,889,886,75,958,460,825,654,39,368,977,431,1007,778,339,507,31,1022,851,825,197,840,69,723,170,573,34,925,933,947,695,66,63,68,43,70,66,69,67,65,67,71,71,67,70,48,58,73,71,71,74,75,72,75,72,74,73,75,74,73,75,73,72
[ 6342.868245] [AOA] Measurement: 0,1629141099.240370,08:55:31:70:ff:0a,2,1,1,0,128,835,985,224,623,583,776,919,609,669,43,401,999,430,1,744,261,510,35,25,872,255,1011,346,943,655,120,598,17,934,937,76,990,66,59,67,42,70,64,67,64,65,68,69,70,66,67,50,50,73,69,66,70,69,74,71,71,74,71,71,74,74,72,76,73
[ 6342.912174] [AOA] Measurement: 0,1629141099.284301,08:55:31:70:ff:0a,2,1,1,0,128,785,956,815,838,557,814,967,662,675,33,430,1002,1,242,259,522,1001,182,564,9,812,181,928,128,233,350,93,195,458,123,624,270,67,63,68,43,70,65,68,70,66,68,70,71,69,71,44,59,71,73,72,73,73,70,73,70,73,72,72,71,71,74,69,71
[ 6342.961671] [AOA] Measurement: 0,1629141099.333795,08:55:31:70:ff:0a,2,1,1,0,128,778,936,282,677,615,824,935,675,682,59,962,195,1019,213,692,258,520,22,22,864,227,976,327,921,675,152,572,14,462,93,925,635,64,58,67,43,70,63,69,65,66,69,70,72,69,71,50,57,74,72,71,73,73,75,73,73,74,72,74,75,74,73,74,75
[ 6343.002813] [AOA] Measurement: 0,1629141099.374908,08:55:31:70:ff:0a,2,1,1,0,128,356,171,854,876,123,5,516,850,209,248,990,194,1015,202,283,536,39,223,543,66,869,213,885,130,250,391,67,201,475,128,153,956,67,63,69,44,72,66,69,69,65,69,70,71,68,69,49,57,75,72,72,74,75,74,75,73,73,72,74,74,75,73,73,74
[ 6343.052233] [AOA] Measurement: 0,1629141099.424353,08:55:31:70:ff:0a,2,1,1,0,128,836,1000,787,799,593,782,978,657,703,56,454,4,1020,205,363,573,997,192,561,49,817,172,904,122,239,342,142,242,469,147,601,306,71,68,73,45,73,66,73,73,69,71,72,72,71,74,47,62,72,74,72,72,73,70,73,70,74,72,73,74,72,75,70,73
[ 6343.097800] [AOA] Measurement: 0,1629141099.469925,08:55:31:70:ff:0a,2,1,1,0,128,349,114,282,665,594,834,949,661,658,55,439,9,453,16,808,339,499,13,31,863,253,1018,947,133,209,368,109,228,467,79,119,877,66,65,70,43,72,65,70,68,68,69,71,71,71,70,46,60,73,71,71,74,72,71,71,69,73,70,72,69,71,74,70,72
[ 6343.141659] [AOA] Measurement: 0,1629141099.513785,08:55:31:70:ff:0a,2,1,1,0,128,867,995,265,649,634,852,955,632,689,48,394,1012,994,193,736,292,529,44,1001,871,280,33,378,941,671,117,614,1017,931,939,986,844,57,53,58,41,64,57,61,55,59,62,61,63,62,60,48,47,71,64,65,65,67,71,65,66,68,66,67,70,71,68,73,71
[ 6343.180164] [AOA] Measurement: 0,1629141099.552287,08:55:31:70:ff:0a,2,1,1,0,128,337,142,854,891,172,5,505,894,256,305,998,203,68,282,287,547,14,223,564,27,840,205,888,135,220,347,127,274,459,121,881,570,64,58,66,43,69,64,66,64,62,66,68,68,66,66,50,51,72,67,67,69,71,73,71,70,72,70,69,71,73,70,75,73
[ 6343.224130] [AOA] Measurement: 0,1629141099.596253,08:55:31:70:ff:0a,2,1,1,0,128,398,174,833,883,99,959,943,660,730,69,426,1006,387,1017,772,325,468,2,625,46,834,197,859,67,172,319,85,195,942,975,294,52,69,66,72,45,72,66,73,69,68,71,72,74,70,71,49,58,75,74,72,74,75,73,76,73,75,71,73,72,73,74,72,74
[ 6343.266424] [AOA] Measurement: 0,1629141099.638543,08:55:31:70:ff:0a,2,1,1,0,128,840,999,268,666,649,857,936,661,631,22,449,1008,503,63,319,522,26,220,601,54,822,204,843,64,695,166,124,225,455,113,826,609,65,59,67,45,73,65,70,64,66,68,71,73,69,69,52,57,77,72,71,76,75,77,76,76,75,75,76,76,78,77,80,77
[ 6343.310104] [AOA] Measurement: 0,1629141099.682224,08:55:31:70:ff:0a,2,1,1,0,128,899,1023,330,696,572,834,961,675,664,73,418,19,479,22,248,486,1018,169,5,863,874,232,876,111,249,381,131,234,452,95,475,276,65,59,69,45,71,64,68,67,65,67,69,69,68,68,49,56,73,73,71,72,75,75,74,71,74,73,74,74,75,74,73,74
[ 6343.353085] [AOA] Measurement: 0,1629141099.725211,08:55:31:70:ff:0a,2,1,1,0,128,378,145,845,865,97,991,934,643,634,65,422,1021,12,200,690,273,473,10,1007,829,297,37,312,916,663,96,567,3,923,907,235,83,70,67,71,44,74,68,72,72,68,72,74,74,70,73,47,61,73,72,72,73,73,71,73,70,75,73,75,73,73,74,71,75
[ 6343.396655] [AOA] Measurement: 0,1629141099.768778,08:55:31:70:ff:0a,2,1,1,0,128,393,188,824,871,135,14,474,836,211,264,989,196,34,256,304,539,989,211,610,57,891,226,928,120,255,381,185,254,558,188,600,90,63,59,65,44,68,64,67,64,63,66,68,70,66,67,49,54,72,70,70,71,73,73,74,71,73,72,73,73,76,73,75,75
[ 6343.444144] [AOA] Measurement: 0,1629141099.816264,08:55:31:70:ff:0a,2,1,1,0,128,835,983,267,654,560,797,935,651,690,51,959,183,1016,221,277,531,81,242,617,72,799,169,883,133,200,324,103,211,431,63,622,312,66,61,69,45,70,65,69,68,65,69,68,71,69,71,47,58,74,72,70,72,73,73,74,74,76,72,73,75,73,74,73,73
[ 6343.484189] [AOA] Measurement: 0,1629141099.856312,08:55:31:70:ff:0a,2,1,1,0,128,879,985,317,686,189,18,532,896,221,249,971,183,400,1012,276,513,36,220,585,52,832,177,882,109,211,333,148,241,412,104,291,1007,67,64,70,46,72,68,70,68,67,68,71,72,69,72,50,57,74,72,71,74,71,74,73,72,75,73,72,73,72,74,75,74
[ 6343.527843] [AOA] Measurement: 0,1629141099.899968,08:55:31:70:ff:0a,2,1,1,0,128,871,2,850,895,589,812,960,652,704,47,951,166,968,187,271,518,1022,200,586,38,858,222,859,86,249,357,165,246,414,90,262,976,69,67,73,44,71,67,72,73,70,69,74,72,70,73,43,62,67,71,72,72,72,68,71,70,72,72,72,70,69,73,66,69
[ 6343.575169] [AOA] Measurement: 0,1629141099.947289,08:55:31:70:ff:0a,2,1,1,0,128,784,940,274,629,608,808,930,663,693,70,376,998,495,21,261,509,74,239,613,86,840,194,890,91,183,329,87,200,955,957,503,273,68,65,71,43,72,66,73,69,68,69,72,74,71,71,47,61,73,74,74,73,75,71,73,72,74,70,72,70,72,73,69,73
[ 6343.619783] [AOA] Measurement: 0,1629141099.991904,08:55:31:70:ff:0a,2,1,1,0,128,365,153,885,932,150,1022,524,846,95,178,444,1006,448,36,273,509,500,4,606,58,771,151,917,91,250,367,176,268,400,76,883,537,68,66,70,44,71,67,71,74,67,70,73,71,70,72,43,63,69,72,70,72,70,67,72,68,70,69,68,66,67,71,63,67
[ 6343.662606] [AOA] Measurement: 0,1629141100.034728,08:55:31:70:ff:0a,2,1,1,0,128,801,943,374,734,151,5,431,847,674,48,16,236,1011,257,274,520,34,236,593,60,801,173,907,99,254,404,116,263,426,103,132,903,68,66,70,44,73,67,74,72,69,71,72,72,71,72,46,62,70,73,74,74,72,71,73,73,75,74,73,74,71,75,69,72
[ 6343.712451] [AOA] Measurement: 0,1629141100.084572,08:55:31:70:ff:0a,2,1,1,0,128,866,1018,308,682,574,814,462,820,666,35,406,960,428,1018,688,242,482,1020,54,886,298,2,324,951,695,158,527,6,914,930,786,542,64,60,67,42,72,64,67,65,63,68,66,71,68,68,51,55,73,70,67,72,74,73,72,70,72,73,71,73,76,70,73,73
[ 6343.759398] [AOA] Measurement: 0,1629141100.131522,08:55:31:70:ff:0a,2,1,1,0,128,840,995,844,869,117,972,452,832,644,34,453,1020,491,28,261,508,1010,199,31,875,309,19,329,933,716,167,567,19,466,129,992,688,68,65,72,43,72,66,71,70,68,68,71,69,69,73,45,59,68,72,70,73,73,68,72,69,70,69,71,69,70,74,66,69
[ 6343.797718] [AOA] Measurement: 0,1629141100.169844,08:55:31:70:ff:0a,2,1,1,0,128,367,156,293,647,622,812,471,820,604,31,433,0,497,76,753,313,500,60,561,22,301,1021,320,951,635,74,610,53,881,888,659,481,63,58,67,42,70,64,69,64,65,67,69,69,67,69,50,55,72,69,69,70,72,74,70,71,74,71,72,72,75,73,74,75
[ 6343.843596] [AOA] Measurement: 0,1629141100.215716,08:55:31:70:ff:0a,2,1,1,0,128,766,944,315,627,612,821,949,644,705,74,968,155,427,1006,804,280,77,269,505,16,842,223,313,926,679,149,610,62,454,124,220,1003,64,59,67,43,70,65,66,66,64,66,67,73,69,67,48,57,73,70,69,72,70,74,72,70,73,72,73,75,75,74,74,73
[ 6343.886458] [AOA] Measurement: 0,1629141100.258578,08:55:31:70:ff:0a,2,1,1,0,128,880,1003,316,652,596,830,917,585,713,92,381,965,522,61,743,308,1,193,587,56,866,200,836,86,714,177,585,27,911,919,163,993,65,63,70,43,73,66,69,68,65,68,71,71,71,70,47,59,72,71,72,72,73,70,73,70,73,71,72,71,71,75,70,73
[ 6343.926239] [AOA] Measurement: 0,1629141100.298364,08:55:31:70:ff:0a,2,1,1,0,128,845,998,207,619,631,833,450,842,263,269,994,208,1005,218,289,536,33,239,517,0,311,18,320,919,690,142,586,8,907,928,658,428,62,57,66,43,69,61,65,63,61,64,66,69,64,65,51,51,74,69,66,69,70,73,70,68,69,68,68,73,75,69,74,71
[ 6343.969288] [AOA] Measurement: 0,1629141100.341413,08:55:31:70:ff:0a,2,1,1,0,128,860,992,271,653,623,831,489,836,153,211,980,181,984,191,266,478,58,245,576,57,847,216,921,155,162,320,137,229,472,120,426,179,64,62,69,43,70,65,70,66,66,67,68,70,67,70,48,57,75,72,72,74,74,75,74,71,74,72,73,73,76,75,73,73
[ 6344.007485] [AOA] Measurement: 0,1629141100.379610,08:55:31:70:ff:0a,2,1,1,0,128,886,1015,258,653,586,798,496,881,181,221,991,178,437,28,710,277,506,36,30,890,280,1021,329,970,231,339,91,205,455,117,593,250,59,57,64,42,69,64,65,62,60,65,67,68,64,65,50,53,72,68,67,69,70,74,69,70,72,70,68,73,73,70,75,73
[ 6344.053753] [AOA] Measurement: 0,1629141100.425875,08:55:31:70:ff:0a,2,1,1,0,128,871,984,225,622,601,810,966,646,717,36,362,989,439,1,740,278,469,4,983,848,255,996,315,908,696,153,553,2,903,936,320,222,62,56,61,41,69,62,64,60,59,63,65,66,65,66,50,51,72,68,64,68,69,73,66,69,69,67,68,70,71,65,72,70
[ 6344.099387] [AOA] Measurement: 0,1629141100.471511,08:55:31:70:ff:0a,2,1,1,0,128,872,992,344,694,94,938,1011,678,622,3,425,1020,412,1017,759,317,521,24,576,29,855,246,915,124,175,350,546,1012,923,917,1004,858,69,66,72,44,72,66,70,70,67,68,70,71,71,72,47,60,71,73,73,76,75,71,74,73,74,73,75,73,75,76,71,74
[ 6344.143903] [AOA] Measurement: 0,1629141100.516028,08:55:31:70:ff:0a,2,1,1,0,128,799,932,187,574,569,755,930,635,711,76,401,983,470,1023,720,244,413,975,961,802,235,1009,349,953,636,117,539,28,912,921,355,147,65,61,69,42,70,65,67,68,67,67,70,71,67,71,49,57,74,73,70,74,75,74,73,72,74,74,75,75,75,74,73,73
[ 6344.188333] [AOA] Measurement: 0,1629141100.560457,08:55:31:70:ff:0a,2,1,1,0,128,804,970,333,678,542,730,956,647,710,69,422,13,969,189,284,544,1001,169,39,858,175,976,324,938,667,119,566,3,921,928,779,584,66,64,70,44,72,66,71,71,65,69,72,73,70,69,48,58,73,73,71,73,73,73,74,72,74,73,74,73,73,75,71,73
[ 6344.232350] [AOA] Measurement: 0,1629141100.604476,08:55:31:70:ff:0a,2,1,1,0,128,834,991,343,694,573,754,955,633,628,20,416,982,466,12,764,319,458,43,0,851,259,1023,885,90,708,149,99,228,414,86,413,186,62,57,66,42,70,63,66,62,61,66,66,69,64,65,50,49,73,66,66,68,68,74,70,68,72,71,71,73,74,70,73,72
[ 6344.282415] [AOA] Measurement: 0,1629141100.654535,08:55:31:70:ff:0a,2,1,1,0,128,397,196,842,887,100,981,933,639,740,75,1013,220,1009,214,267,491,64,235,591,94,808,207,861,98,694,152,640,45,893,946,626,393,66,61,66,46,71,64,69,67,67,70,72,72,68,70,46,58,74,72,72,74,74,72,74,73,74,72,74,72,73,76,69,72
[ 6344.334171] [AOA] Measurement: 0,1629141100.706290,08:55:31:70:ff:0a,2,1,1,0,128,387,175,866,862,132,1007,442,805,643,31,415,999,448,11,730,307,525,33,32,884,264,4,931,134,230,364,145,232,443,109,526,201,66,63,69,45,70,64,69,66,65,67,71,71,69,70,48,57,75,72,71,73,74,75,73,72,74,71,72,74,75,73,73,73
[ 6344.372532] [AOA] Measurement: 0,1629141100.744658,08:55:31:70:ff:0a,2,1,1,0,128,837,1003,840,908,166,14,455,860,189,235,993,182,27,233,689,303,454,988,966,845,265,1009,349,943,740,193,51,170,916,955,790,538,68,65,71,46,71,66,73,70,67,70,73,73,71,73,46,60,73,75,73,76,75,73,76,72,74,71,73,72,72,73,70,73
[ 6344.414296] [AOA] Measurement: 0,1629141100.786416,08:55:31:70:ff:0a,2,1,1,0,128,889,1014,285,633,565,815,922,599,631,14,443,1020,468,8,762,308,48,227,578,33,792,156,330,932,679,114,608,73,930,945,126,927,67,64,71,45,72,65,70,69,66,70,73,71,69,72,49,58,73,71,73,72,72,72,74,71,74,72,74,74,76,74,73,74
[ 6344.458993] [AOA] Measurement: 0,1629141100.831116,08:55:31:70:ff:0a,2,1,1,0,128,855,1010,288,659,582,817,949,640,668,44,15,222,2,219,326,514,41,225,585,87,844,223,881,108,221,371,122,183,463,106,720,409,65,61,68,44,70,64,67,65,64,67,69,70,68,68,49,58,75,70,71,69,71,75,73,70,75,71,72,74,75,72,75,76
[ 6344.502929] [AOA] Measurement: 0,1629141100.875053,08:55:31:70:ff:0a,2,1,1,0,128,810,966,340,672,540,762,917,588,701,102,377,969,457,1016,765,302,483,30,588,58,807,185,886,105,677,150,120,212,443,96,873,592,62,57,63,42,67,62,65,60,61,64,66,67,62,64,50,49,71,66,67,68,69,75,68,70,70,68,69,72,73,69,74,71
[ 6344.551917] [AOA] Measurement: 0,1629141100.924041,08:55:31:70:ff:0a,2,1,1,0,128,431,176,827,862,181,38,464,868,291,333,988,211,93,301,259,541,10,201,555,42,847,216,870,97,263,400,75,215,452,109,484,152,68,65,72,46,73,67,70,71,67,70,72,73,70,71,48,56,73,72,71,73,72,71,73,70,72,72,74,74,73,73,74,74
[ 6344.590958] [AOA] Measurement: 0,1629141100.963080,08:55:31:70:ff:0a,2,1,1,0,128,811,982,872,914,143,5,460,847,191,262,928,162,998,240,309,554,34,265,606,55,823,186,921,119,196,317,157,263,371,52,966,749,66,63,69,43,70,64,70,68,66,69,72,70,69,71,47,59,74,73,72,73,72,73,74,72,73,71,71,71,73,73,71,73
[ 6344.640956] [AOA] Measurement: 0,1629141101.013079,08:55:31:70:ff:0a,2,1,1,0,128,364,178,866,910,84,1005,475,847,193,275,951,192,9,226,304,539,52,239,644,80,875,236,965,163,217,354,134,237,427,130,218,891,67,61,69,45,71,65,69,65,65,69,71,70,68,69,49,56,74,72,70,74,72,73,73,71,73,71,73,74,74,72,73,73
[ 6344.691649] [AOA] Measurement: 0,1629141101.063771,08:55:31:70:ff:0a,2,1,1,0,128,386,153,801,842,620,866,503,874,193,230,941,144,472,50,311,564,69,260,584,60,863,217,931,113,185,342,102,249,509,168,18,733,63,58,67,43,70,65,69,66,65,66,70,71,67,68,51,54,75,70,70,71,72,72,71,71,73,72,74,74,73,72,74,73
[ 6344.739875] [AOA] Measurement: 0,1629141101.112001,08:55:31:70:ff:0a,2,1,1,0,128,873,989,329,695,633,841,444,819,637,1003,399,990,489,69,761,325,452,1008,1008,847,283,24,264,892,784,236,565,48,912,911,223,18,60,57,65,43,68,62,67,62,63,66,67,69,66,66,49,54,74,69,67,71,72,74,72,71,72,71,71,73,73,71,74,73
[ 6344.778518] [AOA] Measurement: 0,1629141101.150643,08:55:31:70:ff:0a,2,1,1,0,128,395,190,863,879,166,26,493,833,674,58,968,156,435,45,711,285,464,11,991,851,238,982,357,956,654,137,105,207,923,928,115,850,64,61,69,46,71,66,70,68,64,66,71,69,67,69,46,57,72,72,71,72,72,73,74,71,74,71,73,73,74,74,71,72
[ 6344.824643] [AOA] Measurement: 0,1629141101.196764,08:55:31:70:ff:0a,2,1,1,0,128,849,1004,252,668,136,1001,488,855,115,219,991,218,1022,220,270,504,461,1013,13,852,841,210,886,110,182,325,116,211,418,84,250,964,62,58,64,43,69,63,67,63,62,66,67,70,66,66,49,53,75,69,67,70,72,73,71,72,73,72,70,70,73,69,73,73
[ 6344.887375] [AOA] Measurement: 0,1629141101.259499,08:55:31:70:ff:0a,2,1,1,0,128,336,135,312,656,589,825,930,633,711,56,439,1023,429,9,755,329,473,20,7,861,237,994,277,889,686,127,579,21,1003,1023,640,383,61,58,66,44,69,63,66,64,63,67,68,71,67,68,48,52,72,71,70,72,72,73,72,69,72,72,70,72,72,73,71,73
[ 6344.933718] [AOA] Measurement: 0,1629141101.305837,08:55:31:70:ff:0a,2,1,1,0,128,325,130,275,661,641,811,939,634,682,42,421,21,467,19,671,271,504,29,79,917,854,203,920,163,218,372,99,222,455,120,52,776,65,61,68,42,71,64,69,66,63,66,68,70,67,68,48,57,73,72,70,72,72,72,71,71,73,71,74,73,74,75,73,73
[ 6344.979554] [AOA] Measurement: 0,1629141101.351678,08:55:31:70:ff:0a,2,1,1,0,128,396,181,802,840,587,808,912,645,712,55,395,1013,483,33,311,549,41,222,588,56,814,162,935,137,232,381,45,183,427,102,388,100,63,58,68,45,68,61,67,63,62,65,67,66,66,67,50,53,73,68,67,71,71,74,71,70,73,73,71,73,74,73,75,74
[ 6345.024253] [AOA] Measurement: 0,1629141101.396378,08:55:31:70:ff:0a,2,1,1,0,128,814,964,311,664,653,813,491,831,254,251,985,197,419,1019,726,276,95,285,617,81,833,196,843,93,222,353,143,234,420,63,103,898,62,59,66,43,69,63,67,63,62,66,67,68,68,66,49,54,72,69,69,71,72,73,71,71,72,72,72,72,73,72,73,72
[ 6345.068869] [AOA] Measurement: 0,1629141101.440990,08:55:31:70:ff:0a,2,1,1,0,128,384,125,257,650,540,780,927,608,718,76,395,1000,496,53,297,521,31,268,602,52,813,199,879,94,184,377,90,225,481,144,896,506,64,60,67,44,70,63,67,67,62,66,70,71,69,69,49,56,75,70,70,73,72,74,73,72,75,73,73,73,74,75,74,74
[ 6345.112455] [AOA] Measurement: 0,1629141101.484575,08:55:31:70:ff:0a,2,1,1,0,128,828,981,316,667,631,840,876,644,203,227,997,172,507,35,293,511,510,56,594,50,271,36,847,57,199,341,592,34,446,97,617,282,66,65,71,43,71,66,71,70,68,69,72,71,70,71,43,60,69,70,70,71,71,67,73,70,72,70,70,69,69,73,68,71
[ 6345.162742] [AOA] Measurement: 0,1629141101.534863,08:55:31:70:ff:0a,2,1,1,0,128,879,981,254,633,657,825,968,653,686,36,406,999,494,39,674,266,515,59,580,37,834,214,905,99,241,374,49,191,448,95,454,143,65,62,70,44,71,65,69,64,65,66,68,71,69,67,49,54,73,69,69,71,72,75,73,71,72,72,74,75,75,70,75,76
[ 6345.208444] [AOA] Measurement: 0,1629141101.580570,08:55:31:70:ff:0a,2,1,1,0,128,310,139,292,680,648,825,512,880,246,311,943,170,9,216,334,549,41,233,559,33,796,168,883,108,670,139,71,181,417,99,649,369,68,66,71,44,75,68,71,70,67,69,70,72,70,73,47,59,71,73,72,72,75,72,73,70,74,72,73,73,72,73,70,75
[ 6345.252633] [AOA] Measurement: 0,1629141101.624756,08:55:31:70:ff:0a,2,1,1,0,128,835,990,316,675,610,782,520,928,702,11,475,9,427,1011,738,328,524,29,35,882,290,22,839,76,223,331,108,235,461,112,99,856,62,57,66,44,69,62,67,61,61,65,68,70,66,66,50,52,73,68,67,70,70,73,70,71,72,69,69,73,74,70,74,73
[ 6345.295356] [AOA] Measurement: 0,1629141101.667477,08:55:31:70:ff:0a,2,1,1,0,128,412,165,802,842,576,822,478,856,165,212,969,161,512,30,700,292,471,40,1016,877,262,997,877,113,228,333,151,232,471,113,222,981,66,62,67,44,72,64,69,66,66,68,71,70,67,69,48,55,73,70,68,72,73,74,72,71,72,71,72,73,74,71,73,74
[ 6345.338728] [AOA] Measurement: 0,1629141101.710853,08:55:31:70:ff:0a,2,1,1,0,128,819,984,314,688,564,815,971,636,667,27,402,1015,480,35,722,316,42,204,25,843,295,1023,898,74,236,364,87,225,470,118,276,0,64,61,67,44,70,64,69,65,66,68,69,72,67,69,50,55,76,72,70,73,74,76,72,71,74,73,73,75,76,72,75,73
[ 6345.377324] [AOA] Measurement: 0,1629141101.749448,08:55:31:70:ff:0a,2,1,1,0,128,856,990,271,669,593,811,914,627,670,32,431,992,447,11,757,352,474,40,530,1019,280,9,889,112,158,314,159,261,465,134,836,534,60,56,63,43,67,62,66,61,61,64,66,68,66,68,50,51,72,66,69,69,69,74,71,69,73,71,72,72,74,71,74,74
[ 6345.420193] [AOA] Measurement: 0,1629141101.792313,08:55:31:70:ff:0a,2,1,1,0,128,834,984,285,649,579,791,939,645,687,60,983,201,443,1022,759,358,468,27,987,830,302,1004,378,962,266,415,43,184,921,902,541,279,67,65,68,44,72,65,70,67,65,68,72,70,69,71,49,56,71,70,72,73,75,73,73,72,73,74,73,73,75,74,72,72
[ 6345.464569] [AOA] Measurement: 0,1629141101.836693,08:55:31:70:ff:0a,2,1,1,0,128,303,85,296,674,586,803,959,673,713,51,458,13,41,249,237,491,69,253,552,32,832,201,862,74,680,125,532,992,943,934,806,593,63,58,68,46,69,63,68,64,63,66,69,69,68,68,50,56,73,71,70,72,72,75,74,71,72,71,72,73,75,72,73,74
[ 6345.508144] [AOA] Measurement: 0,1629141101.880267,08:55:31:70:ff:0a,2,1,1,0,128,856,994,733,828,126,1001,950,666,691,56,427,1004,428,1006,757,311,539,43,36,896,830,201,908,114,172,331,123,231,459,118,981,687,63,59,68,43,69,64,68,66,65,67,69,70,69,68,50,54,75,70,70,70,72,74,73,72,73,72,73,74,74,71,73,75
[ 6345.552416] [AOA] Measurement: 0,1629141101.924536,08:55:31:70:ff:0a,2,1,1,0,128,843,1005,836,857,157,9,444,812,219,228,962,160,1005,232,306,511,1007,206,542,9,787,182,292,951,680,155,528,11,911,910,273,51,65,60,66,45,70,63,68,66,62,66,67,69,65,68,48,52,74,68,68,70,71,74,71,71,71,71,72,73,74,71,73,73
[ 6345.600946] [AOA] Measurement: 0,1629141101.973069,08:55:31:70:ff:0a,2,1,1,0,128,343,152,815,892,544,763,1001,697,688,59,414,1001,452,36,732,306,455,20,33,880,269,5,918,123,243,368,68,210,509,136,473,152,69,67,69,42,70,64,70,73,68,68,71,70,68,70,43,64,66,72,71,72,70,64,72,68,69,70,71,68,65,71,62,65
[ 6345.639083] [AOA] Measurement: 0,1629141102.011208,08:55:31:70:ff:0a,2,1,1,0,128,836,990,251,612,601,822,944,648,651,15,464,15,429,23,664,260,446,12,1013,846,243,1000,296,898,713,191,44,206,953,951,166,986,67,65,70,44,72,66,71,73,67,69,70,71,68,71,46,61,70,72,71,73,72,68,73,71,72,71,73,69,70,73,68,70
[ 6345.682174] [AOA] Measurement: 0,1629141102.054299,08:55:31:70:ff:0a,2,1,1,0,128,869,1013,335,693,601,784,929,632,669,46,471,24,438,10,771,311,513,23,55,873,293,989,355,921,749,187,565,24,876,928,548,434,67,65,71,43,72,66,72,72,68,69,72,73,71,73,46,62,70,73,73,75,73,70,74,69,73,70,73,69,70,73,67,69
[ 6345.723386] [AOA] Measurement: 0,1629141102.095481,08:55:31:70:ff:0a,2,1,1,0,128,786,932,328,670,579,806,978,642,656,70,470,1015,995,196,237,487,534,52,32,915,795,188,870,86,667,152,93,192,423,106,894,655,67,65,70,45,71,68,71,71,67,70,72,71,69,71,46,61,73,74,73,73,74,73,73,70,74,70,71,71,71,73,70,72
[ 6345.769813] [AOA] Measurement: 0,1629141102.141938,08:55:31:70:ff:0a,2,1,1,0,128,367,151,816,876,108,998,463,848,681,45,1012,215,963,181,304,550,10,205,547,36,823,191,910,133,260,377,105,223,456,101,447,110,67,62,70,44,70,66,71,68,65,68,72,72,71,70,46,59,72,71,71,72,74,71,75,73,74,70,74,72,71,75,71,72
[ 6345.807942] [AOA] Measurement: 0,1629141102.180065,08:55:31:70:ff:0a,2,1,1,0,128,869,1003,826,860,66,952,479,840,673,63,926,173,464,59,735,288,523,38,578,51,296,1020,873,86,660,113,602,44,965,948,373,128,70,65,71,44,73,68,71,71,69,70,72,72,70,71,47,59,72,74,73,72,72,70,73,70,75,73,72,72,73,75,69,74
[ 6345.853794] [AOA] Measurement: 0,1629141102.225915,08:55:31:70:ff:0a,2,1,1,0,128,790,910,232,633,554,779,908,597,640,1009,391,988,443,999,702,270,481,16,15,853,288,26,360,943,663,113,548,1019,902,923,519,372,67,62,70,45,70,65,69,67,65,68,71,71,67,67,49,57,74,72,70,72,72,75,72,71,75,73,74,75,73,74,73,74
[ 6345.893797] [AOA] Measurement: 0,1629141102.265922,08:55:31:70:ff:0a,2,1,1,0,128,378,163,831,868,159,1022,459,839,202,214,1013,234,39,274,225,533,82,274,583,52,830,183,899,105,233,407,133,226,507,110,613,198,69,64,72,44,73,67,72,70,67,70,73,72,70,70,49,59,75,74,71,73,72,74,73,72,75,73,74,75,75,75,72,74
[ 6345.933344] [AOA] Measurement: 0,1629141102.305463,08:55:31:70:ff:0a,2,1,1,0,128,366,127,841,857,621,844,886,598,657,43,413,977,471,20,684,254,489,42,61,904,808,153,320,905,709,188,600,58,515,140,49,684,69,63,70,48,73,68,71,71,69,70,73,74,70,74,53,60,79,76,76,77,79,80,78,77,79,78,78,79,79,77,78,78
[ 6345.983197] [AOA] Measurement: 0,1629141102.355317,08:55:31:70:ff:0a,2,1,1,0,128,809,962,257,619,587,788,915,648,706,57,392,988,462,30,728,314,510,40,552,65,276,1,905,143,278,395,172,280,471,163,752,401,68,65,71,44,71,66,71,71,64,69,69,70,67,72,46,59,73,71,73,74,74,71,75,71,75,72,75,73,74,75,72,74
[ 6346.027204] [AOA] Measurement: 0,1629141102.399329,08:55:31:70:ff:0a,2,1,1,0,128,858,980,846,841,106,1021,450,851,147,224,392,1007,456,42,749,275,487,39,10,865,311,18,891,123,199,340,100,221,458,105,687,432,71,69,71,42,71,67,71,73,65,67,69,69,69,70,41,61,62,69,69,69,65,61,69,65,67,67,67,62,62,67,60,63
[ 6346.070034] [AOA] Measurement: 0,1629141102.442153,08:55:31:70:ff:0a,2,1,1,0,128,381,170,233,648,131,1019,845,560,691,68,440,6,474,25,783,301,1023,225,586,42,820,175,890,98,626,130,592,26,523,114,407,74,61,57,66,45,68,63,68,64,62,65,67,68,66,66,49,53,72,68,70,70,69,74,71,71,72,71,71,72,74,71,72,73
[ 6346.108250] [AOA] Measurement: 0,1629141102.480375,08:55:31:70:ff:0a,2,1,1,0,128,364,186,862,858,132,988,508,865,147,220,1020,239,1005,224,288,522,1015,181,586,59,824,225,914,135,243,355,157,261,432,92,343,76,63,61,66,42,67,63,71,68,67,69,71,71,70,73,45,61,72,74,72,74,72,71,74,70,71,67,69,70,70,73,65,69
[ 6346.152619] [AOA] Measurement: 0,1629141102.524743,08:55:31:70:ff:0a,2,1,1,0,128,846,979,830,844,614,862,891,597,594,1005,444,995,486,35,700,229,499,1018,981,847,221,985,400,940,715,184,564,1018,917,931,161,867,67,61,68,44,70,64,69,66,65,68,71,71,68,69,48,58,74,73,71,73,74,71,73,71,73,72,75,73,73,74,73,75
[ 6346.195591] [AOA] Measurement: 0,1629141102.567710,08:55:31:70:ff:0a,2,1,1,0,128,870,927,242,661,594,777,944,649,635,17,429,1013,449,29,777,332,1018,204,976,838,296,1022,302,920,655,121,550,1022,956,950,865,562,62,59,65,43,68,62,66,61,63,66,68,68,64,64,51,53,74,68,67,71,73,74,71,71,72,71,73,73,74,73,74,74
[ 6346.239786] [AOA] Measurement: 0,1629141102.611907,08:55:31:70:ff:0a,2,1,1,0,128,888,1009,786,835,614,817,495,844,291,303,1006,190,990,197,331,530,29,199,567,22,240,972,377,942,694,154,77,212,440,99,887,558,68,65,69,45,74,66,71,70,67,70,71,73,70,72,47,59,73,74,71,74,74,73,75,73,73,72,72,72,72,73,70,72
[ 6346.282844] [AOA] Measurement: 0,1629141102.654965,08:55:31:70:ff:0a,2,1,1,0,128,384,159,781,829,576,806,952,661,666,25,398,2,1020,195,260,504,25,210,545,38,794,162,906,139,203,318,153,262,443,117,971,647,62,59,65,44,68,64,67,65,61,65,67,69,65,65,51,52,72,68,67,68,70,72,70,70,72,71,71,73,74,72,73,72
[ 6346.333306] [AOA] Measurement: 0,1629141102.705427,08:55:31:70:ff:0a,2,1,1,0,128,831,991,307,655,572,815,915,604,623,7,378,992,487,27,742,338,511,17,564,1022,238,995,322,913,679,152,569,8,834,848,758,719,67,64,68,42,71,66,71,70,66,71,72,72,69,71,48,60,73,73,71,73,75,73,74,71,73,74,73,74,73,74,71,72
[ 6346.387734] [AOA] Measurement: 0,1629141102.759862,08:55:31:70:ff:0a,2,1,1,0,128,814,962,310,694,585,802,475,816,636,29,398,2,490,66,734,288,490,42,570,4,881,211,876,106,214,347,536,10,884,915,514,406,63,60,66,45,70,63,69,65,64,67,70,71,68,69,50,55,73,69,70,70,71,74,72,71,72,70,72,74,75,73,74,73
[ 6346.431174] [AOA] Measurement: 0,1629141102.803294,08:55:31:70:ff:0a,2,1,1,0,128,841,990,247,646,553,775,947,667,592,1001,468,9,446,24,772,331,475,8,1020,840,218,986,324,923,667,124,542,992,937,952,744,484,66,62,69,45,71,64,69,66,66,68,69,71,67,69,50,54,73,70,71,72,72,74,75,74,73,71,72,72,75,72,74,74
[ 6346.473844] [AOA] Measurement: 0,1629141102.845969,08:55:31:70:ff:0a,2,1,1,0,128,839,957,234,605,585,802,937,643,628,1003,439,19,459,56,725,308,490,27,1,854,265,1010,296,893,724,184,528,4,922,909,163,1023,68,64,67,45,72,66,70,68,65,66,70,71,69,69,48,56,72,70,70,71,72,73,73,70,73,71,71,74,75,74,73,75
[ 6346.518157] [AOA] Measurement: 0,1629141102.890283,08:55:31:70:ff:0a,2,1,1,0,128,368,155,824,873,97,978,911,605,660,30,961,176,484,3,701,281,496,26,73,894,299,4,934,124,178,320,118,215,459,110,1021,748,67,64,71,43,72,67,71,71,68,70,72,73,70,73,47,60,71,74,73,74,72,71,73,71,75,71,73,71,72,73,68,72
[ 6346.563611] [AOA] Measurement: 0,1629141102.935732,08:55:31:70:ff:0a,2,1,1,0,128,872,1000,889,904,98,1010,939,643,646,19,449,1008,10,213,289,518,1010,223,570,28,898,245,887,101,695,140,584,30,891,939,487,218,68,64,69,44,71,66,71,69,69,70,72,72,71,71,48,59,74,71,73,74,75,74,75,72,76,74,74,75,74,73,72,74
[ 6346.606503] [AOA] Measurement: 0,1629141102.978622,08:55:31:70:ff:0a,2,1,1,0,128,840,955,274,660,595,776,963,667,695,38,982,182,14,249,245,502,12,204,534,8,239,991,905,112,321,402,120,225,471,119,270,925,66,63,71,47,73,67,70,67,67,71,72,74,71,71,51,57,77,72,70,73,76,79,74,75,76,76,75,79,79,75,78,79
[ 6346.646261] [AOA] Measurement: 0,1629141103.018384,08:55:31:70:ff:0a,2,1,1,0,128,889,3,897,908,597,818,439,798,697,71,362,983,38,223,683,303,535,46,575,19,792,177,895,81,232,366,57,167,922,916,918,696,66,63,70,44,70,64,69,69,67,68,71,72,68,72,47,60,70,72,71,74,73,72,73,72,73,71,74,71,70,74,69,71
[ 6346.689294] [AOA] Measurement: 0,1629141103.061417,08:55:31:70:ff:0a,2,1,1,0,128,832,964,300,691,641,794,895,585,646,15,432,1006,452,17,686,247,442,0,34,892,260,1010,311,920,713,162,565,16,913,961,158,963,66,64,69,43,73,67,68,69,67,69,72,71,68,69,48,56,74,70,69,72,73,73,74,73,74,71,72,74,74,74,72,74
[ 6346.727497] [AOA] Measurement: 0,1629141103.099621,08:55:31:70:ff:0a,2,1,1,0,128,815,963,258,652,561,791,970,642,716,59,403,993,439,30,689,262,511,22,36,854,284,3,312,907,665,108,593,1019,917,937,711,604,67,63,68,44,70,65,69,68,65,68,70,71,68,69,46,59,71,72,70,73,73,71,73,71,73,72,73,73,74,72,69,73
[ 6346.773334] [AOA] Measurement: 0,1629141103.145454,08:55:31:70:ff:0a,2,1,1,0,128,804,967,290,687,663,851,444,813,667,77,940,157,991,188,684,276,475,26,1020,839,332,15,844,67,704,172,591,20,965,980,70,764,69,66,71,45,71,65,71,70,68,70,74,74,71,72,48,59,74,73,73,75,73,73,74,70,75,72,73,73,73,74,72,72
[ 6346.818821] [AOA] Measurement: 0,1629141103.190947,08:55:31:70:ff:0a,2,1,1,0,128,849,981,839,867,595,809,525,853,648,18,467,44,455,36,708,306,22,220,4,879,302,12,888,95,222,350,96,202,421,93,994,691,62,59,66,44,69,64,68,61,63,64,68,68,65,66,49,51,72,67,66,70,72,74,72,72,71,69,71,71,75,70,76,74
[ 6346.862488] [AOA] Measurement: 0,1629141103.234613,08:55:31:70:ff:0a,2,1,1,0,128,359,167,870,882,96,989,494,879,208,244,953,189,999,213,284,544,1016,186,588,30,831,183,856,63,245,348,106,207,437,112,40,858,70,66,73,44,72,68,70,72,67,70,73,71,70,72,45,61,69,71,71,73,72,68,71,68,70,70,72,68,69,71,65,68
[ 6346.912655] [AOA] Measurement: 0,1629141103.284775,08:55:31:70:ff:0a,2,1,1,0,128,872,986,249,672,635,856,506,831,705,53,977,195,1019,226,315,572,1018,203,543,17,889,236,915,111,286,413,151,247,488,129,75,771,65,63,67,43,70,64,68,66,64,67,71,69,66,69,49,56,73,72,72,73,73,73,72,70,72,70,72,73,75,73,74,74
[ 6346.962753] [AOA] Measurement: 0,1629141103.334873,08:55:31:70:ff:0a,2,1,1,0,128,435,186,264,630,149,1008,938,635,708,82,452,29,496,43,719,309,469,1,48,886,298,3,963,143,197,330,600,5,460,106,510,221,64,59,66,44,70,64,69,66,65,66,69,70,67,69,47,57,73,71,71,71,71,72,72,72,74,71,73,74,73,74,71,74
[ 6347.008140] [AOA] Measurement: 0,1629141103.380161,08:55:31:70:ff:0a,2,1,1,0,128,805,941,219,623,579,799,944,643,680,47,1020,237,447,24,276,530,12,216,567,18,815,185,371,945,680,162,113,208,480,148,779,442,65,62,71,43,70,65,68,68,64,66,70,71,68,70,45,60,70,72,71,71,73,70,73,69,72,70,71,72,68,72,67,69
[ 6347.046261] [AOA] Measurement: 0,1629141103.418385,08:55:31:70:ff:0a,2,1,1,0,128,823,954,260,585,637,850,964,624,713,73,409,1001,510,38,286,508,51,259,584,66,841,215,886,76,197,338,84,193,438,131,917,582,67,62,70,43,69,65,69,68,64,68,72,72,70,70,47,58,72,73,71,73,71,72,73,72,74,72,73,72,73,73,72,73
[ 6347.084069] [AOA] Measurement: 0,1629141103.456193,08:55:31:70:ff:0a,2,1,1,0,128,379,156,848,867,629,810,476,866,166,225,1008,209,19,217,320,545,1010,195,570,50,843,225,839,70,683,155,99,198,453,113,105,986,64,58,66,44,69,63,69,64,64,68,70,71,68,68,49,53,73,69,68,70,71,73,71,71,73,72,70,73,73,72,74,74
[ 6347.130649] [AOA] Measurement: 0,1629141103.502769,08:55:31:70:ff:0a,2,1,1,0,128,343,117,292,687,591,795,1007,659,695,63,435,3,997,208,278,500,24,275,558,26,821,191,885,125,188,311,550,0,432,125,490,257,69,66,72,45,71,68,71,70,68,71,72,71,70,72,46,61,72,74,73,74,73,69,72,70,72,70,72,71,69,73,71,70
[ 6347.173255] [AOA] Measurement: 0,1629141103.545376,08:55:31:70:ff:0a,2,1,1,0,128,847,998,805,856,101,978,962,674,634,19,406,999,446,1008,750,281,531,42,21,872,839,160,311,918,638,135,608,21,931,928,30,869,65,61,66,43,70,65,68,66,65,67,69,69,68,68,48,55,76,70,70,71,72,73,71,72,74,72,71,74,72,72,75,74
[ 6347.218307] [AOA] Measurement: 0,1629141103.590433,08:55:31:70:ff:0a,2,1,1,0,128,841,1000,839,858,582,853,942,655,657,74,377,980,440,1017,708,263,461,995,31,864,264,1008,375,957,718,165,601,18,922,946,782,602,66,63,70,43,73,66,71,70,66,68,71,71,69,72,48,60,73,73,70,72,75,72,73,71,75,73,75,74,75,74,71,74
[ 6347.262953] [AOA] Measurement: 0,1629141103.635079,08:55:31:70:ff:0a,2,1,1,0,128,805,937,239,669,579,800,1020,673,655,38,434,6,507,52,188,459,477,30,605,92,792,178,326,959,201,338,585,35,473,116,691,400,64,59,68,45,70,63,67,64,62,66,68,67,67,68,49,54,72,69,67,70,72,74,71,69,72,70,70,74,75,70,73,73
[ 6347.312891] [AOA] Measurement: 0,1629141103.685011,08:55:31:70:ff:0a,2,1,1,0,128,889,1015,826,846,132,1017,533,874,138,225,939,172,453,36,752,295,515,18,25,871,838,161,857,92,202,351,96,222,466,111,545,395,68,65,72,46,75,69,72,70,68,71,73,74,73,75,52,60,77,75,72,76,78,79,77,75,78,74,76,79,79,77,77,77
[ 6347.363229] [AOA] Measurement: 0,1629141103.735350,08:55:31:70:ff:0a,2,1,1,0,128,888,997,343,690,93,954,988,698,669,31,363,992,470,56,745,273,472,6,67,903,828,170,909,113,154,323,170,240,913,958,600,335,69,66,71,43,72,67,70,72,67,68,74,70,69,71,46,61,71,73,71,74,74,70,74,71,74,72,73,71,69,72,69,73
[ 6347.407437] [AOA] Measurement: 0,1629141103.779564,08:55:31:70:ff:0a,2,1,1,0,128,391,163,873,905,134,1010,457,838,637,60,947,181,28,246,281,523,11,207,540,31,273,1020,967,148,232,371,128,218,414,67,536,323,63,60,68,44,72,65,68,64,64,69,69,73,67,68,50,54,73,70,68,70,72,73,72,71,74,71,72,72,74,72,73,75
[ 6347.451428] [AOA] Measurement: 0,1629141103.823552,08:55:31:70:ff:0a,2,1,1,0,128,863,990,286,701,607,834,523,923,233,290,956,196,993,190,742,310,10,229,557,54,779,178,939,135,191,332,180,232,456,94,406,95,65,62,68,44,72,66,66,65,63,66,69,70,67,66,48,58,74,73,72,72,73,75,73,71,72,73,72,75,75,75,74,74
[ 6347.494460] [AOA] Measurement: 0,1629141103.866585,08:55:31:70:ff:0a,2,1,1,0,128,857,997,873,871,96,1015,1008,662,172,253,974,176,986,217,697,261,452,2,34,885,284,1000,337,941,764,207,594,18,958,978,447,276,64,60,68,44,70,62,68,67,63,67,70,71,67,69,47,57,74,72,71,73,74,74,73,69,72,74,73,73,75,74,73,74
[ 6347.540137] [AOA] Measurement: 0,1629141103.912261,08:55:31:70:ff:0a,2,1,1,0,128,377,184,811,885,100,1018,455,874,167,194,394,950,464,21,772,330,477,2,57,887,234,1015,887,113,693,162,575,24,480,119,418,135,63,60,68,45,71,65,69,66,65,67,70,70,68,68,47,53,72,69,68,72,72,74,73,72,73,70,71,73,73,73,74,74
[ 6347.585955] [AOA] Measurement: 0,1629141103.958075,08:55:31:70:ff:0a,2,1,1,0,128,801,942,272,639,618,814,960,635,677,52,485,3,449,0,737,273,483,1010,44,866,217,990,306,910,687,121,548,1017,927,928,23,793,61,58,64,42,66,62,66,62,60,64,66,69,66,66,50,53,73,68,69,69,71,75,69,70,71,70,71,73,74,71,73,74
[ 6347.631135] [AOA] Measurement: 0,1629141104.003259,08:55:31:70:ff:0a,2,1,1,0,128,841,983,304,668,554,776,972,670,669,49,435,16,437,1011,735,309,16,220,24,893,783,158,363,960,204,316,126,202,428,117,429,206,68,64,71,44,71,67,70,70,67,69,72,72,70,70,47,58,73,71,72,73,74,72,73,72,74,72,74,72,74,75,73,73
[ 6347.675273] [AOA] Measurement: 0,1629141104.047398,08:55:31:70:ff:0a,2,1,1,0,128,828,931,300,674,562,787,925,640,677,12,459,11,29,238,691,267,523,28,1008,829,309,1014,847,79,210,324,160,254,448,108,280,1008,66,61,68,46,71,65,68,65,65,69,70,69,67,67,50,55,76,71,69,71,72,74,71,70,75,71,72,73,73,74,75,75
[ 6347.719324] [AOA] Measurement: 0,1629141104.091444,08:55:31:70:ff:0a,2,1,1,0,128,362,180,809,840,599,799,988,698,676,72,1006,202,988,222,297,528,1,221,571,55,783,166,946,157,222,337,136,205,485,106,383,89,65,63,68,44,70,66,69,69,65,69,72,71,66,71,47,60,73,73,71,72,73,73,72,73,74,71,74,71,74,75,74,73
[ 6347.762281] [AOA] Measurement: 0,1629141104.134401,08:55:31:70:ff:0a,2,1,1,0,128,933,26,775,833,589,758,948,597,720,91,330,958,433,1007,765,289,469,27,13,883,291,1015,912,131,193,343,584,11,894,918,885,762,63,58,65,42,69,62,67,64,63,66,69,68,68,68,49,54,74,68,68,69,68,72,71,71,72,72,71,73,75,72,74,73
[ 6347.812202] [AOA] Measurement: 0,1629141104.184322,08:55:31:70:ff:0a,2,1,1,0,128,812,973,867,871,110,1005,431,812,662,60,431,1002,457,998,731,311,486,6,1009,851,299,6,305,889,737,148,141,239,442,83,871,620,66,61,68,42,72,65,68,67,66,69,71,70,69,70,47,58,73,71,71,73,71,74,74,72,74,70,71,72,72,72,71,72
[ 6347.859285] [AOA] Measurement: 0,1629141104.231409,08:55:31:70:ff:0a,2,1,1,0,128,406,183,850,885,579,798,948,626,709,67,423,4,460,51,267,515,16,236,597,47,797,169,903,97,678,177,94,188,479,152,193,901,56,51,62,41,65,58,61,57,57,59,61,64,61,61,50,47,70,62,62,65,65,74,68,68,68,67,67,71,72,65,73,69
[ 6347.906455] [AOA] Measurement: 0,1629141104.278575,08:55:31:70:ff:0a,2,1,1,0,128,391,172,808,851,545,790,958,655,216,239,984,225,992,215,274,518,1016,194,1019,841,329,28,874,115,183,345,76,201,433,83,647,430,67,63,69,43,71,66,68,69,66,67,71,72,70,72,47,59,73,72,72,73,74,72,74,73,73,72,73,72,69,72,69,72
[ 6347.951144] [AOA] Measurement: 0,1629141104.323264,08:55:31:70:ff:0a,2,1,1,0,128,815,972,244,623,547,770,952,622,655,23,400,5,465,32,766,286,479,5,1003,872,276,1002,359,953,671,116,615,58,937,965,920,662,65,61,67,43,71,65,68,64,65,68,69,70,68,69,49,57,73,71,71,71,73,73,73,73,75,71,74,73,75,73,72,72
[ 6347.993644] [AOA] Measurement: 0,1629141104.365768,08:55:31:70:ff:0a,2,1,1,0,128,850,952,309,668,539,807,909,614,214,238,433,1020,455,7,778,329,8,241,592,75,827,183,917,149,218,356,175,277,447,121,24,732,64,60,67,44,69,63,67,64,62,66,68,68,67,67,49,52,75,68,69,68,70,74,72,71,71,70,70,73,74,71,75,74
[ 6348.036917] [AOA] Measurement: 0,1629141104.409043,08:55:31:70:ff:0a,2,1,1,0,128,840,967,892,902,125,999,959,675,663,58,992,224,978,221,747,316,520,24,546,22,867,220,892,128,178,321,120,205,448,84,484,159,58,55,61,43,67,60,61,57,58,62,64,65,60,62,48,48,70,64,64,64,67,72,65,69,69,68,68,72,73,67,72,72
[ 6348.080892] [AOA] Measurement: 0,1629141104.453012,08:55:31:70:ff:0a,2,1,1,0,128,833,993,298,696,569,752,885,609,672,28,425,1003,445,20,757,310,508,36,36,889,310,1,315,912,660,126,536,996,895,896,512,403,62,60,66,45,68,63,66,62,63,66,70,68,68,67,48,54,73,70,69,71,72,74,71,72,74,72,72,72,75,72,73,72
[ 6348.122774] [AOA] Measurement: 0,1629141104.494900,08:55:31:70:ff:0a,2,1,1,0,128,858,982,299,652,633,847,949,619,683,76,953,155,448,30,784,292,583,92,595,31,827,195,866,93,248,391,101,253,457,86,988,793,66,63,69,44,72,66,69,66,66,69,69,71,68,69,50,58,75,72,71,74,74,75,75,71,74,71,73,72,74,74,72,74
[ 6348.166101] [AOA] Measurement: 0,1629141104.538225,08:55:31:70:ff:0a,2,1,1,0,128,383,177,834,875,115,1008,465,820,158,239,380,1004,462,19,744,316,1007,202,68,875,280,993,359,949,719,185,600,34,972,964,259,973,66,63,71,42,71,67,69,70,65,68,71,71,69,71,47,60,72,73,71,73,73,72,73,70,74,71,74,71,70,72,69,71
[ 6348.210176] [AOA] Measurement: 0,1629141104.582300,08:55:31:70:ff:0a,2,1,1,0,128,396,167,789,839,104,983,920,648,618,4,469,3,465,48,699,293,471,12,628,80,790,162,877,91,211,363,114,214,483,152,984,567,66,62,68,45,71,67,70,68,65,68,70,72,67,69,48,55,75,71,70,72,73,74,73,73,74,71,74,74,75,72,74,74
[ 6348.249160] [AOA] Measurement: 0,1629141104.621280,08:55:31:70:ff:0a,2,1,1,0,128,823,988,221,653,567,807,904,639,689,39,452,5,4,242,265,527,15,187,544,40,883,231,872,107,217,358,582,56,456,104,971,694,64,60,67,43,72,65,69,67,65,68,68,71,69,70,47,58,71,72,70,74,72,72,73,71,73,72,73,73,73,73,71,75
[ 6348.291971] [AOA] Measurement: 0,1629141104.664091,08:55:31:70:ff:0a,2,1,1,0,128,857,997,300,641,153,7,468,830,192,269,0,187,992,233,235,469,502,55,554,22,816,159,341,930,696,182,526,1011,985,978,245,1005,67,62,70,45,72,66,70,67,67,68,70,70,68,71,45,59,71,72,72,73,74,70,74,70,74,73,73,71,72,74,70,73
[ 6348.342103] [AOA] Measurement: 0,1629141104.714223,08:55:31:70:ff:0a,2,1,1,0,128,381,140,840,889,114,1013,917,635,687,54,1010,201,1010,213,750,347,32,248,599,74,853,216,955,145,241,402,112,248,460,121,876,598,63,59,67,46,71,64,68,63,64,66,69,70,67,68,50,54,75,70,69,71,70,75,72,70,72,71,72,74,74,73,75,72
[ 6348.387182] [AOA] Measurement: 0,1629141104.759307,08:55:31:70:ff:0a,2,1,1,0,128,355,152,877,899,84,993,459,809,171,222,947,187,986,207,212,470,31,248,502,1012,283,4,361,971,190,333,182,274,502,152,824,428,66,62,67,44,71,66,67,68,66,67,69,69,67,69,49,58,74,70,71,72,71,74,73,69,73,72,72,72,72,71,73,74
[ 6348.430015] [AOA] Measurement: 0,1629141104.802136,08:55:31:70:ff:0a,2,1,1,0,128,372,179,843,921,151,0,503,844,168,218,989,170,1003,237,226,520,35,236,592,61,833,186,975,163,239,351,94,211,491,149,11,696,69,66,70,45,72,67,72,70,69,72,73,72,72,73,48,59,75,73,72,74,74,72,72,71,73,71,72,73,73,75,73,74
[ 6348.468252] [AOA] Measurement: 0,1629141104.840377,08:55:31:70:ff:0a,2,1,1,0,128,817,954,285,662,603,820,992,684,178,217,441,1022,410,4,735,307,458,1022,960,829,280,1005,328,939,721,182,83,192,902,911,880,717,69,66,71,45,72,67,72,69,67,70,73,70,71,70,48,61,73,72,73,73,74,72,75,71,73,72,73,72,73,73,71,72
[ 6348.512703] [AOA] Measurement: 0,1629141104.884829,08:55:31:70:ff:0a,2,1,1,0,128,804,948,291,690,155,1014,931,655,717,81,421,1018,1013,244,758,316,491,28,545,6,300,28,831,79,246,356,123,251,404,71,143,883,65,62,71,46,73,67,70,70,67,69,70,71,69,71,46,58,71,70,73,74,73,69,73,69,74,73,72,70,70,71,69,72
[ 6348.555558] [AOA] Measurement: 0,1629141104.927677,08:55:31:70:ff:0a,2,1,1,0,128,822,948,262,644,612,817,975,659,712,92,454,14,989,204,266,477,467,3,625,48,817,193,877,109,214,345,91,206,940,936,1018,751,64,60,66,45,69,64,68,62,64,65,69,69,67,68,50,55,73,70,69,71,72,75,73,72,75,72,72,76,75,73,74,74
[ 6348.599009] [AOA] Measurement: 0,1629141104.971129,08:55:31:70:ff:0a,2,1,1,0,128,814,981,257,635,680,853,872,603,663,70,403,1004,448,1015,761,324,491,13,1018,875,284,25,877,89,688,120,615,61,456,94,537,396,68,64,71,47,73,66,69,70,67,68,72,71,69,71,46,60,71,71,72,72,74,72,75,71,73,72,74,72,72,75,69,73
[ 6348.641995] [AOA] Measurement: 0,1629141105.014116,08:55:31:70:ff:0a,2,1,1,0,128,317,100,285,682,517,769,911,608,695,53,420,1014,392,987,759,328,466,12,1012,877,317,1020,301,948,693,151,131,263,435,108,833,589,60,56,65,44,67,61,67,63,59,63,65,67,64,66,49,55,73,68,67,72,72,74,69,70,72,71,72,72,74,72,75,74
[ 6348.692362] [AOA] Measurement: 0,1629141105.064482,08:55:31:70:ff:0a,2,1,1,0,128,828,959,845,849,142,1018,484,834,200,245,941,164,498,40,680,270,511,51,605,62,264,1020,891,85,221,324,80,183,509,119,218,911,66,65,70,44,72,66,70,71,67,70,72,72,71,70,48,60,72,74,72,75,74,74,73,72,74,72,74,75,72,73,71,73
[ 6348.742480] [AOA] Measurement: 0,1629141105.114599,08:55:31:70:ff:0a,2,1,1,0,128,860,974,839,830,134,1001,510,886,159,230,971,166,998,202,258,509,988,182,54,868,296,46,308,920,205,349,115,242,468,85,446,198,65,64,70,46,72,65,71,72,65,68,70,72,68,72,47,60,70,72,70,74,74,66,73,70,74,72,72,70,69,73,67,70
[ 6348.787315] [AOA] Measurement: 0,1629141105.159438,08:55:31:70:ff:0a,2,1,1,0,128,849,953,228,648,551,768,892,607,617,9,404,981,512,76,268,497,28,240,532,7,822,191,830,62,675,124,599,34,439,107,328,36,68,64,69,44,72,67,69,69,66,67,71,71,67,68,48,56,75,72,71,73,74,72,73,71,74,72,72,74,73,74,72,73
[ 6348.830854] [AOA] Measurement: 0,1629141105.202978,08:55:31:70:ff:0a,2,1,1,0,128,861,1019,869,875,129,1009,517,871,239,290,998,197,1023,223,252,497,12,197,2,890,848,211,854,72,246,333,144,217,496,130,395,36,67,62,70,46,71,66,70,67,66,69,73,71,69,69,48,56,75,71,70,73,73,74,72,71,74,72,72,73,74,73,73,75
[ 6348.874798] [AOA] Measurement: 0,1629141105.246923,08:55:31:70:ff:0a,2,1,1,0,128,373,170,846,867,100,994,459,838,663,36,978,191,975,192,277,515,26,220,564,16,803,177,878,115,209,332,133,237,488,134,431,88,63,62,68,43,70,63,68,66,64,68,69,70,67,68,49,54,72,69,67,69,72,74,71,72,72,71,72,73,74,72,74,73
[ 6348.918459] [AOA] Measurement: 0,1629141105.290579,08:55:31:70:ff:0a,2,1,1,0,128,834,992,822,858,145,1023,919,629,655,39,451,16,490,29,669,251,508,34,1012,862,231,976,344,938,714,188,85,205,901,930,386,223,71,70,76,48,77,71,76,77,72,75,78,76,76,75,48,65,74,73,74,79,79,72,77,73,77,77,76,71,75,78,72,75
[ 6348.961530] [AOA] Measurement: 0,1629141105.333651,08:55:31:70:ff:0a,2,1,1,0,128,427,222,824,844,110,988,976,661,665,24,4,234,1015,236,268,521,1001,177,34,904,858,213,892,126,257,412,151,247,455,128,163,858,63,59,66,42,71,65,69,66,64,69,69,70,68,69,50,58,74,72,70,72,72,72,74,72,74,72,73,75,75,73,73,73
[ 6349.003952] [AOA] Measurement: 0,1629141105.376076,08:55:31:70:ff:0a,2,1,1,0,128,307,158,277,683,592,821,972,645,229,249,938,159,25,235,300,516,1014,203,606,64,865,239,883,101,194,361,80,189,444,111,108,934,62,58,66,43,69,60,68,62,63,66,66,68,65,67,52,52,74,70,69,71,71,75,71,71,73,69,71,71,73,71,72,72
[ 6349.047269] [AOA] Measurement: 0,1629141105.419394,08:55:31:70:ff:0a,2,1,1,0,128,398,178,881,921,89,959,536,888,156,236,1019,209,27,251,299,522,31,267,525,13,796,182,880,79,718,182,565,47,439,109,796,584,67,64,69,45,73,66,70,69,66,68,70,71,68,69,49,56,73,70,72,72,73,73,73,74,73,72,72,73,74,72,74,75
[ 6349.092302] [AOA] Measurement: 0,1629141105.464422,08:55:31:70:ff:0a,2,1,1,0,128,382,169,803,850,101,1002,513,880,233,247,9,259,1017,237,248,545,60,263,579,51,812,175,841,70,200,318,153,264,499,141,649,289,66,60,66,42,72,67,68,68,65,69,70,70,67,69,48,57,72,71,71,71,72,72,74,70,74,69,70,69,72,72,67,71
[ 6349.142475] [AOA] Measurement: 0,1629141105.514598,08:55:31:70:ff:0a,2,1,1,0,128,824,916,303,649,589,827,930,659,672,38,399,994,426,1003,728,288,525,1009,591,51,327,47,358,952,222,340,96,206,438,87,293,987,68,65,71,45,73,68,71,70,68,68,73,71,68,72,45,61,71,72,72,73,72,70,73,70,71,71,70,70,71,74,69,70
[ 6349.187424] [AOA] Measurement: 0,1629141105.559549,08:55:31:70:ff:0a,2,1,1,0,128,337,118,846,847,559,800,928,620,730,69,996,205,52,259,276,518,31,196,561,56,832,204,947,147,164,338,69,201,938,945,1011,673,66,61,65,45,71,65,68,67,65,69,70,71,66,69,52,54,75,68,69,72,72,75,73,71,73,71,72,73,75,71,74,72
[ 6349.225961] [AOA] Measurement: 0,1629141105.598086,08:55:31:70:ff:0a,2,1,1,0,128,884,999,257,633,613,833,942,659,678,67,929,175,5,238,281,488,539,81,560,43,868,254,855,105,203,311,597,39,975,994,731,440,67,65,68,45,71,66,70,68,67,70,71,69,67,71,47,57,74,72,71,73,74,73,73,71,73,71,73,73,72,72,71,73
[ 6349.269833] [AOA] Measurement: 0,1629141105.641959,08:55:31:70:ff:0a,2,1,1,0,128,360,155,879,821,126,1017,928,639,654,40,408,8,997,194,669,233,547,39,14,864,276,1000,322,939,696,165,561,1012,931,957,731,496,62,58,66,42,69,63,67,64,64,68,69,71,67,68,50,54,74,71,69,71,70,73,70,70,73,71,71,74,74,72,75,73
[ 6349.313907] [AOA] Measurement: 0,1629141105.686034,08:55:31:70:ff:0a,2,1,1,0,128,311,97,316,705,603,815,533,861,177,238,1008,214,1015,223,292,513,524,52,7,843,256,993,317,912,721,167,131,255,454,139,862,501,68,64,70,46,72,65,69,68,66,69,72,71,67,70,47,56,72,71,71,72,74,73,73,72,73,71,73,73,73,73,71,74
[ 6349.363921] [AOA] Measurement: 0,1629141105.736040,08:55:31:70:ff:0a,2,1,1,0,128,294,108,848,841,600,831,965,657,668,32,465,8,442,1019,722,312,14,188,584,36,855,192,892,101,230,358,124,252,421,102,31,759,68,67,66,40,65,63,67,68,65,64,68,65,65,66,41,63,56,67,66,64,64,56,66,61,63,62,63,56,57,64,55,58
[ 6349.413548] [AOA] Measurement: 0,1629141105.785672,08:55:31:70:ff:0a,2,1,1,0,128,803,936,300,655,608,842,461,832,668,22,26,249,8,238,276,554,47,219,537,7,837,184,873,87,262,370,82,198,460,125,373,145,64,60,68,46,70,64,71,65,65,69,69,70,67,69,48,54,74,70,71,73,73,75,72,72,75,72,73,76,74,74,74,74
[ 6349.457780] [AOA] Measurement: 0,1629141105.829905,08:55:31:70:ff:0a,2,1,1,0,128,434,211,846,886,106,5,483,892,201,204,916,153,38,241,228,473,10,242,585,50,834,224,929,98,245,345,125,221,468,97,704,366,64,61,69,45,71,64,70,66,64,69,69,71,68,70,49,57,74,70,71,71,71,75,72,72,73,71,72,75,76,73,75,74
[ 6349.500261] [AOA] Measurement: 0,1629141105.872385,08:55:31:70:ff:0a,2,1,1,0,128,835,981,282,641,599,825,916,612,625,21,496,20,1015,210,245,476,11,229,609,69,830,194,862,88,280,355,119,233,421,70,765,495,66,64,72,45,71,67,70,69,66,66,72,71,70,71,48,59,73,74,72,75,73,73,75,71,74,73,73,74,72,75,72,74
[ 6349.538366] [AOA] Measurement: 0,1629141105.910491,08:55:31:70:ff:0a,2,1,1,0,128,844,986,310,676,534,761,933,595,668,35,453,37,482,69,233,481,461,6,21,854,320,0,364,942,692,140,585,0,510,131,6,682,65,62,69,45,72,66,72,69,66,69,72,71,67,69,47,58,72,72,71,72,72,72,73,71,71,71,73,73,72,73,71,71
[ 6349.581567] [AOA] Measurement: 0,1629141105.953693,08:55:31:70:ff:0a,2,1,1,0,128,394,149,813,849,136,1019,493,819,777,98,381,978,528,79,739,314,515,6,40,875,284,3,310,916,735,163,607,29,914,921,928,660,59,52,60,42,65,59,62,57,59,64,64,64,63,60,49,48,72,64,63,64,66,71,67,69,68,67,68,69,71,68,74,72
[ 6349.625486] [AOA] Measurement: 0,1629141105.997612,08:55:31:70:ff:0a,2,1,1,0,128,322,124,838,823,106,990,471,825,256,290,974,169,14,238,312,546,37,252,561,49,807,197,893,103,290,405,84,214,459,127,99,808,66,60,68,45,70,65,67,66,63,69,70,70,69,67,49,57,75,72,71,74,74,74,74,71,75,73,74,73,75,73,74,74
[ 6349.669201] [AOA] Measurement: 0,1629141106.041322,08:55:31:70:ff:0a,2,1,1,0,128,861,985,259,667,583,794,985,647,710,79,370,965,442,1018,716,293,505,36,3,877,304,0,295,920,722,191,95,219,903,951,884,757,68,64,70,45,73,67,71,70,65,70,70,73,70,70,48,59,74,71,72,74,73,73,74,70,74,72,74,73,74,73,72,74
[ 6349.712015] [AOA] Measurement: 0,1629141106.084136,08:55:31:70:ff:0a,2,1,1,0,128,870,1006,221,644,626,852,954,645,657,54,359,970,445,32,741,297,460,1023,6,867,267,1014,326,926,682,119,612,66,968,976,133,944,65,61,68,44,71,66,67,64,62,67,69,70,67,67,49,55,74,71,70,71,71,76,73,73,75,73,73,72,74,72,74,74
[ 6349.762652] [AOA] Measurement: 0,1629141106.134776,08:55:31:70:ff:0a,2,1,1,0,128,397,152,830,861,606,814,947,661,639,65,410,1015,417,1015,692,215,501,30,33,888,858,215,865,107,249,387,117,216,429,74,8,740,64,61,67,42,71,66,69,68,67,69,70,70,69,70,49,60,71,72,71,73,73,71,73,71,73,72,73,73,73,75,70,72
[ 6349.813164] [AOA] Measurement: 0,1629141106.185284,08:55:31:70:ff:0a,2,1,1,0,128,812,945,269,694,618,830,930,634,675,37,416,1,522,56,718,320,479,26,29,889,891,220,898,103,214,365,151,263,393,87,0,718,68,63,68,44,72,66,69,70,66,69,70,72,70,73,49,58,72,70,71,72,72,71,72,70,71,70,72,73,72,74,71,72
[ 6349.857341] [AOA] Measurement: 0,1629141106.229468,08:55:31:70:ff:0a,2,1,1,0,128,810,986,240,622,596,786,947,629,216,233,924,164,4,250,298,506,55,255,558,61,836,207,904,110,252,392,134,198,450,99,443,209,68,64,68,43,70,66,70,68,67,68,71,70,69,71,45,61,70,71,73,73,72,68,72,70,71,68,69,67,69,69,66,69
[ 6349.900237] [AOA] Measurement: 0,1629141106.272358,08:55:31:70:ff:0a,2,1,1,0,128,354,149,847,838,597,800,491,847,207,251,956,182,1017,241,688,257,469,25,1019,852,312,15,349,958,678,150,578,21,913,945,441,204,65,61,66,44,71,64,68,64,64,69,68,70,68,70,50,53,74,68,69,69,71,75,71,71,73,72,72,72,74,69,73,73
[ 6349.944796] [AOA] Measurement: 0,1629141106.316918,08:55:31:70:ff:0a,2,1,1,0,128,773,940,299,670,538,768,958,626,649,5,367,1023,417,1000,769,312,500,19,590,85,807,181,881,121,683,149,543,17,888,915,747,602,68,65,71,45,71,67,71,70,67,69,72,74,71,71,47,58,73,71,71,72,74,74,75,71,74,72,73,73,72,75,73,72
[ 6349.997749] [AOA] Measurement: 0,1629141106.369869,08:55:31:70:ff:0a,2,1,1,0,128,362,145,782,835,547,772,954,643,627,17,404,994,431,1019,770,338,993,183,576,22,850,192,914,134,151,291,114,174,442,140,999,714,68,64,70,45,72,68,70,70,67,70,72,73,71,71,47,60,72,72,70,74,74,72,75,72,74,71,74,71,73,74,70,73
[ 6350.040942] [AOA] Measurement: 0,1629141106.413064,08:55:31:70:ff:0a,2,1,1,0,128,413,190,793,825,151,999,463,817,195,262,1017,213,8,259,284,506,1011,160,630,67,884,228,879,87,219,340,592,31,423,94,638,307,69,65,71,43,72,68,72,71,69,69,72,72,71,72,45,62,71,73,73,74,73,69,74,71,72,70,71,68,69,72,69,70
[ 6350.091531] [AOA] Measurement: 0,1629141106.463651,08:55:31:70:ff:0a,2,1,1,0,128,879,989,872,907,60,993,497,874,221,265,993,190,1015,224,752,346,1017,194,587,27,223,990,359,933,699,143,124,213,455,93,395,145,69,64,70,46,72,66,70,70,67,70,70,71,69,71,48,60,72,73,72,74,74,73,74,72,74,73,72,72,72,73,69,72
[ 6350.134497] [AOA] Measurement: 0,1629141106.506622,08:55:31:70:ff:0a,2,1,1,0,128,396,145,873,876,147,1010,518,863,212,245,12,233,962,174,287,519,31,217,591,62,778,157,948,123,260,371,116,248,449,129,871,477,63,59,65,44,72,65,65,63,64,68,68,72,68,67,48,55,73,69,68,73,73,76,73,71,75,72,72,76,75,72,73,72
[ 6350.177680] [AOA] Measurement: 0,1629141106.549806,08:55:31:70:ff:0a,2,1,1,0,128,359,182,792,873,96,983,497,886,621,41,1012,200,73,255,298,572,32,247,576,49,819,212,920,109,238,377,174,290,448,117,807,556,67,63,70,45,71,65,70,67,67,68,73,72,67,69,47,58,72,73,72,71,72,72,74,70,75,72,72,73,74,74,71,72
[ 6350.221844] [AOA] Measurement: 0,1629141106.593970,08:55:31:70:ff:0a,2,1,1,0,128,353,154,824,843,542,768,907,592,599,1010,493,46,422,17,748,308,1023,224,568,64,284,1003,863,102,225,341,86,202,443,117,733,459,65,59,65,44,68,61,68,63,64,66,67,67,66,65,50,53,75,69,68,70,73,73,72,71,72,71,70,72,74,70,74,73
[ 6350.261514] [AOA] Measurement: 0,1629141106.633635,08:55:31:70:ff:0a,2,1,1,0,128,803,964,272,623,576,809,983,663,636,9,344,951,486,998,743,283,481,27,21,872,294,1017,337,933,695,176,160,271,446,120,149,941,66,61,69,46,72,66,71,66,65,69,70,73,69,69,50,56,74,71,69,73,72,74,74,70,74,71,74,75,75,73,73,73
[ 6350.308925] [AOA] Measurement: 0,1629141106.681051,08:55:31:70:ff:0a,2,1,1,0,128,319,136,846,860,606,835,924,621,692,39,997,232,5,217,294,569,20,242,586,63,851,178,901,105,190,343,124,221,465,141,421,139,67,62,70,47,70,66,70,66,66,70,72,73,70,71,48,60,72,71,71,73,74,73,72,72,73,72,72,72,73,75,71,73
[ 6350.352553] [AOA] Measurement: 0,1629141106.724679,08:55:31:70:ff:0a,2,1,1,0,128,399,184,876,898,98,7,471,802,638,20,436,1010,1000,205,274,514,1010,195,558,12,219,996,344,975,689,143,546,1012,949,944,763,538,69,66,71,46,73,67,71,70,65,69,72,72,71,70,47,60,74,72,73,74,73,72,74,72,74,72,74,73,74,75,70,74
[ 6350.394550] [AOA] Measurement: 0,1629141106.766669,08:55:31:70:ff:0a,2,1,1,0,128,375,166,778,770,614,817,897,642,609,1008,402,987,461,10,742,308,480,10,41,908,247,1018,932,144,217,331,86,161,506,142,351,998,54,50,57,39,63,56,59,54,55,58,61,63,58,59,49,46,69,61,60,62,65,73,63,66,67,66,65,70,69,65,71,68
[ 6350.439246] [AOA] Measurement: 0,1629141106.811371,08:55:31:70:ff:0a,2,1,1,0,128,765,938,272,655,575,797,957,662,669,55,421,994,445,5,755,303,482,47,55,850,211,997,360,941,645,125,608,47,933,920,251,34,70,64,71,44,71,67,72,69,68,70,70,70,68,70,48,59,72,72,72,74,74,73,75,72,76,74,74,74,74,75,72,76
[ 6350.483261] [AOA] Measurement: 0,1629141106.855386,08:55:31:70:ff:0a,2,1,1,0,128,852,1009,832,826,589,786,928,632,659,22,390,985,494,66,714,296,532,42,1015,860,243,1001,378,959,220,360,602,24,443,90,238,939,69,68,71,45,70,66,72,70,68,68,72,69,67,70,42,61,68,71,72,71,72,66,72,67,69,68,68,65,66,71,63,67
[ 6350.525687] [AOA] Measurement: 0,1629141106.897808,08:55:31:70:ff:0a,2,1,1,0,128,868,1007,813,867,109,1003,466,827,209,228,480,40,432,19,707,281,505,49,3,881,813,209,820,97,228,325,82,215,465,95,980,770,67,63,67,43,70,65,69,68,64,68,70,72,70,69,47,59,73,72,71,72,72,71,73,70,72,72,73,70,71,72,69,72
[ 6350.569466] [AOA] Measurement: 0,1629141106.941587,08:55:31:70:ff:0a,2,1,1,0,128,821,975,286,647,623,846,933,626,698,82,1004,196,1011,212,274,527,15,231,609,49,244,2,309,926,188,336,162,226,971,978,928,590,67,63,69,45,71,66,69,70,66,70,71,72,70,72,49,60,73,73,72,75,72,72,74,69,73,71,75,72,73,72,70,72
[ 6350.612594] [AOA] Measurement: 0,1629141106.984716,08:55:31:70:ff:0a,2,1,1,0,128,369,148,313,675,593,827,463,813,638,34,942,157,10,236,230,479,472,2,4,847,315,27,305,921,698,126,597,28,918,931,999,848,63,58,66,44,69,63,66,62,63,67,69,70,66,68,50,55,73,69,68,72,73,75,73,72,74,73,73,73,75,72,73,74
[ 6350.662214] [AOA] Measurement: 0,1629141107.034334,08:55:31:70:ff:0a,2,1,1,0,128,361,185,821,843,181,23,456,844,174,229,1008,206,32,235,214,472,1022,203,626,77,905,251,921,129,226,372,110,219,456,139,834,518,66,63,69,45,71,65,69,68,67,69,70,71,68,71,49,56,75,71,71,74,73,74,74,71,75,72,73,74,75,72,72,74
[ 6350.714006] [AOA] Measurement: 0,1629141107.086130,08:55:31:70:ff:0a,2,1,1,0,128,894,22,215,617,572,802,949,646,665,21,424,1020,477,20,756,314,475,15,551,38,837,197,846,82,193,330,92,199,935,913,147,973,67,62,69,44,71,66,69,67,65,68,72,70,68,68,49,57,74,73,71,72,73,73,72,71,74,72,73,72,72,74,73,73
[ 6350.752828] [AOA] Measurement: 0,1629141107.124952,08:55:31:70:ff:0a,2,1,1,0,128,332,125,869,852,607,818,994,695,226,253,963,167,16,229,278,503,52,223,559,73,833,181,850,84,249,359,151,219,504,146,783,436,58,55,62,42,67,62,64,59,59,62,66,68,64,65,50,52,74,66,68,70,71,73,71,71,71,69,70,72,73,71,74,74
[ 6350.801411] [AOA] Measurement: 0,1629141107.173532,08:55:31:70:ff:0a,2,1,1,0,128,335,98,292,667,596,807,993,657,653,30,437,973,457,994,690,244,503,53,20,888,306,1,311,916,209,360,138,251,450,116,355,58,67,62,70,46,71,66,70,66,65,68,70,71,68,67,48,55,73,71,70,73,71,75,73,72,74,71,71,74,74,73,74,74
[ 6350.845411] [AOA] Measurement: 0,1629141107.217538,08:55:31:70:ff:0a,2,1,1,0,128,816,936,238,630,615,834,956,665,663,8,433,1018,449,34,714,291,447,1019,38,888,902,236,891,78,267,398,157,270,427,115,956,696,67,64,68,44,71,67,71,69,67,70,73,72,69,71,47,62,72,72,72,74,76,73,73,71,72,72,72,72,72,74,71,72
[ 6350.889031] [AOA] Measurement: 0,1629141107.261156,08:55:31:70:ff:0a,2,1,1,0,128,309,128,829,839,585,777,958,650,663,29,447,1018,454,21,729,324,498,23,27,886,244,997,350,953,736,207,148,219,514,128,1013,629,64,60,67,46,68,63,67,65,63,67,67,69,65,66,51,56,75,70,69,72,72,75,72,73,73,72,71,74,74,72,74,74
[ 6350.927459] [AOA] Measurement: 0,1629141107.299585,08:55:31:70:ff:0a,2,1,1,0,128,833,971,897,859,606,820,539,869,172,252,996,202,1003,210,277,523,982,163,573,29,278,26,900,104,186,347,86,196,475,102,250,0,62,60,65,44,70,64,66,63,61,65,67,67,66,66,50,53,73,69,67,67,71,73,69,70,70,71,71,72,73,71,75,72
[ 6350.971200] [AOA] Measurement: 0,1629141107.343324,08:55:31:70:ff:0a,2,1,1,0,128,846,985,847,855,151,1013,494,858,197,245,998,165,506,22,725,285,522,29,1023,850,210,976,312,931,688,151,624,49,420,80,261,39,68,65,71,46,75,69,71,69,67,70,70,73,71,71,49,58,73,72,71,73,74,75,74,73,75,72,73,73,74,74,73,74
[ 6351.013344] [AOA] Measurement: 0,1629141107.385468,08:55:31:70:ff:0a,2,1,1,0,128,866,950,262,629,622,829,948,655,671,95,944,177,20,226,240,474,483,48,10,881,243,1008,386,937,247,352,593,1016,924,934,949,737,66,62,70,45,73,67,70,69,66,69,70,71,68,73,49,57,75,72,70,74,74,76,74,72,73,73,74,74,73,72,71,73
[ 6351.057187] [AOA] Measurement: 0,1629141107.429313,08:55:31:70:ff:0a,2,1,1,0,128,823,1000,800,858,607,835,954,630,729,89,956,183,965,204,233,478,14,210,42,906,829,200,908,114,151,285,538,1014,988,950,607,438,65,61,67,45,71,65,70,70,65,68,72,71,68,71,48,60,74,73,72,72,73,71,74,72,74,72,74,75,73,75,71,73
[ 6351.103319] [AOA] Measurement: 0,1629141107.475441,08:55:31:70:ff:0a,2,1,1,0,128,383,153,864,859,86,960,454,837,187,218,483,44,993,207,276,546,8,248,550,42,827,195,850,82,241,364,80,201,458,112,477,150,67,64,69,45,71,66,71,67,65,67,70,72,68,69,47,58,72,72,71,75,74,74,74,73,74,73,74,75,74,76,74,73
[ 6351.148645] [AOA] Measurement: 0,1629141107.520770,08:55:31:70:ff:0a,2,1,1,0,128,383,164,877,885,144,1005,469,856,196,234,971,184,975,216,297,520,1016,185,624,96,803,193,837,67,655,136,573,9,476,128,310,79,63,57,63,44,69,63,65,62,62,65,67,69,65,66,50,52,74,68,69,70,71,74,71,72,74,71,71,72,74,71,74,74
[ 6351.192833] [AOA] Measurement: 0,1629141107.564958,08:55:31:70:ff:0a,2,1,1,0,128,850,965,291,667,564,795,938,647,644,0,976,206,413,987,781,338,1005,178,14,855,316,1017,869,93,196,349,85,210,473,76,0,679,64,61,69,46,71,64,69,63,64,66,67,69,66,67,48,56,75,71,71,72,73,74,71,71,73,72,72,74,74,71,73,73
[ 6351.242590] [AOA] Measurement: 0,1629141107.614711,08:55:31:70:ff:0a,2,1,1,0,128,357,125,308,696,585,843,992,682,626,1015,401,1017,473,23,749,329,0,231,21,868,302,11,848,82,249,378,136,267,496,135,708,373,62,56,62,43,66,61,65,60,60,64,64,69,64,66,51,54,72,70,67,69,70,74,70,70,72,71,71,73,74,72,73,75
[ 6351.292970] [AOA] Measurement: 0,1629141107.665090,08:55:31:70:ff:0a,2,1,1,0,128,378,143,803,818,156,7,501,879,170,261,968,183,991,210,242,541,15,269,599,49,831,223,875,86,246,406,64,191,517,175,80,682,67,63,71,48,71,68,72,70,66,67,70,70,67,71,47,59,73,73,72,74,73,74,75,71,73,73,74,74,75,74,72,75
[ 6351.337170] [AOA] Measurement: 0,1629141107.709295,08:55:31:70:ff:0a,2,1,1,0,128,851,995,249,655,577,791,944,630,691,61,423,1000,1019,228,222,482,16,232,569,31,228,979,370,934,627,94,580,55,878,906,178,1000,66,63,68,46,72,65,70,66,65,67,69,70,67,68,51,53,74,70,68,72,71,75,72,71,72,70,71,74,75,73,74,74
[ 6351.379790] [AOA] Measurement: 0,1629141107.751913,08:55:31:70:ff:0a,2,1,1,0,128,803,936,272,668,615,837,968,646,724,88,974,190,942,175,720,272,437,1019,18,863,236,996,328,932,653,111,614,44,945,937,171,20,64,62,67,44,72,65,71,68,67,68,71,70,68,69,47,57,73,73,70,75,74,73,73,72,75,72,73,73,71,72,73,73
[ 6351.418316] [AOA] Measurement: 0,1629141107.790441,08:55:31:70:ff:0a,2,1,1,0,128,893,1008,215,588,572,790,929,622,659,17,448,1009,429,7,743,322,501,52,538,1,846,181,867,94,223,365,110,223,474,117,180,940,66,63,68,44,70,66,69,68,65,68,69,70,68,70,48,58,74,73,72,74,74,74,75,72,74,73,73,73,73,74,71,72
[ 6351.462174] [AOA] Measurement: 0,1629141107.834300,08:55:31:70:ff:0a,2,1,1,0,128,808,956,290,627,633,833,935,618,691,54,423,986,452,77,209,478,489,44,12,875,290,1016,871,111,716,174,540,18,974,979,836,619,66,66,69,46,72,66,70,70,67,69,73,72,69,72,47,60,72,73,72,74,74,73,74,70,72,70,71,70,71,72,68,71
[ 6351.500801] [AOA] Measurement: 0,1629141107.872926,08:55:31:70:ff:0a,2,1,1,0,128,870,993,240,610,648,835,918,621,621,17,411,1009,438,2,725,277,497,22,67,908,282,18,865,104,682,139,173,261,437,106,292,26,67,66,72,45,71,68,70,71,68,69,73,71,70,72,46,62,70,73,71,74,72,69,73,68,73,69,70,68,71,72,68,72
[ 6351.544560] [AOA] Measurement: 0,1629141107.916687,08:55:31:70:ff:0a,2,1,1,0,128,342,181,843,852,162,1016,928,638,704,57,960,164,488,46,734,289,515,41,572,32,864,224,873,102,207,338,99,219,451,89,236,894,66,63,67,46,71,65,69,68,65,67,70,70,69,69,49,58,75,71,70,72,73,75,74,71,72,73,73,74,74,72,74,72
[ 6351.588449] [AOA] Measurement: 0,1629141107.960576,08:55:31:70:ff:0a,2,1,1,0,128,872,1003,323,679,161,1013,960,640,666,28,473,20,1003,223,244,477,70,231,974,848,247,984,303,898,672,166,620,43,893,914,770,564,70,67,70,46,74,67,70,72,67,69,71,72,70,73,47,62,74,74,73,74,74,71,74,71,73,70,72,69,73,73,67,70
[ 6351.636195] [AOA] Measurement: 0,1629141108.008316,08:55:31:70:ff:0a,2,1,1,0,128,858,999,807,819,612,830,914,605,706,71,388,984,518,68,790,352,515,48,20,862,307,14,848,57,725,164,134,243,454,143,522,267,63,61,67,44,69,64,67,63,63,66,68,68,65,64,50,53,75,66,67,69,70,73,70,68,69,70,69,72,73,68,71,72
[ 6351.685804] [AOA] Measurement: 0,1629141108.057925,08:55:31:70:ff:0a,2,1,1,0,128,343,124,234,662,596,800,942,649,782,103,968,161,988,237,247,493,20,207,544,1019,284,1009,929,127,228,358,189,249,469,120,602,279,70,67,71,44,72,66,71,71,65,69,71,71,70,71,45,63,71,75,73,73,73,71,74,70,75,71,72,71,71,73,68,72
[ 6351.726584] [AOA] Measurement: 0,1629141108.098711,08:55:31:70:ff:0a,2,1,1,0,128,798,963,325,667,620,827,964,620,676,48,382,999,480,24,298,499,494,25,17,860,826,214,335,957,709,203,180,269,441,132,917,606,64,62,68,43,71,65,68,66,64,69,72,72,70,70,49,59,73,73,72,73,74,73,74,73,75,72,73,72,72,74,70,71
[ 6351.772975] [AOA] Measurement: 0,1629141108.145099,08:55:31:70:ff:0a,2,1,1,0,128,780,952,285,661,672,824,953,640,655,36,419,1013,443,6,727,289,459,998,1012,846,291,1015,321,934,659,111,558,30,946,943,135,948,66,64,68,46,72,66,69,67,67,69,72,73,70,71,49,57,74,71,70,73,74,71,73,70,73,72,74,73,74,73,73,73
[ 6351.817808] [AOA] Measurement: 0,1629141108.189934,08:55:31:70:ff:0a,2,1,1,0,128,846,999,315,701,581,807,912,623,716,101,932,169,1007,198,295,563,1011,202,13,849,301,1012,887,103,245,387,139,240,463,173,640,460,68,65,70,46,73,67,72,70,68,70,73,73,71,72,48,60,74,74,73,74,74,72,74,71,74,72,71,72,74,74,71,73
[ 6351.862398] [AOA] Measurement: 0,1629141108.234524,08:55:31:70:ff:0a,2,1,1,0,128,838,940,222,604,632,780,956,653,609,22,424,4,431,17,763,262,527,28,558,40,324,43,329,903,648,128,543,1022,935,924,548,434,67,63,69,44,70,66,70,69,67,68,72,71,69,69,46,60,71,72,73,74,73,73,75,73,75,72,73,72,72,73,71,72
[ 6351.912222] [AOA] Measurement: 0,1629141108.284344,08:55:31:70:ff:0a,2,1,1,0,128,398,191,808,865,587,831,944,654,699,103,952,177,73,284,299,529,1010,222,507,21,816,198,852,96,244,343,555,18,483,92,353,47,67,62,69,46,72,67,70,69,65,70,71,73,68,70,49,56,73,71,70,73,73,74,72,72,73,72,73,74,74,74,74,74
[ 6351.959102] [AOA] Measurement: 0,1629141108.331227,08:55:31:70:ff:0a,2,1,1,0,128,860,985,297,668,617,832,492,884,254,331,995,216,1012,224,289,534,964,181,7,865,263,8,905,112,210,349,106,217,488,149,463,121,67,66,68,45,72,65,69,67,65,68,71,71,70,72,48,59,73,73,72,73,75,72,73,72,74,72,72,72,73,72,70,72
[ 6351.997494] [AOA] Measurement: 0,1629141108.369621,08:55:31:70:ff:0a,2,1,1,0,128,815,977,229,621,575,776,925,629,694,57,415,975,28,218,705,287,515,60,4,871,260,1009,353,917,710,180,536,4,939,963,812,577,66,61,66,44,70,65,68,64,63,68,69,70,66,69,50,54,75,70,70,71,70,75,71,73,74,73,72,76,75,73,76,74
[ 6352.045798] [AOA] Measurement: 0,1629141108.417920,08:55:31:70:ff:0a,2,1,1,0,128,839,992,293,646,567,805,937,650,235,233,415,978,468,28,697,291,522,41,568,36,787,151,874,78,305,407,78,228,495,151,469,198,64,61,67,45,68,63,68,64,62,68,69,70,68,69,49,55,74,69,70,72,73,72,71,71,74,71,73,73,75,72,73,73
[ 6352.090424] [AOA] Measurement: 0,1629141108.462551,08:55:31:70:ff:0a,2,1,1,0,128,362,146,838,855,138,1022,458,831,243,278,937,185,470,74,174,446,499,55,613,67,823,179,878,77,713,168,132,235,481,116,500,215,67,64,70,45,73,66,69,71,68,70,73,73,71,72,47,61,72,73,72,73,72,73,73,70,73,73,73,73,72,75,70,74
[ 6352.134789] [AOA] Measurement: 0,1629141108.506914,08:55:31:70:ff:0a,2,1,1,0,128,794,939,242,643,502,768,958,653,684,79,455,40,457,21,704,279,478,985,42,868,234,1020,296,923,652,120,509,1020,918,958,647,523,67,63,68,45,72,64,67,69,64,67,69,72,68,70,50,58,76,71,71,74,73,75,73,72,74,73,74,74,75,73,74,73
[ 6352.196000] [AOA] Measurement: 0,1629141108.568124,08:55:31:70:ff:0a,2,1,1,0,128,335,125,307,701,599,826,465,819,718,34,429,6,429,32,212,472,498,40,528,61,822,211,890,108,264,395,121,266,485,143,854,466,67,63,69,44,73,66,71,70,68,69,73,71,68,70,47,60,73,72,72,74,73,71,74,72,74,72,73,73,73,74,73,73
[ 6352.234486] [AOA] Measurement: 0,1629141108.606612,08:55:31:70:ff:0a,2,1,1,0,128,375,161,807,840,212,30,444,817,236,267,7,217,27,258,257,499,50,232,567,36,840,191,958,163,209,351,135,243,451,134,106,746,61,58,64,44,68,62,64,60,61,66,68,69,67,66,50,51,73,67,67,69,70,73,70,69,71,70,71,72,74,72,73,72
[ 6352.272428] [AOA] Measurement: 0,1629141108.644553,08:55:31:70:ff:0a,2,1,1,0,128,809,970,301,651,596,823,480,864,678,77,979,189,956,170,271,485,429,1009,28,897,267,13,327,942,714,185,158,262,452,123,844,545,62,57,65,44,69,65,67,64,63,68,68,70,69,69,49,57,73,70,69,73,74,72,73,71,75,71,73,74,74,74,72,73
[ 6352.313574] [AOA] Measurement: 0,1629141108.685694,08:55:31:70:ff:0a,2,1,1,0,128,389,134,847,887,111,1012,928,639,631,28,988,220,472,28,662,261,552,27,567,19,857,213,934,135,233,386,112,234,440,83,1002,695,69,65,74,47,72,69,71,72,68,69,72,72,71,72,47,61,72,72,71,73,72,71,73,71,73,71,73,71,72,74,70,70
[ 6352.356891] [AOA] Measurement: 0,1629141108.729012,08:55:31:70:ff:0a,2,1,1,0,128,820,958,251,649,597,793,953,616,699,54,354,971,458,22,720,295,513,40,580,53,836,202,841,56,249,369,79,199,474,130,424,133,65,62,68,45,71,67,69,69,68,70,72,73,71,72,47,60,73,73,72,76,75,75,74,72,75,73,74,73,74,76,73,75
[ 6352.396844] [AOA] Measurement: 0,1629141108.768970,08:55:31:70:ff:0a,2,1,1,0,128,325,117,848,858,156,1013,460,813,683,65,984,177,448,1013,779,332,30,230,569,52,829,222,857,85,216,353,123,243,457,105,829,531,67,63,69,47,70,65,68,67,65,68,71,70,68,69,47,59,71,71,72,74,72,74,73,71,74,74,73,74,72,74,71,74
[ 6352.443275] [AOA] Measurement: 0,1629141108.815398,08:55:31:70:ff:0a,2,1,1,0,128,355,121,280,652,564,802,1000,681,184,237,18,234,4,235,229,521,48,267,561,7,792,174,943,126,247,370,211,306,481,164,695,346,61,58,64,43,69,62,65,63,61,65,68,67,64,65,51,50,73,66,65,69,69,75,70,70,71,70,68,71,73,68,74,74
[ 6352.487957] [AOA] Measurement: 0,1629141108.860082,08:55:31:70:ff:0a,2,1,1,0,128,825,979,288,629,581,774,929,599,679,37,412,988,457,24,712,287,478,1001,52,896,205,992,274,923,629,80,502,982,927,915,699,642,66,63,71,46,72,66,70,69,66,68,71,70,68,70,49,58,74,71,71,73,75,71,73,70,74,71,75,72,72,73,68,72
[ 6352.532164] [AOA] Measurement: 0,1629141108.904290,08:55:31:70:ff:0a,2,1,1,0,128,854,10,917,888,130,999,478,869,161,223,997,158,1020,222,264,519,12,168,39,923,802,189,341,968,627,117,601,47,935,951,226,9,65,61,67,44,72,66,67,66,65,68,71,70,70,69,49,56,75,73,68,72,72,76,74,73,74,71,73,73,75,72,73,74
[ 6352.581777] [AOA] Measurement: 0,1629141108.953897,08:55:31:70:ff:0a,2,1,1,0,128,904,1007,847,862,34,945,978,657,692,82,1002,176,440,12,748,359,8,187,6,871,266,988,293,885,690,140,710,110,441,102,207,0,66,64,70,45,71,65,71,71,66,67,70,71,69,71,46,60,71,72,71,73,72,71,73,71,71,70,70,70,68,72,65,70
[ 6352.628466] [AOA] Measurement: 0,1629141109.000593,08:55:31:70:ff:0a,2,1,1,0,128,847,987,296,671,642,828,961,688,647,37,423,1019,1008,184,701,300,528,63,62,898,284,10,881,132,238,372,93,211,438,95,506,248,69,65,70,45,72,67,70,71,69,70,73,71,70,73,48,61,72,71,72,73,73,71,74,71,74,72,72,70,70,73,68,70
[ 6352.673165] [AOA] Measurement: 0,1629141109.045288,08:55:31:70:ff:0a,2,1,1,0,128,436,213,875,932,183,41,507,876,244,299,1007,214,1003,234,333,568,1,217,610,58,854,194,880,109,247,361,131,211,447,111,220,867,66,61,68,45,71,65,69,67,64,67,71,71,69,71,49,60,74,74,72,72,73,72,74,73,73,71,72,71,73,72,71,73
[ 6352.715170] [AOA] Measurement: 0,1629141109.087288,08:55:31:70:ff:0a,2,1,1,0,128,327,124,849,893,96,993,951,632,782,139,968,175,3,206,238,497,1007,201,541,26,889,275,880,104,190,343,133,236,466,108,148,914,63,60,68,44,70,64,68,64,64,67,68,71,66,66,50,55,73,71,67,72,72,74,71,72,72,71,71,72,73,71,74,72
[ 6352.754114] [AOA] Measurement: 0,1629141109.126239,08:55:31:70:ff:0a,2,1,1,0,128,877,992,839,878,120,5,463,876,187,218,964,206,953,206,740,343,89,251,574,63,806,190,351,934,695,138,557,1014,908,922,324,170,64,61,68,45,72,65,68,67,65,68,70,71,68,67,49,56,74,71,69,72,74,74,72,72,74,72,74,74,74,73,73,74
[ 6352.795206] [AOA] Measurement: 0,1629141109.167330,08:55:31:70:ff:0a,2,1,1,0,128,356,170,844,855,88,980,461,805,692,19,515,63,10,236,216,483,11,218,572,28,285,5,871,113,254,382,63,179,468,111,1018,692,71,66,72,48,77,70,75,72,72,75,76,77,73,76,52,62,78,76,74,78,77,76,77,76,80,76,77,78,76,78,75,79
