
[ 3689.776437] [AOA] Measurement: 0,1627155235.598248,08:55:31:9b:0a:1d,2,1,2,0,128,813,622,297,563,300,778,53,108,389,636,902,220,317,964,811,568,682,76,112,112,725,351,704,160,994,847,272,506,503,588,683,626,69,71,65,66,73,75,68,79,71,63,66,76,67,73,79,55,75,71,54,61,66,61,67,64,61,68,75,76,70,76,62,70
[ 3689.816883] [AOA] Measurement: 0,1627155235.638694,08:55:31:9b:0a:1d,2,1,2,0,128,381,847,817,752,273,781,23,64,438,682,969,290,302,968,820,588,704,111,53,56,731,371,752,99,477,670,246,496,18,841,888,770,69,71,67,64,73,75,66,78,70,64,67,75,66,75,77,56,75,71,55,60,65,60,68,66,60,67,73,76,70,76,64,70
[ 3689.861023] [AOA] Measurement: 0,1627155235.682834,08:55:31:9b:0a:1d,2,1,2,0,128,889,654,280,567,291,786,80,115,445,680,473,439,279,962,822,573,685,119,98,144,371,629,277,359,967,883,799,706,57,850,914,845,67,70,66,65,73,73,66,78,69,64,66,76,66,74,76,55,74,71,54,62,65,62,67,65,62,66,75,77,71,75,64,71
[ 3689.905487] [AOA] Measurement: 0,1627155235.727300,08:55:31:9b:0a:1d,2,1,2,0,128,400,863,858,807,259,823,44,57,886,460,38,325,338,977,800,589,191,308,628,342,249,529,276,346,30,920,804,716,57,859,919,738,69,70,65,66,71,74,68,78,70,63,66,75,65,72,77,55,73,71,54,61,65,60,65,66,61,66,75,76,68,74,63,68
[ 3689.957872] [AOA] Measurement: 0,1627155235.779682,08:55:31:9b:0a:1d,2,1,2,0,128,397,839,790,750,320,833,9,63,889,480,1006,327,892,168,358,800,217,342,639,312,353,633,207,340,16,920,844,760,70,864,998,753,70,71,68,68,75,77,67,79,71,63,67,75,67,75,77,52,73,72,53,60,62,60,66,64,61,66,75,73,67,73,62,67
[ 3690.003815] [AOA] Measurement: 0,1627155235.825622,08:55:31:9b:0a:1d,2,1,2,0,128,401,846,826,790,293,810,1015,10,936,528,964,242,298,957,872,592,695,150,39,99,720,353,690,98,479,688,250,519,78,853,753,589,70,72,67,66,72,77,67,78,69,64,68,75,66,74,78,55,75,72,56,59,67,62,67,65,62,68,76,76,69,75,64,68
[ 3690.046423] [AOA] Measurement: 0,1627155235.868229,08:55:31:9b:0a:1d,2,1,2,0,128,848,656,270,554,273,807,54,92,886,475,953,288,323,991,341,777,648,116,62,75,739,383,771,165,502,737,195,460,576,666,983,912,71,71,66,67,72,76,67,78,71,64,67,76,68,76,78,54,74,72,54,61,65,60,68,65,61,67,76,75,70,73,63,70
[ 3690.089702] [AOA] Measurement: 0,1627155235.911509,08:55:31:9b:0a:1d,2,1,2,0,128,401,859,832,785,804,1015,572,289,393,669,539,499,852,134,344,768,187,285,672,354,322,619,267,348,1022,869,813,710,73,887,711,469,71,72,68,66,75,78,68,79,71,64,68,76,67,76,79,54,73,72,53,60,65,60,68,65,62,67,78,75,69,72,62,67
[ 3690.134830] [AOA] Measurement: 0,1627155235.956640,08:55:31:9b:0a:1d,2,1,2,0,128,394,821,822,734,816,995,4,86,391,660,1012,261,886,168,293,751,210,301,33,109,304,578,679,97,529,700,833,722,28,845,946,789,69,72,67,68,75,76,68,78,71,62,66,74,66,73,77,51,74,71,52,58,64,58,65,63,61,65,74,72,65,72,59,64
[ 3690.178246] [AOA] Measurement: 0,1627155236.000058,08:55:31:9b:0a:1d,2,1,2,0,128,868,646,321,592,271,766,42,86,879,525,996,268,330,980,886,660,648,128,89,78,675,318,702,107,436,657,301,527,536,643,495,423,69,70,68,67,76,77,66,78,72,61,65,73,66,75,78,51,73,71,52,58,62,57,63,62,60,65,75,71,66,70,59,64
[ 3690.221812] [AOA] Measurement: 0,1627155236.043623,08:55:31:9b:0a:1d,2,1,2,0,128,376,834,819,775,781,962,66,96,427,686,490,451,919,172,806,593,696,123,61,130,719,361,743,131,68,906,780,675,69,876,506,304,70,71,69,68,74,77,67,80,72,64,69,75,68,74,79,56,75,72,55,62,66,60,67,64,62,66,76,76,69,74,62,67
[ 3690.260407] [AOA] Measurement: 0,1627155236.082213,08:55:31:9b:0a:1d,2,1,2,0,128,426,869,864,817,799,996,543,251,410,708,477,469,269,963,895,625,175,269,610,317,302,586,256,353,8,909,768,681,78,882,653,480,69,70,66,68,74,76,67,79,71,63,68,76,66,75,77,53,74,71,54,59,63,60,66,65,59,66,76,76,69,75,64,68
[ 3690.303830] [AOA] Measurement: 0,1627155236.125637,08:55:31:9b:0a:1d,2,1,2,0,128,395,868,830,771,852,1005,571,249,498,723,505,470,863,153,372,804,229,378,621,300,351,634,244,306,30,919,793,705,31,842,759,642,68,68,66,66,71,74,67,77,67,63,66,73,66,73,74,57,72,68,54,60,62,61,67,64,61,65,73,76,70,76,65,72
[ 3690.354489] [AOA] Measurement: 0,1627155236.176296,08:55:31:9b:0a:1d,2,1,2,0,128,373,867,860,812,847,1002,636,284,406,648,522,485,910,157,346,771,712,138,7,82,316,606,249,327,1021,869,816,708,95,904,72,894,72,71,68,68,74,75,68,77,71,62,66,76,67,74,77,53,72,70,54,60,65,60,65,64,61,67,75,75,68,74,64,68
[ 3690.401369] [AOA] Measurement: 0,1627155236.223180,08:55:31:9b:0a:1d,2,1,2,0,128,392,872,748,741,261,807,26,79,863,439,986,254,887,151,791,579,685,102,81,135,335,643,254,351,40,925,756,671,88,878,1015,905,70,73,68,68,76,78,67,78,70,61,67,74,68,75,79,51,73,71,53,57,62,57,65,61,59,66,75,72,66,71,61,67
[ 3690.442615] [AOA] Measurement: 0,1627155236.264426,08:55:31:9b:0a:1d,2,1,2,0,128,420,888,838,763,858,1021,589,248,422,670,507,434,870,174,349,802,219,309,605,266,329,608,294,346,12,897,768,667,77,849,446,183,72,71,69,68,76,78,66,79,71,62,66,76,67,73,77,50,73,70,51,57,64,58,65,62,58,65,75,74,67,72,60,67
[ 3690.487452] [AOA] Measurement: 0,1627155236.309262,08:55:31:9b:0a:1d,2,1,2,0,128,893,638,332,579,266,823,93,107,429,645,973,276,882,136,374,798,277,320,568,248,261,579,721,133,15,891,831,710,68,862,157,48,72,70,67,68,74,76,66,78,71,61,66,74,65,74,79,51,73,71,52,59,63,57,65,62,60,66,76,72,66,72,59,68
[ 3690.531843] [AOA] Measurement: 0,1627155236.353655,08:55:31:9b:0a:1d,2,1,2,0,128,429,857,807,754,297,848,30,49,906,444,975,263,363,1023,315,765,254,316,632,344,333,593,228,312,480,704,772,675,132,886,128,862,71,73,68,69,76,77,68,79,73,61,67,75,66,75,78,51,72,71,51,57,62,57,65,62,60,66,75,72,66,70,59,65
[ 3690.570633] [AOA] Measurement: 0,1627155236.392445,08:55:31:9b:0a:1d,2,1,2,0,128,401,858,742,722,872,994,588,286,448,703,553,527,846,120,392,816,219,303,642,318,310,600,272,349,1,894,830,707,47,843,623,441,72,72,69,68,74,79,67,80,72,60,67,75,65,73,77,50,73,72,49,54,62,57,63,61,58,64,73,70,63,67,56,64
[ 3690.609331] [AOA] Measurement: 0,1627155236.431141,08:55:31:9b:0a:1d,2,1,2,0,128,427,877,808,775,879,13,560,271,408,680,500,489,848,126,399,824,223,307,648,324,306,586,276,347,45,900,858,723,86,862,931,685,70,70,68,66,72,76,66,77,71,63,67,75,68,75,79,53,74,71,54,60,65,59,65,64,59,66,76,73,68,73,61,67
[ 3690.653591] [AOA] Measurement: 0,1627155236.475403,08:55:31:9b:0a:1d,2,1,2,0,128,888,648,296,586,299,823,30,71,408,672,937,257,945,198,331,772,192,295,613,306,275,582,780,176,970,831,806,699,79,871,444,308,70,69,66,66,71,75,67,78,70,61,67,75,67,74,78,54,73,71,53,60,64,60,68,65,62,67,74,75,69,72,63,67
[ 3690.696365] [AOA] Measurement: 0,1627155236.518172,08:55:31:9b:0a:1d,2,1,2,0,128,414,869,804,724,797,986,575,240,396,689,959,273,884,137,354,783,253,316,657,342,260,572,272,347,17,914,800,697,55,873,422,196,70,70,67,67,73,76,66,76,70,63,65,74,66,73,77,56,76,71,57,62,66,61,67,67,62,68,75,77,69,76,65,71
[ 3690.739937] [AOA] Measurement: 0,1627155236.561745,08:55:31:9b:0a:1d,2,1,2,0,128,387,845,885,804,796,1012,642,310,370,665,1007,292,316,992,336,766,215,336,673,352,295,589,319,374,58,904,844,730,84,884,920,665,72,71,69,68,75,78,67,78,72,58,66,71,65,72,77,47,71,69,48,53,60,53,60,58,54,61,72,66,60,64,56,59
[ 3690.783931] [AOA] Measurement: 0,1627155236.605738,08:55:31:9b:0a:1d,2,1,2,0,128,367,832,241,553,245,779,74,113,930,492,470,423,296,952,810,541,646,90,55,106,738,375,688,121,489,687,203,482,89,901,702,591,68,69,64,66,69,73,66,76,69,64,67,74,66,74,76,57,72,70,54,62,65,61,67,64,61,65,73,76,71,75,64,69
[ 3690.835240] [AOA] Measurement: 0,1627155236.657047,08:55:31:9b:0a:1d,2,1,2,0,128,398,870,819,770,832,993,8,98,451,699,535,505,851,151,341,782,684,125,92,140,277,571,212,324,992,859,261,526,47,823,60,925,71,70,67,68,74,76,69,78,70,62,68,76,68,74,76,54,74,71,56,62,65,61,68,66,64,66,76,76,70,76,64,71
[ 3690.877934] [AOA] Measurement: 0,1627155236.699742,08:55:31:9b:0a:1d,2,1,2,0,128,381,840,822,756,347,812,578,255,436,678,996,273,870,122,410,820,180,295,695,365,312,594,232,325,17,912,760,678,44,828,708,527,71,70,66,67,74,76,66,78,71,60,66,74,66,74,78,52,73,72,52,59,65,59,66,63,60,66,75,74,68,72,60,66
[ 3690.920914] [AOA] Measurement: 0,1627155236.742720,08:55:31:9b:0a:1d,2,1,2,0,128,418,895,775,713,279,797,33,60,928,499,996,297,300,988,355,775,262,343,651,311,263,565,186,291,470,685,240,505,100,855,340,115,71,71,68,68,73,77,67,79,71,62,68,76,65,74,79,54,76,73,52,60,65,61,67,65,61,66,76,76,71,75,64,71
[ 3690.963871] [AOA] Measurement: 0,1627155236.785678,08:55:31:9b:0a:1d,2,1,2,0,128,412,858,824,767,293,809,24,68,916,517,980,290,892,165,335,762,201,284,617,330,714,374,689,120,469,675,239,503,559,648,740,626,71,71,67,67,75,77,67,78,70,63,67,75,67,74,79,55,73,72,55,60,65,60,65,63,62,66,75,74,68,72,60,67
[ 3691.008779] [AOA] Measurement: 0,1627155236.830590,08:55:31:9b:0a:1d,2,1,2,0,128,367,845,830,765,804,994,620,307,383,623,526,499,930,191,355,800,247,323,627,348,251,544,748,178,5,906,785,680,64,832,374,205,70,69,66,66,73,76,68,78,70,63,67,75,65,74,78,55,75,72,56,60,65,60,67,64,61,67,74,73,69,75,63,70
[ 3691.056677] [AOA] Measurement: 0,1627155236.878488,08:55:31:9b:0a:1d,2,1,2,0,128,391,842,250,568,293,797,15,37,894,487,994,280,326,1001,801,582,612,104,8,73,787,407,691,78,483,674,254,509,76,864,660,523,70,71,66,68,73,75,67,77,70,63,66,76,66,73,75,53,73,71,53,59,64,62,65,63,61,65,76,75,67,74,62,70
[ 3691.106615] [AOA] Measurement: 0,1627155236.928423,08:55:31:9b:0a:1d,2,1,2,0,128,906,640,266,575,301,809,1010,29,899,458,534,481,845,113,389,809,666,125,53,94,753,375,689,98,403,663,216,441,552,658,392,276,71,70,68,67,76,77,66,76,70,59,64,72,64,72,77,49,73,71,50,56,60,54,63,59,58,63,74,70,65,69,56,62
[ 3691.147146] [AOA] Measurement: 0,1627155236.968957,08:55:31:9b:0a:1d,2,1,2,0,128,400,885,854,785,854,1003,589,286,470,719,578,541,838,129,404,809,183,313,625,334,274,596,276,357,6,919,805,710,60,853,427,296,69,70,65,67,72,76,68,77,69,64,67,75,66,73,75,57,73,70,55,61,66,62,67,67,63,68,76,76,71,76,64,70
[ 3691.193049] [AOA] Measurement: 0,1627155237.014856,08:55:31:9b:0a:1d,2,1,2,0,128,423,873,816,732,865,996,556,232,423,682,481,492,270,963,410,817,177,272,689,358,346,604,243,339,984,877,774,680,81,873,269,52,71,70,67,69,73,75,67,78,70,63,67,75,67,74,77,52,72,69,54,60,64,60,66,64,61,67,74,74,68,73,61,69
[ 3691.247105] [AOA] Measurement: 0,1627155237.068916,08:55:31:9b:0a:1d,2,1,2,0,128,343,829,824,744,845,1,584,266,384,644,996,288,314,974,389,801,245,347,580,270,316,595,292,365,9,882,806,708,49,823,692,544,68,69,67,67,71,74,66,77,69,64,65,76,65,73,76,56,74,70,55,61,65,61,66,66,61,68,73,76,70,76,65,71
[ 3691.290764] [AOA] Measurement: 0,1627155237.112576,08:55:31:9b:0a:1d,2,1,2,0,128,409,820,921,825,810,1020,551,259,411,662,971,265,329,991,826,603,674,74,101,154,291,614,265,358,13,893,875,777,95,890,366,198,71,71,65,67,74,75,67,79,69,62,67,77,68,76,79,54,73,70,54,59,63,59,65,62,60,65,76,75,68,73,61,68
[ 3691.333796] [AOA] Measurement: 0,1627155237.155608,08:55:31:9b:0a:1d,2,1,2,0,128,333,829,292,583,282,803,631,318,392,658,964,262,345,1000,374,812,188,277,623,285,793,394,750,121,25,911,821,739,49,850,694,508,71,72,68,67,75,76,67,79,70,60,66,74,65,74,79,50,72,71,51,56,63,57,63,60,59,65,73,71,66,70,59,66
[ 3691.377332] [AOA] Measurement: 0,1627155237.199144,08:55:31:9b:0a:1d,2,1,2,0,128,406,849,295,580,844,1006,541,235,417,671,953,275,331,992,800,605,648,96,84,97,744,391,230,294,441,695,245,509,538,691,361,301,72,71,69,68,76,78,67,79,72,60,66,74,66,74,77,50,71,70,48,55,62,55,62,60,57,63,74,69,62,67,56,62
[ 3691.420695] [AOA] Measurement: 0,1627155237.242505,08:55:31:9b:0a:1d,2,1,2,0,128,415,874,781,738,319,825,58,84,832,456,948,276,852,123,789,590,704,111,83,103,776,379,734,155,13,874,757,650,518,622,62,1016,70,69,68,67,73,75,68,79,70,63,68,76,68,75,78,56,75,70,54,62,65,61,67,66,62,69,75,76,70,74,65,70
[ 3691.459184] [AOA] Measurement: 0,1627155237.280998,08:55:31:9b:0a:1d,2,1,2,0,128,419,906,854,779,864,6,620,308,439,694,548,555,855,182,374,802,156,258,606,273,283,603,238,359,66,957,806,734,36,852,568,321,70,69,66,67,75,76,64,78,70,58,65,73,64,73,79,48,72,70,49,54,61,56,62,59,57,63,75,70,62,68,56,62
[ 3691.497815] [AOA] Measurement: 0,1627155237.319622,08:55:31:9b:0a:1d,2,1,2,0,128,415,860,818,727,817,985,41,88,897,487,998,290,872,140,356,769,654,69,624,300,320,579,224,268,21,926,793,684,65,851,667,532,71,71,69,67,75,78,67,79,71,59,67,73,66,74,79,49,71,70,50,57,63,57,63,61,59,65,75,70,64,72,59,64
[ 3691.540770] [AOA] Measurement: 0,1627155237.362581,08:55:31:9b:0a:1d,2,1,2,0,128,428,848,794,724,834,983,50,56,906,450,972,286,332,998,334,800,186,302,647,341,308,579,307,362,994,873,753,646,32,842,218,98,70,69,66,67,72,74,66,77,70,64,67,74,66,73,78,56,73,71,54,60,65,61,67,64,63,67,77,78,71,76,65,72
[ 3691.584637] [AOA] Measurement: 0,1627155237.406450,08:55:31:9b:0a:1d,2,1,2,0,128,463,882,828,762,818,994,569,266,433,711,521,441,890,186,407,800,227,336,620,305,286,585,284,330,9,893,845,732,95,881,320,114,72,72,68,66,75,77,67,78,71,60,66,75,66,73,78,48,72,70,49,55,62,56,62,61,59,65,75,71,66,71,60,65
[ 3691.630945] [AOA] Measurement: 0,1627155237.452751,08:55:31:9b:0a:1d,2,1,2,0,128,411,857,827,761,293,781,17,56,363,638,493,452,300,988,369,816,688,135,573,285,778,396,270,325,15,899,242,478,569,703,285,220,71,70,67,68,74,75,68,77,70,63,67,77,67,75,78,55,75,73,56,60,66,62,67,65,62,69,75,77,69,75,63,70
[ 3691.676184] [AOA] Measurement: 0,1627155237.497994,08:55:31:9b:0a:1d,2,1,2,0,128,396,888,816,736,278,780,59,99,471,701,556,496,840,140,353,780,673,118,610,276,781,405,692,104,17,892,267,545,989,805,653,563,69,69,66,66,72,74,67,78,70,63,67,76,67,73,76,55,74,70,55,62,66,60,67,66,61,67,75,74,70,76,64,70
[ 3691.719009] [AOA] Measurement: 0,1627155237.540815,08:55:31:9b:0a:1d,2,1,2,0,128,364,801,840,751,846,4,558,243,439,665,972,289,862,160,369,813,189,256,629,309,251,583,254,303,1,874,281,522,48,840,743,642,69,71,69,68,74,75,68,76,70,63,67,76,66,76,77,55,72,72,54,60,63,60,66,64,62,67,75,75,69,74,63,68
[ 3691.763185] [AOA] Measurement: 0,1627155237.584995,08:55:31:9b:0a:1d,2,1,2,0,128,366,808,849,783,815,1021,558,254,421,689,518,455,305,958,893,624,692,129,628,323,250,580,226,328,34,922,772,693,29,819,685,538,69,69,66,66,73,76,66,77,70,63,67,75,67,74,77,52,73,71,52,58,64,59,65,64,61,65,75,72,67,73,60,67
[ 3691.813443] [AOA] Measurement: 0,1627155237.635251,08:55:31:9b:0a:1d,2,1,2,0,128,427,855,304,590,860,1007,570,259,412,671,495,461,832,138,391,820,209,283,94,135,692,361,726,151,18,890,821,674,7,807,422,259,68,70,66,66,70,74,66,76,69,65,66,75,65,74,75,55,73,72,55,61,64,62,68,66,62,67,75,76,70,75,64,71
[ 3691.864007] [AOA] Measurement: 0,1627155237.685813,08:55:31:9b:0a:1d,2,1,2,0,128,391,831,843,794,835,985,30,75,910,492,994,267,923,191,318,753,201,305,43,96,279,558,292,380,974,849,769,679,10,797,309,192,68,70,65,66,72,74,66,76,68,61,67,76,67,73,76,54,71,70,52,60,64,60,66,64,60,66,77,74,67,74,62,67
[ 3691.908209] [AOA] Measurement: 0,1627155237.730020,08:55:31:9b:0a:1d,2,1,2,0,128,413,866,882,809,818,989,2,45,426,662,949,264,241,900,867,593,652,86,83,94,714,348,718,96,462,711,235,499,548,663,619,494,68,71,67,67,72,76,66,78,70,64,67,75,66,73,78,56,74,71,56,59,64,61,68,65,60,67,74,76,70,75,62,70
[ 3691.952215] [AOA] Measurement: 0,1627155237.774029,08:55:31:9b:0a:1d,2,1,2,0,128,848,628,287,562,292,795,37,78,901,475,921,217,891,133,812,592,696,117,665,345,247,550,708,133,35,930,799,708,97,864,97,966,69,70,66,66,74,75,68,77,69,61,66,77,67,74,79,53,72,73,53,61,64,61,65,65,61,66,73,73,67,74,62,68
[ 3691.990742] [AOA] Measurement: 0,1627155237.812555,08:55:31:9b:0a:1d,2,1,2,0,128,391,826,818,747,827,1001,11,83,454,740,472,424,887,150,395,805,190,285,611,309,220,528,278,315,1022,933,797,685,20,823,995,836,77,76,74,72,82,83,71,85,77,64,72,79,70,80,84,54,78,77,55,61,68,63,68,67,63,70,80,77,72,77,65,72
[ 3692.030004] [AOA] Measurement: 0,1627155237.851816,08:55:31:9b:0a:1d,2,1,2,0,128,383,850,287,558,824,945,50,72,940,508,973,238,331,993,349,776,214,317,592,264,313,600,244,319,979,871,288,549,520,654,535,448,71,70,67,67,72,75,67,77,71,64,68,76,66,76,79,55,74,70,55,59,65,61,66,64,62,66,76,73,69,72,62,68
[ 3692.074542] [AOA] Measurement: 0,1627155237.896353,08:55:31:9b:0a:1d,2,1,2,0,128,338,792,881,791,823,1005,606,296,469,697,512,506,854,142,377,776,225,317,595,304,260,556,218,314,517,742,239,488,89,896,392,184,69,68,65,65,71,72,65,76,69,64,65,75,65,72,75,56,73,68,54,62,65,61,68,65,61,66,72,77,71,74,64,72
[ 3692.113375] [AOA] Measurement: 0,1627155237.935186,08:55:31:9b:0a:1d,2,1,2,0,128,364,865,813,793,876,1019,545,243,444,678,464,442,857,145,401,800,217,318,631,312,238,529,247,338,1014,906,808,671,80,847,125,972,68,68,65,65,71,72,66,74,67,64,66,75,66,74,78,57,74,72,55,63,66,63,68,67,63,67,74,76,70,76,64,69
[ 3692.155769] [AOA] Measurement: 0,1627155237.977576,08:55:31:9b:0a:1d,2,1,2,0,128,412,874,774,734,294,811,589,271,896,483,959,225,871,155,324,779,245,319,638,296,320,620,287,371,11,904,804,716,18,822,680,570,69,69,66,66,71,75,68,76,70,63,68,74,67,74,78,57,76,70,55,63,64,62,68,66,61,67,74,76,70,76,65,71
[ 3692.198149] [AOA] Measurement: 0,1627155238.019956,08:55:31:9b:0a:1d,2,1,2,0,128,396,832,778,715,321,832,23,66,933,529,512,465,293,968,389,844,200,269,626,308,266,582,246,296,452,703,247,514,475,651,376,285,71,70,67,66,74,77,69,77,70,62,67,76,68,75,80,54,73,72,55,60,64,60,66,65,60,66,74,74,70,74,63,69
[ 3692.243008] [AOA] Measurement: 0,1627155238.064819,08:55:31:9b:0a:1d,2,1,2,0,128,363,833,845,820,833,1006,31,83,412,713,524,478,243,931,850,605,178,269,131,156,257,590,263,321,1022,885,795,683,75,851,179,57,71,71,69,68,74,78,66,78,70,59,67,76,66,73,78,50,72,72,50,57,62,56,65,61,60,65,75,72,64,70,59,65
[ 3692.293082] [AOA] Measurement: 0,1627155238.114890,08:55:31:9b:0a:1d,2,1,2,0,128,914,690,887,781,846,986,580,257,420,660,1018,257,307,1000,334,790,217,332,598,277,702,356,735,123,474,714,822,695,48,865,630,424,67,66,65,65,68,71,64,76,68,62,65,74,65,71,76,54,72,69,54,62,63,60,68,64,62,65,75,76,70,75,64,69
[ 3692.344154] [AOA] Measurement: 0,1627155238.165961,08:55:31:9b:0a:1d,2,1,2,0,128,872,658,314,605,250,815,97,95,451,746,490,443,908,184,338,788,239,312,8,49,757,337,249,346,58,958,742,659,24,828,108,960,69,70,66,67,73,76,67,76,70,62,66,75,67,74,76,53,73,70,54,58,64,60,66,63,61,66,75,73,69,75,64,69
[ 3692.388373] [AOA] Measurement: 0,1627155238.210185,08:55:31:9b:0a:1d,2,1,2,0,128,439,892,876,763,793,992,605,284,432,706,541,442,289,941,405,789,188,318,630,294,735,404,294,352,1022,890,759,688,70,864,143,986,71,69,67,67,74,76,67,78,71,62,68,76,66,75,80,53,73,71,53,59,65,59,66,62,62,66,75,73,67,73,62,67
[ 3692.433527] [AOA] Measurement: 0,1627155238.255337,08:55:31:9b:0a:1d,2,1,2,0,128,865,688,828,760,321,794,50,113,874,485,1021,293,866,133,358,737,243,350,600,283,231,569,235,319,465,711,241,501,584,694,528,462,71,70,70,68,74,77,67,79,70,61,66,74,65,74,79,52,73,70,53,57,63,57,62,61,59,65,73,69,65,70,58,65
[ 3692.472348] [AOA] Measurement: 0,1627155238.294159,08:55:31:9b:0a:1d,2,1,2,0,128,397,866,774,727,289,807,38,61,931,526,936,251,887,206,362,783,233,317,606,304,286,559,223,328,7,917,791,707,60,847,105,997,69,69,66,66,72,77,68,78,70,63,67,74,68,76,79,53,73,72,53,58,64,58,67,63,60,65,73,72,66,72,61,66
[ 3692.514764] [AOA] Measurement: 0,1627155238.336571,08:55:31:9b:0a:1d,2,1,2,0,128,390,834,850,795,829,982,589,257,453,710,881,191,318,966,894,658,166,272,74,125,255,548,715,134,12,902,822,693,62,847,700,524,65,69,64,67,70,70,67,75,66,63,66,74,66,72,75,55,71,68,55,63,64,62,67,65,61,65,73,76,71,76,64,73
[ 3692.558966] [AOA] Measurement: 0,1627155238.380774,08:55:31:9b:0a:1d,2,1,2,0,128,462,885,837,776,839,974,28,80,414,672,968,231,347,982,303,775,661,79,106,134,756,405,214,303,47,900,811,731,13,858,14,859,71,73,67,68,75,77,67,79,69,63,67,76,66,73,79,53,74,71,53,59,65,60,66,63,60,67,74,73,68,74,63,70
[ 3692.606349] [AOA] Measurement: 0,1627155238.428162,08:55:31:9b:0a:1d,2,1,2,0,128,372,830,911,810,816,1003,691,315,437,693,460,475,888,167,384,794,197,307,601,311,280,551,313,351,27,924,804,698,68,869,92,836,70,70,67,66,75,76,66,77,69,60,65,73,64,72,77,50,71,70,49,54,60,54,62,59,58,63,72,66,62,67,54,61
[ 3692.650737] [AOA] Measurement: 0,1627155238.472549,08:55:31:9b:0a:1d,2,1,2,0,128,871,666,302,571,290,813,41,55,915,479,6,308,323,976,838,600,700,114,74,124,723,355,675,104,472,664,213,522,543,672,35,950,67,69,66,65,71,73,67,74,70,64,67,75,66,74,79,58,74,73,55,60,66,62,68,65,60,68,76,75,68,76,64,71
[ 3692.689077] [AOA] Measurement: 0,1627155238.510889,08:55:31:9b:0a:1d,2,1,2,0,128,413,851,278,588,849,1018,568,221,917,492,574,483,885,149,326,776,635,99,26,77,758,392,270,341,991,872,266,516,580,686,552,437,70,72,68,65,75,75,67,78,70,63,65,76,67,74,77,54,74,70,52,61,65,59,66,64,60,67,76,75,68,73,62,69
[ 3692.734185] [AOA] Measurement: 0,1627155238.555995,08:55:31:9b:0a:1d,2,1,2,0,128,368,830,855,756,829,993,27,69,892,503,970,295,319,990,792,591,706,161,28,64,757,402,666,84,7,886,277,543,47,847,256,182,69,70,67,67,74,77,68,77,70,63,67,76,68,75,78,56,75,71,56,62,65,61,68,65,62,67,76,77,70,75,65,71
[ 3692.787281] [AOA] Measurement: 0,1627155238.609094,08:55:31:9b:0a:1d,2,1,2,0,128,887,655,235,543,329,838,1020,35,912,508,978,278,358,1011,825,612,669,106,629,295,253,565,242,322,1020,859,831,720,59,855,711,613,69,70,66,66,72,75,65,77,69,62,66,75,66,74,75,53,70,71,54,60,64,60,67,65,61,67,74,76,69,74,64,71
[ 3692.826190] [AOA] Measurement: 0,1627155238.648003,08:55:31:9b:0a:1d,2,1,2,0,128,379,816,260,534,298,824,48,65,915,507,956,264,324,995,360,778,662,90,607,250,208,481,725,132,500,700,242,490,524,657,606,508,70,69,66,66,73,75,68,77,71,63,65,76,66,75,77,54,72,73,56,59,65,62,66,65,60,65,75,75,69,73,62,68
[ 3692.870715] [AOA] Measurement: 0,1627155238.692527,08:55:31:9b:0a:1d,2,1,2,0,128,443,868,788,732,278,806,604,295,924,509,961,276,856,157,368,781,203,289,615,309,300,590,219,308,1022,866,763,689,50,832,148,1016,68,69,64,66,71,75,65,74,69,64,65,75,64,74,74,56,72,69,53,59,64,60,66,64,61,66,73,75,69,74,63,68
[ 3692.915106] [AOA] Measurement: 0,1627155238.736919,08:55:31:9b:0a:1d,2,1,2,0,128,363,820,779,746,267,799,2,49,898,460,977,244,322,994,801,569,732,158,618,305,240,531,733,131,11,907,776,678,549,644,525,382,71,70,68,67,74,77,66,77,69,63,67,75,66,74,77,54,72,71,53,60,63,61,66,64,59,67,75,75,68,72,61,68
[ 3692.958539] [AOA] Measurement: 0,1627155238.780353,08:55:31:9b:0a:1d,2,1,2,0,128,886,686,281,608,865,2,545,244,420,672,941,253,896,139,365,779,258,328,618,299,298,593,251,326,19,914,842,714,487,612,128,116,70,72,69,69,74,76,67,79,72,63,67,75,67,73,79,53,75,71,53,57,64,59,63,64,59,64,74,71,66,71,58,65
[ 3693.002920] [AOA] Measurement: 0,1627155238.824728,08:55:31:9b:0a:1d,2,1,2,0,128,475,920,827,790,782,973,48,57,411,662,969,261,329,998,306,741,656,99,102,131,321,566,219,316,2,900,819,702,42,860,761,552,72,71,70,68,76,77,67,78,71,60,64,74,64,73,78,48,71,71,48,55,61,55,62,59,56,63,74,71,62,69,56,61
[ 3693.052960] [AOA] Measurement: 0,1627155238.874769,08:55:31:9b:0a:1d,2,1,2,0,128,386,852,842,810,772,974,61,97,470,691,480,452,279,986,856,620,701,167,585,321,345,625,228,287,1020,920,789,696,1015,804,922,843,68,69,66,66,71,73,67,76,69,63,65,75,65,72,75,57,73,68,54,62,64,61,67,64,63,67,73,76,72,76,64,71
[ 3693.097622] [AOA] Measurement: 0,1627155238.919435,08:55:31:9b:0a:1d,2,1,2,0,128,378,848,843,788,303,837,50,74,861,467,1016,276,321,998,784,568,635,87,88,97,786,395,736,142,9,882,801,677,54,846,865,747,70,73,67,68,74,77,67,79,70,63,68,75,66,76,79,53,74,71,54,59,64,59,65,64,59,65,74,73,68,74,62,68
[ 3693.135800] [AOA] Measurement: 0,1627155238.957613,08:55:31:9b:0a:1d,2,1,2,0,128,395,881,932,834,858,1013,597,280,446,703,551,499,850,139,359,766,214,309,610,299,266,565,248,316,34,889,296,542,47,844,51,847,69,68,67,67,72,76,67,78,70,64,67,75,67,75,77,55,74,72,55,58,66,60,65,63,61,65,74,74,66,73,61,68
[ 3693.180352] [AOA] Measurement: 0,1627155239.002166,08:55:31:9b:0a:1d,2,1,2,0,128,449,909,894,805,855,1011,615,285,416,695,561,496,851,157,335,765,694,146,92,137,288,572,266,325,1022,864,815,720,79,864,155,991,71,71,68,68,74,76,67,80,71,64,67,75,67,74,77,56,75,72,54,60,65,60,67,64,63,68,76,74,69,76,65,69
[ 3693.225849] [AOA] Measurement: 0,1627155239.047662,08:55:31:9b:0a:1d,2,1,2,0,128,828,621,282,583,290,796,90,86,898,469,966,278,386,1008,372,774,257,325,684,383,253,583,246,319,15,895,799,687,39,833,1013,894,70,72,68,68,75,76,67,79,70,62,66,75,67,75,80,51,74,71,52,59,63,59,65,64,59,65,74,75,69,75,61,71
[ 3693.269744] [AOA] Measurement: 0,1627155239.091551,08:55:31:9b:0a:1d,2,1,2,0,128,410,832,886,778,836,999,628,293,453,664,488,450,869,139,387,832,178,289,636,300,729,346,711,159,53,916,824,727,48,838,346,194,70,70,66,67,74,77,67,80,71,62,67,76,66,75,78,55,74,69,53,59,64,60,67,64,61,66,76,76,68,74,63,68
[ 3693.313071] [AOA] Measurement: 0,1627155239.134878,08:55:31:9b:0a:1d,2,1,2,0,128,376,855,807,737,863,0,566,249,944,493,498,446,884,161,348,819,241,351,621,280,296,564,260,312,7,899,226,507,63,843,964,800,69,69,64,65,72,75,65,76,71,64,66,75,65,74,78,55,73,72,54,61,66,62,67,65,60,68,75,73,69,71,63,70
[ 3693.362934] [AOA] Measurement: 0,1627155239.184741,08:55:31:9b:0a:1d,2,1,2,0,128,435,879,865,816,840,981,607,281,400,675,535,480,856,147,369,784,158,253,46,84,747,385,709,148,999,872,824,695,64,863,949,759,78,77,74,74,81,84,74,87,79,71,74,86,75,83,86,63,82,77,61,68,73,70,76,73,67,75,86,86,79,86,70,80
[ 3693.416967] [AOA] Measurement: 0,1627155239.238779,08:55:31:9b:0a:1d,2,1,2,0,128,372,858,829,769,851,1003,591,247,418,699,569,494,783,103,383,807,219,316,663,334,300,598,234,314,21,917,819,710,77,865,38,875,71,71,67,67,75,77,66,79,70,60,67,73,66,75,78,53,73,71,52,59,63,58,65,62,60,65,75,72,67,73,61,67
[ 3693.460360] [AOA] Measurement: 0,1627155239.282168,08:55:31:9b:0a:1d,2,1,2,0,128,857,673,823,776,844,1007,74,75,422,672,538,515,825,128,360,781,190,265,577,253,745,374,292,365,1023,851,782,703,68,876,155,5,81,80,76,76,83,86,74,88,78,69,76,84,73,82,86,60,82,81,61,67,72,66,74,71,69,75,85,85,78,85,70,78
[ 3693.503543] [AOA] Measurement: 0,1627155239.325355,08:55:31:9b:0a:1d,2,1,2,0,128,423,861,854,762,874,1002,593,282,426,681,516,475,839,138,353,783,201,268,651,349,244,573,236,312,2,899,820,736,47,819,479,300,69,69,67,67,72,76,68,79,70,62,67,76,67,75,77,55,73,70,54,60,64,61,66,63,61,66,75,74,69,72,62,69
[ 3693.546876] [AOA] Measurement: 0,1627155239.368688,08:55:31:9b:0a:1d,2,1,2,0,128,925,680,823,740,842,982,30,84,451,716,477,440,281,954,819,595,198,286,29,48,825,434,209,301,29,882,773,686,32,837,793,645,68,68,65,66,71,75,66,77,69,63,67,75,66,73,77,56,73,70,54,61,65,61,65,64,61,64,73,76,70,74,64,71
[ 3693.591123] [AOA] Measurement: 0,1627155239.412936,08:55:31:9b:0a:1d,2,1,2,0,128,372,824,870,771,878,992,24,65,393,659,496,457,870,154,324,750,675,117,102,139,275,569,233,316,14,884,834,689,526,654,95,976,71,71,68,67,75,78,69,78,72,61,67,74,64,73,78,50,74,71,52,57,63,58,64,61,59,66,75,71,66,71,59,66
[ 3693.631786] [AOA] Measurement: 0,1627155239.453593,08:55:31:9b:0a:1d,2,1,2,0,128,859,662,280,570,268,789,23,77,881,468,1006,295,343,9,318,763,670,118,115,136,281,552,680,98,15,890,811,711,494,637,361,181,70,71,66,67,75,76,67,78,70,61,67,76,67,74,78,54,73,70,53,59,63,58,65,62,60,65,76,73,68,71,59,65
[ 3693.674290] [AOA] Measurement: 0,1627155239.496102,08:55:31:9b:0a:1d,2,1,2,0,128,813,620,267,555,299,804,53,51,884,497,954,233,339,987,811,563,707,135,606,321,260,573,691,105,73,938,280,524,41,834,156,977,67,69,65,67,71,75,67,76,70,64,65,74,66,74,77,57,74,70,55,61,64,61,67,65,61,68,73,78,71,75,65,73
[ 3693.719475] [AOA] Measurement: 0,1627155239.541288,08:55:31:9b:0a:1d,2,1,2,0,128,394,849,827,784,266,811,33,89,409,673,1000,303,821,154,786,564,674,104,648,320,315,601,228,292,67,938,810,705,78,880,302,179,72,71,67,66,74,77,66,78,70,61,66,76,64,75,77,52,73,70,53,59,64,59,65,63,60,67,75,76,69,76,62,70
[ 3693.763163] [AOA] Measurement: 0,1627155239.584974,08:55:31:9b:0a:1d,2,1,2,0,128,826,661,258,560,305,831,50,62,922,499,1010,282,295,952,837,603,662,84,72,106,240,579,258,342,31,928,749,680,55,850,529,402,67,70,66,66,71,73,65,75,69,62,66,76,67,74,75,55,72,71,54,62,65,62,68,64,62,68,75,75,71,75,65,71
[ 3693.805035] [AOA] Measurement: 0,1627155239.626842,08:55:31:9b:0a:1d,2,1,2,0,128,419,859,797,745,848,975,601,255,868,463,961,235,903,169,294,762,230,341,633,312,221,534,240,329,24,901,768,704,537,648,922,795,70,69,67,65,73,77,66,78,70,61,66,75,65,75,78,52,74,72,53,58,64,59,65,63,60,67,75,73,66,73,62,68
[ 3693.849990] [AOA] Measurement: 0,1627155239.671801,08:55:31:9b:0a:1d,2,1,2,0,128,416,894,866,813,847,1006,567,268,450,675,543,474,881,129,336,794,670,118,658,316,328,622,265,352,991,891,762,661,63,865,525,342,70,71,65,67,73,76,67,77,70,63,66,76,64,73,78,54,74,70,52,58,63,60,66,62,60,65,73,75,70,74,62,70
[ 3693.894236] [AOA] Measurement: 0,1627155239.716049,08:55:31:9b:0a:1d,2,1,2,0,128,874,666,233,547,256,794,10,47,919,481,990,247,323,991,382,771,711,108,633,297,282,571,718,152,10,896,808,735,38,829,371,256,69,70,66,68,73,74,68,78,71,62,66,74,65,76,77,54,74,70,53,62,65,60,67,65,62,66,73,74,70,75,64,71
[ 3693.938877] [AOA] Measurement: 0,1627155239.760692,08:55:31:9b:0a:1d,2,1,2,0,128,380,857,830,780,843,973,64,97,927,486,502,416,331,997,367,832,199,318,620,298,307,591,249,336,12,883,775,689,90,871,807,601,69,70,66,65,73,76,67,78,71,63,66,75,68,74,77,55,73,70,53,59,64,59,66,63,61,66,75,74,67,72,59,65
[ 3693.977289] [AOA] Measurement: 0,1627155239.799101,08:55:31:9b:0a:1d,2,1,2,0,128,382,837,850,777,840,2,564,277,376,646,961,233,369,981,821,604,736,163,43,93,294,588,281,364,1017,897,763,708,52,867,974,860,68,69,65,67,69,74,67,74,69,63,66,75,66,73,74,55,73,69,55,61,65,61,66,65,63,66,73,77,72,76,65,72
[ 3694.019995] [AOA] Measurement: 0,1627155239.841802,08:55:31:9b:0a:1d,2,1,2,0,128,849,646,283,573,263,785,8,45,888,454,17,286,881,149,398,794,209,298,620,304,285,575,235,357,1001,894,799,713,4,846,71,1023,71,70,69,67,73,77,68,78,68,63,67,74,66,74,77,51,71,71,54,58,63,58,64,62,60,66,75,71,64,70,58,64
[ 3694.058336] [AOA] Measurement: 0,1627155239.880149,08:55:31:9b:0a:1d,2,1,2,0,128,859,638,830,754,771,979,599,279,420,681,496,447,821,125,350,802,211,288,653,347,247,550,261,332,21,900,829,731,43,872,888,710,71,73,66,68,74,76,68,77,69,63,65,76,67,75,79,56,74,71,54,60,64,60,65,65,61,66,74,73,67,72,63,68
[ 3694.102804] [AOA] Measurement: 0,1627155239.924615,08:55:31:9b:0a:1d,2,1,2,0,128,352,838,284,593,301,828,50,64,827,448,944,269,284,988,797,604,176,291,655,313,256,541,250,299,43,904,813,739,477,636,494,366,72,71,68,67,75,76,66,76,70,58,65,73,64,73,79,48,74,71,50,57,62,56,64,60,58,65,74,72,66,72,59,66
[ 3694.145307] [AOA] Measurement: 0,1627155239.967115,08:55:31:9b:0a:1d,2,1,2,0,128,890,677,292,587,265,780,33,87,459,675,932,268,907,169,327,758,667,88,606,282,268,560,744,161,58,922,797,683,65,839,336,163,67,68,66,66,71,73,65,76,69,64,65,76,66,73,76,55,74,70,55,63,63,61,66,64,61,68,75,77,70,76,64,71
[ 3694.187812] [AOA] Measurement: 0,1627155240.009620,08:55:31:9b:0a:1d,2,1,2,0,128,342,822,252,559,284,820,24,60,384,658,963,273,849,137,799,609,734,153,585,295,277,593,741,153,35,923,799,679,89,864,917,714,70,69,66,66,74,75,66,77,69,62,67,76,65,75,79,52,74,71,53,59,64,60,66,63,60,66,75,75,68,73,63,70
[ 3694.230903] [AOA] Measurement: 0,1627155240.052713,08:55:31:9b:0a:1d,2,1,2,0,128,401,846,855,800,856,1001,600,281,388,642,507,468,870,129,306,735,242,334,610,301,298,599,198,320,13,877,825,725,111,885,339,146,67,68,65,67,73,74,66,77,70,63,66,76,67,73,77,54,74,71,54,60,66,61,68,65,62,68,74,74,67,74,61,68
[ 3694.274000] [AOA] Measurement: 0,1627155240.095813,08:55:31:9b:0a:1d,2,1,2,0,128,392,826,788,757,835,991,577,260,401,666,993,293,319,961,377,810,245,314,41,91,759,421,270,343,0,876,798,705,59,828,361,288,69,69,65,65,71,73,66,76,72,63,66,76,67,75,79,54,75,70,54,61,65,61,65,63,62,67,76,75,68,73,63,70
[ 3694.317214] [AOA] Measurement: 0,1627155240.139025,08:55:31:9b:0a:1d,2,1,2,0,128,880,676,264,570,280,776,41,84,921,480,8,339,866,158,325,782,286,339,560,270,310,596,242,337,499,717,196,499,19,819,967,855,69,68,66,65,71,75,66,76,70,64,67,76,67,75,77,57,73,71,54,59,65,61,67,65,60,67,76,77,71,75,64,70
[ 3694.361114] [AOA] Measurement: 0,1627155240.182926,08:55:31:9b:0a:1d,2,1,2,0,128,401,853,864,794,240,775,88,77,394,677,490,450,281,980,831,602,231,315,630,287,297,595,251,360,23,920,765,691,52,811,973,776,68,70,65,67,72,75,68,77,70,62,67,75,66,74,77,54,72,72,54,60,65,60,67,64,62,66,75,75,67,74,62,68
[ 3694.405649] [AOA] Measurement: 0,1627155240.227461,08:55:31:9b:0a:1d,2,1,2,0,128,372,845,775,758,298,820,62,95,376,649,544,532,889,172,297,761,229,309,626,311,243,548,235,343,35,891,798,698,52,875,100,995,70,71,68,67,74,76,67,77,70,61,67,76,67,75,77,51,75,72,53,60,63,60,65,64,60,67,76,74,67,75,61,70
[ 3694.449786] [AOA] Measurement: 0,1627155240.271598,08:55:31:9b:0a:1d,2,1,2,0,128,430,866,816,744,834,989,1020,34,903,503,951,236,857,123,791,573,683,122,573,241,775,404,271,359,3,916,827,709,10,857,673,517,69,70,66,66,72,76,67,77,70,63,66,75,67,74,78,55,74,70,55,60,63,61,66,65,63,67,75,76,69,74,63,69
[ 3694.488755] [AOA] Measurement: 0,1627155240.310569,08:55:31:9b:0a:1d,2,1,2,0,128,439,872,839,782,804,967,20,61,923,499,961,249,320,973,825,573,691,89,59,93,766,409,651,61,517,711,270,521,43,823,594,455,69,70,68,68,75,76,66,77,70,60,65,72,64,72,79,49,73,69,50,56,62,55,62,58,57,63,74,70,63,68,58,62
[ 3694.538677] [AOA] Measurement: 0,1627155240.360487,08:55:31:9b:0a:1d,2,1,2,0,128,858,643,280,554,331,824,30,82,361,631,1,317,908,159,370,774,648,102,97,128,230,567,742,140,442,705,783,671,485,646,310,199,68,69,65,65,72,74,67,77,69,64,67,75,67,75,79,56,73,71,54,60,64,61,68,66,62,68,75,75,69,74,63,70
[ 3694.583069] [AOA] Measurement: 0,1627155240.404883,08:55:31:9b:0a:1d,2,1,2,0,128,376,824,880,797,818,985,535,249,417,677,530,488,862,167,363,783,233,322,601,309,249,557,219,310,14,903,787,694,27,798,864,667,69,71,67,66,75,76,68,78,70,63,67,74,66,75,79,55,74,70,54,58,66,59,66,63,62,68,74,75,70,74,63,70
[ 3694.633580] [AOA] Measurement: 0,1627155240.455387,08:55:31:9b:0a:1d,2,1,2,0,128,436,839,293,612,269,792,127,100,393,640,483,440,831,124,399,813,171,285,593,273,321,605,244,307,8,882,866,763,45,871,851,661,69,70,65,67,74,76,67,78,70,64,67,77,67,75,78,56,73,68,54,61,64,61,68,66,60,66,76,76,71,74,64,71
[ 3694.676176] [AOA] Measurement: 0,1627155240.497988,08:55:31:9b:0a:1d,2,1,2,0,128,428,848,867,786,255,797,9,53,894,477,950,227,291,969,872,626,220,327,649,326,296,535,225,294,1008,890,730,649,524,639,619,572,67,69,63,65,69,72,66,74,68,63,65,74,64,72,76,56,74,70,55,61,65,61,66,65,62,67,75,76,70,75,66,71
[ 3694.720513] [AOA] Measurement: 0,1627155240.542325,08:55:31:9b:0a:1d,2,1,2,0,128,428,858,802,763,233,794,30,69,437,703,977,272,338,982,396,787,216,314,631,327,320,588,272,323,74,939,782,693,56,836,18,912,75,76,71,72,78,82,72,83,74,70,73,85,71,81,84,63,81,77,60,67,71,68,74,72,68,74,83,86,80,84,72,80
[ 3694.758798] [AOA] Measurement: 0,1627155240.580609,08:55:31:9b:0a:1d,2,1,2,0,128,438,852,792,750,843,988,584,278,436,694,554,498,814,124,289,751,206,298,594,258,783,404,703,120,26,895,802,649,56,858,238,28,71,71,67,67,75,78,66,79,69,62,66,76,67,73,78,53,74,71,53,60,63,61,66,62,61,66,77,76,68,75,62,68
[ 3694.803866] [AOA] Measurement: 0,1627155240.625676,08:55:31:9b:0a:1d,2,1,2,0,128,372,806,335,606,837,998,575,250,939,517,491,471,864,153,370,802,233,305,19,79,301,580,247,312,9,903,774,693,31,829,383,229,68,69,65,67,69,74,66,76,69,63,66,75,67,72,77,57,75,71,56,60,65,62,67,64,59,66,75,75,69,75,64,71
[ 3694.858104] [AOA] Measurement: 0,1627155240.679917,08:55:31:9b:0a:1d,2,1,2,0,128,391,852,847,789,802,984,999,45,896,491,557,478,318,980,386,799,204,309,623,289,255,565,264,346,989,878,817,688,113,884,809,561,74,73,71,70,78,82,73,83,76,67,73,85,72,80,86,61,83,78,59,67,71,67,75,71,68,75,83,86,81,87,72,81
[ 3694.896317] [AOA] Measurement: 0,1627155240.718128,08:55:31:9b:0a:1d,2,1,2,0,128,375,818,887,795,872,1019,516,223,859,426,1016,297,848,174,820,614,713,154,83,98,777,374,776,205,997,862,833,736,127,881,579,445,70,71,66,66,75,76,67,77,71,63,68,76,69,74,78,53,74,72,53,59,64,59,66,64,61,67,75,74,67,73,61,67
[ 3694.939094] [AOA] Measurement: 0,1627155240.760901,08:55:31:9b:0a:1d,2,1,2,0,128,426,868,830,783,808,986,607,279,433,671,494,486,869,181,308,736,661,92,80,112,324,643,192,266,514,710,777,685,56,825,279,187,69,70,66,66,72,76,66,77,69,64,66,75,68,74,77,56,75,72,55,62,65,62,67,65,61,67,75,76,70,76,65,69
[ 3694.977772] [AOA] Measurement: 0,1627155240.799583,08:55:31:9b:0a:1d,2,1,2,0,128,413,846,276,596,274,808,1020,33,926,520,953,242,338,997,309,766,723,128,657,328,300,564,234,314,487,694,235,497,539,647,637,488,70,71,69,67,74,77,67,78,71,61,67,74,66,73,78,52,72,70,51,59,62,58,64,62,59,64,75,72,66,70,60,66
[ 3695.022367] [AOA] Measurement: 0,1627155240.844178,08:55:31:9b:0a:1d,2,1,2,0,128,387,833,314,621,766,979,95,92,434,676,498,446,356,1006,339,752,675,106,78,104,297,607,725,159,6,923,774,660,539,654,936,756,70,71,66,68,73,76,66,77,70,63,68,77,68,74,78,55,74,71,54,60,64,61,68,65,62,67,73,74,68,75,64,70
[ 3695.072516] [AOA] Measurement: 0,1627155240.894323,08:55:31:9b:0a:1d,2,1,2,0,128,392,835,841,784,286,805,538,236,904,466,957,248,282,939,382,799,197,266,618,297,258,544,231,299,35,908,761,681,49,824,93,946,71,70,66,67,71,75,68,77,69,63,68,77,67,74,77,54,73,71,53,59,63,60,66,63,60,64,74,73,67,70,58,65
[ 3695.123890] [AOA] Measurement: 0,1627155240.945700,08:55:31:9b:0a:1d,2,1,2,0,128,429,896,817,786,805,977,599,261,434,698,962,278,913,177,435,827,191,304,640,319,359,643,293,333,46,906,833,699,67,886,405,202,68,68,63,64,69,74,65,75,68,64,66,74,66,71,76,55,72,67,55,62,63,62,67,64,62,66,74,77,72,76,64,73
[ 3695.162428] [AOA] Measurement: 0,1627155240.984241,08:55:31:9b:0a:1d,2,1,2,0,128,901,662,304,596,277,829,75,77,400,658,494,494,866,149,356,792,262,381,654,315,286,576,268,328,32,919,779,675,498,622,1001,891,71,71,67,68,73,77,67,79,71,62,66,75,66,75,79,53,72,71,52,59,63,60,65,61,59,65,74,74,66,71,62,66
[ 3695.206787] [AOA] Measurement: 0,1627155241.028600,08:55:31:9b:0a:1d,2,1,2,0,128,392,857,843,791,797,976,624,293,451,690,575,496,769,85,858,621,159,272,686,317,266,558,233,308,3,899,855,729,19,838,580,473,70,70,66,66,71,75,67,78,70,63,66,76,67,72,78,53,72,70,52,60,62,60,64,62,60,65,74,75,67,73,61,68
[ 3695.254890] [AOA] Measurement: 0,1627155241.076701,08:55:31:9b:0a:1d,2,1,2,0,128,383,862,806,756,297,811,579,287,430,679,531,449,822,127,790,578,677,107,69,123,765,399,245,335,1011,879,807,706,68,830,361,258,69,71,67,67,73,76,68,76,70,63,66,74,67,74,76,53,72,70,51,59,64,58,64,63,60,66,74,73,66,72,61,65
[ 3695.305069] [AOA] Measurement: 0,1627155241.126876,08:55:31:9b:0a:1d,2,1,2,0,128,385,839,817,804,257,779,604,275,491,755,505,456,927,186,322,764,242,344,577,263,294,586,243,334,30,951,812,719,53,865,472,370,71,70,68,67,75,76,65,79,70,58,66,74,65,74,78,49,71,70,50,55,61,53,61,59,57,64,73,70,64,70,59,63
[ 3695.357864] [AOA] Measurement: 0,1627155241.179671,08:55:31:9b:0a:1d,2,1,2,0,128,381,860,845,785,858,1002,602,275,428,681,571,519,854,188,362,800,202,292,601,273,301,599,296,356,4,914,854,737,40,873,110,939,68,69,67,66,72,76,66,77,69,63,67,76,66,73,79,55,75,71,54,58,65,61,66,65,61,67,74,76,70,75,63,69
[ 3695.396375] [AOA] Measurement: 0,1627155241.218187,08:55:31:9b:0a:1d,2,1,2,0,128,896,641,279,583,281,796,614,328,380,654,481,429,799,77,874,605,698,127,575,252,302,598,256,306,16,908,784,714,84,842,727,504,69,69,66,66,70,75,66,77,69,63,68,75,66,73,78,55,74,70,54,60,65,60,67,64,62,68,73,72,66,72,61,66
[ 3695.439246] [AOA] Measurement: 0,1627155241.261053,08:55:31:9b:0a:1d,2,1,2,0,128,396,873,279,567,318,849,630,291,408,639,3,287,861,139,314,765,646,96,92,111,289,577,278,317,36,927,753,644,485,648,802,732,70,69,68,66,76,76,64,76,70,57,64,68,61,70,75,44,67,68,45,52,58,51,58,55,55,60,70,65,59,63,51,57
[ 3695.483109] [AOA] Measurement: 0,1627155241.304921,08:55:31:9b:0a:1d,2,1,2,0,128,430,892,817,754,826,994,11,34,920,535,951,245,338,981,814,592,681,107,48,108,737,410,697,112,67,924,785,674,499,636,134,33,68,68,65,66,71,73,67,77,68,63,64,74,66,72,77,54,74,70,54,60,65,62,66,65,60,67,74,77,70,76,64,71
[ 3695.532875] [AOA] Measurement: 0,1627155241.354682,08:55:31:9b:0a:1d,2,1,2,0,128,964,710,856,773,821,999,622,289,412,683,897,244,925,188,284,748,681,102,653,320,322,623,226,328,64,908,812,709,14,836,179,994,70,71,67,68,74,77,68,77,71,63,67,75,68,74,77,53,72,72,54,58,64,59,65,63,61,65,75,74,68,72,62,68
[ 3695.587194] [AOA] Measurement: 0,1627155241.409006,08:55:31:9b:0a:1d,2,1,2,0,128,420,911,817,768,836,1013,549,276,391,686,519,484,892,191,392,844,203,311,616,329,323,591,237,296,11,893,861,719,72,860,747,602,71,70,68,67,74,76,66,77,70,61,67,75,65,73,79,52,74,72,53,58,63,58,65,62,59,64,74,72,69,73,60,67
[ 3695.631086] [AOA] Measurement: 0,1627155241.452897,08:55:31:9b:0a:1d,2,1,2,0,128,425,919,781,728,276,826,621,252,417,686,476,442,822,127,336,754,726,102,610,295,315,645,245,336,24,888,861,736,89,887,46,832,70,71,67,67,75,76,68,81,71,62,67,76,65,76,79,53,73,71,52,59,65,58,66,61,58,66,75,73,69,73,62,70
[ 3695.669481] [AOA] Measurement: 0,1627155241.491292,08:55:31:9b:0a:1d,2,1,2,0,128,427,861,871,787,829,1013,573,266,417,666,568,514,817,141,373,798,249,361,668,327,311,631,213,319,1005,876,788,710,49,851,968,766,67,69,66,65,70,72,65,77,68,63,67,74,66,73,76,56,74,68,56,60,65,61,66,64,62,66,73,74,70,75,65,71
[ 3695.714249] [AOA] Measurement: 0,1627155241.536063,08:55:31:9b:0a:1d,2,1,2,0,128,883,637,318,607,274,781,64,82,871,462,543,465,276,983,833,595,646,97,31,66,750,385,707,114,534,720,280,534,495,607,270,245,71,71,69,67,76,78,67,78,71,62,66,74,67,74,79,52,74,71,52,59,63,59,64,65,59,64,76,74,66,73,61,66
[ 3695.756316] [AOA] Measurement: 0,1627155241.578122,08:55:31:9b:0a:1d,2,1,2,0,128,915,658,850,774,834,1005,11,58,905,499,1017,331,895,185,373,796,616,89,594,263,293,577,272,303,21,906,800,685,21,852,416,319,70,69,67,67,73,75,66,79,70,64,66,74,67,75,77,53,74,71,54,59,65,60,67,65,59,65,74,74,68,75,62,68
[ 3695.800154] [AOA] Measurement: 0,1627155241.621961,08:55:31:9b:0a:1d,2,1,2,0,128,393,838,865,788,312,814,579,275,984,521,947,265,269,969,355,813,227,306,41,97,286,595,298,340,1010,878,795,745,62,859,919,708,71,71,68,68,75,75,67,78,71,62,64,76,66,74,78,51,73,71,51,56,62,56,63,64,58,65,75,72,67,72,61,67
[ 3695.842721] [AOA] Measurement: 0,1627155241.664532,08:55:31:9b:0a:1d,2,1,2,0,128,394,886,784,749,872,1017,595,269,391,655,496,482,880,140,384,804,227,302,649,285,255,546,283,353,23,917,787,718,39,861,433,245,78,77,75,75,79,83,75,86,79,71,75,85,74,84,87,60,84,80,61,67,72,70,74,72,68,76,87,85,80,85,71,80
[ 3695.888342] [AOA] Measurement: 0,1627155241.710150,08:55:31:9b:0a:1d,2,1,2,0,128,423,856,812,735,883,18,566,237,430,666,563,467,839,133,435,828,213,287,627,313,338,617,208,285,480,696,833,727,6,826,537,377,67,66,65,64,69,73,66,74,69,63,67,74,64,71,75,56,73,69,56,61,64,61,67,64,60,66,75,77,71,76,65,71
[ 3695.936130] [AOA] Measurement: 0,1627155241.757941,08:55:31:9b:0a:1d,2,1,2,0,128,381,843,800,750,838,1016,550,246,488,701,550,511,895,148,348,805,258,317,632,311,330,606,319,345,19,900,168,452,515,631,573,448,69,69,67,66,73,76,67,78,69,63,68,76,67,75,77,56,75,70,55,62,64,62,68,66,63,68,76,77,71,77,64,71
[ 3695.979531] [AOA] Measurement: 0,1627155241.801343,08:55:31:9b:0a:1d,2,1,2,0,128,887,702,803,787,828,1020,588,271,379,652,532,502,900,166,363,793,277,336,637,329,333,617,204,287,49,929,796,686,47,883,930,728,68,68,62,65,69,74,66,74,67,62,66,74,65,72,76,56,73,70,55,60,64,62,67,65,61,67,75,77,72,76,64,72
[ 3696.020663] [AOA] Measurement: 0,1627155241.842469,08:55:31:9b:0a:1d,2,1,2,0,128,369,830,778,725,857,999,634,286,888,499,933,249,295,941,838,596,641,99,94,97,769,364,736,160,14,928,794,687,27,816,693,603,70,71,69,66,76,77,67,79,71,61,66,72,65,74,78,50,73,71,49,55,61,55,64,60,59,63,73,71,64,69,58,64
[ 3696.059766] [AOA] Measurement: 0,1627155241.881578,08:55:31:9b:0a:1d,2,1,2,0,128,468,899,853,776,821,996,569,256,447,689,498,471,874,156,368,792,280,345,623,331,296,580,236,317,56,915,818,731,59,839,445,267,70,72,67,67,73,76,65,76,71,62,67,74,64,73,78,52,71,69,50,54,61,58,61,61,59,63,73,69,62,66,56,63
[ 3696.098685] [AOA] Measurement: 0,1627155241.920492,08:55:31:9b:0a:1d,2,1,2,0,128,399,879,815,828,804,1001,580,253,459,704,576,536,904,201,345,795,234,311,677,331,337,603,244,327,4,905,794,688,52,859,422,235,69,69,67,67,73,75,67,77,71,63,66,77,67,75,80,54,74,72,55,60,64,60,65,65,61,65,76,74,68,73,64,69
[ 3696.142401] [AOA] Measurement: 0,1627155241.964209,08:55:31:9b:0a:1d,2,1,2,0,128,415,859,866,792,238,790,600,248,914,491,470,441,878,127,394,827,153,254,95,154,263,546,234,292,998,862,826,705,101,895,240,973,70,71,66,66,73,76,68,78,70,63,68,77,67,75,77,55,72,71,54,58,64,59,66,64,60,66,76,72,66,71,59,66
[ 3696.189238] [AOA] Measurement: 0,1627155242.011050,08:55:31:9b:0a:1d,2,1,2,0,128,905,700,775,740,204,752,27,70,897,470,962,266,355,1004,339,753,700,148,58,106,777,397,702,87,478,703,238,504,537,688,287,249,69,71,64,66,73,76,66,77,68,61,67,75,67,74,75,54,74,71,56,60,65,60,67,64,63,66,75,76,69,74,62,68
[ 3696.227344] [AOA] Measurement: 0,1627155242.049155,08:55:31:9b:0a:1d,2,1,2,0,128,871,664,241,554,299,803,78,90,878,447,939,212,282,944,846,568,649,81,83,115,701,349,786,165,1,856,249,489,580,689,764,635,70,69,66,68,72,76,67,77,69,63,68,75,66,73,77,55,73,70,53,60,64,61,67,65,61,67,76,75,68,73,63,69
[ 3696.272750] [AOA] Measurement: 0,1627155242.094557,08:55:31:9b:0a:1d,2,1,2,0,128,877,633,248,537,312,798,8,99,406,641,478,477,859,129,815,589,665,116,640,297,310,576,266,340,1000,913,234,525,492,618,488,370,69,69,67,67,74,77,67,78,72,63,67,74,66,74,77,54,73,71,52,59,66,60,66,63,59,67,74,74,66,71,60,67
[ 3696.319172] [AOA] Measurement: 0,1627155242.140986,08:55:31:9b:0a:1d,2,1,2,0,128,439,883,869,773,819,1004,108,114,432,666,530,465,878,166,353,781,188,277,64,101,265,586,739,148,998,891,748,663,87,886,480,255,71,71,66,67,75,77,67,79,68,59,65,74,65,73,78,50,72,70,49,56,59,55,63,61,57,63,73,72,63,70,57,63
[ 3696.363622] [AOA] Measurement: 0,1627155242.185433,08:55:31:9b:0a:1d,2,1,2,0,128,429,875,839,776,754,952,45,32,931,500,953,262,345,1000,820,563,635,82,617,272,316,616,170,281,57,927,769,727,44,825,446,208,69,70,65,68,73,77,67,78,72,61,66,74,66,74,79,52,72,71,53,59,63,59,66,63,60,66,76,73,68,73,60,67
[ 3696.406190] [AOA] Measurement: 0,1627155242.227998,08:55:31:9b:0a:1d,2,1,2,0,128,413,869,868,782,810,990,82,97,438,673,966,250,353,1001,353,812,152,274,657,306,318,600,245,341,11,889,809,702,34,861,851,760,71,71,68,67,76,77,67,77,70,60,65,73,66,73,79,50,73,72,51,57,64,57,65,63,60,64,74,73,67,72,59,66
[ 3696.449991] [AOA] Measurement: 0,1627155242.271800,08:55:31:9b:0a:1d,2,1,2,0,128,848,646,843,794,846,1001,640,285,454,716,514,477,898,189,353,787,695,128,71,135,723,347,257,335,51,899,859,752,1010,821,560,368,70,72,67,68,75,75,67,77,70,63,68,74,66,75,78,54,74,71,54,61,65,60,67,65,63,66,76,75,69,75,63,67
[ 3696.492740] [AOA] Measurement: 0,1627155242.314551,08:55:31:9b:0a:1d,2,1,2,0,128,394,841,816,749,859,993,614,287,425,675,551,502,870,156,386,785,315,378,619,323,245,532,223,294,1009,874,777,701,35,854,883,661,80,80,78,75,84,87,75,88,81,66,74,84,74,84,87,55,80,80,55,62,67,61,70,68,65,70,83,78,72,76,64,71
[ 3696.536551] [AOA] Measurement: 0,1627155242.358362,08:55:31:9b:0a:1d,2,1,2,0,128,883,650,288,579,318,817,552,272,414,680,483,460,885,152,327,787,677,87,49,107,717,365,759,199,1006,864,784,655,523,625,686,574,73,70,66,65,75,77,67,78,69,61,67,75,67,73,78,52,72,71,51,57,65,59,66,63,60,64,74,73,67,73,61,69
[ 3696.580138] [AOA] Measurement: 0,1627155242.401950,08:55:31:9b:0a:1d,2,1,2,0,128,398,895,808,755,852,1011,626,279,386,656,532,504,884,151,343,775,260,340,628,320,313,609,207,308,27,906,829,734,49,851,297,147,69,69,67,67,72,75,67,75,70,62,65,74,66,72,77,53,74,71,53,59,64,59,65,63,61,65,73,72,65,71,60,64
[ 3696.618566] [AOA] Measurement: 0,1627155242.440377,08:55:31:9b:0a:1d,2,1,2,0,128,936,682,307,585,296,814,32,89,895,465,8,286,899,152,372,810,636,94,94,165,270,577,700,125,515,715,839,690,78,857,824,720,67,69,64,65,70,73,67,76,69,62,68,76,68,75,77,55,74,71,54,58,65,60,66,62,61,66,76,74,67,73,62,67
[ 3696.661720] [AOA] Measurement: 0,1627155242.483532,08:55:31:9b:0a:1d,2,1,2,0,128,890,626,285,579,820,1007,597,278,417,691,528,485,922,184,294,759,712,123,620,285,321,596,291,351,1015,874,835,687,42,830,518,450,72,73,66,68,74,79,68,78,71,61,66,74,67,74,77,52,71,72,53,59,64,57,64,61,59,65,73,70,65,70,60,64
[ 3696.701173] [AOA] Measurement: 0,1627155242.522981,08:55:31:9b:0a:1d,2,1,2,0,128,351,810,837,774,812,994,553,228,414,692,513,510,848,144,350,776,212,340,635,325,315,601,200,319,964,856,824,695,60,843,473,291,67,69,63,65,70,73,66,76,68,62,65,74,66,73,76,56,73,71,56,61,64,61,69,67,63,67,75,76,71,76,66,71
[ 3696.749129] [AOA] Measurement: 0,1627155242.570942,08:55:31:9b:0a:1d,2,1,2,0,128,407,885,834,752,835,999,602,282,429,673,501,444,320,981,836,621,231,305,613,293,329,621,235,310,13,907,777,717,111,917,857,630,70,70,67,68,76,77,66,78,72,63,66,74,66,73,76,52,73,72,51,57,64,57,64,62,60,65,75,72,64,70,59,63
[ 3696.792738] [AOA] Measurement: 0,1627155242.614549,08:55:31:9b:0a:1d,2,1,2,0,128,351,850,897,835,829,1010,539,255,441,693,518,464,823,140,360,776,194,297,593,284,283,582,266,372,21,907,814,743,11,837,796,589,71,71,66,66,71,76,67,77,71,63,66,74,66,73,79,52,73,69,51,59,62,59,65,63,60,64,73,70,66,71,59,66
[ 3696.837068] [AOA] Measurement: 0,1627155242.658879,08:55:31:9b:0a:1d,2,1,2,0,128,409,880,822,763,832,1007,608,278,452,705,474,474,818,139,368,812,645,95,653,347,246,535,296,337,40,907,769,715,94,870,278,141,77,78,71,74,82,85,75,87,79,69,74,84,74,83,88,60,84,77,59,67,71,66,74,72,67,75,85,85,79,84,71,78
[ 3696.880922] [AOA] Measurement: 0,1627155242.702733,08:55:31:9b:0a:1d,2,1,2,0,128,408,876,875,775,843,29,582,257,439,672,524,458,841,118,371,805,219,315,602,279,331,613,245,314,37,918,761,659,64,852,452,283,72,71,68,67,75,77,66,78,72,61,67,75,65,75,79,51,73,71,51,56,62,58,64,63,60,65,75,72,66,73,60,66
[ 3696.919198] [AOA] Measurement: 0,1627155242.741011,08:55:31:9b:0a:1d,2,1,2,0,128,881,628,318,574,284,794,74,81,900,495,1007,313,877,144,310,774,633,53,107,114,793,424,242,300,3,899,261,518,534,674,999,879,69,69,65,66,71,74,67,77,67,63,65,75,65,72,75,56,73,69,55,61,64,62,67,66,59,67,72,75,69,76,64,71
[ 3696.963269] [AOA] Measurement: 0,1627155242.785080,08:55:31:9b:0a:1d,2,1,2,0,128,393,856,789,746,864,999,620,284,420,679,595,500,915,177,358,796,206,306,654,341,300,623,251,336,21,908,802,701,77,844,998,866,70,69,68,67,73,77,66,78,71,64,67,75,67,74,78,54,75,69,52,61,64,61,65,65,60,67,74,75,69,74,62,69
[ 3697.014741] [AOA] Measurement: 0,1627155242.836548,08:55:31:9b:0a:1d,2,1,2,0,128,370,833,276,599,258,757,43,77,958,526,938,243,335,992,848,582,683,127,88,136,743,347,734,150,1016,861,307,533,87,873,598,413,71,72,68,69,74,76,68,76,70,60,66,71,65,71,77,51,74,70,52,55,63,57,63,60,58,64,74,69,64,68,59,61
[ 3697.065090] [AOA] Measurement: 0,1627155242.886897,08:55:31:9b:0a:1d,2,1,2,0,128,394,837,215,551,294,825,73,128,927,475,961,253,331,990,815,582,669,85,71,122,819,414,286,365,987,853,847,726,55,829,65,940,70,71,66,66,72,76,66,76,71,61,66,75,66,75,77,53,73,73,54,59,64,61,66,65,61,67,74,74,68,75,62,69
[ 3697.108962] [AOA] Measurement: 0,1627155242.930769,08:55:31:9b:0a:1d,2,1,2,0,128,343,803,840,807,830,12,589,235,456,693,481,467,842,159,302,766,671,94,85,125,314,592,259,361,1023,892,793,716,86,857,151,996,68,68,66,67,73,75,68,76,69,63,67,76,67,73,78,56,73,70,53,60,64,62,66,63,60,67,75,73,70,74,62,68
[ 3697.151916] [AOA] Measurement: 0,1627155242.973723,08:55:31:9b:0a:1d,2,1,2,0,128,457,905,860,799,801,991,570,257,433,695,456,454,862,114,391,816,204,306,593,307,273,576,201,287,485,717,840,733,71,869,693,546,70,70,67,68,74,76,67,76,68,61,66,76,66,74,77,53,73,71,54,61,64,61,67,64,62,67,75,75,70,75,63,69
[ 3697.202007] [AOA] Measurement: 0,1627155243.023814,08:55:31:9b:0a:1d,2,1,2,0,128,343,832,855,797,795,945,655,305,885,461,962,213,281,922,851,585,702,106,611,289,265,575,232,318,14,883,821,701,53,858,392,292,66,68,66,65,70,73,65,76,68,62,65,75,64,72,77,54,72,68,54,62,63,60,66,64,60,66,75,76,70,77,63,71
[ 3697.252124] [AOA] Measurement: 0,1627155243.073931,08:55:31:9b:0a:1d,2,1,2,0,128,446,851,823,760,841,1010,1023,68,929,497,1008,310,830,132,334,747,181,302,641,316,225,532,281,331,31,922,757,667,20,823,289,147,67,69,65,66,71,74,67,76,68,63,65,74,66,73,78,56,73,71,53,61,66,59,67,66,62,67,75,76,70,76,64,70
[ 3697.297355] [AOA] Measurement: 0,1627155243.119167,08:55:31:9b:0a:1d,2,1,2,0,128,357,829,280,579,812,971,56,120,394,641,976,263,300,957,845,592,178,282,61,121,301,594,276,331,1016,892,849,723,38,861,975,845,69,70,65,66,72,74,65,78,68,62,65,74,65,73,77,53,74,71,54,60,64,59,66,65,61,66,76,74,67,73,62,67
[ 3697.341481] [AOA] Measurement: 0,1627155243.163287,08:55:31:9b:0a:1d,2,1,2,0,128,415,862,836,825,832,998,578,269,403,694,551,493,891,154,356,788,195,264,654,322,255,574,295,349,1003,894,801,703,27,833,262,110,71,70,68,68,75,78,67,78,72,61,66,73,66,74,80,50,73,72,51,56,63,58,64,61,59,66,74,72,65,73,60,68
[ 3697.392377] [AOA] Measurement: 0,1627155243.214183,08:55:31:9b:0a:1d,2,1,2,0,128,424,856,260,547,268,793,76,66,449,666,930,239,343,989,335,766,654,91,80,101,767,349,737,123,443,692,310,556,69,829,988,852,68,70,66,67,72,75,67,78,70,62,64,74,65,71,76,54,73,70,55,61,65,61,67,66,61,66,74,76,69,75,63,69
[ 3697.439352] [AOA] Measurement: 0,1627155243.261163,08:55:31:9b:0a:1d,2,1,2,0,128,406,860,848,781,811,989,572,252,406,663,990,280,910,171,357,805,681,124,63,94,734,373,703,103,39,886,217,474,44,827,554,413,70,69,68,67,73,76,68,79,70,63,67,75,67,75,79,55,74,72,55,62,64,60,67,64,61,66,73,74,68,72,61,68
[ 3697.480658] [AOA] Measurement: 0,1627155243.302464,08:55:31:9b:0a:1d,2,1,2,0,128,398,819,818,752,898,4,521,257,484,696,993,299,868,163,322,758,243,335,598,312,282,573,241,332,0,894,873,760,1021,830,766,644,69,68,67,66,73,73,67,77,70,62,66,76,67,74,77,54,74,70,53,60,64,61,67,64,60,66,76,76,70,75,63,71
[ 3697.523385] [AOA] Measurement: 0,1627155243.345192,08:55:31:9b:0a:1d,2,1,2,0,128,399,851,891,801,874,1002,604,277,396,682,547,475,846,174,333,725,170,298,631,322,303,580,694,105,41,905,764,674,97,879,428,282,68,69,65,67,74,76,66,76,69,62,65,73,66,73,76,54,75,70,54,58,62,59,65,64,58,65,75,74,68,72,61,64
[ 3697.569701] [AOA] Measurement: 0,1627155243.391513,08:55:31:9b:0a:1d,2,1,2,0,128,467,889,830,765,269,775,63,83,921,471,17,322,314,992,824,600,662,111,88,130,260,562,717,106,531,713,290,517,92,863,350,180,66,66,62,63,68,71,63,75,67,63,65,75,65,72,75,57,73,70,54,62,64,62,67,64,61,67,73,76,70,76,65,72
[ 3697.613508] [AOA] Measurement: 0,1627155243.435319,08:55:31:9b:0a:1d,2,1,2,0,128,390,862,814,787,846,993,616,277,413,685,483,432,916,201,288,759,258,331,622,282,305,588,712,110,1004,901,859,749,19,851,164,21,70,70,66,66,72,76,67,77,69,63,67,76,68,75,76,53,75,71,54,58,64,59,66,64,61,67,75,76,68,73,62,67
[ 3697.656176] [AOA] Measurement: 0,1627155243.477983,08:55:31:9b:0a:1d,2,1,2,0,128,410,879,813,757,799,965,44,68,474,679,533,476,820,115,353,797,670,116,35,98,739,390,243,326,1010,863,814,697,69,852,777,607,68,68,64,66,71,73,67,76,70,62,66,76,67,73,75,57,74,70,56,60,65,61,68,65,61,67,75,76,69,75,65,70
[ 3697.699847] [AOA] Measurement: 0,1627155243.521655,08:55:31:9b:0a:1d,2,1,2,0,128,467,881,838,805,815,970,48,85,861,474,1012,269,909,163,309,763,200,277,15,69,292,593,244,329,1,902,242,536,45,844,640,433,69,71,66,66,73,75,68,78,71,62,67,75,67,75,79,54,73,71,55,60,64,59,66,63,61,66,73,74,68,73,60,67
[ 3697.742415] [AOA] Measurement: 0,1627155243.564222,08:55:31:9b:0a:1d,2,1,2,0,128,856,656,294,584,305,823,631,305,394,684,464,436,849,150,378,799,693,111,72,107,262,531,780,137,502,693,877,727,1016,785,748,693,68,69,67,67,72,75,67,78,69,63,66,75,66,74,78,55,74,69,55,60,64,61,66,63,60,66,74,75,68,75,65,69
[ 3697.792995] [AOA] Measurement: 0,1627155243.614802,08:55:31:9b:0a:1d,2,1,2,0,128,397,861,799,752,264,787,46,76,475,699,541,507,921,165,379,815,221,320,648,320,271,569,206,297,22,921,820,730,92,898,228,1007,69,70,66,65,73,76,66,77,69,62,66,76,66,75,78,54,74,71,54,61,64,60,66,64,60,65,74,75,69,72,63,68
[ 3697.847302] [AOA] Measurement: 0,1627155243.669114,08:55:31:9b:0a:1d,2,1,2,0,128,386,869,853,791,838,1009,591,240,465,692,497,481,837,118,817,535,711,144,89,137,726,376,270,352,60,922,792,711,10,832,841,628,70,70,68,66,75,76,67,78,71,64,67,76,66,74,77,54,73,69,53,59,64,60,66,64,62,67,76,73,68,73,61,68
[ 3697.890827] [AOA] Measurement: 0,1627155243.712633,08:55:31:9b:0a:1d,2,1,2,0,128,395,831,784,725,940,62,584,281,415,693,465,481,804,117,806,585,187,273,667,337,274,556,756,160,19,925,806,746,990,805,683,507,71,71,67,68,74,76,68,79,71,63,67,75,68,74,78,55,74,72,53,58,64,60,66,63,61,66,72,76,68,74,62,66
[ 3697.934317] [AOA] Measurement: 0,1627155243.756125,08:55:31:9b:0a:1d,2,1,2,0,128,417,869,269,580,859,1018,574,253,415,664,973,297,300,960,318,796,223,303,636,330,263,594,241,295,1002,887,206,467,506,648,802,689,69,68,66,67,71,74,66,76,68,62,66,73,64,73,77,53,72,70,53,60,64,59,67,66,60,67,76,75,67,71,60,68
[ 3697.977082] [AOA] Measurement: 0,1627155243.798896,08:55:31:9b:0a:1d,2,1,2,0,128,470,892,887,805,842,978,57,86,383,678,479,435,324,1001,310,758,208,332,604,270,327,594,206,308,35,911,820,733,62,878,55,882,72,71,67,66,76,76,66,77,71,61,66,75,66,74,79,50,71,71,49,57,62,56,63,60,59,65,74,72,66,70,60,65
[ 3698.020732] [AOA] Measurement: 0,1627155243.842546,08:55:31:9b:0a:1d,2,1,2,0,128,881,657,236,562,286,821,995,20,858,445,923,231,314,1023,835,606,684,100,623,311,213,512,290,345,1010,882,244,496,8,830,600,486,68,69,66,66,73,75,67,77,71,63,67,76,66,75,77,55,74,71,55,62,64,62,67,64,62,67,76,75,71,77,64,71
[ 3698.058964] [AOA] Measurement: 0,1627155243.880777,08:55:31:9b:0a:1d,2,1,2,0,128,420,856,887,814,848,1010,563,277,389,682,526,487,854,123,307,770,174,273,641,318,294,591,279,348,9,902,816,738,82,882,790,533,69,70,67,67,72,74,65,76,69,63,65,75,67,73,79,55,73,72,56,58,64,60,66,64,61,67,76,75,68,74,64,70
[ 3698.103270] [AOA] Measurement: 0,1627155243.925076,08:55:31:9b:0a:1d,2,1,2,0,128,413,866,856,760,829,1016,27,68,425,647,982,282,882,162,387,836,212,320,578,260,349,651,291,360,987,868,788,714,113,902,962,676,67,68,67,66,71,74,65,76,67,62,65,75,66,73,76,56,73,70,55,62,65,61,67,64,62,66,75,76,71,74,66,72
[ 3698.153412] [AOA] Measurement: 0,1627155243.975219,08:55:31:9b:0a:1d,2,1,2,0,128,434,847,843,722,883,1018,572,278,448,727,451,419,800,112,810,587,695,120,99,121,269,524,702,133,518,720,199,476,532,660,901,721,69,71,68,67,72,75,68,77,70,62,67,75,68,75,79,54,74,73,54,60,65,61,67,65,61,66,74,72,69,73,63,67
[ 3698.196502] [AOA] Measurement: 0,1627155244.018309,08:55:31:9b:0a:1d,2,1,2,0,128,397,859,826,794,867,1,545,244,405,675,479,483,860,140,341,730,217,334,609,304,254,546,264,349,443,684,833,723,48,842,307,46,68,68,66,66,73,75,67,77,69,63,65,74,65,75,77,56,74,73,54,61,65,61,69,66,63,67,74,76,69,76,64,69
[ 3698.239266] [AOA] Measurement: 0,1627155244.061072,08:55:31:9b:0a:1d,2,1,2,0,128,401,840,779,727,269,820,64,104,451,682,1002,315,313,979,835,627,677,107,124,148,295,623,248,320,1023,885,779,673,61,823,880,732,71,70,69,68,74,76,68,77,71,64,65,75,67,74,78,54,74,72,54,59,63,60,66,65,61,67,75,74,69,73,62,68
[ 3698.278251] [AOA] Measurement: 0,1627155244.100062,08:55:31:9b:0a:1d,2,1,2,0,128,394,889,819,769,862,4,599,277,373,632,564,504,846,148,342,795,224,320,56,92,245,533,203,317,50,894,774,695,70,873,144,1000,70,70,66,65,72,76,67,78,71,62,65,76,66,73,78,53,74,70,52,60,64,60,66,64,61,67,74,76,68,75,63,70
[ 3698.326879] [AOA] Measurement: 0,1627155244.148690,08:55:31:9b:0a:1d,2,1,2,0,128,385,837,264,594,261,788,54,87,476,710,488,458,880,201,323,745,668,101,128,150,721,342,765,162,999,916,772,742,53,845,379,200,67,67,64,63,71,74,65,72,67,63,66,74,65,72,75,57,74,70,56,60,63,61,65,64,61,65,73,74,71,77,65,72
[ 3698.375110] [AOA] Measurement: 0,1627155244.196924,08:55:31:9b:0a:1d,2,1,2,0,128,413,861,292,600,796,934,674,299,447,703,498,455,901,174,379,855,250,340,646,315,273,600,662,76,6,887,223,491,589,721,562,467,70,70,67,68,73,77,66,78,70,63,68,77,68,75,79,54,74,70,52,59,64,60,66,63,62,67,74,72,67,72,62,67
[ 3698.418288] [AOA] Measurement: 0,1627155244.240098,08:55:31:9b:0a:1d,2,1,2,0,128,445,870,824,749,267,779,34,76,876,473,971,241,305,953,842,568,674,72,71,113,740,380,673,126,31,939,796,699,33,835,187,80,71,71,69,67,75,77,67,79,70,61,67,74,67,74,78,51,73,72,51,57,62,57,64,62,59,65,74,72,67,72,59,65
[ 3698.462308] [AOA] Measurement: 0,1627155244.284119,08:55:31:9b:0a:1d,2,1,2,0,128,419,857,814,741,840,974,35,97,435,711,502,487,818,105,387,776,664,124,97,90,311,563,770,186,61,926,735,659,67,872,161,24,68,69,66,65,70,73,67,75,69,61,66,74,67,71,77,55,75,71,54,61,65,61,67,64,61,67,74,75,69,74,64,71
[ 3698.503146] [AOA] Measurement: 0,1627155244.324953,08:55:31:9b:0a:1d,2,1,2,0,128,399,883,845,784,839,963,637,298,449,701,493,438,861,131,348,796,270,351,706,375,317,612,268,348,1013,908,791,703,30,847,11,880,67,67,65,66,73,73,67,76,70,65,67,75,65,74,77,56,72,70,54,60,64,62,66,65,60,66,73,76,70,74,64,70
[ 3698.550533] [AOA] Measurement: 0,1627155244.372345,08:55:31:9b:0a:1d,2,1,2,0,128,867,657,261,543,307,802,77,115,398,668,516,476,858,118,813,559,666,103,67,83,743,339,704,90,498,727,264,517,535,699,222,97,69,68,66,66,70,75,67,77,69,64,67,76,66,73,77,54,73,72,55,61,64,61,67,65,61,67,74,75,70,75,63,68
[ 3698.588851] [AOA] Measurement: 0,1627155244.410662,08:55:31:9b:0a:1d,2,1,2,0,128,816,640,314,583,277,817,593,274,476,692,557,504,897,181,365,778,206,327,602,297,291,600,274,349,1009,916,800,704,51,864,18,910,69,70,66,66,71,74,67,76,68,62,65,75,65,73,76,54,73,70,54,60,64,62,66,63,61,66,75,76,70,75,63,70
[ 3698.634688] [AOA] Measurement: 0,1627155244.456500,08:55:31:9b:0a:1d,2,1,2,0,128,858,623,301,603,287,796,94,102,392,662,950,266,359,1022,845,577,707,117,30,67,733,344,772,138,508,744,201,511,23,809,722,613,69,69,65,65,71,74,67,76,69,63,65,74,66,73,76,55,73,69,54,61,65,62,67,65,60,68,74,74,69,74,64,70
[ 3698.673251] [AOA] Measurement: 0,1627155244.495064,08:55:31:9b:0a:1d,2,1,2,0,128,443,840,835,764,825,967,80,97,892,475,944,226,255,926,867,615,708,92,641,282,289,595,247,349,44,914,818,729,30,838,108,1021,69,68,67,66,71,73,66,77,67,62,67,77,65,75,76,57,74,70,56,61,65,62,67,65,62,67,73,75,70,75,64,72
[ 3698.717747] [AOA] Measurement: 0,1627155244.539560,08:55:31:9b:0a:1d,2,1,2,0,128,397,872,274,566,836,994,33,78,881,456,973,267,281,971,330,776,685,89,598,293,258,550,714,138,1019,884,810,730,57,826,473,349,68,68,65,65,72,76,66,77,69,63,67,76,67,73,76,56,72,72,56,62,66,62,67,64,61,67,75,75,67,74,63,70
[ 3698.756868] [AOA] Measurement: 0,1627155244.578683,08:55:31:9b:0a:1d,2,1,2,0,128,881,665,838,767,838,1019,563,242,406,677,527,465,889,173,332,758,270,348,665,326,288,582,245,347,982,846,800,723,66,885,125,960,70,70,68,67,74,76,67,78,69,62,66,76,67,74,78,54,74,71,53,59,63,60,65,64,60,67,76,77,70,75,62,71
[ 3698.795985] [AOA] Measurement: 0,1627155244.617799,08:55:31:9b:0a:1d,2,1,2,0,128,878,673,308,565,282,792,24,62,943,518,503,452,300,966,347,749,717,125,600,283,774,368,746,121,74,934,803,687,80,843,563,415,70,71,66,67,73,75,67,76,70,64,67,75,68,74,77,55,74,70,54,61,64,60,67,65,61,67,75,75,68,73,63,68
[ 3698.841220] [AOA] Measurement: 0,1627155244.663033,08:55:31:9b:0a:1d,2,1,2,0,128,849,633,347,611,271,805,1020,52,895,477,962,227,326,1009,790,589,647,70,115,94,280,534,712,122,511,723,225,521,41,864,162,23,69,68,66,65,71,74,66,75,70,63,67,75,67,74,77,55,74,71,55,60,65,62,68,64,60,66,76,75,70,74,62,69
[ 3698.885416] [AOA] Measurement: 0,1627155244.707229,08:55:31:9b:0a:1d,2,1,2,0,128,390,862,828,771,756,954,28,78,932,510,1,294,882,150,338,787,209,322,613,294,255,569,703,99,456,681,235,502,56,853,791,672,68,68,65,65,70,71,66,74,68,63,66,74,66,72,76,56,73,70,55,62,64,61,66,64,61,66,74,76,69,74,65,72
[ 3698.929659] [AOA] Measurement: 0,1627155244.751467,08:55:31:9b:0a:1d,2,1,2,0,128,388,843,866,803,814,994,609,281,374,638,1016,293,845,161,398,814,225,295,668,349,365,594,292,398,4,904,769,689,81,851,306,144,72,71,68,67,72,76,66,78,71,64,65,72,65,74,76,50,72,72,52,57,61,56,61,60,58,62,71,67,62,67,56,62
[ 3698.973243] [AOA] Measurement: 0,1627155244.795050,08:55:31:9b:0a:1d,2,1,2,0,128,391,865,811,751,255,803,52,84,879,482,472,458,856,179,380,791,171,286,597,279,750,389,274,322,990,864,786,693,20,801,460,403,71,71,68,67,73,75,65,79,70,60,66,73,66,74,77,50,72,71,49,56,63,56,64,61,59,66,74,72,67,72,58,66
[ 3699.023339] [AOA] Measurement: 0,1627155244.845147,08:55:31:9b:0a:1d,2,1,2,0,128,451,879,828,770,300,839,27,76,440,662,971,215,269,973,897,638,196,244,602,260,733,401,745,138,17,913,803,731,95,851,180,13,71,71,68,66,75,76,68,79,72,64,66,75,66,74,77,53,74,73,54,59,64,59,66,63,60,66,75,73,66,73,62,69
[ 3699.068993] [AOA] Measurement: 0,1627155244.890806,08:55:31:9b:0a:1d,2,1,2,0,128,414,869,808,779,816,971,569,245,456,698,504,480,891,148,355,779,205,314,641,298,272,544,199,293,1020,844,871,715,49,860,912,676,67,69,66,67,72,75,68,77,71,64,67,74,67,74,76,54,71,70,53,59,64,59,66,64,61,67,75,74,68,73,61,68
[ 3699.113573] [AOA] Measurement: 0,1627155244.935385,08:55:31:9b:0a:1d,2,1,2,0,128,424,895,749,753,820,996,598,255,441,673,518,462,834,125,446,846,252,321,641,342,257,610,272,337,10,900,848,749,102,913,229,907,70,70,66,66,73,76,65,77,70,58,66,72,65,72,78,45,69,68,47,53,59,52,59,57,55,63,71,67,59,66,53,59
[ 3699.165114] [AOA] Measurement: 0,1627155244.986925,08:55:31:9b:0a:1d,2,1,2,0,128,365,867,257,555,310,820,45,85,438,664,915,226,305,956,793,559,688,112,75,95,342,672,249,338,27,905,774,656,75,831,928,758,70,71,68,68,74,76,66,79,70,62,68,74,67,76,79,54,75,72,56,60,64,58,65,64,61,68,74,75,70,74,63,69
[ 3699.208551] [AOA] Measurement: 0,1627155245.030365,08:55:31:9b:0a:1d,2,1,2,0,128,407,831,815,761,817,990,589,294,360,695,484,469,331,1002,382,800,657,103,18,82,283,578,226,316,39,911,839,759,43,871,989,773,71,71,68,67,73,76,65,78,69,61,66,75,65,73,78,52,74,72,51,60,63,59,65,63,60,65,76,73,66,72,62,66
[ 3699.253021] [AOA] Measurement: 0,1627155245.074835,08:55:31:9b:0a:1d,2,1,2,0,128,419,874,852,788,801,971,565,257,446,693,513,477,910,157,375,801,209,307,651,305,324,570,253,312,422,678,873,739,519,649,355,194,68,70,66,65,72,75,65,76,70,63,65,73,66,74,79,55,76,72,55,61,64,60,66,65,62,67,75,74,71,77,63,69
[ 3699.297161] [AOA] Measurement: 0,1627155245.118973,08:55:31:9b:0a:1d,2,1,2,0,128,416,847,267,596,851,12,538,240,444,690,496,488,859,146,370,785,192,292,582,309,254,598,235,314,10,901,794,683,84,834,743,536,68,70,68,67,75,77,66,77,70,62,67,76,65,73,77,54,74,70,55,60,65,60,66,63,59,66,74,72,67,73,61,67
[ 3699.344590] [AOA] Measurement: 0,1627155245.166400,08:55:31:9b:0a:1d,2,1,2,0,128,412,880,846,809,838,1004,539,237,384,659,502,461,870,134,845,619,220,314,593,281,742,374,302,350,31,925,802,707,34,865,992,819,68,69,64,66,71,74,66,74,69,62,66,76,66,73,76,55,74,69,53,61,63,62,66,65,60,67,73,76,70,75,64,71
[ 3699.388699] [AOA] Measurement: 0,1627155245.210511,08:55:31:9b:0a:1d,2,1,2,0,128,911,671,218,533,341,815,37,84,896,469,527,482,873,154,300,712,689,145,654,297,310,578,264,334,1016,897,751,694,31,875,824,748,70,70,65,67,71,75,66,77,69,64,66,76,65,75,77,55,74,71,54,61,64,60,68,64,61,66,75,76,69,75,63,70
[ 3699.432923] [AOA] Measurement: 0,1627155245.254735,08:55:31:9b:0a:1d,2,1,2,0,128,421,911,806,778,838,1000,614,305,394,660,496,458,847,129,324,776,207,321,614,300,292,597,303,363,48,911,791,709,54,854,64,944,68,68,66,67,70,75,67,76,68,63,66,75,66,74,76,56,75,69,55,61,64,61,67,65,60,66,76,74,69,75,62,67
[ 3699.484080] [AOA] Measurement: 0,1627155245.305890,08:55:31:9b:0a:1d,2,1,2,0,128,365,843,229,541,318,818,54,92,448,698,462,441,316,994,384,790,245,344,626,310,273,562,716,149,990,870,851,710,86,871,759,635,66,69,65,65,70,72,65,74,67,64,66,74,66,74,78,58,75,72,55,61,64,62,67,65,62,68,75,75,69,75,65,69
[ 3699.537876] [AOA] Measurement: 0,1627155245.359689,08:55:31:9b:0a:1d,2,1,2,0,128,420,863,297,581,864,1016,608,274,429,697,507,481,870,121,319,745,716,107,625,332,227,570,686,76,527,705,814,721,596,670,4,955,70,70,67,66,72,75,67,76,68,62,65,76,67,73,77,53,72,70,55,61,65,60,67,65,62,66,74,75,70,75,63,70
[ 3699.576490] [AOA] Measurement: 0,1627155245.398302,08:55:31:9b:0a:1d,2,1,2,0,128,915,687,838,785,822,998,546,235,915,515,983,274,244,960,385,780,184,295,682,297,244,529,722,128,47,902,788,702,28,850,975,816,68,69,67,67,73,73,66,77,68,63,67,75,66,75,78,55,73,72,54,60,64,58,66,63,60,65,75,73,67,72,61,67
[ 3699.618399] [AOA] Measurement: 0,1627155245.440207,08:55:31:9b:0a:1d,2,1,2,0,128,348,866,272,572,262,792,71,107,902,484,485,438,851,164,360,795,697,105,91,139,284,555,768,160,439,690,850,720,32,825,645,506,70,70,67,66,73,77,67,78,70,62,65,76,67,73,78,52,74,73,53,59,64,59,66,63,60,67,74,75,69,75,63,70
[ 3699.663360] [AOA] Measurement: 0,1627155245.485170,08:55:31:9b:0a:1d,2,1,2,0,128,407,881,839,760,807,1,553,227,464,694,518,471,889,172,361,820,169,289,638,336,236,546,266,347,34,902,783,708,133,927,210,4,69,71,66,64,74,77,65,78,70,61,67,74,66,74,79,51,72,70,50,56,61,57,62,61,58,65,74,71,63,70,57,65
[ 3699.705538] [AOA] Measurement: 0,1627155245.527348,08:55:31:9b:0a:1d,2,1,2,0,128,904,674,861,789,862,1021,564,259,904,476,946,251,869,130,833,593,697,128,590,294,266,552,692,111,51,899,235,492,501,664,181,101,70,70,66,67,73,75,67,77,70,63,66,74,67,75,77,53,71,70,52,60,64,59,65,62,59,65,74,74,67,72,61,68
[ 3699.749599] [AOA] Measurement: 0,1627155245.571407,08:55:31:9b:0a:1d,2,1,2,0,128,420,876,831,749,833,982,39,83,445,678,498,425,858,135,369,823,231,335,675,367,293,588,212,320,1,907,799,700,550,658,147,3,69,69,67,67,72,74,66,77,69,64,65,74,66,72,77,54,73,70,54,62,64,60,67,65,61,66,74,76,69,74,63,72
[ 3699.792229] [AOA] Measurement: 0,1627155245.614037,08:55:31:9b:0a:1d,2,1,2,0,128,390,853,867,771,905,19,565,272,389,694,543,477,810,83,805,578,667,91,657,350,306,592,265,327,1011,881,813,723,15,841,985,826,68,69,64,66,70,74,66,78,68,62,64,75,65,73,77,55,71,70,54,62,64,60,66,64,60,66,74,75,68,74,63,69
[ 3699.842730] [AOA] Measurement: 0,1627155245.664538,08:55:31:9b:0a:1d,2,1,2,0,128,346,799,828,778,849,985,602,288,431,670,961,239,326,1017,329,741,710,135,72,100,799,434,268,335,996,832,832,716,113,886,55,804,67,68,64,67,73,74,67,77,68,63,66,76,67,75,76,57,74,71,55,62,65,63,66,66,61,66,75,76,69,75,63,71
[ 3699.897230] [AOA] Measurement: 0,1627155245.719042,08:55:31:9b:0a:1d,2,1,2,0,128,395,838,266,544,297,836,574,265,905,471,984,299,388,1001,355,784,736,127,61,85,278,585,226,295,53,933,785,650,481,611,663,705,64,68,62,64,69,72,64,74,69,63,64,74,66,72,77,56,72,69,56,61,64,62,67,64,62,65,73,76,70,76,67,73
[ 3699.940486] [AOA] Measurement: 0,1627155245.762294,08:55:31:9b:0a:1d,2,1,2,0,128,426,889,812,725,282,815,591,308,430,682,988,315,956,220,312,771,268,363,636,335,288,589,294,344,27,884,774,674,77,878,45,846,68,69,66,66,73,76,66,76,69,60,67,75,64,73,77,53,73,71,52,59,63,58,65,62,60,67,73,75,68,73,61,67
[ 3699.984245] [AOA] Measurement: 0,1627155245.806057,08:55:31:9b:0a:1d,2,1,2,0,128,400,881,837,771,250,778,613,271,411,688,502,454,836,128,322,754,244,317,662,294,262,567,270,316,15,933,816,731,27,840,759,605,71,70,67,67,75,76,66,77,69,60,65,74,64,72,79,50,73,70,49,56,62,57,64,61,58,64,73,72,65,69,58,64
[ 3700.027705] [AOA] Measurement: 0,1627155245.849519,08:55:31:9b:0a:1d,2,1,2,0,128,873,660,295,585,264,776,594,247,395,660,937,241,336,980,315,767,233,257,639,291,306,604,194,302,7,878,797,691,92,870,485,444,69,69,67,65,71,73,67,75,71,63,66,75,66,74,77,55,74,70,53,60,65,60,66,65,60,66,75,74,70,74,63,70
[ 3700.073722] [AOA] Measurement: 0,1627155245.895528,08:55:31:9b:0a:1d,2,1,2,0,128,372,852,838,776,780,969,22,60,425,712,509,445,839,102,393,795,201,289,621,297,325,610,257,334,1020,901,815,710,80,875,737,638,67,70,66,67,72,73,68,75,69,63,67,74,65,75,75,55,72,70,54,61,64,60,67,65,62,67,75,75,68,73,60,70
[ 3700.113822] [AOA] Measurement: 0,1627155245.935635,08:55:31:9b:0a:1d,2,1,2,0,128,420,878,830,787,833,1003,546,224,521,746,503,466,855,140,346,784,663,91,87,128,741,384,238,309,1021,892,790,711,34,829,225,71,72,71,69,67,74,76,67,77,69,59,66,73,66,73,78,51,73,72,50,57,60,56,64,61,59,65,76,74,67,73,61,66
[ 3700.160615] [AOA] Measurement: 0,1627155245.982425,08:55:31:9b:0a:1d,2,1,2,0,128,359,838,294,578,319,818,18,68,920,468,981,262,303,944,855,642,249,339,581,273,258,561,688,98,443,680,243,487,483,606,818,691,68,68,66,64,71,74,66,75,69,63,65,73,66,74,77,55,75,69,55,60,65,63,68,64,62,65,74,75,69,76,64,72
[ 3700.203343] [AOA] Measurement: 0,1627155246.025150,08:55:31:9b:0a:1d,2,1,2,0,128,404,877,794,756,308,825,572,261,421,681,504,483,337,974,362,809,261,354,645,312,254,593,306,405,1002,882,812,717,81,877,376,206,71,71,67,67,75,77,68,78,71,61,65,75,64,74,76,51,72,70,49,55,61,55,62,59,57,63,73,70,63,68,57,64
[ 3700.246369] [AOA] Measurement: 0,1627155246.068176,08:55:31:9b:0a:1d,2,1,2,0,128,435,857,824,766,864,5,603,289,371,632,997,314,901,171,341,776,678,109,649,310,300,566,187,283,39,929,216,503,107,865,371,227,70,69,68,66,74,78,66,78,70,62,66,73,65,74,79,52,72,71,52,59,63,61,65,64,60,65,76,75,67,72,61,68
[ 3700.289200] [AOA] Measurement: 0,1627155246.111007,08:55:31:9b:0a:1d,2,1,2,0,128,907,666,869,808,825,1001,603,262,407,653,974,228,314,969,399,835,203,327,591,266,293,571,256,341,1013,904,819,674,522,662,956,842,69,71,66,66,73,75,67,76,69,61,67,76,66,74,77,54,72,72,54,61,66,60,66,64,60,67,75,75,68,74,63,70
[ 3700.328093] [AOA] Measurement: 0,1627155246.149907,08:55:31:9b:0a:1d,2,1,2,0,128,366,823,279,546,323,853,27,67,828,466,970,265,252,929,845,603,656,100,68,104,303,615,268,352,1020,923,788,687,98,851,634,454,69,69,67,67,73,76,65,80,71,61,67,75,65,75,78,52,74,70,53,59,63,60,64,64,60,66,75,75,67,73,61,67
[ 3700.366343] [AOA] Measurement: 0,1627155246.188156,08:55:31:9b:0a:1d,2,1,2,0,128,388,850,899,824,863,1010,600,267,445,701,578,514,839,164,379,829,190,293,584,288,269,565,245,291,4,889,851,735,519,666,346,174,71,70,66,66,74,75,67,76,69,62,67,75,66,75,78,54,74,70,53,60,63,60,65,63,60,67,74,73,68,73,63,70
[ 3700.410310] [AOA] Measurement: 0,1627155246.232122,08:55:31:9b:0a:1d,2,1,2,0,128,425,888,244,567,311,823,47,82,397,667,513,503,858,172,319,767,679,103,614,294,267,584,224,313,8,899,879,739,1007,797,349,239,70,69,67,68,74,76,66,78,70,64,68,75,68,73,76,55,73,73,53,61,65,60,66,64,59,66,74,75,67,73,62,68
[ 3700.454430] [AOA] Measurement: 0,1627155246.276241,08:55:31:9b:0a:1d,2,1,2,0,128,849,675,253,548,283,816,990,59,886,490,941,193,315,987,819,554,676,96,28,64,789,404,692,121,451,670,201,484,561,662,256,212,67,69,67,67,73,76,68,76,70,62,67,75,65,74,77,55,73,72,55,59,64,59,67,64,61,67,75,74,67,73,61,69
[ 3700.498275] [AOA] Measurement: 0,1627155246.320082,08:55:31:9b:0a:1d,2,1,2,0,128,387,879,848,790,839,988,553,267,396,617,1013,274,892,153,335,748,250,306,638,318,718,389,289,358,1014,878,238,527,552,656,857,688,70,68,67,67,72,76,66,76,69,61,66,76,65,74,76,52,73,70,52,58,64,57,63,62,59,66,74,72,65,72,60,66
[ 3700.542080] [AOA] Measurement: 0,1627155246.363887,08:55:31:9b:0a:1d,2,1,2,0,128,880,660,875,784,289,808,624,279,442,682,469,469,842,184,380,775,241,316,586,296,321,576,265,347,990,877,766,654,31,806,732,600,70,69,66,66,73,74,67,76,70,62,67,73,66,73,77,53,73,70,53,59,63,59,63,61,60,65,74,72,67,71,60,66
[ 3700.589446] [AOA] Measurement: 0,1627155246.411259,08:55:31:9b:0a:1d,2,1,2,0,128,442,867,797,785,842,1017,34,93,863,470,455,448,903,194,302,753,700,124,52,71,794,369,704,107,502,703,231,481,570,678,267,210,67,68,64,65,70,74,66,76,69,64,66,76,66,74,78,54,73,69,54,59,64,60,66,63,61,68,75,75,67,75,62,67
[ 3700.627460] [AOA] Measurement: 0,1627155246.449272,08:55:31:9b:0a:1d,2,1,2,0,128,465,935,829,741,835,1014,565,239,483,708,537,456,863,120,392,826,233,313,609,306,306,621,243,321,8,900,798,718,73,882,912,736,67,68,66,64,70,72,67,76,67,63,64,73,64,73,74,57,73,69,55,60,65,61,66,65,61,66,73,77,71,75,66,72
[ 3700.672049] [AOA] Measurement: 0,1627155246.493862,08:55:31:9b:0a:1d,2,1,2,0,128,387,890,808,757,885,1007,578,298,434,688,980,282,838,123,332,764,181,286,641,331,298,609,198,311,1016,883,836,707,88,868,506,307,69,69,65,66,72,73,66,75,68,64,65,76,67,73,78,57,74,70,55,61,64,61,67,63,62,66,74,76,69,76,64,71
[ 3700.716043] [AOA] Measurement: 0,1627155246.537856,08:55:31:9b:0a:1d,2,1,2,0,128,389,858,843,796,863,998,608,258,414,663,919,240,912,166,359,779,262,320,673,355,332,638,220,297,45,953,775,694,53,813,816,645,68,68,66,66,73,76,66,78,71,64,67,73,66,74,77,55,73,71,53,60,64,59,65,64,59,66,74,74,69,75,63,69
[ 3700.759290] [AOA] Measurement: 0,1627155246.581104,08:55:31:9b:0a:1d,2,1,2,0,128,398,871,785,732,269,837,1011,29,847,444,977,243,314,978,778,563,259,367,597,293,313,573,227,340,499,736,821,727,53,845,990,864,71,72,69,67,76,77,67,78,71,59,66,72,66,74,76,49,72,70,50,57,60,56,62,61,57,64,74,71,62,69,58,63
[ 3700.797497] [AOA] Measurement: 0,1627155246.619311,08:55:31:9b:0a:1d,2,1,2,0,128,872,657,255,581,289,811,42,107,364,637,991,276,861,138,316,748,680,119,70,98,740,382,739,139,26,879,757,671,518,648,1022,924,72,71,66,67,73,77,68,78,70,62,67,74,67,74,78,53,73,71,54,59,64,58,64,63,60,65,74,72,67,71,62,66
[ 3700.843593] [AOA] Measurement: 0,1627155246.665401,08:55:31:9b:0a:1d,2,1,2,0,128,404,829,866,793,871,1014,651,337,459,706,487,469,912,185,304,770,223,325,627,312,311,605,272,319,1008,898,804,702,41,836,537,349,70,70,67,66,74,75,67,78,71,61,66,75,66,75,79,52,71,70,52,58,63,57,64,62,60,65,75,73,66,71,60,67
[ 3700.889862] [AOA] Measurement: 0,1627155246.711674,08:55:31:9b:0a:1d,2,1,2,0,128,923,671,241,549,285,815,595,267,409,668,964,262,297,974,352,761,234,311,659,317,281,567,246,336,15,872,834,726,51,830,498,347,70,72,67,67,74,76,68,78,72,62,67,74,65,74,78,53,73,71,55,57,64,58,65,62,59,65,74,72,67,72,59,66
[ 3700.934093] [AOA] Measurement: 0,1627155246.755907,08:55:31:9b:0a:1d,2,1,2,0,128,367,870,822,769,784,992,76,110,427,686,548,460,888,161,381,825,687,130,632,284,755,403,703,83,70,928,811,692,74,876,699,540,72,71,69,67,76,77,65,78,71,60,64,71,64,72,78,48,71,70,48,53,60,54,61,59,57,62,73,68,61,68,55,63
[ 3700.976534] [AOA] Measurement: 0,1627155246.798342,08:55:31:9b:0a:1d,2,1,2,0,128,412,870,307,593,909,22,554,229,441,739,433,405,861,158,842,628,215,287,620,308,322,618,244,363,13,890,821,711,98,920,855,647,67,69,65,66,72,73,66,76,69,62,66,74,65,73,76,53,73,70,54,61,63,57,66,63,61,66,73,75,68,73,63,67
[ 3701.020075] [AOA] Measurement: 0,1627155246.841884,08:55:31:9b:0a:1d,2,1,2,0,128,396,858,236,592,275,805,615,281,410,674,527,521,877,148,424,828,215,310,606,294,290,596,220,299,46,918,228,481,570,705,867,720,66,68,63,65,69,71,65,73,66,62,64,72,65,70,72,56,72,66,54,61,62,60,65,64,59,66,73,76,70,75,63,72
[ 3701.063156] [AOA] Measurement: 0,1627155246.884965,08:55:31:9b:0a:1d,2,1,2,0,128,448,892,819,755,312,824,71,98,453,681,544,496,860,158,318,772,213,297,590,296,290,576,733,127,67,922,799,714,82,837,434,319,70,70,67,65,73,75,67,78,71,63,68,74,66,74,77,54,74,72,55,60,65,61,67,65,61,66,74,74,67,74,63,68
[ 3701.113597] [AOA] Measurement: 0,1627155246.935405,08:55:31:9b:0a:1d,2,1,2,0,128,414,857,828,782,885,2,610,271,438,663,993,289,283,953,928,625,203,302,628,319,308,608,264,333,12,885,826,710,503,641,578,488,70,69,65,69,71,75,66,78,70,63,67,75,67,76,78,54,72,70,53,59,64,60,66,63,60,64,75,76,68,72,63,68
[ 3701.163548] [AOA] Measurement: 0,1627155246.985356,08:55:31:9b:0a:1d,2,1,2,0,128,444,892,818,783,799,973,616,301,384,670,490,449,836,133,384,797,182,293,652,330,221,552,268,380,1017,902,851,724,36,856,115,982,66,69,65,66,72,73,68,75,69,63,66,75,65,73,76,57,73,69,54,60,64,62,67,65,62,66,75,76,68,75,65,71
[ 3701.206526] [AOA] Measurement: 0,1627155247.028334,08:55:31:9b:0a:1d,2,1,2,0,128,396,821,831,774,838,1005,546,234,421,677,504,451,895,171,348,782,167,277,652,321,311,624,227,301,60,931,780,684,94,890,623,442,68,69,66,65,70,76,66,76,69,65,67,76,67,74,76,56,75,72,54,61,66,62,67,64,62,67,74,74,70,74,63,72
[ 3701.251184] [AOA] Measurement: 0,1627155247.072994,08:55:31:9b:0a:1d,2,1,2,0,128,395,847,745,744,824,1011,597,261,448,674,998,289,940,214,278,748,721,105,66,72,767,418,670,125,44,931,805,680,509,613,31,913,70,70,66,66,73,76,67,76,71,60,66,74,65,75,79,50,72,71,50,58,63,57,66,62,59,66,75,74,66,73,59,66
[ 3701.296493] [AOA] Measurement: 0,1627155247.118308,08:55:31:9b:0a:1d,2,1,2,0,128,874,685,838,779,856,1020,540,289,397,649,928,268,295,977,809,569,683,105,23,58,796,368,689,87,507,710,289,534,62,843,73,23,72,70,67,67,73,76,66,77,72,62,66,75,67,74,78,53,73,70,53,60,63,57,66,63,61,66,76,72,65,71,60,65
[ 3701.339519] [AOA] Measurement: 0,1627155247.161333,08:55:31:9b:0a:1d,2,1,2,0,128,402,858,772,745,305,818,27,91,403,690,507,498,896,184,300,727,210,299,624,321,242,568,244,311,21,889,842,737,30,814,906,798,71,71,69,67,75,76,65,78,71,60,64,73,64,73,76,47,70,69,48,52,59,54,60,59,55,63,72,66,61,64,55,58
[ 3701.377703] [AOA] Measurement: 0,1627155247.199511,08:55:31:9b:0a:1d,2,1,2,0,128,334,822,800,757,861,999,556,232,884,496,983,282,308,1012,325,753,234,294,645,301,306,610,245,303,76,944,748,660,1022,825,554,360,70,69,67,66,72,73,68,78,70,62,67,76,67,74,77,55,73,70,54,58,65,61,67,64,61,66,75,73,68,71,62,65
[ 3701.422095] [AOA] Measurement: 0,1627155247.243903,08:55:31:9b:0a:1d,2,1,2,0,128,869,665,268,559,291,822,571,236,852,455,1002,281,319,1009,804,608,619,72,89,86,236,549,732,115,458,695,219,487,514,663,76,69,68,67,66,65,71,73,65,75,70,61,66,73,66,74,77,54,73,71,54,60,65,61,64,63,60,65,74,74,67,75,64,70
[ 3701.469382] [AOA] Measurement: 0,1627155247.291197,08:55:31:9b:0a:1d,2,1,2,0,128,419,883,847,816,819,1003,591,278,415,677,507,480,285,965,862,620,209,298,589,303,309,583,273,354,37,900,812,745,40,861,11,826,68,70,67,66,72,75,67,75,70,63,67,74,66,73,77,53,73,70,53,59,63,59,64,62,61,67,74,72,66,71,60,66
[ 3701.510546] [AOA] Measurement: 0,1627155247.332354,08:55:31:9b:0a:1d,2,1,2,0,128,447,902,827,762,831,986,611,284,417,651,507,499,852,131,362,813,196,302,601,298,330,637,221,315,33,917,758,688,51,863,120,1016,71,70,68,66,74,76,67,78,70,61,65,75,65,72,78,52,72,70,51,58,62,57,66,63,59,65,75,73,66,72,59,66
[ 3701.560784] [AOA] Measurement: 0,1627155247.382599,08:55:31:9b:0a:1d,2,1,2,0,128,374,867,837,758,826,1017,10,35,396,647,3,291,873,150,321,748,744,161,598,305,252,605,707,109,996,870,806,691,70,842,591,436,66,67,65,65,72,76,67,76,70,62,68,75,66,73,77,52,72,70,52,59,65,59,66,63,60,66,74,74,68,73,61,65
[ 3701.603806] [AOA] Measurement: 0,1627155247.425614,08:55:31:9b:0a:1d,2,1,2,0,128,393,886,869,794,826,1000,565,278,434,684,588,509,884,176,338,770,212,301,635,314,323,631,248,314,1012,896,770,704,22,835,958,763,71,69,69,68,75,77,67,78,70,59,64,74,66,74,77,50,72,71,51,57,61,57,63,61,59,63,75,71,64,71,58,64
[ 3701.654372] [AOA] Measurement: 0,1627155247.476180,08:55:31:9b:0a:1d,2,1,2,0,128,412,870,830,785,815,1016,606,257,426,666,488,433,898,142,324,778,196,288,663,342,308,603,271,325,57,891,798,725,50,837,332,123,89,89,86,85,94,97,85,99,89,79,85,95,83,93,100,67,93,90,66,73,81,77,84,78,77,83,96,96,87,95,78,88
[ 3701.706120] [AOA] Measurement: 0,1627155247.527928,08:55:31:9b:0a:1d,2,1,2,0,128,368,846,826,762,803,991,14,74,424,659,976,277,323,997,369,801,223,308,586,265,291,580,243,327,3,909,766,684,22,845,51,905,69,70,65,68,73,76,67,78,69,62,66,75,68,73,79,53,73,71,52,59,63,59,66,63,61,66,74,74,67,73,61,67
[ 3701.749275] [AOA] Measurement: 0,1627155247.571084,08:55:31:9b:0a:1d,2,1,2,0,128,427,864,837,803,838,1017,573,288,376,666,577,497,832,129,349,768,181,296,575,294,754,422,240,331,1016,905,844,693,99,885,700,486,68,68,65,65,71,73,66,75,69,62,64,75,65,72,77,54,72,71,54,61,65,60,68,64,62,67,75,76,69,74,63,70
[ 3701.792970] [AOA] Measurement: 0,1627155247.614777,08:55:31:9b:0a:1d,2,1,2,0,128,381,835,300,587,824,981,588,249,464,690,529,477,841,141,387,801,160,308,611,296,345,633,190,325,43,905,766,676,64,848,786,589,71,72,67,66,74,76,68,78,71,63,66,75,67,73,77,52,73,70,53,59,63,59,64,62,60,67,76,72,66,73,61,67
[ 3701.843054] [AOA] Measurement: 0,1627155247.664863,08:55:31:9b:0a:1d,2,1,2,0,128,411,846,222,544,859,1,53,81,898,489,963,255,868,138,401,842,224,325,618,307,279,570,213,302,18,879,770,675,100,841,235,106,71,71,68,67,74,75,66,77,70,62,66,74,67,74,78,52,74,71,53,59,64,60,64,63,62,66,76,73,67,71,62,67
[ 3701.888573] [AOA] Measurement: 0,1627155247.710386,08:55:31:9b:0a:1d,2,1,2,0,128,331,824,244,550,285,826,11,76,895,512,494,466,820,135,865,613,199,277,44,58,792,378,726,103,473,688,264,524,69,855,680,574,71,69,67,66,72,73,66,77,70,61,67,74,65,73,78,51,72,70,52,58,60,58,64,61,58,64,74,73,66,72,60,66
[ 3701.938859] [AOA] Measurement: 0,1627155247.760671,08:55:31:9b:0a:1d,2,1,2,0,128,423,876,780,759,289,816,43,63,879,512,19,325,839,109,838,586,734,118,28,92,745,373,733,131,493,736,803,699,92,877,195,48,70,71,66,65,72,74,66,76,69,63,65,76,65,72,76,54,73,70,55,60,65,61,67,65,62,67,74,76,71,75,63,71
[ 3701.981674] [AOA] Measurement: 0,1627155247.803488,08:55:31:9b:0a:1d,2,1,2,0,128,874,680,297,596,865,1000,578,238,427,664,486,463,899,169,325,749,211,307,70,90,739,359,684,76,482,699,228,506,61,870,896,823,69,72,68,68,75,77,69,78,71,64,66,75,67,76,78,54,72,71,53,60,64,60,66,64,60,66,74,74,68,72,62,67
[ 3702.020769] [AOA] Measurement: 0,1627155247.842577,08:55:31:9b:0a:1d,2,1,2,0,128,405,833,832,744,824,1007,597,278,393,649,984,294,306,976,856,607,701,105,645,307,327,563,289,317,0,878,817,682,67,867,946,800,70,70,67,66,71,73,66,77,70,62,66,75,65,73,78,54,72,70,54,60,63,59,67,63,61,67,74,74,68,74,62,67
[ 3702.068095] [AOA] Measurement: 0,1627155247.889908,08:55:31:9b:0a:1d,2,1,2,0,128,392,837,835,782,285,789,18,59,907,479,3,293,305,992,389,791,238,291,649,292,275,549,231,306,1023,893,801,706,24,816,81,898,69,70,65,64,73,74,67,75,68,62,65,75,66,72,77,55,74,70,54,61,63,60,66,64,61,66,73,76,69,74,63,70
[ 3702.115737] [AOA] Measurement: 0,1627155247.937545,08:55:31:9b:0a:1d,2,1,2,0,128,413,865,820,743,793,986,579,255,429,703,992,271,324,982,818,570,284,335,611,304,350,627,235,310,997,884,792,683,41,845,723,509,70,71,68,66,73,77,67,78,71,62,67,74,64,74,77,50,73,72,51,56,62,55,63,61,58,65,74,72,65,71,58,65
[ 3702.160944] [AOA] Measurement: 0,1627155247.982756,08:55:31:9b:0a:1d,2,1,2,0,128,479,922,819,770,872,16,596,269,397,646,525,458,875,137,411,810,284,383,645,336,275,572,229,298,16,914,829,729,97,896,233,958,67,70,65,67,73,74,68,76,69,64,68,76,67,74,75,56,74,69,55,60,65,61,68,65,61,67,74,77,69,75,64,70
[ 3702.205053] [AOA] Measurement: 0,1627155248.026865,08:55:31:9b:0a:1d,2,1,2,0,128,409,881,807,720,854,15,547,210,445,691,961,300,869,142,348,774,229,293,640,335,311,602,249,334,28,914,761,692,30,830,563,386,72,70,68,67,75,77,66,79,71,60,67,75,66,74,79,50,73,72,50,56,61,58,64,62,57,65,75,72,65,71,59,66
[ 3702.248768] [AOA] Measurement: 0,1627155248.070577,08:55:31:9b:0a:1d,2,1,2,0,128,375,825,891,854,805,961,571,278,482,736,509,450,894,195,362,787,243,332,594,300,303,558,289,319,1006,907,802,748,21,829,105,930,69,70,63,64,70,72,66,76,71,63,66,75,65,74,77,55,73,70,54,61,65,61,66,64,61,68,75,76,70,74,64,71
[ 3702.291974] [AOA] Measurement: 0,1627155248.113782,08:55:31:9b:0a:1d,2,1,2,0,128,884,682,267,540,309,837,22,74,428,650,18,321,885,132,383,805,226,314,667,300,216,543,729,121,492,700,307,530,528,638,161,23,72,72,67,65,74,75,67,79,71,61,66,75,65,74,77,49,71,70,48,55,61,56,62,61,56,64,74,70,62,68,56,62
[ 3702.340595] [AOA] Measurement: 0,1627155248.162407,08:55:31:9b:0a:1d,2,1,2,0,128,418,857,839,773,864,1006,565,229,452,671,507,463,844,141,363,815,166,275,595,292,238,539,764,190,1017,891,849,771,36,873,678,538,70,70,67,66,74,76,68,78,70,64,65,76,66,75,76,55,74,72,54,62,65,60,66,65,61,66,76,76,69,75,64,70
[ 3702.379429] [AOA] Measurement: 0,1627155248.201242,08:55:31:9b:0a:1d,2,1,2,0,128,392,833,837,785,856,26,548,242,408,678,518,460,917,201,338,762,211,292,69,100,293,584,724,134,15,913,202,485,81,844,159,18,68,69,67,66,70,73,67,76,69,63,66,75,64,73,75,55,74,71,55,62,64,62,66,65,62,67,74,76,70,76,64,71
[ 3702.423946] [AOA] Measurement: 0,1627155248.245753,08:55:31:9b:0a:1d,2,1,2,0,128,469,896,810,734,838,988,602,273,458,702,501,473,837,121,392,807,183,306,658,333,242,525,748,177,36,934,816,747,74,836,436,218,66,66,63,64,69,72,64,74,67,62,65,75,66,71,75,57,71,68,54,61,64,62,67,64,59,65,73,75,69,74,64,72
[ 3702.474419] [AOA] Measurement: 0,1627155248.296226,08:55:31:9b:0a:1d,2,1,2,0,128,380,824,247,509,289,813,30,64,932,492,963,291,351,999,372,791,153,291,52,80,741,358,753,184,470,677,273,508,53,866,583,437,71,70,66,68,72,76,66,77,71,60,66,72,66,72,77,52,73,72,51,56,61,57,62,60,59,64,73,71,65,70,57,64
[ 3702.518678] [AOA] Measurement: 0,1627155248.340490,08:55:31:9b:0a:1d,2,1,2,0,128,317,800,903,824,786,991,581,277,844,474,968,233,358,1011,804,579,675,115,551,242,792,420,639,92,474,711,880,770,49,827,580,427,68,70,66,67,72,73,67,76,70,61,66,75,66,73,76,55,73,70,54,60,64,60,65,64,60,65,74,77,70,75,62,69
[ 3702.562836] [AOA] Measurement: 0,1627155248.384651,08:55:31:9b:0a:1d,2,1,2,0,128,405,842,829,763,873,1001,617,281,412,678,446,417,323,973,357,770,669,106,38,86,772,369,711,120,1012,898,798,685,522,643,387,294,71,71,68,67,75,76,66,79,72,61,66,75,65,74,79,50,72,71,48,56,61,57,62,60,57,64,73,70,64,68,56,61
[ 3702.613550] [AOA] Measurement: 0,1627155248.435359,08:55:31:9b:0a:1d,2,1,2,0,128,404,872,858,769,890,1,546,236,415,656,1018,284,262,964,333,756,216,319,625,306,310,596,246,338,6,901,777,663,88,814,951,770,70,71,67,66,74,78,65,77,70,58,65,73,64,74,77,48,70,69,49,55,60,54,60,59,56,62,71,68,62,67,56,62
[ 3702.663842] [AOA] Measurement: 0,1627155248.485649,08:55:31:9b:0a:1d,2,1,2,0,128,395,852,304,595,832,991,51,86,884,473,955,242,303,971,367,788,678,129,83,126,746,395,260,340,472,717,259,522,500,625,381,299,67,68,66,65,72,74,66,76,70,62,66,74,65,72,75,55,71,69,54,59,64,62,66,63,61,67,75,76,70,76,63,70
[ 3702.708286] [AOA] Measurement: 0,1627155248.530099,08:55:31:9b:0a:1d,2,1,2,0,128,398,854,857,785,819,960,93,116,917,487,989,287,337,1012,360,776,664,131,639,305,319,593,713,104,1012,880,800,680,106,856,503,361,67,69,64,67,70,72,65,74,70,63,66,74,67,74,76,56,73,70,54,59,65,60,66,64,61,67,74,74,69,73,61,69
[ 3702.753059] [AOA] Measurement: 0,1627155248.574871,08:55:31:9b:0a:1d,2,1,2,0,128,407,866,809,747,819,976,42,73,419,657,516,464,861,185,310,741,675,144,61,110,274,564,747,124,24,897,819,710,113,897,306,15,70,70,69,67,74,76,67,78,71,61,67,75,67,75,77,52,73,73,52,57,62,58,64,63,59,65,75,72,65,70,60,65
[ 3702.796388] [AOA] Measurement: 0,1627155248.618202,08:55:31:9b:0a:1d,2,1,2,0,128,402,852,847,777,812,1007,599,279,454,702,494,468,908,187,308,757,141,255,55,71,809,420,733,138,509,700,782,694,35,846,659,525,72,71,67,67,75,76,68,77,70,61,66,75,66,75,78,52,72,69,50,57,63,59,66,64,59,66,75,75,68,73,62,69
[ 3702.839635] [AOA] Measurement: 0,1627155248.661447,08:55:31:9b:0a:1d,2,1,2,0,128,853,632,287,577,288,821,13,41,395,677,492,442,294,1015,337,719,725,100,40,54,732,366,747,138,478,711,260,506,553,695,390,196,69,69,67,68,72,76,67,77,71,62,68,75,66,74,77,55,73,71,53,60,64,61,66,64,60,66,74,74,67,72,63,67
[ 3702.878125] [AOA] Measurement: 0,1627155248.699937,08:55:31:9b:0a:1d,2,1,2,0,128,395,828,259,564,846,997,559,283,413,722,547,506,857,136,354,789,189,319,635,337,269,558,212,274,50,923,864,758,102,889,397,228,71,69,67,65,75,75,67,78,69,60,64,72,66,74,77,50,74,70,50,58,62,58,65,61,60,65,75,73,66,72,60,66
[ 3702.921414] [AOA] Measurement: 0,1627155248.743228,08:55:31:9b:0a:1d,2,1,2,0,128,885,673,271,572,297,809,61,92,433,706,466,436,895,171,340,775,213,309,698,341,296,573,223,307,55,913,772,723,80,844,580,377,69,70,67,67,75,75,67,77,70,63,65,75,65,74,78,53,73,70,54,60,64,60,67,64,60,66,74,74,68,73,62,68
[ 3702.959985] [AOA] Measurement: 0,1627155248.781792,08:55:31:9b:0a:1d,2,1,2,0,128,896,655,256,571,818,990,562,217,438,686,1011,292,888,176,802,537,734,150,98,150,766,377,729,121,481,712,811,702,532,672,352,352,70,71,70,68,75,75,68,78,72,62,67,74,67,75,79,53,74,73,53,59,64,60,66,64,60,68,75,72,67,72,61,67
[ 3703.004059] [AOA] Measurement: 0,1627155248.825867,08:55:31:9b:0a:1d,2,1,2,0,128,458,913,854,776,828,993,601,262,361,627,13,303,855,133,394,780,635,93,622,283,335,606,273,346,954,852,866,746,45,858,136,959,70,69,66,66,75,77,67,77,70,62,64,74,65,73,74,54,74,70,53,59,63,59,63,64,58,66,74,71,66,70,61,66
[ 3703.056331] [AOA] Measurement: 0,1627155248.878141,08:55:31:9b:0a:1d,2,1,2,0,128,427,873,837,785,883,6,576,266,435,727,493,466,876,171,314,771,664,125,577,249,290,598,232,306,1011,893,822,716,134,921,6,808,68,69,65,65,72,74,66,77,70,64,66,74,66,72,77,55,75,70,53,60,65,60,67,65,62,66,74,75,69,75,63,71
