
[ 8092.325889] [AOA] Measurement: 0,1627135709.702769,08:55:31:9b:05:29,2,1,2,0,128,576,100,168,641,392,794,933,969,898,402,910,233,723,737,703,474,458,521,459,823,158,578,879,311,599,634,323,505,377,127,445,900,135,109,98,92,91,65,87,131,19,101,66,99,25,48,29,53,56,124,96,55,14,16,80,55,72,47,50,29,19,19,46,83
[ 8092.367201] [AOA] Measurement: 0,1627135709.744083,08:55:31:9b:05:29,2,1,2,0,128,95,333,205,703,960,1008,519,171,536,738,490,470,726,773,596,422,494,526,1003,977,128,566,977,370,156,813,342,521,328,93,270,822,141,116,106,97,99,80,100,131,15,105,69,119,29,50,32,51,49,124,93,52,14,9,81,49,69,42,44,40,32,22,34,70
[ 8092.412378] [AOA] Measurement: 0,1627135709.789254,08:55:31:9b:05:29,2,1,2,0,128,566,138,171,620,486,837,512,158,574,745,534,500,259,927,223,706,1014,752,422,812,662,394,383,136,645,625,951,771,922,360,657,937,126,102,90,83,88,69,87,117,10,89,58,105,27,43,28,43,41,106,81,44,14,7,71,43,59,34,37,35,28,19,26,58
[ 8092.464917] [AOA] Measurement: 0,1627135709.841794,08:55:31:9b:05:29,2,1,2,0,128,70,312,240,675,415,798,918,933,881,366,1019,254,684,688,679,461,505,559,425,777,171,622,925,393,93,783,347,506,397,138,154,581,133,108,96,88,89,71,91,127,12,93,62,106,27,46,28,49,46,113,89,47,14,10,76,48,65,40,43,33,26,20,33,69
[ 8092.506555] [AOA] Measurement: 0,1627135709.883437,08:55:31:9b:05:29,2,1,2,0,128,611,182,177,645,987,989,506,168,509,699,489,464,740,741,709,490,408,491,432,783,232,636,848,311,624,601,354,508,355,120,470,861,128,107,94,88,91,70,88,124,13,95,62,103,28,46,29,50,49,116,89,49,14,11,74,48,65,40,43,34,27,19,32,65
[ 8092.555665] [AOA] Measurement: 0,1627135709.932541,08:55:31:9b:05:29,2,1,2,0,128,89,335,191,671,948,1003,502,140,517,671,995,276,265,955,255,736,28,758,972,1020,132,588,320,131,144,823,950,746,802,280,503,957,128,104,93,85,87,71,89,119,12,86,57,107,26,43,27,46,43,110,85,47,13,7,71,44,58,35,37,34,29,19,29,60
[ 8092.596797] [AOA] Measurement: 0,1627135709.973676,08:55:31:9b:05:29,2,1,2,0,128,60,300,626,415,43,10,561,164,469,650,938,277,720,761,779,540,1008,745,32,1014,143,584,883,358,189,854,902,718,308,75,348,831,122,100,89,82,84,69,86,113,11,85,55,106,27,41,28,43,38,100,75,43,14,6,70,40,57,35,35,36,30,18,26,57
[ 8092.640116] [AOA] Measurement: 0,1627135710.016998,08:55:31:9b:05:29,2,1,2,0,128,525,123,543,373,359,756,984,936,928,429,944,248,712,735,727,507,11,744,940,964,161,581,320,130,636,639,390,575,318,83,989,399,134,107,96,92,92,70,88,130,17,100,65,103,27,48,29,51,50,122,91,52,15,13,79,52,68,43,44,32,24,20,37,73
[ 8092.680380] [AOA] Measurement: 0,1627135710.057261,08:55:31:9b:05:29,2,1,2,0,128,526,137,649,435,406,746,929,937,989,452,47,324,298,970,642,465,497,581,944,994,174,597,930,398,167,792,945,771,930,351,644,38,129,107,98,92,93,69,90,131,17,98,66,101,28,48,28,55,55,125,94,53,14,15,79,55,72,47,49,31,20,21,42,80
[ 8092.719447] [AOA] Measurement: 0,1627135710.096329,08:55:31:9b:05:29,2,1,2,0,128,542,116,206,649,481,811,959,992,515,685,477,427,245,898,675,434,410,480,401,762,591,370,360,131,602,607,338,526,403,148,512,904,128,106,94,86,88,70,88,124,14,92,61,106,26,45,29,48,47,114,86,49,14,11,76,48,65,38,42,34,26,17,32,66
[ 8092.760458] [AOA] Measurement: 0,1627135710.137334,08:55:31:9b:05:29,2,1,2,0,128,549,97,657,449,428,810,942,982,976,490,616,582,252,943,167,659,405,510,979,983,602,368,345,150,144,817,941,789,876,295,336,792,127,106,97,91,90,68,89,128,16,97,63,104,26,47,28,51,50,121,90,50,14,12,78,50,69,41,45,33,24,18,36,72
[ 8092.807031] [AOA] Measurement: 0,1627135710.183914,08:55:31:9b:05:29,2,1,2,0,128,114,339,182,637,970,963,968,965,1012,466,3,314,736,757,656,463,431,523,410,811,631,438,962,392,164,802,933,765,853,334,173,405,135,108,98,92,91,65,86,129,21,101,68,96,27,50,29,56,56,125,94,53,13,18,79,57,74,49,51,28,17,20,49,83
[ 8092.846283] [AOA] Measurement: 0,1627135710.223165,08:55:31:9b:05:29,2,1,2,0,128,136,380,220,684,967,987,503,145,524,662,523,488,223,894,238,700,19,733,8,9,134,599,966,396,113,813,891,750,798,289,455,792,127,107,96,88,92,72,91,125,15,95,62,106,27,44,28,49,46,114,88,48,14,8,74,48,65,39,41,34,26,19,31,63
[ 8092.891049] [AOA] Measurement: 0,1627135710.267931,08:55:31:9b:05:29,2,1,2,0,128,546,115,196,657,452,853,486,142,589,702,600,556,280,971,152,645,1022,753,990,22,244,639,880,356,99,780,333,513,299,121,472,843,132,106,97,91,93,72,90,130,16,100,65,106,27,47,29,52,53,123,94,51,14,13,78,52,70,43,46,31,21,21,40,79
[ 8092.931031] [AOA] Measurement: 0,1627135710.307907,08:55:31:9b:05:29,2,1,2,0,128,559,150,657,463,433,815,947,950,986,501,531,536,277,955,175,669,409,501,331,702,590,339,352,140,648,611,914,721,884,274,69,413,134,108,95,90,91,70,91,126,16,100,63,106,27,46,28,50,50,118,91,50,13,13,79,53,70,45,47,33,23,20,40,78
[ 8092.982634] [AOA] Measurement: 0,1627135710.359510,08:55:31:9b:05:29,2,1,2,0,128,562,123,607,401,424,834,931,927,1017,520,980,281,695,681,689,448,492,594,421,775,560,313,375,172,615,605,395,519,332,43,578,15,149,121,108,100,99,75,98,129,20,112,74,115,29,54,33,60,57,138,105,57,14,16,87,60,79,50,54,37,25,23,44,85
[ 8093.026655] [AOA] Measurement: 0,1627135710.403530,08:55:31:9b:05:29,2,1,2,0,128,93,346,202,687,969,1005,446,135,527,717,509,494,250,911,263,741,36,764,980,997,194,608,897,338,111,790,367,550,923,297,102,438,134,107,94,88,88,71,87,126,14,95,63,105,27,47,30,49,48,116,89,49,14,11,76,50,67,43,42,35,25,18,34,71
[ 8093.067676] [AOA] Measurement: 0,1627135710.444557,08:55:31:9b:05:29,2,1,2,0,128,543,125,690,467,449,802,962,970,1019,506,570,513,736,771,274,736,991,748,987,1022,145,568,326,132,588,591,350,522,347,94,232,655,135,108,98,89,91,69,87,126,17,96,64,96,28,47,28,51,51,121,91,52,14,14,78,51,69,44,46,33,22,18,40,76
[ 8093.106984] [AOA] Measurement: 0,1627135710.483866,08:55:31:9b:05:29,2,1,2,0,128,163,392,204,660,968,1007,480,156,536,674,524,486,319,989,120,627,43,775,988,26,224,675,913,364,135,821,892,747,881,366,625,845,128,108,96,89,91,70,89,128,16,97,62,104,26,46,28,50,50,118,91,49,13,12,76,49,69,43,45,32,24,19,36,74
[ 8093.147068] [AOA] Measurement: 0,1627135710.523950,08:55:31:9b:05:29,2,1,2,0,128,618,192,186,655,1023,11,488,129,497,693,543,523,313,946,169,661,462,529,10,25,156,602,1002,400,142,786,368,562,854,301,85,545,136,109,98,92,92,68,89,131,19,101,67,101,28,49,30,55,55,125,97,54,15,15,79,54,75,48,50,30,19,20,45,81
[ 8093.186371] [AOA] Measurement: 0,1627135710.563253,08:55:31:9b:05:29,2,1,2,0,128,93,335,194,672,928,982,453,118,547,697,567,533,293,962,171,654,1005,699,1011,1010,200,638,910,342,111,787,972,795,876,318,877,0,130,105,92,87,88,68,87,127,16,96,63,102,25,46,28,50,46,118,87,48,14,10,75,50,67,41,44,32,26,18,36,73
[ 8093.225724] [AOA] Measurement: 0,1627135710.602606,08:55:31:9b:05:29,2,1,2,0,128,74,358,207,697,968,965,506,124,505,644,564,452,248,922,219,665,36,726,973,993,133,591,331,120,588,631,894,698,817,309,201,653,130,108,98,92,89,68,89,127,16,100,66,105,26,48,29,52,53,123,96,51,14,14,79,54,72,46,47,30,23,20,39,76
[ 8093.272752] [AOA] Measurement: 0,1627135710.649627,08:55:31:9b:05:29,2,1,2,0,128,103,358,157,649,964,1007,474,151,487,648,975,279,716,735,666,506,6,735,441,815,630,394,387,153,144,824,961,749,914,337,765,16,131,105,96,87,89,71,90,126,13,95,64,105,26,46,29,50,48,117,90,50,13,11,75,48,65,42,43,33,23,18,34,71
[ 8093.319101] [AOA] Measurement: 0,1627135710.695976,08:55:31:9b:05:29,2,1,2,0,128,556,136,603,398,418,798,947,983,972,443,22,302,751,743,253,694,1021,745,909,945,570,349,380,153,585,597,374,535,339,81,186,610,124,100,90,82,88,71,89,121,12,90,60,106,26,43,29,47,45,110,85,47,15,8,73,44,64,36,40,35,28,19,31,65
[ 8093.363489] [AOA] Measurement: 0,1627135710.740371,08:55:31:9b:05:29,2,1,2,0,128,71,343,230,695,992,21,505,158,548,673,562,533,351,1003,236,709,10,737,950,991,199,649,887,325,557,566,446,606,962,372,162,480,124,100,88,82,86,71,85,118,12,90,58,105,27,43,28,45,42,109,80,45,13,8,72,44,58,37,39,35,29,19,28,63
[ 8093.407524] [AOA] Measurement: 0,1627135710.784406,08:55:31:9b:05:29,2,1,2,0,128,131,354,246,713,3,34,510,175,545,677,478,420,261,944,671,489,424,507,990,1022,150,571,939,371,48,750,915,733,824,338,383,717,128,104,93,87,87,68,88,125,15,96,63,105,26,46,29,50,46,112,87,48,14,11,77,50,69,41,45,33,24,20,36,72
[ 8093.453935] [AOA] Measurement: 0,1627135710.830811,08:55:31:9b:05:29,2,1,2,0,128,115,361,176,648,967,995,488,135,524,645,492,413,726,716,216,671,972,718,382,795,168,637,896,359,182,793,895,728,312,102,809,191,134,106,96,91,91,69,89,126,18,98,63,101,26,45,29,50,51,123,89,51,14,14,76,50,70,43,46,32,22,19,37,76
[ 8093.507598] [AOA] Measurement: 0,1627135710.884481,08:55:31:9b:05:29,2,1,2,0,128,527,104,636,437,454,814,979,989,495,694,938,232,757,805,746,496,1022,730,1015,985,620,392,368,137,592,619,368,534,337,95,525,956,128,105,95,88,91,70,88,128,16,94,65,104,26,46,28,51,50,117,88,48,14,11,75,47,65,42,44,33,25,19,32,69
[ 8093.552585] [AOA] Measurement: 0,1627135710.929465,08:55:31:9b:05:29,2,1,2,0,128,142,375,178,608,470,845,487,150,499,640,569,536,722,693,717,510,13,750,996,1018,47,557,284,144,622,607,944,756,867,293,794,39,125,102,89,81,86,67,84,113,13,86,57,100,27,41,26,43,40,102,76,42,12,6,71,39,58,33,35,36,29,20,25,56
[ 8093.596332] [AOA] Measurement: 0,1627135710.973214,08:55:31:9b:05:29,2,1,2,0,128,503,95,703,466,457,811,986,971,999,488,977,250,662,671,649,450,510,588,420,821,622,389,913,340,581,597,390,556,269,80,771,272,129,106,98,92,91,65,88,128,19,100,66,99,26,48,28,53,55,123,91,51,14,14,79,53,71,46,48,30,19,18,42,79
[ 8093.641049] [AOA] Measurement: 0,1627135711.017931,08:55:31:9b:05:29,2,1,2,0,128,555,118,687,488,415,808,15,1011,485,694,520,484,238,903,723,456,419,518,358,688,607,295,383,142,617,616,355,526,428,110,890,256,132,107,95,90,89,68,88,128,18,98,66,102,26,47,28,52,52,121,92,52,12,15,76,53,72,47,50,29,18,20,43,80
[ 8093.685437] [AOA] Measurement: 0,1627135711.062318,08:55:31:9b:05:29,2,1,2,0,128,65,316,139,614,429,793,533,171,521,672,525,490,274,945,189,666,1004,729,414,815,640,400,357,139,139,828,927,767,276,122,248,649,128,105,93,88,91,71,88,124,15,93,60,105,27,45,28,49,48,116,89,49,13,11,77,48,66,40,43,34,28,18,33,67
[ 8093.729141] [AOA] Measurement: 0,1627135711.106023,08:55:31:9b:05:29,2,1,2,0,128,604,146,650,451,448,790,1015,985,966,506,984,290,739,741,768,489,19,713,431,795,126,554,333,139,599,618,349,550,338,68,856,299,121,98,84,78,81,66,83,109,10,79,53,99,26,38,28,39,35,97,73,40,12,5,67,36,53,31,33,34,30,18,24,55
[ 8093.777439] [AOA] Measurement: 0,1627135711.154316,08:55:31:9b:05:29,2,1,2,0,128,482,104,655,432,391,757,990,966,867,404,26,310,732,760,720,480,1018,729,969,991,169,597,907,327,103,781,944,744,868,274,663,123,128,102,94,85,90,68,87,121,14,92,59,104,26,43,27,47,45,111,88,45,14,9,71,46,60,36,40,34,27,19,31,64
[ 8093.816954] [AOA] Measurement: 0,1627135711.193836,08:55:31:9b:05:29,2,1,2,0,128,87,346,209,667,384,769,992,991,478,665,4,306,691,713,271,721,996,705,458,832,203,632,995,370,170,811,900,727,915,363,892,138,134,110,98,91,89,71,92,128,17,100,63,105,26,48,28,51,50,120,91,50,14,13,79,53,69,45,46,32,24,20,38,75
[ 8093.862299] [AOA] Measurement: 0,1627135711.239178,08:55:31:9b:05:29,2,1,2,0,128,54,299,654,418,390,792,971,963,897,396,85,375,244,922,682,462,479,532,416,792,623,375,414,185,144,819,994,779,847,272,132,413,129,105,93,84,88,70,89,122,14,89,62,104,27,44,28,46,44,109,84,47,14,8,72,46,62,38,41,35,27,19,31,66
[ 8093.912923] [AOA] Measurement: 0,1627135711.289799,08:55:31:9b:05:29,2,1,2,0,128,566,121,598,438,393,746,984,959,954,474,1017,303,758,773,680,472,467,508,452,785,578,361,324,144,567,585,394,528,327,87,1021,391,128,105,92,86,88,69,87,122,13,90,61,106,27,44,28,48,47,114,87,48,13,8,76,46,64,39,42,34,28,19,32,69
[ 8093.955182] [AOA] Measurement: 0,1627135711.332063,08:55:31:9b:05:29,2,1,2,0,128,595,160,682,482,938,967,473,138,532,688,519,484,315,962,687,477,416,512,416,784,646,416,924,365,135,821,1004,802,876,278,306,635,119,99,86,79,84,70,86,116,9,85,56,104,27,41,28,45,42,105,83,44,14,6,72,44,60,36,39,35,29,18,29,64
[ 8094.002935] [AOA] Measurement: 0,1627135711.379811,08:55:31:9b:05:29,2,1,2,0,128,526,89,576,350,439,827,974,961,866,383,933,247,631,684,704,460,493,565,397,733,600,361,351,148,582,599,326,487,348,62,1006,531,127,107,95,89,90,68,88,127,17,98,66,102,26,45,28,51,51,118,91,49,14,13,76,50,68,44,47,30,22,18,39,75
[ 8094.046153] [AOA] Measurement: 0,1627135711.423030,08:55:31:9b:05:29,2,1,2,0,128,586,172,595,402,30,0,475,118,551,700,996,291,788,760,681,445,464,562,425,799,590,398,898,371,76,778,939,743,904,295,913,243,134,109,95,90,90,66,88,127,17,99,65,101,25,47,28,51,54,122,92,50,14,14,78,53,71,46,48,29,21,19,43,78
[ 8094.091669] [AOA] Measurement: 0,1627135711.468545,08:55:31:9b:05:29,2,1,2,0,128,549,127,645,413,386,745,995,962,927,481,962,307,263,924,243,662,406,517,429,759,589,352,339,150,571,569,369,503,334,22,499,990,124,102,91,83,87,69,88,120,12,91,59,105,25,42,27,45,43,109,82,45,13,9,70,42,58,37,37,34,26,18,28,61
[ 8094.142568] [AOA] Measurement: 0,1627135711.519443,08:55:31:9b:05:29,2,1,2,0,128,520,98,705,487,445,860,511,148,486,660,1012,317,237,924,690,487,467,542,390,764,544,352,364,143,559,612,357,464,378,70,875,290,136,108,98,92,90,66,86,130,20,100,66,97,25,49,28,54,55,122,92,51,13,15,78,53,74,48,49,26,17,21,45,82
[ 8094.197295] [AOA] Measurement: 0,1627135711.574176,08:55:31:9b:05:29,2,1,2,0,128,90,337,624,407,443,834,920,948,929,438,974,247,709,715,726,514,490,554,433,815,598,398,396,185,167,826,348,529,330,67,950,397,138,114,101,94,98,76,99,136,14,101,67,118,30,46,31,51,49,123,97,53,15,8,81,50,66,42,45,38,32,22,34,73
[ 8094.242531] [AOA] Measurement: 0,1627135711.619409,08:55:31:9b:05:29,2,1,2,0,128,69,314,167,675,413,778,11,1004,585,707,531,467,289,964,208,660,990,728,957,995,148,579,338,166,645,619,377,533,893,319,294,683,130,105,96,86,88,67,88,126,15,95,62,100,25,46,29,50,49,118,89,49,13,12,73,50,70,42,45,31,22,19,36,73
[ 8094.286509] [AOA] Measurement: 0,1627135711.663391,08:55:31:9b:05:29,2,1,2,0,128,543,111,642,425,983,978,508,134,490,732,557,511,228,902,678,467,450,533,444,846,638,423,906,325,183,850,946,741,286,34,619,45,128,106,96,88,91,71,89,125,14,96,61,105,26,45,27,47,47,112,86,48,15,11,76,48,66,40,44,34,24,20,34,71
[ 8094.330443] [AOA] Measurement: 0,1627135711.707322,08:55:31:9b:05:29,2,1,2,0,128,492,70,710,504,941,963,992,956,956,443,595,550,303,1001,257,741,2,744,952,953,567,343,410,171,583,593,328,518,312,67,900,359,129,104,93,85,89,71,88,122,12,91,58,106,26,41,28,44,41,105,82,44,12,7,71,43,57,34,37,36,27,18,27,57
[ 8094.370228] [AOA] Measurement: 0,1627135711.747103,08:55:31:9b:05:29,2,1,2,0,128,92,302,675,463,976,999,518,161,500,653,998,260,754,784,191,668,976,682,438,831,189,655,910,338,81,789,378,551,873,344,578,921,129,109,99,93,92,65,87,131,21,101,67,96,26,49,28,58,58,123,95,54,14,18,80,57,76,50,53,25,15,21,49,86
[ 8094.421216] [AOA] Measurement: 0,1627135711.798091,08:55:31:9b:05:29,2,1,2,0,128,83,356,183,666,418,796,979,984,944,445,968,234,676,693,739,534,437,538,416,805,645,403,342,113,584,581,381,547,388,143,411,845,129,108,98,90,92,69,89,129,18,99,65,102,26,47,28,52,53,120,93,52,14,14,78,53,72,47,48,32,20,21,43,79
[ 8094.467152] [AOA] Measurement: 0,1627135711.844035,08:55:31:9b:05:29,2,1,2,0,128,546,95,633,429,374,787,942,966,995,469,963,254,265,957,690,468,1015,728,470,830,153,581,915,347,580,623,996,786,852,314,670,983,132,105,96,88,90,69,88,126,14,97,63,103,26,46,28,49,48,117,87,47,13,9,74,46,63,40,41,33,27,19,28,63
[ 8094.512183] [AOA] Measurement: 0,1627135711.889057,08:55:31:9b:05:29,2,1,2,0,128,519,106,637,431,421,778,945,943,929,455,659,552,238,896,685,483,419,524,391,762,613,371,356,128,608,575,423,612,398,122,71,451,128,103,95,85,89,71,90,123,14,92,63,106,26,44,28,48,45,112,87,46,14,7,73,46,68,40,41,35,25,19,33,66
[ 8094.563401] [AOA] Measurement: 0,1627135711.940276,08:55:31:9b:05:29,2,1,2,0,128,561,121,682,438,482,836,951,932,996,512,546,523,277,954,232,671,430,512,386,776,641,461,927,375,580,609,414,569,990,395,20,229,130,105,97,88,90,69,89,127,17,98,63,102,26,47,29,50,50,117,89,50,14,12,77,50,65,43,45,32,23,20,36,72
[ 8094.611061] [AOA] Measurement: 0,1627135711.987943,08:55:31:9b:05:29,2,1,2,0,128,548,152,646,446,403,806,947,972,938,481,921,224,665,709,668,462,507,586,400,787,582,359,315,136,596,631,263,462,325,30,460,5,135,106,96,91,89,69,88,125,15,96,63,101,26,46,28,48,48,116,88,47,13,10,74,45,62,38,41,34,27,19,31,65
[ 8094.653550] [AOA] Measurement: 0,1627135712.030425,08:55:31:9b:05:29,2,1,2,0,128,576,145,215,664,1002,1002,471,111,463,681,1023,300,663,710,663,446,417,546,450,802,157,575,961,344,578,587,466,606,890,303,343,692,127,103,92,85,87,70,87,121,12,92,60,104,27,44,28,48,47,114,87,49,13,10,75,46,64,38,44,34,25,18,34,70
[ 8094.698992] [AOA] Measurement: 0,1627135712.075868,08:55:31:9b:05:29,2,1,2,0,128,136,374,161,656,934,982,515,140,554,688,530,485,323,1010,215,657,21,762,961,6,203,625,921,379,142,811,856,688,349,139,881,287,127,106,91,80,88,71,87,121,11,89,59,103,27,43,29,46,44,107,83,45,14,7,70,43,59,35,37,34,29,19,30,62
[ 8094.744231] [AOA] Measurement: 0,1627135712.121107,08:55:31:9b:05:29,2,1,2,0,128,101,333,211,699,1009,1005,951,947,20,522,1000,283,280,970,179,629,11,768,969,3,303,718,884,331,134,798,868,710,334,106,399,768,134,107,95,89,90,68,87,127,16,98,65,102,27,48,29,51,50,123,91,52,16,13,79,51,69,44,45,32,24,20,38,72
[ 8094.795938] [AOA] Measurement: 0,1627135712.172815,08:55:31:9b:05:29,2,1,2,0,128,92,338,232,705,965,990,550,170,550,670,595,519,290,942,188,651,21,764,941,945,169,610,315,89,520,557,422,585,361,119,105,525,130,104,92,86,85,69,87,120,12,89,58,103,27,43,28,47,46,113,85,47,14,9,74,46,65,38,41,33,26,19,35,67
[ 8094.837028] [AOA] Measurement: 0,1627135712.213911,08:55:31:9b:05:29,2,1,2,0,128,74,336,210,650,975,995,545,182,517,726,547,517,276,978,650,450,452,546,438,793,643,392,400,194,198,874,898,728,875,267,28,363,133,108,97,89,90,69,90,128,16,98,67,100,27,47,28,50,53,123,93,51,14,15,78,53,72,46,47,31,22,20,40,78
[ 8094.883235] [AOA] Measurement: 0,1627135712.260110,08:55:31:9b:05:29,2,1,2,0,128,82,306,192,671,382,792,524,153,983,477,989,286,701,719,729,503,420,482,427,792,644,415,393,179,155,793,938,729,926,323,658,984,129,106,94,87,88,70,89,126,14,94,63,108,26,45,29,50,47,115,91,48,15,12,77,50,67,41,43,34,24,20,38,72
[ 8094.934430] [AOA] Measurement: 0,1627135712.311305,08:55:31:9b:05:29,2,1,2,0,128,82,384,222,684,978,999,467,141,534,663,571,497,296,926,207,665,3,737,916,999,171,605,916,364,149,832,937,773,911,360,407,644,127,105,91,87,88,68,86,124,15,92,61,104,25,44,28,49,45,117,87,48,13,11,75,48,66,39,41,32,24,17,34,70
[ 8094.979384] [AOA] Measurement: 0,1627135712.356260,08:55:31:9b:05:29,2,1,2,0,128,70,321,163,646,396,819,978,969,1016,514,532,490,197,891,260,711,1001,754,1023,6,157,585,331,114,578,557,417,568,338,135,350,784,123,100,88,80,84,69,84,115,10,85,53,101,25,39,27,42,37,98,78,42,13,5,67,37,53,33,34,34,28,18,24,53
[ 8095.022885] [AOA] Measurement: 0,1627135712.399765,08:55:31:9b:05:29,2,1,2,0,128,109,359,200,680,933,963,568,186,600,736,559,522,239,909,631,457,458,545,964,2,161,595,904,348,94,782,915,736,271,144,655,50,128,109,98,93,93,66,87,128,20,99,66,98,27,49,29,56,55,124,95,55,13,17,80,56,72,48,50,28,19,21,46,82
[ 8095.067896] [AOA] Measurement: 0,1627135712.444771,08:55:31:9b:05:29,2,1,2,0,128,120,378,195,662,418,801,994,979,525,654,535,432,725,737,679,440,429,525,426,799,207,625,969,388,139,817,971,765,872,281,654,984,111,90,81,75,77,59,76,107,13,81,52,90,22,38,25,42,41,97,76,42,11,9,64,42,57,34,36,27,20,16,31,60
[ 8095.117119] [AOA] Measurement: 0,1627135712.494000,08:55:31:9b:05:29,2,1,2,0,128,62,334,219,636,419,806,955,963,958,499,991,325,713,732,715,483,81,823,949,987,109,585,907,323,198,855,901,785,917,368,476,790,127,107,95,92,90,68,88,128,18,98,65,103,27,48,28,52,49,119,93,52,14,13,79,51,70,45,46,33,23,20,37,75
[ 8095.163490] [AOA] Measurement: 0,1627135712.540365,08:55:31:9b:05:29,2,1,2,0,128,79,327,215,655,26,39,489,170,522,706,524,468,296,971,611,429,465,512,405,829,611,410,916,326,153,840,905,735,875,333,205,467,130,106,93,89,90,71,89,124,13,94,61,103,25,45,28,48,47,114,87,47,14,9,75,46,65,40,42,34,26,19,33,70
[ 8095.214343] [AOA] Measurement: 0,1627135712.591220,08:55:31:9b:05:29,2,1,2,0,128,68,315,132,624,1016,2,594,214,580,718,612,535,275,952,165,659,442,504,462,843,676,413,972,337,141,819,961,773,892,334,113,395,128,105,97,88,91,69,89,127,17,95,63,104,28,44,28,49,50,118,91,50,15,12,78,51,67,43,44,33,24,18,36,72
[ 8095.259330] [AOA] Measurement: 0,1627135712.636205,08:55:31:9b:05:29,2,1,2,0,128,597,183,134,631,423,772,987,983,492,701,526,489,272,945,176,606,506,561,936,987,138,522,350,149,602,599,333,516,319,83,503,904,128,109,98,91,92,69,88,128,18,99,65,101,27,47,28,54,53,125,92,51,13,14,78,53,71,45,47,31,19,19,40,77
[ 8095.304541] [AOA] Measurement: 0,1627135712.681416,08:55:31:9b:05:29,2,1,2,0,128,560,135,664,469,447,812,973,968,16,542,549,540,235,920,267,703,426,505,925,959,172,613,882,336,192,864,910,749,835,286,700,55,136,108,99,92,91,67,90,128,20,102,67,96,26,50,30,56,58,125,94,53,14,17,78,55,72,48,52,27,17,20,46,84
[ 8095.355245] [AOA] Measurement: 0,1627135712.732120,08:55:31:9b:05:29,2,1,2,0,128,528,101,706,453,943,967,945,952,961,474,10,315,711,722,699,441,394,515,431,783,668,391,372,170,611,620,948,726,850,230,491,909,128,103,92,83,88,68,87,120,13,91,61,104,25,44,28,49,44,113,87,48,13,10,73,47,62,37,40,34,27,20,31,67
[ 8095.406251] [AOA] Measurement: 0,1627135712.783128,08:55:31:9b:05:29,2,1,2,0,128,485,74,679,483,393,793,977,981,920,477,1006,311,274,958,213,686,20,780,318,690,609,390,381,171,611,621,322,494,329,47,9,486,130,103,92,86,89,68,90,123,15,96,61,104,26,47,28,51,50,121,89,50,13,12,79,51,69,44,46,32,22,19,42,81
[ 8095.450117] [AOA] Measurement: 0,1627135712.826992,08:55:31:9b:05:29,2,1,2,0,128,118,353,224,708,1017,12,530,185,587,717,504,506,270,963,262,731,47,776,970,1007,100,548,375,156,167,865,881,726,289,94,601,995,127,104,90,85,86,68,84,118,14,89,60,104,26,45,29,48,45,112,85,47,14,10,76,48,66,39,42,36,27,18,32,64
[ 8095.495322] [AOA] Measurement: 0,1627135712.872204,08:55:31:9b:05:29,2,1,2,0,128,593,115,568,411,391,748,919,955,968,454,1019,283,293,957,227,662,1001,725,405,753,626,396,292,78,658,661,897,689,357,121,256,685,129,105,94,86,87,70,87,123,12,92,62,105,26,44,29,48,45,112,84,46,14,9,75,48,64,38,40,34,26,18,32,66
[ 8095.540324] [AOA] Measurement: 0,1627135712.917199,08:55:31:9b:05:29,2,1,2,0,128,520,137,669,478,926,978,954,960,817,464,1011,281,694,712,674,428,421,533,392,692,587,264,377,137,608,590,390,523,371,26,292,781,123,99,88,78,83,68,83,111,10,85,54,100,25,41,27,41,38,101,76,41,12,6,69,40,57,33,36,34,29,18,24,57
[ 8095.586676] [AOA] Measurement: 0,1627135712.963558,08:55:31:9b:05:29,2,1,2,0,128,528,108,692,443,409,774,955,942,977,448,994,269,715,728,660,413,437,550,428,781,152,552,345,115,616,603,374,527,306,79,757,201,127,107,94,86,89,67,86,129,17,99,64,99,26,46,28,51,51,122,91,52,13,13,78,52,72,45,47,32,21,19,40,77
[ 8095.633016] [AOA] Measurement: 0,1627135713.009891,08:55:31:9b:05:29,2,1,2,0,128,569,152,103,626,364,759,979,923,1015,514,1000,260,703,712,657,461,453,526,963,4,193,608,902,327,104,755,375,547,894,349,671,35,132,106,94,89,88,67,86,125,15,94,63,102,26,44,28,49,49,118,91,49,14,12,76,48,66,42,44,33,23,18,34,71
[ 8095.684427] [AOA] Measurement: 0,1627135713.061303,08:55:31:9b:05:29,2,1,2,0,128,130,349,657,459,398,777,991,996,518,683,578,531,263,945,205,639,978,704,432,810,597,384,325,114,651,657,327,505,319,96,97,566,132,105,95,87,91,68,87,127,16,97,63,102,25,47,29,52,51,119,91,50,14,13,76,52,69,44,45,30,21,19,39,77
[ 8095.730167] [AOA] Measurement: 0,1627135713.107043,08:55:31:9b:05:29,2,1,2,0,128,566,140,636,488,361,769,1005,962,940,398,994,264,687,690,682,451,377,480,372,769,626,383,365,150,269,874,930,750,823,278,826,204,127,102,92,86,87,68,85,119,13,92,57,104,25,42,27,48,43,108,81,44,13,8,74,45,61,36,37,33,27,19,29,60
[ 8095.776782] [AOA] Measurement: 0,1627135713.153664,08:55:31:9b:05:29,2,1,2,0,128,502,97,678,436,446,818,945,949,481,651,608,541,252,942,267,691,30,746,951,969,140,555,377,172,181,875,925,742,868,309,798,48,128,106,91,88,87,70,90,124,13,94,61,105,27,44,28,48,45,112,86,48,15,10,74,47,64,40,43,34,26,20,32,66
[ 8095.822968] [AOA] Measurement: 0,1627135713.199843,08:55:31:9b:05:29,2,1,2,0,128,633,157,169,625,434,803,973,983,1,480,1015,322,250,945,196,665,977,708,965,984,633,441,932,320,216,833,975,778,902,365,141,394,135,107,97,92,89,62,87,129,22,102,66,94,25,50,27,57,56,126,96,55,13,18,78,55,75,51,53,24,16,20,49,86
[ 8095.874249] [AOA] Measurement: 0,1627135713.251126,08:55:31:9b:05:29,2,1,2,0,128,464,74,637,450,450,830,544,180,536,754,501,442,676,736,618,462,447,516,403,798,634,379,354,125,596,611,319,508,336,122,917,339,126,101,90,83,84,66,83,118,11,86,55,101,26,40,27,42,40,102,76,42,13,7,70,43,56,35,36,34,28,17,26,56
[ 8095.918989] [AOA] Measurement: 0,1627135713.295871,08:55:31:9b:05:29,2,1,2,0,128,143,391,192,653,952,978,964,963,493,670,524,510,228,918,294,750,23,763,910,988,93,534,386,148,89,803,956,729,836,309,950,356,130,105,93,90,87,65,85,126,16,95,62,99,27,47,28,50,49,119,90,50,13,11,78,50,68,41,46,33,23,18,35,70
[ 8095.963880] [AOA] Measurement: 0,1627135713.340762,08:55:31:9b:05:29,2,1,2,0,128,76,319,210,688,972,1014,519,160,524,685,576,534,262,978,208,677,1023,704,981,996,204,664,927,368,171,849,845,704,912,330,425,799,136,109,96,89,88,68,89,129,17,99,66,103,26,47,28,51,50,118,91,50,14,12,77,51,70,42,45,33,23,20,37,75
[ 8096.008850] [AOA] Measurement: 0,1627135713.385726,08:55:31:9b:05:29,2,1,2,0,128,609,218,218,694,970,978,538,172,850,394,993,283,688,688,700,473,439,526,427,770,612,385,393,181,674,662,372,524,881,247,50,532,127,104,94,87,88,69,88,124,14,94,59,100,25,44,29,48,45,112,86,46,14,9,74,45,63,37,39,34,26,19,29,64
[ 8096.053963] [AOA] Measurement: 0,1627135713.430841,08:55:31:9b:05:29,2,1,2,0,128,40,302,677,487,399,762,963,984,988,489,555,513,327,975,200,685,995,735,941,968,140,591,912,349,131,758,307,496,928,349,909,253,127,103,90,81,88,71,85,118,12,88,57,104,27,42,27,45,41,107,78,44,14,6,71,41,58,35,38,34,28,18,27,59
[ 8096.104909] [AOA] Measurement: 0,1627135713.481786,08:55:31:9b:05:29,2,1,2,0,128,552,85,597,436,484,860,944,942,899,468,65,387,246,952,249,705,465,544,371,713,589,353,369,162,586,600,349,506,370,75,372,816,135,107,99,93,92,66,88,132,20,102,66,98,27,50,29,55,55,124,95,53,14,16,79,55,73,48,50,27,18,22,46,83
[ 8096.148620] [AOA] Measurement: 0,1627135713.525495,08:55:31:9b:05:29,2,1,2,0,128,157,360,154,621,953,984,492,162,523,638,988,316,345,1009,182,646,434,521,974,983,199,598,986,417,146,815,940,724,861,324,145,555,127,117,105,96,98,77,96,135,15,99,67,118,30,49,32,52,49,123,93,52,15,10,78,49,66,40,41,38,28,19,30,67
[ 8096.189091] [AOA] Measurement: 0,1627135713.565974,08:55:31:9b:05:29,2,1,2,0,128,566,126,638,418,421,787,12,1020,532,714,494,462,673,688,692,431,516,565,975,967,124,565,343,143,184,811,890,710,840,275,128,476,130,107,95,87,89,70,87,125,15,92,62,103,25,44,29,50,46,113,86,48,14,10,75,48,64,40,42,35,26,19,32,67
[ 8096.234756] [AOA] Measurement: 0,1627135713.611638,08:55:31:9b:05:29,2,1,2,0,128,584,139,754,524,996,1017,461,122,453,675,499,468,638,685,700,472,385,490,396,742,601,361,365,148,666,656,408,554,939,302,923,291,114,94,83,75,79,66,82,107,9,81,52,101,26,37,26,38,33,91,73,39,12,4,62,35,49,29,30,34,29,19,22,48
[ 8096.273805] [AOA] Measurement: 0,1627135713.650688,08:55:31:9b:05:29,2,1,2,0,128,94,329,212,650,947,1002,443,113,496,651,571,478,705,739,712,510,404,510,389,760,633,363,352,133,630,608,371,532,365,126,777,116,127,109,99,91,92,68,88,132,19,102,65,99,25,47,27,52,53,119,95,54,14,15,78,54,71,46,47,30,21,20,41,79
[ 8096.313451] [AOA] Measurement: 0,1627135713.690331,08:55:31:9b:05:29,2,1,2,0,128,616,177,192,654,420,795,931,941,840,445,960,225,651,698,638,427,486,569,441,762,614,314,392,142,647,616,373,485,259,962,632,235,133,106,96,89,91,70,89,128,15,98,63,102,27,46,28,50,49,117,89,49,14,12,73,48,66,42,44,33,26,20,35,73
[ 8096.352784] [AOA] Measurement: 0,1627135713.729665,08:55:31:9b:05:29,2,1,2,0,128,71,326,179,603,374,765,987,1008,1021,505,596,565,223,909,238,727,46,764,929,980,137,530,368,175,111,800,925,775,847,336,256,466,135,108,97,90,91,67,88,124,18,101,63,102,25,47,29,52,51,118,92,52,14,14,79,54,72,45,48,31,21,20,40,75
[ 8096.406122] [AOA] Measurement: 0,1627135713.783002,08:55:31:9b:05:29,2,1,2,0,128,529,141,686,465,973,991,1004,998,963,496,19,314,201,900,710,508,422,519,357,727,559,329,333,122,581,559,374,498,332,92,455,880,128,109,98,92,91,70,88,129,17,96,64,102,26,47,29,51,50,121,92,51,13,13,76,51,68,43,46,33,23,19,36,73
[ 8096.450496] [AOA] Measurement: 0,1627135713.827372,08:55:31:9b:05:29,2,1,2,0,128,112,325,173,644,943,977,1012,999,511,640,568,507,283,986,241,739,1018,743,978,1009,628,402,328,160,622,613,403,571,314,152,159,496,128,108,97,90,91,67,87,127,16,97,66,103,27,48,30,54,52,122,91,51,15,12,75,50,66,42,45,33,23,20,37,73
[ 8096.500377] [AOA] Measurement: 0,1627135713.877259,08:55:31:9b:05:29,2,1,2,0,128,618,173,188,679,962,989,972,975,527,677,552,508,759,735,709,496,447,539,376,778,640,410,926,339,171,827,965,743,903,343,228,595,127,104,91,85,89,69,88,123,13,95,60,105,27,42,27,45,44,108,84,44,13,8,74,46,63,38,41,34,27,18,31,63
[ 8096.540386] [AOA] Measurement: 0,1627135713.917261,08:55:31:9b:05:29,2,1,2,0,128,528,122,620,388,454,824,983,976,983,487,513,504,692,711,657,437,466,540,410,771,627,410,332,102,574,596,386,546,270,55,155,509,133,107,96,89,90,68,88,125,16,96,64,103,27,47,29,50,49,118,88,50,15,13,77,50,69,43,45,32,23,20,36,73
[ 8096.588407] [AOA] Measurement: 0,1627135713.965286,08:55:31:9b:05:29,2,1,2,0,128,122,380,252,734,888,928,943,982,983,495,13,307,310,952,207,675,2,741,958,955,226,643,944,381,218,872,932,773,913,385,128,297,126,102,91,83,87,71,87,118,11,87,57,107,26,42,26,45,42,108,83,46,15,7,73,44,62,36,38,35,28,19,29,64
[ 8096.635108] [AOA] Measurement: 0,1627135714.011985,08:55:31:9b:05:29,2,1,2,0,128,134,401,277,709,943,977,1020,1017,956,464,968,288,748,768,210,642,467,534,1006,980,199,630,835,299,207,872,919,727,886,316,785,83,122,100,88,79,84,69,84,113,9,84,56,103,27,41,28,43,38,101,77,43,12,6,69,40,53,34,35,34,28,18,25,55
[ 8096.674781] [AOA] Measurement: 0,1627135714.051662,08:55:31:9b:05:29,2,1,2,0,128,516,138,677,465,423,815,973,988,497,672,553,532,240,895,662,474,414,510,413,785,617,368,389,183,621,572,402,557,320,86,567,34,133,107,97,92,90,69,89,126,17,98,64,100,27,47,28,53,50,119,89,50,13,13,78,52,69,45,47,32,22,20,38,77
[ 8096.713545] [AOA] Measurement: 0,1627135714.090427,08:55:31:9b:05:29,2,1,2,0,128,127,382,682,444,981,1008,494,141,514,698,558,509,210,917,683,452,422,485,446,820,623,419,377,127,654,659,398,536,901,278,1005,315,128,101,91,82,86,68,85,121,13,91,59,102,25,43,27,45,42,108,82,45,13,7,70,42,58,36,36,33,27,18,27,60
[ 8096.758863] [AOA] Measurement: 0,1627135714.135744,08:55:31:9b:05:29,2,1,2,0,128,82,330,178,667,962,962,530,200,560,693,501,457,304,978,163,673,1001,689,1019,14,222,667,983,411,163,869,933,827,892,430,512,615,131,105,95,88,90,66,88,126,17,96,63,103,25,46,28,51,50,117,90,48,13,11,77,49,68,41,43,32,24,19,35,68
[ 8096.803629] [AOA] Measurement: 0,1627135714.180512,08:55:31:9b:05:29,2,1,2,0,128,88,327,612,435,403,757,2,1015,508,650,991,260,730,735,624,412,458,522,421,795,632,368,381,179,136,780,388,544,302,89,789,157,132,108,96,89,90,68,90,126,17,98,66,103,26,48,29,54,52,121,92,52,14,14,79,54,71,47,49,29,20,21,42,77
[ 8096.846701] [AOA] Measurement: 0,1627135714.223576,08:55:31:9b:05:29,2,1,2,0,128,83,337,216,693,983,2,534,151,539,678,531,523,257,939,199,665,1020,715,984,1006,175,591,881,307,196,853,344,513,297,84,976,410,132,107,95,89,89,68,87,127,15,98,63,105,27,45,30,49,50,118,91,50,14,13,78,50,68,43,46,32,22,20,38,76
[ 8096.890745] [AOA] Measurement: 0,1627135714.267621,08:55:31:9b:05:29,2,1,2,0,128,92,331,170,640,399,797,1005,986,968,476,976,280,756,757,689,520,988,726,956,969,120,578,427,234,59,775,341,517,385,106,195,631,133,105,98,91,91,66,87,129,20,101,66,96,26,49,29,53,53,123,95,52,13,16,76,53,72,47,48,28,18,18,43,79
[ 8096.935097] [AOA] Measurement: 0,1627135714.311973,08:55:31:9b:05:29,2,1,2,0,128,551,108,670,433,381,761,957,963,929,464,66,367,226,915,288,723,987,763,981,981,198,626,958,357,161,812,973,737,282,60,877,293,120,97,88,78,85,68,84,109,11,84,55,101,26,39,26,43,37,102,78,42,12,5,69,39,55,32,35,35,27,18,25,58
[ 8096.986450] [AOA] Measurement: 0,1627135714.363325,08:55:31:9b:05:29,2,1,2,0,128,485,56,588,395,441,798,12,990,490,681,494,444,740,708,659,452,386,484,389,741,585,360,349,126,618,611,419,568,394,117,497,880,132,105,97,90,91,67,86,127,17,101,65,101,26,48,29,52,55,121,94,53,14,15,79,53,72,45,50,31,21,20,40,78
[ 8097.033297] [AOA] Measurement: 0,1627135714.410180,08:55:31:9b:05:29,2,1,2,0,128,95,361,161,619,963,992,479,156,499,680,595,551,248,897,280,744,999,743,984,1020,220,654,852,309,513,539,401,545,303,88,253,675,128,105,95,88,90,68,87,125,14,94,62,104,26,45,29,49,47,115,85,48,14,10,76,48,64,40,42,34,25,19,32,68
[ 8097.078448] [AOA] Measurement: 0,1627135714.455328,08:55:31:9b:05:29,2,1,2,0,128,574,140,189,665,419,824,524,161,502,666,530,503,215,959,179,656,4,739,959,1001,124,574,923,359,94,761,377,546,881,309,950,259,137,109,97,91,92,67,89,130,18,101,65,98,25,50,28,55,56,124,95,53,13,15,78,55,74,50,50,27,19,21,46,82
[ 8097.123111] [AOA] Measurement: 0,1627135714.499988,08:55:31:9b:05:29,2,1,2,0,128,602,162,179,689,989,993,1016,988,928,435,1021,277,292,961,222,702,1016,754,981,1001,69,589,877,315,578,566,375,516,357,103,424,671,128,106,95,87,89,68,87,123,14,91,62,102,26,45,27,50,49,116,89,50,14,11,78,49,66,42,44,34,26,18,34,68
[ 8097.175142] [AOA] Measurement: 0,1627135714.552019,08:55:31:9b:05:29,2,1,2,0,128,95,370,694,494,394,765,968,965,949,486,995,280,677,705,635,407,425,533,387,747,585,308,362,135,550,559,395,571,307,69,680,86,134,108,98,92,91,69,88,127,15,99,66,99,27,48,29,53,54,120,93,51,14,13,77,52,70,46,46,31,21,19,38,77
[ 8097.218277] [AOA] Measurement: 0,1627135714.595154,08:55:31:9b:05:29,2,1,2,0,128,122,359,194,674,401,781,922,964,35,498,520,474,313,994,238,724,39,766,924,960,167,596,377,179,598,606,374,533,340,126,944,320,130,105,95,87,91,71,87,120,13,91,60,104,26,44,27,50,47,115,89,48,13,10,75,49,66,40,43,34,25,18,35,71
[ 8097.266099] [AOA] Measurement: 0,1627135714.642982,08:55:31:9b:05:29,2,1,2,0,128,14,322,112,613,988,1006,484,131,572,668,586,538,318,979,173,645,64,811,19,62,165,607,916,349,103,808,923,703,787,315,70,444,135,106,96,91,92,68,87,129,18,101,66,103,26,48,28,55,55,125,93,53,15,16,80,55,73,48,51,29,18,20,43,82
[ 8097.312786] [AOA] Measurement: 0,1627135714.689662,08:55:31:9b:05:29,2,1,2,0,128,610,171,233,710,1016,0,470,148,493,663,562,510,266,971,202,665,964,688,403,790,616,385,956,376,160,835,886,730,822,283,717,114,124,102,90,81,85,70,86,116,11,87,58,104,25,41,27,43,40,104,82,44,13,6,72,43,57,36,36,35,26,18,25,57
[ 8097.363492] [AOA] Measurement: 0,1627135714.740367,08:55:31:9b:05:29,2,1,2,0,128,87,372,191,619,405,788,969,969,1009,463,624,529,245,965,260,714,929,695,1004,1009,84,554,379,205,115,762,369,529,330,147,87,493,128,105,94,88,89,69,91,127,15,95,65,105,26,47,28,50,49,117,90,51,13,11,75,49,68,43,44,32,24,18,36,74
[ 8097.410138] [AOA] Measurement: 0,1627135714.787020,08:55:31:9b:05:29,2,1,2,0,128,509,113,669,453,397,799,1,17,462,678,1023,314,704,696,296,744,1011,748,949,960,171,592,914,358,130,790,353,541,348,34,896,300,130,105,94,88,88,68,87,123,16,93,60,103,26,45,28,50,47,114,88,48,13,11,74,48,65,41,43,34,24,18,34,69
[ 8097.455388] [AOA] Measurement: 0,1627135714.832267,08:55:31:9b:05:29,2,1,2,0,128,84,367,141,650,1009,15,558,207,557,708,524,485,290,988,231,709,22,769,2,21,215,635,898,315,100,788,379,546,858,302,832,134,127,116,104,95,100,77,96,133,14,106,69,115,29,50,31,56,54,127,100,52,14,11,84,53,72,45,49,37,29,21,36,81
[ 8097.499727] [AOA] Measurement: 0,1627135714.876602,08:55:31:9b:05:29,2,1,2,0,128,85,322,611,458,994,1020,462,153,996,483,575,563,326,970,214,698,67,783,966,1010,171,596,279,61,608,571,385,554,905,315,361,682,134,108,96,91,89,67,85,123,17,96,63,101,27,47,28,52,51,121,90,50,15,14,78,53,70,46,47,30,20,20,40,77
[ 8097.543542] [AOA] Measurement: 0,1627135714.920424,08:55:31:9b:05:29,2,1,2,0,128,105,360,229,700,1021,1023,471,144,516,695,501,489,242,950,251,718,965,718,999,1006,156,640,877,333,227,848,937,772,914,352,332,696,129,108,94,88,89,67,89,127,16,97,63,102,26,47,28,52,50,120,92,50,14,13,79,51,68,44,46,32,23,20,38,74
[ 8097.590041] [AOA] Measurement: 0,1627135714.966917,08:55:31:9b:05:29,2,1,2,0,128,47,300,661,477,435,790,974,969,1011,471,72,342,230,930,251,702,38,758,972,980,134,586,958,375,585,571,328,540,380,108,680,1013,133,107,96,88,90,68,88,127,17,98,64,101,27,47,29,50,50,121,92,52,14,14,78,53,72,47,48,29,20,19,41,76
[ 8097.638270] [AOA] Measurement: 0,1627135715.015149,08:55:31:9b:05:29,2,1,2,0,128,608,167,613,411,413,768,979,978,955,504,551,536,250,958,282,742,17,780,946,963,131,585,919,366,141,824,375,527,367,89,455,854,129,110,99,92,91,70,88,129,17,98,65,104,26,47,29,52,54,122,93,52,14,14,79,53,72,46,48,30,19,20,44,81
[ 8097.686476] [AOA] Measurement: 0,1627135715.063351,08:55:31:9b:05:29,2,1,2,0,128,553,161,713,506,1022,994,956,964,990,498,1021,304,739,752,722,475,425,524,363,739,609,358,410,181,78,763,383,494,356,112,460,887,134,106,95,87,91,68,89,126,15,96,64,106,26,46,30,50,50,119,89,51,13,12,77,50,68,43,46,32,23,18,38,77
[ 8097.726001] [AOA] Measurement: 0,1627135715.102883,08:55:31:9b:05:29,2,1,2,0,128,85,283,183,626,973,1002,543,185,502,691,548,507,264,961,227,711,6,745,933,977,631,392,312,105,622,625,903,763,865,317,1012,330,131,104,91,87,88,68,88,122,13,91,59,103,26,43,27,47,46,112,86,46,14,10,73,48,62,37,41,33,26,17,32,68
[ 8097.768430] [AOA] Measurement: 0,1627135715.145306,08:55:31:9b:05:29,2,1,2,0,128,501,87,645,429,466,834,498,143,444,711,1005,293,669,681,686,435,405,475,383,715,591,307,392,148,682,654,333,491,393,102,303,776,127,108,97,90,91,69,88,129,18,98,66,101,27,46,30,51,51,123,91,50,13,13,77,51,70,46,46,32,22,19,41,76
[ 8097.816298] [AOA] Measurement: 0,1627135715.193173,08:55:31:9b:05:29,2,1,2,0,128,55,319,183,689,0,36,460,155,611,722,591,527,204,939,210,703,18,708,907,959,667,407,349,163,117,810,957,790,841,371,709,920,130,103,93,89,88,69,89,124,15,93,62,102,25,46,29,50,49,118,88,50,14,12,74,48,66,41,42,31,24,18,35,71
[ 8097.864910] [AOA] Measurement: 0,1627135715.241793,08:55:31:9b:05:29,2,1,2,0,128,560,103,667,451,426,807,962,990,980,485,975,236,726,760,308,740,1003,714,951,1000,618,379,367,164,620,628,374,540,331,114,48,455,129,103,93,85,85,66,87,123,14,91,59,100,26,44,27,47,45,114,84,48,13,9,72,45,64,39,39,34,26,19,32,65
[ 8097.908758] [AOA] Measurement: 0,1627135715.285637,08:55:31:9b:05:29,2,1,2,0,128,87,330,204,679,964,1004,492,142,544,652,566,519,326,973,225,718,1021,739,1013,37,204,674,916,374,104,776,889,719,826,355,879,242,130,108,97,92,91,69,90,129,18,100,66,97,25,49,29,54,55,123,95,54,14,17,79,56,76,48,51,29,16,21,47,86
[ 8097.950919] [AOA] Measurement: 0,1627135715.327794,08:55:31:9b:05:29,2,1,2,0,128,71,308,225,704,372,787,0,1010,495,688,575,493,209,886,707,492,352,492,437,767,594,390,891,318,128,828,902,749,854,277,708,52,127,102,90,85,89,68,86,121,14,94,62,105,26,44,29,47,45,113,89,48,13,10,75,47,63,40,41,34,26,19,32,67
[ 8097.996481] [AOA] Measurement: 0,1627135715.373360,08:55:31:9b:05:29,2,1,2,0,128,136,380,221,675,962,972,972,959,913,442,1014,308,701,715,719,508,495,557,461,827,162,585,911,345,249,886,949,759,842,230,147,594,118,94,84,77,82,69,83,107,9,80,52,102,25,37,26,38,34,92,72,38,11,3,65,35,48,29,31,32,29,17,23,49
[ 8098.039576] [AOA] Measurement: 0,1627135715.416450,08:55:31:9b:05:29,2,1,2,0,128,72,357,179,664,958,983,556,173,618,733,528,483,230,935,205,628,454,487,1015,992,203,644,944,391,177,832,875,727,896,364,156,402,129,104,98,90,91,67,88,128,19,100,65,99,26,48,28,53,53,121,91,53,14,13,78,52,69,43,46,31,21,19,40,77
[ 8098.085429] [AOA] Measurement: 0,1627135715.462311,08:55:31:9b:05:29,2,1,2,0,128,579,131,639,428,433,832,956,995,556,717,516,494,243,929,260,695,994,725,400,821,157,599,920,380,190,855,948,757,805,285,679,6,124,100,89,83,86,69,86,120,12,89,59,105,26,42,28,46,44,109,85,44,13,9,73,46,61,39,40,32,26,18,31,66
[ 8098.131886] [AOA] Measurement: 0,1627135715.508762,08:55:31:9b:05:29,2,1,2,0,128,81,370,143,656,986,11,537,202,518,677,562,518,293,1002,184,662,21,737,969,2,130,579,846,326,131,815,909,748,843,302,140,470,129,109,97,91,92,68,87,130,17,99,65,100,25,47,28,52,53,122,94,53,14,14,77,53,72,47,49,30,20,20,42,80
[ 8098.182662] [AOA] Measurement: 0,1627135715.559537,08:55:31:9b:05:29,2,1,2,0,128,98,362,107,611,9,1022,573,203,484,672,616,532,258,933,171,692,20,760,977,981,217,634,912,348,162,824,899,735,368,119,40,301,122,101,89,82,87,71,85,118,12,89,58,103,27,42,28,46,45,111,84,47,13,9,73,46,60,37,40,35,28,18,31,65
[ 8098.227609] [AOA] Measurement: 0,1627135715.604492,08:55:31:9b:05:29,2,1,2,0,128,493,93,201,676,928,991,497,125,555,668,551,511,300,971,156,645,348,481,429,794,641,405,425,174,201,862,960,770,843,308,330,723,131,120,105,97,100,79,100,127,14,103,66,116,29,49,30,54,51,125,97,54,15,12,83,55,70,45,48,38,28,22,40,81
[ 8098.273150] [AOA] Measurement: 0,1627135715.650030,08:55:31:9b:05:29,2,1,2,0,128,581,133,210,673,940,983,483,155,537,702,531,485,730,780,708,483,378,464,377,746,658,402,368,137,659,636,380,540,882,302,857,147,126,100,90,82,84,71,86,118,13,87,60,104,26,42,28,44,41,104,81,44,13,6,71,44,59,36,37,34,27,19,29,63
[ 8098.318019] [AOA] Measurement: 0,1627135715.694900,08:55:31:9b:05:29,2,1,2,0,128,106,365,238,683,393,799,950,928,943,441,1000,287,753,781,713,504,990,722,935,976,604,355,360,102,632,607,402,616,917,359,479,665,132,106,97,90,92,68,87,127,18,97,66,102,27,48,29,53,52,121,90,50,14,14,77,54,70,46,47,30,21,18,38,77
[ 8098.362384] [AOA] Measurement: 0,1627135715.739260,08:55:31:9b:05:29,2,1,2,0,128,68,304,647,473,984,1016,956,995,466,655,486,437,221,895,241,707,1014,736,953,982,213,644,345,148,103,787,394,566,905,368,968,286,124,102,89,84,87,69,86,117,13,88,58,104,27,44,29,47,44,110,85,45,14,10,71,44,62,37,40,33,25,19,31,65
[ 8098.414859] [AOA] Measurement: 0,1627135715.791735,08:55:31:9b:05:29,2,1,2,0,128,545,125,675,469,327,761,1004,1000,536,699,553,502,213,876,663,450,418,499,409,800,665,424,340,116,628,609,13,798,920,317,119,475,131,106,94,87,88,67,89,122,16,94,62,101,27,43,29,49,50,116,88,49,13,11,73,49,65,41,45,34,23,17,34,70
[ 8098.459872] [AOA] Measurement: 0,1627135715.836753,08:55:31:9b:05:29,2,1,2,0,128,517,82,657,417,466,871,463,111,520,648,604,537,273,941,243,701,1004,740,981,995,154,592,913,342,98,783,969,779,891,352,426,694,130,107,96,90,92,67,87,128,19,103,66,99,26,49,29,55,54,123,95,52,13,16,76,54,72,47,48,29,19,20,43,80
[ 8098.504148] [AOA] Measurement: 0,1627135715.881024,08:55:31:9b:05:29,2,1,2,0,128,481,113,727,511,991,1007,552,180,522,688,944,279,723,728,677,482,411,504,433,771,636,437,943,373,156,806,945,773,840,287,666,1015,130,106,93,86,87,68,86,120,13,92,61,103,26,45,28,49,46,115,87,47,14,9,73,47,66,40,43,33,25,18,32,68
[ 8098.548113] [AOA] Measurement: 0,1627135715.924992,08:55:31:9b:05:29,2,1,2,0,128,550,94,603,406,468,837,1023,986,947,455,993,266,735,769,178,636,438,509,378,741,591,329,410,159,620,606,423,558,883,264,891,326,127,105,93,87,88,70,88,124,13,93,59,104,27,44,28,47,45,112,85,47,14,9,72,45,64,37,40,33,27,17,29,64
[ 8098.594110] [AOA] Measurement: 0,1627135715.970986,08:55:31:9b:05:29,2,1,2,0,128,492,90,662,457,470,866,434,101,964,441,589,540,281,968,287,713,43,792,967,983,578,371,374,173,576,602,397,583,856,306,388,795,132,107,97,89,89,66,88,123,18,98,62,103,25,46,27,53,52,121,90,51,13,15,78,53,71,46,47,30,22,18,39,75
[ 8098.648210] [AOA] Measurement: 0,1627135716.025093,08:55:31:9b:05:29,2,1,2,0,128,116,373,107,626,977,1004,1020,1016,889,431,89,369,267,934,666,476,428,516,387,743,651,401,371,137,172,807,388,539,943,347,288,648,134,107,96,92,92,68,89,126,16,98,64,104,27,48,29,52,53,122,92,52,15,16,78,52,71,47,47,30,20,20,43,80
[ 8098.693333] [AOA] Measurement: 0,1627135716.070214,08:55:31:9b:05:29,2,1,2,0,128,93,335,148,666,979,973,491,122,565,711,552,511,249,904,287,723,959,703,387,793,616,378,360,134,549,547,353,537,431,227,812,93,127,105,92,87,87,70,90,123,14,90,60,104,25,42,29,46,46,110,86,45,12,10,74,45,64,38,40,35,28,19,30,67
[ 8098.746342] [AOA] Measurement: 0,1627135716.123217,08:55:31:9b:05:29,2,1,2,0,128,617,149,633,468,978,1009,490,140,976,505,559,536,208,904,734,546,414,548,915,973,192,612,906,319,205,832,937,741,930,312,383,602,127,103,91,86,87,68,86,117,14,91,59,100,26,45,28,48,46,114,86,47,14,10,73,46,64,41,41,34,26,18,33,69
[ 8098.802119] [AOA] Measurement: 0,1627135716.179002,08:55:31:9b:05:29,2,1,2,0,128,72,332,206,675,944,989,466,168,503,647,30,373,248,943,199,679,13,735,963,994,189,584,978,383,190,837,937,754,828,275,806,112,126,100,89,84,85,69,84,118,11,87,58,104,26,42,28,45,43,110,83,45,13,9,73,43,61,36,39,34,27,18,29,61
[ 8098.848711] [AOA] Measurement: 0,1627135716.225591,08:55:31:9b:05:29,2,1,2,0,128,480,69,733,469,441,810,967,976,558,727,557,529,251,922,204,631,1010,716,1004,998,179,607,882,312,571,572,358,526,356,125,1011,393,132,106,95,89,90,69,88,124,15,94,63,104,24,45,29,49,46,114,85,46,13,10,73,45,63,39,39,33,25,19,33,66
[ 8098.896060] [AOA] Measurement: 0,1627135716.272935,08:55:31:9b:05:29,2,1,2,0,128,60,299,135,654,33,23,561,185,472,630,996,325,269,934,684,450,484,544,440,809,632,381,354,135,659,637,961,770,866,284,795,96,129,102,92,88,91,69,85,121,14,94,61,104,26,45,27,50,49,116,86,49,14,11,74,50,67,42,45,33,23,18,34,72
[ 8098.942605] [AOA] Measurement: 0,1627135716.319487,08:55:31:9b:05:29,2,1,2,0,128,118,361,179,667,998,1000,468,142,529,677,491,443,727,730,218,707,11,726,980,24,225,659,918,372,125,801,933,766,839,389,986,225,128,106,94,89,88,69,88,123,14,96,60,105,27,45,29,50,49,115,90,48,14,11,76,47,66,40,43,33,23,20,35,72
[ 8098.987795] [AOA] Measurement: 0,1627135716.364678,08:55:31:9b:05:29,2,1,2,0,128,543,87,654,486,369,775,998,1004,503,657,576,515,281,956,203,675,1006,713,974,1006,143,569,335,175,646,626,402,556,412,122,268,526,132,105,94,89,90,67,88,126,16,98,65,104,27,47,28,52,51,119,92,51,13,14,76,51,68,44,46,33,23,20,38,74
[ 8099.032593] [AOA] Measurement: 0,1627135716.409473,08:55:31:9b:05:29,2,1,2,0,128,52,302,182,631,972,1011,473,160,532,678,467,436,316,959,243,710,42,766,930,973,217,630,923,335,103,771,977,772,892,361,982,188,132,109,95,89,89,67,87,126,16,97,63,100,27,46,28,50,49,118,88,48,14,13,80,50,70,42,46,34,23,19,37,74
[ 8099.076598] [AOA] Measurement: 0,1627135716.453480,08:55:31:9b:05:29,2,1,2,0,128,623,192,277,693,40,12,496,138,576,710,554,447,695,734,677,460,465,562,927,977,202,660,921,369,145,796,912,715,898,372,481,806,130,103,91,87,90,69,87,124,16,95,63,103,27,44,28,50,48,115,88,47,14,11,75,47,66,40,42,33,25,19,33,66
[ 8099.121342] [AOA] Measurement: 0,1627135716.498224,08:55:31:9b:05:29,2,1,2,0,128,575,137,265,721,950,968,978,1000,847,429,996,272,717,761,777,505,1022,746,988,963,177,547,935,378,71,774,348,495,300,41,937,408,123,100,89,80,85,69,85,115,10,85,55,103,26,40,27,43,39,100,79,41,12,6,69,41,56,34,37,35,28,20,26,57
[ 8099.161325] [AOA] Measurement: 0,1627135716.538200,08:55:31:9b:05:29,2,1,2,0,128,502,112,158,632,442,801,973,970,1012,467,542,521,233,939,682,484,1017,722,947,997,635,381,936,372,113,776,949,773,916,347,180,488,132,105,98,92,91,64,85,129,20,101,67,99,25,49,28,54,56,126,95,53,14,16,78,53,71,46,50,28,18,18,43,80
[ 8099.212497] [AOA] Measurement: 0,1627135716.589372,08:55:31:9b:05:29,2,1,2,0,128,559,111,667,454,1017,972,995,20,426,609,1017,296,781,766,706,494,429,523,395,781,612,337,334,137,647,630,943,723,924,320,508,803,133,115,104,93,95,76,96,132,13,101,63,116,30,47,33,51,47,121,92,51,16,9,80,48,69,40,43,38,31,22,30,69
[ 8099.258371] [AOA] Measurement: 0,1627135716.635251,08:55:31:9b:05:29,2,1,2,0,128,80,326,122,615,972,983,513,167,508,663,964,270,811,763,241,707,70,776,987,3,230,658,925,355,91,784,907,716,869,363,377,650,130,106,94,87,89,70,89,123,14,94,62,103,26,43,29,48,47,117,88,48,13,11,76,49,65,41,42,34,24,19,33,67
[ 8099.303030] [AOA] Measurement: 0,1627135716.679908,08:55:31:9b:05:29,2,1,2,0,128,66,328,218,693,954,1002,576,216,564,706,592,566,283,961,214,672,964,686,460,822,164,592,880,352,130,764,935,753,922,327,883,167,129,103,93,86,88,68,87,123,14,93,61,101,25,45,29,49,48,115,87,48,14,12,76,49,66,42,45,31,23,18,37,74
[ 8099.348125] [AOA] Measurement: 0,1627135716.724998,08:55:31:9b:05:29,2,1,2,0,128,62,354,168,642,972,994,519,137,565,664,550,510,281,962,241,713,1016,721,969,984,143,580,934,400,99,762,931,750,895,350,681,925,126,101,89,83,87,69,85,120,13,90,58,102,26,43,29,46,44,109,81,46,14,8,72,46,60,37,39,35,28,19,29,62
[ 8099.396186] [AOA] Measurement: 0,1627135716.773068,08:55:31:9b:05:29,2,1,2,0,128,49,326,244,705,880,918,549,131,563,686,542,471,297,977,182,658,8,763,972,0,112,540,341,121,148,826,382,577,839,303,266,602,127,106,93,86,89,66,88,123,16,94,62,104,26,46,27,50,48,113,86,46,13,10,75,47,65,40,43,32,24,18,32,69
[ 8099.439547] [AOA] Measurement: 0,1627135716.816429,08:55:31:9b:05:29,2,1,2,0,128,119,327,131,583,366,776,953,961,895,407,957,203,734,751,759,532,19,730,928,953,124,571,973,377,120,767,339,504,398,131,505,880,131,108,93,91,90,69,89,128,16,97,62,103,26,47,29,52,52,122,91,50,15,14,77,52,69,44,46,32,23,20,38,78
[ 8099.478650] [AOA] Measurement: 0,1627135716.855532,08:55:31:9b:05:29,2,1,2,0,128,623,163,628,440,399,827,977,992,951,480,10,307,745,760,723,485,441,538,448,805,596,343,421,193,650,620,951,750,964,292,469,790,134,107,96,90,90,66,86,130,15,97,64,102,26,46,28,51,51,119,92,50,14,14,77,50,71,44,47,32,22,19,39,75
[ 8099.528025] [AOA] Measurement: 0,1627135716.904899,08:55:31:9b:05:29,2,1,2,0,128,9,300,210,702,1004,986,532,196,518,676,555,490,718,752,605,417,444,492,379,791,657,409,302,119,679,666,961,797,903,292,15,235,135,109,99,93,90,67,87,127,18,101,66,102,27,48,28,52,53,123,91,51,14,13,80,53,71,46,48,31,20,20,40,75
[ 8099.567505] [AOA] Measurement: 0,1627135716.944388,08:55:31:9b:05:29,2,1,2,0,128,574,90,625,414,426,785,30,40,525,668,537,507,694,732,712,494,446,541,352,768,654,407,326,122,570,583,397,536,362,131,940,290,128,102,91,86,85,66,84,120,13,90,59,104,26,45,28,46,46,110,84,45,13,7,72,46,62,36,38,34,26,17,28,60
[ 8099.606369] [AOA] Measurement: 0,1627135716.983252,08:55:31:9b:05:29,2,1,2,0,128,492,86,613,390,333,747,955,968,942,478,935,224,709,681,714,458,437,513,371,765,596,384,420,164,175,813,946,763,890,317,253,543,131,110,99,92,90,68,89,129,19,97,64,101,26,47,29,53,53,121,95,51,12,14,79,53,72,45,48,31,21,19,40,76
[ 8099.648449] [AOA] Measurement: 0,1627135717.025325,08:55:31:9b:05:29,2,1,2,0,128,106,396,216,675,996,1020,451,107,512,633,993,263,298,954,651,491,33,749,19,47,152,604,894,335,142,786,876,718,898,367,689,980,136,109,96,92,91,66,86,128,20,98,66,98,24,48,28,54,53,120,90,52,14,15,76,53,70,46,48,30,21,20,40,77
[ 8099.694690] [AOA] Measurement: 0,1627135717.071573,08:55:31:9b:05:29,2,1,2,0,128,99,358,220,704,1006,11,466,141,550,660,582,499,287,966,210,672,59,780,892,983,121,638,937,353,91,787,868,720,826,328,643,938,131,105,95,88,90,70,89,125,13,94,61,104,26,43,27,47,47,113,88,48,13,9,75,47,67,41,43,33,26,19,34,70
[ 8099.733489] [AOA] Measurement: 0,1627135717.110369,08:55:31:9b:05:29,2,1,2,0,128,141,376,243,760,1005,1020,529,149,436,618,599,534,265,924,220,647,451,558,414,767,607,379,909,349,195,863,997,803,872,328,1010,190,128,108,93,88,89,70,90,125,16,97,63,105,26,45,29,50,48,114,88,50,14,10,76,49,66,41,43,33,25,18,33,69
[ 8099.773162] [AOA] Measurement: 0,1627135717.150043,08:55:31:9b:05:29,2,1,2,0,128,91,352,157,630,1005,13,510,170,547,700,595,541,258,928,166,634,1015,746,377,759,640,407,400,218,158,819,987,803,972,359,877,107,131,108,95,90,89,68,87,127,16,97,64,101,27,47,29,52,51,120,91,50,14,13,77,52,69,44,47,33,22,19,37,76
[ 8099.818226] [AOA] Measurement: 0,1627135717.195105,08:55:31:9b:05:29,2,1,2,0,128,544,125,163,640,402,806,995,969,571,679,986,305,746,754,174,637,1007,709,975,995,185,614,870,329,108,776,890,728,878,329,216,607,128,108,97,91,91,68,87,124,16,97,64,100,26,46,28,52,51,118,91,49,14,12,78,49,69,42,46,33,22,20,38,74
[ 8099.864207] [AOA] Measurement: 0,1627135717.241089,08:55:31:9b:05:29,2,1,2,0,128,113,339,180,669,942,944,1010,986,458,587,979,264,752,756,718,475,364,434,369,757,660,420,399,186,574,625,398,541,276,80,32,537,124,102,90,82,87,68,85,117,13,88,60,104,26,42,27,44,44,108,82,44,13,9,70,44,59,37,40,35,26,18,29,60
[ 8099.908698] [AOA] Measurement: 0,1627135717.285573,08:55:31:9b:05:29,2,1,2,0,128,108,359,278,724,945,961,476,103,521,664,614,553,308,968,209,670,1012,709,975,21,167,612,890,369,187,830,931,738,848,334,65,307,136,110,98,92,89,62,84,129,22,102,69,91,26,50,30,56,58,124,96,54,13,20,77,55,76,51,52,23,12,20,49,84
[ 8099.952681] [AOA] Measurement: 0,1627135717.329558,08:55:31:9b:05:29,2,1,2,0,128,53,318,648,460,391,794,944,936,936,439,1000,286,658,706,688,453,463,550,419,777,174,575,1000,411,171,807,990,784,849,219,718,134,130,108,98,92,94,68,89,130,17,100,64,101,25,47,28,51,53,122,92,52,13,16,77,53,72,46,48,29,19,20,43,81
[ 8100.003585] [AOA] Measurement: 0,1627135717.380461,08:55:31:9b:05:29,2,1,2,0,128,530,130,624,444,345,768,9,1005,484,661,996,283,718,751,736,488,441,517,398,801,188,560,920,369,41,725,305,495,315,75,333,962,129,105,97,89,91,68,89,125,17,98,64,102,26,47,29,52,51,124,93,51,13,15,80,53,72,48,49,28,20,19,43,81
[ 8100.044327] [AOA] Measurement: 0,1627135717.421209,08:55:31:9b:05:29,2,1,2,0,128,575,145,234,689,1007,6,515,162,557,736,476,470,300,978,218,669,43,764,977,2,637,387,331,122,550,571,336,473,337,125,334,766,127,105,91,85,88,70,86,121,14,91,59,104,26,43,27,47,43,110,84,47,14,9,76,45,61,40,38,35,27,18,30,65
[ 8100.088369] [AOA] Measurement: 0,1627135717.465250,08:55:31:9b:05:29,2,1,2,0,128,34,332,212,692,8,32,573,205,513,752,631,556,269,945,133,618,50,749,426,818,653,444,918,355,121,792,917,728,887,282,761,85,132,104,93,86,88,68,88,121,15,93,60,104,27,44,28,48,48,118,88,48,14,11,75,49,68,41,44,33,24,18,35,73
[ 8100.136213] [AOA] Measurement: 0,1627135717.513089,08:55:31:9b:05:29,2,1,2,0,128,102,367,193,668,1017,34,470,112,538,698,582,506,268,954,322,753,26,748,990,4,213,654,900,328,179,848,904,757,842,332,904,145,129,107,99,91,92,68,88,127,17,101,65,101,25,48,28,51,52,122,93,52,14,15,77,53,70,46,49,29,21,20,42,80
[ 8100.181817] [AOA] Measurement: 0,1627135717.558694,08:55:31:9b:05:29,2,1,2,0,128,527,102,728,502,448,813,966,926,950,418,1003,285,766,749,662,444,482,568,394,794,141,586,876,309,85,783,405,599,309,98,484,906,132,107,94,88,89,68,87,124,15,93,62,103,27,44,28,48,46,111,84,46,14,10,72,46,62,38,41,33,27,19,31,66
[ 8100.232684] [AOA] Measurement: 0,1627135717.609559,08:55:31:9b:05:29,2,1,2,0,128,532,113,626,456,431,794,998,993,967,493,968,260,686,688,759,479,405,494,400,761,658,409,977,408,163,848,844,664,377,93,287,752,131,107,96,89,90,70,89,127,15,96,61,104,27,46,29,50,50,119,89,50,15,12,78,51,68,44,45,34,25,20,37,75
[ 8100.282289] [AOA] Measurement: 0,1627135717.659171,08:55:31:9b:05:29,2,1,2,0,128,94,329,177,635,990,983,501,117,536,673,503,506,693,698,701,493,444,491,410,784,642,396,989,396,175,838,888,717,845,301,973,304,131,105,96,88,93,68,88,128,18,99,65,101,27,49,29,52,52,120,92,52,14,14,79,53,69,45,48,31,22,20,39,74
[ 8100.333504] [AOA] Measurement: 0,1627135717.710380,08:55:31:9b:05:29,2,1,2,0,128,574,141,614,423,445,842,565,166,520,710,491,451,252,946,271,680,22,724,426,790,191,660,941,379,157,831,871,734,877,312,605,992,128,106,98,92,91,67,88,129,17,100,66,101,26,48,28,53,53,120,91,52,14,15,78,53,71,46,47,32,20,19,40,78
[ 8100.380901] [AOA] Measurement: 0,1627135717.757783,08:55:31:9b:05:29,2,1,2,0,128,102,368,211,681,956,979,523,145,981,436,1003,328,299,960,241,688,3,768,1,22,89,559,923,351,189,868,948,756,910,384,1018,166,129,104,93,85,89,70,88,124,13,94,61,105,26,45,29,48,46,114,87,47,14,11,76,48,66,40,43,34,25,20,34,71
[ 8100.422470] [AOA] Measurement: 0,1627135717.799346,08:55:31:9b:05:29,2,1,2,0,128,119,363,170,677,996,1020,393,64,510,639,24,281,772,777,183,686,1,755,919,978,173,638,940,407,87,798,840,708,874,326,667,1,129,108,97,90,92,68,87,126,18,98,64,104,25,47,29,52,51,121,89,50,14,13,76,51,70,45,47,33,21,19,38,77
[ 8100.465127] [AOA] Measurement: 0,1627135717.842001,08:55:31:9b:05:29,2,1,2,0,128,603,188,204,666,978,1002,501,163,438,661,519,508,731,737,730,514,982,712,406,737,588,342,335,114,645,613,362,523,324,55,408,979,132,106,97,88,92,70,88,124,15,94,61,104,25,45,28,50,47,115,88,48,12,11,75,48,66,40,44,32,25,19,36,74
[ 8100.510112] [AOA] Measurement: 0,1627135717.886994,08:55:31:9b:05:29,2,1,2,0,128,548,110,628,398,10,14,524,155,480,641,528,478,743,773,279,701,10,788,907,977,143,598,302,102,645,637,349,532,257,96,657,55,127,106,95,91,89,67,87,129,19,99,66,98,25,48,29,53,54,122,92,53,14,15,78,53,74,47,49,29,18,19,44,79
[ 8100.554660] [AOA] Measurement: 0,1627135717.931542,08:55:31:9b:05:29,2,1,2,0,128,147,354,199,627,993,1007,485,97,1000,439,1014,276,774,773,621,458,981,731,987,16,195,648,965,385,157,815,963,776,895,343,759,975,121,99,89,81,82,67,83,115,12,87,58,101,26,41,27,44,41,104,80,43,12,6,70,41,58,34,37,33,27,18,27,59
[ 8100.618589] [AOA] Measurement: 0,1627135717.995471,08:55:31:9b:05:29,2,1,2,0,128,469,83,645,418,404,786,979,964,510,667,967,263,755,763,242,710,35,802,998,3,125,588,898,311,85,778,333,503,337,109,552,938,136,106,98,92,93,68,90,131,18,100,66,101,25,47,29,52,52,119,93,50,14,15,79,52,70,46,46,31,20,18,40,79
[ 8100.663035] [AOA] Measurement: 0,1627135718.039916,08:55:31:9b:05:29,2,1,2,0,128,546,87,186,624,967,990,529,154,894,398,927,231,728,736,642,455,544,576,468,813,579,374,289,83,623,622,422,580,336,137,292,661,130,109,98,93,91,68,88,130,18,100,67,100,27,48,29,55,54,122,90,50,13,13,78,54,70,46,47,29,22,18,40,78
[ 8100.706717] [AOA] Measurement: 0,1627135718.083599,08:55:31:9b:05:29,2,1,2,0,128,92,352,179,655,935,968,541,167,515,661,576,542,344,1013,267,702,968,692,967,1014,610,386,320,125,641,617,916,731,941,375,914,185,128,105,93,88,88,67,87,126,16,94,61,102,26,44,30,50,50,115,90,48,14,11,78,49,67,42,43,34,25,18,35,74
[ 8100.750861] [AOA] Measurement: 0,1627135718.127743,08:55:31:9b:05:29,2,1,2,0,128,593,180,611,400,440,823,588,226,482,712,608,537,199,899,688,453,445,522,461,801,593,378,429,187,169,828,914,715,873,266,342,755,131,105,93,89,89,70,86,123,15,94,62,104,25,45,29,50,49,118,89,48,14,11,75,50,65,43,45,31,24,19,34,71
[ 8100.795322] [AOA] Measurement: 0,1627135718.172205,08:55:31:9b:05:29,2,1,2,0,128,570,126,618,434,418,778,935,913,954,450,15,304,638,673,694,467,468,576,398,720,614,379,304,84,588,615,326,497,368,88,72,474,127,105,94,88,88,68,88,121,14,92,60,102,26,45,29,50,48,117,89,49,14,11,78,49,68,41,46,31,22,19,36,72
[ 8100.838688] [AOA] Measurement: 0,1627135718.215571,08:55:31:9b:05:29,2,1,2,0,128,569,143,630,403,402,800,963,989,919,472,965,224,733,722,706,505,397,528,376,746,611,296,310,111,630,628,376,533,369,50,115,594,131,105,94,85,88,67,88,125,16,95,61,104,27,44,29,50,47,115,87,48,13,11,76,50,66,41,44,34,24,20,35,72
[ 8100.877706] [AOA] Measurement: 0,1627135718.254588,08:55:31:9b:05:29,2,1,2,0,128,148,381,195,667,1006,11,505,112,554,685,541,478,235,930,190,636,17,775,945,975,643,392,342,124,582,579,365,560,377,111,800,196,128,103,92,88,86,66,86,123,15,93,61,102,26,43,28,48,45,113,87,46,12,9,71,45,60,38,37,33,27,18,26,61
[ 8100.924354] [AOA] Measurement: 0,1627135718.301229,08:55:31:9b:05:29,2,1,2,0,128,496,109,613,399,426,835,11,1005,498,686,572,502,232,931,742,492,451,533,394,738,575,321,309,99,609,581,416,561,888,255,914,272,131,104,93,87,89,66,85,123,16,94,63,99,25,46,28,50,47,115,86,48,13,11,75,48,65,41,43,32,24,19,34,67
[ 8100.969418] [AOA] Measurement: 0,1627135718.346300,08:55:31:9b:05:29,2,1,2,0,128,597,155,152,654,950,1009,470,144,514,628,581,539,299,946,235,702,997,734,922,982,253,694,909,370,198,835,986,792,854,320,785,985,128,105,95,89,88,68,88,126,14,93,62,103,26,45,28,50,48,115,87,48,14,12,74,48,67,42,43,33,23,19,35,75
[ 8101.013916] [AOA] Measurement: 0,1627135718.390797,08:55:31:9b:05:29,2,1,2,0,128,62,300,271,734,22,35,504,187,594,706,522,513,332,978,246,744,37,744,964,1017,163,650,948,386,77,743,914,753,826,343,115,347,133,108,96,92,92,66,87,128,17,98,66,100,25,48,27,53,52,123,91,52,13,14,78,53,71,48,47,31,18,20,43,78
[ 8101.058234] [AOA] Measurement: 0,1627135718.435114,08:55:31:9b:05:29,2,1,2,0,128,122,367,197,680,917,948,531,134,546,700,535,524,217,920,263,705,988,714,943,975,625,386,377,190,134,799,956,784,787,295,644,1013,141,113,105,95,98,80,98,136,13,100,66,117,29,47,31,51,48,121,90,49,15,10,79,50,67,42,45,37,30,22,33,72
[ 8101.102770] [AOA] Measurement: 0,1627135718.479645,08:55:31:9b:05:29,2,1,2,0,128,593,194,187,675,954,986,502,141,537,680,505,496,255,922,682,422,436,485,417,806,687,407,940,378,113,760,371,561,249,76,904,339,131,102,94,88,88,68,86,127,16,94,64,102,25,47,29,50,49,118,90,50,15,13,78,52,67,43,45,32,23,19,35,72
[ 8101.153762] [AOA] Measurement: 0,1627135718.530637,08:55:31:9b:05:29,2,1,2,0,128,37,292,248,722,1004,995,467,113,578,672,542,509,380,993,222,693,6,752,953,995,145,610,1008,403,181,801,870,719,819,345,153,537,123,102,91,83,86,68,85,117,12,88,58,102,26,43,28,47,44,111,86,47,13,9,74,45,63,38,41,34,25,20,34,67
[ 8101.199988] [AOA] Measurement: 0,1627135718.576870,08:55:31:9b:05:29,2,1,2,0,128,151,373,194,680,920,998,555,195,586,752,577,543,305,986,259,723,1006,693,999,1011,232,639,988,429,165,811,918,776,891,361,185,404,127,106,94,89,92,70,89,124,15,95,63,104,27,46,28,51,48,119,91,49,13,12,76,50,68,42,45,32,25,17,37,75
[ 8101.239147] [AOA] Measurement: 0,1627135718.616029,08:55:31:9b:05:29,2,1,2,0,128,4,307,643,465,412,812,8,1011,1000,471,999,288,272,955,218,687,13,761,937,951,654,406,916,367,49,760,958,745,947,348,36,382,131,108,96,90,92,64,87,128,20,101,66,96,25,48,28,54,55,123,93,53,14,18,79,55,75,49,49,28,18,21,44,82
[ 8101.284151] [AOA] Measurement: 0,1627135718.661033,08:55:31:9b:05:29,2,1,2,0,128,585,139,641,425,382,781,986,951,959,449,12,361,273,978,251,738,46,794,999,1012,106,566,927,351,122,811,370,577,345,57,283,626,136,109,97,91,90,65,88,128,20,99,65,98,26,48,29,53,55,124,94,51,13,17,80,55,72,48,50,29,18,20,42,80
[ 8101.323266] [AOA] Measurement: 0,1627135718.700146,08:55:31:9b:05:29,2,1,2,0,128,170,375,217,687,970,1001,606,233,471,646,533,457,258,943,223,688,0,722,460,807,614,380,367,157,120,768,397,566,897,329,340,668,127,106,90,86,86,70,87,121,14,91,60,105,25,44,27,47,42,109,83,46,14,10,73,45,62,38,40,33,26,20,33,66
[ 8101.368475] [AOA] Measurement: 0,1627135718.745355,08:55:31:9b:05:29,2,1,2,0,128,75,337,176,654,404,805,870,935,961,461,541,524,280,966,238,688,1007,706,397,832,642,436,322,143,579,580,365,535,362,94,694,11,125,101,90,83,89,69,86,120,13,90,60,102,25,43,27,44,43,108,83,44,14,9,72,44,59,36,37,34,27,18,31,65
[ 8101.413643] [AOA] Measurement: 0,1627135718.790521,08:55:31:9b:05:29,2,1,2,0,128,85,321,186,679,24,15,480,184,549,657,532,499,259,923,178,645,16,751,423,792,205,605,952,361,129,812,957,808,863,353,222,516,132,108,96,89,92,68,87,126,17,95,63,102,28,46,28,50,50,118,92,50,14,11,76,50,66,42,43,33,24,19,35,72
[ 8101.457972] [AOA] Measurement: 0,1627135718.834854,08:55:31:9b:05:29,2,1,2,0,128,517,102,237,733,977,988,956,948,3,475,960,275,742,735,659,449,494,579,393,820,218,591,370,159,620,630,945,738,328,58,68,539,126,99,89,83,84,68,85,117,13,90,58,104,27,42,29,46,42,107,82,45,14,8,72,45,59,37,38,33,28,18,28,61
[ 8101.502582] [AOA] Measurement: 0,1627135718.879463,08:55:31:9b:05:29,2,1,2,0,128,581,149,183,642,410,790,985,996,908,417,964,288,708,732,684,467,383,479,433,828,611,349,428,168,571,593,396,605,920,364,375,640,130,106,93,88,89,69,88,127,16,93,64,105,28,46,28,49,48,114,87,49,14,10,75,48,65,42,41,32,24,19,33,70
[ 8101.546729] [AOA] Measurement: 0,1627135718.923612,08:55:31:9b:05:29,2,1,2,0,128,92,337,188,628,356,761,923,943,920,427,985,289,700,709,221,663,416,490,364,737,147,573,941,368,193,834,925,713,891,260,749,76,125,102,91,84,85,66,86,118,12,88,57,104,26,43,26,44,42,109,83,46,14,9,71,44,59,37,38,33,26,18,31,63
[ 8101.594905] [AOA] Measurement: 0,1627135718.971780,08:55:31:9b:05:29,2,1,2,0,128,559,164,683,429,402,798,973,968,942,475,6,327,241,934,195,610,490,534,408,746,624,371,959,356,148,817,316,510,926,295,144,545,126,102,93,86,88,71,88,122,13,91,60,105,27,43,27,47,45,114,85,47,14,9,74,47,61,38,38,33,25,18,32,63
[ 8101.633890] [AOA] Measurement: 0,1627135719.010772,08:55:31:9b:05:29,2,1,2,0,128,81,319,186,644,960,985,474,91,967,435,36,322,292,961,250,693,42,801,998,18,247,658,928,333,210,892,901,733,845,329,122,443,128,106,95,88,90,67,85,126,17,97,63,99,25,47,27,51,52,120,92,50,14,15,77,50,71,45,47,31,20,19,40,79
[ 8101.675582] [AOA] Measurement: 0,1627135719.052458,08:55:31:9b:05:29,2,1,2,0,128,665,186,200,676,988,10,522,158,526,696,530,488,279,968,220,663,958,699,375,757,629,401,369,168,572,580,354,501,339,105,31,508,131,106,95,88,90,68,89,127,16,93,62,102,26,46,28,49,50,121,91,49,13,13,77,51,70,44,46,34,22,19,40,78
[ 8101.720593] [AOA] Measurement: 0,1627135719.097475,08:55:31:9b:05:29,2,1,2,0,128,76,321,145,595,458,823,982,957,544,672,556,487,287,996,232,711,1021,727,964,1019,188,599,910,333,109,812,968,788,905,381,818,956,128,102,89,84,87,70,86,120,12,92,60,106,26,41,28,45,43,107,82,45,13,8,73,42,58,36,38,35,27,18,28,62
[ 8101.765796] [AOA] Measurement: 0,1627135719.142678,08:55:31:9b:05:29,2,1,2,0,128,77,344,249,717,1016,1006,539,169,549,685,506,501,301,970,177,662,120,854,14,0,206,641,930,373,177,816,907,700,911,379,3,335,148,119,107,99,99,77,98,129,18,106,72,114,29,51,32,56,53,129,102,55,15,15,85,57,76,49,51,36,25,21,42,86
[ 8101.810435] [AOA] Measurement: 0,1627135719.187310,08:55:31:9b:05:29,2,1,2,0,128,78,338,188,684,960,986,902,926,929,421,1019,265,762,757,227,646,439,483,433,799,588,355,343,122,630,649,341,539,334,148,51,455,129,105,93,90,89,62,83,127,18,98,66,94,26,48,28,55,55,124,93,52,13,16,77,52,69,46,49,29,18,20,43,79
[ 8101.853286] [AOA] Measurement: 0,1627135719.230166,08:55:31:9b:05:29,2,1,2,0,128,100,353,266,706,989,1005,574,174,487,604,970,259,773,793,651,436,0,727,395,819,175,611,846,288,174,829,936,758,841,337,77,419,129,108,97,91,91,66,86,129,17,97,64,99,26,48,28,52,53,120,94,51,14,13,78,52,71,45,48,31,21,19,39,77
[ 8101.897073] [AOA] Measurement: 0,1627135719.273955,08:55:31:9b:05:29,2,1,2,0,128,143,359,184,645,979,990,1011,966,975,445,1018,267,709,698,640,450,468,533,410,828,631,405,346,161,557,577,368,534,858,286,481,879,130,103,93,87,88,69,88,123,14,93,61,105,26,46,28,50,48,115,89,47,13,9,75,46,66,39,41,34,25,19,34,69
[ 8101.944033] [AOA] Measurement: 0,1627135719.320908,08:55:31:9b:05:29,2,1,2,0,128,129,359,243,678,983,1006,482,159,545,784,526,513,250,906,271,663,1020,754,956,982,127,561,938,340,626,614,403,524,301,75,465,923,122,96,85,77,82,70,82,113,10,83,53,99,26,37,28,40,35,99,75,40,12,6,68,36,53,32,34,34,29,19,24,55
[ 8101.990889] [AOA] Measurement: 0,1627135719.367771,08:55:31:9b:05:29,2,1,2,0,128,547,112,674,463,979,998,529,181,513,694,588,546,229,961,627,439,402,504,431,794,616,381,390,135,212,850,875,705,341,144,985,462,128,110,100,95,93,67,89,132,19,101,66,98,27,48,27,55,54,123,94,53,12,16,79,54,72,47,49,30,20,19,40,79
[ 8102.033487] [AOA] Measurement: 0,1627135719.410363,08:55:31:9b:05:29,2,1,2,0,128,569,116,577,410,375,774,1000,989,990,472,616,558,191,908,191,678,939,682,445,799,117,520,414,197,160,815,936,723,987,350,901,171,133,107,96,88,89,70,88,124,16,95,63,102,26,46,29,51,50,120,90,50,13,13,79,52,68,44,46,32,23,19,37,73
[ 8102.079208] [AOA] Measurement: 0,1627135719.456083,08:55:31:9b:05:29,2,1,2,0,128,86,320,226,704,971,997,525,160,538,689,535,507,214,920,234,667,910,690,971,995,103,561,336,127,171,820,868,699,854,283,250,640,128,108,97,90,91,68,87,128,18,99,65,98,26,47,29,53,54,123,95,53,14,16,78,54,75,49,49,27,18,19,45,79
[ 8102.122394] [AOA] Measurement: 0,1627135719.499276,08:55:31:9b:05:29,2,1,2,0,128,591,153,154,624,453,817,528,159,526,684,550,482,760,775,184,626,467,545,987,1021,154,609,971,401,168,850,954,768,866,325,921,156,134,117,104,97,98,78,99,134,15,104,68,117,28,50,31,54,52,127,100,54,15,12,84,53,72,45,47,38,27,20,37,75
[ 8102.166953] [AOA] Measurement: 0,1627135719.543835,08:55:31:9b:05:29,2,1,2,0,128,557,135,188,671,951,990,969,967,960,491,6,301,216,938,663,412,488,539,348,732,646,395,935,390,187,872,843,698,341,37,418,883,130,105,92,85,88,69,87,120,12,90,60,103,26,40,27,46,44,110,86,47,14,8,73,44,62,36,39,35,28,19,29,62
[ 8102.211309] [AOA] Measurement: 0,1627135719.588191,08:55:31:9b:05:29,2,1,2,0,128,121,363,237,683,25,27,504,169,536,679,592,542,308,939,191,675,1016,711,1,23,178,632,949,389,148,827,840,683,852,337,304,623,145,116,106,100,99,78,98,132,17,108,70,114,29,52,31,54,54,130,98,54,15,13,85,53,72,46,46,38,28,21,38,78
[ 8102.251218] [AOA] Measurement: 0,1627135719.628094,08:55:31:9b:05:29,2,1,2,0,128,97,353,184,642,410,821,509,150,934,417,1014,289,727,787,234,698,376,495,408,767,678,439,884,309,117,799,930,729,302,90,70,506,128,103,92,85,87,68,89,121,14,90,61,104,27,42,29,46,44,110,85,46,14,10,76,47,65,39,42,34,25,19,33,67
[ 8102.307590] [AOA] Measurement: 0,1627135719.684473,08:55:31:9b:05:29,2,1,2,0,128,596,144,635,469,384,790,966,963,480,678,31,344,673,714,648,423,384,475,341,731,559,294,277,60,598,566,362,513,323,45,107,550,127,106,92,85,86,66,85,119,15,90,58,97,24,45,28,46,45,112,84,45,14,9,70,42,61,37,38,34,27,18,30,63
[ 8102.346150] [AOA] Measurement: 0,1627135719.723032,08:55:31:9b:05:29,2,1,2,0,128,149,368,188,660,414,815,947,962,931,497,924,253,712,742,699,460,537,581,449,818,110,545,339,143,552,578,391,527,359,75,685,1011,122,101,88,80,86,70,83,116,12,87,56,104,27,41,26,45,41,108,81,44,13,7,71,43,59,35,37,33,28,18,28,62
[ 8102.390785] [AOA] Measurement: 0,1627135719.767668,08:55:31:9b:05:29,2,1,2,0,128,555,110,672,450,15,22,514,156,565,718,598,511,318,978,178,647,948,680,960,970,159,608,894,341,164,856,947,785,891,316,245,570,135,108,98,91,92,66,87,127,20,101,67,97,26,49,29,55,55,123,95,53,14,16,80,54,73,49,51,28,19,20,45,84
[ 8102.435606] [AOA] Measurement: 0,1627135719.812488,08:55:31:9b:05:29,2,1,2,0,128,49,299,215,690,951,971,519,189,478,675,465,426,726,721,718,501,460,539,1013,1004,151,578,355,153,160,835,915,742,887,328,240,498,124,101,88,83,87,70,85,117,11,86,58,105,27,40,27,43,38,105,81,44,13,7,71,40,58,36,36,35,28,18,26,58
[ 8102.480196] [AOA] Measurement: 0,1627135719.857072,08:55:31:9b:05:29,2,1,2,0,128,163,378,150,631,1002,1018,450,118,533,641,994,286,222,929,690,480,12,785,925,952,232,668,875,334,145,834,932,742,837,292,51,386,132,108,94,89,90,71,88,127,15,95,62,101,25,44,28,51,49,120,89,49,14,13,77,51,68,45,45,31,23,21,38,75
[ 8102.526618] [AOA] Measurement: 0,1627135719.903498,08:55:31:9b:05:29,2,1,2,0,128,584,165,220,679,421,798,943,972,946,454,998,240,747,713,718,470,438,518,396,777,652,429,883,349,127,787,937,717,331,110,133,585,129,108,96,90,87,66,86,127,18,94,64,102,26,47,28,51,50,119,93,50,14,12,77,49,69,44,43,33,23,19,35,72
[ 8102.573859] [AOA] Measurement: 0,1627135719.950734,08:55:31:9b:05:29,2,1,2,0,128,145,355,592,389,441,806,557,156,543,682,563,517,326,989,297,723,43,790,969,1005,131,585,307,126,591,588,389,559,899,335,947,179,129,108,97,91,91,67,88,129,18,100,65,98,26,48,28,53,54,123,94,52,15,14,76,53,72,45,48,31,20,19,41,74
[ 8102.620520] [AOA] Measurement: 0,1627135719.997403,08:55:31:9b:05:29,2,1,2,0,128,487,86,653,409,389,797,975,982,948,467,1015,289,730,733,665,482,403,531,440,778,591,365,370,89,662,656,332,499,317,58,403,896,127,102,89,86,87,69,86,122,14,92,60,105,26,43,28,48,46,111,88,47,13,9,75,47,63,39,43,33,24,18,33,68
[ 8102.665267] [AOA] Measurement: 0,1627135720.042149,08:55:31:9b:05:29,2,1,2,0,128,131,356,134,626,989,1005,979,991,522,659,578,504,297,969,129,671,24,781,1004,1019,241,657,902,372,161,839,910,741,932,372,86,365,135,108,97,91,91,68,89,127,17,98,64,103,26,47,30,51,52,122,92,52,15,14,79,51,72,44,48,32,21,20,41,77
[ 8102.710181] [AOA] Measurement: 0,1627135720.087056,08:55:31:9b:05:29,2,1,2,0,128,538,109,635,437,375,760,971,964,965,452,18,362,322,979,181,658,463,511,414,770,620,360,326,117,601,593,322,516,312,70,564,19,132,106,95,90,87,66,88,127,16,97,63,101,26,47,28,50,51,117,91,48,14,13,76,50,68,40,46,31,21,20,35,73
[ 8102.754670] [AOA] Measurement: 0,1627135720.131552,08:55:31:9b:05:29,2,1,2,0,128,73,322,198,680,1006,33,510,160,577,643,556,494,293,935,222,698,977,735,367,777,182,616,959,374,187,832,909,730,838,360,142,349,134,106,96,91,90,67,87,130,18,99,65,100,26,48,28,55,53,124,93,53,14,16,78,54,75,48,49,29,20,21,42,80
[ 8102.801098] [AOA] Measurement: 0,1627135720.177973,08:55:31:9b:05:29,2,1,2,0,128,558,126,120,581,420,794,969,966,968,447,4,287,774,804,681,449,81,819,967,991,187,596,923,383,80,775,352,508,352,136,71,570,127,107,97,91,90,65,85,128,20,98,65,97,26,48,29,54,55,124,95,54,14,16,77,55,71,47,49,28,19,21,41,82
[ 8102.848342] [AOA] Measurement: 0,1627135720.225224,08:55:31:9b:05:29,2,1,2,0,128,98,344,297,734,994,1015,507,121,596,744,570,520,275,974,165,652,28,760,948,989,202,661,879,306,152,801,951,767,795,290,217,530,129,105,95,87,87,71,88,126,15,95,64,102,26,47,30,52,51,119,92,51,13,13,79,51,72,45,47,32,24,20,40,78
[ 8102.898230] [AOA] Measurement: 0,1627135720.275106,08:55:31:9b:05:29,2,1,2,0,128,567,129,639,419,434,802,980,974,955,451,986,244,725,725,691,481,510,597,937,969,100,559,340,143,596,586,434,572,278,67,464,941,129,106,96,88,91,69,87,126,16,97,63,101,26,47,29,51,51,119,90,51,13,13,76,50,68,42,47,32,22,18,37,72
[ 8102.944908] [AOA] Measurement: 0,1627135720.321783,08:55:31:9b:05:29,2,1,2,0,128,550,146,683,478,393,786,990,967,999,502,581,496,248,942,696,486,994,710,426,806,590,387,357,174,608,627,889,726,890,319,833,77,128,101,92,84,88,70,88,119,13,87,57,102,26,41,28,46,42,105,82,45,13,8,73,44,61,38,39,34,28,18,28,61
[ 8102.995450] [AOA] Measurement: 0,1627135720.372325,08:55:31:9b:05:29,2,1,2,0,128,70,328,161,664,1015,6,503,157,549,687,481,456,285,940,190,657,28,763,989,1015,200,630,931,360,105,770,378,527,330,152,380,721,128,103,90,84,86,71,88,119,12,92,59,104,27,44,29,49,43,111,86,48,13,10,72,45,62,37,41,34,27,19,29,65
[ 8103.042550] [AOA] Measurement: 0,1627135720.419432,08:55:31:9b:05:29,2,1,2,0,128,90,302,218,679,978,998,540,167,578,692,604,554,305,943,158,671,439,515,366,791,653,422,282,115,647,652,357,532,257,121,668,130,131,104,98,92,91,68,88,130,19,99,63,100,28,48,29,51,54,121,93,50,13,15,78,51,72,44,46,32,22,19,37,74
[ 8103.087517] [AOA] Measurement: 0,1627135720.464399,08:55:31:9b:05:29,2,1,2,0,128,583,158,168,610,970,987,523,157,538,667,1012,330,364,993,213,678,16,730,992,1003,143,604,949,345,197,855,949,768,815,296,28,400,127,108,96,89,90,67,88,130,19,98,67,103,27,48,28,52,53,122,92,52,12,14,78,53,71,46,48,31,22,19,39,78
[ 8103.126987] [AOA] Measurement: 0,1627135720.503869,08:55:31:9b:05:29,2,1,2,0,128,534,173,632,397,411,802,966,969,907,495,1002,262,639,669,683,455,364,467,479,755,599,286,315,100,603,599,330,513,382,59,483,933,128,103,93,85,89,71,86,121,12,92,61,105,27,44,26,48,48,111,87,48,14,9,73,45,63,39,41,33,24,19,32,69
[ 8103.166533] [AOA] Measurement: 0,1627135720.543414,08:55:31:9b:05:29,2,1,2,0,128,575,163,676,469,971,971,947,949,917,485,1002,261,713,707,695,442,424,508,373,720,586,321,280,52,631,606,386,512,323,32,850,393,122,99,86,79,81,67,84,110,10,84,54,103,27,38,26,40,38,98,75,42,13,6,67,38,55,30,35,34,29,18,25,55
[ 8103.213260] [AOA] Measurement: 0,1627135720.590136,08:55:31:9b:05:29,2,1,2,0,128,562,155,173,653,952,979,968,962,1014,486,960,272,735,737,734,512,466,556,986,986,244,643,888,331,113,789,342,508,331,109,861,330,134,104,96,89,89,66,88,127,17,99,64,100,25,47,27,53,52,119,91,51,14,12,77,52,70,43,47,33,22,20,36,75
[ 8103.255911] [AOA] Measurement: 0,1627135720.632787,08:55:31:9b:05:29,2,1,2,0,128,483,89,652,461,1000,1005,0,1015,519,651,970,268,263,930,692,503,429,500,377,744,634,364,334,124,672,628,371,519,345,85,263,739,126,103,91,86,86,69,88,123,14,93,60,104,27,44,28,48,45,112,86,47,14,9,72,48,63,39,42,34,25,18,33,69
[ 8103.301832] [AOA] Measurement: 0,1627135720.678708,08:55:31:9b:05:29,2,1,2,0,128,117,358,264,741,935,999,482,132,526,673,568,483,287,965,221,642,61,787,927,940,200,608,937,370,99,770,360,522,243,69,931,374,135,108,95,91,90,64,87,127,19,100,67,100,26,49,29,54,53,121,92,53,13,15,78,53,72,47,49,29,18,20,43,81
[ 8103.354366] [AOA] Measurement: 0,1627135720.731242,08:55:31:9b:05:29,2,1,2,0,128,544,130,162,655,962,1000,962,943,549,690,515,489,635,705,700,456,504,597,421,764,601,376,351,122,610,604,376,560,352,101,142,563,138,106,98,93,91,64,85,130,21,103,66,93,26,49,28,54,56,125,95,54,13,17,76,54,73,48,50,26,17,19,44,79
[ 8103.398220] [AOA] Measurement: 0,1627135720.775095,08:55:31:9b:05:29,2,1,2,0,128,116,361,239,710,23,33,546,164,516,674,551,552,372,991,206,660,9,740,953,991,90,574,335,132,542,542,964,765,887,355,418,767,125,101,92,84,88,69,85,124,13,92,60,104,26,43,28,47,43,108,84,47,13,9,74,46,62,38,41,34,25,18,31,67
[ 8103.448423] [AOA] Measurement: 0,1627135720.825304,08:55:31:9b:05:29,2,1,2,0,128,529,128,650,442,415,795,956,976,511,686,6,338,761,762,162,642,433,523,417,771,581,348,327,128,582,596,394,558,374,93,757,206,130,106,97,90,89,69,88,127,16,99,65,103,26,46,29,51,50,120,89,51,15,12,76,50,69,43,44,33,22,20,39,77
[ 8103.487167] [AOA] Measurement: 0,1627135720.864050,08:55:31:9b:05:29,2,1,2,0,128,93,353,138,639,950,983,502,125,529,683,562,510,274,943,235,704,14,769,989,996,197,604,940,319,123,773,955,780,844,345,651,939,132,107,95,87,89,69,87,123,17,96,61,103,27,47,29,50,51,116,88,49,13,11,76,50,66,41,44,32,24,18,34,71
[ 8103.535546] [AOA] Measurement: 0,1627135720.912423,08:55:31:9b:05:29,2,1,2,0,128,630,163,634,438,439,823,983,973,963,474,1005,286,664,700,698,486,381,463,415,802,617,349,370,128,630,601,402,534,382,84,272,651,131,106,94,87,88,68,89,123,16,92,63,103,26,45,29,49,48,116,90,48,15,11,75,47,66,39,43,32,24,20,35,71
[ 8103.586878] [AOA] Measurement: 0,1627135720.963754,08:55:31:9b:05:29,2,1,2,0,128,516,97,624,441,385,816,982,974,9,494,1005,302,237,906,694,519,2,772,949,1017,153,575,875,326,143,828,865,675,384,159,799,167,135,106,96,90,89,68,89,127,17,100,65,105,27,48,29,54,52,120,94,52,13,14,79,54,73,46,47,31,20,20,41,78
[ 8103.633681] [AOA] Measurement: 0,1627135721.010561,08:55:31:9b:05:29,2,1,2,0,128,60,346,204,681,997,1018,517,151,478,702,547,534,224,932,606,452,408,496,319,737,643,386,389,186,626,610,931,721,844,292,276,598,128,108,97,91,89,68,85,125,17,95,61,100,27,45,28,50,51,119,91,49,14,13,78,51,68,43,45,31,22,19,40,73
[ 8103.676981] [AOA] Measurement: 0,1627135721.053857,08:55:31:9b:05:29,2,1,2,0,128,139,355,178,677,1002,990,510,157,516,686,505,456,293,928,231,678,993,721,965,1001,602,388,374,184,97,778,879,721,808,325,790,76,128,108,97,92,92,66,88,132,21,101,67,95,25,49,28,54,56,124,93,53,14,18,79,57,76,50,51,27,16,19,46,84
[ 8103.717421] [AOA] Measurement: 0,1627135721.094303,08:55:31:9b:05:29,2,1,2,0,128,534,128,598,434,453,827,1018,961,533,654,562,517,272,941,693,477,448,499,339,740,583,376,345,154,614,598,386,509,334,112,92,485,126,103,89,84,86,69,87,121,12,92,61,105,27,42,28,47,45,109,84,45,15,8,73,45,62,38,39,35,27,18,29,64
[ 8103.756635] [AOA] Measurement: 0,1627135721.133516,08:55:31:9b:05:29,2,1,2,0,128,556,147,670,448,407,787,934,945,997,489,1009,304,724,783,263,699,8,745,948,960,610,342,924,330,135,813,892,716,883,280,483,883,127,100,91,83,85,67,82,117,12,88,57,104,26,42,28,44,42,106,84,45,14,8,72,43,62,36,39,34,26,17,28,61
[ 8103.799169] [AOA] Measurement: 0,1627135721.176046,08:55:31:9b:05:29,2,1,2,0,128,102,320,191,658,1005,996,469,137,898,434,981,258,655,696,718,502,1001,735,921,944,592,346,312,124,164,856,973,788,844,293,134,444,128,107,96,89,92,70,91,127,16,97,62,103,27,46,28,49,49,117,90,51,13,12,79,50,68,42,44,34,24,18,37,73
[ 8103.838498] [AOA] Measurement: 0,1627135721.215379,08:55:31:9b:05:29,2,1,2,0,128,613,153,203,689,17,9,459,103,467,666,969,269,728,728,689,481,464,526,476,813,658,384,925,303,639,599,421,610,877,290,327,770,132,104,93,85,85,66,86,123,15,94,60,101,26,43,28,49,49,118,89,48,13,11,77,49,68,42,45,32,23,18,37,72
[ 8103.883268] [AOA] Measurement: 0,1627135721.260146,08:55:31:9b:05:29,2,1,2,0,128,466,60,664,440,358,785,994,975,952,457,1020,292,278,933,188,622,1001,739,385,791,152,583,924,365,586,584,352,480,312,70,586,0,128,103,92,86,89,68,87,125,13,89,61,101,25,43,28,47,46,112,85,49,13,10,75,45,62,37,40,33,24,17,29,64
[ 8103.934483] [AOA] Measurement: 0,1627135721.311360,08:55:31:9b:05:29,2,1,2,0,128,555,130,631,401,461,806,984,973,954,440,580,521,291,962,189,662,496,562,387,764,626,389,309,97,588,570,356,508,322,39,917,333,130,105,94,86,86,67,83,120,15,92,57,102,26,43,28,49,45,113,85,45,12,10,74,46,60,39,40,35,26,18,29,65
[ 8103.984960] [AOA] Measurement: 0,1627135721.361836,08:55:31:9b:05:29,2,1,2,0,128,61,301,124,590,966,986,469,148,979,491,958,262,686,745,634,412,478,514,405,742,588,394,360,103,634,593,386,590,335,121,519,902,121,100,87,82,83,68,84,110,11,84,53,102,25,40,26,42,37,103,77,43,13,4,70,39,54,34,35,34,29,19,26,57
[ 8104.029608] [AOA] Measurement: 0,1627135721.406487,08:55:31:9b:05:29,2,1,2,0,128,84,339,180,668,14,6,509,142,408,596,946,252,699,704,715,470,436,525,393,762,629,401,967,364,200,853,984,774,862,295,212,454,125,104,90,81,84,67,85,114,11,88,57,103,25,42,27,43,41,104,77,42,14,6,71,43,59,37,35,35,29,18,28,55
[ 8104.071222] [AOA] Measurement: 0,1627135721.448103,08:55:31:9b:05:29,2,1,2,0,128,101,330,237,704,940,971,537,151,982,424,960,252,678,712,673,461,465,538,991,13,188,633,897,362,183,821,980,804,815,255,128,469,131,104,95,88,89,69,90,126,15,96,62,101,26,46,28,49,49,119,90,49,13,13,76,51,67,43,46,33,21,19,37,76
[ 8104.120830] [AOA] Measurement: 0,1627135721.497712,08:55:31:9b:05:29,2,1,2,0,128,560,141,182,655,992,976,937,915,508,676,10,311,261,948,285,712,1003,754,961,952,263,643,936,326,211,850,918,704,911,318,650,947,129,103,91,85,86,67,85,123,15,94,62,101,26,44,28,49,48,115,87,47,14,11,74,47,65,41,42,32,23,19,33,69
[ 8104.160829] [AOA] Measurement: 0,1627135721.537704,08:55:31:9b:05:29,2,1,2,0,128,558,151,656,456,419,800,990,980,975,464,1021,305,751,764,713,469,22,743,989,993,114,563,337,142,588,573,409,537,274,27,362,883,129,104,93,84,89,74,88,121,12,90,61,102,26,42,29,47,42,111,84,45,13,10,75,46,64,39,42,35,26,19,33,68
[ 8104.208812] [AOA] Measurement: 0,1627135721.585694,08:55:31:9b:05:29,2,1,2,0,128,102,324,189,652,433,806,524,157,960,478,952,267,684,715,695,463,25,746,977,965,137,559,943,348,218,845,905,729,337,64,972,429,116,96,81,76,81,69,83,110,9,81,53,101,26,38,25,38,36,96,73,41,13,3,67,38,51,30,31,34,29,18,24,51
[ 8104.255037] [AOA] Measurement: 0,1627135721.631914,08:55:31:9b:05:29,2,1,2,0,128,577,135,688,447,447,796,522,130,468,685,515,494,682,714,245,678,44,792,924,947,225,610,960,382,168,839,935,753,315,102,750,111,133,105,93,88,89,69,89,126,15,96,64,101,26,46,29,50,47,118,89,49,14,12,74,48,65,39,43,33,24,19,36,72
[ 8104.300234] [AOA] Measurement: 0,1627135721.677117,08:55:31:9b:05:29,2,1,2,0,128,70,333,209,660,11,14,538,181,591,741,592,540,223,945,621,426,507,574,432,817,601,349,454,243,110,794,955,766,835,270,994,332,131,108,95,87,87,68,85,122,14,90,61,102,26,43,28,47,44,110,83,46,13,8,74,45,61,37,39,34,27,19,31,64
[ 8104.339375] [AOA] Measurement: 0,1627135721.716257,08:55:31:9b:05:29,2,1,2,0,128,92,301,147,597,996,1019,512,227,558,698,592,583,364,2,266,716,2,744,977,1014,170,602,905,334,93,785,372,555,897,333,633,72,133,107,99,91,90,66,88,130,18,101,67,101,25,49,28,53,55,125,95,53,14,15,79,53,74,47,49,31,17,21,43,81
[ 8104.384107] [AOA] Measurement: 0,1627135721.760989,08:55:31:9b:05:29,2,1,2,0,128,566,156,225,644,1023,15,515,196,454,672,516,493,238,903,739,526,514,546,420,789,635,449,923,336,164,815,905,713,341,143,765,140,127,106,91,85,88,68,87,120,14,92,62,104,26,45,28,47,45,112,86,46,14,10,74,47,66,40,44,34,24,19,34,69
[ 8104.428497] [AOA] Measurement: 0,1627135721.805372,08:55:31:9b:05:29,2,1,2,0,128,49,310,173,656,438,801,983,979,512,626,505,482,305,950,206,702,5,732,970,18,169,645,932,381,172,857,997,829,842,398,347,484,130,105,97,91,91,69,89,128,18,98,65,102,27,48,29,52,50,118,91,49,14,14,79,51,69,44,44,31,23,20,36,74
[ 8104.472217] [AOA] Measurement: 0,1627135721.849092,08:55:31:9b:05:29,2,1,2,0,128,541,155,163,639,404,811,964,955,1015,452,17,270,293,970,274,763,9,749,964,4,216,646,833,290,104,799,876,770,778,340,375,636,128,108,93,88,89,69,88,126,16,96,63,103,25,44,27,49,49,116,86,49,14,12,77,49,69,41,44,33,23,19,36,71
[ 8104.522685] [AOA] Measurement: 0,1627135721.899561,08:55:31:9b:05:29,2,1,2,0,128,557,121,670,486,412,780,983,961,972,524,564,526,230,968,687,473,470,530,380,755,619,352,373,170,166,823,401,571,875,266,74,450,127,106,95,88,90,65,87,125,17,97,64,100,26,46,28,50,53,119,89,50,13,12,74,50,66,41,44,31,22,20,35,70
[ 8104.569287] [AOA] Measurement: 0,1627135721.946168,08:55:31:9b:05:29,2,1,2,0,128,108,338,215,667,976,0,466,162,515,665,1009,281,735,761,710,507,991,744,12,21,174,600,903,340,182,842,926,746,905,336,722,98,128,107,94,88,90,68,87,126,16,97,64,101,26,46,29,51,50,121,91,49,14,14,77,52,71,45,47,29,19,18,41,78
[ 8104.613807] [AOA] Measurement: 0,1627135721.990689,08:55:31:9b:05:29,2,1,2,0,128,592,152,664,446,421,813,1010,960,884,485,962,256,719,725,692,465,401,517,406,738,588,359,340,124,546,587,313,439,383,75,143,604,130,104,91,86,87,68,85,121,13,91,61,102,27,44,28,48,45,115,88,49,14,11,75,49,67,42,44,34,24,19,34,69
[ 8104.661285] [AOA] Measurement: 0,1627135722.038166,08:55:31:9b:05:29,2,1,2,0,128,132,364,242,703,1023,16,507,154,532,672,554,518,246,956,207,682,952,738,996,1013,165,632,911,304,605,639,357,553,357,162,463,798,127,105,93,86,87,68,86,122,13,92,59,101,25,43,28,48,46,112,85,48,14,10,76,47,66,40,43,33,24,18,33,67
[ 8104.700413] [AOA] Measurement: 0,1627135722.077288,08:55:31:9b:05:29,2,1,2,0,128,532,116,649,431,415,812,993,992,510,638,978,289,699,734,685,485,456,528,404,788,643,421,1012,417,180,820,939,748,883,335,21,382,130,106,94,88,88,69,87,125,15,96,63,102,26,44,29,50,50,115,90,49,14,12,78,50,68,44,45,31,23,19,35,73
[ 8104.743613] [AOA] Measurement: 0,1627135722.120494,08:55:31:9b:05:29,2,1,2,0,128,144,347,123,607,960,1005,986,977,1015,493,981,262,715,738,652,450,410,507,426,799,600,360,347,155,143,813,977,785,846,266,29,462,135,110,96,92,90,66,88,126,17,98,64,103,26,46,29,51,52,121,92,51,13,14,76,53,71,45,47,31,21,20,39,78
[ 8104.787984] [AOA] Measurement: 0,1627135722.164867,08:55:31:9b:05:29,2,1,2,0,128,103,365,167,650,10,7,469,145,914,432,941,269,781,786,706,476,433,475,409,773,192,612,952,392,152,803,925,772,923,319,627,0,124,99,91,83,86,71,88,119,13,87,57,106,26,43,28,46,44,108,85,46,15,9,74,46,63,38,43,34,25,19,33,69
[ 8104.834229] [AOA] Measurement: 0,1627135722.211105,08:55:31:9b:05:29,2,1,2,0,128,149,426,203,672,50,0,492,161,520,677,589,547,278,950,224,703,1016,747,962,990,182,627,900,331,177,816,958,793,864,302,434,777,129,106,99,93,91,65,85,130,23,103,68,91,27,50,28,58,59,125,95,54,13,20,79,56,77,51,52,25,12,21,50,87
[ 8104.881724] [AOA] Measurement: 0,1627135722.258607,08:55:31:9b:05:29,2,1,2,0,128,559,150,206,690,998,1013,501,126,505,696,960,281,769,778,195,649,24,760,953,986,208,651,856,311,88,772,889,677,922,329,186,492,127,120,111,100,102,76,98,129,19,112,73,111,29,51,31,58,61,127,104,58,15,16,86,58,81,51,53,33,23,22,45,87
[ 8104.925113] [AOA] Measurement: 0,1627135722.301988,08:55:31:9b:05:29,2,1,2,0,128,579,161,695,466,440,772,982,949,955,457,952,237,738,738,775,529,466,533,455,805,647,375,342,128,635,607,462,576,862,226,368,840,128,109,98,90,91,67,89,127,17,97,62,102,26,45,28,50,51,119,90,49,14,12,75,51,69,44,45,33,23,20,37,74
[ 8104.976606] [AOA] Measurement: 0,1627135722.353488,08:55:31:9b:05:29,2,1,2,0,128,64,341,256,687,1011,10,533,157,522,693,598,539,316,1002,247,750,984,665,975,964,161,595,318,105,152,801,345,525,302,106,97,524,130,105,94,86,88,65,88,124,15,93,62,103,25,44,27,48,47,114,88,47,14,10,77,49,68,42,43,33,25,19,35,70
[ 8105.024880] [AOA] Measurement: 0,1627135722.401758,08:55:31:9b:05:29,2,1,2,0,128,95,369,166,665,988,1010,437,122,517,641,602,505,398,27,120,632,63,754,971,4,148,599,891,360,105,780,941,792,903,383,510,730,128,105,92,87,89,68,87,125,15,94,63,99,25,45,28,50,48,117,89,48,13,10,75,48,65,39,43,34,24,18,33,64
[ 8105.070947] [AOA] Measurement: 0,1627135722.447822,08:55:31:9b:05:29,2,1,2,0,128,25,304,623,396,468,839,523,159,507,684,535,484,258,945,205,654,1016,706,390,789,625,405,343,122,161,821,916,741,915,383,586,833,128,109,98,92,91,68,86,128,17,99,65,100,25,48,29,52,55,121,95,53,13,14,80,55,71,46,48,31,20,21,42,81
[ 8105.122152] [AOA] Measurement: 0,1627135722.499027,08:55:31:9b:05:29,2,1,2,0,128,64,338,174,698,957,994,500,170,538,709,587,555,334,997,221,689,966,697,1006,1001,111,548,374,180,115,782,882,681,869,310,375,746,133,107,98,90,91,67,89,127,15,98,63,104,26,46,28,49,50,121,89,49,13,12,76,52,68,45,46,32,23,20,38,75
[ 8105.168721] [AOA] Measurement: 0,1627135722.545604,08:55:31:9b:05:29,2,1,2,0,128,543,128,719,518,1021,22,473,143,482,686,955,245,681,704,720,495,421,526,417,808,197,609,397,195,598,627,400,561,364,120,80,410,128,105,93,86,88,68,89,127,14,95,62,104,26,46,28,51,50,118,91,51,14,13,77,53,70,43,46,33,22,21,35,75
[ 8105.207631] [AOA] Measurement: 0,1627135722.584514,08:55:31:9b:05:29,2,1,2,0,128,564,106,607,377,435,831,965,989,569,710,520,477,268,973,179,638,434,506,465,832,205,624,921,372,128,815,824,655,347,133,993,406,128,109,95,88,90,66,85,128,19,99,64,101,26,48,28,52,51,120,92,51,14,14,76,52,70,45,46,31,21,19,39,75
[ 8105.246501] [AOA] Measurement: 0,1627135722.623384,08:55:31:9b:05:29,2,1,2,0,128,541,151,606,375,428,795,960,958,911,398,48,335,307,981,273,700,998,707,906,972,606,352,337,121,163,796,939,745,825,311,249,735,134,108,96,87,91,70,88,127,16,99,64,103,24,47,28,52,50,120,90,50,13,13,76,50,68,42,46,33,24,19,36,75
[ 8105.293519] [AOA] Measurement: 0,1627135722.670394,08:55:31:9b:05:29,2,1,2,0,128,86,311,216,640,973,5,546,200,504,715,545,502,298,952,220,655,989,714,437,815,579,341,356,114,616,616,382,555,938,315,229,520,118,100,85,81,84,68,84,116,12,86,57,101,26,40,29,42,41,100,78,41,12,6,68,40,55,34,35,34,28,17,26,60
[ 8105.336508] [AOA] Measurement: 0,1627135722.713384,08:55:31:9b:05:29,2,1,2,0,128,584,202,217,689,1005,1019,548,176,470,679,557,497,199,890,208,663,495,613,420,774,164,581,909,294,577,607,371,501,314,121,114,484,131,106,94,90,89,68,90,128,17,96,63,101,26,47,28,52,52,121,92,51,13,13,80,52,69,44,46,31,20,19,41,77
[ 8105.382256] [AOA] Measurement: 0,1627135722.759132,08:55:31:9b:05:29,2,1,2,0,128,554,174,214,681,406,820,997,1007,477,643,998,273,685,711,662,468,423,512,400,775,194,645,946,373,152,832,826,656,313,105,729,1005,127,108,100,94,90,66,87,127,18,99,64,97,26,47,28,52,54,121,93,52,13,15,78,53,72,48,49,29,19,20,41,80
[ 8105.431285] [AOA] Measurement: 0,1627135722.808167,08:55:31:9b:05:29,2,1,2,0,128,508,118,176,611,971,1007,973,990,603,739,532,475,308,958,233,685,25,783,11,33,220,599,944,377,54,765,867,717,303,118,54,469,133,107,97,92,91,67,87,127,18,99,66,102,26,47,27,51,49,117,89,51,12,12,78,51,71,44,47,32,23,20,39,74
[ 8105.471090] [AOA] Measurement: 0,1627135722.847966,08:55:31:9b:05:29,2,1,2,0,128,74,333,264,731,981,993,443,122,916,441,990,286,730,744,757,494,491,545,477,833,641,418,952,405,139,801,936,769,303,147,973,296,136,109,96,92,91,67,86,129,19,99,67,97,26,49,28,56,54,126,97,54,14,17,79,54,73,47,50,29,18,19,46,80
[ 8105.519577] [AOA] Measurement: 0,1627135722.896459,08:55:31:9b:05:29,2,1,2,0,128,74,340,144,622,453,807,470,105,607,699,538,487,337,983,221,707,35,716,989,31,169,619,899,312,121,800,917,762,838,374,290,579,127,107,97,92,90,67,87,129,19,98,66,101,27,47,28,53,53,121,93,52,13,15,78,54,71,46,47,30,20,20,42,78
[ 8105.560810] [AOA] Measurement: 0,1627135722.937685,08:55:31:9b:05:29,2,1,2,0,128,563,129,601,417,455,819,964,966,964,461,1003,254,676,710,692,472,461,562,438,792,123,614,899,328,101,799,929,696,344,109,872,233,127,118,109,104,100,74,99,127,20,112,72,111,29,53,31,59,60,128,105,60,16,17,87,59,78,49,52,33,23,20,47,87
[ 8105.607741] [AOA] Measurement: 0,1627135722.984624,08:55:31:9b:05:29,2,1,2,0,128,484,109,715,471,387,804,984,971,477,671,980,253,750,754,594,403,395,460,444,773,599,373,328,132,585,597,344,485,331,96,713,24,129,105,94,86,86,68,87,124,15,95,62,104,26,45,29,50,49,116,90,49,13,11,76,51,66,42,43,33,25,20,36,73
[ 8105.646272] [AOA] Measurement: 0,1627135723.023154,08:55:31:9b:05:29,2,1,2,0,128,99,328,592,444,471,864,489,153,502,664,581,496,697,737,221,680,1004,727,957,1001,195,638,912,332,554,551,419,589,925,372,570,906,126,102,91,83,86,67,85,118,13,92,58,101,24,42,27,45,44,108,82,45,14,9,74,46,60,38,39,34,28,20,30,63
[ 8105.690809] [AOA] Measurement: 0,1627135723.067688,08:55:31:9b:05:29,2,1,2,0,128,544,143,626,421,428,823,1007,991,579,720,578,550,330,998,259,678,0,767,945,977,200,630,914,356,127,810,920,737,865,260,95,545,128,103,91,85,89,71,90,121,13,92,61,102,26,44,27,47,44,112,84,45,13,9,74,46,64,39,40,33,25,18,33,66
[ 8105.735144] [AOA] Measurement: 0,1627135723.112026,08:55:31:9b:05:29,2,1,2,0,128,78,361,204,662,954,987,486,143,515,695,536,479,706,742,200,667,967,709,963,1006,603,380,340,172,587,580,351,546,307,98,315,736,128,108,96,90,89,68,87,127,17,96,62,101,25,46,28,51,51,120,92,51,13,14,79,51,70,45,46,32,23,20,38,74
[ 8105.779723] [AOA] Measurement: 0,1627135723.156599,08:55:31:9b:05:29,2,1,2,0,128,543,113,684,498,461,828,501,144,583,657,554,469,274,946,207,637,26,760,1013,1017,201,645,850,350,121,797,925,727,909,341,7,424,127,105,94,85,88,69,87,124,14,91,60,102,26,43,28,46,44,112,85,46,14,9,75,45,61,37,38,35,26,18,30,63
[ 8105.822941] [AOA] Measurement: 0,1627135723.199816,08:55:31:9b:05:29,2,1,2,0,128,588,110,680,451,402,772,987,977,889,401,924,219,745,704,717,489,450,540,375,773,683,395,395,172,614,598,398,556,959,366,407,660,134,104,95,88,91,68,86,129,15,96,62,100,27,47,28,51,50,121,93,51,15,13,77,53,69,46,47,31,21,19,39,78
[ 8105.873885] [AOA] Measurement: 0,1627135723.250760,08:55:31:9b:05:29,2,1,2,0,128,87,334,177,647,1008,1012,486,142,946,420,991,296,721,750,661,470,460,508,342,776,620,367,356,181,613,599,291,510,318,130,943,336,124,101,90,81,85,69,87,117,13,87,58,103,26,39,27,43,40,105,80,44,13,6,70,43,58,36,36,33,27,17,26,59
