
[ 3165.734604] [AOA] Measurement: 0,1627161907.572717,08:55:31:9b:05:29,2,1,2,0,128,47,15,879,788,709,992,24,226,94,933,160,14,880,353,16,194,480,852,154,694,357,495,656,420,698,155,447,204,365,111,1014,633,106,69,27,85,71,85,61,91,92,82,79,111,68,72,86,65,76,42,31,62,49,50,62,33,74,69,62,62,98,59,115,97
[ 3165.778647] [AOA] Measurement: 0,1627161907.616758,08:55:31:9b:05:29,2,1,2,0,128,717,321,318,923,663,968,487,366,121,928,779,237,385,555,1020,191,487,827,140,616,373,553,673,441,697,185,428,235,900,293,945,471,110,68,26,85,69,82,59,90,98,80,82,112,67,74,86,64,78,39,27,56,45,45,59,31,67,63,59,56,90,54,101,84
[ 3165.823811] [AOA] Measurement: 0,1627161907.661922,08:55:31:9b:05:29,2,1,2,0,128,620,233,336,935,676,967,477,347,663,101,759,211,441,605,970,161,427,806,613,490,848,350,668,438,261,373,15,441,891,281,637,156,98,64,24,82,69,81,59,86,87,83,75,110,67,67,86,65,76,45,32,61,49,52,61,36,71,67,60,66,94,59,113,101
[ 3165.869176] [AOA] Measurement: 0,1627161907.707282,08:55:31:9b:05:29,2,1,2,0,128,585,257,270,923,719,998,506,375,668,114,766,234,440,561,78,241,467,852,140,681,372,557,647,452,298,445,48,439,960,360,560,994,73,46,17,57,46,55,40,61,61,55,54,74,45,48,60,44,52,27,20,41,33,33,41,24,48,45,41,43,65,40,75,67
[ 3165.912450] [AOA] Measurement: 0,1627161907.750556,08:55:31:9b:05:29,2,1,2,0,128,61,25,290,926,188,798,503,360,634,91,728,209,410,579,2,204,455,820,154,676,340,527,641,427,258,385,995,392,893,283,683,236,105,67,25,84,70,83,59,89,94,83,82,111,67,72,87,64,78,42,30,60,48,51,61,35,71,67,62,63,95,58,108,95
[ 3165.961066] [AOA] Measurement: 0,1627161907.799180,08:55:31:9b:05:29,2,1,2,0,128,24,22,777,704,160,767,957,187,100,922,158,1017,884,339,451,7,920,652,609,414,825,307,112,277,268,362,115,464,843,249,356,964,96,63,23,81,66,82,56,87,82,78,72,105,61,65,81,61,75,43,32,60,49,52,58,36,69,67,56,64,90,55,110,102
[ 3166.000374] [AOA] Measurement: 0,1627161907.838481,08:55:31:9b:05:29,2,1,2,0,128,585,205,825,737,147,789,974,180,104,930,143,956,909,354,437,1014,880,608,555,423,393,525,652,446,224,354,431,186,366,106,37,667,96,64,24,80,66,81,56,86,84,80,73,105,64,66,84,63,76,43,30,59,49,52,57,36,69,65,58,66,92,58,109,98
[ 3166.050934] [AOA] Measurement: 0,1627161907.889040,08:55:31:9b:05:29,2,1,2,0,128,668,309,389,980,700,983,483,342,163,955,174,6,866,366,461,26,475,868,87,634,489,630,630,440,289,398,1023,363,902,274,374,967,85,55,19,67,59,69,49,74,76,69,65,93,55,58,73,53,66,36,27,51,42,44,50,31,60,58,50,55,80,50,93,87
[ 3166.096206] [AOA] Measurement: 0,1627161907.934319,08:55:31:9b:05:29,2,1,2,0,128,67,37,746,754,717,993,981,182,146,948,187,1022,934,371,496,20,472,820,627,482,321,461,97,231,732,193,417,186,453,157,803,354,94,64,23,78,67,80,56,85,85,81,74,106,64,65,84,62,73,42,30,58,50,53,60,36,71,67,58,66,94,60,112,102
[ 3166.139270] [AOA] Measurement: 0,1627161907.977376,08:55:31:9b:05:29,2,1,2,0,128,599,242,248,925,730,19,537,438,638,72,768,233,456,569,58,271,473,848,177,703,394,547,665,414,239,376,2,392,944,331,668,169,100,65,25,83,70,82,58,89,89,82,79,110,65,70,88,63,79,44,31,63,51,52,63,37,71,66,59,66,95,59,110,100
[ 3166.177845] [AOA] Measurement: 0,1627161908.015957,08:55:31:9b:05:29,2,1,2,0,128,608,209,340,949,789,30,570,456,751,165,708,201,441,560,961,178,459,833,147,672,847,350,116,235,276,420,43,440,943,337,550,36,90,58,21,70,59,71,52,78,79,71,68,96,59,61,75,56,67,35,24,52,43,42,54,28,61,56,52,51,78,50,90,79
[ 3166.221963] [AOA] Measurement: 0,1627161908.060075,08:55:31:9b:05:29,2,1,2,0,128,1004,1012,765,663,726,1023,558,454,679,103,721,215,404,540,437,1022,916,610,636,471,339,492,603,369,690,164,380,180,306,43,869,598,71,45,17,58,47,56,40,59,61,54,53,74,44,48,59,43,52,29,20,42,34,35,41,24,47,44,39,42,63,39,75,68
[ 3166.264793] [AOA] Measurement: 0,1627161908.102900,08:55:31:9b:05:29,2,1,2,0,128,567,226,310,911,138,766,980,190,152,979,142,980,823,308,470,1022,944,605,531,406,811,320,79,229,760,221,938,343,937,309,770,346,104,67,26,84,71,83,60,90,92,83,81,111,68,71,90,67,76,43,32,61,50,52,62,35,72,66,60,65,94,59,112,100
[ 3166.316608] [AOA] Measurement: 0,1627161908.154719,08:55:31:9b:05:29,2,1,2,0,128,597,212,341,959,733,989,495,380,707,104,768,193,500,631,1023,230,430,816,145,632,443,616,649,390,342,421,56,452,932,327,558,48,69,44,17,55,47,56,40,59,59,56,53,75,46,47,59,43,53,30,20,40,33,35,41,24,48,44,39,42,63,40,76,67
[ 3166.360257] [AOA] Measurement: 0,1627161908.198370,08:55:31:9b:05:29,2,1,2,0,128,635,258,326,965,750,16,440,337,142,956,685,155,891,364,999,170,485,869,174,727,460,613,616,395,292,429,972,379,383,128,42,668,94,62,23,80,65,81,56,88,88,82,75,107,64,68,85,64,76,43,31,59,50,52,61,36,72,66,59,64,92,59,112,99
[ 3166.398781] [AOA] Measurement: 0,1627161908.236894,08:55:31:9b:05:29,2,1,2,0,128,53,13,775,712,144,804,546,410,73,942,730,187,841,294,453,999,893,581,626,456,385,509,642,457,272,361,995,365,279,11,41,663,107,69,25,84,72,86,58,92,97,83,82,113,69,72,86,63,79,41,28,59,48,48,60,33,70,65,60,59,94,58,109,90
[ 3166.443389] [AOA] Measurement: 0,1627161908.281496,08:55:31:9b:05:29,2,1,2,0,128,54,20,817,757,126,803,985,200,682,102,56,912,890,357,433,1010,957,601,582,437,746,226,46,210,705,139,460,219,906,284,103,659,104,66,25,80,70,84,59,90,91,82,77,110,66,70,86,65,78,42,31,60,48,50,61,35,72,66,60,64,97,59,111,97
[ 3166.493468] [AOA] Measurement: 0,1627161908.331574,08:55:31:9b:05:29,2,1,2,0,128,44,36,334,943,184,787,950,158,137,903,219,61,360,502,449,1005,955,648,633,498,347,515,64,213,312,428,32,462,973,375,385,806,91,61,21,77,62,76,54,80,78,78,70,102,59,63,78,61,74,42,32,58,48,49,57,38,68,66,56,64,90,56,109,101
[ 3166.535784] [AOA] Measurement: 0,1627161908.373889,08:55:31:9b:05:29,2,1,2,0,128,593,224,346,942,721,982,507,372,671,146,742,213,499,661,17,244,533,907,178,709,430,590,677,419,311,436,98,483,926,301,914,455,72,44,17,55,47,56,39,60,60,54,53,75,44,48,60,45,52,29,21,40,33,35,40,24,50,46,40,44,64,41,76,68
[ 3166.574060] [AOA] Measurement: 0,1627161908.412171,08:55:31:9b:05:29,2,1,2,0,128,14,21,795,769,736,974,536,446,650,75,736,184,408,575,995,178,887,599,653,468,800,297,56,177,792,219,40,418,955,369,305,795,94,65,24,83,68,81,57,85,87,81,74,109,65,68,84,64,78,43,31,60,52,51,62,38,71,68,59,64,95,59,113,101
[ 3166.612165] [AOA] Measurement: 0,1627161908.450275,08:55:31:9b:05:29,2,1,2,0,128,553,173,813,761,143,820,1009,212,695,156,713,181,453,559,10,220,423,830,152,678,459,589,599,395,272,418,974,398,414,130,692,180,103,66,24,81,69,83,60,89,89,83,78,110,65,69,87,64,78,42,30,60,50,51,60,35,71,66,59,65,93,56,111,100
[ 3166.653765] [AOA] Measurement: 0,1627161908.491871,08:55:31:9b:05:29,2,1,2,0,128,609,267,395,977,703,1000,486,387,668,56,657,139,404,506,436,23,467,836,107,655,801,316,636,394,267,388,11,427,936,365,143,649,102,63,23,82,68,81,57,87,91,80,76,109,66,70,86,65,78,43,30,60,51,51,60,36,71,66,59,63,92,59,111,99
[ 3166.700067] [AOA] Measurement: 0,1627161908.538177,08:55:31:9b:05:29,2,1,2,0,128,613,218,798,699,196,800,924,151,149,954,750,205,377,532,426,1010,512,876,119,632,340,513,655,433,293,406,1001,360,360,116,3,609,97,64,23,81,66,80,55,84,84,78,73,105,64,65,78,62,74,41,33,58,50,51,57,38,67,64,55,65,91,56,107,101
[ 3166.744874] [AOA] Measurement: 0,1627161908.582985,08:55:31:9b:05:29,2,1,2,0,128,567,176,808,760,736,1005,534,403,90,931,165,1020,882,357,530,74,502,909,111,663,459,601,703,457,307,411,33,418,868,297,1007,592,103,64,24,83,70,83,58,89,92,82,79,109,68,69,88,65,77,42,30,59,49,50,59,34,69,68,59,63,93,58,108,100
[ 3166.789105] [AOA] Measurement: 0,1627161908.627212,08:55:31:9b:05:29,2,1,2,0,128,526,176,820,752,192,859,931,151,177,976,216,36,434,604,31,246,420,800,598,427,879,367,620,425,243,409,77,462,940,326,443,959,104,65,24,85,72,84,59,95,95,85,81,114,67,70,87,65,79,41,31,61,51,51,62,35,71,66,61,62,95,59,109,95
[ 3166.831982] [AOA] Measurement: 0,1627161908.670092,08:55:31:9b:05:29,2,1,2,0,128,615,235,317,945,703,7,1009,218,655,90,196,22,935,397,19,227,494,836,116,644,800,279,125,251,250,382,460,200,377,149,206,778,99,63,23,81,67,80,57,86,86,81,74,108,64,69,84,64,77,43,32,60,48,51,60,35,71,68,59,65,91,58,107,99
[ 3166.870529] [AOA] Measurement: 0,1627161908.708635,08:55:31:9b:05:29,2,1,2,0,128,533,180,266,907,155,800,992,197,174,944,216,14,464,629,1012,206,483,883,203,741,387,514,687,469,347,457,45,420,933,304,5,510,105,67,26,84,73,85,59,92,93,83,80,112,67,72,89,68,80,43,30,62,50,50,61,36,72,67,62,63,94,57,111,98
[ 3166.913445] [AOA] Measurement: 0,1627161908.751558,08:55:31:9b:05:29,2,1,2,0,128,72,40,793,709,194,803,953,180,138,961,198,11,415,565,23,207,424,748,619,448,860,359,70,212,767,241,17,399,952,337,819,306,95,62,24,78,66,80,54,85,80,80,72,102,62,64,83,60,75,41,31,58,50,52,57,36,67,63,54,64,87,55,107,98
[ 3166.956802] [AOA] Measurement: 0,1627161908.794915,08:55:31:9b:05:29,2,1,2,0,128,543,214,799,716,170,793,921,180,132,950,209,1010,444,575,4,209,420,806,617,459,843,301,664,457,276,370,22,422,839,244,999,597,97,63,23,81,65,81,56,85,82,79,71,104,62,63,83,62,73,43,32,60,49,51,56,38,69,64,56,66,91,58,112,103
[ 3166.995913] [AOA] Measurement: 0,1627161908.834025,08:55:31:9b:05:29,2,1,2,0,128,644,279,281,905,737,987,617,461,776,200,746,229,481,614,38,262,461,827,172,690,434,582,645,459,288,407,3,402,938,357,925,344,77,50,19,62,52,63,43,65,65,61,55,83,48,51,65,48,57,33,25,47,38,40,46,29,53,52,44,53,72,43,85,81
[ 3167.040249] [AOA] Measurement: 0,1627161908.878356,08:55:31:9b:05:29,2,1,2,0,128,576,170,350,943,663,972,969,194,690,73,748,198,388,541,67,228,469,851,182,687,370,551,639,403,251,414,7,403,896,273,102,672,84,53,19,67,56,68,47,70,72,65,63,88,54,57,70,52,63,33,25,48,40,42,49,28,58,53,47,49,77,46,89,82
[ 3167.087564] [AOA] Measurement: 0,1627161908.925675,08:55:31:9b:05:29,2,1,2,0,128,585,192,788,711,135,811,959,172,76,910,177,1019,942,403,488,33,872,626,218,705,368,516,650,449,263,399,1016,398,321,69,929,582,97,64,24,81,66,77,57,86,89,81,77,111,67,67,84,62,75,42,32,61,50,51,60,35,70,66,57,65,96,59,112,99
[ 3167.133919] [AOA] Measurement: 0,1627161908.972025,08:55:31:9b:05:29,2,1,2,0,128,586,236,335,988,660,981,531,398,696,160,704,198,389,554,31,230,477,860,117,634,408,569,554,396,279,412,148,472,945,373,383,815,85,54,20,67,55,66,47,73,79,66,66,91,54,58,70,52,59,30,20,44,36,37,48,25,54,50,47,47,76,46,86,75
[ 3167.178332] [AOA] Measurement: 0,1627161909.016442,08:55:31:9b:05:29,2,1,2,0,128,43,1019,727,712,259,870,540,402,693,114,706,190,352,505,28,225,521,871,102,633,827,305,658,446,303,414,1009,393,375,126,109,752,98,63,22,79,67,81,58,87,88,83,72,108,64,67,85,64,75,44,31,60,50,51,60,37,71,67,55,65,91,57,110,101
[ 3167.222520] [AOA] Measurement: 0,1627161909.060633,08:55:31:9b:05:29,2,1,2,0,128,20,1013,771,693,128,758,1021,216,67,933,169,980,855,349,500,23,488,831,592,464,809,340,21,174,683,184,438,146,324,80,618,292,100,65,24,82,68,81,59,86,85,80,74,106,64,68,84,62,75,43,32,59,50,53,61,37,70,66,54,64,90,56,109,103
[ 3167.265695] [AOA] Measurement: 0,1627161909.103803,08:55:31:9b:05:29,2,1,2,0,128,540,200,316,928,717,974,944,185,733,148,683,203,436,566,1009,203,461,854,142,658,335,548,672,439,218,379,13,421,992,360,15,521,105,65,23,84,70,82,59,90,93,83,80,111,67,72,87,63,78,42,31,59,51,49,61,35,71,66,61,63,95,59,109,96
[ 3167.309589] [AOA] Measurement: 0,1627161909.147696,08:55:31:9b:05:29,2,1,2,0,128,563,224,278,884,139,798,983,204,696,146,128,977,857,351,491,28,432,835,610,464,815,277,118,258,290,403,11,424,955,318,394,896,80,51,19,65,54,65,45,69,68,63,60,86,51,54,66,47,61,34,25,47,39,43,47,29,57,53,45,52,73,43,87,81
[ 3167.352307] [AOA] Measurement: 0,1627161909.190415,08:55:31:9b:05:29,2,1,2,0,128,576,235,323,935,766,1016,508,382,687,128,770,204,408,566,23,239,454,847,129,631,401,571,696,469,176,353,996,371,360,102,886,467,98,62,24,82,66,80,57,85,83,77,75,107,65,68,83,63,73,41,30,60,49,51,59,37,70,68,58,64,92,58,109,101
[ 3167.402413] [AOA] Measurement: 0,1627161909.240521,08:55:31:9b:05:29,2,1,2,0,128,33,44,753,674,246,845,978,230,73,921,176,983,862,311,395,988,915,632,654,502,821,308,50,165,708,180,425,175,356,80,427,102,100,65,24,83,68,83,56,88,84,81,75,110,66,69,83,65,74,44,32,60,51,52,60,39,71,66,60,66,94,59,112,100
[ 3167.449290] [AOA] Measurement: 0,1627161909.287403,08:55:31:9b:05:29,2,1,2,0,128,1022,1016,787,706,259,834,531,428,688,113,810,224,427,538,33,248,390,768,172,651,823,336,614,410,237,375,995,342,973,329,261,835,99,67,26,85,66,84,57,89,92,83,80,112,67,71,87,66,75,41,30,59,49,50,62,34,71,65,58,60,93,58,109,94
[ 3167.491145] [AOA] Measurement: 0,1627161909.329251,08:55:31:9b:05:29,2,1,2,0,128,576,237,330,919,731,1010,472,374,685,139,681,175,858,328,19,235,483,876,123,666,374,555,665,439,272,365,29,440,919,313,986,460,104,66,24,83,69,82,59,90,92,84,78,112,67,71,87,66,77,43,30,61,50,52,62,37,72,66,59,62,94,58,110,94
[ 3167.536534] [AOA] Measurement: 0,1627161909.374647,08:55:31:9b:05:29,2,1,2,0,128,617,224,339,947,680,1004,452,340,140,955,188,2,395,557,471,20,482,851,68,610,816,323,138,238,240,407,990,335,923,302,562,55,100,65,23,80,66,83,58,87,86,79,74,107,66,69,88,64,78,43,32,61,50,51,61,36,71,68,59,63,92,59,110,99
[ 3167.579244] [AOA] Measurement: 0,1627161909.417350,08:55:31:9b:05:29,2,1,2,0,128,576,221,245,933,724,6,568,410,649,98,139,978,894,359,436,11,890,603,614,483,836,306,63,169,701,189,508,216,931,298,326,865,85,56,21,69,59,69,50,75,75,68,65,93,55,58,71,56,64,36,26,50,42,45,50,31,62,57,49,56,78,50,94,87
[ 3167.617286] [AOA] Measurement: 0,1627161909.455397,08:55:31:9b:05:29,2,1,2,0,128,38,1003,789,727,167,790,18,268,56,887,192,985,939,414,976,157,927,608,567,410,787,296,0,173,704,129,467,184,306,36,648,386,96,63,24,78,67,80,56,87,85,81,74,108,62,68,85,63,75,42,30,59,49,51,60,37,70,66,57,63,91,58,108,101
[ 3167.658639] [AOA] Measurement: 0,1627161909.496745,08:55:31:9b:05:29,2,1,2,0,128,587,235,356,996,738,1002,533,429,676,100,738,232,480,606,1012,200,523,872,174,700,433,578,4,185,707,197,19,439,932,333,263,747,110,68,25,85,72,85,58,90,98,79,80,109,66,71,85,63,76,38,25,57,46,45,59,29,69,63,59,55,92,56,102,84
[ 3167.703600] [AOA] Measurement: 0,1627161909.541713,08:55:31:9b:05:29,2,1,2,0,128,602,219,308,911,761,42,511,438,650,134,781,228,437,611,1014,198,461,806,257,730,291,519,629,421,287,411,38,435,929,324,248,686,104,63,24,84,67,81,59,89,93,81,82,111,69,72,88,66,78,43,29,60,49,50,61,34,71,64,61,62,95,58,110,91
[ 3167.746503] [AOA] Measurement: 0,1627161909.584609,08:55:31:9b:05:29,2,1,2,0,128,11,1018,750,677,107,775,974,174,119,965,161,2,883,367,512,14,502,841,115,654,794,308,24,170,664,142,472,197,373,108,358,997,104,68,25,84,69,84,58,92,88,81,81,111,66,71,88,66,79,43,30,62,51,52,62,37,73,70,60,65,96,60,113,103
[ 3167.790311] [AOA] Measurement: 0,1627161909.628422,08:55:31:9b:05:29,2,1,2,0,128,621,241,269,900,735,1020,575,428,692,146,716,178,377,526,36,218,468,854,219,736,406,559,686,471,319,460,39,428,958,362,648,74,107,65,25,85,72,84,60,91,93,80,81,113,64,70,84,64,78,41,31,61,49,50,59,34,70,66,61,64,93,59,111,97
[ 3167.829176] [AOA] Measurement: 0,1627161909.667286,08:55:31:9b:05:29,2,1,2,0,128,612,268,315,928,663,1019,503,376,651,63,178,3,876,286,517,20,946,636,177,664,361,538,596,387,315,416,22,417,970,323,492,40,106,67,25,85,73,86,60,93,96,81,80,109,69,70,86,65,78,43,29,60,49,50,62,33,71,64,59,64,98,61,111,97
[ 3167.873510] [AOA] Measurement: 0,1627161909.711623,08:55:31:9b:05:29,2,1,2,0,128,0,992,791,704,156,769,977,189,168,982,109,972,821,307,498,24,945,630,620,463,849,305,124,235,253,346,458,182,320,43,258,942,99,64,22,80,65,80,56,85,86,79,75,106,63,67,82,63,72,43,31,59,50,50,58,37,70,66,54,65,89,55,110,101
[ 3167.917282] [AOA] Measurement: 0,1627161909.755388,08:55:31:9b:05:29,2,1,2,0,128,982,997,769,716,138,754,912,126,107,865,208,1012,872,337,427,996,950,626,582,427,807,312,57,201,709,184,445,174,902,289,510,92,102,65,25,82,68,82,56,89,87,81,76,108,65,69,86,63,79,44,31,62,49,53,60,37,70,66,58,66,93,60,111,102
[ 3167.960848] [AOA] Measurement: 0,1627161909.798959,08:55:31:9b:05:29,2,1,2,0,128,36,0,381,979,766,1,562,446,719,155,674,147,384,523,458,982,912,635,631,459,839,350,636,420,699,188,52,433,875,283,124,637,101,65,24,82,69,81,57,86,86,81,75,108,65,69,85,65,77,44,31,60,49,51,59,36,70,67,59,64,91,58,109,101
[ 3167.999619] [AOA] Measurement: 0,1627161909.837726,08:55:31:9b:05:29,2,1,2,0,128,102,88,349,949,718,994,539,417,608,97,648,179,839,326,467,998,893,589,644,472,871,361,103,256,736,203,20,419,306,85,185,901,102,67,24,84,70,84,58,90,90,81,79,111,67,70,87,65,77,43,32,61,52,53,61,36,73,68,59,67,94,60,109,101
[ 3168.043363] [AOA] Measurement: 0,1627161909.881470,08:55:31:9b:05:29,2,1,2,0,128,571,232,767,681,206,842,998,217,700,102,167,1016,930,396,992,154,453,820,147,620,398,550,611,383,649,128,430,194,387,128,518,54,84,53,20,68,57,66,48,74,75,65,64,90,53,57,69,51,61,32,22,47,36,38,47,25,56,51,48,46,75,46,88,75
[ 3168.094068] [AOA] Measurement: 0,1627161909.932173,08:55:31:9b:05:29,2,1,2,0,128,602,216,305,935,813,16,521,414,663,126,751,207,441,592,48,249,456,845,112,618,400,527,56,224,279,344,47,477,915,297,995,480,108,69,27,85,71,84,59,91,92,84,81,110,70,70,88,65,78,44,30,61,48,51,61,36,72,68,58,65,94,60,113,102
[ 3168.140398] [AOA] Measurement: 0,1627161909.978508,08:55:31:9b:05:29,2,1,2,0,128,46,30,728,682,136,778,931,145,149,969,180,1004,927,375,477,46,508,875,161,679,383,505,987,146,691,149,524,221,417,143,778,371,99,62,24,81,66,81,59,88,85,81,77,105,67,67,87,65,77,43,30,60,51,50,61,36,71,66,59,63,94,60,113,103
[ 3168.184814] [AOA] Measurement: 0,1627161910.022924,08:55:31:9b:05:29,2,1,2,0,128,12,48,778,691,174,798,932,183,155,972,131,977,908,371,1007,201,910,614,157,661,336,474,642,433,266,370,430,194,326,103,529,60,104,68,26,83,73,86,59,92,98,85,79,112,69,71,88,66,81,41,29,59,48,47,61,31,68,64,59,57,91,57,101,86
[ 3168.229214] [AOA] Measurement: 0,1627161910.067320,08:55:31:9b:05:29,2,1,2,0,128,641,266,285,913,181,816,976,209,99,922,155,958,822,340,482,0,909,605,178,717,353,483,92,223,284,382,1006,391,883,281,573,106,67,43,15,55,46,55,39,59,58,54,50,74,43,45,56,41,51,28,21,41,33,35,39,24,47,44,37,42,61,37,71,67
[ 3168.272332] [AOA] Measurement: 0,1627161910.110446,08:55:31:9b:05:29,2,1,2,0,128,654,203,338,963,789,30,577,430,671,116,707,175,400,539,483,27,449,847,170,692,379,545,656,419,246,398,49,470,964,322,21,414,97,62,24,81,68,83,58,87,91,80,76,110,66,69,86,65,77,44,32,62,49,52,61,36,72,68,57,65,95,60,113,103
[ 3168.315871] [AOA] Measurement: 0,1627161910.153983,08:55:31:9b:05:29,2,1,2,0,128,575,188,322,906,174,806,1003,212,116,941,185,1002,426,563,63,254,487,854,118,633,337,474,609,424,733,186,395,138,373,60,191,861,100,68,24,81,69,81,59,86,87,81,75,108,66,67,84,62,75,44,32,60,51,52,62,36,71,66,60,66,95,58,112,103
[ 3168.360399] [AOA] Measurement: 0,1627161910.198512,08:55:31:9b:05:29,2,1,2,0,128,974,977,785,734,152,797,4,241,675,125,674,168,428,584,22,235,457,840,143,668,335,520,678,467,705,172,456,152,300,42,1006,701,86,56,21,66,55,68,47,71,76,64,63,88,51,57,68,50,58,32,22,45,37,38,47,24,55,52,47,47,76,47,88,71
[ 3168.403783] [AOA] Measurement: 0,1627161910.241895,08:55:31:9b:05:29,2,1,2,0,128,587,216,782,742,763,8,483,403,664,111,187,5,469,596,2,231,420,810,100,640,390,568,615,453,294,439,59,446,964,364,354,744,103,68,26,85,72,85,59,92,95,82,80,113,68,73,89,67,78,43,30,61,51,49,62,34,71,66,58,62,97,56,109,97
[ 3168.447144] [AOA] Measurement: 0,1627161910.285257,08:55:31:9b:05:29,2,1,2,0,128,567,190,361,965,718,977,549,453,688,159,692,169,560,658,42,247,421,850,75,657,385,552,652,456,223,385,31,440,961,334,857,351,94,59,23,78,67,79,56,84,80,79,70,105,61,62,83,61,73,43,32,60,49,50,57,36,68,65,55,65,92,56,107,103
[ 3168.495327] [AOA] Measurement: 0,1627161910.333434,08:55:31:9b:05:29,2,1,2,0,128,61,56,767,749,746,5,544,431,731,150,710,143,458,582,971,185,448,849,613,470,857,351,93,236,217,364,976,343,915,273,972,522,99,64,24,81,67,79,59,85,87,82,76,108,67,68,86,64,80,43,31,61,50,52,60,36,71,68,60,65,95,58,114,105
[ 3168.539989] [AOA] Measurement: 0,1627161910.378100,08:55:31:9b:05:29,2,1,2,0,128,609,228,764,715,193,848,940,166,141,939,220,38,434,569,1000,199,498,832,117,650,357,519,558,395,254,407,68,456,925,301,168,678,72,47,17,58,49,56,39,60,63,54,55,77,47,48,58,45,53,27,20,41,32,33,40,22,45,43,41,40,62,38,73,63
[ 3168.584041] [AOA] Measurement: 0,1627161910.422151,08:55:31:9b:05:29,2,1,2,0,128,54,68,748,677,198,821,981,231,117,918,712,209,379,524,56,217,492,856,186,728,327,491,671,419,243,413,990,384,904,273,875,386,100,66,25,83,67,83,56,87,88,79,76,109,67,69,85,64,77,43,32,62,50,53,60,36,73,67,58,64,93,59,111,102
[ 3168.628627] [AOA] Measurement: 0,1627161910.466739,08:55:31:9b:05:29,2,1,2,0,128,95,30,767,733,143,798,948,157,93,937,137,985,894,363,468,6,956,627,195,692,349,513,126,247,276,412,485,215,886,275,816,455,62,40,14,51,41,51,35,54,51,51,46,67,39,41,52,38,48,27,19,39,31,35,36,25,45,43,36,43,58,34,69,67
[ 3168.671474] [AOA] Measurement: 0,1627161910.509585,08:55:31:9b:05:29,2,1,2,0,128,543,180,780,778,768,990,509,408,674,109,645,145,403,559,463,24,925,669,146,663,379,561,658,443,275,394,993,382,932,357,413,899,100,62,22,80,66,81,57,87,87,81,76,107,66,68,85,61,75,43,31,60,49,50,59,36,71,65,58,65,95,59,112,100
[ 3168.711090] [AOA] Measurement: 0,1627161910.549195,08:55:31:9b:05:29,2,1,2,0,128,578,228,326,918,755,1008,506,383,685,120,704,161,418,538,464,1012,437,856,89,655,851,344,590,375,281,424,995,344,867,270,419,902,104,67,23,80,70,85,58,92,95,81,81,113,68,73,86,65,76,42,29,59,49,50,60,33,70,66,60,59,92,59,107,90
[ 3168.762122] [AOA] Measurement: 0,1627161910.600228,08:55:31:9b:05:29,2,1,2,0,128,570,185,772,740,139,793,40,266,702,147,682,164,448,581,40,228,471,819,614,422,348,541,698,444,326,449,15,428,967,322,681,173,102,64,25,83,68,82,59,90,90,82,77,111,66,71,87,66,78,42,32,61,49,51,58,36,72,68,59,66,97,58,111,99
[ 3168.807505] [AOA] Measurement: 0,1627161910.645616,08:55:31:9b:05:29,2,1,2,0,128,604,262,358,947,757,1007,531,410,651,82,718,198,432,567,458,1010,975,635,619,464,342,557,654,457,269,378,34,427,938,296,1007,547,87,56,20,71,59,68,50,77,77,69,67,94,59,62,74,55,65,35,24,48,39,40,51,27,58,52,49,48,77,48,90,76
[ 3168.846394] [AOA] Measurement: 0,1627161910.684507,08:55:31:9b:05:29,2,1,2,0,128,615,230,305,918,713,1001,506,394,98,941,206,13,438,579,418,1007,463,853,652,544,380,547,654,450,232,405,74,448,915,301,631,177,103,65,25,84,70,83,58,89,89,81,78,109,68,71,87,65,79,44,32,62,49,50,61,36,71,67,59,66,94,59,113,101
[ 3168.888497] [AOA] Measurement: 0,1627161910.726604,08:55:31:9b:05:29,2,1,2,0,128,622,260,279,889,740,7,525,394,721,174,804,234,446,577,34,220,512,882,142,699,352,517,685,450,256,348,9,431,943,345,155,723,107,66,24,83,73,85,59,92,92,80,77,111,66,70,87,64,77,42,30,59,51,50,60,33,71,67,59,62,95,58,111,96
[ 3168.933294] [AOA] Measurement: 0,1627161910.771403,08:55:31:9b:05:29,2,1,2,0,128,16,993,814,754,76,756,44,231,654,119,158,994,491,616,48,257,432,808,600,462,839,302,22,154,691,173,405,176,381,105,509,161,91,57,22,72,61,72,51,78,81,71,66,96,57,60,75,55,67,35,25,51,41,43,51,30,63,57,52,55,81,53,96,85
[ 3168.975619] [AOA] Measurement: 0,1627161910.813725,08:55:31:9b:05:29,2,1,2,0,128,1009,13,346,891,119,752,1004,164,657,85,152,995,485,604,1019,233,434,815,69,596,825,298,12,206,756,201,970,381,906,258,170,720,99,65,25,81,68,82,58,86,88,81,77,110,66,70,86,65,76,43,32,60,50,52,60,37,73,67,58,64,92,58,109,101
[ 3169.019654] [AOA] Measurement: 0,1627161910.857759,08:55:31:9b:05:29,2,1,2,0,128,132,78,284,887,149,821,965,188,96,926,201,1017,869,323,498,14,963,634,621,488,379,558,663,450,224,355,413,173,300,61,604,280,93,61,22,76,63,76,55,83,81,79,70,102,60,62,80,62,73,42,32,59,48,52,57,37,68,64,56,63,90,56,108,100
[ 3169.063172] [AOA] Measurement: 0,1627161910.901285,08:55:31:9b:05:29,2,1,2,0,128,621,250,318,966,713,1007,490,369,144,991,766,218,500,626,6,192,436,828,75,633,837,295,5,152,729,199,51,440,857,275,769,291,92,62,23,79,64,80,56,82,80,78,70,101,61,63,81,61,72,43,30,57,49,51,56,38,69,65,54,65,88,56,107,100
[ 3169.106012] [AOA] Measurement: 0,1627161910.944125,08:55:31:9b:05:29,2,1,2,0,128,108,51,311,946,674,994,972,173,76,922,187,4,818,352,468,2,962,642,168,677,403,532,621,422,217,341,4,404,347,93,145,776,103,66,23,81,68,82,58,89,90,81,76,111,66,71,86,64,76,43,30,60,50,49,60,34,70,66,57,62,92,60,111,99
[ 3169.150149] [AOA] Measurement: 0,1627161910.988262,08:55:31:9b:05:29,2,1,2,0,128,585,221,317,923,674,992,956,151,162,979,764,231,399,557,48,240,550,907,131,673,405,559,616,394,282,387,2,411,930,342,141,581,105,68,25,86,70,84,59,89,91,84,79,113,67,71,87,66,79,42,31,63,51,51,61,36,72,68,58,65,94,59,110,100
[ 3169.188690] [AOA] Measurement: 0,1627161911.026801,08:55:31:9b:05:29,2,1,2,0,128,59,45,344,932,722,988,938,210,666,140,737,196,473,605,1021,213,489,856,113,625,350,522,657,467,222,335,13,406,914,289,85,625,70,45,17,56,47,56,38,61,60,54,52,73,44,46,59,43,53,29,20,41,34,33,41,23,48,43,40,42,64,38,73,63
[ 3169.234016] [AOA] Measurement: 0,1627161911.072122,08:55:31:9b:05:29,2,1,2,0,128,608,249,267,911,781,1016,424,371,663,121,692,166,921,397,20,238,458,814,136,635,392,553,696,449,309,423,20,414,932,294,948,418,104,68,25,83,71,82,58,90,90,82,77,109,67,70,87,64,78,45,31,61,51,51,60,37,72,67,60,66,96,60,115,104
[ 3169.284070] [AOA] Measurement: 0,1627161911.122176,08:55:31:9b:05:29,2,1,2,0,128,558,211,782,749,113,741,974,183,116,929,186,6,889,349,14,191,864,585,584,455,814,319,559,401,289,376,520,222,320,113,550,199,102,64,24,84,70,83,58,89,94,83,79,111,68,72,86,64,79,41,29,60,48,50,61,34,69,67,62,60,95,57,111,95
[ 3169.328181] [AOA] Measurement: 0,1627161911.166295,08:55:31:9b:05:29,2,1,2,0,128,578,207,348,978,694,989,477,404,730,124,720,195,456,597,11,207,463,876,209,702,353,562,651,453,252,376,1015,392,369,110,615,76,99,66,24,80,65,83,58,88,84,82,75,106,66,68,83,64,76,43,31,59,52,50,58,37,71,66,60,65,93,60,112,101
[ 3169.372962] [AOA] Measurement: 0,1627161911.211069,08:55:31:9b:05:29,2,1,2,0,128,50,12,795,725,162,791,35,221,706,165,684,196,369,578,1023,173,903,608,603,438,858,347,67,219,313,418,989,369,931,345,320,801,83,53,19,68,56,67,47,72,74,66,64,89,53,56,69,51,63,34,24,47,38,40,47,27,57,53,47,50,75,47,88,77
[ 3169.422855] [AOA] Measurement: 0,1627161911.260962,08:55:31:9b:05:29,2,1,2,0,128,568,201,414,945,761,1004,974,225,76,924,134,974,968,400,11,203,959,685,217,738,362,552,675,460,265,408,993,408,975,359,376,892,98,65,24,82,67,81,56,85,84,80,72,105,62,67,84,62,74,42,30,59,50,51,58,36,69,66,57,64,91,56,109,100
[ 3169.477204] [AOA] Measurement: 0,1627161911.315317,08:55:31:9b:05:29,2,1,2,0,128,604,234,307,890,663,963,532,421,647,93,138,968,852,360,20,221,504,853,147,684,339,547,702,467,318,450,12,407,875,273,704,340,101,66,25,83,68,84,59,88,88,83,79,111,68,70,87,64,75,43,30,62,50,52,61,36,72,68,61,64,93,59,110,99
[ 3169.521202] [AOA] Measurement: 0,1627161911.359315,08:55:31:9b:05:29,2,1,2,0,128,607,234,304,934,179,795,535,375,222,1014,765,195,424,588,939,142,938,598,644,458,805,307,81,242,739,184,1008,353,915,268,268,779,101,64,22,81,68,80,58,88,88,82,77,109,65,69,86,63,75,41,30,61,49,51,61,37,73,69,60,64,96,59,113,101
[ 3169.570535] [AOA] Measurement: 0,1627161911.408649,08:55:31:9b:05:29,2,1,2,0,128,83,48,832,736,727,1011,451,360,685,105,675,131,882,354,411,964,881,565,578,444,748,268,51,187,691,148,423,178,378,91,775,436,103,64,25,83,70,84,58,90,93,82,78,111,67,70,87,65,78,42,30,60,50,49,60,35,70,66,59,62,93,57,107,95
[ 3169.611844] [AOA] Measurement: 0,1627161911.449950,08:55:31:9b:05:29,2,1,2,0,128,575,193,307,911,691,973,536,384,657,106,732,174,525,655,32,267,472,865,120,649,346,499,78,220,292,384,52,447,905,292,868,370,100,66,25,83,67,81,59,88,87,80,76,109,64,68,86,64,76,43,31,60,49,53,59,37,70,68,57,66,94,60,115,105
[ 3169.662317] [AOA] Measurement: 0,1627161911.500424,08:55:31:9b:05:29,2,1,2,0,128,613,247,343,961,768,27,519,407,654,112,737,186,428,593,44,225,492,869,192,742,443,615,655,444,271,393,972,379,971,350,129,616,99,64,23,81,67,82,57,86,85,81,74,107,65,67,85,63,75,43,32,59,48,51,59,37,69,67,58,65,92,58,109,102
[ 3169.706798] [AOA] Measurement: 0,1627161911.544912,08:55:31:9b:05:29,2,1,2,0,128,44,32,369,1002,705,977,482,357,114,919,118,1000,886,355,448,9,952,644,231,711,375,528,628,436,247,360,1001,402,359,102,438,56,105,68,25,84,73,83,59,91,94,81,79,111,65,72,85,66,78,40,30,59,48,47,60,33,69,63,60,61,93,58,110,95
[ 3169.751004] [AOA] Measurement: 0,1627161911.589115,08:55:31:9b:05:29,2,1,2,0,128,610,232,328,902,757,0,961,181,660,98,219,39,416,563,45,235,467,806,208,684,305,449,110,239,706,184,7,416,887,272,906,538,83,54,19,68,55,69,47,71,74,69,61,91,55,58,71,53,64,36,27,51,42,44,51,32,59,56,49,55,78,49,94,87
[ 3169.793755] [AOA] Measurement: 0,1627161911.631865,08:55:31:9b:05:29,2,1,2,0,128,608,255,284,911,132,775,501,380,682,105,229,11,932,408,447,1022,982,667,638,478,317,509,81,204,757,192,420,161,349,86,500,115,104,69,26,85,72,84,58,90,91,81,79,110,66,70,88,65,81,44,30,60,51,52,62,36,73,68,61,63,96,62,115,99
[ 3169.837668] [AOA] Measurement: 0,1627161911.675781,08:55:31:9b:05:29,2,1,2,0,128,6,1003,747,677,243,832,939,151,52,900,129,988,821,306,436,1006,947,642,559,402,795,310,114,223,667,144,471,194,364,99,21,550,67,44,16,56,46,57,38,61,62,56,54,76,45,48,57,42,50,27,20,41,33,34,39,24,48,45,39,42,64,40,76,69
[ 3169.880875] [AOA] Measurement: 0,1627161911.718988,08:55:31:9b:05:29,2,1,2,0,128,59,61,870,776,704,1017,961,206,75,892,105,957,894,364,498,11,973,644,635,471,356,523,619,406,750,177,440,154,354,91,871,480,88,57,22,71,60,71,50,76,78,70,67,93,57,59,73,55,66,35,26,50,42,44,52,31,63,57,50,55,79,49,96,86
[ 3169.919620] [AOA] Measurement: 0,1627161911.757733,08:55:31:9b:05:29,2,1,2,0,128,585,230,281,871,136,795,1018,227,82,930,109,975,921,358,1015,208,505,872,144,673,348,545,572,406,234,383,393,165,369,91,149,800,103,67,23,84,70,84,59,91,88,84,78,111,69,71,87,64,75,44,31,60,51,52,62,36,73,68,60,66,99,60,113,101
[ 3169.958401] [AOA] Measurement: 0,1627161911.796512,08:55:31:9b:05:29,2,1,2,0,128,54,32,827,744,759,28,499,402,667,131,674,178,365,502,412,965,916,570,527,351,738,263,42,182,708,152,453,182,417,126,885,348,86,55,21,70,60,70,49,72,77,72,67,96,56,60,73,53,66,37,26,50,41,42,52,32,62,57,51,56,82,48,95,87
[ 3170.001614] [AOA] Measurement: 0,1627161911.839725,08:55:31:9b:05:29,2,1,2,0,128,613,216,332,951,741,1000,966,195,162,925,801,214,416,526,508,65,406,818,583,456,449,616,664,422,227,374,26,395,945,327,865,400,84,53,19,67,54,65,47,72,74,67,64,90,53,57,71,52,63,33,23,49,38,40,49,28,57,52,46,49,75,46,89,79
[ 3170.040586] [AOA] Measurement: 0,1627161911.878692,08:55:31:9b:05:29,2,1,2,0,128,598,196,319,928,124,790,510,376,684,154,738,163,802,295,437,1009,942,660,593,469,782,289,74,216,720,153,425,177,366,104,655,242,107,69,26,82,71,86,59,91,96,83,80,111,69,74,88,65,77,42,30,60,50,50,62,32,70,65,59,61,95,60,111,97
[ 3170.083028] [AOA] Measurement: 0,1627161911.921141,08:55:31:9b:05:29,2,1,2,0,128,20,1007,765,672,159,817,1021,232,686,55,173,1000,843,349,481,42,948,629,566,416,805,283,156,275,664,126,461,224,295,37,418,2,101,65,25,82,67,79,58,87,86,80,80,108,66,69,87,65,79,43,31,59,49,49,62,35,73,67,60,64,95,58,108,95
[ 3170.127044] [AOA] Measurement: 0,1627161911.965155,08:55:31:9b:05:29,2,1,2,0,128,592,230,356,945,699,947,990,195,87,912,198,1021,388,506,7,206,479,848,148,659,372,515,605,386,295,424,998,419,925,345,86,596,99,65,24,81,68,80,58,87,90,81,78,110,66,71,85,66,77,43,31,61,49,52,61,35,72,67,61,64,95,59,115,101
[ 3170.165738] [AOA] Measurement: 0,1627161912.003850,08:55:31:9b:05:29,2,1,2,0,128,564,230,310,906,762,9,520,398,691,117,705,144,864,357,470,11,935,648,577,449,856,354,611,380,729,163,457,198,380,107,567,184,81,51,18,65,54,63,44,68,67,64,60,85,51,53,66,49,60,34,24,47,37,39,46,29,57,51,45,51,74,45,87,79
[ 3170.204066] [AOA] Measurement: 0,1627161912.042179,08:55:31:9b:05:29,2,1,2,0,128,1000,981,334,927,744,1011,980,166,114,947,246,29,404,574,404,988,933,626,546,419,800,302,76,203,685,174,11,412,935,320,914,312,100,64,25,81,66,83,57,87,87,81,75,108,64,66,83,63,75,43,31,58,51,51,59,37,71,65,56,65,90,57,108,100
[ 3170.247496] [AOA] Measurement: 0,1627161912.085607,08:55:31:9b:05:29,2,1,2,0,128,579,209,317,898,121,782,949,198,154,977,697,202,403,596,21,238,455,862,97,600,848,365,11,207,749,217,460,180,402,105,701,323,104,66,24,85,70,84,59,92,93,84,77,111,68,71,87,66,78,43,32,61,52,51,61,37,72,68,61,66,97,58,111,101
[ 3170.285984] [AOA] Measurement: 0,1627161912.124096,08:55:31:9b:05:29,2,1,2,0,128,614,269,338,961,712,1015,534,414,687,93,150,1000,907,333,485,26,473,838,212,716,447,591,726,496,269,408,63,475,921,341,747,206,100,66,25,83,66,82,58,86,85,79,75,106,66,69,84,64,75,44,32,61,51,53,59,36,70,67,56,65,91,56,108,101
[ 3170.324571] [AOA] Measurement: 0,1627161912.162682,08:55:31:9b:05:29,2,1,2,0,128,615,254,363,997,770,28,530,409,684,128,770,222,370,562,65,249,513,879,180,695,406,573,647,416,295,365,24,388,941,313,756,242,97,62,23,80,66,82,57,86,87,81,74,106,66,67,84,64,73,41,31,60,50,50,60,37,72,67,58,65,93,58,109,100
[ 3170.367708] [AOA] Measurement: 0,1627161912.205816,08:55:31:9b:05:29,2,1,2,0,128,44,19,367,953,695,991,983,210,158,966,191,981,873,352,500,1022,937,619,661,495,356,541,661,462,258,405,997,403,955,340,854,335,99,66,24,82,68,81,57,83,86,80,75,108,65,68,85,63,75,42,31,60,50,51,59,37,70,67,55,66,94,57,108,100
[ 3170.406654] [AOA] Measurement: 0,1627161912.244767,08:55:31:9b:05:29,2,1,2,0,128,580,173,317,888,722,1007,479,339,693,109,759,231,382,552,1020,186,422,797,126,618,305,492,65,200,206,360,35,450,949,335,744,221,102,69,25,83,70,85,59,90,93,83,76,110,66,69,84,63,75,41,31,60,50,51,60,36,73,68,60,65,94,60,112,101
[ 3170.448798] [AOA] Measurement: 0,1627161912.286905,08:55:31:9b:05:29,2,1,2,0,128,530,202,748,727,123,767,936,164,89,919,148,1003,886,352,9,184,438,837,581,443,821,321,79,213,679,141,469,187,401,125,1015,532,87,59,21,76,60,77,52,79,74,75,67,103,60,63,79,59,72,40,30,57,47,51,56,37,71,67,55,66,90,56,108,100
[ 3170.487610] [AOA] Measurement: 0,1627161912.325723,08:55:31:9b:05:29,2,1,2,0,128,106,25,761,683,176,770,978,178,35,891,144,949,857,310,445,1004,976,636,594,432,820,306,57,219,282,364,455,168,422,119,58,630,93,60,23,79,66,78,57,84,78,77,70,103,63,63,80,60,73,42,30,59,48,52,57,39,69,64,55,65,86,55,104,99
[ 3170.533461] [AOA] Measurement: 0,1627161912.371575,08:55:31:9b:05:29,2,1,2,0,128,621,237,375,930,757,1015,511,404,710,142,123,1002,485,615,46,216,453,837,203,716,442,615,618,400,205,345,409,159,329,72,25,709,86,54,20,67,57,67,47,72,75,66,64,89,53,55,68,51,62,34,24,48,39,41,48,28,56,53,46,51,74,45,91,81
[ 3170.583170] [AOA] Measurement: 0,1627161912.421275,08:55:31:9b:05:29,2,1,2,0,128,24,999,789,725,787,5,505,367,136,956,145,1003,883,380,479,30,450,836,181,687,315,490,582,390,256,378,424,162,401,131,259,870,99,65,24,82,68,83,58,88,87,81,75,109,64,67,83,63,75,41,31,60,49,50,58,36,72,67,58,66,95,60,113,103
[ 3170.635856] [AOA] Measurement: 0,1627161912.473961,08:55:31:9b:05:29,2,1,2,0,128,50,27,770,705,184,807,2,239,698,75,185,1017,882,339,405,981,901,611,600,416,815,266,74,243,276,400,23,396,364,108,826,461,105,69,26,86,71,87,60,92,97,83,81,112,68,73,87,63,78,40,29,58,48,49,61,32,70,67,58,57,92,58,105,88
[ 3170.679646] [AOA] Measurement: 0,1627161912.517759,08:55:31:9b:05:29,2,1,2,0,128,619,203,298,928,736,971,522,417,669,79,245,21,419,565,1007,172,430,809,177,685,479,588,696,492,284,400,30,449,982,353,498,1023,69,43,16,57,45,55,40,59,60,56,54,75,44,47,57,43,51,29,19,40,32,34,41,24,48,45,40,44,63,39,76,69
[ 3170.723442] [AOA] Measurement: 0,1627161912.561553,08:55:31:9b:05:29,2,1,2,0,128,63,60,284,896,202,803,989,214,129,952,154,957,950,418,476,1014,889,593,672,465,360,537,573,374,738,200,472,182,332,100,876,388,104,66,25,84,68,83,57,90,93,81,80,112,67,72,86,65,76,40,27,59,46,46,60,31,69,64,59,59,91,57,102,84
[ 3170.766347] [AOA] Measurement: 0,1627161912.604453,08:55:31:9b:05:29,2,1,2,0,128,529,176,338,942,687,980,999,171,115,944,176,1009,434,580,20,212,415,802,645,494,883,368,671,427,680,149,449,181,987,357,344,844,73,44,16,56,49,57,38,62,63,55,54,75,45,49,58,43,52,27,20,40,31,32,40,20,47,44,41,41,63,38,74,65
[ 3170.810148] [AOA] Measurement: 0,1627161912.648255,08:55:31:9b:05:29,2,1,2,0,128,1019,999,780,740,105,734,934,182,83,920,200,988,896,376,980,155,963,628,682,534,373,532,46,199,700,144,446,159,322,36,876,508,94,62,21,77,61,79,54,79,78,77,68,101,58,62,77,59,69,40,31,55,49,51,55,39,66,65,54,64,88,55,104,100
[ 3170.852516] [AOA] Measurement: 0,1627161912.690629,08:55:31:9b:05:29,2,1,2,0,128,65,28,764,692,180,824,608,468,619,51,766,187,436,590,954,153,433,813,142,694,355,496,4,136,695,126,480,193,368,93,231,768,97,64,22,80,67,79,56,84,83,79,74,107,61,65,80,61,71,44,31,59,49,52,59,37,69,66,55,64,90,55,112,103
[ 3170.895656] [AOA] Measurement: 0,1627161912.733770,08:55:31:9b:05:29,2,1,2,0,128,29,1012,729,672,191,816,948,155,97,927,159,1002,906,379,531,2,901,624,576,448,749,265,42,187,701,137,435,185,302,40,5,812,91,61,22,75,63,75,52,80,76,76,67,101,59,61,79,60,72,43,32,57,48,51,57,37,69,66,57,66,91,57,110,103
[ 3170.939004] [AOA] Measurement: 0,1627161912.777115,08:55:31:9b:05:29,2,1,2,0,128,630,267,380,982,756,38,576,436,719,123,749,223,374,533,460,8,940,656,568,433,820,315,83,240,302,417,51,435,904,288,41,577,72,46,16,57,48,57,40,62,63,54,53,74,44,47,58,43,51,27,20,40,33,34,41,22,49,45,39,44,63,39,74,66
[ 3170.984371] [AOA] Measurement: 0,1627161912.822476,08:55:31:9b:05:29,2,1,2,0,128,612,237,309,923,726,965,963,139,731,153,754,206,405,545,942,137,520,850,571,471,381,532,577,382,762,221,1004,422,958,357,921,413,83,53,19,67,58,67,45,70,71,64,63,88,54,57,70,53,62,32,23,49,40,39,49,27,58,54,47,50,74,46,88,77
[ 3171.030440] [AOA] Measurement: 0,1627161912.868553,08:55:31:9b:05:29,2,1,2,0,128,601,232,294,905,191,813,1020,219,714,170,653,128,930,372,993,215,440,862,122,681,420,603,694,491,272,413,979,424,892,273,368,989,104,68,25,85,71,86,60,90,93,81,78,110,66,71,86,64,77,41,29,61,49,50,61,33,70,68,61,61,94,59,108,91
[ 3171.077080] [AOA] Measurement: 0,1627161912.915190,08:55:31:9b:05:29,2,1,2,0,128,655,271,329,945,680,973,537,455,679,139,746,197,471,613,1021,218,436,845,177,678,412,566,636,427,284,394,19,450,947,347,514,6,86,57,21,71,59,71,50,76,78,70,67,96,58,59,74,54,67,37,27,51,42,44,52,30,61,58,51,57,81,51,93,86
[ 3171.120698] [AOA] Measurement: 0,1627161912.958804,08:55:31:9b:05:29,2,1,2,0,128,57,21,850,753,767,1006,987,175,126,941,116,954,854,318,410,981,863,505,543,362,759,256,1020,155,677,107,459,159,388,81,356,65,70,45,17,57,47,56,38,60,59,54,50,73,44,47,57,43,53,28,20,40,32,33,40,24,48,44,40,44,62,38,75,67
[ 3171.163108] [AOA] Measurement: 0,1627161913.001221,08:55:31:9b:05:29,2,1,2,0,128,96,81,284,853,207,817,952,160,51,876,166,981,921,353,433,1002,988,671,101,584,786,284,83,214,285,392,7,427,931,309,572,40,83,54,21,68,58,70,50,74,74,71,65,95,56,57,72,54,66,36,27,51,42,43,51,31,61,57,50,55,79,50,94,87
[ 3171.206028] [AOA] Measurement: 0,1627161913.044139,08:55:31:9b:05:29,2,1,2,0,128,20,1023,801,732,191,788,1001,217,118,948,183,13,393,563,984,178,446,801,595,441,788,275,73,202,701,173,482,268,909,308,996,441,102,64,24,85,70,81,58,89,91,80,80,112,66,72,87,63,76,39,28,59,48,48,57,32,68,63,61,59,92,58,108,92
[ 3171.244796] [AOA] Measurement: 0,1627161913.082909,08:55:31:9b:05:29,2,1,2,0,128,989,984,792,743,711,983,519,381,723,150,728,222,469,647,33,252,519,888,100,664,329,511,60,224,262,360,38,430,907,321,99,644,107,66,25,84,70,83,58,88,91,83,79,112,67,73,88,65,78,42,32,62,50,51,63,36,71,68,59,65,96,59,110,97
[ 3171.283399] [AOA] Measurement: 0,1627161913.121510,08:55:31:9b:05:29,2,1,2,0,128,48,32,368,972,702,988,972,175,80,909,166,15,852,333,493,1018,877,571,634,480,856,362,627,387,250,429,1012,389,908,311,329,969,90,57,22,71,62,70,52,76,80,71,68,95,58,59,71,55,67,36,24,50,41,42,52,28,58,53,50,51,82,48,93,81
[ 3171.326920] [AOA] Measurement: 0,1627161913.165032,08:55:31:9b:05:29,2,1,2,0,128,48,26,767,714,755,1006,452,366,671,108,739,195,397,540,949,142,923,647,631,482,813,343,117,263,287,389,1016,391,965,355,943,461,85,53,19,67,58,69,47,73,75,67,64,91,55,58,71,52,64,33,23,48,38,39,47,25,56,51,47,48,75,46,87,78
[ 3171.365296] [AOA] Measurement: 0,1627161913.203409,08:55:31:9b:05:29,2,1,2,0,128,579,195,319,918,685,993,515,378,134,985,737,198,401,546,1022,209,525,883,138,697,349,497,633,424,669,195,420,167,347,123,54,567,102,66,25,81,69,82,58,88,88,80,77,109,67,70,85,63,77,42,29,57,47,50,61,35,72,67,60,64,92,58,110,96
[ 3171.408793] [AOA] Measurement: 0,1627161913.246905,08:55:31:9b:05:29,2,1,2,0,128,89,38,801,744,190,803,1004,187,150,928,171,4,441,566,24,213,409,827,637,447,858,358,665,444,189,340,450,195,406,105,890,461,104,68,26,82,70,84,60,90,95,85,81,111,68,72,86,65,76,42,28,60,49,49,59,33,72,65,60,61,94,59,109,90
[ 3171.446740] [AOA] Measurement: 0,1627161913.284854,08:55:31:9b:05:29,2,1,2,0,128,608,219,327,938,813,19,534,442,680,141,658,152,884,374,538,36,497,859,219,700,375,542,669,444,350,474,1010,413,961,365,626,139,100,64,24,81,68,81,58,86,86,81,75,108,64,66,82,63,77,41,32,59,48,51,58,36,69,64,58,63,91,59,109,101
[ 3171.489501] [AOA] Measurement: 0,1627161913.327608,08:55:31:9b:05:29,2,1,2,0,128,89,29,376,959,723,5,517,384,687,131,730,176,391,531,406,959,974,642,628,477,746,293,98,221,760,178,500,208,365,112,1020,589,89,57,19,70,59,70,51,76,78,69,68,94,56,61,75,55,68,35,27,52,43,43,52,29,62,58,51,54,80,50,95,81
[ 3171.527736] [AOA] Measurement: 0,1627161913.365850,08:55:31:9b:05:29,2,1,2,0,128,600,221,337,967,690,983,984,142,695,113,784,215,412,576,34,233,557,914,196,725,453,580,759,483,249,401,1011,398,858,295,109,652,71,44,15,56,47,55,39,62,62,55,50,75,45,48,59,43,50,27,20,40,32,32,41,22,48,44,38,40,62,39,73,62
[ 3171.572230] [AOA] Measurement: 0,1627161913.410341,08:55:31:9b:05:29,2,1,2,0,128,75,45,307,910,739,996,525,380,658,114,137,969,895,373,546,66,390,783,578,430,804,324,83,220,283,393,986,370,926,282,972,436,102,67,26,84,70,82,57,88,88,79,77,108,67,71,86,64,77,43,30,62,51,49,60,34,72,67,60,62,95,59,109,96
[ 3171.622090] [AOA] Measurement: 0,1627161913.460198,08:55:31:9b:05:29,2,1,2,0,128,52,29,385,945,660,1004,517,383,701,137,635,146,849,332,446,2,915,624,160,672,457,590,653,420,223,388,987,358,936,302,656,155,104,68,25,84,71,83,59,89,95,84,82,114,67,72,87,65,78,43,31,60,52,52,62,35,74,68,60,65,95,60,111,98
[ 3171.672621] [AOA] Measurement: 0,1627161913.510728,08:55:31:9b:05:29,2,1,2,0,128,632,222,295,905,205,838,953,133,185,967,220,1023,861,323,500,994,966,655,613,435,849,355,699,439,256,403,27,431,319,124,105,727,99,63,23,77,68,82,58,87,88,81,77,109,66,67,85,65,76,41,30,60,51,52,59,36,70,66,56,64,92,57,108,100
[ 3171.718228] [AOA] Measurement: 0,1627161913.556340,08:55:31:9b:05:29,2,1,2,0,128,619,252,242,865,177,825,954,177,131,940,717,204,376,545,20,213,918,652,126,658,372,564,676,437,310,448,13,413,941,331,581,105,97,62,23,81,66,81,55,83,87,80,76,108,64,67,86,62,77,42,30,60,51,51,60,36,71,67,58,66,93,59,108,102
[ 3171.762662] [AOA] Measurement: 0,1627161913.600772,08:55:31:9b:05:29,2,1,2,0,128,51,42,311,896,153,776,577,423,705,149,757,244,422,577,17,249,490,826,87,622,350,509,634,404,747,189,445,207,908,291,43,602,106,68,24,84,72,84,59,90,93,83,78,108,68,70,87,66,78,42,31,61,50,52,61,35,72,65,59,64,94,58,110,97
[ 3171.812805] [AOA] Measurement: 0,1627161913.650912,08:55:31:9b:05:29,2,1,2,0,128,982,989,791,732,201,828,528,431,671,114,704,178,352,481,531,13,837,577,599,420,762,270,75,174,771,236,974,367,358,116,362,1003,98,63,24,81,67,82,56,87,88,83,75,110,66,70,86,65,76,43,30,60,50,50,59,36,71,67,59,65,94,58,111,101
[ 3171.864667] [AOA] Measurement: 0,1627161913.702773,08:55:31:9b:05:29,2,1,2,0,128,618,235,811,765,761,965,539,407,684,88,154,998,420,539,1017,174,480,828,143,656,466,614,656,425,217,378,7,404,939,321,972,439,103,68,25,83,72,85,59,92,92,83,79,111,68,71,87,64,75,43,30,61,49,50,60,34,70,66,58,64,96,59,111,101
[ 3171.903337] [AOA] Measurement: 0,1627161913.741448,08:55:31:9b:05:29,2,1,2,0,128,557,199,717,681,220,867,539,410,695,187,653,129,865,343,475,41,871,633,622,461,850,316,669,403,691,182,499,233,370,101,609,246,96,61,23,81,65,80,57,85,84,80,76,106,63,67,83,64,75,43,32,58,50,50,57,38,70,66,56,67,89,57,111,103
[ 3171.945144] [AOA] Measurement: 0,1627161913.783251,08:55:31:9b:05:29,2,1,2,0,128,729,351,371,993,743,1022,508,424,701,137,723,179,406,567,983,201,496,875,101,655,344,547,624,411,259,391,46,444,949,313,811,332,84,53,21,69,57,71,49,73,76,68,65,93,55,59,71,55,65,36,26,51,41,42,49,30,58,55,48,54,79,48,93,83
[ 3171.990021] [AOA] Measurement: 0,1627161913.828133,08:55:31:9b:05:29,2,1,2,0,128,57,2,793,722,731,1003,568,420,671,109,142,965,867,367,408,951,875,579,565,405,818,285,74,217,695,154,406,147,378,84,350,26,98,62,24,80,66,79,56,83,84,82,71,104,63,65,81,62,75,42,31,60,49,53,60,37,69,68,57,66,91,56,111,102
[ 3172.035185] [AOA] Measurement: 0,1627161913.873294,08:55:31:9b:05:29,2,1,2,0,128,569,241,319,946,727,986,976,186,635,102,730,203,391,511,485,16,432,845,100,613,359,531,73,212,754,179,497,216,365,86,759,369,85,54,19,68,56,68,47,73,76,66,65,88,55,57,69,52,62,34,24,49,39,41,50,28,57,52,47,51,77,48,88,81
[ 3172.078616] [AOA] Measurement: 0,1627161913.916723,08:55:31:9b:05:29,2,1,2,0,128,566,209,337,975,682,946,534,402,663,108,130,984,880,347,450,14,962,664,641,487,341,478,614,417,283,415,3,393,911,295,204,710,70,45,16,57,46,57,40,60,60,55,52,75,44,46,57,44,52,30,21,39,34,34,39,23,47,44,39,44,63,38,76,70
[ 3172.122386] [AOA] Measurement: 0,1627161913.960492,08:55:31:9b:05:29,2,1,2,0,128,45,19,847,734,129,783,986,203,112,946,166,1022,935,383,435,1012,936,609,569,415,825,331,54,173,744,160,514,196,897,255,293,924,70,44,17,56,48,57,39,61,61,55,52,75,43,47,58,43,52,29,21,40,34,35,39,25,48,45,39,43,62,39,75,68
[ 3172.171856] [AOA] Measurement: 0,1627161914.009966,08:55:31:9b:05:29,2,1,2,0,128,34,28,758,680,213,841,948,179,120,950,145,986,387,572,1,209,865,578,608,461,784,275,21,176,758,215,10,389,913,278,702,287,104,68,24,81,69,82,58,87,86,81,77,109,65,71,84,63,76,44,31,59,50,51,61,35,71,68,59,66,95,58,108,99
[ 3172.219690] [AOA] Measurement: 0,1627161914.057797,08:55:31:9b:05:29,2,1,2,0,128,580,248,259,888,104,737,996,223,101,922,225,17,401,533,468,6,877,567,529,405,808,313,647,428,244,359,991,384,912,310,475,29,109,70,25,86,72,85,61,91,98,83,81,113,68,73,88,66,79,41,32,62,49,50,61,34,72,68,62,62,95,59,114,98
[ 3172.263643] [AOA] Measurement: 0,1627161914.101756,08:55:31:9b:05:29,2,1,2,0,128,21,6,798,727,238,845,546,404,677,133,760,208,423,537,984,189,474,813,643,475,808,320,81,230,252,403,35,396,904,291,356,851,98,64,25,81,69,82,59,89,87,82,78,109,64,67,86,63,76,42,32,60,50,52,61,37,73,68,60,65,96,59,114,98
[ 3172.306096] [AOA] Measurement: 0,1627161914.144202,08:55:31:9b:05:29,2,1,2,0,128,1007,973,824,737,205,840,865,126,157,985,140,987,872,330,417,979,907,601,630,433,819,314,54,210,710,125,476,197,969,334,971,374,100,66,24,80,69,80,58,87,87,79,77,108,66,67,86,62,75,41,32,61,51,51,61,36,73,68,59,64,95,58,112,99
[ 3172.349741] [AOA] Measurement: 0,1627161914.187847,08:55:31:9b:05:29,2,1,2,0,128,581,234,362,973,713,1007,548,433,678,125,664,128,923,385,419,1011,933,657,571,437,888,365,654,423,292,415,1000,423,906,266,60,691,95,62,24,78,65,79,57,84,82,78,71,102,62,64,82,63,75,42,32,59,50,50,57,38,70,66,57,66,92,58,112,104
[ 3172.393465] [AOA] Measurement: 0,1627161914.231571,08:55:31:9b:05:29,2,1,2,0,128,619,224,313,896,781,3,553,414,650,121,712,176,399,528,411,992,934,637,633,481,338,518,84,243,257,372,1011,390,955,324,810,349,102,67,25,84,74,84,60,91,90,84,80,115,70,72,88,64,80,44,30,63,51,49,60,34,72,66,61,62,94,58,110,92
[ 3172.444971] [AOA] Measurement: 0,1627161914.283077,08:55:31:9b:05:29,2,1,2,0,128,556,229,303,918,153,801,927,166,113,946,741,201,437,576,39,247,448,818,158,655,337,479,86,227,768,231,68,420,904,296,682,313,67,43,15,56,47,55,40,60,62,54,53,76,46,47,57,44,52,30,20,41,33,35,40,24,49,46,40,44,63,38,76,68
[ 3172.490753] [AOA] Measurement: 0,1627161914.328864,08:55:31:9b:05:29,2,1,2,0,128,612,240,346,964,760,1000,552,423,625,77,804,219,525,638,57,209,465,820,203,695,339,519,599,419,233,344,434,181,391,146,332,968,84,53,18,69,55,69,49,73,70,66,62,90,53,55,72,53,65,37,25,51,43,45,50,32,59,55,48,56,77,50,91,84
[ 3172.535253] [AOA] Measurement: 0,1627161914.373363,08:55:31:9b:05:29,2,1,2,0,128,573,220,302,919,684,982,1018,216,687,155,713,179,379,554,17,227,480,829,166,674,400,534,48,164,712,174,453,170,388,161,639,244,101,65,25,82,68,81,58,87,87,79,74,109,65,68,87,65,76,45,33,61,51,53,62,37,72,68,58,66,94,57,113,102
[ 3172.586294] [AOA] Measurement: 0,1627161914.424408,08:55:31:9b:05:29,2,1,2,0,128,660,261,376,978,732,1021,489,374,703,105,652,131,955,411,477,9,929,639,585,422,916,397,637,426,265,356,977,398,361,109,339,898,104,65,24,85,71,84,58,89,88,83,79,113,68,71,87,65,77,44,31,61,50,52,61,36,73,67,61,64,95,60,111,99
[ 3172.631011] [AOA] Measurement: 0,1627161914.469122,08:55:31:9b:05:29,2,1,2,0,128,619,273,286,943,759,995,466,368,150,930,167,1004,894,369,528,77,440,830,157,653,393,561,624,408,715,227,26,449,881,328,339,959,99,64,25,82,68,83,60,86,89,82,77,111,65,68,86,64,77,45,32,60,49,52,61,38,73,66,59,65,93,60,110,103
[ 3172.674674] [AOA] Measurement: 0,1627161914.512785,08:55:31:9b:05:29,2,1,2,0,128,71,28,731,675,176,842,1008,255,674,133,677,149,438,554,445,1017,951,646,650,452,782,267,75,205,297,382,1018,390,897,255,215,873,102,66,23,80,69,82,60,92,92,83,79,110,67,69,84,62,77,42,31,61,51,51,60,35,71,66,59,63,95,57,110,99
[ 3172.721125] [AOA] Measurement: 0,1627161914.559231,08:55:31:9b:05:29,2,1,2,0,128,591,207,359,927,727,994,537,455,689,109,103,982,813,325,446,1016,949,638,654,524,389,572,617,417,271,400,81,448,917,286,455,959,105,68,26,84,69,86,58,89,89,82,77,111,67,71,86,66,78,44,31,61,51,50,60,37,73,68,60,66,96,60,113,101
[ 3172.766883] [AOA] Measurement: 0,1627161914.604994,08:55:31:9b:05:29,2,1,2,0,128,669,261,333,944,691,1002,534,388,713,134,739,207,413,571,36,230,490,892,98,651,318,493,106,213,270,412,52,424,905,327,299,809,98,63,23,82,67,83,58,87,84,81,73,110,66,67,86,65,76,42,30,60,50,52,59,36,72,68,59,65,94,59,112,103
[ 3172.811195] [AOA] Measurement: 0,1627161914.649306,08:55:31:9b:05:29,2,1,2,0,128,41,25,780,729,235,844,517,412,640,87,749,183,434,549,471,17,904,631,550,384,912,392,632,404,221,355,4,396,353,75,438,46,103,67,24,83,71,84,60,90,92,84,80,110,67,71,86,66,77,41,31,59,51,52,60,36,69,65,61,61,95,60,109,99
[ 3172.854554] [AOA] Measurement: 0,1627161914.692668,08:55:31:9b:05:29,2,1,2,0,128,635,229,226,899,710,988,453,347,694,166,739,198,459,604,22,219,448,860,220,720,383,564,622,401,265,420,80,464,952,338,286,664,105,68,25,84,70,82,57,90,94,83,80,114,69,73,87,64,79,43,30,61,49,50,60,34,69,65,60,60,94,58,111,96
[ 3172.899012] [AOA] Measurement: 0,1627161914.737119,08:55:31:9b:05:29,2,1,2,0,128,86,69,781,705,148,779,973,181,96,906,202,1,398,518,495,10,471,817,565,440,350,537,637,427,256,380,956,373,281,57,982,617,104,67,26,86,72,84,59,89,93,82,78,110,68,71,90,65,81,42,30,62,50,52,63,35,73,68,59,61,95,61,110,99
[ 3172.941943] [AOA] Measurement: 0,1627161914.780056,08:55:31:9b:05:29,2,1,2,0,128,1005,1018,836,750,190,848,908,149,159,965,134,969,447,594,973,167,491,829,541,439,816,317,76,211,746,173,416,169,373,92,576,178,99,63,22,82,67,81,59,86,84,81,72,109,65,66,84,63,77,43,32,61,50,53,59,38,71,67,58,66,91,57,108,102
[ 3172.985162] [AOA] Measurement: 0,1627161914.823273,08:55:31:9b:05:29,2,1,2,0,128,607,236,718,671,138,776,16,225,697,128,701,157,875,326,1008,207,895,602,592,435,848,334,66,214,754,206,983,354,363,79,578,244,103,65,24,82,69,82,59,87,90,82,80,112,66,70,85,63,79,43,31,61,51,52,59,37,73,66,59,64,93,59,107,96
[ 3173.028820] [AOA] Measurement: 0,1627161914.866931,08:55:31:9b:05:29,2,1,2,0,128,90,47,808,714,209,810,471,350,657,111,696,147,898,395,444,1011,843,558,571,401,819,318,34,207,702,199,392,153,310,74,273,997,69,44,16,55,45,55,38,60,59,55,51,74,43,47,58,43,53,29,20,41,34,35,39,24,47,45,39,44,63,39,76,70
[ 3173.074887] [AOA] Measurement: 0,1627161914.912993,08:55:31:9b:05:29,2,1,2,0,128,53,74,722,668,235,819,987,185,148,975,194,13,394,546,953,145,893,628,543,428,823,311,69,206,711,172,431,184,303,57,183,849,98,62,23,80,64,81,57,88,86,81,74,108,64,66,83,64,76,43,30,58,50,50,58,37,69,64,57,64,92,56,109,99
[ 3173.120721] [AOA] Measurement: 0,1627161914.958833,08:55:31:9b:05:29,2,1,2,0,128,638,235,313,965,683,956,511,387,650,98,111,980,882,322,459,1013,886,582,622,447,812,326,60,184,726,156,511,237,342,88,623,232,106,67,26,85,71,84,58,94,96,83,81,114,67,73,89,65,80,41,29,60,48,49,61,34,72,66,60,62,95,59,110,96
[ 3173.165105] [AOA] Measurement: 0,1627161915.003215,08:55:31:9b:05:29,2,1,2,0,128,589,219,287,928,700,966,973,184,133,942,175,15,942,381,1019,200,491,866,568,447,838,344,135,280,248,379,986,393,352,108,830,442,95,62,23,78,66,78,56,82,79,78,71,105,63,64,83,60,71,42,32,57,49,51,58,37,70,65,56,63,91,56,108,103
[ 3173.216396] [AOA] Measurement: 0,1627161915.054509,08:55:31:9b:05:29,2,1,2,0,128,46,22,811,737,194,837,979,203,170,1004,668,163,493,600,3,191,383,779,577,434,790,326,56,164,744,216,439,192,386,86,521,108,103,65,24,81,68,82,57,88,89,80,76,109,65,70,84,64,76,42,31,61,51,52,61,35,71,66,59,64,94,59,108,97
[ 3173.260127] [AOA] Measurement: 0,1627161915.098239,08:55:31:9b:05:29,2,1,2,0,128,45,54,308,925,743,1023,452,376,655,99,716,150,456,581,58,215,473,847,143,647,337,545,573,386,240,421,61,417,930,337,970,464,85,54,20,68,57,68,47,73,74,64,64,89,54,59,67,50,62,31,23,47,37,38,48,26,55,53,49,47,74,47,89,77
[ 3173.298273] [AOA] Measurement: 0,1627161915.136383,08:55:31:9b:05:29,2,1,2,0,128,90,70,807,762,171,790,979,220,87,927,162,1016,927,397,464,1022,474,844,107,642,317,466,93,203,681,147,492,209,322,102,467,128,101,67,25,83,69,83,58,91,85,82,77,114,65,70,87,63,78,43,32,62,50,53,61,37,72,67,61,64,95,59,112,104
[ 3173.341751] [AOA] Measurement: 0,1627161915.179861,08:55:31:9b:05:29,2,1,2,0,128,64,10,373,921,723,1002,931,150,78,882,145,1001,919,377,479,55,469,821,203,707,339,536,611,400,237,309,469,161,319,41,386,107,98,63,25,81,67,82,57,88,90,82,79,109,66,70,85,63,76,41,31,59,50,51,60,35,70,67,57,63,93,59,112,100
[ 3173.381088] [AOA] Measurement: 0,1627161915.219194,08:55:31:9b:05:29,2,1,2,0,128,583,187,319,908,689,1012,986,173,682,85,125,1005,481,598,6,212,453,804,146,655,351,496,630,423,268,375,960,371,915,296,567,107,99,64,24,80,68,81,58,85,85,80,74,108,64,68,86,62,75,42,33,60,51,51,59,35,70,68,59,63,95,60,112,103
[ 3173.428679] [AOA] Measurement: 0,1627161915.266790,08:55:31:9b:05:29,2,1,2,0,128,79,37,792,721,150,781,0,216,99,939,742,182,394,563,489,8,957,611,192,707,400,570,565,385,252,381,992,415,333,84,666,177,104,67,24,82,70,85,58,89,93,84,79,108,68,71,85,64,77,43,31,61,49,51,60,34,71,66,62,61,96,59,109,95
[ 3173.466285] [AOA] Measurement: 0,1627161915.304397,08:55:31:9b:05:29,2,1,2,0,128,592,213,379,959,779,21,549,428,695,128,647,104,916,402,487,14,925,638,584,458,848,337,64,238,684,183,475,199,938,287,165,713,105,68,27,86,73,85,60,90,95,82,81,109,69,71,88,65,76,42,30,60,49,49,61,35,71,69,61,63,94,59,113,94
[ 3173.510080] [AOA] Measurement: 0,1627161915.348193,08:55:31:9b:05:29,2,1,2,0,128,60,34,309,914,767,9,446,358,146,951,179,1017,907,368,447,1013,936,658,156,651,856,331,643,409,286,474,1011,399,925,322,742,229,100,65,25,81,69,81,59,91,91,82,78,110,67,69,86,63,78,42,31,59,52,52,60,36,70,64,57,63,96,57,116,102
[ 3173.549233] [AOA] Measurement: 0,1627161915.387347,08:55:31:9b:05:29,2,1,2,0,128,71,25,795,755,132,762,982,156,133,962,157,1004,904,343,410,997,978,654,514,412,838,326,149,264,218,352,21,398,352,92,588,281,104,67,25,84,72,82,57,90,88,82,78,109,66,69,88,65,78,43,29,62,51,52,60,36,74,67,59,64,98,61,116,102
[ 3173.587838] [AOA] Measurement: 0,1627161915.425944,08:55:31:9b:05:29,2,1,2,0,128,569,208,324,919,162,784,877,84,110,942,226,1017,896,365,475,4,959,613,589,460,373,534,625,447,244,369,1023,364,341,86,582,303,111,68,25,85,71,84,61,94,98,84,82,110,70,71,88,64,77,40,28,58,46,48,61,29,68,61,59,58,91,58,106,91
[ 3173.631676] [AOA] Measurement: 0,1627161915.469782,08:55:31:9b:05:29,2,1,2,0,128,582,207,281,930,734,1009,552,402,697,94,789,215,371,523,4,242,557,917,204,740,343,527,641,411,302,423,980,367,904,327,1000,571,98,66,24,82,67,81,59,87,88,80,76,109,65,70,86,63,76,43,31,60,49,51,60,36,73,66,59,65,92,58,112,102
[ 3173.679293] [AOA] Measurement: 0,1627161915.517405,08:55:31:9b:05:29,2,1,2,0,128,45,10,745,687,183,810,999,222,722,134,669,134,444,545,453,1007,947,650,111,607,863,324,77,232,299,403,30,403,957,307,906,466,92,61,22,77,64,77,55,82,81,76,69,103,60,65,81,59,70,42,30,57,48,51,57,38,69,65,54,64,87,54,106,97
[ 3173.717208] [AOA] Measurement: 0,1627161915.555319,08:55:31:9b:05:29,2,1,2,0,128,595,252,291,941,730,1015,542,431,719,163,689,162,436,563,60,242,512,868,179,668,409,590,626,411,252,357,70,452,988,345,78,638,101,66,25,82,69,80,57,87,85,79,70,105,63,65,84,62,73,43,31,59,49,51,58,36,69,68,55,66,90,55,107,101
[ 3173.765283] [AOA] Measurement: 0,1627161915.603390,08:55:31:9b:05:29,2,1,2,0,128,575,235,337,925,780,1011,988,178,110,954,191,1011,374,508,979,183,417,827,170,661,368,530,638,425,275,398,1002,412,344,139,856,435,103,64,23,82,69,82,58,90,92,82,79,111,66,69,86,64,78,41,30,59,48,48,56,33,71,65,60,61,92,59,112,93
[ 3173.810273] [AOA] Measurement: 0,1627161915.648379,08:55:31:9b:05:29,2,1,2,0,128,576,247,351,1003,775,44,520,436,675,136,733,192,457,564,1008,184,462,850,244,771,408,604,603,381,292,445,48,447,950,347,58,616,98,63,23,80,66,82,55,85,82,80,72,102,63,65,83,60,73,43,31,59,51,52,58,37,70,67,56,66,94,57,108,102
[ 3173.853436] [AOA] Measurement: 0,1627161915.691548,08:55:31:9b:05:29,2,1,2,0,128,586,198,743,712,774,1011,936,176,125,933,156,993,846,332,494,56,439,825,619,482,784,277,103,233,684,187,413,171,332,119,906,507,103,66,25,82,71,82,60,91,93,83,80,109,69,75,89,65,79,42,30,60,51,48,60,31,68,62,58,58,91,58,105,88
[ 3173.897379] [AOA] Measurement: 0,1627161915.735489,08:55:31:9b:05:29,2,1,2,0,128,578,218,781,711,154,788,34,227,704,141,774,247,509,640,12,223,515,875,140,658,378,525,91,175,742,221,458,221,962,287,91,614,101,64,25,80,69,82,57,87,85,79,74,107,63,65,83,61,74,43,32,60,51,51,57,37,70,66,59,66,91,57,112,102
[ 3173.941042] [AOA] Measurement: 0,1627161915.779155,08:55:31:9b:05:29,2,1,2,0,128,593,250,305,957,699,978,533,408,645,120,661,126,882,371,460,1017,472,865,186,714,369,523,697,481,231,424,10,442,952,357,774,301,81,52,20,68,57,68,48,74,75,67,64,89,52,56,68,50,60,33,24,48,39,41,49,28,58,52,48,49,77,46,89,79
[ 3173.980925] [AOA] Measurement: 0,1627161915.819031,08:55:31:9b:05:29,2,1,2,0,128,613,209,322,969,750,2,492,383,728,152,680,172,420,591,983,174,449,836,178,686,439,587,628,383,749,196,482,229,894,294,352,945,105,67,24,82,69,83,58,88,90,80,77,108,63,68,84,65,77,42,31,60,48,49,59,34,71,66,60,61,93,59,111,97
[ 3174.023012] [AOA] Measurement: 0,1627161915.861125,08:55:31:9b:05:29,2,1,2,0,128,602,237,744,697,171,789,999,213,690,119,699,165,911,389,445,1006,890,625,588,458,872,377,647,420,277,403,996,398,958,298,826,309,96,63,24,80,67,78,56,84,84,80,72,106,64,67,83,62,77,42,31,59,50,53,59,38,69,67,58,66,90,55,110,103
[ 3174.067116] [AOA] Measurement: 0,1627161915.905229,08:55:31:9b:05:29,2,1,2,0,128,20,1023,833,707,161,789,1007,229,148,954,86,938,895,348,472,994,865,580,590,418,838,308,81,225,742,184,441,211,887,308,241,792,104,68,26,85,71,83,59,91,95,81,81,112,68,73,88,66,79,41,29,61,50,50,62,33,70,67,61,60,94,56,110,92
[ 3174.113338] [AOA] Measurement: 0,1627161915.951443,08:55:31:9b:05:29,2,1,2,0,128,103,78,297,889,136,800,935,134,147,940,135,979,883,337,489,10,969,643,567,420,792,297,88,213,713,182,436,206,896,292,507,1013,102,65,25,83,69,82,59,88,88,83,77,109,66,68,84,65,76,43,30,60,50,52,62,35,72,69,58,65,97,60,111,99
[ 3174.154663] [AOA] Measurement: 0,1627161915.992773,08:55:31:9b:05:29,2,1,2,0,128,642,279,338,982,795,35,610,488,759,161,768,221,482,597,1010,209,429,845,194,716,333,512,654,462,308,442,40,475,870,297,612,140,99,67,22,82,67,81,58,85,91,80,78,109,66,70,86,65,77,42,31,61,49,51,60,35,70,65,58,64,94,57,108,93
[ 3174.193248] [AOA] Measurement: 0,1627161916.031361,08:55:31:9b:05:29,2,1,2,0,128,56,23,344,973,730,970,502,395,650,93,173,9,396,544,995,177,517,863,124,663,417,559,618,402,222,344,507,231,962,321,403,922,104,67,23,84,70,81,60,91,92,83,77,112,66,69,86,65,79,43,30,62,49,51,62,36,72,66,61,65,96,60,113,100
[ 3174.236791] [AOA] Measurement: 0,1627161916.074904,08:55:31:9b:05:29,2,1,2,0,128,596,251,298,926,707,998,473,394,636,99,690,178,416,599,1,180,407,806,578,469,823,325,105,223,263,357,989,380,925,326,973,477,101,66,25,83,68,83,59,88,87,81,75,107,67,68,84,63,77,44,32,59,49,51,60,37,69,67,57,66,93,58,113,104
[ 3174.275501] [AOA] Measurement: 0,1627161916.113613,08:55:31:9b:05:29,2,1,2,0,128,72,27,797,757,190,815,1023,233,657,102,220,18,391,514,509,48,430,848,233,717,383,556,602,394,734,176,438,181,370,90,859,498,84,52,18,68,56,67,46,73,72,65,63,86,52,55,68,51,62,33,24,47,37,40,47,28,57,53,47,52,74,46,89,80
[ 3174.313751] [AOA] Measurement: 0,1627161916.151863,08:55:31:9b:05:29,2,1,2,0,128,539,187,316,928,692,989,982,213,173,989,146,987,983,438,994,179,426,866,132,657,352,485,598,377,288,394,13,400,925,329,206,746,102,68,24,82,71,82,59,87,91,81,78,109,65,70,86,65,77,42,30,59,49,49,61,34,68,64,60,61,93,57,110,95
[ 3174.357452] [AOA] Measurement: 0,1627161916.195563,08:55:31:9b:05:29,2,1,2,0,128,1010,1003,810,765,184,818,536,395,671,107,665,140,829,302,466,1017,914,603,607,431,817,314,56,214,706,172,444,173,266,33,986,638,87,56,20,69,57,67,47,73,76,66,64,89,54,59,69,51,63,33,23,47,37,38,47,25,55,51,49,48,73,45,88,74
[ 3174.395871] [AOA] Measurement: 0,1627161916.233981,08:55:31:9b:05:29,2,1,2,0,128,17,18,832,783,767,7,577,448,677,142,760,216,435,595,51,297,463,837,189,689,346,545,628,417,189,345,17,411,878,282,301,869,100,64,24,83,68,80,56,88,87,78,77,110,65,70,85,65,78,43,31,60,50,52,59,35,73,67,59,63,97,60,113,101
[ 3174.438930] [AOA] Measurement: 0,1627161916.277040,08:55:31:9b:05:29,2,1,2,0,128,625,240,347,963,732,984,539,402,725,157,706,144,440,576,13,201,496,905,203,703,365,556,688,453,204,326,425,171,394,135,298,862,104,66,23,81,69,83,58,89,91,82,78,111,66,72,88,64,77,41,30,59,49,50,60,34,70,66,58,64,94,61,112,98
[ 3174.477378] [AOA] Measurement: 0,1627161916.315492,08:55:31:9b:05:29,2,1,2,0,128,100,71,263,894,230,819,967,187,718,132,734,182,491,585,15,209,472,839,196,713,342,516,651,401,316,405,28,432,915,312,580,105,99,64,22,81,66,80,57,86,87,80,77,109,67,68,86,64,76,42,31,60,49,50,61,35,69,66,59,65,92,57,108,101
[ 3174.521682] [AOA] Measurement: 0,1627161916.359793,08:55:31:9b:05:29,2,1,2,0,128,52,4,727,680,141,799,965,177,147,953,165,1019,403,555,13,243,473,805,186,696,323,500,575,352,205,364,443,164,317,32,1017,650,72,45,18,55,48,58,39,62,63,55,53,75,44,48,59,44,52,27,21,40,33,34,41,22,45,43,38,40,62,38,73,63
[ 3174.571766] [AOA] Measurement: 0,1627161916.409872,08:55:31:9b:05:29,2,1,2,0,128,662,290,372,960,693,994,446,348,674,104,715,181,434,554,545,62,553,921,190,730,398,586,668,467,318,429,47,458,884,278,730,214,77,51,19,63,53,63,44,68,70,60,62,87,50,55,67,51,59,34,24,47,39,40,47,29,56,52,45,50,73,46,90,81
[ 3174.622014] [AOA] Measurement: 0,1627161916.460121,08:55:31:9b:05:29,2,1,2,0,128,11,1003,738,700,145,762,27,240,97,935,191,29,433,555,2,195,473,836,140,652,794,291,102,268,268,389,36,436,862,260,420,1000,63,41,15,51,43,53,37,56,56,51,49,70,40,41,54,40,49,28,21,40,33,34,39,25,47,45,37,43,61,38,73,69
[ 3174.667246] [AOA] Measurement: 0,1627161916.505359,08:55:31:9b:05:29,2,1,2,0,128,532,195,373,967,702,967,509,411,706,104,739,173,413,568,989,152,525,866,103,614,364,544,640,418,277,366,981,367,916,252,104,677,104,66,24,84,71,85,59,92,95,83,82,112,70,73,88,65,77,43,30,61,51,51,61,34,73,68,61,64,96,59,112,97
[ 3174.711547] [AOA] Measurement: 0,1627161916.549660,08:55:31:9b:05:29,2,1,2,0,128,696,310,322,955,741,39,540,400,674,124,726,201,487,646,64,241,479,887,188,716,455,616,680,465,327,452,14,388,892,296,690,233,98,62,24,80,65,79,56,83,83,80,73,109,65,68,82,63,74,42,31,59,50,50,60,36,70,67,60,67,95,57,112,100
[ 3174.750207] [AOA] Measurement: 0,1627161916.588321,08:55:31:9b:05:29,2,1,2,0,128,566,185,338,967,759,26,540,432,699,113,774,250,418,556,453,975,516,898,119,680,340,501,682,456,289,405,59,423,926,304,11,477,103,65,24,83,68,82,59,91,89,81,76,111,67,69,86,63,76,41,30,59,50,49,60,36,72,67,61,64,95,60,112,99
[ 3174.794698] [AOA] Measurement: 0,1627161916.632809,08:55:31:9b:05:29,2,1,2,0,128,602,201,332,927,694,967,997,212,101,931,747,173,449,590,1013,233,493,839,165,685,375,542,630,407,280,437,61,432,1001,376,358,820,66,43,15,53,44,53,37,58,57,55,48,70,42,44,55,42,49,28,22,40,33,34,41,24,48,44,37,44,64,37,77,67
[ 3174.838703] [AOA] Measurement: 0,1627161916.676814,08:55:31:9b:05:29,2,1,2,0,128,54,12,859,765,165,792,1003,174,126,922,159,1018,892,369,495,27,398,809,189,671,385,554,576,353,723,183,465,193,385,122,244,948,87,58,20,74,59,76,53,78,75,74,67,99,57,58,75,57,69,42,29,57,46,50,55,36,66,63,53,63,87,53,105,99
[ 3174.881839] [AOA] Measurement: 0,1627161916.719950,08:55:31:9b:05:29,2,1,2,0,128,617,228,345,913,823,36,513,409,679,119,659,146,889,410,472,1022,923,628,619,447,811,323,95,256,232,375,962,367,373,109,668,275,98,63,24,82,67,82,58,89,85,84,76,107,65,69,85,63,78,42,31,60,51,52,60,39,71,67,59,66,94,57,113,106
[ 3174.920412] [AOA] Measurement: 0,1627161916.758525,08:55:31:9b:05:29,2,1,2,0,128,623,237,331,962,683,985,485,371,118,943,154,1002,893,341,524,72,450,794,565,420,813,288,42,186,741,189,478,175,868,263,206,812,102,67,24,84,69,82,57,89,90,83,78,110,67,68,86,64,76,44,33,61,51,52,59,38,73,67,58,65,95,58,112,104
[ 3174.964726] [AOA] Measurement: 0,1627161916.802840,08:55:31:9b:05:29,2,1,2,0,128,577,218,840,730,777,13,934,172,672,106,128,983,857,315,423,977,932,636,625,462,794,326,110,222,824,228,473,211,417,158,848,440,106,66,25,83,70,82,59,91,97,82,80,111,68,74,87,65,78,42,28,59,50,50,62,35,72,67,60,61,96,59,111,97
[ 3175.008813] [AOA] Measurement: 0,1627161916.846921,08:55:31:9b:05:29,2,1,2,0,128,580,194,790,731,160,785,574,450,646,91,752,212,399,555,420,8,914,615,642,470,817,320,67,226,299,370,13,449,963,359,944,488,72,47,18,56,47,56,39,63,62,55,54,77,45,47,60,43,52,28,20,39,33,33,41,23,49,44,39,42,64,39,77,67
[ 3175.051625] [AOA] Measurement: 0,1627161916.889732,08:55:31:9b:05:29,2,1,2,0,128,61,42,752,696,135,778,932,138,100,949,165,1013,870,329,473,8,914,615,603,444,821,326,96,248,722,167,446,170,420,141,822,378,97,64,23,79,67,79,54,83,84,79,73,106,62,68,83,63,76,44,32,59,49,52,58,37,69,65,57,64,90,56,110,100
[ 3175.100412] [AOA] Measurement: 0,1627161916.938522,08:55:31:9b:05:29,2,1,2,0,128,66,64,319,861,154,796,946,141,100,919,146,1007,864,330,441,14,539,861,162,698,331,528,571,393,691,163,407,131,318,56,909,608,101,64,23,78,68,81,56,88,90,81,79,110,66,70,89,65,78,42,30,59,49,50,60,34,70,66,60,63,94,59,110,98
[ 3175.141502] [AOA] Measurement: 0,1627161916.979613,08:55:31:9b:05:29,2,1,2,0,128,82,60,771,729,176,786,953,167,64,886,109,937,915,333,470,970,487,846,142,674,787,249,19,173,717,172,437,145,358,102,421,94,73,49,17,62,51,65,44,66,62,62,56,81,49,51,63,49,57,33,26,44,39,41,44,31,54,50,41,52,70,44,82,80
[ 3175.184757] [AOA] Measurement: 0,1627161917.022869,08:55:31:9b:05:29,2,1,2,0,128,604,194,356,932,155,777,953,192,135,946,163,1012,494,627,16,220,548,901,120,639,419,588,626,410,257,358,56,459,883,267,369,965,105,67,25,84,72,83,59,91,91,81,78,111,66,72,86,65,77,42,30,60,49,49,60,35,70,66,58,62,96,59,111,99
[ 3175.231189] [AOA] Measurement: 0,1627161917.069296,08:55:31:9b:05:29,2,1,2,0,128,1022,1011,784,695,157,806,963,203,117,932,215,1015,831,329,469,12,937,638,607,422,783,258,51,208,693,129,357,154,277,38,116,926,84,54,19,66,56,65,45,71,74,64,64,88,54,56,69,51,60,33,23,48,39,39,49,26,58,53,47,47,75,47,85,76
[ 3175.276021] [AOA] Measurement: 0,1627161917.114131,08:55:31:9b:05:29,2,1,2,0,128,562,179,362,963,721,1006,496,361,160,973,705,136,445,554,32,225,534,920,189,739,420,600,626,425,317,426,957,348,22,429,191,594,105,67,26,83,72,84,59,90,95,85,81,111,67,72,87,65,79,43,30,62,47,52,62,35,70,67,61,62,96,60,115,98
[ 3175.318902] [AOA] Measurement: 0,1627161917.157009,08:55:31:9b:05:29,2,1,2,0,128,624,263,284,897,138,795,958,187,90,884,207,22,439,576,39,216,418,804,83,636,379,560,656,443,273,378,9,410,880,242,2,654,103,69,26,86,73,84,59,92,95,85,82,113,68,71,87,66,79,43,31,61,50,51,61,34,72,66,60,65,96,59,113,100
[ 3175.357137] [AOA] Measurement: 0,1627161917.195248,08:55:31:9b:05:29,2,1,2,0,128,625,219,261,937,699,940,500,366,692,138,722,185,874,365,1018,222,519,890,260,759,407,579,713,453,241,408,976,345,377,133,563,70,95,61,24,77,66,79,53,82,84,80,74,107,64,67,85,62,75,44,32,60,51,52,58,34,72,67,59,67,96,60,114,101
[ 3175.401797] [AOA] Measurement: 0,1627161917.239908,08:55:31:9b:05:29,2,1,2,0,128,581,214,298,952,680,995,500,384,768,198,712,166,390,534,1019,202,501,865,207,702,405,578,708,451,303,449,75,469,934,366,239,684,91,58,22,74,61,75,54,80,77,74,72,104,60,63,81,61,75,42,32,59,50,52,60,38,69,65,55,66,91,56,110,101
[ 3175.440386] [AOA] Measurement: 0,1627161917.278499,08:55:31:9b:05:29,2,1,2,0,128,623,249,315,909,763,3,591,448,700,131,709,172,437,596,1019,183,907,645,580,441,852,356,717,482,316,451,53,472,944,353,273,688,99,66,24,83,69,82,57,88,88,79,76,107,65,65,83,63,77,43,31,61,50,50,59,37,71,69,58,67,91,58,110,102
[ 3175.489647] [AOA] Measurement: 0,1627161917.327754,08:55:31:9b:05:29,2,1,2,0,128,562,215,750,728,162,797,5,182,127,929,169,1011,873,391,1000,193,527,843,159,666,386,564,573,386,739,173,461,153,337,64,94,763,99,67,25,84,69,82,59,86,86,81,77,109,66,69,86,63,77,43,31,60,51,52,61,37,71,67,58,66,96,59,112,103
[ 3175.532055] [AOA] Measurement: 0,1627161917.370168,08:55:31:9b:05:29,2,1,2,0,128,574,222,307,876,193,806,483,389,700,143,770,212,405,582,46,243,406,787,116,646,386,556,649,437,272,430,83,483,927,366,412,862,104,65,25,82,70,83,59,90,91,82,80,111,66,71,85,65,77,42,30,59,48,50,61,33,70,65,61,60,91,56,107,92
[ 3175.575497] [AOA] Measurement: 0,1627161917.413608,08:55:31:9b:05:29,2,1,2,0,128,19,1013,794,720,120,779,934,173,79,933,177,993,430,559,447,1002,895,583,640,459,814,317,65,218,703,137,485,202,344,51,512,139,106,67,23,82,68,84,57,90,95,83,81,111,67,73,87,65,80,42,29,61,48,49,61,33,70,65,61,61,94,60,106,93
[ 3175.619363] [AOA] Measurement: 0,1627161917.457474,08:55:31:9b:05:29,2,1,2,0,128,623,242,363,959,711,1008,460,356,696,111,135,987,840,340,451,0,963,636,631,490,863,383,102,247,256,353,1018,381,913,323,164,705,79,52,17,65,53,64,45,70,68,63,61,86,53,53,70,49,60,32,24,47,39,40,47,30,55,53,46,50,72,46,88,79
[ 3175.658537] [AOA] Measurement: 0,1627161917.496644,08:55:31:9b:05:29,2,1,2,0,128,73,31,316,909,165,822,952,154,148,935,150,987,865,347,396,956,887,597,516,350,791,271,14,144,765,183,416,162,310,60,258,880,68,45,16,56,45,57,38,58,59,54,52,73,43,45,55,42,50,28,21,40,33,33,39,24,46,45,37,42,61,39,74,68
[ 3175.701571] [AOA] Measurement: 0,1627161917.539678,08:55:31:9b:05:29,2,1,2,0,128,26,5,788,745,166,817,957,184,140,967,759,217,403,560,1023,218,497,851,123,656,349,501,637,426,278,374,961,369,922,306,112,731,106,67,26,83,71,83,58,89,93,81,81,112,68,71,87,66,79,43,31,59,48,49,60,34,72,66,57,62,96,59,109,95
[ 3175.752067] [AOA] Measurement: 0,1627161917.590173,08:55:31:9b:05:29,2,1,2,0,128,59,47,769,735,779,1019,529,414,694,119,719,186,396,538,974,186,512,896,244,758,379,570,578,393,303,412,993,358,963,373,828,301,104,67,25,83,69,82,57,86,87,79,78,109,65,70,87,64,78,42,30,59,48,49,58,34,69,65,60,60,90,55,106,90
[ 3175.796722] [AOA] Measurement: 0,1627161917.634832,08:55:31:9b:05:29,2,1,2,0,128,594,251,348,952,715,984,547,428,658,131,747,220,444,608,1010,206,446,848,124,682,403,559,693,471,296,444,11,428,913,349,274,742,71,44,17,57,48,56,40,59,62,58,53,74,46,47,59,44,53,28,20,41,32,35,41,24,48,43,38,43,63,40,75,68
[ 3175.841241] [AOA] Measurement: 0,1627161917.679346,08:55:31:9b:05:29,2,1,2,0,128,577,209,334,936,746,1004,543,427,722,135,704,170,472,651,1021,199,491,857,206,697,338,515,637,401,691,123,464,215,384,139,561,114,97,63,24,80,67,82,59,87,87,80,77,109,65,68,86,64,76,43,32,60,50,53,59,36,72,66,58,65,93,57,110,102
[ 3175.892006] [AOA] Measurement: 0,1627161917.730113,08:55:31:9b:05:29,2,1,2,0,128,537,211,292,946,172,783,1003,225,665,100,726,208,479,603,48,236,510,876,84,638,425,576,709,442,290,402,55,465,871,293,632,258,90,60,22,75,62,76,54,81,78,77,69,104,60,64,78,62,71,42,31,58,48,52,56,36,69,63,52,65,85,56,106,99
[ 3175.942595] [AOA] Measurement: 0,1627161917.780701,08:55:31:9b:05:29,2,1,2,0,128,93,72,263,922,190,828,951,171,175,946,125,997,862,360,383,949,950,623,597,444,844,290,92,234,718,146,406,137,321,70,683,469,66,43,16,54,45,54,38,58,57,54,49,70,43,44,56,43,50,29,21,41,32,33,40,24,47,44,38,44,63,38,74,68
[ 3175.987236] [AOA] Measurement: 0,1627161917.825346,08:55:31:9b:05:29,2,1,2,0,128,54,25,788,744,176,786,985,205,663,92,729,203,302,513,29,241,397,768,538,402,853,318,99,253,217,344,392,137,326,82,359,1018,79,51,19,63,52,62,44,68,68,64,57,83,51,51,66,49,60,33,24,47,39,41,46,29,56,53,45,53,73,45,88,81
[ 3176.030999] [AOA] Measurement: 0,1627161917.869105,08:55:31:9b:05:29,2,1,2,0,128,634,236,325,915,177,840,950,203,688,93,738,226,496,594,1023,249,460,800,136,660,439,586,700,477,307,432,53,458,941,302,502,69,93,61,23,79,64,79,54,79,82,77,70,103,63,64,81,61,71,44,32,57,48,52,58,37,68,66,55,65,88,55,108,100
[ 3176.074224] [AOA] Measurement: 0,1627161917.912337,08:55:31:9b:05:29,2,1,2,0,128,64,33,293,917,179,841,988,191,717,113,711,157,463,549,464,986,989,699,168,708,374,547,573,341,278,386,1017,370,942,300,616,135,101,63,24,82,68,80,55,87,87,81,75,108,65,67,86,65,80,43,32,61,50,52,60,36,73,68,60,66,95,60,114,100
[ 3176.117619] [AOA] Measurement: 0,1627161917.955730,08:55:31:9b:05:29,2,1,2,0,128,567,214,296,943,757,1001,490,390,649,122,739,200,416,547,453,981,944,638,210,725,357,555,703,470,274,446,1,404,927,319,815,209,101,65,24,83,67,81,57,85,89,79,77,109,65,69,85,65,77,42,30,60,50,49,60,36,71,67,59,63,93,57,107,96
[ 3176.161229] [AOA] Measurement: 0,1627161917.999341,08:55:31:9b:05:29,2,1,2,0,128,605,228,347,952,717,1018,533,387,146,965,126,1021,913,357,473,1013,980,678,635,472,425,616,700,458,264,397,3,418,965,359,957,504,103,66,24,83,69,82,58,86,88,82,77,109,66,69,86,64,77,43,32,58,50,51,61,36,70,67,58,63,94,58,114,101
[ 3176.200820] [AOA] Measurement: 0,1627161918.038926,08:55:31:9b:05:29,2,1,2,0,128,631,241,352,950,697,975,443,364,69,902,130,986,870,334,496,45,437,830,589,477,825,325,53,195,732,167,49,455,869,304,265,842,79,51,19,66,53,64,46,69,69,63,62,85,51,55,68,49,60,34,25,48,39,41,47,28,55,55,47,50,75,46,89,79
[ 3176.250660] [AOA] Measurement: 0,1627161918.088766,08:55:31:9b:05:29,2,1,2,0,128,67,37,783,723,734,1004,435,403,120,960,755,212,469,571,16,236,496,806,77,634,842,334,29,200,723,212,15,433,875,265,143,682,98,64,23,78,66,80,54,82,82,79,72,105,62,65,80,62,73,41,30,57,50,50,57,38,68,63,55,63,87,55,108,99
[ 3176.292849] [AOA] Measurement: 0,1627161918.130956,08:55:31:9b:05:29,2,1,2,0,128,15,1017,751,681,121,813,968,197,104,928,164,991,923,391,0,193,500,836,569,383,848,317,626,447,244,355,1002,419,937,315,394,975,107,69,26,84,71,80,57,88,96,81,82,111,69,70,87,64,78,41,29,63,49,50,61,32,71,66,60,61,92,56,111,97
[ 3176.338138] [AOA] Measurement: 0,1627161918.176249,08:55:31:9b:05:29,2,1,2,0,128,65,21,770,730,179,815,1012,220,50,932,188,977,892,323,498,15,509,835,621,432,803,334,69,225,656,137,466,210,996,324,976,441,89,58,22,72,59,69,50,75,78,69,68,95,57,59,74,55,67,35,26,51,43,44,51,30,62,57,52,53,81,51,94,83
[ 3176.382002] [AOA] Measurement: 0,1627161918.220115,08:55:31:9b:05:29,2,1,2,0,128,560,227,773,703,133,792,976,225,715,145,771,226,500,610,23,226,485,847,157,659,362,516,109,258,752,207,1011,373,906,303,1003,586,82,52,20,65,51,64,46,70,71,65,61,88,52,55,70,51,62,33,25,48,40,42,48,28,59,52,47,50,75,48,88,77
[ 3176.424528] [AOA] Measurement: 0,1627161918.262635,08:55:31:9b:05:29,2,1,2,0,128,621,248,404,1008,668,970,549,448,700,147,754,227,467,597,28,221,453,866,145,663,384,538,583,395,268,405,1012,373,380,147,827,399,107,67,25,84,71,84,58,88,94,83,77,106,66,69,86,63,76,41,29,61,49,50,59,32,70,65,60,62,93,58,109,96
[ 3176.469293] [AOA] Measurement: 0,1627161918.307400,08:55:31:9b:05:29,2,1,2,0,128,533,185,839,771,751,1020,510,411,727,153,788,234,482,623,1016,188,481,849,179,718,388,562,602,342,718,170,20,397,932,327,917,441,98,65,24,80,68,81,57,86,88,83,76,109,66,68,85,63,74,42,31,59,51,53,60,37,70,68,57,66,93,58,110,100
[ 3176.512820] [AOA] Measurement: 0,1627161918.350927,08:55:31:9b:05:29,2,1,2,0,128,998,1014,768,685,226,814,1008,216,752,149,753,202,431,575,1015,197,454,807,152,678,355,509,659,446,305,409,1015,371,359,77,750,328,101,65,24,83,68,82,58,88,89,82,77,109,66,68,87,64,77,41,31,61,51,51,59,36,73,66,61,64,97,60,114,102
[ 3176.563633] [AOA] Measurement: 0,1627161918.401739,08:55:31:9b:05:29,2,1,2,0,128,57,24,357,950,776,1014,486,376,707,121,678,127,902,384,999,192,949,650,161,660,364,509,603,389,238,352,23,421,934,314,756,196,84,52,21,68,58,66,46,73,73,66,63,90,54,57,71,50,63,33,23,48,40,40,47,27,57,53,48,50,77,47,91,79
[ 3176.606821] [AOA] Measurement: 0,1627161918.444927,08:55:31:9b:05:29,2,1,2,0,128,606,213,320,958,702,969,535,421,645,117,821,265,478,588,10,197,497,849,188,702,362,523,542,355,734,165,438,189,962,335,718,226,71,46,16,57,48,54,40,60,63,56,54,76,45,48,57,43,53,29,21,41,32,34,42,23,49,45,39,42,63,39,73,66
[ 3176.652133] [AOA] Measurement: 0,1627161918.490243,08:55:31:9b:05:29,2,1,2,0,128,49,14,791,723,766,25,489,373,655,95,200,1019,885,318,466,1015,949,670,121,631,761,307,41,175,727,165,425,170,329,79,1006,652,79,50,19,64,53,66,45,68,67,63,60,87,51,53,68,50,62,33,24,49,38,42,47,29,56,53,45,51,74,45,90,80
[ 3176.700951] [AOA] Measurement: 0,1627161918.539061,08:55:31:9b:05:29,2,1,2,0,128,35,41,794,742,193,844,972,201,146,960,702,169,849,320,479,1007,896,600,608,462,834,308,72,206,756,199,34,412,920,302,817,363,69,44,17,54,45,54,39,58,58,54,50,73,44,45,57,43,51,29,21,41,33,34,41,25,48,45,40,44,63,39,76,69
[ 3176.739273] [AOA] Measurement: 0,1627161918.577379,08:55:31:9b:05:29,2,1,2,0,128,89,42,300,933,198,833,1009,233,103,937,147,991,432,565,994,208,483,856,136,634,430,555,694,441,276,416,980,357,377,93,387,33,94,62,22,79,66,79,57,85,81,77,73,104,61,66,81,62,75,44,32,61,49,52,59,38,70,67,57,64,93,58,109,101
[ 3176.781725] [AOA] Measurement: 0,1627161918.619838,08:55:31:9b:05:29,2,1,2,0,128,36,29,811,750,140,807,977,213,109,954,725,181,429,607,936,133,929,621,575,402,817,289,11,193,729,180,415,175,982,319,182,646,105,68,27,83,74,84,60,91,95,84,80,115,68,72,89,65,77,41,30,62,51,52,63,35,72,69,59,61,93,59,111,97
[ 3176.820479] [AOA] Measurement: 0,1627161918.658585,08:55:31:9b:05:29,2,1,2,0,128,36,1003,829,738,209,841,944,150,719,137,697,166,867,358,22,207,515,869,182,719,373,546,591,386,699,177,472,190,341,90,139,807,98,63,24,80,67,80,56,87,85,79,76,108,65,67,85,64,75,43,30,60,48,51,58,35,72,65,59,64,93,58,112,101
[ 3176.864149] [AOA] Measurement: 0,1627161918.702256,08:55:31:9b:05:29,2,1,2,0,128,72,27,858,751,114,774,986,183,86,931,114,970,918,375,30,207,926,599,603,434,855,364,149,305,218,370,1010,364,899,291,846,389,85,57,20,67,59,69,49,76,74,68,66,94,56,58,74,55,66,36,25,51,41,43,51,30,60,58,49,53,81,51,96,84
[ 3176.914186] [AOA] Measurement: 0,1627161918.752292,08:55:31:9b:05:29,2,1,2,0,128,14,7,840,767,798,13,485,370,654,98,716,153,890,358,506,11,890,627,596,444,381,556,551,397,278,404,418,144,404,114,396,902,96,63,23,80,67,78,56,84,82,80,74,105,64,68,86,63,77,42,32,59,50,52,60,37,72,66,59,66,91,57,109,98
[ 3176.959767] [AOA] Measurement: 0,1627161918.797877,08:55:31:9b:05:29,2,1,2,0,128,632,276,366,968,738,1020,461,374,685,141,704,136,456,577,1022,197,453,850,143,663,398,537,709,461,245,374,28,402,920,299,146,763,104,68,25,83,71,82,59,91,92,83,79,113,67,70,88,65,78,41,30,60,49,50,61,34,70,67,59,62,96,59,110,94
[ 3176.998669] [AOA] Measurement: 0,1627161918.836782,08:55:31:9b:05:29,2,1,2,0,128,577,196,350,930,676,977,535,417,655,99,748,182,390,559,438,980,904,623,611,444,891,388,676,413,371,456,101,450,945,367,847,228,98,64,24,82,68,82,58,87,88,81,73,107,64,66,85,62,75,42,32,60,48,51,58,36,71,67,57,67,94,58,110,104
[ 3177.042762] [AOA] Measurement: 0,1627161918.880873,08:55:31:9b:05:29,2,1,2,0,128,690,305,305,925,801,45,505,412,687,150,802,213,407,587,50,245,521,877,131,681,323,509,80,242,777,214,8,400,966,335,378,808,80,51,18,65,53,65,46,68,68,63,58,86,51,52,67,51,59,35,26,47,38,41,46,29,57,52,45,51,73,43,87,81
[ 3177.087092] [AOA] Measurement: 0,1627161918.925205,08:55:31:9b:05:29,2,1,2,0,128,655,286,342,955,755,995,557,437,722,180,753,226,402,552,55,237,465,826,202,741,352,531,671,427,198,359,33,463,910,330,972,554,80,49,18,62,53,63,44,66,66,62,59,84,51,53,67,49,59,34,25,47,39,41,47,28,55,53,45,52,72,44,86,80
[ 3177.129721] [AOA] Measurement: 0,1627161918.967826,08:55:31:9b:05:29,2,1,2,0,128,594,225,289,922,144,806,558,421,691,149,712,184,402,547,519,19,903,597,624,477,798,307,56,206,730,183,17,422,947,317,588,93,103,65,23,83,69,81,58,87,92,80,79,110,65,70,87,64,77,43,31,61,48,51,60,36,72,65,59,64,93,57,110,99
[ 3177.173803] [AOA] Measurement: 0,1627161919.011915,08:55:31:9b:05:29,2,1,2,0,128,606,237,318,923,213,832,977,171,662,92,767,195,483,606,948,163,929,655,136,669,332,507,603,412,283,395,7,440,913,313,428,977,70,45,17,56,48,58,39,62,63,56,53,76,44,47,59,43,53,28,20,41,33,33,40,21,47,44,41,41,63,39,74,65
[ 3177.217515] [AOA] Measurement: 0,1627161919.055627,08:55:31:9b:05:29,2,1,2,0,128,614,237,285,920,736,1022,948,173,690,127,696,195,363,512,522,59,461,851,114,674,361,557,63,218,684,172,48,432,950,362,373,750,97,63,23,81,65,81,57,86,85,81,75,108,65,67,84,64,75,43,32,60,50,53,59,38,69,67,56,66,91,58,110,100
[ 3177.261012] [AOA] Measurement: 0,1627161919.099118,08:55:31:9b:05:29,2,1,2,0,128,1021,1008,748,708,766,7,502,395,638,69,711,186,436,570,978,187,466,862,162,664,389,527,646,454,265,385,994,396,887,321,234,878,99,65,24,81,68,82,57,86,87,81,74,105,65,66,85,63,77,45,31,62,50,52,59,36,71,67,59,65,96,58,108,102
[ 3177.304487] [AOA] Measurement: 0,1627161919.142592,08:55:31:9b:05:29,2,1,2,0,128,9,988,762,693,190,834,3,193,109,904,133,988,802,288,459,986,959,633,636,455,346,497,613,377,702,168,412,136,314,52,76,802,101,66,24,80,66,83,56,86,85,80,78,108,66,68,84,63,77,41,30,61,49,52,59,37,73,67,58,64,94,57,107,102
[ 3177.354486] [AOA] Measurement: 0,1627161919.192592,08:55:31:9b:05:29,2,1,2,0,128,1011,1008,779,724,140,787,4,205,139,911,207,2,397,546,983,167,862,579,563,431,749,258,131,235,686,150,414,146,355,102,726,237,94,62,23,78,65,79,56,83,84,79,73,105,62,67,83,62,73,42,30,58,48,50,59,36,70,66,57,64,90,56,108,100
[ 3177.400373] [AOA] Measurement: 0,1627161919.238486,08:55:31:9b:05:29,2,1,2,0,128,612,230,335,974,694,978,520,442,669,109,771,228,451,584,1019,196,450,811,140,684,411,564,637,401,218,343,504,232,402,168,273,826,107,69,26,85,70,83,58,90,90,81,78,110,68,73,86,65,77,41,30,59,50,48,60,34,70,65,59,62,97,62,110,98
[ 3177.440441] [AOA] Measurement: 0,1627161919.278554,08:55:31:9b:05:29,2,1,2,0,128,4,20,348,896,126,777,971,169,93,937,137,971,878,354,450,29,505,837,129,640,354,509,640,419,707,165,474,230,293,51,126,813,98,61,24,77,65,78,56,84,82,77,71,104,61,64,81,62,74,44,31,59,49,51,58,38,69,66,56,66,91,57,104,99
[ 3177.484505] [AOA] Measurement: 0,1627161919.322617,08:55:31:9b:05:29,2,1,2,0,128,608,236,299,925,173,782,1022,220,715,154,707,155,443,565,997,179,482,859,182,665,431,595,596,390,182,360,5,416,941,346,63,514,74,49,19,64,53,66,46,69,65,66,58,87,51,51,66,49,60,34,25,48,38,43,48,31,57,53,45,52,75,44,88,83
[ 3177.522598] [AOA] Measurement: 0,1627161919.360710,08:55:31:9b:05:29,2,1,2,0,128,9,31,776,738,802,22,547,434,680,130,740,185,338,488,515,24,443,840,115,626,857,347,693,460,274,410,1015,438,966,349,967,368,84,56,19,66,55,68,46,71,74,66,63,91,55,57,68,51,62,34,24,49,38,41,48,28,58,53,48,52,74,47,89,81
[ 3177.567119] [AOA] Measurement: 0,1627161919.405229,08:55:31:9b:05:29,2,1,2,0,128,594,231,292,917,185,809,541,389,699,158,716,218,399,544,16,201,514,873,91,631,346,510,659,462,247,395,986,391,997,367,342,775,67,44,16,55,45,54,39,59,60,54,53,73,45,46,58,44,52,28,20,40,33,33,41,23,47,45,40,42,64,39,75,68
[ 3177.609713] [AOA] Measurement: 0,1627161919.447819,08:55:31:9b:05:29,2,1,2,0,128,577,208,330,969,655,991,483,379,771,178,773,221,504,596,1002,216,478,867,206,709,387,553,571,369,292,411,6,383,943,344,85,685,58,38,13,51,41,51,34,51,50,48,45,64,37,39,50,37,46,28,20,36,30,33,35,25,44,40,34,42,55,35,68,65
[ 3177.653616] [AOA] Measurement: 0,1627161919.491726,08:55:31:9b:05:29,2,1,2,0,128,588,184,317,944,143,767,581,442,656,128,684,168,427,577,994,185,465,851,197,743,485,640,629,409,285,432,32,456,929,354,826,279,94,60,22,77,63,76,55,81,79,77,68,101,57,61,77,59,71,41,31,59,50,50,55,38,67,63,53,63,88,54,104,97
[ 3177.696250] [AOA] Measurement: 0,1627161919.534356,08:55:31:9b:05:29,2,1,2,0,128,21,23,801,733,210,846,560,428,102,919,222,4,903,397,51,236,406,782,680,539,402,580,677,459,282,409,991,400,960,333,201,665,84,52,19,66,54,65,45,70,71,64,62,86,52,54,67,50,60,33,23,47,39,41,47,28,56,53,46,51,75,46,90,81
[ 3177.739095] [AOA] Measurement: 0,1627161919.577200,08:55:31:9b:05:29,2,1,2,0,128,29,1019,797,721,205,807,900,190,106,922,199,14,518,624,55,260,488,854,83,687,425,582,626,410,225,349,459,177,362,66,289,1006,90,61,22,76,62,76,53,80,79,75,68,100,61,63,82,62,71,40,30,58,48,50,57,36,67,66,54,65,88,56,109,102
[ 3177.782585] [AOA] Measurement: 0,1627161919.620691,08:55:31:9b:05:29,2,1,2,0,128,1003,1001,771,730,136,781,981,174,158,977,735,171,400,532,16,218,449,842,156,663,830,344,625,403,734,177,521,239,847,252,579,116,92,62,22,77,64,77,54,83,81,78,70,105,63,65,80,61,74,42,30,58,51,51,59,37,69,68,58,66,91,57,111,102
[ 3177.833526] [AOA] Measurement: 0,1627161919.671633,08:55:31:9b:05:29,2,1,2,0,128,54,44,330,933,103,771,962,165,97,936,157,1003,439,570,68,248,414,807,132,615,820,273,90,253,729,161,469,208,300,22,820,533,101,66,24,84,68,83,58,88,90,82,75,110,66,70,85,62,76,42,31,60,51,53,61,36,72,68,60,66,95,59,110,103
[ 3177.876193] [AOA] Measurement: 0,1627161919.714299,08:55:31:9b:05:29,2,1,2,0,128,580,207,342,924,731,1004,958,172,139,960,149,986,413,559,455,1003,891,622,652,455,804,292,132,260,295,385,8,432,988,372,901,352,89,57,20,71,59,71,49,76,77,70,65,92,58,61,73,54,65,37,25,49,42,42,49,30,62,56,50,53,81,51,95,84
[ 3177.916575] [AOA] Measurement: 0,1627161919.754686,08:55:31:9b:05:29,2,1,2,0,128,566,171,762,700,164,788,965,166,83,896,205,1012,470,595,37,226,446,826,161,673,808,321,619,406,264,389,38,421,905,250,855,436,71,47,17,56,48,56,38,62,62,56,54,75,46,49,60,42,52,28,20,40,33,35,41,24,49,45,40,42,63,39,76,67
[ 3177.959446] [AOA] Measurement: 0,1627161919.797556,08:55:31:9b:05:29,2,1,2,0,128,617,239,368,965,754,6,474,407,695,135,738,216,462,616,1005,183,895,639,636,524,823,333,637,404,369,459,2,407,964,324,515,962,96,62,23,78,66,80,57,86,85,80,72,106,65,68,84,62,77,42,33,59,49,50,57,36,70,66,56,63,92,56,108,104
[ 3177.998077] [AOA] Measurement: 0,1627161919.836188,08:55:31:9b:05:29,2,1,2,0,128,599,234,239,846,155,769,995,201,131,953,131,982,924,392,23,225,489,830,190,692,330,525,30,189,683,143,450,161,346,121,26,708,102,66,23,83,69,83,58,87,90,83,80,111,67,67,85,64,74,43,31,59,49,52,59,37,71,67,57,64,93,57,112,100
[ 3178.044576] [AOA] Measurement: 0,1627161919.882682,08:55:31:9b:05:29,2,1,2,0,128,637,261,360,951,790,21,516,443,663,127,654,148,397,538,424,984,518,871,84,620,815,354,138,281,265,365,1015,410,344,129,896,467,94,63,23,80,65,80,56,83,83,79,71,106,66,65,85,61,75,44,32,59,49,52,59,37,70,67,58,64,92,56,110,101
[ 3178.090543] [AOA] Measurement: 0,1627161919.928649,08:55:31:9b:05:29,2,1,2,0,128,674,301,341,924,715,1007,487,393,655,114,682,188,408,548,393,995,960,664,586,426,769,265,93,241,254,364,1023,444,895,288,215,734,107,66,26,83,70,83,59,88,91,81,77,113,68,72,85,63,76,42,31,60,50,50,62,33,72,66,61,62,94,57,109,96
[ 3178.133598] [AOA] Measurement: 0,1627161919.971710,08:55:31:9b:05:29,2,1,2,0,128,615,257,348,940,709,995,503,405,635,83,167,1017,875,354,483,1022,957,636,581,412,378,522,613,391,237,382,489,257,399,87,796,470,98,66,24,82,67,82,59,89,86,80,75,106,63,66,83,63,75,43,30,60,49,50,60,36,71,68,57,65,92,58,110,101
[ 3178.172076] [AOA] Measurement: 0,1627161920.010187,08:55:31:9b:05:29,2,1,2,0,128,58,27,782,721,167,806,972,174,160,953,203,21,412,569,498,24,442,816,627,469,841,312,602,409,274,415,22,412,886,302,623,23,94,62,23,81,66,81,55,85,84,80,74,109,65,66,83,64,76,42,32,60,50,53,59,38,70,67,58,65,91,59,109,101
[ 3178.213520] [AOA] Measurement: 0,1627161920.051633,08:55:31:9b:05:29,2,1,2,0,128,618,221,357,929,706,963,906,154,62,904,232,18,390,561,1016,182,490,854,190,728,351,515,47,199,690,167,458,198,349,119,88,711,87,58,22,74,60,74,53,79,73,76,65,96,56,60,75,58,69,41,29,55,48,49,54,37,65,63,53,63,85,54,104,96
[ 3178.256404] [AOA] Measurement: 0,1627161920.094510,08:55:31:9b:05:29,2,1,2,0,128,629,272,289,935,707,1018,466,347,147,970,109,979,886,335,466,3,514,845,204,747,440,576,697,464,295,412,983,401,331,73,764,415,100,67,24,82,67,82,59,88,88,83,76,108,64,69,83,63,76,42,31,61,52,51,62,36,73,68,60,65,95,59,112,101
[ 3178.300584] [AOA] Measurement: 0,1627161920.138691,08:55:31:9b:05:29,2,1,2,0,128,45,36,803,695,112,769,950,174,117,955,781,208,420,587,1,190,419,776,589,446,837,305,6,160,618,99,427,143,423,114,957,600,101,65,24,83,69,82,59,87,85,81,74,108,66,68,84,65,74,43,31,62,51,52,59,36,72,70,58,67,95,58,110,100
[ 3178.343369] [AOA] Measurement: 0,1627161920.181483,08:55:31:9b:05:29,2,1,2,0,128,674,293,321,967,712,990,531,409,678,107,736,170,464,598,1016,211,452,849,168,670,404,591,620,415,286,404,13,429,941,377,877,208,93,60,22,76,63,79,55,84,77,75,70,103,60,63,79,59,71,41,31,57,48,51,57,36,68,65,54,64,86,54,106,97
[ 3178.386725] [AOA] Measurement: 0,1627161920.224838,08:55:31:9b:05:29,2,1,2,0,128,635,239,284,901,730,980,922,145,138,926,146,983,837,329,397,984,902,585,660,441,860,314,60,208,709,179,498,230,319,118,436,940,94,63,23,79,65,78,57,84,84,79,70,105,59,64,80,60,72,41,30,57,49,52,55,37,69,65,56,63,89,54,107,101
[ 3178.430543] [AOA] Measurement: 0,1627161920.268656,08:55:31:9b:05:29,2,1,2,0,128,647,268,319,925,722,993,511,397,107,940,772,204,445,575,32,206,426,798,171,670,359,544,689,407,728,188,479,185,376,126,433,60,86,55,20,68,58,68,46,74,75,64,65,89,53,55,68,50,60,34,23,49,38,40,48,27,57,52,47,49,77,47,89,78
[ 3178.468783] [AOA] Measurement: 0,1627161920.306894,08:55:31:9b:05:29,2,1,2,0,128,577,191,767,719,220,850,501,387,124,917,704,127,442,535,482,1023,955,646,539,409,825,340,74,207,306,404,43,449,929,328,234,725,101,66,23,82,69,82,60,90,90,80,75,111,65,69,86,65,77,42,30,59,48,53,60,35,71,66,59,65,96,59,112,98
[ 3178.507038] [AOA] Measurement: 0,1627161920.345151,08:55:31:9b:05:29,2,1,2,0,128,558,228,334,897,711,999,454,364,687,109,693,134,424,576,927,159,471,842,130,670,397,601,598,396,252,428,999,386,906,299,763,255,102,66,24,84,70,83,59,91,91,82,78,110,67,69,86,62,74,43,30,61,49,52,60,36,71,66,58,65,95,58,110,100
[ 3178.554405] [AOA] Measurement: 0,1627161920.392486,08:55:31:9b:05:29,2,1,2,0,128,567,179,365,916,645,986,478,345,119,908,136,957,916,341,423,999,924,621,624,456,770,276,116,259,758,170,446,141,942,352,766,233,104,68,26,84,70,82,57,87,94,83,79,110,68,71,84,64,78,40,28,59,48,49,62,33,70,64,59,58,92,58,108,91
[ 3178.603278] [AOA] Measurement: 0,1627161920.441384,08:55:31:9b:05:29,2,1,2,0,128,618,269,279,919,673,953,967,198,95,931,183,1017,905,347,488,19,420,787,185,670,346,522,636,439,284,389,1,423,926,312,862,341,101,66,24,83,69,82,59,91,92,82,77,111,67,71,85,66,77,42,30,61,50,50,61,34,71,66,60,61,93,59,109,97
[ 3178.645449] [AOA] Measurement: 0,1627161920.483556,08:55:31:9b:05:29,2,1,2,0,128,637,275,298,928,750,1023,532,397,733,179,719,179,456,618,979,176,441,828,209,724,362,543,628,422,269,398,2,426,933,339,826,367,105,68,25,84,72,83,57,88,93,81,80,110,67,72,86,63,76,41,27,57,46,47,60,31,67,63,59,57,92,56,105,86
[ 3178.683899] [AOA] Measurement: 0,1627161920.522010,08:55:31:9b:05:29,2,1,2,0,128,589,248,239,880,165,822,49,254,684,133,213,1021,415,537,448,20,471,815,227,706,424,583,671,437,233,381,965,362,928,288,429,64,103,68,24,84,66,82,58,88,90,81,79,110,67,71,86,64,79,41,29,59,48,49,60,35,72,65,61,65,95,60,112,97
[ 3178.725525] [AOA] Measurement: 0,1627161920.563638,08:55:31:9b:05:29,2,1,2,0,128,618,224,356,953,720,993,511,389,664,139,743,189,390,567,1019,202,447,857,140,680,385,556,604,425,268,371,511,246,888,306,24,577,76,49,17,64,52,62,44,67,66,63,57,83,48,50,65,49,58,33,24,46,38,39,44,29,54,51,41,51,69,42,85,79
[ 3178.770149] [AOA] Measurement: 0,1627161920.608262,08:55:31:9b:05:29,2,1,2,0,128,26,30,802,735,752,1009,474,373,666,138,687,139,396,524,1019,181,460,837,660,487,835,304,65,227,243,376,477,186,881,266,594,122,61,37,16,42,36,42,28,48,56,39,46,52,34,38,40,33,38,15,7,23,16,17,26,11,29,26,29,22,42,25,45,26
[ 3178.814002] [AOA] Measurement: 0,1627161920.652114,08:55:31:9b:05:29,2,1,2,0,128,573,256,338,964,713,975,562,438,679,117,708,188,460,586,993,140,474,826,617,426,877,377,699,427,261,371,57,438,914,313,90,653,103,65,25,83,71,84,59,88,90,81,80,111,68,75,88,66,80,43,30,63,52,51,59,35,73,67,60,65,96,59,111,96
