
[ 5836.920735] [AOA] Measurement: 0,1627133454.297630,08:55:31:9b:05:29,2,1,2,0,128,807,794,323,593,201,811,922,90,466,53,440,932,119,674,616,261,505,138,48,980,444,53,581,985,797,203,699,133,63,59,353,188,72,49,66,66,64,64,63,63,66,64,72,66,55,69,66,63,62,57,51,66,61,55,57,44,59,60,58,47,58,67,54,65
[ 5836.963519] [AOA] Measurement: 0,1627133454.340416,08:55:31:9b:05:29,2,1,2,0,128,382,1005,288,578,217,787,574,397,39,279,1004,138,646,932,107,438,79,355,674,166,422,111,118,162,309,397,183,259,721,315,612,314,73,51,65,67,66,66,63,66,66,67,72,68,56,69,66,66,66,59,53,67,62,58,61,45,61,64,64,53,65,73,62,74
[ 5837.007304] [AOA] Measurement: 0,1627133454.384202,08:55:31:9b:05:29,2,1,2,0,128,406,9,915,826,772,996,404,278,445,49,447,980,112,711,515,171,596,180,50,995,468,98,105,157,319,452,232,333,634,269,66,969,85,60,72,78,78,78,76,77,77,79,86,84,71,85,81,80,82,72,65,83,75,73,76,60,77,80,76,66,79,85,74,86
[ 5837.051320] [AOA] Measurement: 0,1627133454.428221,08:55:31:9b:05:29,2,1,2,0,128,394,1015,921,811,753,966,476,313,979,267,972,140,623,890,156,499,136,412,720,243,98,386,109,181,330,429,200,320,743,331,637,316,70,51,62,67,65,65,64,67,66,65,70,69,58,70,68,66,67,58,54,67,62,59,62,48,63,65,63,53,66,74,62,73
[ 5837.090811] [AOA] Measurement: 0,1627133454.467705,08:55:31:9b:05:29,2,1,2,0,128,343,993,863,758,269,815,881,74,487,88,382,934,126,744,636,302,51,359,675,192,964,256,136,153,783,206,676,134,719,298,580,276,100,71,91,94,90,91,90,94,94,94,102,96,82,97,93,91,91,82,75,96,86,81,84,66,87,88,85,71,90,100,87,100
[ 5837.138698] [AOA] Measurement: 0,1627133454.515594,08:55:31:9b:05:29,2,1,2,0,128,811,806,375,612,218,810,515,347,982,228,454,963,55,686,587,235,541,156,177,54,976,329,89,169,373,468,192,326,719,345,273,956,73,52,64,67,65,67,64,66,67,67,72,69,58,70,69,66,66,59,53,68,61,58,61,48,60,63,63,54,66,72,64,72
[ 5837.185018] [AOA] Measurement: 0,1627133454.561912,08:55:31:9b:05:29,2,1,2,0,128,384,995,879,791,167,774,1013,154,475,96,962,136,55,650,541,258,502,119,87,990,444,83,549,919,843,263,696,111,105,104,48,877,86,59,79,79,78,78,78,79,80,79,87,80,68,84,78,78,76,69,63,80,74,69,69,51,71,70,67,55,70,81,65,79
[ 5837.227440] [AOA] Measurement: 0,1627133454.604334,08:55:31:9b:05:29,2,1,2,0,128,419,1016,934,815,195,776,945,105,443,49,444,975,678,929,86,445,68,332,121,1014,426,98,98,128,759,209,735,153,715,323,381,36,87,63,77,81,78,81,78,83,78,80,86,83,70,84,83,79,82,70,65,83,73,73,75,60,74,79,80,67,80,87,79,92
[ 5837.266475] [AOA] Measurement: 0,1627133454.643373,08:55:31:9b:05:29,2,1,2,0,128,355,983,289,580,250,811,924,90,514,91,1021,150,652,903,35,415,57,374,701,180,5,303,118,127,386,459,181,299,93,85,500,273,73,51,64,67,66,66,65,67,67,67,73,70,57,69,66,64,67,59,53,68,62,59,63,49,62,66,64,54,66,71,64,74
[ 5837.304543] [AOA] Measurement: 0,1627133454.681441,08:55:31:9b:05:29,2,1,2,2,128,355,983,289,580,250,811,924,90,514,91,1021,150,652,903,35,415,57,374,701,180,5,303,118,127,386,459,181,299,93,85,500,273,70,51,62,67,65,65,64,67,66,65,70,69,58,70,68,66,67,58,54,67,62,59,62,48,63,65,63,53,66,74,62,73
[ 5837.350983] [AOA] Measurement: 0,1627133454.727877,08:55:31:9b:05:29,2,1,2,0,128,342,960,356,610,185,801,955,160,49,303,61,205,645,893,95,448,33,335,91,989,410,44,542,915,781,251,707,139,699,339,927,604,81,55,71,74,73,73,70,75,73,74,82,76,63,79,76,74,73,63,60,76,69,64,67,51,67,70,71,57,74,83,71,84
[ 5837.390086] [AOA] Measurement: 0,1627133454.766985,08:55:31:9b:05:29,2,1,2,0,128,844,830,906,773,257,796,510,351,26,282,46,216,665,906,82,391,132,396,697,189,979,301,84,139,313,435,245,307,161,97,236,52,80,55,69,72,73,73,70,73,72,73,82,77,64,77,74,71,74,63,58,73,67,65,69,52,69,73,69,59,74,84,72,83
[ 5837.428999] [AOA] Measurement: 0,1627133454.805898,08:55:31:9b:05:29,2,1,2,2,128,844,830,906,773,257,796,510,351,26,282,46,216,665,906,82,391,132,396,697,189,979,301,84,139,313,435,245,307,161,97,236,52,87,63,77,81,78,81,78,83,78,80,86,83,70,84,83,79,82,70,65,83,73,73,75,60,74,79,80,67,80,87,79,92
[ 5837.474567] [AOA] Measurement: 0,1627133454.851460,08:55:31:9b:05:29,2,1,2,0,128,366,990,884,772,779,997,957,159,22,297,980,114,654,916,145,444,183,438,640,200,975,274,607,1009,813,233,228,305,730,312,451,88,70,50,63,66,66,67,63,68,65,66,71,67,57,69,66,63,65,58,53,67,61,58,62,47,62,63,63,53,64,71,63,72
[ 5837.520510] [AOA] Measurement: 0,1627133454.897407,08:55:31:9b:05:29,2,1,2,0,128,398,1013,274,593,270,849,980,135,399,27,481,978,81,723,563,227,559,159,118,1004,425,74,125,127,833,283,641,100,779,359,32,795,71,49,63,64,64,63,61,64,66,64,71,67,56,67,65,63,63,57,52,68,61,57,60,44,59,61,58,47,60,70,56,68
[ 5837.564594] [AOA] Measurement: 0,1627133454.941492,08:55:31:9b:05:29,2,1,2,0,128,415,17,903,816,759,966,893,81,514,131,955,83,705,947,27,405,522,168,120,21,424,56,545,934,833,215,663,85,101,55,942,862,72,49,65,66,66,65,64,65,67,67,70,67,55,68,65,63,62,59,53,68,62,59,58,44,60,61,58,49,60,67,56,67
[ 5837.608403] [AOA] Measurement: 0,1627133454.985297,08:55:31:9b:05:29,2,1,2,0,128,347,969,965,866,773,987,457,332,1003,235,24,182,634,895,537,223,583,213,683,196,983,312,33,94,819,225,691,101,182,115,801,550,73,50,64,66,64,64,62,63,64,64,71,67,57,69,65,65,66,58,52,66,61,58,59,44,58,59,59,50,60,69,57,67
[ 5837.652577] [AOA] Measurement: 0,1627133455.029476,08:55:31:9b:05:29,2,1,2,0,128,399,18,862,785,781,1001,499,353,994,255,464,964,124,723,606,267,534,170,111,1020,403,37,555,950,832,270,171,261,729,303,216,973,67,49,58,61,58,63,60,64,61,63,69,68,56,68,67,65,66,58,53,66,61,58,61,48,61,64,64,55,65,73,64,73
[ 5837.696386] [AOA] Measurement: 0,1627133455.073283,08:55:31:9b:05:29,2,1,2,0,128,384,993,929,801,258,840,902,107,470,47,13,184,666,919,142,438,100,394,644,173,431,80,75,81,837,244,689,155,670,288,353,71,70,48,63,65,64,65,62,64,67,65,71,67,58,69,66,65,66,59,53,67,62,56,60,46,62,63,62,51,62,70,60,68
[ 5837.741110] [AOA] Measurement: 0,1627133455.118004,08:55:31:9b:05:29,2,1,2,0,128,818,761,387,609,271,827,968,142,999,276,987,144,601,863,589,249,564,151,154,49,423,69,586,951,849,282,627,109,182,146,718,454,72,48,65,66,63,64,63,65,66,65,71,68,56,70,66,64,66,59,53,69,63,60,60,47,62,63,61,51,63,71,59,71
[ 5837.788456] [AOA] Measurement: 0,1627133455.165354,08:55:31:9b:05:29,2,1,2,0,128,324,953,353,613,274,818,963,136,439,42,438,944,106,669,538,218,524,165,96,15,456,112,571,939,836,217,700,155,714,303,991,740,71,48,64,66,65,66,63,64,67,66,72,67,55,67,64,64,64,58,53,69,61,57,59,46,60,61,60,48,61,67,54,65
[ 5837.834708] [AOA] Measurement: 0,1627133455.211601,08:55:31:9b:05:29,2,1,2,0,128,789,775,350,581,253,794,899,91,434,38,419,966,77,680,584,274,71,359,678,204,400,68,530,944,771,184,666,74,108,104,744,630,71,50,64,65,65,66,64,66,68,66,71,65,56,70,66,64,66,59,53,68,63,58,60,45,60,62,60,51,61,70,57,70
[ 5837.876806] [AOA] Measurement: 0,1627133455.253701,08:55:31:9b:05:29,2,1,2,0,128,341,1015,918,819,839,1004,468,354,1017,260,982,149,659,922,99,442,103,413,702,217,1005,310,114,181,359,514,291,375,747,381,702,286,96,70,85,91,88,90,87,92,88,91,97,96,81,95,93,90,94,80,73,94,84,83,84,68,84,88,90,76,91,101,88,101
[ 5837.916550] [AOA] Measurement: 0,1627133455.293449,08:55:31:9b:05:29,2,1,2,0,128,375,1000,964,839,785,27,452,307,17,294,392,937,117,724,589,229,568,156,113,1000,462,114,121,156,376,500,182,334,740,347,808,415,68,50,61,64,64,64,63,67,66,66,72,68,57,68,67,66,68,58,54,68,62,60,62,49,61,65,64,54,65,72,62,72
[ 5837.959812] [AOA] Measurement: 0,1627133455.336707,08:55:31:9b:05:29,2,1,2,0,128,434,11,918,816,734,945,919,123,491,80,442,953,72,695,591,254,560,184,707,222,977,306,57,140,347,441,217,343,703,341,557,284,70,49,65,67,65,66,64,67,67,67,72,68,58,69,65,65,64,58,51,67,62,56,60,44,58,61,58,49,59,69,56,67
[ 5837.998665] [AOA] Measurement: 0,1627133455.375562,08:55:31:9b:05:29,2,1,2,0,128,328,987,856,741,816,1014,469,357,6,278,55,188,681,919,58,402,96,404,686,236,23,321,95,138,398,520,209,361,677,275,855,552,70,50,63,65,65,65,64,66,65,65,72,68,58,69,67,65,66,58,53,67,62,61,63,48,62,64,64,53,65,70,65,73
[ 5838.043254] [AOA] Measurement: 0,1627133455.420152,08:55:31:9b:05:29,2,1,2,0,128,819,752,329,598,222,811,972,131,523,122,474,1004,91,685,647,266,62,348,673,208,973,280,101,131,377,470,213,355,721,345,294,991,70,50,63,65,65,65,64,67,66,66,71,67,58,70,67,66,67,58,54,69,63,59,61,47,60,64,64,53,66,70,63,72
[ 5838.086028] [AOA] Measurement: 0,1627133455.462923,08:55:31:9b:05:29,2,1,2,0,128,374,1015,897,773,861,10,514,393,9,275,983,146,641,898,113,484,111,324,649,174,409,96,124,159,304,419,158,309,677,285,692,490,72,50,65,67,66,66,63,66,67,66,71,67,58,70,66,64,65,59,54,68,61,59,61,47,61,64,63,52,64,71,62,71
[ 5838.130133] [AOA] Measurement: 0,1627133455.507027,08:55:31:9b:05:29,2,1,2,0,128,326,979,925,816,750,986,963,138,490,82,3,200,683,911,122,471,84,381,704,245,4,307,128,158,405,500,261,353,761,383,365,934,71,50,64,65,64,66,64,65,65,66,72,68,57,68,66,65,66,59,52,68,61,58,61,45,62,64,63,51,62,71,60,71
[ 5838.172285] [AOA] Measurement: 0,1627133455.549183,08:55:31:9b:05:29,2,1,2,0,128,807,777,386,613,203,756,960,164,21,287,1009,169,626,855,116,453,94,388,659,198,1004,281,130,157,325,419,221,339,746,330,599,307,87,62,76,81,79,79,79,81,78,81,86,83,70,83,82,80,81,70,65,81,74,73,77,60,75,79,78,67,81,88,79,89
[ 5838.215779] [AOA] Measurement: 0,1627133455.592679,08:55:31:9b:05:29,2,1,2,0,128,809,816,379,634,831,0,488,365,32,275,35,191,604,888,105,474,74,360,83,991,417,64,515,920,813,247,675,139,100,80,291,37,70,50,64,66,63,67,64,67,65,66,71,67,55,69,66,65,65,58,53,68,61,59,61,45,61,61,60,51,63,68,60,69
[ 5838.260672] [AOA] Measurement: 0,1627133455.637565,08:55:31:9b:05:29,2,1,2,0,128,796,783,347,653,252,804,914,116,523,79,490,1008,591,855,532,226,556,182,664,194,32,334,88,138,371,493,98,277,162,97,675,627,71,52,62,66,65,64,64,66,67,67,71,67,57,70,68,65,66,58,52,67,61,58,59,45,59,60,61,51,61,71,59,69
[ 5838.311143] [AOA] Measurement: 0,1627133455.688036,08:55:31:9b:05:29,2,1,2,0,128,411,8,867,775,768,964,907,94,499,98,452,980,634,902,587,258,603,210,681,197,989,329,129,174,364,453,204,322,724,335,700,454,71,52,63,65,64,65,62,66,64,64,72,69,57,70,67,65,66,58,52,67,62,61,63,49,63,65,63,53,65,73,62,72
[ 5838.356675] [AOA] Measurement: 0,1627133455.733574,08:55:31:9b:05:29,2,1,2,2,128,411,8,867,775,768,964,907,94,499,98,452,980,634,902,587,258,603,210,681,197,989,329,129,174,364,453,204,322,724,335,700,454,71,52,62,66,65,64,64,66,67,67,71,67,57,70,68,65,66,58,52,67,61,58,59,45,59,60,61,51,61,71,59,69
[ 5838.400928] [AOA] Measurement: 0,1627133455.777823,08:55:31:9b:05:29,2,1,2,2,128,411,8,867,775,768,964,907,94,499,98,452,980,634,902,587,258,603,210,681,197,989,329,129,174,364,453,204,322,724,335,700,454,71,52,63,65,64,65,62,66,64,64,72,69,57,70,67,65,66,58,52,67,62,61,63,49,63,65,63,53,65,73,62,72
[ 5838.444040] [AOA] Measurement: 0,1627133455.820941,08:55:31:9b:05:29,2,1,2,2,128,411,8,867,775,768,964,907,94,499,98,452,980,634,902,587,258,603,210,681,197,989,329,129,174,364,453,204,322,724,335,700,454,71,52,62,66,65,64,64,66,67,67,71,67,57,70,68,65,66,58,52,67,61,58,59,45,59,60,61,51,61,71,59,69
[ 5838.504304] [AOA] Measurement: 0,1627133455.881198,08:55:31:9b:05:29,2,1,2,0,128,378,971,918,829,834,1020,558,385,35,340,1022,191,621,902,147,464,70,353,136,1013,392,44,611,981,381,456,200,304,711,337,31,725,71,51,64,67,66,65,64,68,66,66,72,68,59,70,68,66,67,58,55,70,63,61,63,49,65,66,65,55,65,72,65,72
[ 5838.557150] [AOA] Measurement: 0,1627133455.934049,08:55:31:9b:05:29,2,1,2,2,128,378,971,918,829,834,1020,558,385,35,340,1022,191,621,902,147,464,70,353,136,1013,392,44,611,981,381,456,200,304,711,337,31,725,71,52,62,66,65,64,64,66,67,67,71,67,57,70,68,65,66,58,52,67,61,58,59,45,59,60,61,51,61,71,59,69
[ 5838.600873] [AOA] Measurement: 0,1627133455.977771,08:55:31:9b:05:29,2,1,2,0,128,821,776,370,645,714,956,968,176,28,296,420,957,165,764,578,222,176,444,607,181,438,81,518,907,763,229,252,355,725,350,659,293,82,57,72,76,76,77,76,80,77,78,84,80,66,81,78,77,76,67,62,80,72,69,72,54,71,74,71,58,74,82,71,81
[ 5838.639302] [AOA] Measurement: 0,1627133456.016200,08:55:31:9b:05:29,2,1,2,0,128,368,14,901,824,742,972,921,157,466,49,470,958,137,729,560,238,578,211,111,4,438,83,537,975,876,266,198,294,725,343,92,793,72,48,63,66,64,65,63,64,63,64,72,66,55,68,66,64,64,55,52,66,60,58,58,44,58,62,60,49,61,70,59,71
[ 5838.682255] [AOA] Measurement: 0,1627133456.059154,08:55:31:9b:05:29,2,1,2,0,128,783,783,387,609,228,794,934,132,464,56,483,16,118,728,521,233,126,347,746,225,14,344,110,151,358,443,154,295,157,111,709,540,86,67,77,81,80,81,80,82,80,80,86,84,75,85,84,82,83,75,69,83,77,77,79,64,79,80,79,70,82,86,78,87
[ 5838.721398] [AOA] Measurement: 0,1627133456.098290,08:55:31:9b:05:29,2,1,2,0,128,370,40,861,833,184,785,940,149,492,66,492,999,634,871,107,438,578,224,634,175,481,87,122,188,263,401,234,336,714,329,787,431,82,63,75,80,79,78,76,79,79,78,81,78,72,81,78,76,78,71,68,79,76,75,79,66,76,79,78,70,78,83,78,84
[ 5838.768572] [AOA] Measurement: 0,1627133456.145471,08:55:31:9b:05:29,2,1,2,0,128,329,996,864,771,256,841,467,363,987,252,964,136,659,905,519,191,638,225,143,7,42,337,201,203,340,440,176,272,697,334,338,56,81,64,75,77,77,76,75,78,76,79,82,81,73,81,79,77,78,72,70,80,77,75,76,65,76,78,77,67,77,81,76,82
[ 5838.814828] [AOA] Measurement: 0,1627133456.191721,08:55:31:9b:05:29,2,1,2,0,128,337,996,323,613,167,767,966,120,436,35,463,956,139,721,169,473,120,413,688,208,969,307,110,142,343,430,678,107,86,52,8,866,81,60,76,77,77,77,76,77,78,78,81,80,71,77,72,73,74,73,67,80,76,70,71,59,71,70,69,59,69,77,66,76
[ 5838.853693] [AOA] Measurement: 0,1627133456.230591,08:55:31:9b:05:29,2,1,2,0,128,379,1011,990,899,851,46,460,327,3,316,1002,137,651,887,93,430,88,384,690,208,980,286,184,203,386,508,262,377,693,337,505,132,80,67,74,79,77,78,76,77,77,78,81,80,72,80,78,77,76,73,69,81,75,74,76,67,76,79,77,69,78,81,77,83
[ 5838.897707] [AOA] Measurement: 0,1627133456.274606,08:55:31:9b:05:29,2,1,2,0,128,787,797,289,590,206,791,878,102,477,57,365,907,47,691,582,237,551,183,52,1005,506,126,56,107,337,430,678,106,152,95,968,818,79,66,74,78,78,77,77,79,76,78,80,79,72,80,79,78,77,72,69,81,75,75,78,64,75,76,76,68,77,82,75,82
[ 5838.942188] [AOA] Measurement: 0,1627133456.319086,08:55:31:9b:05:29,2,1,2,0,128,828,832,345,622,207,740,928,153,479,74,493,991,17,650,548,204,506,145,63,993,437,72,585,958,789,218,632,80,690,323,915,602,76,66,68,76,75,74,75,78,73,74,77,78,71,77,78,75,78,70,67,76,73,72,77,66,72,76,77,70,76,79,77,83
[ 5838.992078] [AOA] Measurement: 0,1627133456.368973,08:55:31:9b:05:29,2,1,2,0,128,381,1023,991,861,791,987,456,324,90,348,1018,169,632,919,108,467,24,319,700,203,1014,312,130,147,300,386,679,72,166,117,657,334,80,64,77,78,77,77,77,76,78,79,83,80,73,81,79,77,78,74,69,82,76,74,77,65,74,77,77,68,76,81,76,81
[ 5839.041352] [AOA] Measurement: 0,1627133456.418250,08:55:31:9b:05:29,2,1,2,0,128,400,1002,891,798,845,13,447,314,1007,261,476,1002,98,704,640,249,509,118,140,14,513,158,93,145,401,520,153,262,709,278,297,38,82,64,75,78,77,75,76,78,79,79,84,81,73,83,79,79,76,73,68,80,74,75,76,64,75,77,76,68,77,83,73,81
[ 5839.090503] [AOA] Measurement: 0,1627133456.467397,08:55:31:9b:05:29,2,1,2,0,128,363,2,831,770,197,818,945,140,29,322,998,152,717,945,130,481,179,455,685,249,1016,300,67,109,310,413,679,134,678,326,550,128,79,67,73,77,77,77,76,78,76,75,79,79,73,78,80,77,79,70,66,77,74,73,76,65,75,77,78,70,78,81,78,83
[ 5839.133483] [AOA] Measurement: 0,1627133456.510382,08:55:31:9b:05:29,2,1,2,0,128,365,991,934,832,222,810,525,396,17,273,3,160,628,882,63,436,119,404,660,163,429,82,485,886,852,267,704,140,740,349,28,688,82,65,76,80,77,77,75,78,79,80,83,80,72,79,74,77,76,72,70,81,74,70,72,59,71,73,70,62,70,76,67,74
[ 5839.176729] [AOA] Measurement: 0,1627133456.553628,08:55:31:9b:05:29,2,1,2,0,128,406,34,859,754,819,1019,483,375,976,236,1009,177,725,962,114,450,134,398,679,222,962,276,129,163,367,424,232,324,714,307,111,855,83,64,79,79,80,79,78,77,78,80,84,82,72,81,79,77,75,71,68,79,75,75,78,65,76,78,76,69,78,82,74,82
[ 5839.221117] [AOA] Measurement: 0,1627133456.598010,08:55:31:9b:05:29,2,1,2,0,128,843,831,337,619,198,769,907,86,478,97,429,972,127,731,558,213,534,161,158,25,465,101,105,136,809,263,177,297,170,124,877,596,80,64,78,79,77,78,76,73,77,75,82,79,70,80,77,77,78,75,68,80,77,71,71,61,74,71,70,61,72,78,66,76
[ 5839.268743] [AOA] Measurement: 0,1627133456.645642,08:55:31:9b:05:29,2,1,2,0,128,381,9,867,832,771,977,445,299,481,96,999,169,672,903,125,464,97,384,669,220,37,354,149,148,346,449,194,317,756,353,750,417,80,64,75,78,78,77,77,78,78,79,85,81,75,81,80,79,77,72,68,80,75,76,77,66,78,79,77,68,78,82,75,80
[ 5839.314143] [AOA] Measurement: 0,1627133456.691038,08:55:31:9b:05:29,2,1,2,0,128,856,818,301,595,222,781,1004,168,439,23,411,951,67,646,531,176,557,192,145,36,475,82,557,935,866,260,673,111,165,147,441,292,80,66,74,80,79,77,77,77,77,80,81,78,72,80,78,76,75,71,70,81,76,75,74,62,75,76,72,65,75,80,71,78
[ 5839.360239] [AOA] Measurement: 0,1627133456.737137,08:55:31:9b:05:29,2,1,2,0,128,389,13,914,822,810,981,502,362,1019,265,10,182,709,918,83,400,599,229,702,221,14,342,141,151,412,474,224,344,761,369,109,818,72,64,67,72,72,72,73,75,68,72,74,74,69,75,74,71,77,66,63,74,69,73,73,66,71,76,76,72,77,77,77,80
[ 5839.398492] [AOA] Measurement: 0,1627133456.775391,08:55:31:9b:05:29,2,1,2,0,128,349,987,892,786,772,1004,528,350,78,350,1018,189,671,933,72,424,102,382,687,220,1000,271,97,125,370,485,160,299,734,370,199,863,80,56,74,74,73,75,74,71,78,74,79,75,65,75,69,70,71,69,65,74,70,66,67,52,68,65,62,53,64,71,59,69
[ 5839.443096] [AOA] Measurement: 0,1627133456.819994,08:55:31:9b:05:29,2,1,2,0,128,865,835,365,605,841,0,441,343,1020,261,447,983,613,886,588,264,131,390,681,225,978,299,74,128,768,204,199,346,711,314,815,541,83,65,77,81,79,78,77,80,79,78,82,80,73,80,79,76,79,73,69,79,76,75,77,64,77,79,78,69,79,85,76,83
[ 5839.487765] [AOA] Measurement: 0,1627133456.864665,08:55:31:9b:05:29,2,1,2,0,128,794,800,394,611,249,825,459,328,469,60,406,957,87,715,590,252,577,170,120,1003,452,76,560,951,761,178,595,40,107,81,942,884,79,64,76,78,78,77,76,78,77,80,82,78,74,81,80,78,80,69,68,79,76,75,78,66,75,80,77,71,79,82,78,85
[ 5839.532386] [AOA] Measurement: 0,1627133456.909281,08:55:31:9b:05:29,2,1,2,0,128,783,794,908,811,217,783,908,110,442,68,453,988,121,724,93,399,93,369,634,155,923,243,140,130,375,459,187,321,686,318,796,499,78,65,71,78,76,77,74,77,74,77,79,79,73,76,79,76,77,70,64,74,70,72,75,65,72,75,78,72,77,79,77,82
[ 5839.583376] [AOA] Measurement: 0,1627133456.960271,08:55:31:9b:05:29,2,1,2,0,128,834,796,387,635,239,842,485,367,1006,253,10,132,583,858,113,458,43,311,62,979,436,61,516,943,798,250,222,281,729,325,101,861,86,69,80,83,82,85,82,84,83,84,88,86,78,87,86,82,85,78,74,86,81,79,81,68,79,79,80,71,80,86,78,85
[ 5839.630715] [AOA] Measurement: 0,1627133457.007614,08:55:31:9b:05:29,2,1,2,0,128,407,35,847,784,233,775,917,118,496,70,443,961,684,922,96,443,24,322,130,5,1013,338,47,144,355,428,669,111,754,377,636,323,76,65,71,76,74,72,76,75,72,77,79,79,70,76,77,76,76,70,66,76,72,73,76,66,75,78,78,72,78,81,79,84
[ 5839.674581] [AOA] Measurement: 0,1627133457.051479,08:55:31:9b:05:29,2,1,2,0,128,352,1003,913,809,893,61,471,329,39,281,1006,170,587,869,106,419,53,385,644,167,989,295,29,120,377,488,254,372,763,373,929,468,80,64,75,80,79,78,77,78,79,78,82,79,72,82,78,77,75,74,68,80,76,72,76,62,74,74,73,65,74,79,71,79
[ 5839.718426] [AOA] Measurement: 0,1627133457.095321,08:55:31:9b:05:29,2,1,2,0,128,822,790,300,581,259,804,883,95,464,55,457,986,672,924,66,433,541,168,83,1019,405,57,523,928,779,210,647,82,115,97,849,715,78,65,73,76,78,75,78,78,76,77,81,80,72,79,79,77,76,70,68,79,74,72,76,64,73,77,77,70,76,82,77,83
[ 5839.761074] [AOA] Measurement: 0,1627133457.137975,08:55:31:9b:05:29,2,1,2,0,128,371,1021,873,810,718,949,949,118,484,66,442,985,651,935,78,424,121,413,120,44,1001,271,91,162,854,272,246,368,700,311,250,849,86,68,80,85,84,84,83,84,85,86,89,87,77,86,83,81,83,77,73,86,81,78,82,68,80,82,80,69,81,87,77,85
[ 5839.799594] [AOA] Measurement: 0,1627133457.176488,08:55:31:9b:05:29,2,1,2,0,128,352,969,907,795,228,821,913,116,419,34,402,943,135,706,583,257,547,156,107,1010,423,72,591,982,807,249,614,80,144,114,319,138,81,64,76,78,79,79,79,78,79,79,83,81,73,81,78,75,77,73,67,80,76,71,75,62,75,73,73,64,77,81,71,79
[ 5839.842802] [AOA] Measurement: 0,1627133457.219697,08:55:31:9b:05:29,2,1,2,0,128,359,1014,913,811,823,24,416,297,468,86,464,960,714,969,152,476,47,369,716,212,1007,293,132,172,316,430,279,390,730,318,276,906,79,65,74,78,78,77,77,79,77,80,82,81,75,81,80,78,79,72,70,79,75,75,76,65,75,75,74,69,78,80,74,80
[ 5839.892982] [AOA] Measurement: 0,1627133457.269875,08:55:31:9b:05:29,2,1,2,0,128,372,989,351,620,232,789,1001,190,421,27,458,970,90,696,154,469,108,383,689,195,975,268,91,157,800,216,698,114,157,95,988,771,82,67,76,80,78,78,76,80,77,79,83,81,74,82,80,78,78,72,65,80,76,76,77,67,77,78,77,69,78,81,78,85
[ 5839.947455] [AOA] Measurement: 0,1627133457.324352,08:55:31:9b:05:29,2,1,2,0,128,341,987,319,563,820,1011,457,305,424,12,485,981,133,741,93,459,137,423,691,210,926,270,59,101,350,454,191,310,757,344,749,372,81,67,72,78,77,77,77,78,78,78,81,81,72,81,76,76,78,72,69,80,77,75,77,63,74,76,75,65,74,80,72,79
[ 5839.990637] [AOA] Measurement: 0,1627133457.367538,08:55:31:9b:05:29,2,1,2,0,128,305,958,885,769,807,983,919,90,449,32,480,1012,117,724,576,239,580,186,768,259,73,384,93,168,264,392,676,120,139,105,868,669,78,63,74,80,79,78,78,79,79,80,81,81,72,81,80,78,79,73,70,81,77,75,76,65,76,79,78,68,79,83,77,80
[ 5840.029531] [AOA] Measurement: 0,1627133457.406430,08:55:31:9b:05:29,2,1,2,0,128,350,992,289,598,297,814,898,101,451,51,432,955,119,716,598,257,94,387,712,262,951,242,90,144,367,426,181,289,695,289,186,917,79,64,73,77,77,76,75,77,77,77,82,80,72,80,80,76,78,72,69,78,76,75,76,65,76,77,76,67,76,81,74,80
[ 5840.073350] [AOA] Measurement: 0,1627133457.450249,08:55:31:9b:05:29,2,1,2,0,128,809,781,336,602,277,807,941,105,450,50,498,1007,676,916,127,460,69,350,704,215,347,42,542,916,817,249,721,135,122,86,489,244,80,66,73,77,77,76,77,80,77,79,80,80,72,78,80,78,77,71,68,80,77,75,78,66,75,78,80,72,77,83,78,82
[ 5840.116075] [AOA] Measurement: 0,1627133457.492969,08:55:31:9b:05:29,2,1,2,0,128,345,1009,919,882,788,978,580,418,57,304,43,197,627,899,118,462,128,409,662,199,1004,298,136,199,390,497,202,317,685,293,401,35,80,64,75,78,78,76,78,78,73,77,81,80,72,81,79,78,78,74,70,82,77,75,76,64,77,76,77,68,76,81,74,82
[ 5840.159782] [AOA] Measurement: 0,1627133457.536678,08:55:31:9b:05:29,2,1,2,0,128,344,1000,910,819,217,817,542,391,9,249,964,126,633,874,593,279,554,176,146,16,1017,325,118,139,418,503,203,328,621,257,442,302,83,62,76,79,77,77,76,79,79,80,81,79,71,82,79,78,80,73,71,83,77,76,77,66,77,79,78,69,77,83,78,84
[ 5840.203475] [AOA] Measurement: 0,1627133457.580370,08:55:31:9b:05:29,2,1,2,0,128,336,972,939,832,826,1002,474,327,352,0,465,983,662,887,525,215,553,156,144,58,393,85,575,953,804,208,255,333,75,46,549,394,83,59,77,76,77,72,75,73,76,76,82,77,68,78,73,74,72,73,67,77,73,68,70,57,71,68,67,59,68,74,65,73
[ 5840.250766] [AOA] Measurement: 0,1627133457.627666,08:55:31:9b:05:29,2,1,2,0,128,385,1011,929,800,212,790,967,129,432,12,454,998,145,734,544,235,564,183,103,991,512,104,591,980,340,407,748,137,701,321,296,1017,80,66,75,79,78,76,77,78,78,79,82,81,74,81,82,79,79,72,70,81,76,76,77,66,75,78,78,71,80,82,79,84
[ 5840.289746] [AOA] Measurement: 0,1627133457.666645,08:55:31:9b:05:29,2,1,2,0,128,405,7,951,812,789,1002,456,346,926,215,1008,147,673,889,155,461,115,377,634,173,459,111,545,959,818,251,239,344,727,334,562,241,80,61,75,77,76,77,75,78,79,78,82,78,72,79,77,78,78,73,69,80,75,72,74,63,75,74,73,62,74,79,69,76
[ 5840.328848] [AOA] Measurement: 0,1627133457.705744,08:55:31:9b:05:29,2,1,2,0,128,381,19,890,792,216,829,991,189,462,97,485,982,50,695,580,232,570,181,90,983,464,118,119,107,371,466,238,346,695,316,622,180,80,65,75,78,79,77,78,80,78,80,81,81,74,83,79,78,79,70,67,77,74,72,79,66,76,78,78,68,76,83,76,83
[ 5840.376596] [AOA] Measurement: 0,1627133457.753494,08:55:31:9b:05:29,2,1,2,0,128,403,16,916,815,746,961,983,181,41,290,5,157,698,940,130,466,48,327,707,232,1008,281,118,155,367,455,247,301,704,293,180,888,85,71,78,83,82,83,81,85,81,84,85,85,77,83,83,80,82,73,70,85,80,82,81,70,80,83,83,76,84,87,83,88
[ 5840.423653] [AOA] Measurement: 0,1627133457.800547,08:55:31:9b:05:29,2,1,2,0,128,831,823,291,563,265,787,902,65,485,63,494,1007,86,733,105,415,57,366,673,199,965,255,152,154,341,419,185,282,70,77,101,902,80,62,74,77,78,78,75,77,78,77,80,77,69,79,76,74,77,74,69,82,75,73,74,62,75,71,72,61,70,76,69,77
[ 5840.468005] [AOA] Measurement: 0,1627133457.844905,08:55:31:9b:05:29,2,1,2,0,128,364,3,911,821,748,989,916,107,490,73,977,106,125,733,555,236,520,184,146,14,989,283,152,177,380,481,649,95,153,126,672,368,83,66,76,79,79,78,78,78,78,78,81,79,68,79,77,75,77,74,69,79,77,73,75,61,75,74,75,65,74,80,71,79
[ 5840.512110] [AOA] Measurement: 0,1627133457.889011,08:55:31:9b:05:29,2,1,2,0,128,422,1009,871,794,808,1012,430,318,12,293,962,120,671,899,92,422,67,354,652,206,26,309,149,147,359,472,236,357,777,439,397,928,81,66,77,80,80,80,79,79,79,80,83,82,73,82,79,78,80,72,69,82,77,74,76,64,76,77,78,69,78,84,78,82
[ 5840.560752] [AOA] Measurement: 0,1627133457.937650,08:55:31:9b:05:29,2,1,2,0,128,361,996,871,777,802,991,461,321,16,282,965,137,652,894,120,476,75,342,625,179,987,296,543,947,768,205,708,116,725,327,990,739,82,65,78,80,79,78,77,77,79,80,83,81,72,82,79,77,79,74,70,80,77,76,78,64,77,77,76,70,77,82,77,83
[ 5840.600215] [AOA] Measurement: 0,1627133457.977110,08:55:31:9b:05:29,2,1,2,0,128,415,41,949,824,830,11,490,349,1014,271,961,97,154,754,147,501,104,397,685,214,12,329,92,160,401,479,190,351,735,349,689,382,82,62,77,78,78,77,76,77,80,79,82,79,70,80,76,75,76,73,70,78,75,72,71,61,74,72,70,63,72,78,69,75
[ 5840.647625] [AOA] Measurement: 0,1627133458.024523,08:55:31:9b:05:29,2,1,2,0,128,381,15,315,606,244,791,968,145,464,71,372,947,58,669,594,261,87,394,671,183,1008,284,48,123,353,421,139,242,742,331,925,678,71,64,67,72,74,72,73,77,70,73,76,76,70,74,76,74,75,65,62,72,68,71,73,66,70,77,75,69,77,78,76,82
[ 5840.686135] [AOA] Measurement: 0,1627133458.063034,08:55:31:9b:05:29,2,1,2,0,128,775,767,359,625,274,794,469,289,1007,228,442,959,115,692,530,207,507,125,148,10,976,261,77,97,732,165,661,99,767,340,371,1006,80,68,75,79,78,78,77,77,76,79,82,80,73,81,80,77,79,71,70,80,77,77,79,67,74,79,79,70,78,83,79,83
[ 5840.729740] [AOA] Measurement: 0,1627133458.106639,08:55:31:9b:05:29,2,1,2,0,128,807,834,333,602,191,772,968,124,27,306,1011,118,145,731,156,464,537,164,114,23,445,92,186,213,282,448,185,319,682,303,216,973,80,66,74,78,79,78,76,79,75,77,79,78,73,80,78,76,78,69,67,78,74,73,77,66,73,78,76,72,77,80,77,83
[ 5840.769050] [AOA] Measurement: 0,1627133458.145944,08:55:31:9b:05:29,2,1,2,0,128,391,5,880,812,704,897,1006,184,454,49,420,936,52,673,542,168,495,128,115,24,427,77,623,1003,356,450,130,284,676,285,754,525,83,66,78,79,77,78,76,77,78,79,82,81,74,80,80,77,79,73,69,79,76,75,75,65,77,79,77,67,78,83,77,84
[ 5840.812577] [AOA] Measurement: 0,1627133458.189472,08:55:31:9b:05:29,2,1,2,0,128,424,44,903,816,810,1006,477,339,954,213,465,987,159,724,133,479,135,430,655,192,1018,325,98,152,345,485,180,329,733,348,990,733,81,66,76,78,78,78,77,80,78,80,83,81,73,81,79,76,77,73,67,80,75,74,76,63,73,75,75,67,75,81,73,79
[ 5840.863133] [AOA] Measurement: 0,1627133458.240029,08:55:31:9b:05:29,2,1,2,0,128,763,769,342,593,174,765,926,89,464,51,434,965,122,730,564,230,588,208,117,1018,446,100,532,938,817,218,728,154,117,120,345,104,81,61,76,77,77,76,76,73,77,77,79,78,69,78,75,75,74,71,65,76,74,70,71,58,72,69,68,59,68,75,66,70
[ 5840.907391] [AOA] Measurement: 0,1627133458.284289,08:55:31:9b:05:29,2,1,2,0,128,768,788,351,603,179,762,934,92,489,67,434,945,141,763,579,240,535,182,670,162,456,89,108,119,837,290,243,344,703,340,1011,644,81,65,74,79,78,77,77,78,79,80,84,80,75,82,80,78,79,72,70,81,77,75,76,65,76,78,77,71,78,83,75,83
[ 5840.951490] [AOA] Measurement: 0,1627133458.328388,08:55:31:9b:05:29,2,1,2,0,128,422,18,898,809,827,0,396,261,464,56,447,923,78,681,567,227,668,242,72,999,460,121,81,140,423,489,214,326,724,338,819,463,82,65,76,79,80,79,79,79,80,78,83,81,72,81,80,77,78,73,70,80,76,76,75,63,76,79,77,69,75,83,74,82
[ 5840.994230] [AOA] Measurement: 0,1627133458.371128,08:55:31:9b:05:29,2,1,2,0,128,383,1020,944,837,829,18,499,363,8,260,1011,146,91,708,589,246,74,405,667,193,4,319,151,222,321,424,251,342,719,309,241,960,80,63,78,78,79,77,77,77,78,77,82,80,70,80,78,78,78,74,68,82,76,75,77,63,77,74,73,63,74,79,72,79
[ 5841.037572] [AOA] Measurement: 0,1627133458.414468,08:55:31:9b:05:29,2,1,2,0,128,826,796,319,588,266,835,464,343,42,301,959,96,85,663,628,290,571,211,674,184,1003,282,514,927,883,264,204,294,685,331,277,1011,77,67,73,78,78,77,76,80,78,79,82,80,75,81,79,77,77,69,68,77,74,75,78,67,73,79,79,72,79,83,79,83
[ 5841.081086] [AOA] Measurement: 0,1627133458.457982,08:55:31:9b:05:29,2,1,2,0,128,853,822,365,612,212,791,969,153,990,263,56,189,586,846,574,245,569,177,80,12,971,271,140,150,300,430,134,254,152,90,153,1017,82,66,76,79,79,79,77,78,78,77,82,80,72,80,78,78,77,74,70,82,78,74,75,64,75,77,75,65,74,82,74,80
[ 5841.128356] [AOA] Measurement: 0,1627133458.505255,08:55:31:9b:05:29,2,1,2,0,128,799,793,893,827,216,809,514,398,1021,226,20,175,633,887,585,263,108,355,122,13,1015,277,579,1001,770,237,251,336,753,362,681,444,76,67,73,78,76,76,76,78,73,77,79,79,72,77,78,76,75,68,66,75,72,72,74,66,71,76,76,71,76,77,77,80
[ 5841.186049] [AOA] Measurement: 0,1627133458.562948,08:55:31:9b:05:29,2,1,2,0,128,874,811,925,823,212,802,511,322,468,38,444,937,95,685,619,255,578,211,111,1014,438,101,514,911,784,199,638,95,91,66,722,586,77,66,72,78,78,78,76,78,75,77,79,77,72,79,78,77,80,70,70,80,76,75,78,67,76,79,78,71,79,82,78,83
[ 5841.231923] [AOA] Measurement: 0,1627133458.608817,08:55:31:9b:05:29,2,1,2,0,128,393,42,935,845,817,1010,485,351,983,257,475,963,128,729,126,453,91,403,740,244,8,360,142,163,358,456,212,284,735,340,617,216,77,66,70,75,74,75,73,77,74,76,79,79,73,80,80,79,80,70,70,79,76,75,77,65,77,80,78,69,77,82,78,86
[ 5841.274764] [AOA] Measurement: 0,1627133458.651657,08:55:31:9b:05:29,2,1,2,0,128,424,16,875,834,776,996,509,359,7,267,75,232,685,932,147,457,99,399,724,254,1009,295,219,236,309,459,253,349,746,321,972,470,83,64,76,78,79,79,76,78,81,80,82,81,75,82,80,79,78,74,71,82,77,76,77,64,78,79,78,70,78,84,75,83
[ 5841.321034] [AOA] Measurement: 0,1627133458.697932,08:55:31:9b:05:29,2,1,2,0,128,398,33,933,825,817,1008,489,337,968,223,1003,158,638,861,593,272,107,384,96,1011,460,144,550,933,789,239,211,354,700,309,247,927,73,65,68,75,74,75,72,76,70,75,78,76,72,76,75,74,76,65,65,73,70,72,74,67,71,75,76,70,78,79,79,83
[ 5841.363709] [AOA] Measurement: 0,1627133458.740604,08:55:31:9b:05:29,2,1,2,0,128,355,1006,871,797,156,753,932,149,496,87,441,965,104,726,114,474,36,319,628,179,473,142,43,102,745,216,699,115,193,169,857,566,83,64,77,78,77,76,77,77,79,77,81,77,69,78,75,77,74,72,68,79,75,71,73,62,74,73,71,64,73,79,68,78
[ 5841.406429] [AOA] Measurement: 0,1627133458.783324,08:55:31:9b:05:29,2,1,2,0,128,819,756,365,592,249,815,895,124,447,24,450,977,706,924,122,467,102,372,617,163,1005,289,564,971,763,222,682,134,162,116,601,405,79,67,75,81,79,76,76,80,77,80,82,83,75,82,81,78,80,72,70,79,76,76,77,67,75,77,80,72,78,82,79,84
[ 5841.449510] [AOA] Measurement: 0,1627133458.826405,08:55:31:9b:05:29,2,1,2,0,128,355,1003,862,768,231,826,546,393,24,261,96,201,667,918,173,499,112,419,631,161,957,263,98,135,328,441,194,324,755,362,297,888,81,66,76,78,77,76,76,77,78,78,82,80,71,81,79,78,78,75,69,81,76,74,75,63,74,77,71,62,75,79,72,79
[ 5841.493963] [AOA] Measurement: 0,1627133458.870861,08:55:31:9b:05:29,2,1,2,0,128,774,762,356,596,199,765,990,154,481,86,1019,130,637,887,539,191,541,177,690,183,14,328,52,87,838,259,672,94,182,156,953,737,80,63,77,79,78,77,74,76,79,76,81,78,70,80,76,77,78,74,68,80,74,71,72,59,73,73,70,63,70,76,69,76
[ 5841.532632] [AOA] Measurement: 0,1627133458.909531,08:55:31:9b:05:29,2,1,2,0,128,385,989,928,839,817,4,517,330,48,325,41,157,651,903,120,431,125,400,736,231,1005,292,127,155,394,515,272,340,683,314,738,433,77,66,71,77,77,76,75,79,75,78,80,80,73,80,79,78,78,73,70,80,76,73,77,65,75,77,77,68,76,83,74,81
[ 5841.574428] [AOA] Measurement: 0,1627133458.951322,08:55:31:9b:05:29,2,1,2,0,128,358,1001,308,577,133,720,935,101,468,35,440,983,107,685,613,248,608,183,706,208,970,292,478,925,782,199,707,131,90,127,512,321,82,65,76,79,79,78,76,77,78,80,82,78,71,78,78,77,76,73,69,81,77,74,76,64,74,76,76,68,76,81,75,82
[ 5841.618948] [AOA] Measurement: 0,1627133458.995847,08:55:31:9b:05:29,2,1,2,0,128,379,1017,880,783,796,1000,477,305,451,41,422,954,124,734,558,243,531,153,95,1011,403,52,96,132,375,511,195,312,98,61,327,222,81,62,77,78,77,77,77,75,79,77,81,78,68,78,74,73,72,70,63,78,71,69,70,58,72,70,68,58,70,76,65,72
[ 5841.663416] [AOA] Measurement: 0,1627133459.040315,08:55:31:9b:05:29,2,1,2,0,128,359,978,887,778,222,818,933,160,976,257,457,988,120,689,552,206,539,163,88,1015,1017,316,513,955,824,258,665,110,703,359,858,417,80,61,76,77,77,74,72,75,76,76,81,75,70,79,74,74,74,73,68,79,74,70,72,57,70,70,68,60,68,76,66,70
[ 5841.707137] [AOA] Measurement: 0,1627133459.084034,08:55:31:9b:05:29,2,1,2,0,128,325,1012,840,742,815,990,460,326,482,80,36,208,704,935,83,464,65,357,651,199,428,90,515,941,832,262,240,333,707,317,478,153,80,65,76,79,78,75,76,78,75,79,82,80,74,80,79,78,80,71,68,80,75,74,78,67,76,78,77,69,78,81,77,84
[ 5841.750968] [AOA] Measurement: 0,1627133459.127866,08:55:31:9b:05:29,2,1,2,0,128,364,1005,882,810,756,950,915,113,991,247,472,966,96,707,541,215,556,210,102,5,412,61,564,968,316,426,742,143,729,342,430,227,78,68,74,78,79,76,78,79,76,79,80,78,73,80,79,78,80,74,70,79,74,75,77,67,77,77,78,69,77,81,76,80
[ 5841.789843] [AOA] Measurement: 0,1627133459.166741,08:55:31:9b:05:29,2,1,2,0,128,389,20,937,837,704,946,911,110,472,82,19,179,636,896,89,457,69,395,737,269,26,357,182,175,470,555,214,328,769,361,795,354,78,66,74,77,76,76,76,79,76,78,79,77,71,81,79,77,77,71,69,78,75,74,76,66,75,78,78,70,80,82,79,83
[ 5841.828323] [AOA] Measurement: 0,1627133459.205222,08:55:31:9b:05:29,2,1,2,0,128,425,10,949,855,801,1001,529,385,1005,279,984,155,128,732,621,300,186,445,711,213,1006,305,55,111,814,249,229,319,765,359,771,368,72,64,66,73,72,72,70,75,71,75,77,77,71,75,77,76,75,67,65,76,72,72,76,65,74,78,77,72,78,81,79,82
[ 5841.871985] [AOA] Measurement: 0,1627133459.248883,08:55:31:9b:05:29,2,1,2,0,128,352,1012,937,861,766,1001,464,315,49,302,1013,129,624,846,537,213,106,402,637,178,957,276,83,111,295,413,155,304,98,90,478,231,79,66,75,79,78,79,78,77,78,78,83,79,72,81,79,77,78,73,70,81,79,74,74,64,77,75,75,66,74,81,72,81
[ 5841.911071] [AOA] Measurement: 0,1627133459.287965,08:55:31:9b:05:29,2,1,2,0,128,366,987,351,627,272,847,526,374,1023,238,989,150,686,902,169,489,147,354,686,205,967,265,120,137,742,226,676,138,705,282,155,839,73,66,68,74,74,75,74,79,72,77,78,78,71,77,77,76,75,67,65,74,72,72,75,67,73,77,76,70,77,79,78,81
[ 5841.962336] [AOA] Measurement: 0,1627133459.339230,08:55:31:9b:05:29,2,1,2,0,128,897,897,915,797,804,1016,958,161,423,33,452,986,85,676,557,226,587,209,84,971,453,83,538,930,780,233,645,119,101,72,544,386,79,66,73,76,78,76,76,78,80,79,82,79,73,79,79,78,80,73,70,80,76,74,77,64,75,75,77,67,77,82,75,84
[ 5842.011017] [AOA] Measurement: 0,1627133459.387916,08:55:31:9b:05:29,2,1,2,0,128,870,834,896,779,762,993,482,340,462,84,1008,142,704,921,133,442,94,353,683,210,956,252,548,934,850,252,706,136,171,127,112,900,80,66,75,79,78,77,78,80,76,79,81,80,72,80,79,76,77,73,70,82,76,75,76,65,77,78,78,69,79,82,76,83
[ 5842.055830] [AOA] Measurement: 0,1627133459.432730,08:55:31:9b:05:29,2,1,2,0,128,359,1014,885,794,795,13,478,363,28,295,1007,130,95,689,88,452,70,350,688,226,915,270,154,168,349,423,161,318,99,86,455,166,76,65,69,74,74,74,74,77,74,76,77,78,73,79,79,78,78,69,66,78,72,73,77,67,76,79,79,72,78,80,78,83
[ 5842.099301] [AOA] Measurement: 0,1627133459.476194,08:55:31:9b:05:29,2,1,2,0,128,368,1022,948,839,787,1020,446,315,407,5,453,1008,95,692,560,202,570,190,691,196,949,271,573,973,334,468,235,362,722,342,954,556,81,64,75,77,78,76,76,76,75,76,81,77,70,78,77,75,76,73,69,79,73,69,71,60,72,71,70,60,71,79,67,73
[ 5842.142630] [AOA] Measurement: 0,1627133459.519528,08:55:31:9b:05:29,2,1,2,0,128,874,815,954,866,807,3,458,323,25,294,994,156,616,888,541,235,566,182,72,994,401,108,570,972,771,220,658,99,190,175,832,482,82,64,76,79,78,76,76,77,79,79,81,79,71,80,76,78,78,72,69,80,77,72,75,63,75,76,74,66,76,81,73,79
[ 5842.185973] [AOA] Measurement: 0,1627133459.562871,08:55:31:9b:05:29,2,1,2,0,128,380,16,905,813,765,2,460,308,45,299,16,173,665,936,126,419,84,364,677,186,458,120,123,161,343,465,284,370,732,322,72,706,79,66,76,79,77,78,74,79,78,77,82,80,74,82,80,79,78,71,66,80,73,73,76,65,75,76,77,70,78,82,77,83
[ 5842.229484] [AOA] Measurement: 0,1627133459.606383,08:55:31:9b:05:29,2,1,2,0,128,830,828,396,621,212,779,950,118,457,32,430,998,128,687,588,255,88,396,62,970,417,106,591,989,368,472,194,290,140,113,1009,799,81,64,76,79,78,77,75,77,80,78,81,81,72,80,78,78,77,73,68,80,75,74,73,61,76,75,74,65,76,82,71,80
[ 5842.269134] [AOA] Measurement: 0,1627133459.646027,08:55:31:9b:05:29,2,1,2,0,128,383,998,916,828,829,1016,555,396,53,311,1020,175,665,919,83,451,114,387,686,223,3,312,138,184,345,462,226,359,705,311,653,294,80,66,75,79,79,77,77,80,78,79,82,79,74,79,81,79,79,71,68,81,76,75,75,64,75,78,78,71,78,83,79,84
[ 5842.318189] [AOA] Measurement: 0,1627133459.695090,08:55:31:9b:05:29,2,1,2,0,128,405,22,886,780,220,789,895,57,465,42,416,960,172,762,112,463,109,401,60,977,385,32,531,961,739,176,680,142,178,134,6,709,80,66,75,80,77,75,77,79,77,80,81,79,73,82,80,78,79,72,69,79,75,74,76,67,77,77,77,68,76,81,74,81
[ 5842.365991] [AOA] Measurement: 0,1627133459.742885,08:55:31:9b:05:29,2,1,2,0,128,836,787,336,606,279,848,460,302,999,244,465,986,667,920,578,207,527,182,659,173,467,141,112,130,350,487,237,344,630,277,541,207,78,65,71,77,77,76,76,79,77,79,80,81,74,79,78,77,78,71,68,78,74,73,77,66,75,78,78,69,79,82,77,84
[ 5842.411255] [AOA] Measurement: 0,1627133459.788153,08:55:31:9b:05:29,2,1,2,0,128,816,822,953,879,785,1007,422,301,428,63,474,18,722,959,117,478,128,441,706,267,998,286,107,152,327,432,188,311,726,343,727,523,77,66,71,78,78,78,77,78,77,79,82,81,74,79,80,76,78,72,68,79,74,74,77,67,76,81,78,69,79,82,78,81
[ 5842.455553] [AOA] Measurement: 0,1627133459.832451,08:55:31:9b:05:29,2,1,2,0,128,397,4,918,850,832,15,469,339,988,253,981,150,651,881,115,418,136,390,677,202,1005,327,132,167,300,433,182,338,619,238,812,630,80,65,75,79,78,77,78,79,77,81,81,79,73,80,77,77,78,75,71,81,78,74,76,63,76,78,76,67,76,82,74,81
[ 5842.516701] [AOA] Measurement: 0,1627133459.893596,08:55:31:9b:05:29,2,1,2,0,128,810,768,920,791,210,790,967,130,1010,256,9,153,674,902,78,416,77,318,134,6,438,84,595,967,874,297,664,125,677,307,137,894,78,66,73,76,75,76,74,75,77,79,81,79,71,79,78,76,78,68,67,78,74,74,76,66,77,77,78,71,79,82,78,82
[ 5842.560878] [AOA] Measurement: 0,1627133459.937776,08:55:31:9b:05:29,2,1,2,0,128,419,59,930,831,860,18,524,352,49,300,4,188,653,942,114,439,130,420,644,196,430,111,605,1013,331,417,192,310,727,337,388,989,76,64,73,77,75,75,76,78,76,79,82,80,73,80,81,78,78,71,69,80,75,76,77,67,75,78,77,68,79,83,77,82
[ 5842.600359] [AOA] Measurement: 0,1627133459.977259,08:55:31:9b:05:29,2,1,2,0,128,790,784,272,532,255,785,882,86,452,45,464,992,663,935,116,433,66,353,68,948,438,52,475,888,758,207,740,144,142,124,611,588,81,66,76,78,79,79,77,81,77,78,83,82,74,81,79,78,79,71,67,80,73,74,78,66,74,78,77,70,80,81,78,84
[ 5842.644011] [AOA] Measurement: 0,1627133460.020908,08:55:31:9b:05:29,2,1,2,0,128,888,866,276,552,191,749,1004,124,441,40,429,964,102,708,520,211,113,427,58,994,400,52,493,937,750,218,692,154,131,81,677,494,78,65,75,78,78,78,77,79,77,79,79,80,72,78,80,75,79,72,68,79,74,77,79,67,75,79,78,70,77,83,78,84
[ 5842.686830] [AOA] Measurement: 0,1627133460.063723,08:55:31:9b:05:29,2,1,2,0,128,865,845,933,816,787,5,460,339,981,283,377,907,105,711,518,183,561,160,126,7,364,61,541,941,801,212,670,99,759,346,36,737,81,63,74,75,79,78,77,76,78,78,82,81,72,81,79,78,79,71,70,82,74,73,76,66,75,77,77,68,79,83,78,85
[ 5842.730539] [AOA] Measurement: 0,1627133460.107433,08:55:31:9b:05:29,2,1,2,0,128,341,1005,349,629,750,943,507,369,6,295,1008,156,696,907,124,458,115,362,705,238,940,247,533,941,810,224,679,71,184,98,844,675,81,64,76,78,79,77,77,78,78,78,82,80,69,76,75,75,76,73,70,80,77,72,76,64,75,75,76,65,75,80,71,80
[ 5842.772696] [AOA] Measurement: 0,1627133460.149594,08:55:31:9b:05:29,2,1,2,0,128,402,14,924,799,861,31,515,387,37,323,48,179,672,909,103,442,118,400,653,181,4,300,108,146,311,436,321,425,666,329,177,868,74,66,71,76,75,72,74,77,73,75,79,79,71,76,78,77,76,69,67,77,74,74,77,65,75,77,78,70,78,82,78,82
[ 5842.815471] [AOA] Measurement: 0,1627133460.192370,08:55:31:9b:05:29,2,1,2,0,128,324,1000,860,810,752,965,462,335,54,317,26,176,658,940,99,462,73,347,724,272,987,283,90,115,386,481,140,251,187,128,990,751,77,65,75,78,78,76,75,77,76,76,82,79,72,81,79,79,79,73,69,81,75,75,78,67,75,79,79,69,80,83,77,83
[ 5842.858961] [AOA] Measurement: 0,1627133460.235859,08:55:31:9b:05:29,2,1,2,0,128,278,940,355,639,179,762,949,134,483,73,481,989,672,894,180,499,70,353,691,248,976,289,125,150,303,429,253,344,665,281,257,1006,79,66,76,75,75,77,77,77,77,80,80,80,73,81,81,78,79,72,70,81,76,74,78,66,75,79,78,69,77,83,77,82
[ 5842.905010] [AOA] Measurement: 0,1627133460.281904,08:55:31:9b:05:29,2,1,2,0,128,386,1022,883,758,773,995,533,341,15,298,996,176,662,894,69,431,577,224,672,185,990,306,74,99,275,377,223,340,101,104,1002,727,78,65,72,79,77,77,77,77,76,79,80,79,71,78,79,76,77,74,70,79,77,76,76,66,74,74,75,64,77,80,72,76
[ 5842.950866] [AOA] Measurement: 0,1627133460.327765,08:55:31:9b:05:29,2,1,2,0,128,390,4,882,792,758,1003,434,306,429,50,488,1004,666,935,134,461,76,337,646,141,4,325,64,121,333,414,694,108,131,78,657,489,83,66,75,79,78,78,77,80,78,78,82,80,73,80,79,77,79,74,69,80,77,73,77,67,75,78,77,67,75,83,76,81
[ 5842.995050] [AOA] Measurement: 0,1627133460.371948,08:55:31:9b:05:29,2,1,2,0,128,776,766,341,583,250,767,966,161,516,108,993,170,675,935,102,431,123,397,687,231,995,282,82,144,305,394,607,129,170,113,428,246,77,67,72,77,76,74,74,78,74,76,78,78,70,78,78,74,77,68,65,77,71,73,74,66,73,77,77,71,77,79,77,82
[ 5843.039385] [AOA] Measurement: 0,1627133460.416279,08:55:31:9b:05:29,2,1,2,0,128,865,820,931,852,778,970,505,350,22,296,13,143,636,912,531,223,517,144,80,1001,449,114,567,957,377,433,195,278,743,326,757,404,77,67,72,77,75,77,75,79,76,78,79,79,73,80,79,77,79,71,69,78,77,75,79,67,74,78,77,70,78,82,78,83
[ 5843.082591] [AOA] Measurement: 0,1627133460.459484,08:55:31:9b:05:29,2,1,2,0,128,866,810,870,780,810,987,453,288,1005,281,1000,131,711,960,113,446,72,402,662,164,980,277,102,116,353,432,264,328,699,293,851,516,80,66,75,79,79,79,76,78,79,79,83,81,74,81,79,78,78,73,70,81,75,75,78,66,76,78,78,70,79,82,78,84
[ 5843.133510] [AOA] Measurement: 0,1627133460.510405,08:55:31:9b:05:29,2,1,2,0,128,872,838,357,632,265,838,888,86,512,113,951,144,641,873,614,280,103,387,648,173,1022,345,102,110,352,468,190,324,713,348,623,271,77,65,72,78,78,77,77,79,77,79,79,78,73,80,80,79,78,73,68,79,76,76,78,68,76,78,77,71,77,83,78,83
[ 5843.176997] [AOA] Measurement: 0,1627133460.553890,08:55:31:9b:05:29,2,1,2,0,128,879,845,908,845,742,992,946,125,26,279,38,218,638,928,121,474,47,342,682,249,928,221,553,963,767,268,639,113,107,99,169,998,82,64,77,79,79,77,77,78,78,78,83,78,72,79,77,77,75,72,69,81,77,75,77,65,76,77,77,67,78,82,75,83
[ 5843.216975] [AOA] Measurement: 0,1627133460.593873,08:55:31:9b:05:29,2,1,2,0,128,382,17,882,774,238,796,956,119,443,47,494,994,691,911,77,441,161,395,661,217,996,260,526,934,808,239,670,88,148,109,360,213,78,67,73,79,77,76,76,78,77,77,80,77,73,81,78,79,79,72,68,78,73,75,77,66,76,78,77,70,80,85,78,84
[ 5843.261203] [AOA] Measurement: 0,1627133460.638101,08:55:31:9b:05:29,2,1,2,0,128,353,1001,951,834,252,830,484,376,1007,286,999,126,661,946,139,474,113,383,643,129,443,67,74,55,759,226,224,317,120,114,377,167,82,63,75,79,78,77,76,78,78,79,81,79,72,81,76,75,76,73,69,79,73,73,72,60,74,72,71,62,74,79,70,78
[ 5843.302592] [AOA] Measurement: 0,1627133460.679485,08:55:31:9b:05:29,2,1,2,0,128,295,943,887,800,784,1016,467,365,21,322,977,144,620,895,108,450,90,380,708,194,1003,290,41,104,795,233,710,142,711,321,583,213,80,67,74,78,78,78,78,81,77,76,80,80,73,81,80,79,77,72,68,79,74,75,78,67,74,78,78,71,77,80,78,82
[ 5843.347524] [AOA] Measurement: 0,1627133460.724423,08:55:31:9b:05:29,2,1,2,0,128,377,998,868,814,848,23,498,316,14,293,77,222,685,943,162,536,145,444,709,230,1016,338,132,149,394,483,252,333,694,303,386,46,82,64,75,80,80,77,77,78,79,78,82,80,71,80,77,78,77,74,71,80,77,74,74,62,75,77,73,65,72,78,70,75
[ 5843.391454] [AOA] Measurement: 0,1627133460.768352,08:55:31:9b:05:29,2,1,2,0,128,433,25,862,808,778,975,983,172,34,325,941,113,701,941,121,504,117,424,633,168,416,84,495,918,788,241,226,332,728,350,272,940,80,65,75,77,76,76,78,78,77,78,82,80,73,81,80,79,79,75,68,81,75,73,74,63,74,74,73,67,76,81,74,82
[ 5843.429642] [AOA] Measurement: 0,1627133460.806539,08:55:31:9b:05:29,2,1,2,0,128,418,21,907,833,765,979,499,333,45,290,993,161,78,712,616,259,558,171,134,15,470,109,598,999,325,443,240,317,705,339,119,726,82,66,77,80,81,79,78,81,79,81,83,81,74,81,81,79,79,72,71,81,77,76,77,68,75,77,78,69,78,82,79,83
[ 5843.473819] [AOA] Measurement: 0,1627133460.850719,08:55:31:9b:05:29,2,1,2,0,128,367,979,898,782,293,834,467,339,1013,277,7,154,60,658,571,230,568,178,108,7,395,66,531,955,782,222,679,132,135,96,623,422,81,66,78,80,81,79,77,79,78,77,83,80,72,81,79,78,77,75,69,81,78,73,75,63,74,75,74,66,73,82,74,80
[ 5843.516154] [AOA] Measurement: 0,1627133460.893047,08:55:31:9b:05:29,2,1,2,0,128,430,68,881,807,813,1022,487,346,1018,266,0,175,650,897,53,426,105,404,705,215,998,261,70,148,373,487,194,319,723,337,979,644,80,67,75,78,80,79,76,79,78,79,83,80,73,79,80,78,77,72,70,81,78,74,78,66,77,78,77,69,79,82,77,83
[ 5843.559950] [AOA] Measurement: 0,1627133460.936843,08:55:31:9b:05:29,2,1,2,0,128,369,995,887,795,744,979,958,161,398,21,437,959,130,715,508,219,536,146,98,992,8,332,124,182,297,414,647,120,744,358,704,368,81,61,75,77,77,76,76,76,78,78,80,77,66,77,76,75,76,74,69,80,75,70,72,59,72,70,71,61,72,77,68,75
[ 5843.602620] [AOA] Measurement: 0,1627133460.979518,08:55:31:9b:05:29,2,1,2,0,128,393,1000,341,600,224,805,974,164,476,63,459,985,718,938,114,437,108,399,688,209,388,78,540,930,771,243,645,121,192,139,753,466,79,66,72,77,75,74,75,76,75,76,77,80,72,79,80,76,79,71,69,78,75,74,78,66,76,79,78,70,79,82,79,84
[ 5843.649390] [AOA] Measurement: 0,1627133461.026288,08:55:31:9b:05:29,2,1,2,0,128,357,1009,882,811,782,1004,540,375,996,260,998,146,667,914,62,399,90,362,731,233,8,328,85,125,401,437,209,307,739,332,1014,610,81,65,76,79,77,78,78,77,78,78,82,80,73,82,79,78,79,72,70,81,75,75,78,67,76,79,78,70,78,83,75,83
[ 5843.694259] [AOA] Measurement: 0,1627133461.071160,08:55:31:9b:05:29,2,1,2,0,128,313,954,372,595,217,801,509,342,5,278,5,168,626,882,576,253,559,189,78,981,445,73,545,968,765,209,694,131,130,98,582,390,83,66,73,79,78,78,79,79,78,80,82,81,71,82,80,78,78,71,69,82,77,74,76,65,76,76,75,69,77,83,75,82
[ 5843.746353] [AOA] Measurement: 0,1627133461.123252,08:55:31:9b:05:29,2,1,2,0,128,762,760,357,639,222,762,956,121,473,95,499,1017,627,906,96,435,73,341,123,3,964,272,544,958,399,486,192,305,689,311,493,227,81,64,76,79,80,78,79,78,79,79,82,80,73,82,80,79,78,74,70,80,76,75,77,64,76,78,76,68,76,83,74,81
[ 5843.784474] [AOA] Measurement: 0,1627133461.161370,08:55:31:9b:05:29,2,1,2,0,128,358,1011,937,841,823,997,472,345,31,314,9,163,42,669,596,268,617,228,669,210,930,279,148,190,271,396,199,322,137,135,781,623,83,66,77,80,78,78,76,80,79,80,83,79,74,80,78,76,76,72,69,79,77,75,77,66,78,78,78,69,77,82,77,83
[ 5843.822848] [AOA] Measurement: 0,1627133461.199746,08:55:31:9b:05:29,2,1,2,0,128,807,743,379,630,217,787,923,113,383,1015,428,943,150,723,578,248,120,394,685,210,967,310,57,127,358,490,176,310,652,250,488,246,78,65,74,77,74,76,75,78,76,76,79,79,73,80,79,76,79,70,68,79,74,74,78,66,76,78,79,71,79,81,79,84
[ 5843.867491] [AOA] Measurement: 0,1627133461.244390,08:55:31:9b:05:29,2,1,2,0,128,365,1019,923,833,778,994,905,117,27,297,1011,183,642,891,119,465,37,362,90,11,1005,301,129,183,263,405,729,153,763,365,998,591,76,65,73,76,78,77,77,79,79,78,83,80,74,80,79,80,79,72,70,80,77,75,76,67,77,79,78,70,77,81,74,81
[ 5843.911844] [AOA] Measurement: 0,1627133461.288742,08:55:31:9b:05:29,2,1,2,0,128,352,999,940,824,305,862,522,379,1020,282,17,193,656,942,155,450,78,403,637,181,418,78,580,1018,369,494,144,281,687,331,883,575,76,65,72,76,76,75,74,77,73,76,77,77,71,76,77,75,76,70,67,76,73,73,76,66,72,77,77,71,77,80,78,82
[ 5843.961208] [AOA] Measurement: 0,1627133461.338107,08:55:31:9b:05:29,2,1,2,0,128,818,760,356,615,795,991,534,385,1,285,7,174,670,913,134,485,61,361,678,176,17,303,40,109,796,224,702,110,737,325,12,759,84,68,78,83,82,82,81,84,82,82,86,84,77,85,83,83,85,75,73,84,79,81,82,70,80,84,84,75,85,88,83,90
[ 5843.999609] [AOA] Measurement: 0,1627133461.376503,08:55:31:9b:05:29,2,1,2,0,128,881,838,368,639,254,864,486,310,0,275,993,150,632,905,579,246,542,152,83,981,431,80,601,961,813,214,257,333,686,287,674,434,78,66,72,78,76,78,77,78,76,77,82,80,73,80,79,76,79,70,70,80,74,76,76,67,75,77,79,70,80,82,77,84
[ 5844.043461] [AOA] Measurement: 0,1627133461.420355,08:55:31:9b:05:29,2,1,2,0,128,360,999,892,805,201,769,930,114,504,94,11,167,612,874,566,231,605,242,684,236,991,262,164,210,277,405,206,320,700,326,749,548,80,66,76,79,77,79,76,76,77,78,82,81,71,80,78,78,79,73,68,80,76,74,75,63,75,75,75,65,74,80,73,79
[ 5844.093676] [AOA] Measurement: 0,1627133461.470569,08:55:31:9b:05:29,2,1,2,0,128,779,795,353,592,231,764,872,83,466,86,489,999,86,705,544,202,575,186,83,1000,394,78,503,883,820,236,674,98,148,120,210,115,83,66,76,80,79,79,78,77,79,79,83,79,71,81,79,77,78,71,67,80,75,73,74,63,75,74,74,66,75,81,72,80
[ 5844.138413] [AOA] Measurement: 0,1627133461.515311,08:55:31:9b:05:29,2,1,2,0,128,422,42,914,825,702,946,973,137,508,93,1011,147,642,894,174,529,193,437,676,194,69,391,96,139,387,471,216,339,667,283,317,50,80,67,72,77,79,79,79,80,77,79,82,80,71,81,78,77,75,73,69,81,74,74,76,66,76,80,78,69,77,81,76,83
[ 5844.182658] [AOA] Measurement: 0,1627133461.559556,08:55:31:9b:05:29,2,1,2,0,128,813,812,963,845,798,1019,454,306,1001,257,1019,128,656,897,153,478,144,438,686,252,993,308,82,128,296,380,687,137,184,139,152,934,80,66,75,79,76,76,76,76,76,77,79,78,73,78,78,76,79,72,69,81,77,76,76,66,76,78,79,70,78,82,78,83
[ 5844.233756] [AOA] Measurement: 0,1627133461.610650,08:55:31:9b:05:29,2,1,2,0,128,350,999,914,781,809,21,406,273,4,267,1012,150,618,870,514,213,559,169,140,43,1008,284,133,133,286,406,203,312,710,324,487,182,80,63,76,79,78,77,77,78,79,80,83,81,71,80,76,78,76,74,68,78,76,71,76,62,73,72,68,62,72,77,69,77
[ 5844.285040] [AOA] Measurement: 0,1627133461.661934,08:55:31:9b:05:29,2,1,2,0,128,344,987,866,821,761,966,948,146,19,307,924,106,598,865,115,423,602,209,644,176,418,98,113,131,338,466,212,323,672,338,401,71,79,66,74,78,78,77,76,79,76,77,80,80,75,80,79,76,76,72,70,80,77,74,77,65,74,77,77,71,78,82,75,82
[ 5844.328903] [AOA] Measurement: 0,1627133461.705803,08:55:31:9b:05:29,2,1,2,0,128,853,801,432,693,817,1004,478,313,989,241,434,988,617,898,562,234,594,226,145,19,18,339,111,149,360,442,221,339,679,320,796,549,83,64,77,79,79,79,78,77,80,79,81,80,72,80,77,78,77,73,70,82,76,75,76,64,74,76,76,67,76,80,74,81
[ 5844.372170] [AOA] Measurement: 0,1627133461.749064,08:55:31:9b:05:29,2,1,2,0,128,407,32,883,781,802,7,539,391,956,237,1011,152,582,860,120,423,69,386,621,204,38,319,134,140,353,457,264,364,655,300,217,902,79,65,75,77,77,77,76,78,77,79,83,80,74,83,80,80,79,73,70,79,74,75,76,65,74,77,78,70,80,83,79,84
[ 5844.422758] [AOA] Measurement: 0,1627133461.799651,08:55:31:9b:05:29,2,1,2,0,128,324,965,944,812,757,974,475,323,986,275,994,149,594,904,176,484,112,421,684,256,20,326,48,130,320,432,233,309,687,286,240,935,81,67,75,79,78,77,78,80,77,78,82,81,74,81,79,80,79,73,71,80,76,73,77,66,77,78,78,71,76,83,78,83
[ 5844.477145] [AOA] Measurement: 0,1627133461.854042,08:55:31:9b:05:29,2,1,2,0,128,371,996,903,789,719,986,964,153,969,220,931,101,732,926,100,452,98,404,709,250,997,315,117,180,310,429,216,306,756,361,713,350,81,65,77,79,78,79,77,79,78,79,83,80,74,81,79,79,79,75,70,82,77,75,78,66,76,79,76,68,80,83,77,84
[ 5844.521183] [AOA] Measurement: 0,1627133461.898081,08:55:31:9b:05:29,2,1,2,0,128,800,800,373,614,271,834,590,402,7,294,0,161,667,939,100,443,457,127,64,968,402,45,565,970,782,235,208,305,699,275,405,146,83,66,77,78,78,78,77,78,78,78,81,79,73,80,79,77,79,75,69,82,77,73,76,62,75,74,75,67,75,81,74,81
[ 5844.559191] [AOA] Measurement: 0,1627133461.936090,08:55:31:9b:05:29,2,1,2,0,128,339,1008,835,783,209,787,928,105,417,9,414,940,60,669,610,234,109,380,671,195,1014,318,56,129,291,430,163,287,676,312,826,528,80,66,73,78,79,77,76,78,77,78,81,80,73,80,82,78,78,72,70,79,75,74,76,65,77,79,77,69,78,81,78,85
[ 5844.603843] [AOA] Measurement: 0,1627133461.980740,08:55:31:9b:05:29,2,1,2,0,128,802,800,338,613,234,822,918,104,13,253,974,124,670,951,150,506,76,344,713,220,988,300,93,155,303,389,702,114,87,71,550,320,79,65,76,78,78,76,76,79,77,78,80,78,71,79,77,77,77,71,69,79,77,75,77,66,75,77,76,70,76,81,76,82
[ 5844.654003] [AOA] Measurement: 0,1627133462.030896,08:55:31:9b:05:29,2,1,2,0,128,408,18,999,837,835,2,487,336,1013,270,4,179,661,914,147,475,86,381,665,203,913,244,114,128,286,418,236,343,735,343,793,371,78,66,74,78,78,78,76,80,76,78,81,81,74,81,80,78,79,73,69,81,76,75,77,67,76,79,78,69,77,81,79,84
[ 5844.703597] [AOA] Measurement: 0,1627133462.080491,08:55:31:9b:05:29,2,1,2,0,128,371,1008,961,858,805,990,460,340,990,279,1002,147,636,905,568,255,104,393,707,236,941,235,68,115,768,204,674,104,73,60,459,305,83,65,76,80,79,78,77,76,79,79,84,80,72,82,78,78,77,74,70,82,77,75,77,63,76,77,77,67,76,81,77,81
[ 5844.745730] [AOA] Measurement: 0,1627133462.122624,08:55:31:9b:05:29,2,1,2,0,128,416,31,926,838,840,25,495,354,980,258,6,161,682,922,135,483,67,402,693,239,986,267,182,180,292,392,275,377,758,368,590,167,77,66,71,77,78,78,77,80,78,78,81,79,75,81,79,77,78,72,68,80,76,74,76,67,77,79,78,71,78,82,79,85
[ 5844.783980] [AOA] Measurement: 0,1627133462.160878,08:55:31:9b:05:29,2,1,2,0,128,875,828,327,575,833,1021,912,145,463,111,408,935,171,741,197,518,93,383,693,183,995,316,147,134,349,476,204,289,693,317,130,908,89,71,80,86,83,84,84,86,85,86,87,86,78,86,85,83,83,77,75,86,79,80,83,71,82,84,83,75,84,88,83,89
[ 5844.822715] [AOA] Measurement: 0,1627133462.199613,08:55:31:9b:05:29,2,1,2,0,128,859,815,345,591,799,988,491,353,958,241,40,182,635,886,79,445,78,356,645,189,993,264,514,915,818,229,709,140,141,103,937,768,82,64,75,76,78,76,77,76,79,78,82,79,72,80,76,79,76,73,68,81,78,75,76,64,76,77,74,66,75,80,73,78
[ 5844.861774] [AOA] Measurement: 0,1627133462.238668,08:55:31:9b:05:29,2,1,2,0,128,851,818,376,646,269,813,941,140,494,109,450,984,149,745,133,463,55,349,695,187,978,269,113,149,344,432,192,306,698,316,808,530,80,67,74,78,79,78,77,79,78,81,83,80,74,81,80,79,78,70,69,78,77,75,76,65,77,78,76,69,77,82,76,83
[ 5844.913049] [AOA] Measurement: 0,1627133462.289941,08:55:31:9b:05:29,2,1,2,0,128,849,788,352,588,232,823,936,123,24,280,995,154,660,894,29,369,570,152,82,1006,452,89,529,934,820,216,644,108,168,96,872,611,80,65,76,80,79,78,78,79,80,79,83,81,74,82,78,78,78,73,70,80,75,73,77,65,75,76,78,68,76,83,76,83
[ 5844.958181] [AOA] Measurement: 0,1627133462.335079,08:55:31:9b:05:29,2,1,2,0,128,801,805,276,561,282,805,496,331,997,290,984,129,657,890,127,461,602,233,649,201,989,282,496,979,329,425,167,289,671,307,338,126,83,61,76,75,76,76,74,74,75,74,78,73,64,75,71,71,72,71,65,75,71,66,63,54,67,62,62,55,63,70,60,68
[ 5845.002703] [AOA] Measurement: 0,1627133462.379602,08:55:31:9b:05:29,2,1,2,0,128,434,5,932,846,759,991,485,363,1011,289,15,163,701,980,167,526,211,488,707,262,1019,326,105,159,311,422,210,290,641,279,550,324,79,65,75,78,79,78,75,79,77,78,82,80,72,81,78,79,76,72,69,82,77,75,78,65,76,77,77,68,77,81,77,82
[ 5845.053350] [AOA] Measurement: 0,1627133462.430244,08:55:31:9b:05:29,2,1,2,0,128,346,1013,347,617,211,807,920,95,470,74,25,163,627,868,103,469,107,392,695,215,1020,309,105,161,271,370,677,111,134,109,198,1008,80,68,73,77,79,78,77,79,78,78,82,82,74,81,79,78,79,71,68,77,76,75,77,67,76,77,77,71,78,82,77,83
[ 5845.104312] [AOA] Measurement: 0,1627133462.481206,08:55:31:9b:05:29,2,1,2,0,128,387,1023,926,839,793,985,475,357,7,265,23,172,691,957,141,467,125,412,660,199,1010,299,111,171,411,475,209,315,687,336,900,601,83,64,78,79,80,79,77,78,80,79,81,78,70,76,76,73,75,72,68,78,74,72,74,60,73,75,71,63,72,80,69,75
[ 5845.148801] [AOA] Measurement: 0,1627133462.525698,08:55:31:9b:05:29,2,1,2,0,128,383,24,930,815,739,1015,471,314,968,228,21,164,639,901,595,245,117,391,118,1016,0,318,82,127,370,491,202,328,658,287,173,980,80,65,75,79,78,77,77,75,77,80,82,78,72,80,80,76,77,73,69,81,77,74,76,64,76,78,76,68,76,82,74,79
[ 5845.192708] [AOA] Measurement: 0,1627133462.569607,08:55:31:9b:05:29,2,1,2,0,128,309,983,926,811,786,13,415,291,57,301,1004,160,641,894,114,491,134,445,683,204,7,268,77,116,317,440,142,311,162,111,727,378,77,66,72,76,77,75,75,78,74,77,79,76,73,78,79,76,77,70,68,77,74,75,77,66,75,79,78,71,80,81,78,84
[ 5845.236125] [AOA] Measurement: 0,1627133462.613024,08:55:31:9b:05:29,2,1,2,0,128,413,3,927,824,760,990,903,115,497,114,1005,135,690,930,216,535,99,378,715,229,1002,310,90,140,300,416,662,117,169,143,560,238,81,63,75,79,78,76,76,76,77,76,81,76,70,81,76,73,76,72,67,79,75,70,73,60,73,71,71,62,73,78,68,73
[ 5845.279213] [AOA] Measurement: 0,1627133462.656111,08:55:31:9b:05:29,2,1,2,0,128,370,4,880,789,819,1012,555,392,1015,294,31,205,648,922,79,416,506,149,111,1005,423,83,542,976,826,243,233,318,664,289,440,193,76,67,70,77,77,77,75,79,74,79,81,80,73,80,80,79,79,72,69,79,76,75,76,66,75,77,77,69,78,82,77,85
[ 5845.317907] [AOA] Measurement: 0,1627133462.694801,08:55:31:9b:05:29,2,1,2,0,128,363,1021,840,771,860,27,486,374,26,248,994,124,681,922,178,531,117,423,681,192,923,250,567,1000,822,225,722,150,790,378,669,223,74,65,71,77,77,76,76,79,77,78,81,79,74,80,79,79,77,71,67,80,75,75,77,67,78,77,78,72,80,84,79,84
[ 5845.361840] [AOA] Measurement: 0,1627133462.738734,08:55:31:9b:05:29,2,1,2,0,128,879,847,878,794,748,975,501,333,24,273,1015,127,644,884,580,213,553,183,642,174,418,69,540,953,372,477,227,344,680,315,228,957,80,64,75,79,79,77,78,79,77,79,84,79,72,81,77,78,77,73,70,81,77,74,75,62,74,78,76,67,77,83,76,81
[ 5845.408996] [AOA] Measurement: 0,1627133462.785894,08:55:31:9b:05:29,2,1,2,0,128,392,997,971,858,830,19,509,359,22,275,44,217,570,879,156,527,96,409,653,210,32,329,34,94,352,443,167,306,86,81,508,316,86,68,81,84,84,83,81,83,81,82,87,84,75,85,82,79,81,76,73,84,82,75,77,64,78,78,76,66,75,83,72,81
[ 5845.452920] [AOA] Measurement: 0,1627133462.829818,08:55:31:9b:05:29,2,1,2,0,128,353,985,905,784,191,781,582,404,1000,261,989,124,637,895,596,283,561,214,118,19,12,333,58,93,778,221,247,356,711,339,371,1006,81,62,75,77,78,75,76,76,79,78,82,79,72,82,77,77,76,73,68,82,78,74,76,63,76,76,73,66,75,80,72,78
[ 5845.493914] [AOA] Measurement: 0,1627133462.870807,08:55:31:9b:05:29,2,1,2,0,128,368,0,875,809,793,972,508,348,1010,251,983,154,670,927,134,479,166,461,674,174,1013,336,43,95,791,233,705,160,721,336,122,716,73,65,70,74,75,75,75,76,73,76,78,79,72,78,78,76,77,69,66,75,72,73,77,66,74,76,76,71,76,80,79,81
[ 5845.539859] [AOA] Measurement: 0,1627133462.916757,08:55:31:9b:05:29,2,1,2,0,128,849,774,337,582,242,828,918,152,418,16,497,1000,655,904,139,452,129,418,666,199,952,248,53,145,754,194,618,48,169,95,557,364,81,65,76,78,78,78,78,77,79,80,80,80,73,80,78,78,78,74,69,80,77,75,78,66,76,78,77,70,78,82,78,83
[ 5845.583789] [AOA] Measurement: 0,1627133462.960687,08:55:31:9b:05:29,2,1,2,0,128,801,789,361,617,249,801,892,107,465,46,446,949,106,702,612,284,94,411,674,179,916,232,567,976,348,460,181,310,152,115,227,966,79,67,74,78,77,77,77,77,78,78,81,78,73,81,79,79,81,72,70,80,75,74,78,66,76,79,79,71,80,81,78,84
[ 5845.626530] [AOA] Measurement: 0,1627133463.003423,08:55:31:9b:05:29,2,1,2,0,128,392,1010,905,834,737,985,456,310,430,34,450,986,173,753,115,447,574,180,125,0,998,315,69,134,347,470,217,346,694,310,601,329,81,65,76,80,79,78,76,77,78,78,84,80,71,80,79,78,78,74,70,81,76,73,73,62,72,74,73,64,74,80,71,80
[ 5845.670228] [AOA] Measurement: 0,1627133463.047120,08:55:31:9b:05:29,2,1,2,0,128,302,980,964,851,793,966,514,330,24,302,947,95,81,741,594,226,563,192,683,186,385,62,61,97,331,441,184,311,718,332,431,997,79,66,74,80,79,77,77,80,77,79,81,79,73,80,79,79,78,73,68,80,76,74,75,65,75,78,78,70,78,82,77,84
[ 5845.711939] [AOA] Measurement: 0,1627133463.088837,08:55:31:9b:05:29,2,1,2,0,128,387,1006,961,830,841,1023,499,357,8,266,1010,163,698,924,123,459,143,431,678,230,963,291,143,209,321,442,215,336,711,339,875,587,81,63,76,77,77,77,77,78,79,80,83,80,72,79,76,75,78,73,70,82,78,74,77,65,77,78,77,68,78,80,76,81
[ 5845.755942] [AOA] Measurement: 0,1627133463.132841,08:55:31:9b:05:29,2,1,2,0,128,472,56,930,824,801,997,480,367,28,308,988,124,691,903,109,444,69,333,184,43,13,315,106,172,381,462,144,266,743,341,34,826,75,65,69,74,76,75,75,76,75,75,79,77,72,77,76,75,75,70,66,76,72,73,76,67,75,78,74,70,78,80,77,83
[ 5845.800401] [AOA] Measurement: 0,1627133463.177298,08:55:31:9b:05:29,2,1,2,0,128,347,11,271,570,168,755,900,111,454,39,455,973,704,940,114,463,109,381,665,164,993,264,540,965,361,465,249,368,765,342,862,541,82,63,75,77,76,77,76,76,77,76,82,80,72,79,77,76,74,73,68,79,76,72,72,60,71,72,71,61,72,78,68,74
[ 5845.838927] [AOA] Measurement: 0,1627133463.215825,08:55:31:9b:05:29,2,1,2,0,128,297,963,863,792,805,1017,536,385,92,336,1011,124,630,860,138,460,147,451,693,232,3,331,37,116,314,425,668,106,694,349,609,320,81,65,74,79,78,77,78,77,77,79,80,81,72,80,77,78,78,72,70,77,75,72,75,65,76,75,76,67,75,81,74,82
[ 5845.883891] [AOA] Measurement: 0,1627133463.260784,08:55:31:9b:05:29,2,1,2,0,128,372,25,890,825,819,1021,478,375,1023,270,4,161,696,926,145,488,175,432,671,240,976,246,157,187,357,466,227,350,761,316,636,204,80,66,73,79,79,77,78,79,77,77,81,79,74,80,80,78,79,70,69,78,75,76,78,68,76,79,77,71,78,82,77,82
[ 5845.938188] [AOA] Measurement: 0,1627133463.315079,08:55:31:9b:05:29,2,1,2,0,128,381,8,991,875,814,9,425,335,26,314,1008,140,670,938,93,442,75,381,648,202,424,89,528,943,751,199,680,111,125,99,732,409,80,67,74,80,79,77,78,78,79,80,84,81,74,81,81,77,78,71,68,80,77,77,78,65,76,79,77,69,78,80,78,82
[ 5845.981058] [AOA] Measurement: 0,1627133463.357958,08:55:31:9b:05:29,2,1,2,0,128,331,1011,906,812,812,1011,464,333,469,98,420,973,27,657,608,267,136,427,718,229,944,283,104,128,302,395,203,331,756,364,1015,708,75,66,71,74,74,72,74,76,74,76,79,78,71,77,78,75,77,69,67,77,73,73,76,66,72,76,76,71,77,81,78,83
[ 5846.019850] [AOA] Measurement: 0,1627133463.396749,08:55:31:9b:05:29,2,1,2,0,128,344,992,863,794,790,1002,474,338,480,78,985,142,667,906,188,509,63,398,688,204,432,114,173,189,366,475,209,307,738,342,409,17,80,65,76,77,78,79,77,77,79,77,81,80,72,80,79,78,78,73,70,81,76,74,77,65,75,75,75,66,75,82,73,79
[ 5846.064098] [AOA] Measurement: 0,1627133463.440999,08:55:31:9b:05:29,2,1,2,0,128,813,816,331,564,319,864,449,305,442,62,462,985,119,711,562,234,117,379,648,196,1010,333,169,197,359,478,180,314,619,280,509,201,79,67,74,79,78,76,76,81,77,79,82,81,74,81,78,75,78,72,69,79,76,75,77,65,76,77,78,69,78,83,77,84
[ 5846.108173] [AOA] Measurement: 0,1627133463.485071,08:55:31:9b:05:29,2,1,2,0,128,379,1023,932,831,800,1006,474,335,8,254,3,173,663,942,20,380,530,151,158,24,487,105,113,151,377,472,199,306,648,287,344,25,77,47,71,67,67,67,64,62,70,67,70,66,56,65,58,60,60,66,56,64,63,55,55,42,59,52,51,43,51,60,49,54
[ 5846.146197] [AOA] Measurement: 0,1627133463.523096,08:55:31:9b:05:29,2,1,2,0,128,352,5,879,792,735,938,871,109,473,51,441,986,108,699,566,253,117,405,732,245,985,270,152,183,386,451,178,301,168,137,56,832,82,66,73,78,79,78,79,80,75,78,80,79,73,80,80,78,77,72,68,80,76,75,77,67,76,79,77,71,79,83,78,83
[ 5846.189945] [AOA] Measurement: 0,1627133463.566840,08:55:31:9b:05:29,2,1,2,0,128,855,790,362,582,205,800,986,158,28,322,917,75,663,897,61,426,75,339,34,964,432,57,575,935,813,233,736,190,144,143,762,467,80,67,72,77,77,78,74,78,76,79,79,79,69,79,78,77,76,71,68,80,74,75,77,66,77,79,77,68,76,83,76,82
[ 5846.232548] [AOA] Measurement: 0,1627133463.609442,08:55:31:9b:05:29,2,1,2,0,128,441,52,886,788,767,1008,420,301,502,70,987,119,633,918,71,459,545,187,179,36,948,228,148,179,303,419,216,315,709,288,777,526,81,64,76,79,79,77,79,77,77,80,84,79,71,80,78,77,78,75,71,81,78,74,77,64,75,76,73,65,76,81,72,78
[ 5846.282756] [AOA] Measurement: 0,1627133463.659649,08:55:31:9b:05:29,2,1,2,0,128,343,1011,878,788,799,971,952,130,25,264,456,977,691,916,85,431,107,380,702,211,1003,341,67,119,396,459,190,317,145,143,231,989,77,65,72,77,78,76,75,78,73,77,79,78,73,77,78,76,77,70,67,78,74,74,76,67,73,78,77,70,77,81,76,82
[ 5846.337759] [AOA] Measurement: 0,1627133463.714657,08:55:31:9b:05:29,2,1,2,0,128,387,21,280,575,220,811,942,130,524,101,423,980,124,726,554,251,609,234,617,180,977,278,502,915,797,228,686,71,132,109,72,1006,78,64,75,78,76,78,75,77,79,80,85,79,74,83,81,80,79,74,70,79,75,75,77,65,76,77,77,71,78,83,76,83
[ 5846.381772] [AOA] Measurement: 0,1627133463.758670,08:55:31:9b:05:29,2,1,2,0,128,383,26,943,855,820,6,520,387,1004,257,911,121,63,698,580,236,559,166,139,21,1,287,178,185,304,409,247,344,679,300,203,959,77,64,72,75,75,78,76,78,78,77,81,80,73,81,77,77,79,72,70,81,78,75,75,67,76,79,76,69,78,82,74,82
[ 5846.419808] [AOA] Measurement: 0,1627133463.796706,08:55:31:9b:05:29,2,1,2,0,128,352,977,345,608,263,832,460,345,1002,273,1010,173,675,927,113,469,59,369,680,175,947,278,63,137,764,210,671,144,137,102,44,789,78,67,75,79,78,77,77,80,78,79,83,79,73,80,78,77,78,72,69,79,75,75,77,64,75,77,76,65,75,82,73,80
[ 5846.459041] [AOA] Measurement: 0,1627133463.835940,08:55:31:9b:05:29,2,1,2,0,128,402,45,862,759,767,946,927,127,50,311,972,91,680,918,606,249,124,397,632,183,973,299,155,173,432,494,269,371,721,350,105,638,81,64,77,79,80,79,78,76,77,79,82,77,72,80,79,77,79,71,68,79,76,74,76,64,74,78,75,66,77,81,75,81
[ 5846.503409] [AOA] Measurement: 0,1627133463.880307,08:55:31:9b:05:29,2,1,2,0,128,820,787,911,791,837,27,456,328,39,310,7,157,727,968,77,425,42,331,99,7,435,64,529,931,761,203,727,131,158,139,306,15,74,65,69,75,75,72,74,78,72,74,77,79,72,79,77,74,77,65,66,75,72,72,75,66,71,75,75,69,77,79,79,81
[ 5846.552773] [AOA] Measurement: 0,1627133463.929667,08:55:31:9b:05:29,2,1,2,0,128,813,814,326,586,232,786,905,124,433,20,358,926,53,640,625,291,168,395,674,162,433,105,577,954,790,230,676,90,721,299,748,435,80,65,75,79,80,78,78,76,79,78,82,79,70,79,75,74,76,73,68,79,78,73,73,63,76,76,74,65,74,82,74,79
[ 5846.607513] [AOA] Measurement: 0,1627133463.984411,08:55:31:9b:05:29,2,1,2,0,128,351,987,904,800,785,1019,497,356,96,345,953,119,624,878,535,257,567,138,141,20,0,313,568,962,386,490,251,359,707,334,601,193,77,65,71,77,76,78,77,79,77,77,81,81,72,80,79,77,78,72,69,80,76,75,77,66,77,77,78,71,79,83,76,84
[ 5846.651573] [AOA] Measurement: 0,1627133464.028471,08:55:31:9b:05:29,2,1,2,0,128,370,15,940,855,760,975,512,358,48,297,956,118,699,903,76,394,41,355,701,230,425,77,120,196,352,430,234,339,727,341,273,892,70,65,64,68,71,70,70,75,68,70,72,73,68,72,72,71,73,64,62,68,67,70,74,65,70,75,74,71,75,79,77,83
[ 5846.689630] [AOA] Measurement: 0,1627133464.066530,08:55:31:9b:05:29,2,1,2,0,128,373,967,895,774,291,810,928,120,513,104,413,947,131,738,578,248,516,142,143,17,970,263,75,123,342,474,231,344,734,389,729,466,82,65,77,80,79,78,77,79,80,80,83,80,75,81,80,79,77,75,69,80,76,74,76,63,77,76,75,69,76,81,75,82
[ 5846.728170] [AOA] Measurement: 0,1627133464.105069,08:55:31:9b:05:29,2,1,2,0,128,369,1023,911,824,737,996,503,366,34,314,985,144,614,879,61,378,163,427,89,979,450,104,594,953,336,413,240,347,737,317,740,464,77,68,72,78,77,78,76,79,74,76,79,79,73,77,78,76,79,69,66,74,71,73,75,65,73,77,76,70,76,79,78,82
[ 5846.773035] [AOA] Measurement: 0,1627133464.149933,08:55:31:9b:05:29,2,1,2,0,128,842,772,334,601,202,785,993,160,994,252,999,161,660,838,550,269,582,182,127,26,1023,344,72,117,290,409,192,292,650,277,130,902,81,62,77,79,76,78,75,76,77,78,82,79,74,83,79,78,78,74,71,80,77,73,74,62,73,74,74,64,74,80,70,78
[ 5846.815543] [AOA] Measurement: 0,1627133464.192435,08:55:31:9b:05:29,2,1,2,0,128,913,867,874,800,778,1005,427,272,458,57,453,987,24,653,509,169,511,151,143,22,514,124,583,964,826,245,226,310,683,279,328,64,77,66,73,78,78,77,75,80,74,77,80,78,73,81,78,76,78,69,69,76,75,75,76,68,76,78,79,72,78,80,79,84
[ 5846.859552] [AOA] Measurement: 0,1627133464.236446,08:55:31:9b:05:29,2,1,2,0,128,427,14,910,801,793,988,537,382,96,347,36,165,685,932,97,467,42,351,659,209,9,360,154,207,395,491,208,332,750,339,758,332,81,65,75,78,79,78,76,79,79,79,82,81,73,82,79,79,80,73,69,81,77,75,76,65,78,78,76,68,77,81,76,81
[ 5846.902361] [AOA] Measurement: 0,1627133464.279256,08:55:31:9b:05:29,2,1,2,0,128,382,1016,905,806,764,989,448,302,37,272,407,948,88,704,567,259,98,365,671,211,957,281,107,113,336,425,253,323,705,282,1,692,82,64,76,79,78,77,78,77,78,78,82,78,70,79,78,76,77,71,69,80,74,75,75,65,75,76,75,67,74,82,74,82
[ 5846.952608] [AOA] Measurement: 0,1627133464.329502,08:55:31:9b:05:29,2,1,2,0,128,793,795,364,608,275,822,455,285,451,83,460,941,13,650,524,227,524,145,142,23,28,333,487,904,784,201,706,150,85,44,988,906,79,67,73,78,78,77,76,79,74,79,81,79,75,81,79,76,79,70,66,78,73,75,76,67,76,79,77,72,78,80,78,83
[ 5847.003689] [AOA] Measurement: 0,1627133464.380584,08:55:31:9b:05:29,2,1,2,0,128,792,782,382,587,275,816,965,146,407,47,440,962,655,907,534,198,514,135,109,983,447,90,577,993,260,420,214,331,664,285,265,69,80,65,74,79,79,78,76,78,78,79,82,81,74,81,80,77,76,71,67,78,75,75,78,67,76,77,78,69,78,83,77,84
[ 5847.042339] [AOA] Measurement: 0,1627133464.419239,08:55:31:9b:05:29,2,1,2,0,128,349,996,954,840,839,38,470,312,21,285,24,185,703,912,142,469,167,431,706,212,18,341,109,138,332,444,197,331,739,351,898,581,80,67,73,78,77,77,77,80,78,78,82,78,73,80,77,77,79,72,68,82,77,75,77,66,76,79,78,69,78,81,76,79
[ 5847.080682] [AOA] Measurement: 0,1627133464.457581,08:55:31:9b:05:29,2,1,2,0,128,813,816,345,630,213,807,877,96,473,57,443,968,641,893,586,250,114,433,693,220,971,291,99,142,776,215,700,173,748,347,64,768,80,60,75,76,78,78,76,76,80,78,83,79,72,81,76,74,74,75,69,78,76,73,71,60,73,71,70,61,70,76,68,77
[ 5847.121675] [AOA] Measurement: 0,1627133464.498569,08:55:31:9b:05:29,2,1,2,0,128,334,6,943,837,769,992,410,267,433,59,1014,140,87,701,585,258,91,366,114,990,450,107,54,62,821,246,196,305,114,69,144,7,81,63,75,78,79,77,76,76,78,76,81,79,71,81,75,74,76,74,69,80,75,71,73,61,74,72,70,63,72,78,69,76
[ 5847.166714] [AOA] Measurement: 0,1627133464.543612,08:55:31:9b:05:29,2,1,2,0,128,354,989,926,776,801,967,978,172,21,283,11,128,86,709,177,459,78,359,705,206,490,132,101,166,292,410,207,316,731,342,181,787,82,68,76,79,78,80,78,78,79,80,82,79,73,80,81,79,77,71,69,79,75,74,77,65,73,76,76,69,76,82,76,82
[ 5847.208584] [AOA] Measurement: 0,1627133464.585477,08:55:31:9b:05:29,2,1,2,0,128,410,8,926,833,788,1020,568,372,19,274,972,122,636,880,593,265,92,379,57,973,1008,290,80,134,360,514,239,360,718,348,758,277,74,66,69,74,76,74,74,78,74,77,80,78,72,78,78,76,77,68,66,77,73,73,76,67,75,79,77,69,76,80,77,82
[ 5847.253264] [AOA] Measurement: 0,1627133464.630163,08:55:31:9b:05:29,2,1,2,0,128,385,25,899,791,747,999,394,261,492,88,446,997,111,737,542,235,86,404,593,145,1,344,52,103,341,428,192,294,661,295,786,436,80,65,74,78,79,78,77,80,77,79,83,80,74,81,81,78,78,71,68,80,74,74,78,65,74,79,78,70,78,82,78,84
[ 5847.296405] [AOA] Measurement: 0,1627133464.673300,08:55:31:9b:05:29,2,1,2,0,128,820,776,319,577,227,816,976,178,464,53,424,962,105,714,540,193,528,124,78,1005,384,43,486,879,778,193,629,99,91,69,940,828,78,67,72,76,78,79,77,79,76,78,78,79,73,81,77,75,78,68,66,78,73,74,75,66,74,78,76,70,77,80,78,84
[ 5847.339924] [AOA] Measurement: 0,1627133464.716819,08:55:31:9b:05:29,2,1,2,0,128,891,835,900,795,198,741,993,170,1000,266,11,162,657,915,118,420,94,381,674,225,994,303,86,142,354,445,186,348,771,370,58,617,81,65,75,79,79,77,74,78,77,77,81,77,73,80,80,78,78,73,69,80,75,73,75,64,75,79,77,68,78,82,75,83
[ 5847.382921] [AOA] Measurement: 0,1627133464.759816,08:55:31:9b:05:29,2,1,2,0,128,839,816,847,783,820,1008,438,270,1012,228,495,1016,692,927,154,461,109,411,705,195,395,49,612,960,339,440,137,276,104,96,48,834,82,61,76,78,79,77,76,75,77,77,79,79,69,78,76,75,75,72,68,79,75,71,71,59,71,73,71,62,71,76,68,73
[ 5847.433322] [AOA] Measurement: 0,1627133464.810217,08:55:31:9b:05:29,2,1,2,0,128,431,29,876,789,841,1022,458,352,943,228,408,972,94,710,580,216,29,355,663,235,975,277,537,937,755,189,740,151,164,142,607,392,81,67,75,79,78,77,76,78,76,77,80,78,72,80,78,75,77,70,68,79,75,74,77,66,75,76,77,68,77,82,76,83
[ 5847.487571] [AOA] Measurement: 0,1627133464.864469,08:55:31:9b:05:29,2,1,2,0,128,311,971,293,556,230,814,984,163,452,99,26,215,662,943,67,435,569,212,104,10,984,298,45,101,768,249,190,320,653,263,476,181,79,63,74,77,77,75,77,78,79,80,83,81,72,82,79,77,77,73,69,77,77,74,75,63,76,75,76,64,75,81,72,77
[ 5847.531218] [AOA] Measurement: 0,1627133464.908116,08:55:31:9b:05:29,2,1,2,0,128,337,996,869,818,239,838,467,297,416,47,438,946,89,685,578,253,590,186,77,982,465,101,565,987,265,410,676,134,80,58,313,222,79,66,75,78,78,77,76,78,76,76,80,80,73,80,82,79,78,70,67,78,75,74,76,67,75,77,78,70,77,83,78,83
[ 5847.569158] [AOA] Measurement: 0,1627133464.946058,08:55:31:9b:05:29,2,1,2,0,128,834,769,289,551,169,744,960,128,506,75,402,957,70,678,582,251,577,149,127,6,947,286,125,131,745,198,632,70,141,114,818,568,79,66,73,75,78,77,77,79,76,77,79,78,71,79,79,76,79,74,69,79,76,73,75,64,74,77,79,70,77,81,78,82
[ 5847.612701] [AOA] Measurement: 0,1627133464.989600,08:55:31:9b:05:29,2,1,2,0,128,792,766,331,579,180,758,898,97,461,31,386,957,110,690,521,181,581,236,657,196,407,64,523,923,829,233,685,132,121,107,410,146,79,64,71,79,76,77,75,78,76,77,80,79,72,82,77,78,78,73,69,80,77,74,76,61,74,73,71,63,73,76,69,77
[ 5847.655187] [AOA] Measurement: 0,1627133465.032080,08:55:31:9b:05:29,2,1,2,0,128,852,849,847,770,257,803,968,144,398,33,522,1011,99,707,83,442,102,381,120,1,490,165,145,177,302,432,179,294,75,84,925,789,79,68,73,78,79,78,77,79,74,78,83,81,73,78,79,76,78,73,69,80,76,75,77,65,77,78,78,69,78,82,78,83
[ 5847.698836] [AOA] Measurement: 0,1627133465.075735,08:55:31:9b:05:29,2,1,2,0,128,849,833,339,622,232,808,933,151,436,58,487,1006,74,710,544,235,578,179,136,5,440,115,486,916,852,255,686,138,132,99,202,987,83,66,77,80,79,77,77,78,79,78,82,78,71,80,75,75,77,74,68,79,75,74,73,62,75,75,74,66,75,80,69,80
[ 5847.741962] [AOA] Measurement: 0,1627133465.118860,08:55:31:9b:05:29,2,1,2,0,128,821,820,359,584,269,813,554,401,9,261,1,164,643,921,131,436,598,214,106,1018,438,138,529,936,758,199,682,118,141,108,642,408,75,65,70,74,74,73,75,78,71,76,77,78,70,77,78,75,76,66,64,72,70,72,73,65,70,74,73,68,76,76,74,79
[ 5847.780369] [AOA] Measurement: 0,1627133465.157268,08:55:31:9b:05:29,2,1,2,0,128,356,1020,932,851,849,26,502,369,104,350,13,192,651,894,76,406,16,330,139,29,1015,311,122,163,352,470,228,336,691,315,530,134,82,66,75,79,78,80,77,78,76,79,80,79,73,80,77,77,80,73,69,80,75,76,77,63,74,77,77,70,79,83,77,83
[ 5847.824217] [AOA] Measurement: 0,1627133465.201116,08:55:31:9b:05:29,2,1,2,0,128,321,997,852,788,813,2,432,276,1001,225,475,974,125,711,632,277,547,173,112,1003,372,34,620,2,316,396,614,92,109,75,869,663,79,66,76,80,77,79,77,78,79,78,81,81,73,79,79,78,79,71,69,81,75,76,78,64,76,78,75,68,77,82,76,82
[ 5847.866136] [AOA] Measurement: 0,1627133465.243029,08:55:31:9b:05:29,2,1,2,0,128,374,1020,865,794,279,821,924,128,460,89,24,196,762,972,114,502,125,414,744,250,988,290,109,119,299,394,649,101,180,122,435,242,84,69,79,83,82,83,82,84,82,85,88,86,79,87,85,84,84,77,73,86,82,81,82,69,81,81,82,73,82,85,79,87
[ 5847.909729] [AOA] Measurement: 0,1627133465.286624,08:55:31:9b:05:29,2,1,2,0,128,798,785,390,645,284,806,962,169,0,286,1021,158,625,894,78,414,566,200,736,244,39,347,104,172,347,423,199,330,710,334,540,223,80,66,75,77,78,78,77,78,77,79,83,81,74,82,80,79,79,73,71,81,76,74,76,63,73,76,75,67,75,79,73,81
[ 5847.952569] [AOA] Measurement: 0,1627133465.329464,08:55:31:9b:05:29,2,1,2,0,128,369,1001,837,752,224,787,912,114,468,59,447,976,128,749,531,200,52,389,738,258,995,299,86,161,326,434,256,346,671,290,93,752,80,65,73,77,77,76,76,79,76,77,80,79,73,78,79,76,79,71,67,77,74,74,76,66,75,77,78,71,78,82,76,82
[ 5848.002821] [AOA] Measurement: 0,1627133465.379715,08:55:31:9b:05:29,2,1,2,0,128,442,28,942,862,746,1002,486,322,4,285,1022,162,636,876,117,460,60,404,681,215,1015,309,564,972,372,439,656,97,144,94,10,696,81,67,75,77,80,80,77,80,77,79,80,80,73,80,80,79,78,74,70,81,75,74,77,66,76,81,79,71,79,84,78,82
[ 5848.052625] [AOA] Measurement: 0,1627133465.429523,08:55:31:9b:05:29,2,1,2,0,128,357,1019,924,807,769,989,477,323,1005,214,423,961,61,691,525,165,527,164,126,1020,451,77,175,181,311,438,229,335,718,322,874,584,81,64,76,79,79,78,77,76,79,80,79,79,74,81,80,78,79,75,70,80,76,74,74,63,75,77,75,67,77,82,73,82
[ 5848.097463] [AOA] Measurement: 0,1627133465.474361,08:55:31:9b:05:29,2,1,2,0,128,388,37,930,833,835,997,501,383,976,235,7,138,618,879,119,477,103,404,619,141,357,24,563,934,782,227,189,319,173,89,837,586,81,65,75,80,79,78,77,78,77,80,82,81,73,80,78,76,78,73,68,79,76,74,76,65,74,76,77,68,77,82,75,82
[ 5848.141415] [AOA] Measurement: 0,1627133465.518310,08:55:31:9b:05:29,2,1,2,0,128,804,797,296,555,204,763,978,173,485,57,20,154,632,892,545,232,517,146,106,1008,408,107,47,117,316,382,655,125,148,131,770,485,82,62,78,79,77,76,77,76,78,77,79,77,68,77,75,75,74,72,67,77,70,70,68,57,69,70,67,60,68,76,68,74
[ 5848.184484] [AOA] Measurement: 0,1627133465.561381,08:55:31:9b:05:29,2,1,2,0,128,338,988,276,574,292,844,985,136,566,139,446,983,130,728,497,217,611,218,695,229,1000,324,59,141,333,437,231,307,750,320,464,167,78,53,75,71,72,72,70,68,72,71,75,68,62,71,66,68,69,69,63,70,68,62,60,50,64,61,58,50,61,63,54,62
[ 5848.228172] [AOA] Measurement: 0,1627133465.605069,08:55:31:9b:05:29,2,1,2,0,128,324,977,383,621,278,801,943,136,55,254,1002,139,738,974,74,397,154,408,669,180,1010,324,104,166,317,454,197,275,122,115,623,286,80,66,74,78,78,78,76,77,76,79,81,80,73,80,78,78,79,73,69,80,75,75,77,66,76,77,77,68,78,83,76,82
[ 5848.267017] [AOA] Measurement: 0,1627133465.643916,08:55:31:9b:05:29,2,1,2,0,128,355,1015,853,750,190,804,1021,162,1004,282,403,961,48,666,483,214,542,182,94,18,7,290,65,164,332,436,252,337,705,334,956,677,77,63,72,77,78,77,76,76,76,79,82,79,71,80,77,76,76,71,69,81,78,74,78,62,75,75,75,65,76,80,71,79
[ 5848.311195] [AOA] Measurement: 0,1627133465.688089,08:55:31:9b:05:29,2,1,2,0,128,462,67,899,843,788,998,469,300,1003,256,465,974,153,743,117,431,100,390,79,1008,458,112,136,185,351,423,275,366,714,321,484,178,81,63,77,77,78,80,78,78,78,77,82,78,72,80,78,78,77,75,69,82,77,74,77,65,76,77,76,67,76,83,77,81
[ 5848.359829] [AOA] Measurement: 0,1627133465.736728,08:55:31:9b:05:29,2,1,2,0,128,378,1011,913,793,798,7,462,326,988,230,458,950,96,676,561,202,573,200,143,34,963,263,92,130,438,494,221,331,722,352,789,322,81,64,77,79,79,78,77,79,77,79,84,79,71,80,78,76,76,72,70,80,78,75,77,62,76,76,76,68,77,82,75,83
[ 5848.398421] [AOA] Measurement: 0,1627133465.775320,08:55:31:9b:05:29,2,1,2,0,128,326,964,897,780,810,1017,433,326,37,293,4,156,612,857,612,257,160,422,678,200,1020,334,63,99,357,451,228,350,710,303,764,457,82,65,74,79,77,79,77,77,78,77,84,81,72,81,78,78,78,72,69,81,74,75,75,62,75,74,75,68,76,83,76,83
[ 5848.437222] [AOA] Measurement: 0,1627133465.814121,08:55:31:9b:05:29,2,1,2,0,128,308,1000,830,765,227,797,985,192,24,282,977,153,638,911,96,445,72,313,182,33,971,257,109,162,766,239,205,317,156,123,540,259,77,66,72,78,77,78,77,80,75,78,78,80,72,77,79,78,78,71,68,79,74,74,76,66,74,77,78,70,75,82,78,83
[ 5848.483578] [AOA] Measurement: 0,1627133465.860471,08:55:31:9b:05:29,2,1,2,0,128,354,1010,911,819,786,1006,493,314,1010,284,12,159,660,909,526,233,125,393,92,993,506,156,110,148,300,413,699,150,202,183,811,477,79,66,73,77,76,77,77,80,78,81,83,81,73,81,80,77,79,72,69,81,75,75,78,66,77,78,77,68,77,83,77,84
[ 5848.526981] [AOA] Measurement: 0,1627133465.903874,08:55:31:9b:05:29,2,1,2,0,128,827,755,353,620,240,814,941,140,57,302,984,150,616,890,511,180,557,154,94,997,451,115,627,997,337,456,666,119,163,86,326,194,78,64,76,79,78,78,77,78,77,78,81,78,72,82,79,78,79,74,69,80,73,74,73,64,76,74,74,67,76,80,73,79
[ 5848.567089] [AOA] Measurement: 0,1627133465.943986,08:55:31:9b:05:29,2,1,2,0,128,387,1013,871,800,758,939,934,132,483,70,453,979,142,714,616,269,193,423,695,201,955,311,101,167,342,452,207,296,158,95,77,900,81,66,77,78,78,78,77,78,77,77,81,77,73,79,79,77,79,75,70,81,75,74,74,61,76,74,72,66,75,80,73,80
[ 5848.615213] [AOA] Measurement: 0,1627133465.992107,08:55:31:9b:05:29,2,1,2,0,128,372,1000,873,821,751,990,933,98,38,268,447,985,107,731,541,224,529,166,133,0,502,143,163,168,361,491,163,281,735,329,648,399,82,66,78,79,81,79,77,79,80,79,82,80,75,82,80,78,77,74,69,79,76,74,75,64,76,76,76,67,76,82,75,82
[ 5848.653942] [AOA] Measurement: 0,1627133466.030841,08:55:31:9b:05:29,2,1,2,0,128,343,974,325,587,782,981,945,154,995,264,8,173,639,879,166,496,155,421,601,175,984,263,104,130,778,197,723,151,130,80,381,139,82,65,76,78,78,77,77,79,78,79,82,80,71,80,77,77,75,70,67,80,76,72,73,63,73,71,71,64,72,75,69,74
[ 5848.696655] [AOA] Measurement: 0,1627133466.073550,08:55:31:9b:05:29,2,1,2,0,128,829,801,865,810,212,779,520,394,997,252,1021,171,641,910,89,454,116,395,732,235,5,327,61,120,311,442,204,330,819,398,588,172,82,70,78,80,78,82,81,82,78,81,86,84,77,85,84,85,84,78,73,85,79,80,81,69,79,82,82,73,84,87,82,89
[ 5848.741078] [AOA] Measurement: 0,1627133466.117976,08:55:31:9b:05:29,2,1,2,0,128,839,796,340,578,207,787,932,85,432,68,443,949,146,756,616,290,110,359,652,162,49,352,117,146,316,414,247,360,661,257,413,233,80,65,77,78,79,77,74,78,79,79,84,79,72,79,78,76,78,74,70,82,77,74,74,64,76,75,75,67,76,81,73,78
[ 5848.779574] [AOA] Measurement: 0,1627133466.156473,08:55:31:9b:05:29,2,1,2,0,128,371,1005,925,818,764,994,476,315,444,63,979,150,666,911,88,440,70,359,618,193,950,248,589,985,331,434,192,320,711,339,706,418,80,66,73,79,78,78,77,79,78,80,79,80,71,80,81,77,80,73,70,82,77,75,78,65,77,79,76,70,78,83,77,82
[ 5848.823945] [AOA] Measurement: 0,1627133466.200842,08:55:31:9b:05:29,2,1,2,0,128,329,968,332,577,242,800,971,159,467,28,418,953,91,697,541,211,569,180,152,28,7,325,82,119,335,437,206,298,133,98,926,771,70,63,66,72,73,72,72,75,73,76,77,76,70,77,77,75,74,68,66,77,71,75,75,66,73,77,76,70,77,80,76,81
[ 5848.867604] [AOA] Measurement: 0,1627133466.244503,08:55:31:9b:05:29,2,1,2,0,128,336,1020,933,819,760,993,486,363,4,278,1016,170,677,964,162,491,97,431,688,188,974,273,106,123,348,466,223,337,700,291,774,473,81,66,75,78,79,77,76,77,76,76,80,79,74,80,80,77,79,72,69,79,74,75,77,66,75,78,77,70,78,81,76,82
[ 5848.911586] [AOA] Measurement: 0,1627133466.288480,08:55:31:9b:05:29,2,1,2,0,128,366,11,918,838,832,1012,532,416,987,238,1002,129,668,942,126,476,53,371,631,182,937,224,579,988,376,474,217,346,698,318,635,340,82,65,78,81,77,77,77,80,80,79,83,79,73,80,79,77,77,75,71,81,76,74,76,65,76,76,75,68,76,82,75,83
[ 5848.959316] [AOA] Measurement: 0,1627133466.336214,08:55:31:9b:05:29,2,1,2,0,128,410,22,890,825,869,57,463,359,57,349,53,216,669,944,116,435,109,395,763,264,981,289,81,149,415,514,302,382,793,406,224,825,77,66,73,77,78,76,75,78,76,79,79,78,71,79,79,76,78,70,68,78,76,75,77,66,75,79,78,70,77,79,77,81
[ 5849.003427] [AOA] Measurement: 0,1627133466.380326,08:55:31:9b:05:29,2,1,2,0,128,867,837,868,782,784,1004,924,127,427,23,465,974,674,906,100,442,176,420,698,224,1015,362,106,157,290,427,211,334,106,86,615,394,80,65,76,78,78,79,76,77,76,77,81,81,73,78,78,77,78,72,68,80,76,76,77,65,77,78,77,70,79,82,76,82
[ 5849.045907] [AOA] Measurement: 0,1627133466.422800,08:55:31:9b:05:29,2,1,2,0,128,403,12,949,842,761,968,440,344,2,280,8,201,688,911,141,413,84,351,112,997,408,85,622,982,338,445,670,106,758,366,658,282,83,65,77,79,80,78,77,79,77,78,83,81,72,79,77,77,77,72,69,80,75,74,73,63,74,75,76,68,74,82,74,80
[ 5849.089105] [AOA] Measurement: 0,1627133466.465998,08:55:31:9b:05:29,2,1,2,0,128,369,1017,921,853,764,994,428,265,466,64,480,997,608,865,155,460,91,379,610,165,24,334,79,141,393,495,143,282,658,293,285,19,73,65,69,74,73,74,73,76,72,74,76,77,71,77,77,74,77,67,64,75,71,71,76,66,73,77,76,70,79,80,77,83
[ 5849.133633] [AOA] Measurement: 0,1627133466.510532,08:55:31:9b:05:29,2,1,2,0,128,398,31,934,865,782,1009,490,375,996,240,1013,154,616,910,134,452,118,359,664,183,968,257,55,110,349,444,194,279,790,352,388,980,83,63,77,78,78,77,74,75,77,76,82,80,70,79,76,76,75,74,69,81,77,73,74,60,73,73,71,63,73,78,70,77
[ 5849.179048] [AOA] Measurement: 0,1627133466.555946,08:55:31:9b:05:29,2,1,2,0,128,344,985,890,805,256,854,930,119,20,280,28,175,714,931,169,451,91,402,727,234,10,347,137,170,318,422,215,330,674,291,685,451,81,64,77,78,77,78,76,76,80,77,82,80,73,82,78,78,77,73,69,80,78,74,74,63,76,76,74,66,77,81,71,79
[ 5849.224923] [AOA] Measurement: 0,1627133466.601818,08:55:31:9b:05:29,2,1,2,0,128,859,846,372,610,796,1017,875,123,481,72,395,910,116,682,497,167,566,140,106,1012,483,110,128,138,311,414,661,136,133,131,37,974,80,66,77,78,79,77,76,79,76,78,77,78,71,80,80,78,77,73,70,81,76,74,77,64,76,76,78,68,77,81,75,84
[ 5849.275600] [AOA] Measurement: 0,1627133466.652493,08:55:31:9b:05:29,2,1,2,0,128,419,17,897,780,786,6,485,369,1018,276,980,130,667,933,70,403,86,401,620,147,1017,288,84,145,393,476,181,322,720,336,280,964,79,66,73,78,76,77,77,78,75,77,80,77,73,81,78,78,78,71,67,79,74,76,76,65,74,78,78,70,78,82,77,82
[ 5849.314462] [AOA] Measurement: 0,1627133466.691361,08:55:31:9b:05:29,2,1,2,0,128,843,831,922,815,780,1013,459,349,38,302,982,117,679,910,563,243,589,173,689,168,983,246,109,113,815,242,164,286,173,151,492,282,79,65,71,76,76,76,75,78,75,74,78,77,70,79,79,76,78,70,68,79,75,74,76,66,74,77,77,70,78,82,76,82
[ 5849.353495] [AOA] Measurement: 0,1627133466.730394,08:55:31:9b:05:29,2,1,2,0,128,377,1017,963,855,757,995,398,252,1015,256,1010,160,672,937,89,433,111,372,675,164,968,242,511,947,802,254,241,330,667,331,756,509,82,65,76,80,80,80,79,80,81,79,83,81,73,80,79,79,79,72,71,81,77,75,77,65,77,79,77,69,76,82,75,80
[ 5849.395190] [AOA] Measurement: 0,1627133466.772084,08:55:31:9b:05:29,2,1,2,0,128,402,28,894,790,815,1022,502,374,975,220,457,998,69,683,553,213,510,170,134,7,414,106,60,113,321,419,737,196,127,111,460,233,79,66,75,77,78,75,77,77,77,75,82,81,73,79,77,77,78,73,68,81,76,75,76,65,75,76,77,67,76,81,75,82
[ 5849.441763] [AOA] Measurement: 0,1627133466.818660,08:55:31:9b:05:29,2,1,2,0,128,350,996,326,590,229,810,931,164,507,50,415,953,98,740,585,222,85,384,715,206,968,311,110,169,333,444,237,332,694,317,266,997,85,68,80,82,83,83,80,83,84,81,88,85,75,85,82,82,81,78,73,87,82,78,77,65,80,79,80,67,77,82,74,84
[ 5849.492375] [AOA] Measurement: 0,1627133466.869273,08:55:31:9b:05:29,2,1,2,0,128,355,985,872,796,795,980,892,156,427,59,463,991,108,733,546,229,544,158,115,1016,368,32,532,993,306,413,696,147,169,114,656,452,81,64,75,79,78,77,77,76,78,79,81,79,73,81,76,78,78,73,70,79,75,73,76,64,77,77,74,67,76,82,73,80
[ 5849.543144] [AOA] Measurement: 0,1627133466.920038,08:55:31:9b:05:29,2,1,2,0,128,362,43,942,842,697,940,994,178,932,225,444,1002,730,922,160,485,54,364,682,192,993,304,93,137,360,444,200,310,709,304,50,771,82,62,78,78,78,78,78,77,77,78,82,79,72,80,79,78,78,72,70,81,76,75,76,66,77,78,77,68,79,82,77,84
[ 5849.588661] [AOA] Measurement: 0,1627133466.965558,08:55:31:9b:05:29,2,1,2,0,128,346,1016,353,635,259,872,964,149,429,69,1012,161,661,930,114,437,144,408,661,217,413,59,91,119,316,433,177,290,705,256,21,847,79,66,73,79,78,77,77,79,78,79,82,79,73,81,79,79,77,72,69,81,76,75,76,65,76,78,78,69,80,83,77,82
[ 5849.631953] [AOA] Measurement: 0,1627133467.008847,08:55:31:9b:05:29,2,1,2,0,128,406,1008,951,860,848,1019,525,386,988,265,959,127,626,907,478,190,593,178,743,237,982,305,110,170,330,432,248,361,721,326,451,93,82,66,77,79,79,77,77,79,80,80,83,80,73,82,79,78,79,74,70,81,77,76,77,67,77,76,76,67,79,82,75,82
[ 5849.683606] [AOA] Measurement: 0,1627133467.060500,08:55:31:9b:05:29,2,1,2,0,128,395,12,906,810,810,12,416,312,0,247,963,153,607,856,130,433,82,352,633,163,356,40,531,915,838,239,650,94,211,169,550,243,78,66,73,78,78,78,78,79,77,79,81,79,71,81,79,77,76,72,70,81,78,75,77,67,75,78,78,70,79,83,74,82
[ 5849.729510] [AOA] Measurement: 0,1627133467.106407,08:55:31:9b:05:29,2,1,2,0,128,841,818,311,564,270,840,939,140,461,58,440,1008,642,918,539,227,607,204,98,21,969,277,102,153,346,455,215,340,736,365,362,998,80,62,77,78,77,76,76,76,78,79,82,79,70,81,77,75,77,74,68,80,76,73,72,60,71,70,70,59,68,74,68,75
[ 5849.774309] [AOA] Measurement: 0,1627133467.151207,08:55:31:9b:05:29,2,1,2,0,128,419,1012,930,810,901,30,480,377,1003,269,992,116,673,912,104,416,103,371,687,227,11,324,124,122,377,455,227,329,788,401,398,993,75,67,70,75,76,77,73,78,73,76,79,78,72,77,76,76,77,67,65,75,72,73,74,66,72,76,74,69,78,79,77,81
[ 5849.819385] [AOA] Measurement: 0,1627133467.196283,08:55:31:9b:05:29,2,1,2,0,128,374,1011,925,809,834,6,955,124,476,38,490,5,76,702,557,217,573,191,665,178,973,278,86,141,297,416,205,363,637,259,83,772,81,64,78,81,79,78,77,77,79,79,84,79,71,80,75,77,75,73,69,80,75,72,71,59,72,69,70,60,69,75,68,74
[ 5849.862452] [AOA] Measurement: 0,1627133467.239354,08:55:31:9b:05:29,2,1,2,0,128,414,5,1018,950,837,4,489,389,39,316,969,113,707,960,136,477,74,370,612,179,993,264,157,164,380,459,237,332,764,351,548,110,81,64,75,79,79,78,78,77,77,78,83,78,66,77,72,71,74,70,67,80,74,71,71,62,73,73,68,63,71,76,68,73
[ 5849.906447] [AOA] Measurement: 0,1627133467.283345,08:55:31:9b:05:29,2,1,2,0,128,356,1011,889,818,746,997,469,352,963,225,490,1013,64,679,560,239,593,227,633,201,454,112,577,963,884,305,189,303,130,104,646,464,82,65,76,80,80,79,78,79,77,79,83,80,74,81,81,76,75,72,69,80,77,74,77,65,77,77,77,70,77,84,77,84
[ 5849.950922] [AOA] Measurement: 0,1627133467.327816,08:55:31:9b:05:29,2,1,2,0,128,351,969,838,751,767,957,978,178,967,228,1023,149,712,939,119,434,44,349,682,172,985,274,69,105,344,462,223,314,674,278,810,532,82,65,75,79,80,78,78,78,79,78,82,79,72,79,78,77,77,75,70,82,76,73,73,63,74,74,72,65,75,80,73,80
[ 5850.001469] [AOA] Measurement: 0,1627133467.378363,08:55:31:9b:05:29,2,1,2,0,128,361,995,900,822,808,25,534,366,982,262,30,193,735,990,168,505,168,444,684,174,2,315,77,151,330,419,245,398,704,347,442,10,80,64,75,79,78,77,76,78,79,79,84,80,74,80,81,78,79,74,70,80,76,76,76,64,75,75,77,69,77,83,77,83
[ 5850.046740] [AOA] Measurement: 0,1627133467.423638,08:55:31:9b:05:29,2,1,2,0,128,875,830,327,585,236,791,952,156,439,36,436,975,91,691,654,303,79,376,637,156,951,286,555,979,790,225,639,72,133,86,576,376,78,67,74,75,77,76,74,77,75,76,80,78,71,79,80,79,78,73,70,82,74,74,78,67,77,80,79,69,78,81,78,80
[ 5850.084909] [AOA] Measurement: 0,1627133467.461806,08:55:31:9b:05:29,2,1,2,0,128,365,1021,954,820,769,985,964,156,979,208,1005,130,704,962,133,464,161,415,681,204,989,301,65,97,330,457,217,345,770,375,577,200,79,68,72,79,79,76,75,78,75,79,83,81,73,81,79,76,79,72,68,79,76,76,76,67,77,78,78,68,78,82,76,82
[ 5850.123830] [AOA] Measurement: 0,1627133467.500727,08:55:31:9b:05:29,2,1,2,0,128,831,792,318,582,274,822,538,365,41,303,1014,139,638,879,122,439,533,176,114,11,438,97,86,167,357,482,203,316,714,334,814,377,80,62,75,79,75,77,75,74,76,76,79,78,69,79,74,75,75,74,65,77,72,68,71,58,72,69,68,59,71,78,64,71
[ 5850.165492] [AOA] Measurement: 0,1627133467.542386,08:55:31:9b:05:29,2,1,2,0,128,357,987,959,838,848,69,480,331,83,344,975,115,663,943,143,436,97,397,643,170,27,345,51,93,342,445,657,143,138,99,297,130,79,67,73,79,78,77,77,79,75,79,79,80,73,78,79,78,79,72,70,78,75,75,78,66,76,78,78,70,80,82,78,83
