
[ 372.189957] [AOA] Measurement: 0,1627159114.028088,08:55:31:9b:04:ac,2,1,2,0,128,1006,994,696,728,676,1001,989,113,705,150,777,114,483,611,9,270,338,857,100,497,845,379,1009,243,759,237,528,126,371,180,57,776,81,80,65,78,81,82,77,74,83,82,82,82,74,75,75,74,72,61,72,69,52,54,65,59,80,74,79,71,80,55,80,71
[ 372.232673] [AOA] Measurement: 0,1627159114.070804,08:55:31:9b:04:ac,2,1,2,0,128,967,959,235,914,667,1008,966,113,215,6,812,156,396,609,987,247,335,842,129,503,420,550,541,435,337,462,53,317,402,218,310,1021,81,80,66,79,82,83,76,75,83,81,81,81,74,73,75,73,71,60,70,68,51,53,68,60,78,74,80,70,79,54,82,71
[ 372.282820] [AOA] Measurement: 0,1627159114.120951,08:55:31:9b:04:ac,2,1,2,0,128,499,100,163,901,647,976,25,202,718,154,833,185,422,555,35,275,314,851,91,484,409,564,516,392,336,483,92,367,932,429,400,13,81,79,65,80,81,84,77,75,85,81,83,81,75,75,75,74,73,61,71,69,53,56,69,61,80,75,78,73,80,56,85,73
[ 372.331991] [AOA] Measurement: 0,1627159114.170122,08:55:31:9b:04:ac,2,1,2,0,128,981,976,663,662,681,1001,544,351,687,126,218,944,917,437,21,277,282,800,660,357,838,330,967,186,361,472,56,354,344,184,944,628,78,79,65,77,80,78,75,68,81,78,80,78,70,69,68,69,68,57,66,63,44,48,62,56,76,69,75,66,71,48,71,58
[ 372.374195] [AOA] Measurement: 0,1627159114.212325,08:55:31:9b:04:ac,2,1,2,0,128,591,198,146,864,663,994,523,316,207,929,238,952,843,386,990,230,787,618,576,293,881,325,988,197,792,261,579,174,946,434,144,761,80,81,65,77,80,81,75,72,81,80,82,82,73,72,73,72,70,58,68,66,50,53,67,60,79,72,80,70,78,53,80,69
[ 372.418982] [AOA] Measurement: 0,1627159114.257118,08:55:31:9b:04:ac,2,1,2,0,128,502,144,279,952,687,1008,502,355,757,174,787,156,415,595,475,73,355,874,157,530,482,606,547,451,314,447,35,322,895,367,136,768,78,77,64,78,78,82,74,78,82,80,79,83,73,73,78,76,73,62,70,69,57,59,71,64,82,78,80,76,84,61,85,80
[ 372.465069] [AOA] Measurement: 0,1627159114.303199,08:55:31:9b:04:ac,2,1,2,0,128,498,149,180,905,90,792,968,123,161,964,245,999,849,352,455,24,812,650,628,284,855,357,44,256,780,255,73,361,951,404,347,19,79,77,63,78,76,80,74,78,79,77,79,82,73,75,78,78,74,62,71,68,58,60,72,65,82,77,81,78,83,60,85,82
[ 372.507824] [AOA] Measurement: 0,1627159114.345961,08:55:31:9b:04:ac,2,1,2,0,128,446,84,202,916,720,18,446,260,768,157,785,122,362,543,15,260,300,865,596,340,816,306,966,175,805,230,555,150,343,165,56,793,79,78,66,76,80,80,76,71,82,80,81,80,73,72,72,72,72,57,69,66,48,52,67,59,78,71,76,69,77,52,76,65
[ 372.551025] [AOA] Measurement: 0,1627159114.389156,08:55:31:9b:04:ac,2,1,2,0,128,516,137,193,864,98,776,996,149,173,995,234,935,454,626,1023,251,326,857,119,469,374,507,1021,219,830,290,102,377,885,401,164,824,78,76,64,76,79,79,74,68,80,80,80,77,71,70,71,71,69,57,67,64,44,49,63,55,76,69,76,68,72,49,76,62
[ 372.594086] [AOA] Measurement: 0,1627159114.432216,08:55:31:9b:04:ac,2,1,2,0,128,951,951,666,698,165,815,993,129,215,970,799,118,821,361,451,46,809,670,556,243,889,369,537,382,747,192,528,144,371,190,198,899,81,79,65,80,81,83,78,76,83,82,83,84,76,75,75,73,73,60,71,68,53,56,70,62,80,75,80,73,81,56,82,74
[ 372.643629] [AOA] Measurement: 0,1627159114.481760,08:55:31:9b:04:ac,2,1,2,0,128,498,120,245,912,133,814,953,134,146,937,247,948,936,412,987,255,325,868,568,302,861,366,543,424,789,245,532,109,394,227,420,68,81,79,65,80,82,84,76,77,82,81,83,84,75,75,77,76,75,62,72,68,55,57,70,62,81,76,80,75,83,60,85,77
[ 372.689097] [AOA] Measurement: 0,1627159114.527232,08:55:31:9b:04:ac,2,1,2,0,128,550,151,246,920,614,985,954,123,189,984,232,978,934,395,6,258,405,916,105,516,398,543,577,479,256,441,589,164,915,434,112,665,79,80,65,79,79,81,76,76,81,79,82,81,73,74,74,73,71,61,71,65,51,56,67,64,81,76,80,71,79,54,81,68
[ 372.733151] [AOA] Measurement: 0,1627159114.571289,08:55:31:9b:04:ac,2,1,2,0,128,0,1001,239,926,691,988,540,321,790,174,752,149,439,616,33,286,331,851,148,556,420,583,588,454,335,450,52,301,904,424,906,551,81,79,62,79,79,82,73,78,81,79,78,82,73,75,77,75,72,62,69,65,54,58,68,64,79,75,79,73,81,58,85,76
[ 372.774959] [AOA] Measurement: 0,1627159114.613089,08:55:31:9b:04:ac,2,1,2,0,128,517,137,197,875,725,10,529,354,759,162,803,151,421,595,1013,263,395,859,153,556,888,343,573,484,285,450,161,403,981,386,983,613,81,79,64,79,80,82,75,79,82,80,81,83,75,74,78,76,74,62,72,66,54,57,67,63,80,78,80,73,82,58,83,78
[ 372.818716] [AOA] Measurement: 0,1627159114.656846,08:55:31:9b:04:ac,2,1,2,0,128,518,118,205,915,697,11,536,321,745,167,781,148,834,344,474,71,413,905,121,526,411,586,547,453,350,480,74,345,894,351,274,965,81,80,65,78,81,81,76,77,84,81,82,82,76,77,76,75,71,61,71,66,50,53,65,61,78,72,77,70,81,53,82,70
[ 372.861304] [AOA] Measurement: 0,1627159114.699435,08:55:31:9b:04:ac,2,1,2,0,128,970,964,647,727,54,770,962,86,210,985,310,970,867,384,47,281,360,875,125,545,899,403,536,442,759,211,564,179,891,366,198,927,80,78,63,78,80,82,75,77,80,80,79,84,75,75,79,75,72,64,71,68,56,57,69,66,81,77,81,74,82,58,86,79
[ 372.903636] [AOA] Measurement: 0,1627159114.741773,08:55:31:9b:04:ac,2,1,2,0,128,491,132,161,885,140,819,1002,123,212,989,205,932,873,377,414,29,825,694,598,316,906,422,976,196,830,242,598,178,352,196,244,921,79,80,64,80,81,83,76,78,83,82,81,84,76,77,77,76,74,64,71,68,53,56,68,62,80,76,78,73,82,57,85,76
[ 372.947096] [AOA] Measurement: 0,1627159114.785233,08:55:31:9b:04:ac,2,1,2,0,128,510,125,189,886,644,944,989,140,196,967,249,979,915,433,496,94,369,904,117,470,391,549,972,216,794,224,559,182,376,191,884,568,78,78,61,78,80,83,76,77,80,80,81,84,77,77,78,77,73,62,70,66,53,57,67,64,79,76,79,74,83,59,84,76
[ 372.990667] [AOA] Measurement: 0,1627159114.828797,08:55:31:9b:04:ac,2,1,2,0,128,957,932,641,689,151,807,994,145,241,1014,768,124,400,567,945,216,340,858,573,300,379,569,1012,249,805,245,577,160,364,202,832,409,78,79,64,78,80,80,76,75,84,81,82,81,76,75,75,73,70,60,70,65,48,52,64,61,78,71,78,67,79,53,79,69
[ 373.033544] [AOA] Measurement: 0,1627159114.871674,08:55:31:9b:04:ac,2,1,2,0,128,523,133,673,705,150,801,993,135,149,956,231,921,895,384,482,62,775,640,605,310,394,553,985,205,833,294,94,343,373,225,840,503,79,81,64,80,80,82,77,78,82,81,81,82,76,77,77,76,72,62,69,66,53,56,67,62,79,75,79,72,80,56,83,72
[ 373.083725] [AOA] Measurement: 0,1627159114.921857,08:55:31:9b:04:ac,2,1,2,0,128,990,956,718,721,122,776,980,149,787,168,782,129,886,367,476,50,344,855,97,457,865,363,999,229,386,495,125,374,943,385,1017,680,79,79,65,78,80,82,76,73,82,80,83,78,74,74,73,73,66,59,69,61,45,51,62,58,78,69,78,67,77,50,78,66
[ 373.126311] [AOA] Measurement: 0,1627159114.964441,08:55:31:9b:04:ac,2,1,2,0,128,1006,999,204,896,134,783,1020,155,735,156,258,953,857,366,463,61,434,907,119,483,421,569,555,462,321,437,86,363,362,211,462,149,81,79,63,79,78,80,72,77,79,79,81,84,75,75,78,75,73,62,71,68,55,59,68,65,81,77,79,73,81,59,83,79
[ 373.166654] [AOA] Measurement: 0,1627159115.004792,08:55:31:9b:04:ac,2,1,2,0,128,969,958,687,681,684,990,951,130,749,200,249,993,889,391,479,77,322,842,550,268,908,365,567,407,344,446,553,128,942,414,603,286,81,79,64,79,80,83,76,77,81,81,78,81,74,75,79,77,73,62,71,67,53,58,69,62,81,77,79,75,83,58,85,77
[ 373.213599] [AOA] Measurement: 0,1627159115.051730,08:55:31:9b:04:ac,2,1,2,0,128,556,146,160,870,187,832,960,120,186,942,224,967,412,579,448,58,373,864,597,296,879,365,1012,234,810,255,577,180,361,206,100,748,81,80,66,81,80,84,77,80,82,81,80,83,76,76,78,77,73,64,72,66,54,58,69,63,81,78,80,74,82,58,84,77
[ 373.257845] [AOA] Measurement: 0,1627159115.095980,08:55:31:9b:04:ac,2,1,2,0,128,983,954,720,696,83,778,981,127,184,952,161,929,887,369,375,29,804,655,585,305,858,323,981,227,775,225,600,176,943,417,874,522,81,80,64,79,81,81,76,77,83,81,81,83,75,77,76,77,71,61,72,67,53,56,69,63,82,74,79,72,81,57,81,75
[ 373.301803] [AOA] Measurement: 0,1627159115.139937,08:55:31:9b:04:ac,2,1,2,0,128,985,991,158,890,98,782,1001,147,201,989,798,133,369,541,461,70,330,844,588,324,451,591,531,426,368,491,70,305,912,382,335,920,81,80,63,81,80,83,76,79,80,81,80,83,76,76,77,76,74,63,72,68,55,57,69,65,80,78,79,74,83,60,85,78
[ 373.340046] [AOA] Measurement: 0,1627159115.178183,08:55:31:9b:04:ac,2,1,2,0,128,429,100,716,719,163,822,9,206,726,160,816,155,400,567,996,240,354,883,140,507,466,601,526,438,344,509,94,339,967,446,655,231,79,80,65,79,81,82,77,76,81,81,83,83,76,77,75,75,72,60,71,66,52,55,66,63,78,76,79,72,81,55,81,70
[ 373.386805] [AOA] Measurement: 0,1627159115.224938,08:55:31:9b:04:ac,2,1,2,0,128,8,1013,175,868,706,12,545,377,682,112,785,121,395,579,27,272,768,615,651,366,887,402,570,442,327,450,550,148,920,387,701,316,80,80,63,79,80,81,77,78,81,80,81,83,75,76,77,76,73,61,69,68,53,55,68,63,81,77,81,72,81,57,84,75
[ 373.432392] [AOA] Measurement: 0,1627159115.270499,08:55:31:9b:04:ac,2,1,2,0,128,492,145,163,850,610,988,991,180,724,130,259,990,866,369,431,37,863,682,606,287,869,389,537,394,790,234,111,357,952,442,412,20,79,79,64,78,79,81,75,78,81,79,80,83,76,77,78,77,72,63,73,67,54,59,71,65,82,76,79,76,83,59,82,79
[ 373.489846] [AOA] Measurement: 0,1627159115.327980,08:55:31:9b:04:ac,2,1,2,0,128,502,144,243,927,115,805,518,340,733,135,814,156,433,618,984,239,883,723,579,284,809,339,976,240,785,252,589,181,329,160,376,79,79,78,62,78,77,82,74,79,80,80,79,83,75,75,77,75,72,61,70,68,56,58,70,63,79,78,79,72,82,60,86,77
[ 373.527833] [AOA] Measurement: 0,1627159115.365967,08:55:31:9b:04:ac,2,1,2,0,128,490,135,223,913,634,980,558,355,725,160,759,140,430,626,1003,218,363,867,166,542,449,614,530,399,291,424,160,403,960,421,52,576,81,82,64,80,78,82,74,78,80,79,80,83,73,76,77,76,74,61,72,67,55,59,67,64,81,77,79,73,82,58,83,75
[ 373.572205] [AOA] Measurement: 0,1627159115.410343,08:55:31:9b:04:ac,2,1,2,0,128,480,114,223,921,620,955,982,160,219,1009,261,967,408,624,474,86,373,893,134,502,869,363,999,261,797,260,100,388,895,378,711,371,81,78,63,78,78,82,75,78,82,80,79,82,75,76,78,77,74,62,71,69,54,58,69,63,81,77,81,74,83,58,85,78
[ 373.614548] [AOA] Measurement: 0,1627159115.452677,08:55:31:9b:04:ac,2,1,2,0,128,548,174,182,872,674,1017,521,342,786,196,746,136,430,641,976,216,402,893,116,535,449,619,506,417,299,393,107,379,973,420,921,513,81,80,63,79,82,84,74,77,83,81,82,84,77,77,78,76,73,61,71,67,54,57,69,62,82,75,79,72,81,58,82,76
[ 373.666311] [AOA] Measurement: 0,1627159115.504449,08:55:31:9b:04:ac,2,1,2,0,128,526,133,153,868,116,788,38,148,212,1012,757,136,402,603,419,61,308,847,592,317,861,312,1014,211,814,280,45,333,945,413,648,218,71,70,57,68,71,72,69,63,74,70,72,69,65,64,62,62,57,49,59,54,36,42,51,50,67,61,66,56,65,41,64,50
[ 373.710141] [AOA] Measurement: 0,1627159115.548276,08:55:31:9b:04:ac,2,1,2,2,128,526,133,153,868,116,788,38,148,212,1012,757,136,402,603,419,61,308,847,592,317,861,312,1014,211,814,280,45,333,945,413,648,218,81,80,63,79,82,84,74,77,83,81,82,84,77,77,78,76,73,61,71,67,54,57,69,62,82,75,79,72,81,58,82,76
[ 373.758918] [AOA] Measurement: 0,1627159115.597052,08:55:31:9b:04:ac,2,1,2,0,128,540,157,188,936,645,989,531,339,749,143,815,177,407,583,1006,249,395,876,148,514,857,364,625,492,284,426,73,361,988,471,392,947,80,80,64,78,82,82,75,77,84,80,83,83,74,75,76,75,69,60,71,66,52,55,67,62,80,74,79,70,79,55,81,71
[ 373.818973] [AOA] Measurement: 0,1627159115.657109,08:55:31:9b:04:ac,2,1,2,0,128,506,94,674,697,133,804,984,135,190,1005,821,183,460,627,1005,223,407,876,561,291,916,423,981,205,794,237,609,159,938,414,147,875,80,79,64,79,81,81,75,74,81,79,82,79,74,73,75,73,69,59,68,63,48,51,64,61,78,72,77,67,79,52,79,67
[ 373.857640] [AOA] Measurement: 0,1627159115.695777,08:55:31:9b:04:ac,2,1,2,0,128,502,151,199,874,675,1016,524,296,758,167,239,986,448,580,414,53,362,847,582,286,896,423,517,410,305,420,109,356,876,361,976,645,79,79,63,79,79,81,76,78,80,79,80,81,75,73,76,76,72,61,70,66,52,54,69,63,80,75,80,73,79,57,82,74
[ 373.903386] [AOA] Measurement: 0,1627159115.741515,08:55:31:9b:04:ac,2,1,2,0,128,983,969,736,726,88,781,1013,110,258,1016,216,961,905,370,474,95,772,663,602,273,825,331,1017,241,816,263,86,323,339,168,214,936,80,80,65,79,80,82,74,78,81,80,83,85,73,74,77,74,71,60,71,67,53,56,68,63,81,74,79,72,81,56,83,75
[ 373.946378] [AOA] Measurement: 0,1627159115.784508,08:55:31:9b:04:ac,2,1,2,0,128,951,929,669,699,672,989,1000,141,175,993,249,966,415,607,460,60,344,866,595,281,877,367,985,177,779,298,572,160,375,199,272,20,79,81,65,78,82,84,75,76,81,81,81,81,74,75,75,74,71,61,71,64,51,53,65,61,79,73,79,69,79,54,79,69
[ 373.986305] [AOA] Measurement: 0,1627159115.824442,08:55:31:9b:04:ac,2,1,2,0,128,528,174,234,929,636,995,507,343,758,153,805,140,405,575,33,308,334,846,124,515,450,606,526,383,298,402,79,319,376,193,746,397,79,80,65,79,80,83,76,75,83,82,81,84,74,76,77,73,72,60,72,66,52,54,66,62,79,74,77,71,79,54,81,72
[ 374.029098] [AOA] Measurement: 0,1627159115.867235,08:55:31:9b:04:ac,2,1,2,0,128,515,147,242,933,662,967,515,320,184,1006,776,134,399,594,971,265,301,853,571,310,448,573,495,398,313,481,60,311,930,429,434,46,80,80,64,78,80,82,75,76,82,81,81,82,73,76,75,75,72,61,69,66,52,55,66,61,81,76,77,71,79,55,81,73
[ 374.074862] [AOA] Measurement: 0,1627159115.912992,08:55:31:9b:04:ac,2,1,2,0,128,544,136,215,908,124,821,955,142,163,978,787,127,394,554,452,61,826,658,563,265,417,578,555,433,369,455,551,148,405,210,931,649,77,78,64,77,81,82,74,72,81,80,80,76,72,72,72,70,68,59,69,62,46,50,62,60,78,70,78,68,77,50,78,65
[ 374.120848] [AOA] Measurement: 0,1627159115.958977,08:55:31:9b:04:ac,2,1,2,0,128,544,171,247,913,649,982,977,131,772,148,253,989,425,612,1021,251,355,871,116,516,407,560,557,460,333,453,47,321,937,409,927,563,80,78,64,79,79,83,76,76,83,79,83,83,75,77,77,75,73,62,71,67,52,53,66,64,80,76,79,71,81,56,82,72
[ 374.163955] [AOA] Measurement: 0,1627159116.002091,08:55:31:9b:04:ac,2,1,2,0,128,540,156,246,935,731,1022,519,347,754,138,811,161,430,605,16,296,308,881,97,488,845,365,55,282,341,442,128,364,954,414,652,269,79,80,65,79,80,83,75,78,81,81,81,83,73,74,78,77,71,62,70,68,55,58,69,62,79,77,80,74,80,59,84,77
[ 374.207511] [AOA] Measurement: 0,1627159116.045647,08:55:31:9b:04:ac,2,1,2,0,128,504,99,237,907,696,1007,557,350,771,170,737,125,446,602,10,252,334,838,122,461,855,369,1022,271,292,438,112,351,939,396,678,282,80,79,63,78,79,82,76,79,81,80,78,82,75,75,78,75,73,62,71,67,53,58,69,64,79,77,79,72,83,58,84,77
[ 374.250612] [AOA] Measurement: 0,1627159116.088746,08:55:31:9b:04:ac,2,1,2,0,128,986,956,687,705,112,820,1019,174,738,146,762,132,473,635,980,255,301,848,613,314,880,401,1005,223,332,458,553,179,405,205,339,966,82,79,64,79,79,82,76,77,82,81,80,83,74,75,76,75,73,61,70,66,52,56,66,61,81,77,80,73,81,56,82,73
[ 374.293845] [AOA] Measurement: 0,1627159116.131983,08:55:31:9b:04:ac,2,1,2,0,128,507,139,200,878,698,992,978,142,707,135,253,980,370,571,1010,266,332,853,664,381,830,353,976,225,290,405,118,372,978,425,392,1011,80,79,64,79,81,81,75,77,83,80,82,81,74,76,77,73,71,61,68,66,51,54,66,62,80,73,79,71,81,55,81,70
[ 374.340185] [AOA] Measurement: 0,1627159116.178314,08:55:31:9b:04:ac,2,1,2,0,128,510,124,283,939,657,975,526,341,737,151,736,87,921,408,439,56,840,702,145,541,417,588,538,442,354,441,97,353,934,414,722,311,73,73,56,72,73,73,70,70,74,73,75,74,68,67,70,67,65,53,63,60,46,49,59,55,71,68,71,63,72,50,74,66
[ 374.389314] [AOA] Measurement: 0,1627159116.227445,08:55:31:9b:04:ac,2,1,2,0,128,969,921,687,727,727,10,959,105,166,927,224,961,836,338,400,52,794,639,626,286,870,380,563,456,329,432,43,384,947,424,178,845,79,79,62,78,79,81,75,77,82,80,81,82,74,74,77,75,72,60,71,67,54,55,68,63,78,75,78,71,82,57,81,75
[ 374.427598] [AOA] Measurement: 0,1627159116.265735,08:55:31:9b:04:ac,2,1,2,0,128,473,81,259,905,714,39,506,325,763,174,833,161,400,558,1018,275,361,909,141,535,396,568,461,413,378,462,113,392,992,497,386,929,79,79,64,76,80,80,77,72,80,78,81,78,72,72,70,71,66,57,68,62,45,50,61,58,76,70,76,65,77,50,77,61
[ 374.471258] [AOA] Measurement: 0,1627159116.309393,08:55:31:9b:04:ac,2,1,2,0,128,459,89,668,717,174,790,991,149,267,6,212,956,863,395,947,205,380,890,165,532,340,553,16,274,278,394,115,358,952,424,38,606,80,80,64,79,79,83,74,76,82,80,82,82,75,75,78,76,71,62,73,67,53,56,69,64,80,77,80,73,80,57,82,73
[ 374.509101] [AOA] Measurement: 0,1627159116.347235,08:55:31:9b:04:ac,2,1,2,0,128,480,117,281,979,707,1016,428,310,728,174,801,140,372,577,452,16,844,679,647,353,391,586,495,406,296,391,520,123,947,407,539,165,80,79,63,77,79,82,73,78,81,79,79,82,74,72,77,76,73,61,69,66,55,58,68,64,78,76,78,74,81,59,84,79
[ 374.553294] [AOA] Measurement: 0,1627159116.391431,08:55:31:9b:04:ac,2,1,2,0,128,511,134,150,880,147,808,534,346,733,165,833,160,455,646,31,277,324,834,595,286,436,600,550,436,834,287,51,326,898,363,185,753,80,80,65,78,80,81,75,76,82,81,81,82,74,76,77,77,72,62,72,67,52,56,67,61,80,76,80,72,81,57,85,76
[ 374.595226] [AOA] Measurement: 0,1627159116.433356,08:55:31:9b:04:ac,2,1,2,0,128,19,1014,199,902,124,789,502,337,751,148,261,924,902,416,452,66,829,676,597,312,947,400,1005,226,751,240,550,164,422,212,209,934,79,79,63,79,79,81,75,76,80,79,82,82,74,75,76,74,70,60,70,66,51,55,68,62,81,76,79,71,81,57,84,76
[ 374.639157] [AOA] Measurement: 0,1627159116.477287,08:55:31:9b:04:ac,2,1,2,0,128,524,123,207,907,689,996,532,373,752,156,192,936,914,432,483,60,392,872,129,475,365,562,528,410,774,210,533,117,401,219,488,155,80,80,66,79,80,81,75,75,80,79,82,80,73,74,75,74,70,60,69,64,50,51,64,60,79,71,75,67,76,50,79,64
[ 374.681789] [AOA] Measurement: 0,1627159116.519919,08:55:31:9b:04:ac,2,1,2,0,128,986,969,692,709,175,826,512,316,820,187,767,110,436,565,500,67,348,874,114,466,376,561,1000,218,803,235,623,154,329,171,470,119,80,79,64,80,79,82,73,78,82,78,78,82,75,76,76,75,71,63,69,67,52,55,67,64,82,76,79,72,81,56,82,72
[ 374.731690] [AOA] Measurement: 0,1627159116.569820,08:55:31:9b:04:ac,2,1,2,0,128,489,125,215,911,635,976,546,371,759,155,788,114,444,586,1012,259,389,901,154,537,377,573,562,412,304,455,97,367,966,418,569,111,80,78,65,79,81,81,76,76,83,80,81,80,74,76,76,76,72,62,69,66,52,54,68,63,79,74,79,71,78,56,82,72
[ 374.783039] [AOA] Measurement: 0,1627159116.621170,08:55:31:9b:04:ac,2,1,2,0,128,1019,974,709,699,151,825,990,149,205,969,233,961,444,615,486,62,366,871,126,513,880,382,19,224,805,246,542,131,1002,447,927,528,78,80,64,79,81,82,75,76,82,81,81,82,75,74,74,72,71,61,70,66,50,54,65,62,78,72,79,70,79,55,81,69
[ 374.828650] [AOA] Measurement: 0,1627159116.666780,08:55:31:9b:04:ac,2,1,2,0,128,985,969,623,667,121,791,13,196,202,996,197,957,880,380,0,266,321,860,575,302,439,567,571,435,325,417,565,131,371,215,807,549,78,78,65,77,80,81,75,74,82,82,83,82,74,74,76,74,70,59,69,64,50,52,64,60,79,74,78,69,78,53,80,69
[ 374.871453] [AOA] Measurement: 0,1627159116.709590,08:55:31:9b:04:ac,2,1,2,0,128,559,155,217,939,645,975,978,128,150,959,211,946,872,380,515,116,359,876,590,289,868,364,564,466,387,471,79,339,925,404,136,770,78,75,59,75,75,80,72,78,78,77,79,82,72,75,77,76,73,60,69,67,55,59,68,64,79,77,78,74,82,59,84,79
[ 374.909651] [AOA] Measurement: 0,1627159116.747786,08:55:31:9b:04:ac,2,1,2,0,128,514,139,288,953,650,1000,486,293,796,201,837,183,432,597,990,247,360,881,152,528,401,600,544,430,364,453,60,336,927,370,190,857,78,77,62,77,77,79,73,78,81,80,81,83,72,74,76,73,73,63,71,66,54,59,68,64,80,78,78,74,81,58,83,77
[ 374.947835] [AOA] Measurement: 0,1627159116.785969,08:55:31:9b:04:ac,2,1,2,0,128,488,107,694,729,95,794,29,174,777,175,770,110,861,374,443,19,382,876,590,306,837,324,46,253,316,434,100,351,986,421,267,883,80,80,66,80,82,82,75,75,81,81,82,83,73,74,75,74,70,61,70,64,52,54,66,62,79,74,78,70,77,53,80,67
[ 374.991505] [AOA] Measurement: 0,1627159116.829640,08:55:31:9b:04:ac,2,1,2,0,128,518,128,205,908,63,769,1014,161,765,165,809,176,380,562,1001,244,857,674,148,538,390,571,17,247,275,432,108,398,965,457,279,851,78,77,62,78,78,80,74,79,80,79,78,83,73,75,76,74,73,61,70,67,56,57,68,63,80,77,79,74,80,59,84,76
[ 375.035654] [AOA] Measurement: 0,1627159116.873791,08:55:31:9b:04:ac,2,1,2,0,128,511,130,248,947,625,948,1004,162,206,990,265,950,901,392,412,36,827,670,595,302,915,384,14,215,800,269,523,156,364,197,682,415,77,75,60,75,75,79,73,77,77,78,78,83,73,74,77,76,74,62,71,66,54,57,69,64,81,77,79,74,83,58,83,76
[ 375.079223] [AOA] Measurement: 0,1627159116.917354,08:55:31:9b:04:ac,2,1,2,0,128,944,926,723,740,121,809,975,156,211,965,231,970,848,353,451,48,871,696,586,312,416,617,520,415,816,264,592,155,945,415,67,641,79,78,63,78,79,82,76,75,83,80,83,81,74,75,76,74,71,61,70,64,50,53,67,62,79,74,78,70,79,54,80,68
[ 375.121828] [AOA] Measurement: 0,1627159116.959965,08:55:31:9b:04:ac,2,1,2,0,128,505,131,127,835,132,825,957,134,269,6,726,132,395,601,1015,264,326,897,93,470,900,391,1007,205,817,246,613,172,316,157,686,433,80,80,65,79,81,80,76,80,82,81,81,84,76,76,77,77,73,63,71,67,55,56,69,64,81,77,81,73,82,58,84,76
[ 375.159993] [AOA] Measurement: 0,1627159116.998127,08:55:31:9b:04:ac,2,1,2,0,128,499,155,190,896,142,799,7,202,773,167,784,144,424,603,6,258,796,616,612,356,415,571,519,435,273,411,561,117,335,164,1011,664,78,79,63,79,78,82,74,77,82,81,82,83,74,75,77,76,73,62,71,65,53,56,68,63,79,76,77,71,80,55,81,73
[ 375.203700] [AOA] Measurement: 0,1627159117.041836,08:55:31:9b:04:ac,2,1,2,0,128,1011,999,671,685,135,814,11,165,727,116,165,936,917,409,447,23,870,698,98,446,841,307,541,361,816,246,608,173,906,390,438,137,75,72,58,73,70,77,68,76,73,72,73,78,70,71,74,72,73,59,67,64,56,59,70,65,78,75,77,74,78,60,83,81
[ 375.245956] [AOA] Measurement: 0,1627159117.084086,08:55:31:9b:04:ac,2,1,2,0,128,488,126,191,891,106,786,981,123,237,999,218,962,939,392,484,101,373,906,122,511,404,588,539,411,323,443,571,172,931,375,626,286,81,80,63,79,81,82,76,76,80,79,79,82,73,77,76,76,73,62,71,67,54,57,68,64,80,76,80,72,81,58,82,75
[ 375.289676] [AOA] Measurement: 0,1627159117.127806,08:55:31:9b:04:ac,2,1,2,0,128,512,119,210,895,642,981,993,140,160,955,790,150,401,596,27,267,372,884,119,486,412,558,485,351,330,466,563,132,985,440,207,838,80,79,62,77,80,82,76,78,82,79,81,82,75,75,75,72,72,61,70,65,51,55,67,63,80,75,79,71,80,54,82,72
[ 375.332226] [AOA] Measurement: 0,1627159117.170357,08:55:31:9b:04:ac,2,1,2,0,128,919,905,731,717,132,779,975,124,198,990,219,964,879,388,373,11,791,661,653,363,370,573,999,166,816,251,548,139,413,198,716,452,79,77,63,77,78,82,75,78,81,81,81,83,75,76,76,75,72,63,70,68,53,57,67,64,80,76,81,73,82,58,84,77
[ 375.380317] [AOA] Measurement: 0,1627159117.218454,08:55:31:9b:04:ac,2,1,2,0,128,544,162,189,906,682,988,543,312,765,149,753,125,440,595,995,246,300,797,618,320,866,366,575,463,346,474,143,373,897,389,216,826,78,77,62,78,78,81,74,78,79,78,79,83,75,75,77,76,72,61,70,68,55,60,71,63,79,77,79,73,82,60,84,77
[ 375.418715] [AOA] Measurement: 0,1627159117.256850,08:55:31:9b:04:ac,2,1,2,0,128,438,100,233,903,647,978,545,338,744,120,232,973,872,368,468,73,392,906,155,550,409,562,579,436,356,448,61,297,323,167,394,51,79,80,65,79,82,84,76,78,84,82,81,82,75,77,77,75,73,62,72,67,53,57,67,62,81,77,81,74,80,57,83,76
[ 375.462738] [AOA] Measurement: 0,1627159117.300868,08:55:31:9b:04:ac,2,1,2,0,128,520,152,682,704,112,797,995,141,209,1005,217,980,877,392,467,53,855,719,109,480,439,596,449,359,359,449,570,209,951,414,102,747,81,80,66,78,80,82,76,76,81,82,81,83,75,75,76,75,71,62,70,67,52,56,68,61,81,75,80,72,82,55,80,73
[ 375.517059] [AOA] Measurement: 0,1627159117.355196,08:55:31:9b:04:ac,2,1,2,0,128,499,190,241,926,646,982,495,299,788,183,781,104,458,624,55,254,404,901,156,531,362,545,964,180,789,239,541,119,999,410,898,474,80,79,63,79,79,82,75,78,82,82,80,82,74,75,75,76,72,63,71,69,55,55,69,64,80,76,79,74,80,58,82,74
[ 375.560231] [AOA] Measurement: 0,1627159117.398361,08:55:31:9b:04:ac,2,1,2,0,128,544,146,160,845,686,1010,488,337,751,163,763,145,414,586,445,51,398,897,86,500,450,598,603,452,324,458,80,370,914,401,334,906,81,78,65,79,78,82,74,77,81,78,80,82,72,75,77,76,75,61,70,67,53,57,68,64,81,76,79,74,81,58,82,77
[ 375.602941] [AOA] Measurement: 0,1627159117.441071,08:55:31:9b:04:ac,2,1,2,0,128,975,956,200,906,661,994,982,128,755,152,770,133,401,542,527,91,803,686,606,292,875,346,4,241,815,269,124,351,974,426,146,831,79,80,65,79,81,81,75,74,82,79,82,81,71,75,74,71,69,60,69,63,49,51,62,61,77,73,78,67,78,50,79,65
[ 375.652771] [AOA] Measurement: 0,1627159117.490902,08:55:31:9b:04:ac,2,1,2,0,128,952,947,709,721,96,787,985,125,159,969,764,115,840,376,435,31,817,686,648,339,401,544,951,200,747,224,542,124,925,419,968,617,79,79,63,78,79,82,74,76,78,79,79,82,73,75,77,76,71,63,70,68,55,55,69,64,81,77,79,74,82,58,84,76
[ 375.707198] [AOA] Measurement: 0,1627159117.545335,08:55:31:9b:04:ac,2,1,2,0,128,578,167,633,680,150,810,7,176,180,958,801,174,419,624,995,267,326,861,100,482,432,600,493,421,310,418,554,155,900,373,616,245,81,79,64,80,80,82,75,79,80,79,83,83,76,74,78,75,73,62,71,67,53,58,69,64,82,76,79,71,80,57,83,76
[ 375.750313] [AOA] Measurement: 0,1627159117.588443,08:55:31:9b:04:ac,2,1,2,0,128,498,101,179,915,631,958,955,127,243,10,749,116,896,393,52,296,347,933,125,495,452,641,558,410,283,429,116,312,949,460,939,558,77,79,65,76,81,83,76,76,83,82,82,81,75,74,74,74,69,62,72,65,49,54,65,61,80,73,80,70,77,53,78,68
[ 375.792676] [AOA] Measurement: 0,1627159117.630807,08:55:31:9b:04:ac,2,1,2,0,128,513,107,662,670,150,809,545,339,717,132,794,143,409,575,1011,240,370,880,149,522,457,619,561,424,310,406,177,418,974,460,318,890,79,80,63,79,81,80,75,76,80,82,83,82,74,76,77,75,71,61,70,66,52,54,67,62,80,74,80,71,82,56,84,73
[ 375.844228] [AOA] Measurement: 0,1627159117.682359,08:55:31:9b:04:ac,2,1,2,0,128,526,134,253,904,654,980,523,362,729,158,788,154,431,607,988,228,400,866,60,456,427,590,508,408,326,427,103,359,920,420,1010,629,72,70,57,73,72,77,70,76,76,75,74,81,70,73,77,72,73,60,68,64,54,58,69,64,78,76,76,74,80,58,81,80
[ 375.894249] [AOA] Measurement: 0,1627159117.732379,08:55:31:9b:04:ac,2,1,2,0,128,556,150,265,958,705,1023,471,303,742,132,769,124,887,420,1003,209,358,879,133,495,391,559,534,438,283,418,112,321,411,224,732,397,79,79,64,77,80,81,76,74,82,82,81,79,76,73,74,74,69,59,70,65,48,52,63,62,78,74,79,69,79,52,79,67
[ 375.938303] [AOA] Measurement: 0,1627159117.776439,08:55:31:9b:04:ac,2,1,2,0,128,510,129,194,904,68,788,978,121,174,976,239,980,881,358,448,67,414,939,119,480,436,595,536,389,340,459,60,336,931,392,734,379,79,79,62,78,79,82,76,78,81,81,80,81,74,74,77,74,72,62,70,66,54,57,68,63,79,76,78,72,80,57,81,73
[ 375.982038] [AOA] Measurement: 0,1627159117.820174,08:55:31:9b:04:ac,2,1,2,0,128,512,147,209,924,626,977,484,307,294,32,758,127,438,638,975,237,363,883,658,345,454,610,524,438,324,434,94,329,941,430,678,258,80,79,65,78,80,81,74,74,81,81,81,83,76,75,76,76,73,61,72,67,54,57,67,63,80,76,79,73,83,58,82,74
[ 376.031923] [AOA] Measurement: 0,1627159117.870053,08:55:31:9b:04:ac,2,1,2,0,128,1007,970,655,687,726,35,478,321,740,134,196,914,938,417,400,1023,803,661,593,286,894,373,946,216,796,230,540,134,324,175,543,293,80,80,64,79,81,82,76,75,83,82,81,83,76,76,77,75,72,62,70,66,51,54,66,61,80,74,80,70,81,55,80,71
[ 376.082678] [AOA] Measurement: 0,1627159117.920808,08:55:31:9b:04:ac,2,1,2,0,128,495,156,238,948,650,951,515,334,124,929,234,978,890,392,479,73,333,872,140,489,366,536,980,214,841,264,555,130,353,193,605,314,81,78,62,78,77,82,73,79,80,79,81,82,75,74,76,75,72,61,72,67,54,56,70,64,80,76,79,73,82,58,82,76
[ 376.126721] [AOA] Measurement: 0,1627159117.964858,08:55:31:9b:04:ac,2,1,2,0,128,537,135,215,911,630,951,1019,167,753,159,248,951,426,604,496,66,808,695,570,294,394,572,3,221,338,458,18,303,960,441,843,423,72,72,56,71,70,75,69,70,75,73,73,76,68,68,70,68,65,54,65,61,48,51,62,57,73,68,72,66,73,52,77,70
[ 376.168906] [AOA] Measurement: 0,1627159118.007036,08:55:31:9b:04:ac,2,1,2,0,128,999,981,255,928,652,995,1016,164,206,977,236,980,939,440,951,199,341,902,135,548,384,553,587,425,339,452,47,327,431,227,358,92,79,78,66,80,83,82,74,77,82,80,83,82,72,75,75,75,71,60,70,66,51,55,67,63,80,73,78,69,80,55,81,69
[ 376.207026] [AOA] Measurement: 0,1627159118.045161,08:55:31:9b:04:ac,2,1,2,0,128,1007,979,174,880,111,764,998,148,229,1007,212,965,874,379,485,48,853,682,576,286,913,369,1017,209,760,227,598,180,431,226,785,464,81,79,65,78,78,81,77,77,81,81,81,82,75,76,77,76,72,62,71,67,49,55,65,62,80,74,79,70,80,55,81,72
[ 376.248605] [AOA] Measurement: 0,1627159118.086736,08:55:31:9b:04:ac,2,1,2,0,128,514,175,157,874,671,1009,507,347,761,131,773,129,863,383,45,271,358,866,164,550,328,513,528,421,351,451,628,207,326,174,320,12,72,73,58,70,73,75,70,67,76,72,74,74,66,67,70,66,64,54,63,59,46,47,60,56,73,67,71,65,73,49,76,65
[ 376.287044] [AOA] Measurement: 0,1627159118.125181,08:55:31:9b:04:ac,2,1,2,0,128,984,950,655,719,119,786,1002,144,209,1011,242,967,858,405,473,47,366,883,601,313,886,364,1008,227,752,219,612,236,928,383,50,763,80,79,63,81,81,83,75,78,83,82,82,84,76,76,78,77,73,62,72,67,53,58,68,64,80,76,81,74,81,57,84,75
[ 376.331149] [AOA] Measurement: 0,1627159118.169285,08:55:31:9b:04:ac,2,1,2,0,128,527,169,240,913,635,982,979,111,763,172,281,1016,355,569,406,30,811,658,670,352,921,393,33,250,805,250,562,165,388,187,165,828,75,72,57,74,71,77,70,76,75,74,76,80,71,74,77,75,73,61,68,67,57,59,69,63,76,76,76,73,80,60,83,82
[ 376.374958] [AOA] Measurement: 0,1627159118.213093,08:55:31:9b:04:ac,2,1,2,0,128,563,180,145,878,138,813,513,336,784,164,758,99,470,621,15,243,321,846,96,474,438,597,563,468,289,450,135,413,913,400,46,689,77,79,62,79,78,81,75,79,78,79,79,83,74,73,78,77,73,61,68,68,56,59,70,65,81,79,80,74,81,61,85,82
[ 376.425969] [AOA] Measurement: 0,1627159118.264103,08:55:31:9b:04:ac,2,1,2,0,128,954,969,703,741,676,995,525,354,213,987,776,139,474,593,1011,274,349,853,108,507,400,564,535,412,328,458,91,337,935,388,869,581,81,79,64,79,78,81,76,77,82,82,80,81,73,75,75,73,71,59,71,64,50,53,67,60,79,73,78,69,79,52,77,66
[ 376.469489] [AOA] Measurement: 0,1627159118.307625,08:55:31:9b:04:ac,2,1,2,0,128,483,125,683,736,135,825,500,330,756,148,832,178,345,560,484,52,378,882,95,460,911,362,1001,219,793,254,560,174,961,419,148,817,80,76,61,76,79,80,75,76,82,80,78,82,76,76,77,74,73,62,71,67,52,55,68,62,79,74,77,69,81,57,82,70
[ 376.507376] [AOA] Measurement: 0,1627159118.345513,08:55:31:9b:04:ac,2,1,2,0,128,519,113,209,881,684,986,530,321,768,166,824,139,435,549,1009,247,350,864,124,535,417,555,980,228,786,240,69,340,404,180,998,588,79,79,63,80,79,82,77,76,83,82,82,82,74,75,76,76,71,60,70,66,51,55,67,61,81,77,78,72,79,57,83,74
[ 376.550489] [AOA] Measurement: 0,1627159118.388626,08:55:31:9b:04:ac,2,1,2,0,128,545,193,174,905,646,1001,454,296,752,138,772,127,880,374,1007,223,800,613,653,376,908,388,566,436,292,447,76,348,932,405,784,413,79,79,64,79,81,81,76,76,82,81,81,79,76,75,75,74,71,61,70,64,50,53,66,59,77,72,77,69,79,54,79,67
[ 376.589015] [AOA] Measurement: 0,1627159118.427152,08:55:31:9b:04:ac,2,1,2,0,128,517,156,215,862,652,970,509,310,751,190,760,110,429,599,495,83,331,875,119,522,825,354,980,201,379,467,595,171,891,382,434,70,79,80,65,80,81,82,76,75,81,80,83,83,76,77,77,75,73,62,71,67,52,56,68,63,80,75,80,71,80,56,82,73
[ 376.633101] [AOA] Measurement: 0,1627159118.471231,08:55:31:9b:04:ac,2,1,2,0,128,485,92,158,915,114,805,973,136,740,157,822,151,412,577,0,254,378,872,619,317,905,401,530,406,849,276,99,323,924,424,920,654,79,79,64,77,78,82,76,77,82,81,78,83,73,76,73,75,73,63,70,67,54,57,68,64,81,75,79,72,80,57,84,75
[ 376.682999] [AOA] Measurement: 0,1627159118.521130,08:55:31:9b:04:ac,2,1,2,0,128,992,983,713,779,115,813,996,135,199,965,248,975,904,416,427,34,811,646,588,289,886,389,486,402,819,275,87,330,376,190,904,614,78,78,63,79,78,81,73,79,82,80,82,84,75,74,77,77,71,63,72,67,54,58,69,64,82,76,79,74,81,58,83,76
[ 376.727067] [AOA] Measurement: 0,1627159118.565203,08:55:31:9b:04:ac,2,1,2,0,128,521,159,237,940,692,989,539,370,751,179,740,79,416,566,988,179,886,737,590,288,424,566,959,215,781,248,577,166,432,212,904,502,80,79,63,78,81,81,74,76,83,81,81,82,74,75,77,74,71,61,70,66,51,53,67,61,79,74,80,71,81,54,82,72
[ 376.770889] [AOA] Measurement: 0,1627159118.609023,08:55:31:9b:04:ac,2,1,2,0,128,478,133,201,866,79,796,1014,136,237,1000,264,985,905,414,481,42,356,852,599,318,893,398,525,417,291,414,132,350,959,431,340,964,79,80,65,77,78,82,74,79,81,81,81,83,75,76,76,77,71,62,71,66,53,56,67,64,80,75,79,72,81,57,83,74
[ 376.815207] [AOA] Measurement: 0,1627159118.653344,08:55:31:9b:04:ac,2,1,2,0,128,516,126,188,871,162,841,551,359,754,171,761,137,419,581,42,301,327,832,129,492,402,552,548,394,821,286,22,310,946,414,486,87,82,79,66,79,81,82,76,76,84,83,83,82,75,77,77,76,72,63,70,66,53,54,67,62,79,75,78,70,81,55,80,69
[ 376.858783] [AOA] Measurement: 0,1627159118.696913,08:55:31:9b:04:ac,2,1,2,0,128,995,975,159,894,161,784,1,160,243,1010,761,89,443,582,454,74,384,848,162,520,358,548,527,404,321,393,504,99,382,199,90,770,80,79,64,78,80,82,76,77,82,78,80,80,75,75,75,74,71,61,71,65,50,52,64,60,78,71,78,69,77,53,78,67
[ 376.901209] [AOA] Measurement: 0,1627159118.739339,08:55:31:9b:04:ac,2,1,2,0,128,499,127,233,915,638,984,992,131,190,968,172,933,856,379,460,47,822,695,582,255,378,543,4,227,776,235,560,134,373,206,87,846,80,78,60,77,76,80,72,78,79,79,77,81,72,75,78,74,73,62,69,68,55,58,68,64,80,76,79,73,82,59,84,77
[ 376.943638] [AOA] Measurement: 0,1627159118.781775,08:55:31:9b:04:ac,2,1,2,0,128,547,161,190,910,689,0,488,310,740,147,826,167,451,613,987,268,389,859,609,349,907,384,1022,274,390,497,121,343,927,411,765,383,82,79,62,81,79,83,75,79,78,81,81,84,76,76,77,77,76,63,71,68,57,60,70,65,80,78,80,75,82,59,84,81
[ 376.986377] [AOA] Measurement: 0,1627159118.824514,08:55:31:9b:04:ac,2,1,2,0,128,973,947,228,927,103,816,970,131,760,203,742,137,859,347,415,30,872,696,66,472,453,613,537,474,289,434,78,308,406,240,143,783,78,79,65,76,81,82,77,73,83,82,82,79,75,73,72,72,69,60,68,63,47,52,63,60,78,70,75,68,77,50,76,62
[ 377.030562] [AOA] Measurement: 0,1627159118.868692,08:55:31:9b:04:ac,2,1,2,0,128,512,108,190,881,674,996,503,333,774,173,775,135,391,591,7,267,318,825,152,539,338,531,533,421,795,271,597,186,942,438,1014,601,79,78,62,78,80,81,74,78,81,80,81,83,74,75,76,74,73,63,70,67,52,55,67,63,80,75,78,71,80,58,83,74
[ 377.081372] [AOA] Measurement: 0,1627159118.919502,08:55:31:9b:04:ac,2,1,2,0,128,535,161,238,940,641,965,545,358,776,155,235,948,861,370,467,73,824,664,599,313,420,541,562,392,308,451,74,347,870,384,988,648,78,79,64,78,79,82,73,78,81,79,80,83,75,74,78,75,73,64,70,66,54,58,67,62,81,77,80,73,81,57,83,76
[ 377.124022] [AOA] Measurement: 0,1627159118.962152,08:55:31:9b:04:ac,2,1,2,0,128,1012,961,629,706,120,799,488,331,195,992,254,948,921,409,0,250,804,647,580,314,876,390,958,217,785,244,521,117,361,254,246,943,78,79,65,78,79,81,75,74,82,80,80,81,74,74,74,74,71,60,69,63,48,51,62,62,78,73,77,69,78,52,80,65
[ 377.162682] [AOA] Measurement: 0,1627159119.000820,08:55:31:9b:04:ac,2,1,2,0,128,484,89,218,931,660,1023,476,313,715,125,231,978,867,410,479,100,299,819,107,511,466,625,484,378,330,428,59,319,386,210,636,320,81,79,64,78,77,81,75,77,82,81,79,82,73,76,77,75,74,61,70,66,52,57,69,63,80,76,80,75,83,59,85,77
[ 377.207036] [AOA] Measurement: 0,1627159119.045173,08:55:31:9b:04:ac,2,1,2,0,128,1008,983,695,695,119,776,984,61,211,976,270,995,394,560,459,41,803,647,582,304,892,398,19,251,333,460,75,319,397,177,994,666,80,78,64,78,78,81,74,77,80,80,79,79,75,73,77,74,73,62,71,66,52,57,68,63,81,76,79,72,80,58,83,75
[ 377.249685] [AOA] Measurement: 0,1627159119.087815,08:55:31:9b:04:ac,2,1,2,0,128,493,105,727,770,119,802,559,353,769,176,757,114,446,604,1016,273,323,849,107,531,386,575,571,496,333,498,118,368,933,412,215,863,78,76,65,78,81,82,75,73,82,81,79,80,72,74,72,70,66,58,68,61,46,49,61,58,77,72,76,67,77,52,76,64
[ 377.293832] [AOA] Measurement: 0,1627159119.131970,08:55:31:9b:04:ac,2,1,2,0,128,563,168,655,697,78,779,1007,131,216,3,738,102,871,370,478,59,803,674,565,309,873,379,1022,243,812,240,59,346,346,199,64,649,79,79,63,77,78,80,73,78,80,78,79,83,73,76,78,76,73,62,72,68,55,58,70,64,78,75,78,73,82,59,83,77
[ 377.336047] [AOA] Measurement: 0,1627159119.174178,08:55:31:9b:04:ac,2,1,2,0,128,4,969,651,660,126,797,980,99,247,986,222,984,368,564,477,58,757,609,661,330,846,356,998,210,338,483,596,173,898,360,689,323,80,79,63,79,81,82,76,78,83,81,79,81,75,76,77,76,73,63,70,66,52,56,67,63,81,77,79,72,82,58,83,74
[ 377.380250] [AOA] Measurement: 0,1627159119.218386,08:55:31:9b:04:ac,2,1,2,0,128,8,15,185,888,670,1016,972,139,216,961,253,963,883,377,435,41,783,635,615,299,412,609,1018,281,320,421,544,160,933,408,315,930,80,79,66,78,80,81,76,74,83,80,83,81,74,74,73,72,69,59,69,64,48,50,63,58,77,69,74,68,77,50,77,63
[ 377.418173] [AOA] Measurement: 0,1627159119.256309,08:55:31:9b:04:ac,2,1,2,0,128,516,150,228,922,91,782,946,153,758,180,738,106,438,613,995,252,379,890,151,525,458,599,997,237,378,470,115,384,910,411,493,138,80,81,65,80,80,82,75,76,82,81,82,82,74,75,76,75,71,61,71,66,53,55,66,63,79,75,80,72,80,57,81,74
[ 377.461992] [AOA] Measurement: 0,1627159119.300129,08:55:31:9b:04:ac,2,1,2,0,128,494,110,220,885,662,993,470,318,735,131,750,142,400,576,1022,272,360,874,112,493,385,578,510,434,380,506,170,396,912,428,580,198,80,78,63,78,77,81,73,79,80,79,81,82,74,73,78,74,72,61,70,67,54,57,68,64,79,77,81,72,83,57,84,76
[ 377.510796] [AOA] Measurement: 0,1627159119.348934,08:55:31:9b:04:ac,2,1,2,0,128,574,210,216,911,660,986,524,351,758,152,737,121,413,574,35,269,359,898,102,535,440,578,518,428,304,423,134,359,934,395,524,88,79,80,65,78,83,83,75,74,82,80,82,82,73,74,75,75,69,60,70,65,48,52,65,61,77,72,77,67,79,52,78,67
[ 377.549450] [AOA] Measurement: 0,1627159119.387582,08:55:31:9b:04:ac,2,1,2,0,128,511,138,163,891,650,953,550,371,721,134,800,135,420,583,468,58,331,866,167,532,346,552,606,445,277,393,611,198,913,410,242,917,79,81,64,79,80,83,76,73,83,80,82,81,73,75,74,74,69,58,69,63,48,54,63,61,80,72,77,67,78,52,81,67
[ 377.593439] [AOA] Measurement: 0,1627159119.431571,08:55:31:9b:04:ac,2,1,2,0,128,545,156,212,937,676,1,468,299,212,962,820,150,366,553,450,24,317,832,584,294,405,557,621,484,280,440,580,168,345,165,256,920,79,78,65,78,80,82,74,74,83,78,81,82,75,76,74,73,71,59,69,66,49,54,65,61,79,73,78,70,78,53,78,69
[ 377.642993] [AOA] Measurement: 0,1627159119.481124,08:55:31:9b:04:ac,2,1,2,0,128,516,145,185,913,97,789,1011,117,239,1021,251,980,445,606,501,76,358,866,141,534,413,597,523,437,297,418,544,195,322,186,178,826,79,79,64,78,79,80,75,77,82,80,79,84,75,75,77,76,71,62,69,68,53,56,69,63,81,76,81,74,81,58,82,76
[ 377.688786] [AOA] Measurement: 0,1627159119.526924,08:55:31:9b:04:ac,2,1,2,0,128,494,145,229,887,110,822,929,91,178,975,238,955,884,387,424,32,891,680,607,318,405,593,523,388,312,445,86,349,360,162,991,633,80,79,65,77,81,81,76,78,82,80,81,83,73,75,78,75,72,61,71,67,52,55,68,62,81,74,80,73,80,56,83,72
[ 377.732727] [AOA] Measurement: 0,1627159119.570862,08:55:31:9b:04:ac,2,1,2,0,128,478,137,692,750,135,806,988,128,787,156,203,945,901,361,398,36,838,662,602,302,358,503,7,243,377,445,542,125,410,227,177,883,80,80,64,79,81,82,76,78,81,79,81,83,75,76,77,74,72,63,72,68,52,56,69,62,81,75,82,72,81,58,83,75
[ 377.782204] [AOA] Measurement: 0,1627159119.620334,08:55:31:9b:04:ac,2,1,2,0,128,511,137,202,915,666,1007,485,341,744,111,783,136,399,573,499,92,828,659,655,347,411,588,488,387,784,218,595,175,951,416,513,188,79,77,62,79,79,83,75,79,79,78,80,83,75,77,77,75,72,62,71,68,55,58,69,65,82,76,79,73,82,58,83,79
[ 377.832222] [AOA] Measurement: 0,1627159119.670352,08:55:31:9b:04:ac,2,1,2,0,128,542,130,264,938,664,998,482,327,722,152,784,137,378,564,486,68,811,666,604,292,461,617,576,409,268,397,182,396,965,404,1001,548,78,76,61,78,78,79,72,78,77,78,80,83,73,73,77,76,71,63,70,67,55,58,70,66,78,77,79,74,82,60,83,79
[ 377.877045] [AOA] Measurement: 0,1627159119.715180,08:55:31:9b:04:ac,2,1,2,0,128,505,129,212,902,663,1013,556,353,742,150,771,125,873,392,498,67,348,844,570,334,452,623,523,412,792,239,90,335,925,385,311,969,72,70,57,72,71,73,66,70,74,72,74,74,68,69,70,68,65,54,64,60,47,48,60,55,72,66,70,65,74,51,75,68
[ 377.919510] [AOA] Measurement: 0,1627159119.757640,08:55:31:9b:04:ac,2,1,2,0,128,526,132,236,918,647,972,522,328,767,164,815,136,445,631,1006,229,349,841,596,325,488,611,575,462,327,456,67,333,938,427,351,917,79,77,62,77,79,80,74,78,82,81,82,84,76,75,78,76,73,62,70,67,53,56,69,61,80,75,79,73,82,57,84,75
[ 377.958355] [AOA] Measurement: 0,1627159119.796493,08:55:31:9b:04:ac,2,1,2,0,128,523,161,178,914,737,1021,950,158,222,1002,843,181,400,578,1000,265,381,865,105,494,874,378,1010,239,875,291,510,111,408,217,433,89,80,79,63,80,79,82,74,76,82,81,81,84,76,78,76,75,73,62,72,66,52,56,68,63,81,76,81,73,82,58,83,75
[ 378.003056] [AOA] Measurement: 0,1627159119.841190,08:55:31:9b:04:ac,2,1,2,0,128,971,970,689,694,161,836,2,135,253,14,217,961,427,569,494,79,811,673,569,325,854,400,981,179,401,503,97,361,900,387,995,618,79,77,61,77,77,81,73,78,80,79,82,83,74,76,76,76,74,60,70,68,54,56,68,62,79,76,80,72,80,59,82,77
[ 378.052221] [AOA] Measurement: 0,1627159119.890352,08:55:31:9b:04:ac,2,1,2,0,128,536,184,217,906,675,986,522,330,693,90,269,982,415,589,1005,209,368,889,109,498,861,391,554,430,332,476,12,314,970,415,231,844,81,79,64,78,81,82,74,76,81,81,79,79,74,77,77,75,71,60,69,66,49,55,68,63,79,72,80,71,81,54,81,70
[ 378.101774] [AOA] Measurement: 0,1627159119.939905,08:55:31:9b:04:ac,2,1,2,0,128,531,189,185,912,648,972,509,328,756,171,786,148,371,554,59,285,311,830,611,314,415,556,562,457,337,466,83,359,940,419,812,471,80,79,63,79,79,84,75,79,83,79,81,83,76,76,78,76,73,63,71,67,55,57,69,65,81,78,79,74,82,60,84,78
[ 378.146221] [AOA] Measurement: 0,1627159119.984359,08:55:31:9b:04:ac,2,1,2,0,128,17,996,236,955,661,1017,539,288,179,975,772,119,353,496,491,50,861,670,108,494,423,595,574,436,269,424,105,372,921,401,109,744,80,79,66,79,81,83,76,77,81,80,83,82,76,76,76,74,71,61,71,66,50,53,66,62,79,73,78,71,81,55,81,72
[ 378.190009] [AOA] Measurement: 0,1627159120.028143,08:55:31:9b:04:ac,2,1,2,0,128,984,949,730,733,682,975,547,306,772,173,792,140,409,592,23,250,334,865,169,503,436,606,549,420,319,419,97,370,930,411,458,87,65,64,50,63,65,66,61,64,66,66,66,67,60,60,63,60,58,48,57,53,41,44,55,51,63,60,64,59,66,45,67,61
[ 378.233498] [AOA] Measurement: 0,1627159120.071635,08:55:31:9b:04:ac,2,1,2,0,128,1008,966,702,714,710,1018,506,321,759,131,792,115,400,566,983,211,323,836,104,474,422,596,491,402,287,439,124,383,924,360,443,988,79,78,64,77,78,79,75,77,82,81,79,83,75,75,77,75,73,61,70,68,54,57,68,63,80,74,78,72,80,56,82,75
[ 378.275956] [AOA] Measurement: 0,1627159120.114087,08:55:31:9b:04:ac,2,1,2,0,128,960,965,753,751,80,772,1002,139,231,1016,271,973,868,382,439,41,761,646,186,519,391,559,13,261,818,277,599,176,972,408,870,534,79,77,62,79,79,80,72,76,81,78,78,83,75,75,78,74,73,62,69,67,52,56,68,62,80,76,80,72,83,58,84,76
[ 378.318582] [AOA] Measurement: 0,1627159120.156718,08:55:31:9b:04:ac,2,1,2,0,128,531,139,657,702,106,815,945,128,225,1013,746,125,825,346,517,100,353,899,155,598,382,572,936,196,351,435,85,358,391,219,172,875,80,77,63,79,78,80,75,80,80,79,79,83,75,75,78,76,74,63,70,68,54,58,69,65,80,76,79,74,83,60,83,80
[ 378.356685] [AOA] Measurement: 0,1627159120.194822,08:55:31:9b:04:ac,2,1,2,0,128,492,120,202,905,685,988,1017,136,228,981,794,107,445,590,992,213,362,876,83,523,433,603,578,396,324,451,70,374,362,195,805,440,79,78,64,79,79,82,75,76,82,81,81,83,76,76,77,74,72,62,70,66,53,56,69,64,81,75,79,71,82,57,81,73
[ 378.398872] [AOA] Measurement: 0,1627159120.237002,08:55:31:9b:04:ac,2,1,2,0,128,1005,952,689,704,690,9,540,361,694,132,766,132,871,407,497,87,339,852,106,495,862,351,1014,219,868,306,120,379,914,404,952,638,79,79,65,78,80,82,76,78,81,81,79,82,74,77,77,75,72,62,72,66,54,57,70,64,79,77,80,72,82,58,83,77
[ 378.437091] [AOA] Measurement: 0,1627159120.275228,08:55:31:9b:04:ac,2,1,2,0,128,556,146,176,884,700,1011,467,324,793,174,750,118,384,576,462,64,793,649,584,274,914,369,525,427,767,247,555,146,375,198,454,99,80,80,65,81,80,83,77,77,83,79,82,82,74,75,74,73,71,60,70,64,48,54,66,61,80,73,78,69,79,53,80,70
[ 378.478116] [AOA] Measurement: 0,1627159120.316246,08:55:31:9b:04:ac,2,1,2,0,128,534,154,243,923,705,994,530,358,807,193,828,128,372,563,1010,275,348,861,143,510,375,532,579,449,314,441,614,198,924,355,337,977,64,63,51,63,65,66,62,64,65,65,64,66,60,60,62,61,58,51,57,53,44,46,55,50,64,61,63,61,66,48,69,63
[ 378.523077] [AOA] Measurement: 0,1627159120.361215,08:55:31:9b:04:ac,2,1,2,0,128,517,154,180,912,665,1002,540,339,715,149,252,1006,883,405,1009,259,339,876,614,339,859,382,8,196,812,291,74,340,432,283,839,491,78,77,61,77,76,79,72,78,79,77,78,81,74,74,78,75,73,63,70,66,53,57,68,64,79,75,76,73,81,60,81,80
[ 378.565828] [AOA] Measurement: 0,1627159120.403959,08:55:31:9b:04:ac,2,1,2,0,128,520,119,257,916,669,989,1003,156,753,145,264,973,421,586,39,258,349,871,164,542,393,556,509,400,296,416,571,157,902,369,951,574,81,78,65,78,78,82,75,78,82,81,81,83,77,75,78,76,72,62,72,68,51,56,67,62,80,75,79,73,80,56,84,74
[ 378.609689] [AOA] Measurement: 0,1627159120.447820,08:55:31:9b:04:ac,2,1,2,0,128,506,146,171,888,131,807,499,318,760,181,784,120,868,365,463,43,363,858,624,347,326,517,504,395,343,431,570,191,381,201,802,503,79,79,65,78,81,82,77,72,82,81,82,80,73,74,72,72,69,60,69,63,48,50,63,60,79,71,78,68,78,52,79,67
[ 378.652354] [AOA] Measurement: 0,1627159120.490491,08:55:31:9b:04:ac,2,1,2,0,128,506,159,187,879,690,1006,472,310,780,165,762,117,379,563,10,241,818,656,140,542,861,386,972,236,315,438,114,391,935,418,738,318,74,74,59,76,74,78,70,78,76,75,76,82,70,73,78,74,74,63,70,67,58,60,70,64,79,77,78,74,82,60,83,80
[ 378.695936] [AOA] Measurement: 0,1627159120.534073,08:55:31:9b:04:ac,2,1,2,0,128,1021,1001,218,885,90,814,975,154,218,962,238,966,917,427,2,282,338,857,604,279,411,547,529,424,290,424,547,150,350,207,939,599,74,71,55,73,69,77,68,76,75,73,73,80,72,72,75,71,72,60,66,65,55,59,70,64,78,73,77,73,80,61,83,80
[ 378.740785] [AOA] Measurement: 0,1627159120.578916,08:55:31:9b:04:ac,2,1,2,0,128,965,975,214,926,154,789,931,61,200,972,212,949,968,400,436,22,845,688,671,347,416,546,492,404,784,250,604,184,954,402,480,97,80,79,64,79,78,82,75,77,82,78,82,82,74,75,77,74,74,61,71,66,54,56,69,62,81,76,79,72,81,58,84,75
[ 378.791217] [AOA] Measurement: 0,1627159120.629347,08:55:31:9b:04:ac,2,1,2,0,128,522,132,244,922,661,981,1009,184,753,181,838,160,386,554,13,260,368,888,138,531,418,547,498,389,339,444,101,370,372,205,974,638,79,79,65,77,81,83,76,78,81,80,81,82,75,75,75,75,71,61,71,65,53,55,68,62,81,76,81,71,81,55,83,73
[ 378.836487] [AOA] Measurement: 0,1627159120.674624,08:55:31:9b:04:ac,2,1,2,0,128,974,945,226,907,728,18,469,341,757,175,801,160,416,580,9,295,296,824,622,327,328,533,988,194,319,439,97,337,925,403,999,702,78,78,65,76,81,80,76,72,82,79,81,76,72,72,73,72,66,59,69,62,44,50,61,59,75,69,76,65,77,50,76,63
[ 378.874388] [AOA] Measurement: 0,1627159120.712522,08:55:31:9b:04:ac,2,1,2,0,128,568,177,172,891,121,792,475,286,231,1013,201,962,375,560,477,80,752,603,691,387,865,366,1006,234,343,455,576,185,951,418,602,275,79,80,64,78,80,83,74,78,81,80,82,84,75,76,78,76,72,63,71,67,54,58,69,64,81,77,79,74,82,58,85,75
[ 378.916272] [AOA] Measurement: 0,1627159120.754406,08:55:31:9b:04:ac,2,1,2,0,128,478,118,237,891,610,965,504,311,214,983,219,940,443,578,0,273,322,845,551,306,904,372,999,232,757,193,611,190,969,438,525,191,81,79,62,80,80,80,77,79,81,82,81,84,75,77,77,75,73,63,70,67,52,56,68,62,80,76,79,74,81,57,84,75
[ 378.954712] [AOA] Measurement: 0,1627159120.792847,08:55:31:9b:04:ac,2,1,2,0,128,534,147,232,909,135,801,986,147,268,9,788,156,403,623,1010,233,364,871,92,478,401,554,959,177,835,262,91,371,879,367,591,232,78,80,65,78,81,80,75,74,81,80,82,80,73,74,75,72,70,59,68,62,47,50,60,59,77,71,75,67,75,51,76,62
[ 378.993433] [AOA] Measurement: 0,1627159120.831567,08:55:31:9b:04:ac,2,1,2,0,128,486,151,224,922,643,954,484,309,179,958,230,923,938,440,32,297,343,859,141,505,396,575,526,399,790,247,562,169,891,396,433,1014,79,78,65,78,82,82,76,77,83,81,82,83,76,75,77,74,70,62,71,67,52,55,66,63,81,75,81,71,82,55,82,72
[ 379.037092] [AOA] Measurement: 0,1627159120.875227,08:55:31:9b:04:ac,2,1,2,0,128,538,193,264,960,669,27,527,333,781,154,827,182,432,574,40,259,370,896,148,537,400,553,42,247,329,437,71,323,970,448,343,987,79,80,65,78,81,81,76,74,82,80,81,82,76,75,74,75,72,62,71,66,50,54,66,62,80,75,77,70,81,55,81,70
[ 379.084261] [AOA] Measurement: 0,1627159120.922390,08:55:31:9b:04:ac,2,1,2,0,128,524,143,238,923,671,1001,523,346,782,176,727,115,458,610,1002,235,311,835,158,500,397,547,496,402,396,474,112,356,990,441,751,295,79,77,61,78,78,80,73,78,80,80,81,84,73,75,76,74,72,61,70,68,54,57,70,65,80,77,79,74,82,59,83,77
[ 379.129478] [AOA] Measurement: 0,1627159120.967612,08:55:31:9b:04:ac,2,1,2,0,128,543,156,255,934,645,971,563,347,761,150,742,105,413,557,509,60,828,666,631,334,449,583,500,394,324,453,89,353,967,413,53,655,72,71,58,69,75,75,68,65,74,74,75,72,67,68,66,65,62,52,64,56,42,45,56,53,70,64,70,61,70,45,74,61
[ 379.173110] [AOA] Measurement: 0,1627159121.011247,08:55:31:9b:04:ac,2,1,2,0,128,530,151,165,861,672,979,597,376,708,133,760,117,445,613,1016,257,394,893,104,506,428,581,546,462,353,478,95,371,918,393,62,713,80,78,62,79,78,81,75,78,80,78,80,83,73,75,77,73,72,62,70,68,53,57,68,62,80,75,79,74,82,58,82,75
[ 379.215148] [AOA] Measurement: 0,1627159121.053278,08:55:31:9b:04:ac,2,1,2,0,128,557,164,228,901,637,991,12,181,763,164,809,186,375,566,1022,256,335,839,119,502,408,560,539,455,768,207,591,169,392,196,675,330,79,77,63,78,81,82,76,76,82,80,81,80,75,75,74,72,71,61,71,65,51,51,67,61,79,72,78,69,77,55,78,66
[ 379.259027] [AOA] Measurement: 0,1627159121.097157,08:55:31:9b:04:ac,2,1,2,0,128,530,137,186,903,712,1006,492,344,783,186,745,112,431,579,425,56,404,888,116,497,404,552,563,439,306,426,95,347,368,215,116,768,79,78,64,78,80,82,76,77,83,79,81,81,73,75,76,74,70,62,70,65,50,53,67,61,81,73,79,70,80,54,80,67
[ 379.301962] [AOA] Measurement: 0,1627159121.140092,08:55:31:9b:04:ac,2,1,2,0,128,996,945,212,914,697,1020,513,314,165,948,275,991,403,564,58,291,329,815,134,502,427,585,1007,235,756,191,630,158,422,270,76,687,79,78,64,78,79,82,71,75,79,79,82,81,74,76,76,75,70,61,72,66,50,55,67,61,78,72,78,70,79,54,79,69
[ 379.352194] [AOA] Measurement: 0,1627159121.190324,08:55:31:9b:04:ac,2,1,2,0,128,540,169,181,879,668,1009,505,335,752,163,786,128,417,589,5,257,369,875,170,523,384,561,583,447,316,479,202,403,917,407,91,696,80,79,64,79,80,82,76,78,79,79,81,82,74,75,78,76,71,63,72,67,53,54,67,61,80,78,78,73,81,56,84,73
[ 379.396823] [AOA] Measurement: 0,1627159121.234958,08:55:31:9b:04:ac,2,1,2,0,128,996,986,195,864,105,792,515,383,711,141,755,109,491,638,978,227,331,872,109,502,386,578,9,229,322,440,81,313,392,192,852,497,81,78,64,79,82,82,77,76,82,80,81,84,72,76,77,76,71,62,69,65,50,54,67,63,80,74,79,70,80,55,80,69
[ 379.439091] [AOA] Measurement: 0,1627159121.277222,08:55:31:9b:04:ac,2,1,2,0,128,529,117,163,888,702,21,1012,165,754,153,213,952,865,379,447,25,877,685,614,320,877,403,21,261,345,453,148,373,994,422,210,888,79,78,64,76,79,81,75,73,81,80,80,80,73,74,72,70,67,59,68,60,43,50,62,58,76,69,75,65,73,49,76,61
[ 379.477542] [AOA] Measurement: 0,1627159121.315679,08:55:31:9b:04:ac,2,1,2,0,128,993,986,201,907,694,997,500,341,695,130,776,133,894,380,399,15,864,690,578,320,425,552,539,423,789,256,595,153,389,233,397,79,78,79,64,78,80,83,76,79,83,82,82,83,75,76,77,74,73,63,71,67,53,54,68,61,80,76,81,73,83,58,83,75
[ 379.515824] [AOA] Measurement: 0,1627159121.353960,08:55:31:9b:04:ac,2,1,2,0,128,516,106,192,875,673,995,599,383,750,135,817,155,399,599,989,257,391,880,133,508,415,575,558,452,326,469,143,372,940,381,927,420,80,79,63,78,78,82,74,78,80,79,80,83,73,74,79,75,72,62,71,67,54,58,69,66,81,78,80,72,81,58,83,77
[ 379.554075] [AOA] Measurement: 0,1627159121.392211,08:55:31:9b:04:ac,2,1,2,0,128,1020,966,205,889,118,818,494,332,714,100,238,990,797,343,521,71,336,832,134,504,371,527,1015,216,874,292,128,374,347,192,806,411,78,80,65,78,82,83,76,75,83,81,81,80,73,74,75,73,70,59,70,64,48,53,64,61,78,74,79,68,80,54,81,70
[ 379.600352] [AOA] Measurement: 0,1627159121.438482,08:55:31:9b:04:ac,2,1,2,0,128,546,153,139,861,138,806,1018,164,203,971,259,986,845,366,458,37,830,640,621,335,400,572,529,409,702,206,572,138,379,229,3,651,78,78,63,79,79,81,76,76,82,81,81,80,75,75,76,73,70,61,71,64,49,54,66,61,78,74,78,70,80,53,80,67
[ 379.650347] [AOA] Measurement: 0,1627159121.488477,08:55:31:9b:04:ac,2,1,2,0,128,483,107,224,924,641,991,499,310,171,958,272,993,391,535,0,278,359,895,33,461,910,403,551,447,304,431,105,373,911,419,249,951,80,78,65,78,81,83,78,74,81,80,81,80,73,73,72,70,66,57,69,62,47,50,62,60,76,70,77,65,76,51,78,64
[ 379.693177] [AOA] Measurement: 0,1627159121.531308,08:55:31:9b:04:ac,2,1,2,0,128,538,166,253,922,674,996,514,361,733,151,751,124,873,385,438,38,844,720,127,509,424,570,481,377,810,252,140,351,347,172,844,474,76,79,65,77,81,81,75,71,82,79,83,78,73,73,70,71,66,58,68,61,46,49,63,58,76,70,75,67,75,49,76,62
[ 379.743928] [AOA] Measurement: 0,1627159121.582059,08:55:31:9b:04:ac,2,1,2,0,128,498,139,207,869,125,812,1016,156,181,920,227,959,893,386,472,53,816,650,657,363,870,365,502,393,809,251,615,184,324,162,1010,642,80,79,65,78,80,81,76,75,81,80,82,81,74,73,74,73,71,59,68,64,50,51,66,62,77,75,78,70,80,56,81,70
[ 379.794020] [AOA] Measurement: 0,1627159121.632150,08:55:31:9b:04:ac,2,1,2,0,128,974,962,738,718,117,797,962,116,202,1001,834,184,393,565,445,46,393,879,129,539,380,517,1004,194,333,465,547,139,378,177,829,463,81,80,64,78,80,83,77,75,83,80,83,81,76,75,74,74,69,61,71,64,50,50,65,60,78,70,76,67,77,50,80,65
[ 379.838322] [AOA] Measurement: 0,1627159121.676457,08:55:31:9b:04:ac,2,1,2,0,128,951,937,672,724,108,810,2,154,231,1019,239,932,876,399,488,59,825,654,664,373,393,529,534,408,341,431,511,105,406,194,778,417,76,79,63,78,80,83,74,78,80,77,80,80,75,75,77,75,72,61,71,67,54,57,68,62,80,74,77,73,82,58,82,77
[ 379.876328] [AOA] Measurement: 0,1627159121.714467,08:55:31:9b:04:ac,2,1,2,0,128,483,153,168,873,730,984,940,112,768,191,834,173,389,536,449,73,843,686,622,327,891,417,985,223,786,256,97,360,940,399,348,948,79,78,61,78,78,80,73,80,81,79,78,83,75,74,78,74,73,62,70,68,55,59,68,63,79,77,79,75,81,61,84,79
[ 379.920135] [AOA] Measurement: 0,1627159121.758270,08:55:31:9b:04:ac,2,1,2,0,128,537,162,171,887,695,1007,989,175,211,1003,769,129,910,408,13,273,405,857,596,306,878,380,523,425,799,249,55,348,937,404,627,247,79,80,65,79,80,82,75,75,83,81,83,81,74,74,73,74,71,61,69,65,50,54,66,62,78,73,78,71,79,54,79,68
[ 379.964225] [AOA] Measurement: 0,1627159121.802362,08:55:31:9b:04:ac,2,1,2,0,128,493,122,174,888,661,971,550,361,743,151,816,161,406,580,8,265,347,865,154,539,821,354,988,167,833,274,66,355,902,388,57,658,80,81,66,80,79,80,78,76,83,80,83,83,77,76,76,76,71,62,70,67,51,55,67,62,81,76,80,72,80,56,81,71
[ 380.008123] [AOA] Measurement: 0,1627159121.846256,08:55:31:9b:04:ac,2,1,2,0,128,529,168,157,887,662,980,562,379,742,142,776,111,442,630,990,233,337,847,96,487,390,587,575,432,323,471,109,397,921,412,839,427,80,80,63,77,80,82,75,76,82,82,82,82,74,75,76,74,71,61,70,67,50,54,66,62,79,74,79,71,80,55,82,72
[ 380.051892] [AOA] Measurement: 0,1627159121.890027,08:55:31:9b:04:ac,2,1,2,0,128,510,103,214,926,107,820,521,334,242,1006,239,968,887,386,384,10,814,696,601,321,382,550,1019,248,336,435,87,363,916,389,992,617,81,79,64,79,79,81,75,77,82,80,82,83,74,75,78,74,70,61,71,64,50,54,66,62,80,75,78,69,81,53,82,69
[ 380.094392] [AOA] Measurement: 0,1627159121.932523,08:55:31:9b:04:ac,2,1,2,0,128,519,190,205,888,144,842,540,331,788,197,782,142,364,560,1022,291,351,873,91,517,440,598,517,405,302,414,134,365,895,364,904,545,80,77,60,76,75,79,72,77,78,78,77,81,73,73,76,75,72,62,68,66,55,60,69,65,79,78,78,74,80,58,83,81
[ 380.137333] [AOA] Measurement: 0,1627159121.975462,08:55:31:9b:04:ac,2,1,2,0,128,2,994,247,928,638,992,524,338,765,112,757,148,388,534,491,57,858,679,122,505,421,571,1018,243,332,467,92,370,899,359,185,797,79,78,63,78,80,81,74,75,81,78,79,81,72,76,76,73,72,60,71,66,53,55,67,63,79,76,78,71,79,56,82,73
[ 380.181370] [AOA] Measurement: 0,1627159122.019504,08:55:31:9b:04:ac,2,1,2,0,128,976,1013,227,877,137,795,23,198,143,956,262,987,835,348,461,59,817,621,580,275,436,598,524,424,766,226,108,338,889,344,360,24,81,79,65,79,81,81,76,77,82,79,82,80,74,75,76,72,70,60,70,64,50,52,66,61,78,74,77,70,78,53,81,68
[ 380.231504] [AOA] Measurement: 0,1627159122.069635,08:55:31:9b:04:ac,2,1,2,0,128,508,133,166,898,679,996,544,328,741,151,793,168,471,628,983,225,369,886,182,526,411,621,452,369,293,444,640,213,957,395,576,172,79,80,65,79,80,81,77,75,82,80,83,80,74,74,75,73,69,59,71,64,47,52,64,60,76,72,75,67,77,51,79,64
[ 380.278691] [AOA] Measurement: 0,1627159122.116827,08:55:31:9b:04:ac,2,1,2,0,128,565,154,221,919,746,0,507,328,760,155,783,110,451,615,932,218,840,661,599,296,389,565,988,210,340,463,97,345,959,425,41,751,80,79,64,80,80,82,74,74,81,81,80,81,74,75,74,74,71,59,68,65,48,51,64,60,77,72,78,68,77,53,79,65
[ 380.324793] [AOA] Measurement: 0,1627159122.162923,08:55:31:9b:04:ac,2,1,2,0,128,486,141,184,863,673,1001,493,285,227,997,254,1002,872,348,516,94,365,892,88,465,442,615,975,205,763,238,550,139,364,204,360,50,80,79,63,78,79,81,73,78,80,80,80,83,74,74,78,75,72,61,69,67,54,59,69,64,80,76,79,75,82,60,84,80
[ 380.366837] [AOA] Measurement: 0,1627159122.204967,08:55:31:9b:04:ac,2,1,2,0,128,497,114,217,905,688,999,542,370,800,218,728,87,878,375,1004,239,335,883,110,484,922,414,542,411,349,455,133,360,929,406,110,740,80,81,64,79,81,80,75,77,82,80,81,81,75,74,77,75,71,62,72,64,51,55,69,63,78,75,79,73,79,57,83,73
[ 380.406377] [AOA] Measurement: 0,1627159122.244511,08:55:31:9b:04:ac,2,1,2,0,128,6,997,712,732,91,793,984,140,175,983,261,975,407,538,464,68,352,869,139,524,353,548,950,219,777,235,159,384,868,384,724,425,79,76,60,77,75,79,72,77,78,77,79,82,73,73,77,76,73,63,70,67,56,57,70,65,80,76,79,74,82,59,84,79
[ 380.447656] [AOA] Measurement: 0,1627159122.285787,08:55:31:9b:04:ac,2,1,2,0,128,530,145,698,712,162,817,991,150,788,183,746,78,414,595,429,13,834,664,605,286,424,614,511,445,274,420,519,151,913,370,713,281,81,79,65,79,80,82,75,75,82,81,83,82,75,76,74,75,72,61,72,68,51,55,65,62,79,73,78,72,79,54,83,71
[ 380.488045] [AOA] Measurement: 0,1627159122.326178,08:55:31:9b:04:ac,2,1,2,0,128,548,182,225,927,753,27,496,352,783,185,828,192,451,624,4,285,416,892,151,558,358,531,603,483,322,464,106,373,938,437,340,991,80,78,62,79,80,83,77,77,83,81,81,81,74,76,75,74,71,60,71,66,51,53,67,62,76,74,77,70,80,55,81,71
[ 380.525968] [AOA] Measurement: 0,1627159122.364105,08:55:31:9b:04:ac,2,1,2,0,128,1002,943,647,682,158,835,966,104,253,12,769,151,843,382,445,30,858,701,591,305,836,343,15,278,322,453,103,387,938,380,783,476,80,79,65,79,81,81,74,73,83,80,82,82,76,76,75,74,69,60,70,64,48,51,64,60,78,72,78,67,77,50,77,65
[ 380.569771] [AOA] Measurement: 0,1627159122.407908,08:55:31:9b:04:ac,2,1,2,0,128,1005,961,664,726,116,769,1003,128,216,998,220,947,871,387,1005,247,321,831,627,329,865,367,6,223,779,232,583,162,339,182,724,393,77,73,60,75,75,80,70,77,78,76,77,82,72,74,77,74,72,63,70,67,57,60,69,62,78,76,77,73,81,60,84,81
[ 380.608825] [AOA] Measurement: 0,1627159122.446955,08:55:31:9b:04:ac,2,1,2,0,128,506,139,706,714,124,804,1018,151,269,7,212,957,415,536,475,93,321,849,615,332,392,553,36,254,835,269,80,370,968,400,733,398,79,81,63,80,79,83,75,77,82,80,80,83,74,77,76,75,71,61,71,66,51,54,67,61,79,72,79,70,79,55,80,70
[ 380.651997] [AOA] Measurement: 0,1627159122.490127,08:55:31:9b:04:ac,2,1,2,0,128,569,156,167,898,651,991,505,347,758,169,755,150,464,616,1016,237,420,882,139,540,427,582,510,403,325,449,547,171,917,372,119,718,79,78,62,79,78,80,74,79,80,78,79,83,74,74,75,75,73,62,68,68,52,57,68,64,80,76,78,73,82,57,82,77
[ 380.702295] [AOA] Measurement: 0,1627159122.540425,08:55:31:9b:04:ac,2,1,2,0,128,526,160,223,897,726,1017,563,398,767,156,788,121,397,566,471,52,807,687,575,301,876,358,550,449,317,469,130,387,938,427,221,791,80,78,63,79,80,82,77,76,83,81,82,83,73,74,75,75,73,61,71,66,52,56,68,63,79,75,79,72,80,56,83,73
[ 380.746809] [AOA] Measurement: 0,1627159122.584943,08:55:31:9b:04:ac,2,1,2,0,128,525,118,696,689,63,719,930,94,200,970,278,1010,400,572,478,58,843,701,541,295,373,554,994,225,789,272,591,168,923,377,277,916,80,81,64,79,81,82,73,76,83,81,81,82,75,76,77,73,71,61,71,66,50,54,67,61,79,72,77,71,80,55,80,70
[ 380.790496] [AOA] Measurement: 0,1627159122.628632,08:55:31:9b:04:ac,2,1,2,0,128,549,151,177,893,682,1004,488,294,786,173,803,163,404,573,998,235,381,876,98,460,874,362,1004,230,325,471,60,332,946,387,791,331,79,79,60,78,77,81,75,79,80,77,79,84,73,73,76,75,72,60,70,67,53,56,68,63,80,75,79,74,81,58,84,78
[ 380.833394] [AOA] Measurement: 0,1627159122.671531,08:55:31:9b:04:ac,2,1,2,0,128,924,929,703,726,168,796,514,312,193,970,264,952,407,585,488,64,341,889,591,284,874,378,10,233,281,443,511,108,360,191,41,753,79,77,65,78,80,82,74,71,82,79,83,79,74,74,73,71,69,59,68,64,46,49,62,58,77,70,75,66,76,51,77,64
[ 380.876595] [AOA] Measurement: 0,1627159122.714730,08:55:31:9b:04:ac,2,1,2,0,128,17,990,207,903,721,6,488,304,746,144,791,130,435,594,455,50,822,673,602,333,847,382,994,179,798,249,95,374,975,454,461,72,79,79,65,78,81,82,75,76,80,81,82,81,74,75,73,72,70,61,71,65,50,54,65,62,78,73,78,68,78,52,79,66
[ 380.920327] [AOA] Measurement: 0,1627159122.758457,08:55:31:9b:04:ac,2,1,2,0,128,537,139,227,934,645,1002,539,311,748,160,788,143,402,589,1013,240,368,853,594,323,384,545,1016,245,762,231,104,361,893,369,634,273,78,78,64,79,81,82,75,76,83,81,81,83,75,75,76,74,70,63,71,66,52,53,68,63,80,74,81,72,81,55,82,73
[ 380.967492] [AOA] Measurement: 0,1627159122.805628,08:55:31:9b:04:ac,2,1,2,0,128,521,160,177,894,697,1001,972,158,753,158,228,932,856,381,488,69,349,867,82,469,397,577,561,421,411,511,119,401,923,426,995,544,81,79,65,80,82,81,77,77,83,80,81,82,74,75,74,74,72,62,73,65,51,55,67,62,80,76,78,73,81,54,82,73
[ 381.013152] [AOA] Measurement: 0,1627159122.851283,08:55:31:9b:04:ac,2,1,2,0,128,1003,1000,235,912,653,987,488,347,781,159,768,141,389,569,0,259,339,860,112,489,377,556,51,267,299,459,149,367,928,407,274,907,65,66,54,65,70,70,66,57,73,69,72,67,61,62,62,60,57,49,59,50,35,41,51,50,67,60,66,55,66,40,67,52
[ 381.058870] [AOA] Measurement: 0,1627159122.897005,08:55:31:9b:04:ac,2,1,2,0,128,985,971,240,912,732,1023,498,343,760,184,761,134,443,589,18,272,365,877,151,522,414,581,579,483,323,443,143,371,938,392,449,135,79,80,62,77,78,81,75,76,80,81,80,81,74,74,77,75,71,62,71,66,52,55,69,63,80,75,79,71,79,57,81,75
[ 381.103009] [AOA] Measurement: 0,1627159122.941146,08:55:31:9b:04:ac,2,1,2,0,128,11,970,633,680,150,844,926,86,222,973,161,913,878,362,487,83,783,676,634,329,834,369,960,199,780,255,625,153,384,201,753,453,77,76,62,78,76,78,73,76,81,76,78,81,75,74,77,77,72,64,70,69,55,58,70,65,80,78,80,75,82,60,84,79
[ 381.153299] [AOA] Measurement: 0,1627159122.991430,08:55:31:9b:04:ac,2,1,2,0,128,986,945,221,894,731,1021,501,313,769,176,814,135,443,616,1005,256,325,869,188,567,422,539,512,420,295,424,605,186,329,186,636,225,81,80,65,78,80,80,75,73,81,81,81,81,73,76,75,73,71,60,70,65,50,53,65,63,78,73,79,69,81,56,81,70
[ 381.195761] [AOA] Measurement: 0,1627159123.033896,08:55:31:9b:04:ac,2,1,2,0,128,541,135,226,904,648,981,558,338,755,158,785,99,864,370,440,9,852,680,104,534,353,544,570,473,318,466,105,355,951,377,842,511,80,79,66,78,82,82,77,76,83,80,82,82,74,76,77,74,70,63,70,66,50,54,67,61,78,72,79,70,78,55,82,70
[ 381.239280] [AOA] Measurement: 0,1627159123.077414,08:55:31:9b:04:ac,2,1,2,0,128,509,89,196,931,640,950,512,337,765,182,828,128,423,599,975,239,326,866,111,508,433,614,497,376,338,469,82,365,986,446,565,122,79,79,63,77,79,81,75,77,79,79,82,81,75,74,78,76,72,64,71,67,55,56,69,63,81,75,78,74,82,57,80,73
[ 381.277234] [AOA] Measurement: 0,1627159123.115372,08:55:31:9b:04:ac,2,1,2,0,128,490,125,166,856,732,1008,1001,150,765,135,822,156,458,614,1017,230,363,857,593,350,416,585,974,193,787,276,583,192,325,168,818,499,78,78,64,79,81,80,75,76,80,80,81,81,74,76,77,75,72,62,70,67,53,55,66,62,80,73,80,72,82,57,83,72
[ 381.323245] [AOA] Measurement: 0,1627159123.161376,08:55:31:9b:04:ac,2,1,2,0,128,978,947,689,759,685,982,548,321,204,985,827,180,390,552,482,64,367,848,127,509,797,332,18,243,774,286,97,350,919,383,460,70,79,79,64,79,80,82,75,77,82,82,83,82,75,75,75,73,72,61,71,65,50,55,66,62,77,74,78,71,80,54,82,70
[ 381.368840] [AOA] Measurement: 0,1627159123.206977,08:55:31:9b:04:ac,2,1,2,0,128,967,962,699,698,113,779,24,180,763,154,829,157,394,589,469,69,815,674,105,474,829,372,592,473,293,459,99,363,915,403,72,723,75,77,63,76,81,80,75,70,81,81,82,78,70,71,71,69,66,55,67,61,43,48,59,58,74,68,74,64,73,48,73,61
[ 381.412643] [AOA] Measurement: 0,1627159123.250778,08:55:31:9b:04:ac,2,1,2,0,128,507,131,204,888,700,1015,498,330,796,202,773,151,402,606,996,229,813,683,560,294,437,594,521,383,818,258,114,319,963,442,165,811,80,79,64,79,81,80,76,75,82,80,81,82,75,77,76,74,70,60,70,65,50,54,64,60,79,73,79,69,80,54,82,69
[ 381.462628] [AOA] Measurement: 0,1627159123.300759,08:55:31:9b:04:ac,2,1,2,0,128,503,141,256,938,640,989,467,298,713,139,293,989,896,394,411,23,399,880,92,474,411,545,940,183,763,180,572,138,345,189,399,29,80,81,64,79,81,83,77,78,83,81,82,83,74,76,76,75,72,61,71,67,52,56,68,61,81,76,80,73,81,56,81,73
[ 381.517322] [AOA] Measurement: 0,1627159123.355456,08:55:31:9b:04:ac,2,1,2,0,128,495,90,273,942,688,1000,486,335,750,134,738,115,435,600,29,296,429,893,99,516,390,599,545,417,311,458,55,325,944,393,871,524,80,80,64,78,81,80,74,74,81,81,81,80,75,74,74,72,68,59,71,63,49,51,64,59,77,72,78,68,77,52,78,62
[ 381.561300] [AOA] Measurement: 0,1627159123.399435,08:55:31:9b:04:ac,2,1,2,0,128,501,113,205,917,731,22,506,316,694,132,770,148,408,596,1005,213,887,706,113,506,389,530,532,411,368,473,106,342,965,389,388,1016,79,77,64,79,81,82,76,77,81,81,81,81,75,74,75,74,70,60,68,66,52,55,66,63,81,75,79,71,81,55,82,71
[ 381.601217] [AOA] Measurement: 0,1627159123.439355,08:55:31:9b:04:ac,2,1,2,0,128,546,148,180,891,687,1011,1015,154,176,1003,199,953,894,404,45,297,267,839,153,528,429,630,547,435,352,458,78,367,906,341,196,837,79,80,63,79,80,83,75,79,83,81,80,82,74,74,74,73,69,61,69,66,50,55,65,60,79,74,77,71,80,55,80,71
[ 381.640167] [AOA] Measurement: 0,1627159123.478304,08:55:31:9b:04:ac,2,1,2,0,128,987,961,674,706,103,791,979,136,241,1008,744,91,413,582,1020,239,310,832,85,474,398,552,992,236,800,264,114,329,911,410,8,709,79,80,65,80,82,83,75,76,81,81,82,82,75,76,78,75,71,62,70,67,53,57,67,62,79,74,79,70,81,54,82,71
[ 381.681661] [AOA] Measurement: 0,1627159123.519798,08:55:31:9b:04:ac,2,1,2,0,128,950,918,694,744,104,784,40,168,240,967,275,983,427,590,444,71,832,675,591,310,880,380,1013,208,773,217,563,167,345,185,630,357,78,79,64,77,79,81,76,72,82,80,82,77,73,72,72,71,67,59,69,63,45,50,61,57,78,70,75,66,76,51,77,64
[ 381.725374] [AOA] Measurement: 0,1627159123.563509,08:55:31:9b:04:ac,2,1,2,0,128,972,964,225,923,703,996,511,344,796,177,705,82,881,407,481,50,322,831,126,527,408,548,497,405,389,421,145,351,942,405,661,182,77,78,63,78,77,80,77,77,83,81,82,82,76,74,76,75,70,60,67,65,49,53,66,60,79,73,78,70,77,54,81,70
[ 381.768696] [AOA] Measurement: 0,1627159123.606831,08:55:31:9b:04:ac,2,1,2,0,128,1012,1010,657,712,684,994,974,113,226,988,219,964,448,598,474,66,330,891,161,531,410,560,3,262,782,253,625,191,864,362,60,744,80,79,66,78,81,81,75,76,82,82,82,82,76,76,78,73,71,63,69,65,50,54,67,60,76,73,79,71,81,55,82,71
[ 381.812352] [AOA] Measurement: 0,1627159123.650490,08:55:31:9b:04:ac,2,1,2,0,128,8,997,245,896,134,805,1018,155,737,138,248,978,918,404,8,235,826,648,606,276,947,435,545,411,773,264,130,379,917,382,988,652,79,79,64,79,80,82,75,76,82,81,81,82,75,75,75,73,70,60,71,64,50,54,66,63,81,74,79,71,80,55,81,73
[ 381.854753] [AOA] Measurement: 0,1627159123.692883,08:55:31:9b:04:ac,2,1,2,0,128,537,149,190,885,167,828,1003,102,246,1009,211,971,955,444,1016,239,344,876,562,288,866,389,540,432,351,478,125,368,992,410,20,623,80,80,63,77,78,80,75,77,83,81,81,82,75,75,75,76,72,61,72,67,54,56,68,62,79,76,79,73,80,57,84,74
[ 381.897739] [AOA] Measurement: 0,1627159123.735869,08:55:31:9b:04:ac,2,1,2,0,128,504,155,265,960,648,980,527,305,760,150,795,133,417,634,69,310,305,839,130,513,353,537,539,422,339,463,521,147,307,154,64,746,79,80,65,77,79,81,76,77,82,82,80,83,74,76,76,72,70,61,72,66,50,53,66,62,78,74,78,69,79,53,81,66
[ 381.936359] [AOA] Measurement: 0,1627159123.774497,08:55:31:9b:04:ac,2,1,2,0,128,983,974,237,954,705,11,519,329,762,166,812,170,388,580,25,274,351,849,169,511,405,585,497,402,794,255,143,365,386,214,892,518,81,81,65,77,81,84,75,76,82,82,81,84,75,77,78,77,74,62,71,68,53,56,66,63,80,76,79,73,83,57,84,76
[ 381.979019] [AOA] Measurement: 0,1627159123.817150,08:55:31:9b:04:ac,2,1,2,0,128,531,180,226,921,693,11,537,377,711,148,805,154,473,603,31,247,357,850,130,547,430,600,542,417,323,422,131,385,933,416,784,360,81,79,64,80,81,83,74,78,82,80,80,82,74,73,75,72,71,61,68,66,51,55,66,62,80,75,79,71,80,53,81,70
[ 382.017441] [AOA] Measurement: 0,1627159123.855578,08:55:31:9b:04:ac,2,1,2,0,128,512,153,237,925,684,1002,989,157,213,1004,814,159,394,588,1004,238,351,846,191,548,397,588,570,479,345,457,112,356,909,423,306,923,79,81,64,76,81,80,76,72,83,81,83,81,73,74,74,73,68,58,69,63,46,51,62,59,77,72,79,67,78,53,79,66
[ 382.062196] [AOA] Measurement: 0,1627159123.900333,08:55:31:9b:04:ac,2,1,2,0,128,517,163,199,882,654,967,970,96,182,953,241,939,874,335,443,35,754,620,601,306,907,384,542,443,254,431,79,346,865,329,8,702,80,79,63,80,80,80,76,76,80,81,81,81,74,75,76,74,70,62,72,66,50,53,65,61,80,75,78,70,80,55,80,71
[ 382.111353] [AOA] Measurement: 0,1627159123.949484,08:55:31:9b:04:ac,2,1,2,0,128,970,969,172,878,154,847,985,163,228,1005,165,907,892,342,427,22,792,622,629,324,382,545,552,449,327,438,126,348,903,362,620,286,78,79,62,78,79,80,74,78,79,79,79,83,74,77,78,77,73,63,69,68,54,58,70,64,81,78,79,75,82,60,83,79
[ 382.161435] [AOA] Measurement: 0,1627159123.999565,08:55:31:9b:04:ac,2,1,2,0,128,491,121,254,901,128,813,989,142,241,1009,748,74,419,589,967,189,835,688,611,305,387,542,549,418,303,438,559,141,909,386,353,1012,80,79,64,78,80,83,77,77,84,80,83,81,75,75,74,72,70,60,70,64,47,50,64,60,77,72,79,66,78,52,79,65
[ 382.206159] [AOA] Measurement: 0,1627159124.044294,08:55:31:9b:04:ac,2,1,2,0,128,504,121,194,898,674,993,491,313,749,159,212,960,381,553,434,34,865,682,131,515,368,555,959,190,834,276,76,379,903,393,529,103,79,79,65,77,80,81,76,77,81,81,83,80,75,74,76,74,71,59,70,65,49,51,66,61,77,73,80,70,79,54,80,69
[ 382.248646] [AOA] Measurement: 0,1627159124.086777,08:55:31:9b:04:ac,2,1,2,0,128,956,950,725,713,159,852,957,131,221,1014,245,982,903,401,479,61,784,631,561,257,835,342,993,200,833,278,123,365,387,186,165,881,80,78,65,80,81,82,77,76,81,80,81,80,74,75,77,76,71,62,72,67,53,55,68,64,80,77,78,73,83,56,82,74
[ 382.287174] [AOA] Measurement: 0,1627159124.125311,08:55:31:9b:04:ac,2,1,2,0,128,487,123,206,907,101,801,978,148,201,976,238,955,918,420,987,236,378,860,106,489,404,583,540,441,345,489,122,341,360,200,322,1001,81,80,64,80,80,82,76,79,81,81,82,85,74,75,78,76,75,63,70,67,55,59,69,64,81,77,79,76,83,60,84,79
[ 382.331975] [AOA] Measurement: 0,1627159124.170108,08:55:31:9b:04:ac,2,1,2,0,128,978,952,661,703,677,996,479,301,781,164,828,189,411,608,12,257,371,894,151,555,380,539,509,425,280,392,647,229,952,441,766,388,80,79,64,78,79,82,75,76,82,82,81,81,76,75,77,74,72,62,69,68,52,55,68,62,81,74,79,71,80,56,83,74
[ 382.370335] [AOA] Measurement: 0,1627159124.208471,08:55:31:9b:04:ac,2,1,2,0,128,990,972,665,677,122,795,981,158,199,996,206,956,880,359,464,32,767,650,579,281,431,610,532,418,792,252,574,167,893,371,420,86,79,80,65,80,80,82,77,77,84,82,82,81,75,75,75,74,72,60,71,66,51,54,68,63,79,76,79,73,81,56,82,71
[ 382.408868] [AOA] Measurement: 0,1627159124.247005,08:55:31:9b:04:ac,2,1,2,0,128,552,130,161,877,703,1004,510,309,728,131,768,81,482,631,971,244,333,855,599,305,401,588,536,436,336,449,529,111,971,401,110,734,79,80,65,79,80,83,76,71,81,78,80,78,73,73,74,71,68,59,70,63,46,50,63,59,77,71,78,66,76,49,78,65
[ 382.456934] [AOA] Measurement: 0,1627159124.295064,08:55:31:9b:04:ac,2,1,2,0,128,1001,956,249,913,150,822,1002,162,717,121,818,160,407,580,469,80,348,847,107,488,436,586,476,354,829,230,145,375,918,368,413,1013,79,81,65,79,80,81,75,75,83,79,81,81,75,75,76,74,69,60,70,67,51,54,67,63,81,73,80,73,81,57,83,73
[ 382.501192] [AOA] Measurement: 0,1627159124.339329,08:55:31:9b:04:ac,2,1,2,0,128,511,133,239,931,661,1000,524,358,744,146,758,139,427,611,13,265,379,864,104,509,426,563,576,482,304,448,45,330,976,429,227,951,78,77,60,77,76,81,73,78,79,78,79,83,73,74,77,74,71,61,71,67,55,58,69,65,79,76,78,75,81,60,83,79
[ 382.544925] [AOA] Measurement: 0,1627159124.383063,08:55:31:9b:04:ac,2,1,2,0,128,480,121,657,688,140,797,970,156,229,1014,282,977,383,550,426,43,330,840,597,315,411,552,23,269,803,210,558,150,402,215,772,446,78,80,64,80,81,82,75,77,82,80,82,82,74,76,75,74,71,60,71,66,51,53,65,61,78,72,77,69,80,53,82,71
[ 382.587194] [AOA] Measurement: 0,1627159124.425325,08:55:31:9b:04:ac,2,1,2,0,128,490,121,243,913,666,5,512,342,766,166,771,89,459,613,11,269,356,855,129,494,415,603,546,431,292,393,85,335,923,414,819,415,80,79,64,78,76,80,74,79,82,80,82,81,74,75,77,75,72,61,70,66,50,56,66,63,77,74,77,71,80,55,81,72
[ 382.629697] [AOA] Measurement: 0,1627159124.467833,08:55:31:9b:04:ac,2,1,2,0,128,481,101,225,880,712,999,950,114,740,129,757,120,354,537,1004,224,356,877,114,494,374,530,1007,235,317,444,140,379,927,400,518,159,81,80,64,77,81,81,77,78,83,80,82,81,76,75,77,75,73,62,70,67,51,56,68,62,80,75,79,71,81,55,82,71
[ 382.668125] [AOA] Measurement: 0,1627159124.506260,08:55:31:9b:04:ac,2,1,2,0,128,513,140,232,943,661,997,468,281,815,173,790,136,365,574,7,248,367,885,126,517,409,592,552,462,330,445,114,364,932,424,508,83,79,80,66,79,80,83,77,77,82,80,83,83,71,74,75,74,69,60,70,64,49,53,63,60,79,73,77,68,77,52,79,66
[ 382.711810] [AOA] Measurement: 0,1627159124.549946,08:55:31:9b:04:ac,2,1,2,0,128,501,119,218,930,689,1019,542,358,180,971,816,177,450,610,0,258,339,889,119,524,515,652,497,420,343,466,114,365,935,405,963,530,78,79,65,78,79,82,76,77,82,79,81,79,72,73,74,73,70,59,71,63,50,53,65,60,79,72,78,70,78,54,78,69
[ 382.749821] [AOA] Measurement: 0,1627159124.587955,08:55:31:9b:04:ac,2,1,2,0,128,524,147,692,701,125,814,545,327,721,111,852,179,386,579,980,267,393,906,113,533,402,572,473,378,790,243,608,177,913,398,595,211,80,81,64,79,79,82,76,75,83,82,82,82,73,76,76,76,71,62,71,66,52,55,68,62,81,75,79,72,82,56,83,72
[ 382.793753] [AOA] Measurement: 0,1627159124.631890,08:55:31:9b:04:ac,2,1,2,0,128,509,130,178,888,70,773,981,142,246,1006,218,945,907,421,456,34,852,690,595,319,815,349,1002,226,833,274,82,334,360,219,281,959,80,80,64,79,81,79,75,76,81,82,81,82,75,76,76,73,72,62,70,65,52,56,65,60,78,73,78,71,78,53,81,70
[ 382.835838] [AOA] Measurement: 0,1627159124.673968,08:55:31:9b:04:ac,2,1,2,0,128,500,93,268,929,680,999,514,349,762,157,777,125,368,554,483,80,305,828,637,337,416,601,563,449,323,444,156,410,908,414,632,246,81,79,65,78,80,82,76,78,83,80,82,83,76,76,78,77,72,61,70,67,51,54,67,64,79,74,80,72,81,58,82,75
[ 382.878199] [AOA] Measurement: 0,1627159124.716330,08:55:31:9b:04:ac,2,1,2,0,128,538,146,236,920,685,1001,514,361,790,160,761,133,388,570,8,251,340,851,103,509,442,589,478,429,330,449,64,367,965,441,302,896,79,80,65,80,80,81,75,77,83,80,82,82,76,74,77,75,73,61,71,67,52,56,67,61,77,75,80,72,80,56,83,75
[ 382.921132] [AOA] Measurement: 0,1627159124.759262,08:55:31:9b:04:ac,2,1,2,0,128,989,965,721,729,717,1017,494,369,703,132,781,139,339,518,440,48,387,884,123,507,405,571,504,396,345,460,108,366,923,415,931,524,79,79,62,78,78,81,74,76,81,79,77,83,74,74,77,75,73,62,70,67,54,58,69,64,81,77,79,73,82,58,84,77
[ 382.963650] [AOA] Measurement: 0,1627159124.801785,08:55:31:9b:04:ac,2,1,2,0,128,994,979,209,918,701,12,502,306,770,169,769,120,441,604,1016,269,319,821,632,299,442,600,493,413,816,233,124,371,961,419,994,655,78,78,61,78,77,81,73,77,78,79,78,83,74,73,78,76,73,62,69,67,55,59,69,64,79,75,80,74,82,59,83,78
[ 383.007143] [AOA] Measurement: 0,1627159124.845277,08:55:31:9b:04:ac,2,1,2,0,128,491,130,225,910,682,5,1014,171,705,151,759,116,938,448,20,294,321,843,100,474,418,635,532,419,802,265,73,343,880,350,803,440,79,80,64,79,81,82,75,79,83,81,81,82,76,75,77,73,71,62,71,65,52,55,67,62,79,75,78,71,80,55,80,73
[ 383.050575] [AOA] Measurement: 0,1627159124.888706,08:55:31:9b:04:ac,2,1,2,0,128,10,991,695,716,111,804,979,109,196,952,259,987,873,361,33,298,346,859,75,462,354,487,10,274,765,225,600,154,381,179,512,180,80,81,65,79,79,82,75,78,81,80,80,84,75,75,79,77,74,64,71,68,54,58,70,66,81,76,80,74,83,60,85,78
[ 383.092376] [AOA] Measurement: 0,1627159124.930513,08:55:31:9b:04:ac,2,1,2,0,128,944,942,746,730,169,815,1005,134,786,175,233,973,885,362,429,48,871,706,571,282,877,401,1014,216,822,250,570,179,373,186,618,373,80,80,65,79,80,81,76,73,81,81,82,80,74,74,74,73,69,60,69,62,46,50,64,60,78,72,77,69,78,52,78,65
[ 383.137323] [AOA] Measurement: 0,1627159124.975459,08:55:31:9b:04:ac,2,1,2,0,128,508,126,238,937,631,1009,457,291,197,949,245,968,875,327,433,40,873,696,123,505,853,383,10,253,809,265,580,171,391,192,547,220,81,79,63,80,80,82,76,78,80,81,79,81,73,76,79,75,73,63,72,66,53,55,70,63,80,73,80,73,79,56,81,74
[ 383.180599] [AOA] Measurement: 0,1627159125.018734,08:55:31:9b:04:ac,2,1,2,0,128,518,132,247,931,668,992,498,318,228,1004,768,121,891,365,485,114,839,686,116,505,383,565,543,417,824,264,115,369,943,427,760,400,81,80,65,79,81,82,74,76,81,79,82,81,75,75,76,76,73,61,70,65,49,53,66,62,80,73,78,70,80,55,80,71
[ 383.219151] [AOA] Measurement: 0,1627159125.057287,08:55:31:9b:04:ac,2,1,2,0,128,951,974,717,742,77,789,973,131,760,164,772,86,404,580,475,81,831,694,568,284,850,361,992,284,357,430,146,381,927,384,450,51,80,79,66,79,83,84,77,78,83,80,82,81,75,76,76,74,70,60,69,65,48,53,65,61,80,72,77,68,80,54,79,70
[ 383.257062] [AOA] Measurement: 0,1627159125.095199,08:55:31:9b:04:ac,2,1,2,0,128,519,169,223,891,664,984,543,349,799,170,838,142,392,559,32,290,333,899,149,511,385,565,560,450,337,450,145,377,934,389,907,457,78,78,63,77,77,81,72,77,81,79,80,83,73,75,76,74,71,62,70,66,52,55,68,64,81,75,77,71,81,55,83,72
[ 383.295793] [AOA] Measurement: 0,1627159125.133928,08:55:31:9b:04:ac,2,1,2,0,128,508,129,646,707,697,1012,538,287,723,178,251,996,873,398,437,34,334,825,570,283,387,562,505,369,786,224,541,136,340,194,164,837,81,77,64,81,81,83,77,78,82,80,80,83,76,75,77,77,73,61,71,65,54,57,69,62,79,75,79,72,81,56,83,75
[ 383.338791] [AOA] Measurement: 0,1627159125.176928,08:55:31:9b:04:ac,2,1,2,0,128,1022,984,719,744,681,1012,494,295,208,1001,254,1000,900,360,427,4,440,877,591,314,917,366,24,273,785,238,590,140,378,190,72,822,80,79,65,77,80,81,75,75,82,79,81,81,75,74,75,74,71,61,69,64,49,52,65,61,79,72,76,68,76,52,79,66
[ 383.376996] [AOA] Measurement: 0,1627159125.215133,08:55:31:9b:04:ac,2,1,2,0,128,478,119,193,880,133,778,1003,146,748,153,232,979,874,356,425,42,350,881,544,249,416,591,590,483,345,450,68,333,367,205,774,422,80,80,66,80,82,82,77,76,83,82,82,83,75,76,78,76,72,61,72,66,51,56,68,63,81,75,78,71,81,58,84,75
[ 383.421901] [AOA] Measurement: 0,1627159125.260038,08:55:31:9b:04:ac,2,1,2,0,128,1016,958,648,667,150,846,940,119,193,970,242,943,886,373,486,58,873,672,564,285,865,346,1011,224,768,245,511,96,412,223,1000,750,81,78,63,78,78,82,77,79,81,79,80,82,75,74,79,76,73,61,71,66,53,57,68,64,80,76,78,74,81,58,83,74
[ 383.465366] [AOA] Measurement: 0,1627159125.303501,08:55:31:9b:04:ac,2,1,2,0,128,968,987,650,654,145,807,946,155,187,963,247,978,926,375,507,90,754,661,586,343,848,354,22,269,781,234,592,174,376,220,722,383,70,66,52,69,67,71,65,69,70,70,72,75,67,67,68,68,64,55,61,59,50,51,61,57,73,71,71,67,74,54,77,73
[ 383.508543] [AOA] Measurement: 0,1627159125.346674,08:55:31:9b:04:ac,2,1,2,0,128,517,154,213,878,137,798,988,158,207,986,797,119,372,545,494,80,337,873,136,524,393,564,575,430,325,442,95,363,322,169,957,552,81,80,66,78,81,82,77,73,82,81,82,79,73,75,74,74,70,60,69,65,48,52,65,61,79,73,78,69,78,51,79,66
[ 383.551931] [AOA] Measurement: 0,1627159125.390064,08:55:31:9b:04:ac,2,1,2,0,128,520,136,248,964,690,1012,493,313,754,165,756,107,462,597,7,244,366,879,111,485,370,581,529,423,305,410,71,351,920,411,149,818,80,78,63,79,78,81,75,77,81,77,81,82,75,73,77,74,73,61,70,67,55,57,68,63,80,77,79,73,83,58,85,77
[ 383.601591] [AOA] Measurement: 0,1627159125.439722,08:55:31:9b:04:ac,2,1,2,0,128,498,141,222,926,634,1017,565,355,796,187,773,160,439,582,1015,250,357,861,164,539,368,514,516,420,300,436,57,331,396,223,945,488,79,79,64,79,79,82,76,76,81,79,80,81,75,75,77,76,74,61,71,67,53,55,68,63,82,76,79,73,80,57,83,77
[ 383.646931] [AOA] Measurement: 0,1627159125.485068,08:55:31:9b:04:ac,2,1,2,0,128,510,128,187,873,154,822,524,328,166,961,294,987,406,583,1008,224,376,869,47,449,893,383,533,411,784,267,602,190,384,216,774,454,80,80,65,79,81,81,76,78,82,81,81,82,75,76,77,76,72,60,70,66,51,54,68,62,79,76,80,72,79,55,85,74
[ 383.691883] [AOA] Measurement: 0,1627159125.530014,08:55:31:9b:04:ac,2,1,2,0,128,558,134,671,696,89,766,963,119,172,959,227,926,903,388,433,27,805,660,551,294,842,349,47,278,320,419,123,362,902,348,854,494,82,80,63,78,81,83,76,76,81,81,82,82,74,75,78,75,72,61,70,67,52,56,69,61,79,76,79,73,81,56,83,75
[ 383.740351] [AOA] Measurement: 0,1627159125.578488,08:55:31:9b:04:ac,2,1,2,0,128,940,908,723,688,147,818,974,162,218,999,745,147,862,364,17,257,320,826,603,337,910,421,1003,213,848,247,551,165,341,192,469,168,80,79,64,76,79,82,76,75,80,80,82,82,75,74,74,74,70,60,69,64,47,52,63,59,78,72,75,67,77,53,79,67
[ 383.778778] [AOA] Measurement: 0,1627159125.616913,08:55:31:9b:04:ac,2,1,2,0,128,470,117,241,911,709,1018,467,297,756,145,784,141,413,595,26,294,355,891,123,497,396,566,971,211,770,250,96,361,894,395,782,405,80,77,63,79,77,81,75,79,81,78,78,84,75,75,77,75,72,63,69,67,56,59,69,64,81,77,80,74,81,59,85,80
[ 383.821656] [AOA] Measurement: 0,1627159125.659793,08:55:31:9b:04:ac,2,1,2,0,128,521,147,159,862,139,830,1008,144,788,147,766,126,428,595,989,244,371,898,555,279,859,377,588,453,349,476,55,317,393,251,498,151,80,80,64,79,79,80,75,79,80,79,80,82,73,75,77,76,72,61,69,66,54,56,69,63,80,75,80,74,83,59,84,78
[ 383.863112] [AOA] Measurement: 0,1627159125.701218,08:55:31:9b:04:ac,2,1,2,0,128,990,952,200,870,197,826,998,129,157,955,228,949,957,450,404,26,839,693,155,500,885,370,553,461,378,495,503,130,426,266,1006,630,79,78,62,78,79,79,74,75,83,79,80,80,74,73,74,74,68,60,71,65,51,53,66,61,78,72,78,69,78,53,79,69
[ 383.908899] [AOA] Measurement: 0,1627159125.747036,08:55:31:9b:04:ac,2,1,2,0,128,493,123,240,918,678,997,557,344,736,136,788,146,364,526,489,84,395,919,89,462,401,572,519,385,359,470,138,396,914,365,633,320,81,81,65,81,82,82,76,78,84,80,82,83,75,76,77,75,73,62,72,66,54,57,70,63,79,75,81,75,83,60,84,79
[ 383.954943] [AOA] Measurement: 0,1627159125.793072,08:55:31:9b:04:ac,2,1,2,0,128,513,156,188,939,685,999,542,362,736,148,754,110,452,622,20,242,359,884,147,524,405,587,971,196,394,502,74,362,925,433,258,909,81,80,63,79,77,82,75,79,81,80,79,83,74,74,78,76,73,62,71,67,53,58,70,64,79,76,78,72,79,58,82,75
[ 384.000318] [AOA] Measurement: 0,1627159125.838455,08:55:31:9b:04:ac,2,1,2,0,128,502,129,195,899,149,834,470,266,224,1023,775,123,471,622,972,224,358,887,172,544,380,564,503,425,322,439,76,332,904,376,854,461,80,79,64,78,78,81,77,77,82,81,83,82,76,76,75,75,71,62,70,65,51,53,65,61,81,74,80,71,79,56,80,71
[ 384.044716] [AOA] Measurement: 0,1627159125.882854,08:55:31:9b:04:ac,2,1,2,0,128,50,994,146,866,85,783,948,93,195,954,256,952,877,397,977,201,825,691,565,300,891,414,531,448,297,423,576,193,345,187,850,621,79,80,64,79,80,82,76,77,83,81,82,82,73,75,76,75,72,61,71,65,52,55,69,64,80,75,78,72,81,56,82,69
[ 384.086927] [AOA] Measurement: 0,1627159125.925060,08:55:31:9b:04:ac,2,1,2,0,128,502,135,171,871,698,1001,512,331,743,143,726,106,433,608,1019,259,398,910,137,484,425,572,478,395,348,472,101,357,867,367,320,1009,80,80,65,77,81,81,77,77,82,82,81,83,76,76,76,76,73,62,71,66,53,57,68,63,80,76,80,72,82,56,81,74
[ 384.125446] [AOA] Measurement: 0,1627159125.963581,08:55:31:9b:04:ac,2,1,2,0,128,536,134,176,908,681,7,503,321,739,153,770,134,382,560,433,4,358,837,77,452,415,581,1018,234,368,494,71,336,403,228,561,125,80,81,65,79,82,82,76,77,82,81,81,83,75,75,75,73,72,62,71,67,52,57,69,62,81,75,79,73,80,57,83,74
[ 384.163183] [AOA] Measurement: 0,1627159126.001321,08:55:31:9b:04:ac,2,1,2,0,128,489,164,210,943,671,985,516,334,734,141,759,94,927,389,26,273,287,864,619,312,871,380,29,268,786,268,589,177,378,208,783,480,80,78,64,80,80,83,76,76,83,82,80,82,75,75,78,75,73,62,71,67,51,57,68,61,81,76,80,73,82,58,84,76
[ 384.207000] [AOA] Measurement: 0,1627159126.045137,08:55:31:9b:04:ac,2,1,2,0,128,546,171,197,888,131,812,1008,155,231,985,827,138,409,581,25,271,306,829,132,497,325,508,4,246,296,408,591,147,396,232,415,94,79,78,62,78,80,82,72,78,79,81,80,84,73,74,79,77,72,63,70,68,54,57,69,64,81,76,80,74,82,60,84,78
[ 384.251060] [AOA] Measurement: 0,1627159126.089197,08:55:31:9b:04:ac,2,1,2,0,128,515,164,633,686,140,797,531,319,242,1008,237,987,436,579,1008,265,808,638,589,319,856,362,991,230,804,261,593,169,383,221,21,722,79,77,63,78,80,80,75,75,81,79,79,83,76,75,79,76,73,62,71,66,55,58,69,63,81,77,81,73,82,57,83,76
[ 384.295339] [AOA] Measurement: 0,1627159126.133476,08:55:31:9b:04:ac,2,1,2,0,128,947,943,682,699,167,804,1008,115,169,967,291,999,930,420,434,39,845,671,606,319,424,570,541,433,274,363,615,159,380,201,926,566,79,78,62,76,76,80,73,78,81,79,79,81,73,74,77,74,72,61,69,67,56,58,68,63,79,76,79,73,82,59,83,79
[ 384.343788] [AOA] Measurement: 0,1627159126.181925,08:55:31:9b:04:ac,2,1,2,0,128,575,157,194,938,764,47,468,299,755,190,798,145,422,618,6,231,359,838,530,276,418,582,1,243,317,474,74,347,915,369,785,412,80,79,66,78,80,82,77,76,83,82,82,80,75,73,75,74,70,59,71,64,48,50,64,60,76,71,77,68,79,52,78,65
[ 384.386890] [AOA] Measurement: 0,1627159126.225027,08:55:31:9b:04:ac,2,1,2,0,128,989,970,227,901,619,965,1021,146,734,184,784,154,462,625,984,244,789,684,611,326,799,325,22,250,815,287,113,371,901,374,508,108,73,73,59,71,70,74,69,70,75,73,75,76,68,69,70,68,65,55,63,60,44,48,59,54,72,66,70,64,73,50,75,67
[ 384.432802] [AOA] Measurement: 0,1627159126.270933,08:55:31:9b:04:ac,2,1,2,0,128,1010,988,677,692,114,799,1004,162,790,181,795,130,408,537,484,81,278,809,608,313,870,391,1007,199,738,210,563,150,341,165,691,375,80,81,65,79,82,82,76,77,81,80,83,82,74,75,77,75,70,61,71,66,51,53,68,63,81,75,80,72,81,57,84,73
[ 384.478896] [AOA] Measurement: 0,1627159126.317032,08:55:31:9b:04:ac,2,1,2,0,128,510,156,191,908,663,1001,1019,168,773,165,806,150,441,601,26,249,368,866,116,526,453,593,522,420,353,480,39,321,926,393,473,72,79,79,64,79,81,81,76,75,81,79,81,80,75,73,73,73,69,60,72,65,49,52,64,61,79,72,77,68,79,53,78,67
[ 384.523388] [AOA] Measurement: 0,1627159126.361526,08:55:31:9b:04:ac,2,1,2,0,128,524,122,253,939,649,982,517,339,772,166,811,176,378,600,3,248,337,856,139,506,435,589,523,444,340,454,140,393,890,393,684,338,81,79,64,80,80,82,76,77,83,80,82,83,74,76,78,75,72,63,70,68,54,56,67,62,80,74,79,73,81,57,84,75
[ 384.565444] [AOA] Measurement: 0,1627159126.403575,08:55:31:9b:04:ac,2,1,2,0,128,17,976,689,705,681,988,1011,137,216,981,183,927,884,379,513,63,811,683,114,491,831,373,1004,257,803,230,139,381,901,417,185,831,80,78,62,78,80,82,74,80,79,78,80,82,73,74,78,75,70,61,70,67,55,58,69,63,80,76,79,74,82,57,82,78
[ 384.608218] [AOA] Measurement: 0,1627159126.446349,08:55:31:9b:04:ac,2,1,2,0,128,581,198,194,912,656,1001,491,324,774,195,784,132,373,550,1018,237,383,888,157,516,336,540,18,238,305,413,606,172,936,440,640,236,78,77,61,79,76,81,73,79,80,79,78,82,74,74,76,75,71,63,71,67,54,58,68,64,80,78,78,75,82,58,82,78
[ 384.651108] [AOA] Measurement: 0,1627159126.489239,08:55:31:9b:04:ac,2,1,2,0,128,520,125,231,910,80,789,1009,108,222,990,771,97,451,634,470,48,393,901,87,459,432,557,1001,258,311,424,545,167,374,198,664,347,79,79,65,79,81,83,76,75,82,81,82,79,74,76,75,74,70,62,71,66,50,54,67,62,80,73,78,72,79,54,82,70
[ 384.693569] [AOA] Measurement: 0,1627159126.531706,08:55:31:9b:04:ac,2,1,2,0,128,1021,970,165,886,692,23,490,360,774,165,779,141,411,578,1005,218,331,844,111,505,362,500,551,431,284,443,82,354,363,193,572,235,81,81,65,80,82,83,77,78,83,82,82,83,76,77,76,75,73,63,71,68,53,56,68,63,80,75,78,73,83,58,83,76
[ 384.732679] [AOA] Measurement: 0,1627159126.570816,08:55:31:9b:04:ac,2,1,2,0,128,504,161,163,853,676,981,522,306,764,175,764,132,430,558,9,247,361,868,108,508,409,579,528,417,334,457,153,381,943,413,935,517,79,76,64,78,81,80,77,77,82,81,82,83,75,76,77,76,72,63,72,66,55,56,70,65,82,76,77,73,82,56,82,75
[ 384.781264] [AOA] Measurement: 0,1627159126.619401,08:55:31:9b:04:ac,2,1,2,0,128,487,141,669,673,119,813,1011,181,188,971,215,960,922,424,481,85,347,881,615,277,431,573,509,405,339,448,150,383,914,395,625,220,80,76,65,78,82,82,77,76,78,81,82,80,74,74,75,74,70,60,70,66,50,52,66,61,77,71,75,67,77,53,78,67
[ 384.820277] [AOA] Measurement: 0,1627159126.658407,08:55:31:9b:04:ac,2,1,2,0,128,468,119,251,895,683,994,473,313,173,980,755,71,417,551,1006,230,808,641,586,295,872,351,1001,208,817,257,612,182,369,208,465,126,72,73,57,70,74,76,69,68,74,72,74,74,68,66,67,67,62,53,62,58,43,46,58,54,71,67,72,63,72,48,74,63
[ 384.862405] [AOA] Measurement: 0,1627159126.700542,08:55:31:9b:04:ac,2,1,2,0,128,542,141,704,742,153,816,1004,126,204,996,751,129,397,558,53,322,341,884,132,500,375,559,494,379,772,207,623,170,387,224,350,997,78,77,61,75,76,79,70,77,77,76,78,82,75,75,78,75,73,63,69,67,56,59,69,63,79,77,79,75,82,60,83,79
[ 384.905862] [AOA] Measurement: 0,1627159126.743999,08:55:31:9b:04:ac,2,1,2,0,128,1018,989,674,704,106,804,985,133,803,158,833,160,402,537,12,257,859,704,118,492,822,338,568,469,757,241,113,311,375,213,847,596,80,80,65,79,79,83,75,76,83,80,81,81,76,75,77,75,74,62,70,67,52,56,67,62,81,75,79,72,79,57,82,73
[ 384.949375] [AOA] Measurement: 0,1627159126.787509,08:55:31:9b:04:ac,2,1,2,0,128,957,918,626,670,142,815,15,173,196,965,215,941,850,343,479,98,330,846,625,329,393,539,990,244,299,411,73,340,941,378,382,19,80,78,63,77,80,81,75,74,79,79,82,82,75,75,76,72,71,61,70,65,49,52,66,61,79,74,80,71,80,54,79,71
[ 384.987250] [AOA] Measurement: 0,1627159126.825387,08:55:31:9b:04:ac,2,1,2,0,128,980,938,716,712,75,794,989,120,773,178,746,121,391,523,478,72,338,833,623,259,885,365,1004,228,240,383,548,168,895,362,208,894,80,79,65,80,79,81,77,78,83,81,81,84,75,76,78,75,72,61,70,67,53,57,68,62,81,76,78,70,79,56,82,72
[ 385.025246] [AOA] Measurement: 0,1627159126.863381,08:55:31:9b:04:ac,2,1,2,0,128,507,137,222,895,672,990,528,329,769,152,791,122,889,374,494,78,342,896,128,471,869,355,545,448,294,458,110,362,927,400,87,680,80,76,61,76,74,80,73,79,80,77,79,82,74,73,77,73,74,63,70,67,54,59,70,64,79,77,79,75,80,59,83,79
[ 385.068738] [AOA] Measurement: 0,1627159126.906873,08:55:31:9b:04:ac,2,1,2,0,128,983,947,755,757,90,771,933,100,177,960,245,962,914,416,459,50,814,689,564,287,868,367,982,195,801,267,638,192,361,143,1008,681,78,78,61,78,78,81,73,77,79,77,80,81,73,74,78,76,72,62,70,66,53,55,69,64,80,76,79,73,80,59,84,75
[ 385.111450] [AOA] Measurement: 0,1627159126.949585,08:55:31:9b:04:ac,2,1,2,0,128,579,149,211,871,102,809,1010,169,791,184,764,125,916,370,462,43,863,706,598,318,400,592,982,241,770,255,69,330,924,403,989,599,79,78,65,77,79,82,75,75,83,83,83,83,76,76,76,75,72,62,72,68,53,55,65,62,80,76,79,73,81,55,81,74
[ 385.149635] [AOA] Measurement: 0,1627159126.987765,08:55:31:9b:04:ac,2,1,2,0,128,994,951,732,720,694,1008,515,321,203,971,218,984,394,547,455,58,835,666,554,284,857,333,32,281,291,424,109,372,940,411,602,190,76,77,62,74,78,79,75,67,81,77,81,74,71,70,66,66,64,55,64,58,40,46,57,55,73,65,71,59,71,44,70,53
[ 385.192514] [AOA] Measurement: 0,1627159127.030644,08:55:31:9b:04:ac,2,1,2,0,128,541,168,241,909,647,984,1008,108,754,150,680,83,919,440,460,54,798,656,603,343,846,345,1021,267,801,230,583,169,371,190,18,819,78,78,65,80,81,81,76,75,83,80,81,83,75,75,77,74,71,61,71,66,52,54,67,61,80,74,79,72,80,56,82,71
[ 385.242175] [AOA] Measurement: 0,1627159127.080307,08:55:31:9b:04:ac,2,1,2,0,128,567,190,156,856,659,1019,499,317,744,164,806,115,361,523,948,213,396,898,586,318,962,414,564,460,329,483,113,348,914,397,607,225,77,77,64,76,79,79,75,71,81,79,79,78,72,74,71,72,67,58,69,63,47,49,63,58,77,69,76,64,76,49,76,62
[ 385.288029] [AOA] Measurement: 0,1627159127.126164,08:55:31:9b:04:ac,2,1,2,0,128,545,155,174,914,662,1002,552,344,754,153,782,112,897,387,1013,239,824,664,579,293,395,572,572,438,367,466,109,376,903,372,359,11,79,79,64,78,79,82,75,78,82,80,81,83,75,76,79,75,73,63,69,67,53,57,68,63,81,75,77,73,81,57,82,74
