
[ 9023.981107] [AOA] Measurement: 0,1627167765.819163,08:55:31:9b:05:29,2,1,2,0,128,759,799,322,608,254,822,968,164,69,319,1018,153,667,928,554,266,495,111,91,980,431,72,92,128,374,466,193,308,653,258,499,284,81,59,71,76,72,76,71,73,73,71,81,77,62,77,74,75,76,63,58,77,70,64,68,48,68,71,70,61,70,80,66,84
[ 9024.026382] [AOA] Measurement: 0,1627167765.864442,08:55:31:9b:05:29,2,1,2,0,128,840,819,332,587,794,991,455,315,516,96,422,927,118,736,599,259,117,355,630,169,997,258,106,153,363,463,235,364,682,328,0,734,82,58,69,74,72,76,73,75,75,75,83,77,60,77,72,73,75,62,56,76,68,66,68,48,68,73,71,61,72,81,68,84
[ 9024.070766] [AOA] Measurement: 0,1627167765.908829,08:55:31:9b:05:29,2,1,2,0,128,326,1000,910,819,829,1022,514,378,121,342,30,157,661,972,195,562,60,341,720,229,1003,290,101,168,262,422,666,119,724,320,400,90,82,58,72,75,73,76,72,74,73,73,82,74,60,78,72,74,75,63,56,77,69,64,66,48,68,71,70,59,69,80,64,82
[ 9024.109674] [AOA] Measurement: 0,1627167765.947738,08:55:31:9b:05:29,2,1,2,0,128,842,836,924,827,779,989,973,177,989,237,5,152,637,893,135,485,46,313,675,173,964,245,118,185,416,537,210,322,760,363,692,244,100,70,87,90,85,91,87,90,88,88,100,91,72,91,87,88,91,75,68,90,80,77,80,57,82,86,84,71,86,98,80,100
[ 9024.148356] [AOA] Measurement: 0,1627167765.986417,08:55:31:9b:05:29,2,1,2,0,128,323,1015,879,791,753,1003,519,364,79,305,998,160,725,934,203,557,111,384,681,204,1021,306,100,181,367,460,219,364,741,363,410,1010,84,59,72,75,74,76,72,77,74,75,82,74,60,79,74,73,76,64,58,78,70,64,69,49,70,74,71,62,73,84,68,85
[ 9024.192792] [AOA] Measurement: 0,1627167766.030848,08:55:31:9b:05:29,2,1,2,0,128,783,795,304,547,230,799,1002,162,438,54,475,976,113,746,532,217,577,152,85,972,388,45,56,132,355,458,172,298,135,110,450,256,67,55,57,64,61,65,64,68,62,66,71,68,56,67,68,65,68,53,49,64,60,62,65,49,63,70,69,61,71,78,68,80
[ 9024.242922] [AOA] Measurement: 0,1627167766.080978,08:55:31:9b:05:29,2,1,2,0,128,846,847,916,802,807,978,960,138,470,34,439,937,119,718,557,236,520,119,125,1007,473,119,537,942,790,252,649,102,188,169,1021,776,85,59,73,75,72,76,72,76,74,74,83,75,61,78,72,74,76,66,57,77,69,65,67,47,68,73,68,58,68,80,64,83
[ 9024.287714] [AOA] Measurement: 0,1627167766.125777,08:55:31:9b:05:29,2,1,2,0,128,379,1010,957,873,793,1005,466,312,448,1014,439,931,173,755,102,455,138,372,616,164,948,242,29,89,765,186,681,134,103,98,78,911,83,58,70,74,73,76,72,75,70,72,81,76,60,74,73,72,77,61,59,77,68,66,69,51,68,74,73,63,75,82,70,85
[ 9024.332144] [AOA] Measurement: 0,1627167766.170203,08:55:31:9b:05:29,2,1,2,0,128,339,1013,863,795,848,1014,514,363,41,285,42,181,725,962,61,433,183,432,691,234,1009,302,128,194,331,459,257,358,688,333,898,578,83,60,71,76,71,75,73,75,73,73,83,77,61,77,74,74,77,64,58,77,68,64,66,48,69,72,70,60,71,81,67,82
[ 9024.377780] [AOA] Measurement: 0,1627167766.215843,08:55:31:9b:05:29,2,1,2,0,128,282,938,397,625,181,761,917,106,492,66,462,951,81,666,582,268,514,118,61,973,436,98,522,935,823,260,235,322,658,317,531,231,81,59,69,72,69,74,72,74,74,74,82,76,61,77,73,74,76,64,58,76,69,64,68,48,70,72,69,60,70,82,64,82
[ 9024.423504] [AOA] Measurement: 0,1627167766.261561,08:55:31:9b:05:29,2,1,2,0,128,810,804,340,606,229,822,923,125,443,28,477,988,135,713,592,282,583,181,672,164,443,105,95,149,327,459,215,290,142,115,836,527,81,51,73,71,69,74,68,71,72,71,81,72,57,74,68,71,71,64,54,75,65,59,62,43,65,65,64,54,65,76,61,77
[ 9024.473392] [AOA] Measurement: 0,1627167766.311448,08:55:31:9b:05:29,2,1,2,0,128,861,828,333,614,297,829,938,133,44,256,24,155,697,939,142,515,55,354,641,168,954,238,79,134,320,432,255,357,681,271,10,835,79,56,70,73,71,76,74,74,75,74,84,77,59,77,71,72,75,64,56,75,68,62,63,44,67,68,64,53,64,76,57,76
[ 9024.518176] [AOA] Measurement: 0,1627167766.356236,08:55:31:9b:05:29,2,1,2,0,128,372,4,277,558,323,838,981,141,500,92,1011,163,648,920,105,434,585,165,681,174,964,267,55,140,293,404,217,326,741,371,823,468,79,58,70,73,70,73,70,73,71,73,81,74,61,75,72,71,75,62,57,75,66,64,69,50,69,72,70,61,72,82,68,84
[ 9024.561434] [AOA] Measurement: 0,1627167766.399490,08:55:31:9b:05:29,2,1,2,0,128,330,1020,924,846,846,23,466,327,32,302,64,177,721,929,99,439,77,356,126,10,441,68,61,128,330,469,225,337,717,351,68,713,83,59,70,73,71,75,72,74,73,74,84,78,62,77,74,75,76,64,57,76,70,67,69,49,69,75,70,61,72,82,70,85
[ 9024.603949] [AOA] Measurement: 0,1627167766.442012,08:55:31:9b:05:29,2,1,2,0,128,361,1021,892,780,199,763,979,180,1023,247,961,100,94,728,562,207,527,119,96,1005,419,17,590,970,368,508,200,361,683,281,459,218,83,57,74,75,74,76,72,75,74,74,84,76,59,78,70,72,75,65,57,78,68,63,67,46,70,72,67,58,69,80,64,82
[ 9024.648193] [AOA] Measurement: 0,1627167766.486249,08:55:31:9b:05:29,2,1,2,0,128,338,3,828,758,207,786,974,184,1006,237,27,163,649,902,591,281,506,129,145,3,406,51,536,962,823,259,668,116,120,127,441,212,83,58,72,75,72,76,72,74,73,73,83,77,60,76,73,75,75,65,57,77,67,66,69,50,69,73,72,62,73,83,69,84
[ 9024.695904] [AOA] Measurement: 0,1627167766.533966,08:55:31:9b:05:29,2,1,2,0,128,385,9,855,767,210,777,981,164,517,73,467,986,114,725,141,471,523,155,78,977,406,62,111,155,341,456,263,348,761,347,750,334,82,56,73,74,70,74,69,73,74,73,83,76,58,78,72,71,74,62,55,75,65,61,65,45,67,71,68,57,68,79,64,78
[ 9024.738338] [AOA] Measurement: 0,1627167766.576398,08:55:31:9b:05:29,2,1,2,0,128,327,993,888,788,802,996,1008,184,1010,248,1015,145,635,909,163,502,74,337,751,200,1003,283,998,84,344,453,294,344,696,355,672,460,84,59,74,75,74,78,73,76,76,75,84,76,61,77,73,73,77,64,58,77,70,64,69,49,69,72,69,59,70,82,66,84
[ 9024.787424] [AOA] Measurement: 0,1627167766.625479,08:55:31:9b:05:29,2,1,2,0,128,361,4,265,570,234,808,935,144,51,292,16,149,630,879,88,478,67,328,720,230,1003,272,51,117,323,456,216,325,674,292,710,552,81,58,71,73,70,74,70,73,73,70,81,75,58,77,72,72,75,62,57,76,68,64,67,49,68,72,69,59,69,79,63,78
[ 9024.831476] [AOA] Measurement: 0,1627167766.669539,08:55:31:9b:05:29,2,1,2,0,128,327,999,875,804,877,68,477,343,118,312,985,116,687,910,94,429,617,217,637,155,994,274,75,124,307,413,164,316,765,365,71,824,82,59,73,75,72,76,72,74,72,72,83,75,60,76,73,71,76,64,56,76,68,64,68,47,68,71,68,58,69,81,64,82
[ 9024.869721] [AOA] Measurement: 0,1627167766.707784,08:55:31:9b:05:29,2,1,2,0,128,767,800,270,556,240,805,988,128,473,32,433,943,89,689,578,249,523,125,34,961,418,61,550,975,810,232,198,293,702,311,1022,819,81,56,72,74,73,76,72,74,74,73,81,73,57,75,72,73,74,63,55,75,65,59,63,45,66,67,65,55,65,78,61,78
[ 9024.913628] [AOA] Measurement: 0,1627167766.751691,08:55:31:9b:05:29,2,1,2,0,128,352,968,944,810,809,986,500,360,69,295,993,140,679,937,161,495,102,346,670,165,1007,321,68,138,321,449,155,291,687,315,196,939,80,59,70,74,70,75,71,73,69,71,80,75,60,74,75,74,76,63,56,76,69,67,67,50,68,73,71,61,73,80,67,84
[ 9024.956003] [AOA] Measurement: 0,1627167766.794059,08:55:31:9b:05:29,2,1,2,0,128,342,1017,924,791,774,981,927,122,436,52,478,1021,75,663,528,269,496,106,90,1003,450,96,525,940,777,228,719,155,729,340,418,137,78,58,67,69,70,73,70,74,72,72,80,73,60,73,72,72,75,62,58,74,67,65,67,48,68,71,70,61,73,82,67,84
[ 9024.999469] [AOA] Measurement: 0,1627167766.837525,08:55:31:9b:05:29,2,1,2,0,128,851,821,309,550,263,782,929,136,498,58,29,141,622,899,550,255,517,151,55,973,425,39,554,968,855,274,233,323,80,90,873,584,81,58,71,73,70,74,70,73,70,71,78,73,60,75,70,71,74,63,56,73,69,66,67,48,68,72,70,59,71,81,65,82
[ 9025.041854] [AOA] Measurement: 0,1627167766.879917,08:55:31:9b:05:29,2,1,2,0,128,368,1007,888,794,224,780,938,104,476,34,11,158,660,880,137,474,37,303,146,1017,391,44,122,173,284,406,719,180,674,279,628,434,83,58,71,74,72,76,73,76,72,74,83,76,61,77,72,74,76,64,56,78,68,63,67,49,69,70,69,59,69,80,66,83
[ 9025.080412] [AOA] Measurement: 0,1627167766.918469,08:55:31:9b:05:29,2,1,2,0,128,383,23,877,773,772,1006,545,373,43,300,994,122,694,916,157,526,107,370,747,202,42,313,124,166,368,490,216,311,653,298,452,140,82,58,73,76,73,77,73,76,74,73,82,76,61,76,73,74,76,63,57,77,70,67,67,49,70,72,71,61,72,82,66,83
[ 9025.125682] [AOA] Measurement: 0,1627167766.963743,08:55:31:9b:05:29,2,1,2,0,128,437,51,921,831,817,999,488,345,9,263,51,209,686,917,127,465,72,316,681,209,977,271,80,158,403,498,271,381,754,374,152,713,81,57,71,73,72,76,73,75,73,74,84,76,60,73,70,72,73,64,55,77,67,62,67,46,68,70,67,56,68,79,63,79
[ 9025.163550] [AOA] Measurement: 0,1627167767.001613,08:55:31:9b:05:29,2,1,2,0,128,401,34,908,854,807,985,481,354,1014,213,477,999,663,919,565,255,86,343,631,155,994,258,53,120,376,492,241,347,660,299,745,489,81,59,70,74,73,74,72,74,72,74,79,75,61,76,73,73,75,62,57,76,67,65,68,48,68,73,71,62,72,83,68,84
[ 9025.206947] [AOA] Measurement: 0,1627167767.045010,08:55:31:9b:05:29,2,1,2,0,128,376,998,840,762,180,771,945,139,523,84,460,969,754,978,125,495,69,360,50,956,425,64,74,158,310,423,227,354,680,322,925,607,79,58,69,74,70,76,73,75,72,72,82,75,59,74,74,73,76,63,56,75,68,64,68,48,70,72,68,59,70,82,67,82
[ 9025.253803] [AOA] Measurement: 0,1627167767.091836,08:55:31:9b:05:29,2,1,2,0,128,833,853,909,800,854,17,512,380,2,248,411,939,144,713,560,213,632,186,703,215,964,307,57,133,765,194,659,100,189,144,615,410,79,58,67,71,67,73,70,74,69,71,78,74,61,73,71,70,76,59,55,73,66,65,67,50,67,72,72,62,72,82,70,84
[ 9025.299490] [AOA] Measurement: 0,1627167767.137551,08:55:31:9b:05:29,2,1,2,0,128,874,872,913,835,748,987,441,318,52,315,950,89,109,703,561,264,526,118,88,985,416,91,547,975,813,251,254,339,691,314,500,126,81,58,70,73,72,75,71,74,72,74,82,77,60,76,74,74,74,61,57,75,69,64,68,50,69,74,71,62,72,84,69,84
[ 9025.337720] [AOA] Measurement: 0,1627167767.175782,08:55:31:9b:05:29,2,1,2,0,128,352,997,864,783,796,1014,483,308,65,273,1013,105,638,879,526,212,516,126,55,952,382,20,603,987,311,441,166,299,153,138,249,35,82,59,71,72,72,75,72,77,72,73,83,78,60,76,73,73,77,63,57,75,68,64,67,48,67,70,70,60,71,82,67,84
[ 9025.383064] [AOA] Measurement: 0,1627167767.221120,08:55:31:9b:05:29,2,1,2,0,128,319,1020,880,805,809,990,507,340,2,267,17,153,628,868,91,430,170,419,732,221,1,312,68,89,382,479,218,338,674,287,435,15,82,59,72,75,72,74,72,73,74,75,83,74,59,77,71,75,77,64,56,78,70,65,68,47,68,72,69,59,72,81,67,82
[ 9025.439787] [AOA] Measurement: 0,1627167767.277843,08:55:31:9b:05:29,2,1,2,0,128,361,999,293,569,287,833,948,150,502,89,356,910,27,648,551,221,583,191,119,1014,446,107,512,972,823,249,679,133,56,41,791,799,84,58,72,74,74,77,72,74,73,72,83,73,58,76,72,71,76,65,56,78,67,62,65,47,68,70,66,57,68,79,62,80
[ 9025.482885] [AOA] Measurement: 0,1627167767.320941,08:55:31:9b:05:29,2,1,2,0,128,818,815,343,600,221,789,940,128,444,27,455,947,105,737,529,219,127,371,633,206,983,267,98,153,343,432,659,75,101,100,862,686,83,58,73,74,72,75,72,74,74,74,84,75,59,77,73,74,74,65,56,78,69,64,66,46,67,71,66,57,67,79,62,78
[ 9025.535282] [AOA] Measurement: 0,1627167767.373338,08:55:31:9b:05:29,2,1,2,0,128,800,777,273,510,174,764,981,158,494,67,498,1000,106,725,594,242,564,172,639,157,406,53,524,938,708,140,631,65,107,83,856,863,82,59,72,76,72,75,71,72,72,72,81,76,58,75,71,72,74,63,57,75,69,64,68,47,69,73,69,60,70,80,66,82
[ 9025.578318] [AOA] Measurement: 0,1627167767.416374,08:55:31:9b:05:29,2,1,2,0,128,853,869,920,818,850,1022,475,340,1023,264,483,999,695,921,524,202,526,133,172,40,993,296,53,95,375,493,231,335,747,354,468,70,80,59,69,72,69,73,70,74,70,71,78,76,61,75,74,72,74,61,57,75,68,64,69,51,68,74,70,62,74,82,68,82
[ 9025.624308] [AOA] Measurement: 0,1627167767.462371,08:55:31:9b:05:29,2,1,2,0,128,353,1007,352,613,263,806,966,165,446,64,386,953,127,737,649,320,40,339,107,1012,968,244,130,166,313,405,687,133,108,99,702,415,84,59,72,74,72,74,73,76,73,74,83,77,61,79,75,71,76,63,57,75,67,64,69,49,70,74,70,61,72,81,68,86
[ 9025.663356] [AOA] Measurement: 0,1627167767.501419,08:55:31:9b:05:29,2,1,2,0,128,333,992,882,800,850,1022,521,366,22,270,20,167,678,908,56,413,21,309,118,1013,466,75,586,979,801,212,203,294,105,90,652,342,84,58,74,76,73,78,72,76,74,74,83,76,60,78,73,73,76,64,57,76,68,64,67,47,68,71,70,58,70,81,67,83
[ 9025.709293] [AOA] Measurement: 0,1627167767.547349,08:55:31:9b:05:29,2,1,2,0,128,831,810,852,750,236,810,974,141,15,265,4,140,702,966,163,496,62,367,602,159,923,249,67,111,796,234,666,125,134,121,3,737,83,59,73,74,73,77,72,75,75,76,83,76,62,78,73,71,75,63,56,77,69,64,66,48,69,71,68,60,71,81,68,84
[ 9025.752355] [AOA] Measurement: 0,1627167767.590417,08:55:31:9b:05:29,2,1,2,0,128,796,778,286,569,197,739,968,145,562,116,998,99,198,787,589,290,108,356,80,1001,366,21,532,944,804,255,680,123,148,108,0,783,92,70,82,88,83,89,84,89,84,87,95,89,71,91,86,87,90,74,69,90,82,76,82,57,80,85,84,72,87,97,82,99
[ 9025.795635] [AOA] Measurement: 0,1627167767.633695,08:55:31:9b:05:29,2,1,2,0,128,810,792,367,610,277,845,566,419,62,342,0,142,634,888,559,235,587,158,151,20,423,100,91,124,348,455,226,333,693,308,555,298,82,57,71,73,70,75,72,76,74,75,83,77,59,78,72,74,75,63,58,77,68,64,68,49,69,70,70,58,70,82,67,84
[ 9025.838549] [AOA] Measurement: 0,1627167767.676610,08:55:31:9b:05:29,2,1,2,0,128,829,814,341,608,233,811,971,160,457,65,422,937,100,716,562,238,507,130,131,9,420,35,552,980,850,277,202,288,712,338,876,640,85,57,74,76,72,76,72,73,74,73,83,75,58,76,72,73,73,65,56,75,68,63,67,46,68,70,67,56,68,79,64,80
[ 9025.883946] [AOA] Measurement: 0,1627167767.722002,08:55:31:9b:05:29,2,1,2,0,128,363,1022,330,599,204,780,946,137,491,61,493,1009,659,927,135,497,57,354,598,135,953,254,58,113,806,249,183,281,659,284,283,15,83,56,74,75,72,77,72,73,74,72,82,75,59,76,71,70,74,63,54,74,68,62,65,46,67,70,66,56,67,78,61,80
[ 9025.937175] [AOA] Measurement: 0,1627167767.775237,08:55:31:9b:05:29,2,1,2,0,128,382,36,938,843,742,981,484,342,480,87,0,131,105,694,566,232,568,168,44,921,453,107,564,970,838,284,652,136,718,339,797,472,80,59,69,72,70,74,72,72,72,75,81,75,60,75,73,73,77,63,57,76,68,65,66,48,68,71,69,61,72,82,68,84
[ 9025.980076] [AOA] Measurement: 0,1627167767.818132,08:55:31:9b:05:29,2,1,2,0,128,366,28,902,833,845,6,458,325,459,88,442,949,110,689,656,308,96,383,672,189,979,298,32,96,391,490,192,317,724,353,591,309,82,57,73,74,72,76,71,74,74,73,82,75,59,77,72,72,75,65,54,76,68,63,66,46,67,71,65,56,68,79,63,79
[ 9026.022366] [AOA] Measurement: 0,1627167767.860429,08:55:31:9b:05:29,2,1,2,0,128,392,8,836,787,266,786,1008,179,70,289,990,117,667,869,551,239,67,331,709,207,965,283,84,115,338,456,220,287,661,298,207,989,82,58,72,74,72,75,73,75,73,75,82,77,61,77,73,73,75,62,56,75,66,62,67,47,66,71,69,59,70,81,66,84
[ 9026.066020] [AOA] Measurement: 0,1627167767.904082,08:55:31:9b:05:29,2,1,2,0,128,819,813,326,606,183,748,947,140,432,11,507,1019,650,902,96,437,88,374,641,160,356,27,550,943,765,220,654,106,149,123,467,269,82,58,71,75,71,77,71,76,74,75,84,76,61,79,72,73,76,64,56,77,67,62,67,47,69,69,69,60,70,81,67,82
[ 9026.109142] [AOA] Measurement: 0,1627167767.947202,08:55:31:9b:05:29,2,1,2,0,128,339,1003,877,794,857,4,475,317,47,318,8,157,704,939,35,415,582,146,120,1020,13,314,112,146,369,447,245,342,706,315,861,668,80,59,70,74,70,76,72,74,74,75,83,76,62,74,71,73,74,61,58,73,69,65,68,48,67,73,70,61,73,81,69,85
[ 9026.152047] [AOA] Measurement: 0,1627167767.990107,08:55:31:9b:05:29,2,1,2,0,128,838,826,902,793,771,953,947,128,462,52,32,142,692,919,172,531,109,424,613,166,1011,258,21,118,382,465,210,331,96,54,542,396,79,58,69,72,70,74,73,72,69,72,80,77,61,76,73,73,75,61,57,76,67,67,70,52,67,72,70,62,74,82,71,87
[ 9026.191054] [AOA] Measurement: 0,1627167768.029109,08:55:31:9b:05:29,2,1,2,0,128,379,16,844,781,813,995,578,394,70,297,33,148,639,920,566,260,569,157,114,10,448,113,131,171,403,486,204,336,723,346,969,646,79,60,67,74,71,74,70,75,70,70,79,74,60,74,72,70,75,61,55,73,68,66,68,50,67,74,71,63,74,81,70,83
[ 9026.233064] [AOA] Measurement: 0,1627167768.071127,08:55:31:9b:05:29,2,1,2,0,128,344,1004,334,602,268,832,570,406,985,248,1013,125,697,962,138,433,86,361,652,179,15,322,114,149,300,445,210,299,650,280,90,919,82,59,73,75,72,76,73,76,74,74,84,76,61,77,74,71,76,65,58,77,68,65,68,47,70,73,70,59,70,82,65,81
[ 9026.278136] [AOA] Measurement: 0,1627167768.116197,08:55:31:9b:05:29,2,1,2,0,128,782,802,348,595,264,837,992,182,33,263,22,157,684,927,49,422,531,160,657,133,961,244,542,940,783,207,667,95,137,99,950,775,84,58,72,74,72,76,73,74,74,73,83,75,58,77,71,70,73,65,56,77,68,61,67,46,68,69,67,57,66,77,61,78
[ 9026.316888] [AOA] Measurement: 0,1627167768.154944,08:55:31:9b:05:29,2,1,2,0,128,359,12,862,772,270,793,527,351,500,72,430,927,114,696,540,215,562,159,155,1022,969,281,12,119,798,248,274,369,734,342,614,298,82,60,73,75,72,75,73,75,74,72,82,78,61,77,75,75,76,64,57,77,70,66,69,48,68,74,72,63,73,82,68,84
[ 9026.364687] [AOA] Measurement: 0,1627167768.202747,08:55:31:9b:05:29,2,1,2,0,128,787,804,352,616,223,818,945,148,451,47,499,980,95,681,591,283,88,358,101,1007,450,94,565,941,817,249,626,69,111,93,799,607,83,58,72,75,72,77,70,76,72,74,82,76,59,75,72,72,72,62,55,76,68,63,65,45,66,70,67,58,69,79,63,80
[ 9026.410319] [AOA] Measurement: 0,1627167768.248375,08:55:31:9b:05:29,2,1,2,0,128,858,845,266,567,265,819,960,133,451,29,485,976,146,759,119,470,479,100,119,984,401,46,538,942,802,235,654,86,201,143,478,366,81,59,72,73,71,75,72,75,72,73,79,74,62,73,72,74,75,62,57,76,67,66,68,48,69,71,70,62,73,83,67,85
[ 9026.452275] [AOA] Measurement: 0,1627167768.290331,08:55:31:9b:05:29,2,1,2,0,128,790,783,324,557,255,798,993,156,464,44,37,161,646,913,93,439,36,353,97,1014,467,89,547,942,796,235,636,79,146,107,106,881,78,58,66,70,66,72,71,73,71,73,81,77,61,75,72,73,76,61,57,75,69,65,69,49,68,73,70,61,73,82,68,84
[ 9026.497972] [AOA] Measurement: 0,1627167768.336034,08:55:31:9b:05:29,2,1,2,0,128,344,991,968,847,829,16,527,372,13,270,29,178,725,956,101,461,525,134,96,967,512,95,109,178,388,490,190,303,745,309,595,224,83,59,71,74,71,73,72,73,74,75,82,77,61,76,72,73,75,62,57,78,69,65,70,50,70,73,70,62,72,83,68,85
[ 9026.541402] [AOA] Measurement: 0,1627167768.379462,08:55:31:9b:05:29,2,1,2,0,128,334,5,845,768,758,995,933,94,404,3,443,941,112,701,569,246,526,118,118,1003,1009,267,20,121,777,216,690,109,109,61,652,564,83,58,73,75,70,74,72,73,75,75,82,76,60,78,74,74,76,65,58,76,68,65,67,47,69,69,69,58,69,79,63,80
[ 9026.585647] [AOA] Measurement: 0,1627167768.423710,08:55:31:9b:05:29,2,1,2,0,128,807,802,897,796,231,785,18,184,26,308,969,155,644,900,172,500,68,323,85,944,406,38,114,169,377,473,259,358,718,326,972,663,82,57,70,72,70,74,69,73,72,73,79,74,59,76,71,72,74,63,55,75,67,61,63,43,65,66,62,54,62,74,59,74
[ 9026.630788] [AOA] Measurement: 0,1627167768.468844,08:55:31:9b:05:29,2,1,2,0,128,779,797,294,617,277,795,976,183,500,65,430,905,697,910,95,484,60,356,111,991,447,108,101,150,345,479,198,309,722,356,725,428,81,60,69,74,72,74,70,74,70,72,80,74,60,74,73,70,73,61,55,74,67,65,69,49,67,73,72,62,74,83,69,86
[ 9026.674116] [AOA] Measurement: 0,1627167768.512178,08:55:31:9b:05:29,2,1,2,0,128,342,987,888,858,754,994,550,378,88,316,0,157,719,951,528,229,75,331,658,186,965,245,146,173,400,503,261,331,628,291,215,999,78,58,66,70,68,73,70,71,69,71,79,74,59,75,73,73,76,61,56,74,67,65,68,51,67,73,69,61,73,81,69,85
[ 9026.712414] [AOA] Measurement: 0,1627167768.550470,08:55:31:9b:05:29,2,1,2,0,128,846,835,335,612,228,806,959,129,64,332,1019,137,651,942,156,509,140,402,700,203,935,241,47,136,299,441,685,158,137,112,552,376,82,59,71,75,73,75,71,75,73,73,83,75,61,75,73,73,75,64,56,75,66,62,65,46,67,69,67,59,69,81,62,80
[ 9026.764300] [AOA] Measurement: 0,1627167768.602356,08:55:31:9b:05:29,2,1,2,0,128,820,787,306,572,289,822,954,159,1018,218,27,172,650,880,90,480,80,328,47,999,406,72,543,969,337,425,216,324,697,325,574,328,84,59,73,75,72,76,72,73,72,74,83,77,60,75,73,73,76,65,57,76,69,65,68,49,70,71,70,61,72,82,68,84
[ 9026.814455] [AOA] Measurement: 0,1627167768.652511,08:55:31:9b:05:29,2,1,2,0,128,311,972,299,607,258,812,1003,208,1020,228,36,171,661,899,64,414,78,328,631,150,3,328,40,136,327,443,236,339,715,359,128,838,83,57,73,74,72,75,69,72,73,71,79,73,58,75,69,70,72,64,55,77,68,61,66,45,67,68,66,55,67,78,62,77
[ 9026.858819] [AOA] Measurement: 0,1627167768.696882,08:55:31:9b:05:29,2,1,2,0,128,858,812,307,579,242,802,973,163,39,276,51,179,661,908,101,478,36,321,91,985,1016,309,90,130,311,436,178,291,665,334,228,907,84,57,72,74,72,76,71,72,72,72,83,75,58,76,71,73,72,63,55,75,68,61,65,45,67,70,66,55,67,79,62,78
[ 9026.903214] [AOA] Measurement: 0,1627167768.741277,08:55:31:9b:05:29,2,1,2,0,128,811,821,301,567,255,819,986,148,499,76,526,1018,669,921,113,457,545,115,125,1002,15,330,76,116,260,393,629,85,99,72,692,569,80,60,70,73,70,74,72,76,71,74,80,75,61,76,73,74,76,62,57,76,69,67,68,50,69,74,71,62,74,83,68,85
[ 9026.953113] [AOA] Measurement: 0,1627167768.791168,08:55:31:9b:05:29,2,1,2,0,128,434,41,955,846,829,996,464,317,480,58,455,989,82,685,569,248,554,149,127,1023,6,348,104,172,377,443,218,349,695,359,683,339,80,55,68,71,69,73,69,73,72,72,83,76,61,78,74,74,75,64,57,78,69,65,68,49,68,72,69,59,70,79,66,83
[ 9027.003147] [AOA] Measurement: 0,1627167768.841203,08:55:31:9b:05:29,2,1,2,0,128,806,825,276,582,277,839,947,144,498,64,456,952,658,924,92,410,559,125,104,996,438,63,561,981,821,253,645,133,122,136,533,269,75,56,63,68,65,71,66,71,67,68,75,71,57,71,71,69,72,56,53,70,64,64,66,49,63,70,69,62,70,78,68,81
[ 9027.047977] [AOA] Measurement: 0,1627167768.886037,08:55:31:9b:05:29,2,1,2,0,128,310,954,859,796,290,831,1015,182,29,288,1003,133,722,954,173,516,141,407,709,216,973,289,39,118,344,478,186,318,758,375,969,628,83,53,73,73,70,76,73,73,74,73,83,75,58,74,69,72,73,64,54,74,67,61,63,44,66,67,63,54,64,77,60,77
[ 9027.092462] [AOA] Measurement: 0,1627167768.930517,08:55:31:9b:05:29,2,1,2,0,128,332,1016,938,813,784,1004,552,354,31,282,8,182,677,932,140,472,197,437,758,259,1017,309,152,195,391,496,172,300,708,312,640,339,76,57,67,70,68,73,69,70,67,69,79,75,60,73,71,71,75,61,54,73,66,66,68,49,69,74,70,62,73,80,68,85
[ 9027.142868] [AOA] Measurement: 0,1627167768.980924,08:55:31:9b:05:29,2,1,2,0,128,822,819,919,800,793,986,490,353,10,247,20,193,611,907,559,286,528,147,81,1003,994,265,99,150,313,416,240,348,670,294,322,25,84,58,72,75,72,75,72,75,73,75,83,75,59,76,73,71,75,62,56,77,67,65,68,49,67,73,69,61,72,82,67,85
[ 9027.199355] [AOA] Measurement: 0,1627167769.037411,08:55:31:9b:05:29,2,1,2,0,128,875,830,341,582,813,1013,930,143,444,53,452,939,125,695,609,284,80,355,719,199,944,277,521,933,823,266,716,148,666,279,425,250,85,57,72,73,71,74,71,72,75,71,83,76,57,75,71,73,72,63,56,76,69,62,65,45,67,69,66,54,67,77,62,76
[ 9027.241716] [AOA] Measurement: 0,1627167769.079779,08:55:31:9b:05:29,2,1,2,0,128,360,12,872,813,812,1022,496,364,44,292,1018,165,667,913,128,437,493,102,6,952,440,70,503,960,785,243,739,178,728,364,520,232,81,59,70,74,72,77,73,76,72,73,82,77,61,76,72,71,74,60,55,76,67,65,68,49,69,74,72,62,74,82,67,84
[ 9027.282930] [AOA] Measurement: 0,1627167769.120986,08:55:31:9b:05:29,2,1,2,0,128,392,9,966,852,783,974,434,297,54,296,6,152,670,916,579,278,586,194,95,998,423,96,583,960,362,457,183,317,672,295,502,244,82,58,72,75,71,76,70,76,74,74,83,78,62,77,74,73,75,62,56,76,69,66,69,50,69,75,71,61,75,84,70,86
[ 9027.332874] [AOA] Measurement: 0,1627167769.170929,08:55:31:9b:05:29,2,1,2,0,128,814,820,320,583,784,1014,518,342,1012,237,388,928,123,708,567,240,568,183,56,955,404,41,622,993,800,252,214,352,656,298,356,192,84,59,73,75,73,77,73,75,73,75,82,76,60,77,71,74,74,63,58,77,70,66,68,49,69,72,70,60,73,82,68,84
[ 9027.387076] [AOA] Measurement: 0,1627167769.225139,08:55:31:9b:05:29,2,1,2,0,128,389,3,866,766,828,991,898,119,465,45,450,958,117,728,543,225,611,193,635,157,468,75,132,166,328,428,729,152,114,127,692,415,77,59,66,72,68,70,71,73,70,71,78,73,60,73,72,71,72,61,56,73,66,65,67,48,68,73,71,62,73,83,69,84
[ 9027.431002] [AOA] Measurement: 0,1627167769.269062,08:55:31:9b:05:29,2,1,2,0,128,316,1004,880,819,835,8,583,414,31,282,6,164,714,965,137,469,82,329,711,202,953,215,40,127,352,467,227,326,764,364,842,438,82,56,73,74,70,75,68,71,73,72,82,72,58,75,71,74,73,63,54,77,67,61,64,45,67,69,65,56,66,76,62,76
[ 9027.474979] [AOA] Measurement: 0,1627167769.313042,08:55:31:9b:05:29,2,1,2,0,128,343,1018,931,795,826,1008,517,365,987,227,490,1000,57,707,523,229,557,136,68,1001,446,76,120,146,303,450,267,364,715,329,575,260,84,57,73,75,72,76,71,75,73,73,83,74,60,78,72,71,74,63,55,76,68,62,63,45,67,69,66,59,68,79,63,80
[ 9027.518298] [AOA] Measurement: 0,1627167769.356353,08:55:31:9b:05:29,2,1,2,0,128,385,1016,928,824,752,971,488,342,476,80,482,956,145,730,167,485,61,361,5,929,376,79,523,930,795,256,230,338,646,270,666,337,82,58,72,74,69,75,72,75,73,74,82,75,59,75,70,73,75,63,58,74,68,65,68,48,70,73,69,59,71,81,66,83
[ 9027.561488] [AOA] Measurement: 0,1627167769.399543,08:55:31:9b:05:29,2,1,2,0,128,804,767,290,505,247,791,946,74,434,19,463,959,44,628,516,196,501,115,30,928,390,19,535,915,814,222,661,126,114,90,811,588,75,56,65,70,67,72,68,71,66,70,76,72,59,73,72,70,73,58,54,70,65,63,67,48,65,72,69,63,71,78,68,83
[ 9027.604283] [AOA] Measurement: 0,1627167769.442339,08:55:31:9b:05:29,2,1,2,0,128,829,826,957,849,816,7,438,323,476,85,404,957,726,934,99,446,518,126,147,1021,919,240,91,143,822,262,223,327,737,314,663,339,84,59,73,75,73,77,74,76,75,75,83,76,60,76,74,75,78,63,59,77,68,63,68,50,70,72,70,63,74,83,67,86
[ 9027.654895] [AOA] Measurement: 0,1627167769.492951,08:55:31:9b:05:29,2,1,2,0,128,323,984,301,613,260,820,986,148,460,51,458,957,762,961,147,491,47,342,608,130,10,296,49,119,775,240,209,317,687,322,450,168,79,58,69,74,70,75,69,73,70,72,80,76,59,73,72,72,73,61,57,73,66,65,68,50,68,73,71,62,72,81,68,85
[ 9027.707368] [AOA] Measurement: 0,1627167769.545428,08:55:31:9b:05:29,2,1,2,0,128,347,972,395,637,830,1010,527,364,1014,264,990,137,689,945,77,445,70,309,78,978,423,83,494,930,793,242,659,106,142,115,4,772,81,60,69,73,69,74,70,73,69,72,78,76,61,75,75,71,76,62,57,75,68,64,68,50,68,74,71,63,73,83,71,84
[ 9027.751449] [AOA] Measurement: 0,1627167769.589511,08:55:31:9b:05:29,2,1,2,0,128,868,832,911,831,823,1017,506,352,54,291,1000,130,673,885,136,466,91,339,701,186,1023,262,73,121,324,457,274,371,760,361,929,532,83,59,71,76,72,77,72,75,75,73,82,76,60,77,74,73,76,64,58,77,69,65,69,48,70,74,71,61,70,82,67,86
[ 9027.801500] [AOA] Measurement: 0,1627167769.639556,08:55:31:9b:05:29,2,1,2,0,128,773,794,316,560,264,814,939,151,47,266,23,159,652,904,644,288,548,143,114,984,967,242,77,130,797,243,709,156,681,285,549,226,79,58,68,72,69,72,67,72,70,72,79,74,58,73,71,71,74,62,57,74,67,65,68,49,68,73,69,60,72,81,68,83
[ 9027.848322] [AOA] Measurement: 0,1627167769.686382,08:55:31:9b:05:29,2,1,2,0,128,851,817,954,836,820,1012,521,310,1018,211,482,1003,653,914,615,289,65,309,675,222,912,248,476,904,322,437,190,288,675,299,993,841,74,55,63,68,66,70,67,73,66,69,76,72,59,70,70,69,71,56,54,68,65,64,66,50,66,70,70,62,73,79,69,83
[ 9027.897378] [AOA] Measurement: 0,1627167769.735434,08:55:31:9b:05:29,2,1,2,0,128,301,1005,932,841,824,15,493,363,85,335,1014,146,685,945,103,447,545,152,143,993,444,72,81,133,363,480,279,379,771,401,76,703,84,57,72,75,71,77,72,73,73,74,84,76,61,76,74,74,76,65,58,79,69,65,68,49,69,73,70,60,71,80,65,84
[ 9027.936182] [AOA] Measurement: 0,1627167769.774245,08:55:31:9b:05:29,2,1,2,0,128,323,973,870,791,263,820,1015,167,34,294,38,165,653,927,137,475,122,387,687,216,987,258,38,104,783,238,690,153,121,67,266,70,84,57,72,76,70,76,70,69,72,72,80,74,59,76,74,74,76,62,56,77,69,62,68,47,69,72,69,60,69,82,65,82
[ 9027.977606] [AOA] Measurement: 0,1627167769.815663,08:55:31:9b:05:29,2,1,2,0,128,338,2,273,567,847,19,543,405,76,275,10,180,708,951,64,414,491,117,129,1019,417,59,65,134,349,462,199,338,626,258,915,713,77,57,65,71,66,71,67,72,68,70,78,73,59,73,72,70,74,60,57,75,67,65,68,49,67,72,71,62,73,82,70,84
[ 9028.018740] [AOA] Measurement: 0,1627167769.856801,08:55:31:9b:05:29,2,1,2,0,128,322,987,339,608,852,992,516,378,44,271,998,105,95,700,596,274,587,184,706,196,1001,282,133,169,317,417,187,316,665,264,1011,816,83,59,73,74,73,77,72,76,73,74,83,76,60,76,72,74,76,64,58,78,69,65,69,49,68,71,69,59,72,81,64,83
[ 9028.064241] [AOA] Measurement: 0,1627167769.902303,08:55:31:9b:05:29,2,1,2,0,128,340,1002,833,764,778,969,520,356,1022,254,997,129,670,911,133,466,524,144,145,1021,959,240,14,69,353,449,244,336,634,277,725,419,80,58,69,71,72,75,72,73,73,73,83,75,61,75,73,73,74,61,56,75,67,65,67,48,66,72,70,59,70,81,66,83
[ 9028.107458] [AOA] Measurement: 0,1627167769.945515,08:55:31:9b:05:29,2,1,2,0,128,340,1001,837,773,839,12,503,356,30,285,13,134,746,959,88,424,536,140,628,159,984,270,50,103,351,453,215,308,724,338,23,692,81,59,69,75,70,75,70,73,74,73,84,77,60,75,75,74,75,62,57,75,67,65,67,47,68,73,71,61,71,80,65,84
[ 9028.151105] [AOA] Measurement: 0,1627167769.989167,08:55:31:9b:05:29,2,1,2,0,128,802,789,317,540,284,815,943,103,534,83,515,1005,697,901,121,470,137,388,657,172,962,243,560,930,780,209,651,125,93,87,218,76,81,59,71,75,71,75,73,74,73,72,80,76,61,76,73,74,74,62,58,75,68,66,69,50,69,74,72,63,73,82,68,85
[ 9028.189352] [AOA] Measurement: 0,1627167770.027413,08:55:31:9b:05:29,2,1,2,0,128,846,844,864,775,839,13,511,332,74,343,0,169,681,943,37,393,519,89,68,995,371,35,514,911,829,212,661,129,198,89,302,158,81,59,67,74,69,75,70,74,71,74,80,76,60,76,72,72,75,63,58,76,69,67,68,49,69,72,70,60,72,80,68,84
[ 9028.232766] [AOA] Measurement: 0,1627167770.070826,08:55:31:9b:05:29,2,1,2,0,128,377,19,852,796,750,972,949,150,991,255,406,918,147,736,124,449,569,164,661,173,405,72,100,165,374,464,223,333,739,339,771,439,81,56,73,73,73,76,70,73,73,72,81,74,57,76,69,71,73,63,53,74,66,59,63,43,65,65,65,54,66,75,61,77
[ 9028.283173] [AOA] Measurement: 0,1627167770.121229,08:55:31:9b:05:29,2,1,2,0,128,326,1016,949,828,779,999,498,355,1014,242,480,1006,701,947,96,445,98,366,679,206,970,269,106,168,370,470,300,417,629,287,763,494,82,59,69,74,69,73,71,74,72,72,79,75,60,74,72,75,76,65,58,77,69,64,67,48,66,71,70,59,71,82,68,85
[ 9028.334195] [AOA] Measurement: 0,1627167770.172250,08:55:31:9b:05:29,2,1,2,0,128,356,1023,878,816,773,968,573,403,105,316,7,206,674,936,77,461,29,290,699,219,930,234,78,138,329,468,230,349,691,299,360,140,82,58,71,74,71,75,72,77,72,73,82,76,59,77,73,73,74,64,56,74,66,62,66,47,68,71,68,59,69,81,65,84
[ 9028.378689] [AOA] Measurement: 0,1627167770.216750,08:55:31:9b:05:29,2,1,2,0,128,397,9,937,854,778,978,459,337,13,297,28,181,659,886,88,414,532,115,142,1019,477,112,106,144,809,297,676,112,177,124,242,42,86,59,70,74,73,77,73,76,74,74,82,77,60,75,73,74,76,63,59,76,69,65,69,50,68,72,71,61,73,83,67,85
[ 9028.422780] [AOA] Measurement: 0,1627167770.260843,08:55:31:9b:05:29,2,1,2,0,128,842,819,938,824,179,772,918,111,513,69,9,155,676,921,111,465,568,135,102,15,995,276,44,100,814,259,678,106,723,320,735,372,81,58,73,76,70,77,71,75,73,74,81,75,59,75,71,73,76,63,57,76,66,64,65,47,68,71,68,58,70,80,65,82
[ 9028.473928] [AOA] Measurement: 0,1627167770.311992,08:55:31:9b:05:29,2,1,2,0,128,831,839,262,544,224,782,895,81,538,61,467,941,162,739,557,243,560,174,71,963,415,88,535,914,885,286,656,121,106,94,871,741,83,56,71,73,71,75,68,69,74,70,80,74,57,74,67,69,69,60,54,73,66,59,62,42,64,67,60,53,62,75,58,75
[ 9028.526129] [AOA] Measurement: 0,1627167770.364192,08:55:31:9b:05:29,2,1,2,0,128,849,852,853,796,762,966,544,403,1015,238,992,120,96,759,572,263,565,143,706,197,356,9,526,931,786,238,700,147,661,279,632,466,82,58,69,74,71,76,72,72,72,71,81,76,61,76,75,74,75,64,55,74,68,65,67,50,67,71,69,60,74,82,69,83
[ 9028.570267] [AOA] Measurement: 0,1627167770.408324,08:55:31:9b:05:29,2,1,2,0,128,796,826,912,818,799,993,515,348,12,275,1000,118,773,1004,157,501,100,320,662,163,949,255,98,148,238,384,190,356,110,112,720,480,80,58,68,73,71,75,70,75,69,72,81,75,60,74,72,73,72,59,56,73,67,65,68,50,67,72,70,62,73,79,68,83
[ 9028.614123] [AOA] Measurement: 0,1627167770.452187,08:55:31:9b:05:29,2,1,2,0,128,353,17,916,824,767,1010,475,338,983,222,474,1010,614,890,122,485,127,339,606,145,931,242,575,985,788,249,658,113,135,116,350,200,80,58,70,73,71,75,71,75,71,72,81,75,59,76,72,74,75,62,57,75,68,66,69,49,68,72,70,63,74,83,69,84
[ 9028.659939] [AOA] Measurement: 0,1627167770.497995,08:55:31:9b:05:29,2,1,2,0,128,380,15,963,849,778,961,494,349,1016,241,1000,132,137,734,127,452,102,358,635,144,414,79,64,143,806,253,191,338,688,302,249,999,83,59,71,74,71,74,71,75,75,73,81,75,61,75,73,74,75,62,58,76,69,64,67,48,66,73,69,61,72,82,66,84
[ 9028.709900] [AOA] Measurement: 0,1627167770.547957,08:55:31:9b:05:29,2,1,2,0,128,342,1012,837,787,808,1021,490,370,15,269,994,111,654,890,571,273,535,125,120,1001,411,87,115,193,315,471,203,311,697,328,376,46,74,57,64,69,66,70,68,72,67,68,77,70,58,69,69,69,72,58,54,69,63,61,66,49,64,72,69,61,70,78,69,83
[ 9028.752979] [AOA] Measurement: 0,1627167770.591036,08:55:31:9b:05:29,2,1,2,0,128,342,980,407,630,808,968,489,380,41,283,73,204,669,916,100,443,63,324,729,220,4,298,88,158,293,405,721,159,670,308,877,611,71,54,60,65,64,68,65,70,67,68,73,69,57,69,70,68,71,57,54,72,65,65,67,49,65,72,70,61,71,78,69,83
[ 9028.797417] [AOA] Measurement: 0,1627167770.635480,08:55:31:9b:05:29,2,1,2,0,128,811,821,898,814,253,821,878,94,430,36,449,927,60,682,533,245,521,132,142,18,6,294,113,156,378,475,183,291,694,309,980,800,82,58,70,74,72,74,71,74,74,75,83,73,61,75,70,72,75,63,56,75,67,64,68,47,67,71,69,59,70,81,67,83
[ 9028.839456] [AOA] Measurement: 0,1627167770.677512,08:55:31:9b:05:29,2,1,2,0,128,353,996,936,825,772,966,896,95,0,234,392,911,118,743,125,485,81,380,98,1,411,73,576,994,742,179,697,123,150,103,950,713,82,58,72,76,70,75,72,74,73,73,81,75,60,75,71,73,74,62,58,76,68,65,69,49,68,72,70,61,70,80,67,85
[ 9028.877652] [AOA] Measurement: 0,1627167770.715713,08:55:31:9b:05:29,2,1,2,0,128,836,831,370,608,201,780,915,104,493,81,427,945,150,729,144,447,51,337,42,943,443,65,547,963,731,165,681,105,100,92,776,638,78,59,66,69,68,72,70,72,68,70,75,73,58,72,71,69,75,59,55,73,66,65,68,50,66,72,70,61,74,79,69,84
[ 9028.921291] [AOA] Measurement: 0,1627167770.759347,08:55:31:9b:05:29,2,1,2,0,128,864,865,910,783,817,995,416,296,489,78,458,945,677,910,528,231,494,99,101,976,356,13,583,936,802,226,664,117,132,122,413,177,80,59,70,73,70,75,71,75,71,73,81,74,61,74,73,72,76,60,55,70,64,65,67,50,65,72,70,62,70,79,69,83
[ 9028.960086] [AOA] Measurement: 0,1627167770.798149,08:55:31:9b:05:29,2,1,2,0,128,383,40,857,802,874,1016,538,354,41,295,1002,132,723,930,142,511,94,323,77,1004,460,85,534,973,827,257,248,335,701,309,628,407,82,58,71,75,72,77,71,75,74,73,83,77,60,76,72,72,74,64,57,76,68,63,68,48,68,71,69,59,69,81,65,82
[ 9029.004077] [AOA] Measurement: 0,1627167770.842140,08:55:31:9b:05:29,2,1,2,0,128,346,990,329,613,808,1011,474,349,502,87,1017,153,691,941,144,458,79,365,648,167,3,303,1019,80,777,199,645,93,135,130,201,952,82,58,70,72,70,75,68,74,74,74,82,76,60,75,73,72,75,62,55,75,68,63,67,48,69,72,71,60,72,80,66,83
[ 9029.046694] [AOA] Measurement: 0,1627167770.884750,08:55:31:9b:05:29,2,1,2,0,128,850,830,934,828,225,811,450,318,15,278,984,141,714,962,89,431,586,147,684,191,1019,300,24,88,810,222,634,115,110,84,621,345,80,59,69,74,71,75,71,74,73,72,81,73,60,74,72,72,76,63,56,74,68,65,69,48,69,72,70,59,71,80,67,85
[ 9029.101013] [AOA] Measurement: 0,1627167770.939070,08:55:31:9b:05:29,2,1,2,0,128,352,1009,912,848,852,1023,492,343,48,319,981,140,724,943,108,488,140,386,717,229,1009,286,39,127,364,510,198,317,723,338,157,749,84,58,71,74,72,75,71,75,75,74,83,76,60,77,73,74,73,63,57,78,68,64,66,47,67,71,68,59,69,81,65,82
[ 9029.146631] [AOA] Measurement: 0,1627167770.984694,08:55:31:9b:05:29,2,1,2,0,128,277,953,308,551,219,764,941,91,524,80,448,959,108,703,606,315,543,117,121,966,482,124,43,142,286,407,693,138,688,291,770,501,81,55,71,73,71,74,69,70,72,69,81,74,56,74,69,71,70,63,53,74,65,56,61,40,62,64,61,52,61,73,55,71
[ 9029.190666] [AOA] Measurement: 0,1627167771.028721,08:55:31:9b:05:29,2,1,2,0,128,382,6,935,843,817,981,544,385,27,282,9,150,718,972,167,500,73,357,670,194,958,239,86,159,315,425,209,363,739,375,675,299,81,59,69,71,70,71,71,74,73,74,81,76,61,76,72,73,75,61,56,74,68,66,68,49,67,73,71,61,71,80,67,82
[ 9029.228913] [AOA] Measurement: 0,1627167771.066974,08:55:31:9b:05:29,2,1,2,0,128,368,12,856,768,734,948,985,159,990,221,482,955,149,765,605,247,557,176,113,995,456,114,512,938,775,205,734,134,126,124,820,516,83,58,72,73,73,74,71,74,74,74,83,77,61,78,72,73,75,62,56,76,68,64,67,49,69,73,68,60,71,80,66,82
[ 9029.273101] [AOA] Measurement: 0,1627167771.111164,08:55:31:9b:05:29,2,1,2,0,128,328,974,337,613,240,787,19,194,44,276,27,172,658,908,69,409,492,111,135,1008,414,49,76,115,330,439,174,297,93,61,466,245,81,58,69,73,72,74,73,76,71,74,82,77,61,76,74,73,76,61,57,78,68,66,69,50,69,72,71,61,73,82,69,84
[ 9029.324239] [AOA] Measurement: 0,1627167771.162296,08:55:31:9b:05:29,2,1,2,0,128,830,833,312,575,245,788,964,129,517,53,469,984,123,706,629,262,563,153,698,215,953,236,501,931,429,459,209,315,733,353,104,725,79,58,66,70,66,72,69,74,68,69,77,72,57,71,71,70,73,60,54,74,65,63,67,49,68,73,70,61,72,83,67,83
[ 9029.375092] [AOA] Measurement: 0,1627167771.213148,08:55:31:9b:05:29,2,1,2,0,128,819,820,950,840,794,1,470,355,14,270,1011,168,672,938,69,438,85,350,643,178,6,314,90,141,337,426,234,352,670,295,1004,761,77,57,66,73,69,73,70,74,70,71,80,74,60,72,70,70,74,58,55,73,66,63,67,49,64,71,68,61,71,80,68,84
[ 9029.418686] [AOA] Measurement: 0,1627167771.256741,08:55:31:9b:05:29,2,1,2,0,128,353,1017,895,827,753,988,462,338,78,294,946,102,695,927,88,461,90,357,97,992,1013,290,43,113,370,507,180,298,677,311,714,361,84,56,73,73,72,75,69,72,74,73,81,73,59,76,72,72,73,64,55,77,67,62,65,46,67,70,67,57,67,79,62,78
[ 9029.461716] [AOA] Measurement: 0,1627167771.299773,08:55:31:9b:05:29,2,1,2,0,128,823,793,339,567,265,806,427,346,514,91,31,168,680,914,138,458,607,220,727,213,920,224,43,121,795,256,661,120,161,112,626,480,84,59,74,74,72,75,71,74,74,73,82,74,61,76,73,73,75,64,58,77,69,65,68,48,69,72,69,61,70,82,65,82
[ 9029.509977] [AOA] Measurement: 0,1627167771.348040,08:55:31:9b:05:29,2,1,2,0,128,336,990,889,827,812,1005,501,377,66,298,27,162,694,935,144,513,74,368,726,223,960,271,123,185,331,436,261,386,744,375,616,228,78,58,65,70,68,73,70,72,69,71,77,73,59,72,73,69,73,59,54,71,66,64,68,51,67,72,71,62,73,81,68,85
[ 9029.548193] [AOA] Measurement: 0,1627167771.386253,08:55:31:9b:05:29,2,1,2,0,128,854,821,952,826,812,1009,571,382,1008,271,1020,147,129,704,173,475,504,140,59,998,460,120,529,914,835,275,173,290,634,295,695,460,85,59,73,76,74,77,71,75,74,73,82,76,60,75,73,74,74,64,55,75,68,64,68,47,69,70,68,58,68,81,65,83
[ 9029.593614] [AOA] Measurement: 0,1627167771.431670,08:55:31:9b:05:29,2,1,2,0,128,290,993,907,775,227,804,947,156,1022,239,20,161,725,999,75,428,35,317,102,1021,977,279,49,120,805,236,731,170,658,309,151,828,79,59,68,71,69,73,70,73,71,70,79,73,60,72,71,69,73,60,56,74,66,65,67,50,66,73,69,62,72,79,69,84
[ 9029.643494] [AOA] Measurement: 0,1627167771.481549,08:55:31:9b:05:29,2,1,2,0,128,845,823,299,581,246,783,976,121,563,110,15,137,698,929,69,397,36,298,24,940,418,56,537,947,785,255,656,110,89,90,360,192,84,55,72,72,70,74,70,70,73,71,80,73,55,75,70,70,69,60,52,71,63,57,59,40,64,62,60,50,59,73,55,72
[ 9029.682285] [AOA] Measurement: 0,1627167771.520345,08:55:31:9b:05:29,2,1,2,0,128,808,777,294,545,191,741,918,96,434,31,447,958,163,738,556,234,560,169,110,1019,388,40,72,162,328,395,184,321,160,152,191,1001,81,57,70,74,70,77,70,74,73,74,81,76,60,74,73,73,75,64,57,76,68,64,68,48,69,74,70,60,71,82,67,82
[ 9029.724343] [AOA] Measurement: 0,1627167771.562398,08:55:31:9b:05:29,2,1,2,0,128,334,1005,899,858,783,1009,535,424,76,309,1020,149,661,909,83,415,68,355,133,1018,413,26,126,189,368,450,226,348,679,304,590,238,83,57,69,71,70,73,73,75,72,72,82,76,60,76,74,72,75,63,56,73,69,65,68,49,69,74,69,61,72,83,67,84
[ 9029.769171] [AOA] Measurement: 0,1627167771.607233,08:55:31:9b:05:29,2,1,2,0,128,724,764,337,570,203,787,922,96,510,58,436,917,85,674,614,301,46,326,102,960,413,74,514,941,776,185,621,77,164,137,424,239,79,59,69,74,69,74,70,73,71,73,81,74,62,76,72,71,76,61,57,76,67,66,68,50,67,72,70,60,73,81,68,82
[ 9029.812779] [AOA] Measurement: 0,1627167771.650842,08:55:31:9b:05:29,2,1,2,0,128,827,776,919,836,832,1012,489,326,63,321,1021,168,562,842,570,261,515,93,53,957,441,74,633,16,306,451,219,338,703,330,193,921,82,57,71,73,71,75,71,74,72,72,81,75,60,75,74,73,75,63,56,74,67,64,67,48,69,73,69,61,74,81,68,85
[ 9029.862816] [AOA] Measurement: 0,1627167771.700874,08:55:31:9b:05:29,2,1,2,0,128,341,2,853,800,814,1004,492,352,78,326,19,155,684,937,219,533,74,371,673,210,937,273,102,166,368,469,176,321,645,289,417,122,81,59,70,73,71,74,72,75,71,72,78,75,60,74,73,73,76,62,57,74,68,65,70,50,68,73,72,62,72,82,68,84
[ 9029.917168] [AOA] Measurement: 0,1627167771.755231,08:55:31:9b:05:29,2,1,2,0,128,395,13,939,855,841,1012,500,359,20,270,989,142,630,902,618,280,579,176,718,229,953,221,119,153,798,258,230,325,794,392,917,502,82,59,72,74,73,76,71,75,74,74,81,78,58,77,73,74,77,63,56,77,68,64,68,47,68,72,69,59,72,81,67,83
[ 9029.959628] [AOA] Measurement: 0,1627167771.797684,08:55:31:9b:05:29,2,1,2,0,128,339,996,876,772,841,1015,535,387,23,305,9,171,674,932,152,511,61,362,656,174,22,353,92,185,282,393,210,326,715,343,551,201,80,57,70,74,70,75,72,74,73,75,82,77,61,77,73,74,76,66,57,78,69,64,69,48,67,71,70,59,71,80,67,82
[ 9029.998256] [AOA] Measurement: 0,1627167771.836317,08:55:31:9b:05:29,2,1,2,0,128,448,43,812,704,815,985,983,181,2,278,1004,118,669,906,57,375,558,174,94,1015,440,56,533,959,775,215,241,357,696,332,683,386,81,59,70,74,70,74,72,76,73,74,80,74,61,76,73,72,76,63,57,76,68,65,66,49,69,70,69,60,69,81,67,84
[ 9030.042973] [AOA] Measurement: 0,1627167771.881034,08:55:31:9b:05:29,2,1,2,0,128,286,984,344,623,786,992,902,106,556,89,416,958,132,734,506,204,536,166,682,195,931,226,578,1007,819,276,132,250,188,139,1010,790,84,58,72,74,72,75,72,75,74,74,82,76,60,77,73,73,76,64,56,77,68,65,68,48,70,73,70,61,72,82,66,83
[ 9030.085926] [AOA] Measurement: 0,1627167771.923983,08:55:31:9b:05:29,2,1,2,0,128,368,5,874,785,815,1009,492,332,85,304,1010,133,679,925,138,476,29,328,113,1012,936,243,553,1017,329,452,184,315,168,177,376,110,82,57,72,75,71,76,71,75,72,72,82,77,61,77,74,73,76,64,58,77,69,65,68,49,68,72,69,61,71,81,67,82
[ 9030.143342] [AOA] Measurement: 0,1627167771.981398,08:55:31:9b:05:29,2,1,2,0,128,389,6,884,794,246,830,961,132,513,63,17,162,675,925,168,505,98,355,649,165,1016,267,520,957,840,262,696,126,110,97,1013,888,80,56,69,73,71,73,71,75,72,74,82,76,62,75,73,74,75,62,58,77,69,66,69,50,69,75,70,60,73,81,68,85
[ 9030.188175] [AOA] Measurement: 0,1627167772.026236,08:55:31:9b:05:29,2,1,2,0,128,787,783,295,549,249,781,981,134,536,94,470,958,128,706,582,264,93,386,662,176,1010,301,123,190,306,430,694,124,110,96,487,288,81,59,69,73,71,75,73,76,73,75,83,77,61,76,72,72,75,64,58,75,69,65,69,49,69,73,71,62,73,81,67,84
[ 9030.232600] [AOA] Measurement: 0,1627167772.070663,08:55:31:9b:05:29,2,1,2,0,128,823,817,373,646,788,1007,504,322,458,55,1008,152,664,901,505,215,547,160,118,1001,437,70,23,89,335,440,200,296,97,76,655,484,82,58,70,73,71,74,71,75,73,73,82,77,61,76,73,74,76,62,57,76,68,64,67,49,67,71,71,61,72,82,68,85
[ 9030.275400] [AOA] Measurement: 0,1627167772.113456,08:55:31:9b:05:29,2,1,2,0,128,390,32,925,823,786,982,484,363,50,298,970,132,663,906,126,450,112,336,639,190,1020,318,78,146,339,439,227,318,728,322,690,432,84,58,72,76,73,76,73,74,74,72,82,76,59,77,70,71,74,64,56,78,67,62,64,46,67,68,65,57,69,78,62,79
[ 9030.318639] [AOA] Measurement: 0,1627167772.156700,08:55:31:9b:05:29,2,1,2,0,128,820,840,844,795,795,984,483,339,3,261,961,93,99,697,584,245,525,110,137,3,1017,264,533,944,795,227,710,134,660,293,540,183,84,58,72,73,72,76,72,73,74,74,83,74,59,76,71,72,73,62,56,75,65,61,65,45,67,70,66,57,67,78,61,79
[ 9030.356289] [AOA] Measurement: 0,1627167772.194352,08:55:31:9b:05:29,2,1,2,0,128,441,36,866,823,776,976,530,362,963,178,442,947,109,708,561,255,498,123,725,196,971,247,102,158,317,464,649,143,138,131,258,52,84,58,73,74,71,75,71,74,74,73,82,75,57,77,70,72,75,64,57,76,68,63,65,45,68,70,66,57,67,80,62,80
[ 9030.398662] [AOA] Measurement: 0,1627167772.236718,08:55:31:9b:05:29,2,1,2,0,128,388,13,876,820,829,5,522,361,22,263,958,108,681,928,191,507,83,350,653,169,905,232,120,163,263,380,712,125,712,312,823,530,82,58,69,75,70,73,71,75,71,71,81,75,59,73,72,71,75,62,55,73,69,62,64,45,67,68,66,56,66,76,63,80
[ 9030.442191] [AOA] Measurement: 0,1627167772.280251,08:55:31:9b:05:29,2,1,2,0,128,361,18,879,797,207,782,966,130,531,78,17,151,624,912,601,260,611,216,646,174,980,290,86,138,328,445,182,305,644,298,27,791,82,58,71,73,71,74,72,73,74,75,84,77,60,78,73,73,75,63,55,77,68,64,68,48,68,71,69,60,72,83,67,85
[ 9030.491557] [AOA] Measurement: 0,1627167772.329613,08:55:31:9b:05:29,2,1,2,0,128,841,808,384,611,811,991,530,360,1011,218,933,59,111,703,541,211,599,176,121,1016,464,79,97,168,336,434,654,92,117,88,755,608,77,57,66,72,68,71,69,74,69,72,79,75,58,72,73,70,75,58,56,71,68,66,68,50,69,74,71,62,72,81,69,85
[ 9030.538377] [AOA] Measurement: 0,1627167772.376440,08:55:31:9b:05:29,2,1,2,0,128,404,8,875,807,899,60,510,375,80,316,15,171,659,920,122,493,76,333,638,150,474,137,84,156,391,470,293,380,758,379,576,237,85,57,74,75,71,72,71,72,74,71,83,74,59,76,71,72,73,65,55,75,66,59,64,43,65,66,66,53,66,76,61,77
[ 9030.602544] [AOA] Measurement: 0,1627167772.440605,08:55:31:9b:05:29,2,1,2,0,128,400,30,921,846,827,1012,525,392,9,277,972,140,659,920,135,459,35,319,723,218,913,249,99,139,279,422,176,306,727,334,335,1019,82,57,69,73,72,77,72,75,74,75,82,74,57,78,71,74,75,65,58,76,69,63,67,46,68,70,67,57,66,79,63,77
[ 9030.646356] [AOA] Measurement: 0,1627167772.484419,08:55:31:9b:05:29,2,1,2,0,128,858,860,856,795,809,1000,897,138,501,45,493,972,50,673,560,231,493,131,72,968,482,77,550,938,842,271,673,138,163,145,948,735,84,55,74,73,71,76,70,73,75,75,83,76,59,76,72,73,74,63,57,77,68,61,64,45,67,69,66,57,68,78,64,80
[ 9030.684609] [AOA] Measurement: 0,1627167772.522671,08:55:31:9b:05:29,2,1,2,0,128,783,772,264,556,164,712,941,107,518,61,450,975,670,965,88,470,122,363,41,976,488,107,51,117,289,440,229,337,674,273,597,383,71,56,61,67,66,67,68,69,64,67,72,70,56,69,69,67,73,58,55,69,64,63,66,49,64,71,69,62,71,81,67,84
[ 9030.722692] [AOA] Measurement: 0,1627167772.560755,08:55:31:9b:05:29,2,1,2,0,128,812,822,353,606,267,793,958,108,487,62,449,954,101,723,148,458,107,376,86,986,382,59,529,951,851,253,682,113,88,100,235,44,82,59,70,75,73,77,72,75,72,73,80,74,60,74,71,72,73,63,56,74,67,65,67,46,69,71,69,59,72,82,67,83
[ 9030.766483] [AOA] Measurement: 0,1627167772.604546,08:55:31:9b:05:29,2,1,2,0,128,361,6,886,794,907,26,481,340,112,359,928,98,646,884,547,275,121,373,673,204,1013,303,133,192,411,528,223,327,732,322,249,898,81,51,71,69,68,73,67,68,72,69,79,71,52,73,66,68,66,61,50,72,64,55,57,38,62,62,57,48,57,68,51,68
[ 9030.807842] [AOA] Measurement: 0,1627167772.645898,08:55:31:9b:05:29,2,1,2,0,128,876,856,892,751,195,786,1010,187,84,351,6,136,659,917,84,441,1021,280,76,993,386,15,548,908,810,219,734,148,707,335,840,660,79,58,68,71,67,74,69,72,71,72,81,74,59,75,73,73,75,62,56,76,68,64,68,51,69,74,70,61,72,82,67,85
[ 9030.846299] [AOA] Measurement: 0,1627167772.684360,08:55:31:9b:05:29,2,1,2,0,128,360,1017,831,789,240,787,896,81,486,38,1007,155,726,958,577,270,530,158,112,991,434,104,563,996,795,209,674,107,691,304,360,90,77,57,68,73,69,73,70,73,71,73,79,74,60,75,73,72,74,62,56,74,65,66,68,52,68,74,69,62,72,83,69,84
[ 9030.885849] [AOA] Measurement: 0,1627167772.723909,08:55:31:9b:05:29,2,1,2,0,128,894,863,867,816,839,996,462,317,480,111,44,180,701,951,54,386,518,127,80,988,405,20,580,958,772,200,663,72,202,135,26,782,83,58,72,75,70,75,72,72,74,74,81,75,58,77,72,72,74,63,58,77,69,64,65,46,67,71,67,59,68,80,63,82
[ 9030.928267] [AOA] Measurement: 0,1627167772.766330,08:55:31:9b:05:29,2,1,2,0,128,317,965,998,853,880,50,532,372,983,247,992,163,691,929,158,540,88,359,760,281,998,296,59,137,343,466,240,335,686,313,557,243,82,58,71,74,72,77,73,76,74,74,83,75,59,75,71,71,76,62,57,77,67,64,68,47,68,71,69,59,70,82,65,82
[ 9030.975379] [AOA] Measurement: 0,1627167772.813435,08:55:31:9b:05:29,2,1,2,0,128,282,980,934,805,854,4,523,390,22,260,990,152,656,928,115,486,156,403,694,231,1009,327,61,149,379,479,232,367,689,369,12,616,82,59,69,73,70,74,72,74,73,75,83,75,61,76,74,73,76,63,58,76,70,65,68,51,68,73,69,62,72,82,68,86
[ 9031.019641] [AOA] Measurement: 0,1627167772.857704,08:55:31:9b:05:29,2,1,2,0,128,420,22,885,809,798,995,886,164,494,40,475,968,664,911,89,439,559,146,681,181,1019,310,101,165,318,429,175,343,667,296,741,494,82,58,70,75,71,76,72,75,74,72,82,76,60,77,74,72,75,63,57,76,68,63,68,48,69,72,69,60,71,81,66,83
[ 9031.064889] [AOA] Measurement: 0,1627167772.902948,08:55:31:9b:05:29,2,1,2,0,128,373,8,931,838,770,967,961,121,548,97,22,151,604,873,578,265,562,203,634,178,993,308,110,196,393,501,228,329,646,300,301,978,83,59,70,73,72,75,72,75,75,74,81,76,61,75,73,73,76,61,56,76,68,65,69,49,68,73,70,62,72,81,68,84
[ 9031.108711] [AOA] Measurement: 0,1627167772.946767,08:55:31:9b:05:29,2,1,2,0,128,345,1010,930,833,842,1018,501,421,5,298,18,149,653,921,135,444,1010,282,155,1012,513,98,106,187,361,460,232,340,678,322,542,221,84,58,73,75,71,76,70,74,72,73,82,76,60,76,73,74,76,63,54,75,66,62,65,44,67,69,68,57,68,78,61,81
[ 9031.152585] [AOA] Measurement: 0,1627167772.990641,08:55:31:9b:05:29,2,1,2,0,128,360,26,842,786,756,973,938,115,455,49,480,980,730,942,574,257,572,166,99,989,983,304,86,130,356,486,262,373,689,312,168,936,82,60,70,73,72,74,71,76,72,73,81,76,62,75,73,73,74,63,57,73,67,67,68,50,69,74,70,62,73,80,68,82
[ 9031.202830] [AOA] Measurement: 0,1627167773.040886,08:55:31:9b:05:29,2,1,2,0,128,782,775,300,575,227,775,43,224,1023,272,38,180,656,896,170,506,89,364,618,159,983,276,103,160,337,473,187,338,661,291,105,935,81,51,71,71,68,71,68,67,70,69,80,71,54,73,65,68,69,61,52,69,62,55,58,39,61,60,57,48,57,70,53,70
[ 9031.248047] [AOA] Measurement: 0,1627167773.086105,08:55:31:9b:05:29,2,1,2,0,128,296,969,900,809,267,823,460,340,476,64,12,171,671,908,156,505,77,311,652,164,1000,277,146,179,324,410,176,275,138,124,480,259,80,60,66,71,70,74,72,74,73,74,81,75,59,76,73,72,74,64,56,75,66,64,66,47,68,70,68,59,70,79,66,83
[ 9031.286387] [AOA] Measurement: 0,1627167773.124450,08:55:31:9b:05:29,2,1,2,0,128,368,1021,314,578,241,791,973,179,409,37,436,943,134,755,628,289,84,368,647,184,1008,287,114,163,403,486,214,337,682,328,906,609,81,59,70,74,70,76,71,76,72,73,81,75,61,75,73,73,76,61,54,75,67,66,66,48,67,74,71,62,72,81,68,85
[ 9031.329191] [AOA] Measurement: 0,1627167773.167247,08:55:31:9b:05:29,2,1,2,0,128,348,1022,816,750,240,792,886,78,543,99,421,943,715,914,97,439,95,343,42,972,428,57,615,1001,747,218,678,135,145,88,661,513,85,58,71,76,72,74,73,73,72,72,82,77,59,77,72,74,76,65,57,78,69,66,68,49,68,72,71,59,70,81,67,84
[ 9031.367874] [AOA] Measurement: 0,1627167773.205937,08:55:31:9b:05:29,2,1,2,0,128,340,1018,962,866,785,990,455,321,1021,232,46,153,671,938,96,422,566,181,84,998,413,36,593,987,330,461,162,293,689,301,403,107,84,57,72,75,72,75,71,75,72,75,81,75,60,78,72,73,75,64,57,76,68,64,67,46,67,73,69,59,72,81,66,83
[ 9031.412295] [AOA] Measurement: 0,1627167773.250359,08:55:31:9b:05:29,2,1,2,0,128,361,3,844,759,789,984,1023,191,29,270,23,151,710,953,112,462,168,435,665,184,420,88,463,920,827,248,624,70,161,118,78,863,82,58,71,75,72,76,72,75,75,74,83,78,62,78,73,74,76,64,56,77,67,62,65,47,65,69,69,57,69,80,64,82
[ 9031.449975] [AOA] Measurement: 0,1627167773.288038,08:55:31:9b:05:29,2,1,2,0,128,857,859,296,591,286,828,958,102,487,83,502,986,642,878,173,502,64,341,608,183,337,1020,510,963,845,252,265,324,729,355,278,984,83,58,70,73,71,74,70,73,74,73,83,77,60,77,74,73,77,63,58,77,68,64,67,48,68,71,68,60,71,81,66,84
[ 9031.488309] [AOA] Measurement: 0,1627167773.326372,08:55:31:9b:05:29,2,1,2,0,128,827,819,394,627,231,789,915,104,439,38,447,956,115,737,537,236,577,153,650,174,984,264,538,948,810,249,660,111,52,78,799,735,83,57,73,74,72,75,71,75,74,74,83,77,61,77,72,72,74,65,58,78,69,64,67,46,69,70,67,57,69,80,64,80
[ 9031.532225] [AOA] Measurement: 0,1627167773.370288,08:55:31:9b:05:29,2,1,2,0,128,852,778,309,613,263,797,959,137,489,55,551,1022,641,912,541,299,511,127,58,979,449,80,523,956,261,383,634,85,91,106,980,855,82,57,72,74,73,75,72,74,76,73,83,76,59,76,72,73,75,64,55,77,69,64,66,47,69,69,67,58,70,80,64,82
[ 9031.577143] [AOA] Measurement: 0,1627167773.415199,08:55:31:9b:05:29,2,1,2,0,128,340,1006,954,844,807,3,439,319,460,76,451,985,669,896,173,500,122,384,669,159,350,1014,558,977,309,417,156,311,737,341,353,1016,84,61,73,76,72,76,72,75,73,74,82,76,61,75,74,73,77,61,56,76,68,66,68,49,67,74,71,63,73,82,70,85
[ 9031.621753] [AOA] Measurement: 0,1627167773.459816,08:55:31:9b:05:29,2,1,2,0,128,794,799,363,599,281,797,987,189,488,48,482,983,78,682,542,243,550,170,16,942,424,91,557,982,265,422,706,122,148,109,272,1015,79,57,67,71,67,73,70,72,71,73,81,76,60,74,73,72,76,63,57,75,68,65,68,49,67,73,70,60,74,82,68,85
[ 9031.660448] [AOA] Measurement: 0,1627167773.498508,08:55:31:9b:05:29,2,1,2,0,128,356,13,822,741,853,5,408,337,87,313,1002,141,706,915,177,554,29,327,68,990,436,64,563,978,351,471,252,379,702,318,704,369,81,57,67,72,71,74,70,74,70,72,80,75,59,75,72,73,75,61,56,76,69,65,69,49,68,72,71,62,72,81,68,84
[ 9031.704960] [AOA] Measurement: 0,1627167773.543019,08:55:31:9b:05:29,2,1,2,0,128,870,816,324,606,278,782,968,170,456,74,492,994,711,953,550,248,566,154,78,976,474,106,118,181,270,383,706,119,155,109,896,583,77,58,65,70,68,72,69,70,69,71,79,73,59,73,72,70,74,59,57,75,67,65,67,49,67,73,69,61,71,79,68,82
[ 9031.750737] [AOA] Measurement: 0,1627167773.588800,08:55:31:9b:05:29,2,1,2,0,128,394,13,930,795,250,816,554,376,9,275,994,125,648,855,611,266,606,198,61,1005,957,229,46,94,803,268,209,329,721,306,161,867,80,57,67,72,68,74,70,72,71,73,79,75,60,76,75,73,75,61,57,76,67,65,68,51,68,73,70,61,72,81,69,82
[ 9031.789144] [AOA] Measurement: 0,1627167773.627200,08:55:31:9b:05:29,2,1,2,0,128,387,13,298,594,272,814,947,154,43,297,1003,148,739,960,62,437,512,152,664,174,465,104,70,139,336,456,676,127,138,126,898,675,80,57,70,74,69,75,70,75,70,73,82,75,60,75,74,72,74,62,55,75,67,64,66,49,67,72,70,60,73,82,68,85
[ 9031.832788] [AOA] Measurement: 0,1627167773.670844,08:55:31:9b:05:29,2,1,2,0,128,348,1011,870,781,211,788,460,354,30,277,31,182,705,928,98,475,47,351,657,177,51,324,76,146,308,403,186,292,695,308,525,273,81,58,72,74,72,76,70,74,72,74,82,76,59,76,73,72,76,63,57,76,68,66,69,50,68,73,70,62,72,84,68,84
[ 9031.884296] [AOA] Measurement: 0,1627167773.722352,08:55:31:9b:05:29,2,1,2,0,128,864,813,936,832,787,968,555,387,0,277,945,110,800,986,122,481,77,374,598,159,1016,282,81,132,340,455,262,370,710,335,66,727,81,58,69,74,71,75,73,75,73,73,81,76,61,75,74,75,77,61,56,76,67,65,69,48,68,73,70,61,72,82,67,84
[ 9031.923517] [AOA] Measurement: 0,1627167773.761576,08:55:31:9b:05:29,2,1,2,0,128,818,813,362,624,275,813,959,139,480,56,1005,107,64,665,594,228,572,170,145,5,398,37,79,148,763,219,653,116,135,137,248,168,81,59,72,74,70,74,72,74,72,73,80,75,59,75,73,73,76,61,58,75,70,67,68,50,68,74,71,62,73,82,68,83
[ 9031.965086] [AOA] Measurement: 0,1627167773.803142,08:55:31:9b:05:29,2,1,2,0,128,355,1009,362,617,275,812,450,321,52,280,3,129,683,947,111,477,102,380,681,155,942,268,70,128,308,398,186,275,662,301,500,268,71,55,62,66,64,67,66,70,65,66,74,69,58,68,70,69,74,57,55,70,63,63,64,48,65,71,69,61,72,77,69,80
[ 9032.004085] [AOA] Measurement: 0,1627167773.842147,08:55:31:9b:05:29,2,1,2,0,128,798,784,303,557,271,822,895,85,484,51,453,941,152,733,560,247,96,366,667,178,1000,276,128,161,402,545,252,375,682,347,805,371,83,58,72,75,72,77,71,75,74,73,79,75,59,77,74,73,76,63,58,77,70,66,69,49,68,72,70,59,71,82,67,83
[ 9032.042639] [AOA] Measurement: 0,1627167773.880702,08:55:31:9b:05:29,2,1,2,0,128,363,5,916,829,823,1001,442,314,472,70,469,959,123,731,601,286,519,140,116,1014,509,139,62,111,356,425,262,361,673,293,366,64,83,57,69,74,69,74,70,72,73,73,80,76,60,77,69,72,73,62,55,75,66,62,65,45,67,68,67,56,66,77,59,78
[ 9032.081852] [AOA] Measurement: 0,1627167773.919908,08:55:31:9b:05:29,2,1,2,0,128,844,855,809,750,302,851,517,367,38,307,1012,118,649,904,525,213,536,100,96,999,434,71,546,933,353,435,193,310,651,298,600,239,82,59,72,75,71,75,72,74,73,73,83,75,60,77,73,73,76,63,58,77,69,66,67,49,69,73,70,62,71,82,66,84
[ 9032.129136] [AOA] Measurement: 0,1627167773.967199,08:55:31:9b:05:29,2,1,2,0,128,342,1019,922,801,780,1022,424,310,492,61,1014,135,648,912,124,441,123,381,548,121,391,46,500,967,827,225,592,58,204,131,219,17,78,59,66,71,67,72,69,73,68,70,76,72,59,72,70,69,72,60,54,71,65,64,66,49,64,70,68,61,73,80,69,84
[ 9032.167482] [AOA] Measurement: 0,1627167774.005543,08:55:31:9b:05:29,2,1,2,0,128,774,787,317,592,810,991,508,400,30,296,1021,150,622,896,637,305,540,111,82,1007,969,258,136,206,305,404,628,118,130,160,834,603,81,58,71,74,71,74,73,74,73,74,81,76,62,76,75,74,76,65,58,78,69,66,69,50,69,73,70,62,71,83,67,86
[ 9032.217204] [AOA] Measurement: 0,1627167774.055260,08:55:31:9b:05:29,2,1,2,0,128,845,821,338,627,241,808,946,123,533,74,1012,158,675,922,92,451,27,313,127,1019,450,109,70,161,315,404,639,114,129,109,330,56,80,59,69,73,69,74,70,73,69,71,80,73,59,73,72,71,74,62,58,76,69,68,69,51,68,74,71,62,73,82,70,86
[ 9032.262889] [AOA] Measurement: 0,1627167774.100949,08:55:31:9b:05:29,2,1,2,0,128,363,1009,314,568,323,831,991,152,411,1011,494,954,672,921,106,426,519,145,84,990,418,53,545,983,325,369,232,348,685,293,1004,708,82,58,70,73,70,75,72,75,69,71,79,77,62,77,73,74,77,63,58,77,69,66,67,49,66,71,72,61,71,81,68,84
[ 9032.313549] [AOA] Measurement: 0,1627167774.151605,08:55:31:9b:05:29,2,1,2,0,128,373,4,888,806,745,951,910,149,536,118,461,994,68,683,514,214,500,94,126,1018,399,49,563,966,777,276,201,310,715,341,633,449,82,57,72,74,71,75,72,76,74,71,79,75,60,76,74,75,75,62,56,75,68,64,67,48,69,73,71,60,70,81,66,83
[ 9032.365063] [AOA] Measurement: 0,1627167774.203120,08:55:31:9b:05:29,2,1,2,0,128,812,780,333,585,206,782,943,126,509,107,409,922,681,913,122,438,117,384,683,175,1014,261,574,1004,319,455,286,372,686,297,1007,665,83,58,73,75,72,75,72,75,74,74,83,76,62,78,73,74,77,64,57,77,68,65,68,47,68,70,69,60,71,82,66,84
[ 9032.409413] [AOA] Measurement: 0,1627167774.247475,08:55:31:9b:05:29,2,1,2,0,128,868,830,839,773,220,791,506,359,487,79,442,949,121,720,669,309,162,423,788,229,1007,316,46,116,323,489,185,318,134,101,626,334,84,54,72,73,71,76,70,73,73,72,81,72,58,76,69,71,72,63,55,74,66,59,63,42,64,66,63,54,65,74,59,76
[ 9032.453466] [AOA] Measurement: 0,1627167774.291528,08:55:31:9b:05:29,2,1,2,0,128,365,1012,879,807,790,978,921,120,553,103,420,946,103,730,602,261,100,385,672,155,993,268,24,123,380,442,215,340,717,352,468,205,83,58,72,75,73,76,72,75,74,74,82,74,61,78,72,74,75,63,57,76,69,65,68,49,69,72,69,60,70,81,66,85
[ 9032.498678] [AOA] Measurement: 0,1627167774.336734,08:55:31:9b:05:29,2,1,2,0,128,844,854,890,814,897,44,517,355,1000,260,14,133,652,937,48,404,571,142,93,1008,16,335,185,194,270,416,696,138,169,147,142,960,83,57,72,74,70,76,70,76,76,71,82,76,61,76,72,74,76,63,57,77,68,63,67,48,67,72,67,57,67,80,63,81
[ 9032.542254] [AOA] Measurement: 0,1627167774.380309,08:55:31:9b:05:29,2,1,2,0,128,347,1005,883,760,199,797,914,147,510,65,21,168,689,956,157,505,112,409,631,164,964,248,74,138,785,207,701,145,153,121,1019,820,81,58,69,72,71,76,70,75,73,72,82,76,61,76,73,74,76,63,56,77,68,64,67,48,69,72,69,58,70,80,66,82
[ 9032.589670] [AOA] Measurement: 0,1627167774.427732,08:55:31:9b:05:29,2,1,2,0,128,381,29,872,754,822,9,459,336,1023,227,953,107,646,893,549,234,514,136,96,985,435,59,565,957,326,421,693,142,128,121,778,572,83,56,74,74,71,76,69,74,73,73,82,74,59,75,71,71,74,63,55,75,67,61,62,43,67,69,67,57,68,77,62,80
[ 9032.628153] [AOA] Measurement: 0,1627167774.466214,08:55:31:9b:05:29,2,1,2,0,128,776,764,338,573,315,834,956,126,8,283,476,978,56,705,623,262,80,348,673,164,402,67,508,924,775,270,686,140,134,125,30,876,82,59,71,76,71,76,72,74,73,74,83,75,59,76,73,73,76,62,56,75,68,65,68,51,67,73,71,62,72,81,69,86
[ 9032.672804] [AOA] Measurement: 0,1627167774.510860,08:55:31:9b:05:29,2,1,2,0,128,797,801,293,549,207,771,995,165,516,39,1022,107,669,864,549,249,501,111,122,1018,461,86,556,964,767,210,757,181,732,338,56,754,81,58,73,75,73,75,71,73,73,73,82,76,60,75,73,73,75,64,58,76,69,64,68,48,69,72,70,61,72,81,66,85
[ 9032.719811] [AOA] Measurement: 0,1627167774.557873,08:55:31:9b:05:29,2,1,2,0,128,333,2,912,783,804,7,466,329,22,313,9,156,661,933,126,502,92,350,642,187,326,9,520,943,797,191,710,134,84,78,65,968,80,54,70,72,71,75,70,70,73,71,80,72,55,72,66,68,69,59,51,71,62,55,57,39,61,63,59,49,58,70,53,69
[ 9032.762578] [AOA] Measurement: 0,1627167774.600641,08:55:31:9b:05:29,2,1,2,0,128,367,997,909,792,249,822,511,387,439,33,466,978,679,895,154,492,64,339,95,1003,456,116,514,912,820,229,668,113,153,99,172,1004,84,59,73,74,74,76,72,73,75,75,82,74,60,76,72,73,72,64,56,77,68,63,68,47,68,71,67,56,69,80,65,82
[ 9032.805793] [AOA] Measurement: 0,1627167774.643849,08:55:31:9b:05:29,2,1,2,0,128,322,1020,924,842,819,1007,484,371,25,265,984,125,661,919,135,501,91,331,722,231,8,296,50,136,423,511,247,337,664,292,157,828,82,57,71,75,72,75,73,75,74,72,82,73,59,77,71,72,73,64,57,74,69,64,64,47,67,72,68,57,70,80,65,80
[ 9032.849670] [AOA] Measurement: 0,1627167774.687732,08:55:31:9b:05:29,2,1,2,0,128,344,5,909,808,810,1016,541,366,48,295,8,146,691,939,157,498,62,361,709,176,54,371,57,169,332,481,199,308,658,304,869,593,74,56,64,70,67,69,68,70,68,69,74,72,59,71,71,69,73,58,53,71,64,65,67,50,67,74,71,61,73,79,69,82
[ 9032.893648] [AOA] Measurement: 0,1627167774.731711,08:55:31:9b:05:29,2,1,2,0,128,332,1017,860,780,815,1010,471,333,1013,244,435,953,150,746,546,235,120,390,708,216,1020,332,25,109,331,427,181,321,658,296,527,304,83,59,71,74,71,76,71,74,75,74,85,77,61,78,72,75,75,64,57,76,69,65,66,48,68,70,68,59,69,82,66,83
[ 9032.936594] [AOA] Measurement: 0,1627167774.774650,08:55:31:9b:05:29,2,1,2,0,128,367,1,853,761,800,977,509,349,11,271,28,123,754,935,100,435,114,369,712,230,15,299,89,158,413,500,197,292,644,265,647,310,83,58,71,74,73,74,71,74,72,75,82,76,62,77,74,74,76,63,56,78,69,66,68,49,70,73,70,61,73,82,66,83
[ 9032.980754] [AOA] Measurement: 0,1627167774.818808,08:55:31:9b:05:29,2,1,2,0,128,387,19,847,754,775,978,463,350,1022,255,427,923,164,760,125,423,116,374,689,214,1020,299,121,155,365,473,198,339,96,113,882,683,83,57,73,71,71,75,71,74,71,74,83,76,61,77,73,74,76,64,56,78,67,63,66,46,68,67,66,56,65,80,62,80
[ 9033.023728] [AOA] Measurement: 0,1627167774.861789,08:55:31:9b:05:29,2,1,2,0,128,384,1014,925,806,226,788,933,105,511,83,5,172,725,937,124,474,525,169,132,1021,493,84,124,131,294,413,214,343,157,142,584,386,80,60,70,74,71,75,72,74,70,74,82,75,60,76,73,73,74,60,55,74,67,66,65,48,68,71,70,60,71,80,67,84
[ 9033.067654] [AOA] Measurement: 0,1627167774.905716,08:55:31:9b:05:29,2,1,2,0,128,347,983,860,788,835,1011,440,315,48,269,992,127,695,911,108,458,75,325,706,224,1019,300,101,173,410,472,221,352,697,338,990,700,83,58,73,74,72,76,71,74,75,73,84,76,60,78,72,74,76,63,58,77,68,63,66,47,68,71,69,59,70,80,64,80
[ 9033.112996] [AOA] Measurement: 0,1627167774.951057,08:55:31:9b:05:29,2,1,2,0,128,385,1014,870,808,781,977,467,351,2,230,1,141,672,897,567,233,134,388,753,252,24,325,76,161,406,478,217,347,659,301,232,998,83,58,72,74,72,75,71,75,73,73,82,76,60,76,74,74,77,64,58,77,69,66,67,49,69,72,71,60,71,80,67,83
[ 9033.155888] [AOA] Measurement: 0,1627167774.993951,08:55:31:9b:05:29,2,1,2,0,128,361,995,924,813,787,983,485,360,37,306,991,128,42,665,583,280,91,345,125,3,991,321,74,126,330,468,197,334,674,280,546,297,84,58,73,75,72,77,73,74,75,74,84,76,59,78,72,73,74,64,57,76,68,63,67,46,67,70,67,60,70,80,66,84
[ 9033.199479] [AOA] Measurement: 0,1627167775.037538,08:55:31:9b:05:29,2,1,2,0,128,444,12,904,795,790,974,470,336,74,325,57,193,692,955,119,467,176,404,686,191,1000,280,93,153,269,395,286,386,647,273,969,716,82,59,71,75,72,76,71,75,71,73,82,76,61,75,73,74,76,61,55,75,68,66,69,49,67,73,72,61,72,81,67,85
[ 9033.241118] [AOA] Measurement: 0,1627167775.079175,08:55:31:9b:05:29,2,1,2,0,128,389,24,838,806,186,752,926,94,440,1019,556,1004,78,680,590,267,498,112,100,990,1002,284,69,135,360,485,201,308,685,345,904,688,80,59,69,74,70,74,71,73,72,73,81,75,61,75,73,72,75,62,56,76,68,67,69,50,68,74,72,62,74,81,69,84
[ 9033.287247] [AOA] Measurement: 0,1627167775.125310,08:55:31:9b:05:29,2,1,2,0,128,332,1023,887,817,805,993,514,358,17,306,960,133,704,970,95,438,566,170,103,1018,979,232,131,172,411,491,240,340,641,278,355,975,83,58,72,73,71,76,72,75,74,73,82,77,61,76,72,73,77,65,57,77,69,66,67,49,69,73,70,60,71,81,66,82
[ 9033.331865] [AOA] Measurement: 0,1627167775.169927,08:55:31:9b:05:29,2,1,2,0,128,377,1003,897,807,805,994,965,141,405,17,452,947,102,687,571,245,517,119,48,965,409,49,494,921,813,237,183,308,153,130,99,921,84,57,72,74,72,78,72,74,75,73,83,77,60,78,72,74,75,63,56,78,69,63,67,47,68,71,69,58,69,79,64,82
[ 9033.382116] [AOA] Measurement: 0,1627167775.220171,08:55:31:9b:05:29,2,1,2,0,128,399,8,909,806,813,1008,532,405,76,270,1013,123,642,923,102,417,115,363,613,133,438,94,579,975,370,462,229,336,685,314,588,268,80,57,68,70,71,72,69,74,69,72,77,73,59,73,72,71,76,62,56,74,66,66,68,51,68,73,71,63,73,82,69,84
[ 9033.429198] [AOA] Measurement: 0,1627167775.267258,08:55:31:9b:05:29,2,1,2,0,128,866,838,328,595,854,14,424,330,1000,231,959,113,177,777,557,261,646,201,634,172,939,214,480,908,786,241,647,124,126,118,813,681,76,58,64,70,67,71,67,70,67,69,74,69,60,71,71,68,73,57,53,70,64,64,67,50,65,71,70,60,73,79,70,81
[ 9033.470733] [AOA] Measurement: 0,1627167775.308789,08:55:31:9b:05:29,2,1,2,0,128,321,996,854,768,202,789,903,112,527,100,11,164,744,961,148,480,66,361,695,191,975,263,43,109,781,240,198,311,650,279,438,105,78,59,68,73,70,74,70,73,73,75,81,76,61,77,74,74,76,63,56,76,66,64,68,47,67,72,69,60,70,80,64,81
[ 9033.522780] [AOA] Measurement: 0,1627167775.360836,08:55:31:9b:05:29,2,1,2,0,128,300,979,858,796,790,994,471,356,118,341,81,220,653,927,86,435,57,347,144,6,974,292,98,146,395,496,201,357,718,368,333,994,84,58,73,74,72,75,73,74,74,74,82,75,60,76,72,74,73,63,57,78,67,63,67,48,69,71,67,59,71,81,66,82
[ 9033.570205] [AOA] Measurement: 0,1627167775.408265,08:55:31:9b:05:29,2,1,2,0,128,838,827,886,777,764,989,542,404,39,283,1008,164,700,951,106,483,4,297,91,1016,418,73,540,987,804,257,652,100,142,97,410,196,83,58,74,75,73,76,71,76,74,73,82,75,61,78,73,74,75,64,56,76,68,63,66,46,66,69,66,57,68,79,63,77
[ 9033.609203] [AOA] Measurement: 0,1627167775.447260,08:55:31:9b:05:29,2,1,2,0,128,858,845,300,556,226,762,962,110,524,104,1005,128,703,916,85,411,521,140,118,1001,1012,276,100,162,376,494,205,354,694,315,454,109,84,58,73,75,72,75,73,74,74,72,82,75,59,76,73,72,75,64,56,77,69,65,67,48,69,72,71,60,71,83,68,85
[ 9033.652051] [AOA] Measurement: 0,1627167775.490114,08:55:31:9b:05:29,2,1,2,0,128,841,812,276,548,211,776,938,115,520,78,460,966,167,757,592,305,127,383,686,167,992,282,34,77,800,229,665,93,78,61,731,713,82,58,70,74,69,75,69,74,72,74,82,75,61,76,74,73,74,62,57,76,69,65,70,51,70,73,71,62,72,82,67,81
[ 9033.691354] [AOA] Measurement: 0,1627167775.529410,08:55:31:9b:05:29,2,1,2,0,128,389,0,867,758,811,1018,947,149,1007,272,1005,140,56,667,514,195,508,80,134,1014,437,100,523,961,778,202,709,148,114,133,108,938,82,60,70,72,68,75,71,75,71,74,82,75,60,75,73,72,73,60,56,73,67,65,67,50,68,74,70,63,72,81,69,85
[ 9033.742085] [AOA] Measurement: 0,1627167775.580141,08:55:31:9b:05:29,2,1,2,0,128,417,17,899,798,827,1023,495,342,67,340,984,111,669,896,566,230,587,169,108,996,959,248,106,180,328,458,166,285,74,134,683,366,80,57,68,72,70,71,70,73,72,72,78,72,59,73,71,72,75,63,56,76,68,64,68,48,67,72,70,60,70,81,64,82
[ 9033.784871] [AOA] Measurement: 0,1627167775.622927,08:55:31:9b:05:29,2,1,2,0,128,286,955,882,765,836,1014,471,341,477,61,453,973,143,746,521,223,540,148,116,986,990,283,4,72,870,284,673,110,686,278,621,327,82,59,72,75,71,76,71,75,73,74,83,76,61,76,74,75,76,64,58,77,69,65,69,49,69,73,71,61,73,82,68,85
[ 9033.829865] [AOA] Measurement: 0,1627167775.667925,08:55:31:9b:05:29,2,1,2,0,128,349,1020,879,810,796,995,479,349,3,252,412,903,170,737,116,441,555,147,732,232,1022,262,556,959,773,218,713,159,705,342,964,708,81,59,69,73,70,73,70,74,72,74,80,75,62,76,73,75,75,62,57,77,68,66,69,52,67,74,71,61,74,81,69,85
[ 9033.873880] [AOA] Measurement: 0,1627167775.711941,08:55:31:9b:05:29,2,1,2,0,128,335,9,811,730,209,776,929,149,496,68,393,937,120,703,562,250,108,377,650,157,398,54,536,954,356,449,251,344,694,325,915,594,75,55,64,70,68,70,69,73,69,72,77,74,59,74,73,74,75,61,56,75,67,63,68,49,66,73,70,60,72,79,67,81
[ 9033.916552] [AOA] Measurement: 0,1627167775.754607,08:55:31:9b:05:29,2,1,2,0,128,814,791,383,626,248,761,898,90,461,28,419,973,129,728,577,257,615,205,123,975,430,51,495,943,795,228,642,102,109,82,597,468,80,58,69,73,69,74,72,75,70,73,80,76,60,75,73,74,73,63,57,75,68,66,68,50,68,72,72,62,73,81,69,85
[ 9033.960198] [AOA] Measurement: 0,1627167775.798255,08:55:31:9b:05:29,2,1,2,0,128,388,23,878,772,818,998,484,355,17,257,24,147,694,926,158,493,99,387,670,194,20,332,91,161,345,458,222,328,693,297,2,795,83,60,71,75,72,77,72,75,75,74,83,77,61,76,73,72,75,63,58,76,68,65,68,48,66,71,67,58,71,80,65,82
[ 9034.003611] [AOA] Measurement: 0,1627167775.841666,08:55:31:9b:05:29,2,1,2,0,128,827,819,329,613,232,803,998,195,53,298,39,168,640,937,544,229,533,138,83,988,404,69,570,1018,326,433,228,361,665,309,652,375,82,58,71,73,71,75,71,74,73,75,81,76,60,75,74,74,77,63,58,77,69,66,69,49,69,72,69,59,72,81,66,83
[ 9034.053674] [AOA] Measurement: 0,1627167775.891729,08:55:31:9b:05:29,2,1,2,0,128,838,818,314,583,318,886,469,344,0,254,445,968,90,715,570,241,109,378,679,198,996,266,30,100,805,234,640,86,118,111,138,1023,84,58,72,75,71,77,72,73,72,74,83,76,60,76,73,73,76,64,57,77,70,64,68,48,67,71,68,60,71,81,66,84
[ 9034.106011] [AOA] Measurement: 0,1627167775.944067,08:55:31:9b:05:29,2,1,2,0,128,326,958,338,579,254,795,949,130,505,58,472,983,636,905,112,427,181,411,645,150,40,328,84,142,258,393,652,126,726,350,188,867,83,57,72,74,70,75,71,74,73,73,82,75,57,74,70,72,72,63,55,74,67,62,64,45,66,70,65,56,66,78,62,79
[ 9034.150149] [AOA] Measurement: 0,1627167775.988208,08:55:31:9b:05:29,2,1,2,0,128,839,806,910,816,825,5,526,381,37,304,991,149,715,962,103,475,52,329,694,195,21,339,59,135,393,448,195,304,130,94,1022,794,81,59,71,74,72,76,72,75,74,74,82,76,61,77,74,72,76,61,58,74,68,66,67,48,67,71,69,60,71,80,67,83
[ 9034.193698] [AOA] Measurement: 0,1627167776.031761,08:55:31:9b:05:29,2,1,2,0,128,330,991,344,635,803,1000,523,378,25,253,22,167,675,924,553,210,575,137,107,982,450,102,43,72,804,208,719,157,153,135,1022,758,76,57,64,70,68,70,69,71,68,70,77,74,59,71,71,70,73,60,55,73,66,65,69,50,67,73,71,61,74,79,69,82
[ 9034.236096] [AOA] Measurement: 0,1627167776.074151,08:55:31:9b:05:29,2,1,2,0,128,475,84,914,832,738,973,533,393,975,231,434,965,164,747,637,306,566,149,712,207,1012,326,82,155,373,476,249,372,665,319,583,249,82,59,69,72,71,75,71,74,72,70,80,74,60,74,74,73,76,62,55,74,68,64,69,48,69,73,69,62,71,81,69,84
[ 9034.279798] [AOA] Measurement: 0,1627167776.117856,08:55:31:9b:05:29,2,1,2,0,128,357,998,915,815,796,977,506,355,1003,232,1021,130,650,911,159,514,85,337,679,201,1000,270,503,964,310,396,248,328,709,359,818,585,77,58,67,71,68,71,70,72,69,71,79,73,61,74,73,72,74,62,56,75,67,67,69,49,68,74,70,63,72,82,70,85
[ 9034.323298] [AOA] Measurement: 0,1627167776.161354,08:55:31:9b:05:29,2,1,2,0,128,377,1,930,856,822,3,474,367,31,267,37,152,695,972,66,433,97,353,573,144,953,277,125,165,326,427,230,342,668,306,421,113,83,58,72,74,72,77,72,74,74,73,83,75,60,77,73,74,76,63,56,76,68,62,66,47,68,71,69,58,70,82,65,84
[ 9034.373116] [AOA] Measurement: 0,1627167776.211172,08:55:31:9b:05:29,2,1,2,0,128,285,989,905,835,747,960,984,153,477,69,402,929,122,698,164,493,111,386,627,161,948,266,502,981,336,427,203,312,631,313,671,405,82,57,71,74,72,75,71,72,72,73,82,76,61,77,73,75,76,63,55,74,68,64,67,47,67,71,69,60,70,80,65,82
[ 9034.423288] [AOA] Measurement: 0,1627167776.261345,08:55:31:9b:05:29,2,1,2,0,128,376,1022,861,755,210,799,867,74,489,57,460,979,709,952,89,451,72,355,699,190,983,254,18,102,773,196,625,41,153,115,936,694,75,57,65,69,67,69,68,70,68,70,77,72,60,69,71,71,73,59,55,72,65,62,67,49,66,73,70,61,73,81,69,84
[ 9034.469793] [AOA] Measurement: 0,1627167776.307850,08:55:31:9b:05:29,2,1,2,0,128,835,809,903,819,211,792,922,119,493,77,436,942,154,751,546,218,579,166,670,208,4,302,77,117,354,448,261,376,662,291,922,640,76,56,65,70,67,72,71,73,71,74,79,74,60,74,72,72,75,60,56,74,66,64,67,50,67,72,71,60,73,82,68,84
[ 9034.515431] [AOA] Measurement: 0,1627167776.353493,08:55:31:9b:05:29,2,1,2,0,128,332,1002,946,855,748,973,458,320,1016,234,29,191,685,932,72,443,137,412,767,266,18,321,120,153,391,495,280,403,715,336,382,33,84,55,74,73,70,73,70,72,73,74,81,73,57,74,70,71,73,63,55,77,67,60,65,43,65,67,66,53,66,77,61,79
[ 9034.558600] [AOA] Measurement: 0,1627167776.396660,08:55:31:9b:05:29,2,1,2,0,128,811,784,354,632,229,758,960,153,481,49,470,969,202,792,577,239,138,351,703,230,931,243,90,147,780,248,696,148,181,176,837,528,84,58,73,75,74,78,71,74,76,74,84,75,60,75,70,71,74,64,56,76,69,63,68,46,66,69,68,55,69,80,63,81
[ 9034.603999] [AOA] Measurement: 0,1627167776.442054,08:55:31:9b:05:29,2,1,2,0,128,357,10,916,830,781,989,980,186,991,224,400,942,136,735,154,488,114,409,687,213,914,247,534,930,759,202,693,121,192,141,211,966,83,58,71,75,72,77,72,74,74,74,83,76,60,76,72,73,76,61,57,77,69,65,68,47,68,73,69,60,71,83,67,84
[ 9034.657852] [AOA] Measurement: 0,1627167776.495915,08:55:31:9b:05:29,2,1,2,0,128,353,18,922,821,815,1009,469,340,19,278,939,72,151,710,617,234,581,162,49,986,445,85,540,941,365,453,185,293,702,318,474,201,82,58,73,75,73,75,71,74,74,75,82,74,58,77,71,69,71,62,54,75,65,61,64,45,67,67,66,53,66,75,58,77
[ 9034.701411] [AOA] Measurement: 0,1627167776.539466,08:55:31:9b:05:29,2,1,2,0,128,357,1009,896,814,195,764,914,91,443,41,405,911,117,705,647,307,572,161,144,1022,999,296,127,173,309,435,216,317,668,271,486,245,82,59,72,74,71,75,71,74,72,72,81,75,61,76,73,74,75,63,57,77,68,65,68,50,70,74,69,61,72,82,68,86
[ 9034.751992] [AOA] Measurement: 0,1627167776.590048,08:55:31:9b:05:29,2,1,2,0,128,301,1002,899,816,767,982,926,100,448,45,519,972,114,694,614,280,525,151,675,186,972,221,552,928,299,406,248,363,724,314,430,116,80,58,72,72,71,75,71,75,71,73,81,75,58,74,70,72,75,62,57,77,69,64,65,47,65,68,68,59,70,79,66,83
[ 9034.797214] [AOA] Measurement: 0,1627167776.635275,08:55:31:9b:05:29,2,1,2,0,128,344,1018,823,771,796,1010,463,365,56,288,30,207,685,927,162,499,88,370,657,157,1018,284,107,144,348,451,128,288,689,302,389,84,83,58,71,73,70,75,70,74,74,73,81,77,62,76,73,75,75,64,56,77,70,65,67,48,68,72,70,61,73,83,67,82
[ 9034.841301] [AOA] Measurement: 0,1627167776.679361,08:55:31:9b:05:29,2,1,2,0,128,310,973,911,796,849,1004,511,352,1007,258,1,145,725,974,132,493,104,376,667,188,983,263,115,168,436,504,279,373,743,347,751,301,82,59,72,74,72,76,72,74,73,73,84,77,59,75,73,72,74,63,57,76,67,63,66,47,67,72,69,59,69,80,66,81
[ 9034.891711] [AOA] Measurement: 0,1627167776.729771,08:55:31:9b:05:29,2,1,2,0,128,350,8,879,807,745,987,454,310,119,346,1013,152,684,953,139,498,145,428,707,214,1023,320,131,174,358,463,250,337,689,326,27,819,79,58,69,72,69,73,71,74,72,73,81,75,61,76,72,72,76,62,58,75,66,64,67,49,67,72,71,62,73,83,68,85
[ 9034.933245] [AOA] Measurement: 0,1627167776.771273,08:55:31:9b:05:29,2,1,2,0,128,345,15,869,749,278,835,969,131,540,116,988,140,606,879,95,458,94,382,729,243,959,264,107,153,293,429,255,360,744,336,229,871,82,55,71,74,72,76,72,72,74,73,82,73,56,73,70,71,72,62,56,76,66,60,63,43,64,65,64,53,64,75,59,75
[ 9034.982771] [AOA] Measurement: 0,1627167776.820827,08:55:31:9b:05:29,2,1,2,0,128,367,1004,852,774,773,973,941,137,19,255,33,188,651,944,104,450,97,368,627,134,426,65,563,973,357,467,215,323,655,313,39,779,82,58,71,75,72,75,72,73,72,72,80,75,61,75,73,75,76,64,58,75,69,65,68,48,69,72,70,60,72,82,67,84
[ 9035.027662] [AOA] Measurement: 0,1627167776.865724,08:55:31:9b:05:29,2,1,2,0,128,346,998,897,795,836,7,482,348,33,257,94,204,685,954,123,488,69,341,636,152,432,102,571,997,341,446,175,305,669,320,449,182,83,56,73,75,72,76,71,72,74,71,81,75,59,77,70,70,73,62,55,74,65,62,65,43,67,68,66,55,66,79,62,76
[ 9035.071647] [AOA] Measurement: 0,1627167776.909703,08:55:31:9b:05:29,2,1,2,0,128,784,818,343,581,245,789,965,138,455,72,397,942,102,714,578,233,483,101,110,998,421,45,529,944,774,217,592,63,101,113,772,625,84,57,72,76,73,75,71,74,74,71,80,74,56,74,69,69,71,61,54,74,66,59,62,42,66,66,63,52,62,75,58,75
[ 9035.122796] [AOA] Measurement: 0,1627167776.960852,08:55:31:9b:05:29,2,1,2,0,128,847,826,359,632,830,964,496,325,425,28,1007,121,661,922,202,505,82,355,664,163,962,276,52,85,317,423,162,303,687,315,1000,561,78,58,67,72,68,72,71,73,70,72,79,73,59,73,72,71,73,60,54,73,67,65,67,49,67,72,72,61,71,82,69,84
[ 9035.169268] [AOA] Measurement: 0,1627167777.007331,08:55:31:9b:05:29,2,1,2,0,128,344,9,900,806,849,25,540,398,49,280,1012,152,95,669,671,324,41,312,693,173,13,305,95,120,302,443,194,348,657,303,238,13,81,59,71,75,72,75,72,75,73,75,83,78,61,78,73,72,73,63,55,75,67,63,66,47,68,69,70,59,71,81,66,82
[ 9035.213204] [AOA] Measurement: 0,1627167777.051267,08:55:31:9b:05:29,2,1,2,0,128,314,988,881,771,265,822,938,136,409,1018,499,999,105,680,614,286,503,115,136,23,447,78,556,967,341,424,683,127,696,319,474,134,85,57,74,72,70,73,70,72,74,73,80,74,56,76,70,71,72,63,54,72,64,58,61,41,64,66,60,51,62,71,57,70
[ 9035.263379] [AOA] Measurement: 0,1627167777.101436,08:55:31:9b:05:29,2,1,2,0,128,399,30,863,798,770,983,486,329,40,300,986,116,654,889,492,211,530,117,75,980,460,105,535,948,784,231,663,96,178,125,927,752,81,57,72,72,70,73,71,74,73,73,82,74,58,76,72,72,73,62,56,75,67,62,65,44,66,69,65,56,66,77,62,78
[ 9035.313763] [AOA] Measurement: 0,1627167777.151819,08:55:31:9b:05:29,2,1,2,0,128,329,998,323,559,172,728,1011,181,452,61,417,888,138,703,588,237,583,163,101,1000,981,226,532,966,859,248,697,106,69,56,272,1015,84,59,70,74,72,76,72,73,72,73,83,76,61,75,74,72,76,62,57,76,68,65,68,50,69,73,71,60,73,83,69,84
[ 9035.357691] [AOA] Measurement: 0,1627167777.195754,08:55:31:9b:05:29,2,1,2,0,128,378,17,899,825,810,1010,437,318,475,78,411,932,120,682,637,316,88,341,618,134,454,90,528,945,782,211,683,130,88,129,171,917,80,57,69,75,71,74,70,74,71,73,81,73,60,76,71,74,74,62,54,75,68,65,68,48,67,73,71,60,72,83,66,84
[ 9035.395512] [AOA] Measurement: 0,1627167777.233573,08:55:31:9b:05:29,2,1,2,0,128,411,76,911,845,821,8,527,409,25,286,981,157,640,877,106,482,18,304,726,196,951,273,75,131,347,453,176,298,145,159,278,982,80,58,69,73,70,75,71,75,74,73,82,76,59,76,72,71,74,62,55,73,67,63,68,47,69,71,68,58,70,81,64,81
[ 9035.433622] [AOA] Measurement: 0,1627167777.271682,08:55:31:9b:05:29,2,1,2,0,128,303,1007,344,601,267,826,476,317,1005,256,1011,152,106,734,547,202,77,352,685,186,970,266,29,113,362,443,206,309,631,240,941,776,83,59,72,73,72,76,72,74,74,74,81,75,60,76,72,72,74,63,56,77,68,63,67,45,68,70,69,59,71,79,66,81
[ 9035.474946] [AOA] Measurement: 0,1627167777.313002,08:55:31:9b:05:29,2,1,2,0,128,422,26,863,767,783,998,526,379,8,254,968,111,190,743,113,470,535,117,89,995,979,269,63,84,347,449,206,326,739,324,3,675,83,59,71,74,72,76,72,75,74,75,83,75,60,77,72,73,74,63,57,77,68,64,67,47,67,72,69,58,69,82,66,80
[ 9035.520641] [AOA] Measurement: 0,1627167777.358704,08:55:31:9b:05:29,2,1,2,0,128,377,3,867,757,844,13,526,348,34,288,963,107,622,886,96,456,552,139,702,160,2,304,134,183,399,494,186,320,677,333,822,460,78,58,67,69,68,70,68,72,69,72,82,74,59,76,74,73,76,62,57,74,67,64,67,47,64,71,68,60,72,82,66,83
[ 9035.564148] [AOA] Measurement: 0,1627167777.402210,08:55:31:9b:05:29,2,1,2,0,128,284,1000,836,780,811,1010,523,362,19,299,990,138,102,724,533,223,512,104,103,1008,465,113,60,147,281,431,215,350,632,276,310,993,83,56,74,75,73,76,72,74,74,74,83,77,59,77,72,73,75,63,56,75,68,61,64,45,66,67,66,54,68,78,62,78
[ 9035.608817] [AOA] Measurement: 0,1627167777.446873,08:55:31:9b:05:29,2,1,2,0,128,395,4,891,797,765,955,921,110,478,47,416,929,119,727,559,257,584,184,659,163,1008,264,552,954,359,445,255,357,722,351,676,357,83,57,72,75,71,76,72,75,73,74,84,76,62,78,73,74,75,62,56,76,68,63,67,49,67,74,71,62,72,83,68,84
[ 9035.652635] [AOA] Measurement: 0,1627167777.490690,08:55:31:9b:05:29,2,1,2,0,128,334,1002,830,772,819,994,539,392,1015,260,412,925,48,665,605,255,544,176,123,11,1006,275,73,121,296,443,225,350,644,278,775,640,84,59,74,76,74,77,70,74,72,74,82,73,60,77,73,74,76,65,57,77,69,65,65,46,69,71,69,60,70,82,63,83
[ 9035.703040] [AOA] Measurement: 0,1627167777.541096,08:55:31:9b:05:29,2,1,2,0,128,365,23,874,791,223,772,962,129,41,260,4,105,94,663,586,247,151,384,696,214,1020,282,1014,67,806,235,593,72,112,95,146,56,83,60,72,75,73,76,72,74,74,73,83,75,60,76,73,73,76,64,58,77,69,65,68,49,69,72,71,61,72,82,67,84
[ 9035.750061] [AOA] Measurement: 0,1627167777.588125,08:55:31:9b:05:29,2,1,2,0,128,316,976,895,816,805,22,456,323,80,303,999,134,713,955,109,458,113,347,638,182,979,259,78,127,782,227,659,111,172,122,742,488,82,59,70,74,73,75,71,75,74,72,82,77,60,77,73,72,75,62,57,75,67,64,67,47,67,73,70,60,71,83,68,84
[ 9035.793821] [AOA] Measurement: 0,1627167777.631881,08:55:31:9b:05:29,2,1,2,0,128,817,809,332,609,824,1000,495,340,49,298,16,162,647,903,81,439,73,337,690,184,1000,311,502,951,351,449,166,296,663,278,492,189,81,59,70,74,71,74,71,74,72,73,81,75,61,76,74,72,76,61,56,76,67,65,68,50,67,75,71,62,74,82,70,85
[ 9035.843480] [AOA] Measurement: 0,1627167777.681542,08:55:31:9b:05:29,2,1,2,0,128,254,906,346,579,228,789,946,135,547,112,459,949,111,748,145,455,77,364,648,183,8,306,85,168,342,454,244,351,672,320,616,417,81,58,71,75,72,76,72,75,73,73,82,76,61,75,74,73,75,63,57,76,69,65,68,50,69,72,72,62,73,83,70,86
[ 9035.886563] [AOA] Measurement: 0,1627167777.724626,08:55:31:9b:05:29,2,1,2,0,128,788,786,278,571,221,810,6,193,474,58,470,989,125,757,643,316,124,375,626,142,964,275,82,140,749,188,677,121,185,155,64,863,84,57,73,75,71,76,72,74,74,73,83,76,58,78,73,74,73,65,57,76,69,66,68,47,69,73,71,59,71,81,66,85
[ 9035.933490] [AOA] Measurement: 0,1627167777.771545,08:55:31:9b:05:29,2,1,2,0,128,784,775,359,578,221,786,934,124,477,111,433,953,729,933,68,427,544,144,89,1016,960,263,498,923,840,313,228,336,723,309,964,774,73,44,69,64,61,66,58,59,65,62,70,62,48,65,58,61,60,57,45,65,57,48,51,34,56,53,50,43,52,62,49,63
[ 9035.975627] [AOA] Measurement: 0,1627167777.813682,08:55:31:9b:05:29,2,1,2,0,128,330,1005,302,594,814,1021,982,151,64,318,13,173,660,921,84,425,90,365,692,198,990,229,140,210,350,441,260,385,674,317,585,194,81,58,68,72,71,75,71,72,73,73,81,76,61,75,72,72,75,63,57,76,68,66,69,49,69,73,71,63,74,83,69,86
[ 9036.014145] [AOA] Measurement: 0,1627167777.852205,08:55:31:9b:05:29,2,1,2,0,128,322,1000,851,801,803,974,899,62,492,72,492,997,131,722,614,287,73,321,77,985,992,273,91,160,268,414,632,59,106,95,734,585,80,59,69,72,69,73,70,73,71,72,80,75,61,74,72,72,74,60,56,74,66,66,67,50,67,74,72,62,73,83,71,86
[ 9036.052119] [AOA] Measurement: 0,1627167777.890179,08:55:31:9b:05:29,2,1,2,0,128,403,14,912,820,884,32,546,444,89,368,999,153,647,926,78,462,137,415,709,235,989,285,95,157,352,454,239,352,697,333,488,74,83,59,71,74,71,75,73,76,74,73,81,74,59,75,71,73,76,63,57,78,70,66,68,49,69,73,71,60,72,82,67,83
[ 9036.091454] [AOA] Measurement: 0,1627167777.929510,08:55:31:9b:05:29,2,1,2,0,128,830,806,359,594,266,776,957,150,517,91,490,988,693,929,175,510,154,413,689,211,991,279,60,105,766,183,691,133,118,130,273,60,79,58,67,72,69,74,71,74,69,70,78,73,60,74,73,69,73,60,55,74,66,65,66,49,67,73,70,61,74,81,68,81
[ 9036.143497] [AOA] Measurement: 0,1627167777.981553,08:55:31:9b:05:29,2,1,2,0,128,376,10,902,784,277,838,939,163,90,319,991,140,688,927,65,424,94,382,600,143,511,103,104,159,368,463,228,310,688,309,7,781,80,59,69,74,71,75,70,74,73,73,83,75,61,76,74,73,76,63,57,75,69,66,68,50,68,72,71,62,72,81,68,83
[ 9036.187642] [AOA] Measurement: 0,1627167778.025702,08:55:31:9b:05:29,2,1,2,0,128,811,785,309,573,242,792,996,219,79,281,27,163,700,938,95,459,92,320,670,198,997,285,111,149,282,435,221,328,142,124,84,805,83,56,72,74,72,74,72,72,74,73,84,75,58,77,72,72,74,64,56,77,67,62,64,44,68,70,66,55,67,78,63,81
[ 9036.231534] [AOA] Measurement: 0,1627167778.069596,08:55:31:9b:05:29,2,1,2,0,128,815,774,925,787,839,991,476,357,23,279,978,163,683,938,87,493,165,423,662,227,20,332,61,126,318,430,686,124,168,130,224,54,81,58,73,75,72,76,72,72,72,74,84,77,62,77,72,72,76,63,56,77,70,64,69,49,68,73,70,61,73,83,68,85
[ 9036.274820] [AOA] Measurement: 0,1627167778.112883,08:55:31:9b:05:29,2,1,2,0,128,367,983,922,826,707,931,914,88,416,14,546,1009,675,898,158,474,503,92,85,13,448,77,534,940,797,205,646,118,113,86,941,785,83,56,72,73,70,75,69,72,73,73,81,74,58,75,71,72,73,64,55,75,68,61,64,44,67,67,64,54,64,75,58,76
[ 9036.318856] [AOA] Measurement: 0,1627167778.156913,08:55:31:9b:05:29,2,1,2,0,128,425,45,833,781,819,24,486,363,1020,253,961,74,693,924,585,264,72,356,46,983,424,92,574,974,825,275,186,299,718,339,842,485,82,58,71,74,71,76,72,75,74,74,83,77,60,77,72,74,76,63,57,77,68,65,67,47,68,71,70,60,72,82,67,84
[ 9036.365255] [AOA] Measurement: 0,1627167778.203311,08:55:31:9b:05:29,2,1,2,0,128,374,995,933,813,750,959,484,350,22,278,997,115,62,693,668,318,528,138,45,989,385,31,520,960,781,185,680,124,151,119,244,986,81,58,68,73,68,75,70,72,72,71,79,74,61,76,74,74,75,64,58,77,68,66,69,50,68,73,70,60,71,82,67,84
[ 9036.415465] [AOA] Measurement: 0,1627167778.253521,08:55:31:9b:05:29,2,1,2,0,128,353,16,797,754,761,970,903,123,486,66,462,958,121,708,600,279,135,438,710,213,1006,302,70,134,278,412,154,296,174,160,199,52,81,60,72,73,72,75,73,75,73,73,80,76,59,75,71,73,74,62,56,75,68,67,69,50,68,74,71,61,73,83,68,85
[ 9036.457622] [AOA] Measurement: 0,1627167778.295678,08:55:31:9b:05:29,2,1,2,0,128,864,820,330,608,286,818,519,354,4,263,986,113,617,867,162,460,111,383,706,224,26,332,54,132,323,431,289,344,88,76,337,18,81,58,69,74,71,74,71,74,72,73,82,75,60,77,73,72,75,62,57,75,69,65,69,48,69,72,72,62,72,82,69,84
[ 9036.498987] [AOA] Measurement: 0,1627167778.337048,08:55:31:9b:05:29,2,1,2,0,128,398,16,840,787,771,943,1022,182,42,315,1002,141,697,893,50,460,149,391,598,146,1001,282,69,108,368,464,212,323,717,304,1023,667,80,58,70,73,71,74,70,72,70,72,82,74,61,76,71,73,73,62,55,77,68,65,66,49,68,71,69,60,71,82,66,82
[ 9036.543355] [AOA] Measurement: 0,1627167778.381417,08:55:31:9b:05:29,2,1,2,0,128,789,785,315,548,193,775,924,95,513,74,400,885,119,693,489,189,550,140,49,961,362,35,557,945,819,275,635,105,112,91,896,835,81,57,70,74,71,75,71,74,72,71,80,76,59,75,71,74,74,62,55,75,67,65,67,49,69,72,72,62,73,82,69,85
[ 9036.587071] [AOA] Measurement: 0,1627167778.425133,08:55:31:9b:05:29,2,1,2,0,128,288,994,849,752,242,797,991,164,476,77,4,154,713,940,148,485,116,385,717,238,997,284,100,136,321,414,189,306,116,138,394,93,82,58,71,75,71,75,71,74,74,71,81,75,59,77,72,74,74,63,57,76,70,65,68,49,68,73,71,61,72,81,66,82
[ 9036.631408] [AOA] Measurement: 0,1627167778.469464,08:55:31:9b:05:29,2,1,2,0,128,417,41,801,765,264,812,529,400,24,290,10,166,687,919,68,437,507,121,121,11,384,49,528,920,788,230,716,150,737,322,514,152,83,57,74,74,72,76,71,75,74,74,84,76,60,75,73,72,76,65,57,75,68,63,66,46,67,68,67,56,68,79,64,81
[ 9036.673735] [AOA] Measurement: 0,1627167778.511798,08:55:31:9b:05:29,2,1,2,0,128,769,763,322,591,309,796,32,203,43,327,981,94,135,723,534,222,528,115,52,944,438,55,554,992,328,407,239,365,647,288,557,300,78,54,70,71,70,76,70,71,74,73,82,75,58,75,70,71,72,63,51,76,65,60,63,41,64,67,64,53,63,75,59,75
[ 9036.717031] [AOA] Measurement: 0,1627167778.555094,08:55:31:9b:05:29,2,1,2,0,128,357,999,902,775,188,772,960,152,421,18,460,985,130,722,634,271,539,105,98,978,483,134,91,139,363,445,243,325,648,304,99,875,79,58,69,72,69,74,68,74,70,72,80,73,59,75,72,73,73,61,56,76,69,66,68,50,68,74,67,60,71,80,65,79
[ 9036.760033] [AOA] Measurement: 0,1627167778.598088,08:55:31:9b:05:29,2,1,2,0,128,359,1010,886,794,861,1002,444,313,30,260,449,958,675,923,153,467,119,389,666,174,999,317,39,91,363,463,241,362,716,315,206,989,79,58,68,71,70,73,71,73,70,70,79,75,59,73,72,71,74,61,56,74,66,65,68,49,67,73,71,62,70,81,68,84
[ 9036.802356] [AOA] Measurement: 0,1627167778.640417,08:55:31:9b:05:29,2,1,2,0,128,320,980,340,576,289,809,959,145,40,310,1002,113,637,854,592,277,611,157,666,185,1012,265,141,181,314,397,228,315,689,315,131,969,83,58,72,75,71,78,71,74,73,73,82,74,57,75,68,71,72,63,55,76,67,62,65,45,66,67,65,55,64,76,59,73
[ 9036.846040] [AOA] Measurement: 0,1627167778.684101,08:55:31:9b:05:29,2,1,2,0,128,780,793,298,593,278,803,948,151,496,54,495,961,91,743,558,234,521,132,86,1012,419,68,546,968,353,464,256,353,769,324,108,884,83,58,72,75,73,76,73,73,75,71,84,77,62,78,74,74,75,65,56,76,67,63,66,46,67,70,67,58,66,80,63,78
[ 9036.889917] [AOA] Measurement: 0,1627167778.727979,08:55:31:9b:05:29,2,1,2,0,128,341,1018,898,832,809,998,436,276,1011,279,931,97,625,903,161,468,114,402,654,197,1001,310,105,145,332,467,198,302,142,165,87,884,81,58,70,73,70,75,71,76,72,72,81,75,61,75,73,71,75,60,57,76,66,65,70,50,68,73,69,62,73,80,68,84
[ 9036.928524] [AOA] Measurement: 0,1627167778.766585,08:55:31:9b:05:29,2,1,2,0,128,764,800,298,578,282,825,977,143,474,73,519,1004,637,861,186,483,96,369,601,134,466,106,87,122,359,463,197,330,659,309,875,689,82,56,72,74,70,73,70,72,71,72,80,75,59,76,71,70,72,63,55,76,66,61,64,45,65,68,65,56,66,75,60,75
[ 9036.973835] [AOA] Measurement: 0,1627167778.811892,08:55:31:9b:05:29,2,1,2,0,128,362,16,881,786,852,1012,894,109,531,137,923,74,133,704,578,251,571,163,744,249,991,294,147,167,398,498,206,332,702,280,780,499,81,58,71,73,72,76,70,75,72,71,82,76,60,76,74,73,75,64,56,77,68,64,66,46,69,70,68,58,70,81,65,83
[ 9037.024158] [AOA] Measurement: 0,1627167778.862213,08:55:31:9b:05:29,2,1,2,0,128,336,1008,913,806,835,24,517,363,77,333,1001,140,677,932,150,450,127,401,686,196,1016,322,49,148,324,441,208,333,700,315,578,256,80,58,70,73,70,74,71,74,73,74,83,77,59,76,75,74,76,62,57,76,67,65,67,50,68,72,71,60,73,81,67,83
[ 9037.068628] [AOA] Measurement: 0,1627167778.906683,08:55:31:9b:05:29,2,1,2,0,128,322,1004,267,592,221,763,21,186,18,269,429,946,151,723,67,430,497,124,147,1010,25,290,54,90,352,401,242,344,759,359,968,631,82,58,71,73,73,75,73,75,73,74,83,78,60,77,73,74,76,61,55,77,68,66,69,49,68,74,70,62,73,82,67,83
[ 9037.113114] [AOA] Measurement: 0,1627167778.951170,08:55:31:9b:05:29,2,1,2,0,128,415,27,883,781,825,1014,477,331,31,239,434,954,82,706,585,256,453,85,122,1019,391,49,119,137,253,369,668,131,144,133,17,800,84,58,73,76,71,74,71,74,74,73,80,73,59,75,70,71,71,61,52,75,65,61,65,44,66,67,65,54,65,77,60,78
[ 9037.163438] [AOA] Measurement: 0,1627167779.001496,08:55:31:9b:05:29,2,1,2,0,128,359,1013,976,829,821,9,454,330,19,267,45,202,703,951,92,444,67,339,634,163,418,31,540,941,770,200,675,132,739,361,860,600,80,58,69,72,72,73,72,73,72,73,80,73,58,73,70,71,74,62,57,75,69,64,67,47,66,70,68,59,69,78,66,81
[ 9037.209198] [AOA] Measurement: 0,1627167779.047260,08:55:31:9b:05:29,2,1,2,0,128,708,756,359,591,260,793,992,135,563,111,434,972,102,718,599,261,574,140,71,1000,384,56,609,998,765,214,725,135,88,63,774,622,78,56,67,72,66,73,67,73,67,71,78,71,57,73,72,71,75,60,55,73,66,64,67,49,67,71,70,62,71,78,68,82
[ 9037.253462] [AOA] Measurement: 0,1627167779.091522,08:55:31:9b:05:29,2,1,2,0,128,793,764,327,570,250,812,3,178,454,72,6,158,672,889,599,266,578,160,66,962,490,105,58,124,292,415,648,108,110,104,436,203,83,59,72,75,70,74,73,74,74,74,81,75,60,75,72,73,75,62,56,76,67,64,68,48,67,72,70,60,70,80,66,81
[ 9037.296502] [AOA] Measurement: 0,1627167779.134558,08:55:31:9b:05:29,2,1,2,0,128,840,802,349,594,300,830,504,357,61,302,20,152,702,921,143,473,68,337,78,976,475,112,507,937,824,242,631,78,171,145,956,778,78,58,68,71,68,74,70,74,68,69,79,74,57,73,71,70,73,58,55,72,67,65,69,51,67,74,71,61,73,82,69,85
[ 9037.340102] [AOA] Measurement: 0,1627167779.178158,08:55:31:9b:05:29,2,1,2,0,128,329,970,893,793,811,980,952,151,464,61,513,17,669,904,553,249,527,129,151,31,987,300,86,142,312,468,232,350,692,316,60,843,81,57,71,73,71,74,72,77,74,73,83,77,58,77,71,72,73,62,55,74,69,63,67,47,68,72,67,58,69,79,63,79
