
[ 739.397660] [AOA] Measurement: 0,1629148377.582099,08:55:31:70:ff:0a,2,1,1,0,128,800,986,398,748,459,822,927,618,386,877,305,925,809,953,573,194,939,139,104,718,548,1016,117,785,389,919,528,920,619,569,911,749,55,51,42,59,63,63,55,56,32,56,44,55,53,50,39,30,49,48,40,38,53,49,45,44,29,50,28,42,48,43,47,46
[ 739.432600] [AOA] Measurement: 0,1629148377.617042,08:55:31:70:ff:0a,2,1,1,0,128,837,1016,372,770,365,830,874,595,451,893,828,73,813,1012,88,343,347,961,23,640,65,836,173,803,936,121,44,62,131,744,703,533,71,67,68,68,67,69,72,65,69,63,73,77,73,70,68,61,72,61,64,70,69,72,77,63,71,68,60,70,77,72,77,77
[ 739.464718] [AOA] Measurement: 0,1629148377.649152,08:55:31:70:ff:0a,2,1,1,0,128,837,2,855,906,384,804,894,553,425,895,299,898,278,803,532,192,399,948,59,658,8,847,615,940,411,1000,426,918,135,809,337,88,75,68,56,74,76,77,74,72,55,70,65,75,74,70,60,51,66,57,56,62,73,69,67,59,52,68,40,61,69,65,70,66
[ 739.495462] [AOA] Measurement: 0,1629148377.679900,08:55:31:70:ff:0a,2,1,1,0,128,788,994,396,775,404,808,907,578,449,940,839,70,838,1005,111,379,930,97,1013,649,993,808,126,793,371,956,496,929,97,779,288,176,70,68,67,66,69,70,71,64,69,61,71,74,72,69,68,62,73,61,65,72,70,71,78,63,73,69,64,71,78,77,78,78
[ 739.527392] [AOA] Measurement: 0,1629148377.711829,08:55:31:70:ff:0a,2,1,1,0,128,290,109,902,963,942,995,401,738,984,67,853,109,798,963,85,373,984,133,564,852,565,9,630,969,926,145,1000,77,184,820,443,189,61,55,42,61,66,64,59,61,38,61,46,58,57,54,44,35,52,50,46,44,58,56,51,48,38,59,31,48,54,49,54,52
[ 739.563327] [AOA] Measurement: 0,1629148377.747765,08:55:31:70:ff:0a,2,1,1,0,128,331,161,926,934,389,824,904,602,421,841,959,115,862,1021,106,434,959,147,587,839,502,967,675,984,949,105,94,129,78,760,472,278,71,68,68,64,68,70,73,64,71,62,75,75,76,71,70,65,74,62,68,74,72,73,78,64,75,70,67,71,81,78,79,80
[ 739.593142] [AOA] Measurement: 0,1629148377.777582,08:55:31:70:ff:0a,2,1,1,0,128,828,942,306,743,445,837,887,572,421,903,859,88,766,1,59,358,955,123,555,879,982,814,666,980,867,115,977,69,121,772,346,117,76,70,63,74,76,75,74,69,62,69,68,77,75,71,65,55,70,58,61,65,72,70,72,62,62,69,50,66,71,68,71,68
[ 739.627514] [AOA] Measurement: 0,1629148377.811953,08:55:31:70:ff:0a,2,1,1,0,128,343,161,907,968,1004,16,424,747,1021,98,848,88,275,805,587,218,397,926,1001,643,602,26,657,1006,937,126,367,874,572,564,14,948,58,53,40,61,65,63,60,60,35,58,44,56,55,52,40,34,48,47,44,42,57,52,47,46,32,52,29,44,50,46,51,47
[ 739.661893] [AOA] Measurement: 0,1629148377.846327,08:55:31:70:ff:0a,2,1,1,0,128,736,948,307,739,389,805,853,539,435,924,317,907,270,817,534,178,415,930,63,683,6,822,97,778,387,952,476,930,150,804,698,446,74,71,68,69,71,73,73,69,68,64,72,76,76,71,67,60,72,60,64,70,72,73,77,64,68,68,58,69,77,73,76,78
[ 739.691982] [AOA] Measurement: 0,1629148377.876422,08:55:31:70:ff:0a,2,1,1,0,128,788,997,318,742,418,819,858,559,436,913,273,882,314,838,567,193,378,910,30,662,5,812,105,793,370,926,995,94,583,599,902,628,69,66,66,63,64,66,67,58,67,56,71,70,68,66,68,62,71,60,66,71,67,68,75,62,73,66,67,69,75,76,78,77
[ 739.721828] [AOA] Measurement: 0,1629148377.906269,08:55:31:70:ff:0a,2,1,1,0,128,813,994,350,749,428,795,873,540,397,880,295,914,231,775,535,151,375,950,12,624,996,803,61,742,376,929,462,901,604,581,766,630,73,70,69,68,69,69,73,65,72,61,75,76,73,69,68,65,75,62,67,72,71,74,79,63,76,70,67,70,78,76,79,78
[ 739.753334] [AOA] Measurement: 0,1629148377.937768,08:55:31:70:ff:0a,2,1,1,0,128,339,160,364,788,909,987,416,751,420,875,298,910,266,799,602,187,945,128,560,834,552,22,639,935,961,90,51,112,152,803,174,940,71,68,67,67,66,68,68,63,71,61,71,71,72,68,69,63,73,62,67,73,71,72,80,64,76,69,69,72,78,78,77,79
[ 739.793882] [AOA] Measurement: 0,1629148377.978289,08:55:31:70:ff:0a,2,1,1,0,128,842,1006,357,775,400,840,400,737,1,116,868,91,790,998,109,406,910,61,50,684,575,19,660,997,936,116,366,823,702,639,308,154,79,73,64,77,78,78,79,74,63,69,68,77,74,71,63,53,69,61,59,65,74,71,71,62,62,69,46,67,74,68,71,69
[ 739.831993] [AOA] Measurement: 0,1629148378.016427,08:55:31:70:ff:0a,2,1,1,0,128,786,958,306,710,428,829,822,520,462,933,872,70,784,1008,67,371,943,97,552,820,1002,791,144,803,326,923,440,912,611,570,448,365,59,52,44,62,66,63,58,57,36,57,46,56,54,51,42,32,49,47,42,40,57,51,46,44,32,51,28,42,49,44,47,43
[ 739.869526] [AOA] Measurement: 0,1629148378.053960,08:55:31:70:ff:0a,2,1,1,0,128,822,1004,284,742,391,817,384,716,406,903,229,864,245,814,570,221,421,954,36,672,592,16,650,979,417,994,1007,86,110,762,652,433,74,67,61,71,76,73,74,70,59,66,66,74,73,68,61,52,67,57,56,61,71,68,67,59,55,65,42,62,69,63,66,64
[ 739.903599] [AOA] Measurement: 0,1629148378.088040,08:55:31:70:ff:0a,2,1,1,0,128,824,969,291,710,382,782,896,561,367,858,287,931,311,829,545,127,353,924,48,660,26,869,629,969,848,70,458,930,537,562,782,603,70,69,68,66,67,67,70,63,71,60,74,72,73,68,69,63,74,61,69,72,68,69,78,61,73,65,69,70,76,75,77,79
[ 739.933977] [AOA] Measurement: 0,1629148378.118418,08:55:31:70:ff:0a,2,1,1,2,128,824,969,291,710,382,782,896,561,367,858,287,931,311,829,545,127,353,924,48,660,26,869,629,969,848,70,458,930,537,562,782,603,74,67,61,71,76,73,74,70,59,66,66,74,73,68,61,52,67,57,56,61,71,68,67,59,55,65,42,62,69,63,66,64
[ 739.964138] [AOA] Measurement: 0,1629148378.148579,08:55:31:70:ff:0a,2,1,1,0,128,815,980,873,980,396,808,859,559,426,928,338,937,297,822,602,208,923,94,1013,634,10,840,652,961,891,106,430,904,92,750,857,611,74,72,70,73,72,74,74,68,71,64,75,77,75,71,67,63,73,62,67,73,71,74,78,63,74,69,64,72,81,75,81,79
[ 740.001775] [AOA] Measurement: 0,1629148378.186210,08:55:31:70:ff:0a,2,1,1,0,128,315,144,933,935,378,804,919,619,977,61,839,68,866,7,63,391,1006,162,581,823,1023,800,130,744,366,902,455,925,200,863,134,789,71,66,68,65,66,66,70,61,68,58,70,73,71,68,68,64,73,60,68,73,70,71,78,64,73,69,67,71,78,77,78,80
[ 740.037958] [AOA] Measurement: 0,1629148378.222399,08:55:31:70:ff:0a,2,1,1,0,128,310,177,918,941,936,1019,445,799,11,112,845,109,213,763,569,180,932,146,659,899,565,3,700,993,894,73,32,97,123,784,704,379,69,62,49,69,74,71,68,67,45,66,54,66,64,60,53,40,57,52,48,49,65,60,57,53,41,60,32,54,59,53,60,58
[ 740.072496] [AOA] Measurement: 0,1629148378.256931,08:55:31:70:ff:0a,2,1,1,0,128,317,174,926,933,368,792,403,736,89,104,829,59,781,1008,88,402,915,163,643,868,615,41,681,982,1003,149,86,79,155,814,303,987,75,66,58,74,76,75,73,72,52,70,63,75,73,66,59,51,66,58,56,61,73,70,66,59,53,66,42,63,71,65,70,68
[ 740.105097] [AOA] Measurement: 0,1629148378.289531,08:55:31:70:ff:0a,2,1,1,0,128,325,197,944,953,953,989,868,563,532,900,836,80,815,983,556,188,357,970,63,666,1015,824,682,968,1018,150,73,58,140,785,458,191,57,50,42,61,65,61,55,57,32,57,42,54,55,51,39,31,47,47,41,39,53,50,48,44,33,50,28,44,49,46,50,47
[ 740.137548] [AOA] Measurement: 0,1629148378.321989,08:55:31:70:ff:0a,2,1,1,0,128,845,992,902,973,376,826,940,589,415,886,328,951,792,988,555,151,373,931,981,579,1001,789,86,769,415,975,426,857,666,616,501,380,65,59,49,68,71,69,65,68,41,63,52,65,62,58,48,39,53,51,47,45,62,56,53,48,37,55,30,48,53,47,53,51
[ 740.172264] [AOA] Measurement: 0,1629148378.356704,08:55:31:70:ff:0a,2,1,1,0,128,840,975,378,772,394,777,860,540,498,930,852,72,840,1010,575,230,954,107,587,810,574,1015,670,983,1004,185,29,136,130,775,175,845,75,70,66,70,71,74,74,69,67,64,72,75,74,69,68,58,73,59,64,70,72,72,74,63,66,70,58,69,77,73,76,75
[ 740.210072] [AOA] Measurement: 0,1629148378.394507,08:55:31:70:ff:0a,2,1,1,0,128,334,163,920,951,980,19,427,798,958,22,847,35,260,842,539,141,416,990,59,680,29,841,688,986,945,172,20,100,163,809,77,740,70,68,68,66,68,69,73,65,72,61,72,75,74,69,69,63,74,63,68,73,72,72,79,64,76,71,66,72,80,79,81,81
[ 740.241296] [AOA] Measurement: 0,1629148378.425735,08:55:31:70:ff:0a,2,1,1,0,128,823,987,378,770,394,817,903,599,447,895,326,912,282,830,128,398,980,182,628,850,530,990,645,958,967,112,486,895,603,560,666,524,76,71,67,71,73,75,76,69,67,65,72,75,74,69,67,58,72,60,63,70,73,72,76,63,69,70,58,69,77,75,77,75
[ 740.275247] [AOA] Measurement: 0,1629148378.459680,08:55:31:70:ff:0a,2,1,1,0,128,372,168,947,989,958,997,378,762,1021,119,874,94,802,1002,86,364,897,102,561,829,556,1016,674,976,934,158,1002,78,137,789,638,359,71,63,54,71,74,72,69,69,51,65,58,69,67,65,55,47,62,54,51,53,66,63,60,55,49,62,36,59,66,60,65,62
[ 740.306738] [AOA] Measurement: 0,1629148378.491179,08:55:31:70:ff:0a,2,1,1,0,128,311,155,911,966,946,1007,368,728,458,912,299,907,256,808,66,361,362,929,55,680,516,1004,710,978,999,138,35,113,143,797,379,205,76,70,63,72,75,76,72,70,60,67,69,76,75,69,65,57,71,61,61,67,73,71,75,62,64,68,51,68,76,72,75,73
[ 740.341662] [AOA] Measurement: 0,1629148378.526096,08:55:31:70:ff:0a,2,1,1,0,128,791,968,316,736,469,864,862,552,439,889,315,936,832,980,121,385,889,77,594,848,541,5,628,951,367,964,405,858,615,543,290,140,69,66,66,66,67,68,73,67,70,64,73,76,72,69,69,63,74,62,65,71,72,75,80,66,71,70,61,72,78,76,79,78
[ 740.379947] [AOA] Measurement: 0,1629148378.564382,08:55:31:70:ff:0a,2,1,1,0,128,802,963,312,760,427,850,875,573,428,881,856,77,252,837,86,375,928,92,537,837,598,35,585,942,973,136,486,923,181,837,950,644,63,57,43,64,67,64,60,60,37,61,45,59,57,54,41,34,51,49,45,41,57,52,47,45,32,53,27,43,49,44,51,46
[ 740.416014] [AOA] Measurement: 0,1629148378.600453,08:55:31:70:ff:0a,2,1,1,0,128,777,937,345,767,455,842,831,512,427,878,312,900,288,832,560,187,367,960,1001,661,1016,788,126,775,390,970,1002,92,143,791,471,267,79,72,65,77,80,77,76,71,61,68,70,78,76,71,63,55,69,60,59,63,73,71,71,62,58,70,47,67,74,70,71,69
[ 740.446709] [AOA] Measurement: 0,1629148378.631150,08:55:31:70:ff:0a,2,1,1,0,128,367,196,871,940,937,993,474,773,985,59,862,73,276,802,566,208,967,127,628,842,546,26,652,956,376,963,447,903,158,791,783,507,57,54,42,61,65,63,58,58,34,59,45,57,56,52,41,31,49,49,45,42,56,53,48,48,34,54,30,46,52,47,51,49
[ 740.485248] [AOA] Measurement: 0,1629148378.669682,08:55:31:70:ff:0a,2,1,1,0,128,828,996,896,958,975,1009,412,786,955,73,279,894,241,794,547,205,983,122,552,857,541,1007,686,985,892,105,982,71,585,576,138,1002,62,57,46,65,68,67,63,64,40,62,48,62,60,55,46,38,52,51,45,45,61,58,51,49,38,57,30,51,55,50,56,53
[ 740.524810] [AOA] Measurement: 0,1629148378.709251,08:55:31:70:ff:0a,2,1,1,0,128,352,202,971,960,927,1005,416,781,987,17,883,100,811,976,92,386,952,183,615,833,535,1011,709,1001,952,108,99,89,111,764,590,424,62,55,45,63,67,65,61,60,38,58,48,60,56,54,45,35,51,47,43,42,58,54,48,46,35,52,28,44,50,46,51,47
[ 740.556601] [AOA] Measurement: 0,1629148378.741035,08:55:31:70:ff:0a,2,1,1,0,128,823,989,346,760,376,795,842,542,380,890,306,907,283,822,562,157,967,134,10,655,1019,816,137,787,410,936,495,926,102,760,124,911,75,70,69,67,69,72,72,65,69,64,74,76,74,70,69,64,75,63,68,72,70,74,80,65,76,70,66,71,80,78,80,79
[ 740.594800] [AOA] Measurement: 0,1629148378.779241,08:55:31:70:ff:0a,2,1,1,0,128,321,151,393,778,311,778,894,547,459,888,308,925,235,756,532,161,408,971,51,622,1001,791,127,782,402,953,26,63,96,768,66,879,73,68,68,68,68,69,70,64,69,62,70,76,74,70,69,63,74,62,68,73,71,72,80,64,74,70,67,71,80,77,77,77
[ 740.628924] [AOA] Measurement: 0,1629148378.813359,08:55:31:70:ff:0a,2,1,1,0,128,815,995,381,785,404,819,881,590,421,893,315,926,796,1021,80,383,925,100,547,848,559,3,658,12,952,150,998,97,112,809,398,147,70,60,49,71,74,71,67,67,45,65,56,65,64,60,49,42,58,54,49,50,65,60,57,53,42,60,33,54,61,56,62,59
[ 740.659772] [AOA] Measurement: 0,1629148378.844211,08:55:31:70:ff:0a,2,1,1,0,128,805,971,839,929,933,978,903,559,463,925,315,927,267,808,520,154,311,885,17,646,53,870,82,776,389,969,454,919,597,564,1008,828,73,69,67,66,67,71,72,64,68,61,71,75,71,66,67,60,71,61,65,71,68,71,77,64,74,67,66,70,77,74,77,77
[ 740.690605] [AOA] Measurement: 0,1629148378.875046,08:55:31:70:ff:0a,2,1,1,0,128,889,1019,827,941,387,795,838,503,411,843,274,875,279,845,535,162,976,131,506,802,568,1002,619,950,419,967,967,56,145,796,980,777,77,70,68,71,74,74,76,70,70,66,73,78,78,74,69,62,74,63,64,71,72,74,76,62,67,69,57,70,78,74,77,73
[ 740.729569] [AOA] Measurement: 0,1629148378.914003,08:55:31:70:ff:0a,2,1,1,0,128,805,991,285,723,425,819,929,562,1014,82,320,923,278,826,557,185,438,960,479,785,37,825,633,987,948,125,414,917,133,794,751,664,77,72,69,71,73,73,74,66,66,66,74,77,77,69,69,62,74,63,65,71,75,74,79,64,69,71,59,71,79,75,79,76
[ 740.765701] [AOA] Measurement: 0,1629148378.950143,08:55:31:70:ff:0a,2,1,1,0,128,779,935,286,746,330,780,895,579,423,872,318,923,212,777,568,196,380,942,15,663,3,804,112,788,992,170,993,64,558,535,268,135,75,69,60,77,78,75,74,71,54,69,64,74,71,68,61,51,65,57,56,59,72,67,64,61,54,66,39,60,69,64,69,65
[ 740.796405] [AOA] Measurement: 0,1629148378.980845,08:55:31:70:ff:0a,2,1,1,0,128,824,16,982,970,391,847,406,759,10,59,850,78,812,991,569,199,393,981,645,861,521,7,617,944,385,946,538,903,577,542,423,294,60,55,43,61,66,63,60,62,36,59,46,59,59,55,46,36,52,50,46,46,63,56,51,49,36,55,30,47,54,48,52,51
[ 740.831532] [AOA] Measurement: 0,1629148379.015973,08:55:31:70:ff:0a,2,1,1,0,128,808,975,417,777,425,823,855,520,517,921,294,887,288,791,599,176,353,961,76,685,974,770,146,771,11,122,74,115,94,785,219,990,79,73,69,74,76,78,79,72,69,68,74,78,77,74,69,62,74,63,65,71,75,72,78,66,72,72,59,72,79,75,79,78
[ 740.862434] [AOA] Measurement: 0,1629148379.046875,08:55:31:70:ff:0a,2,1,1,0,128,372,172,290,756,967,20,418,779,952,48,872,69,812,999,592,212,916,85,630,869,592,33,615,973,953,148,972,88,88,755,194,50,72,68,69,63,67,69,70,63,68,60,72,72,70,68,67,62,72,61,66,70,68,71,78,63,74,69,70,70,80,77,77,79
[ 740.892887] [AOA] Measurement: 0,1629148379.077328,08:55:31:70:ff:0a,2,1,1,0,128,396,231,907,899,972,12,405,775,27,88,264,912,842,1020,60,394,922,167,595,853,631,30,670,989,972,140,145,148,171,815,22,649,72,68,67,66,67,69,70,64,68,59,72,73,71,67,69,62,72,60,66,73,68,72,76,63,75,67,67,68,74,73,74,77
[ 740.934450] [AOA] Measurement: 0,1629148379.118884,08:55:31:70:ff:0a,2,1,1,0,128,791,976,250,694,399,800,845,556,397,880,238,895,241,786,584,176,380,909,38,693,4,849,98,756,363,920,482,958,548,534,718,561,76,70,68,71,73,75,76,68,69,67,72,76,72,70,67,62,75,63,64,71,74,74,77,64,70,71,57,71,79,77,77,77
[ 740.966862] [AOA] Measurement: 0,1629148379.151295,08:55:31:70:ff:0a,2,1,1,0,128,825,1013,854,951,425,808,860,567,427,912,363,931,256,840,118,383,978,138,521,825,528,990,662,985,953,146,1000,76,568,593,653,481,70,69,67,66,67,68,70,62,68,62,71,72,70,67,67,62,71,60,66,71,68,70,77,63,72,66,65,70,76,76,76,77
[ 741.000869] [AOA] Measurement: 0,1629148379.185307,08:55:31:70:ff:0a,2,1,1,0,128,847,999,382,745,404,791,917,596,406,875,315,925,294,832,565,214,408,983,23,636,6,802,139,822,949,122,47,70,104,748,60,893,77,70,63,75,77,76,74,72,60,67,66,74,73,68,61,53,67,58,55,62,70,68,68,61,56,68,45,63,70,66,70,67
[ 741.031604] [AOA] Measurement: 0,1629148379.216044,08:55:31:70:ff:0a,2,1,1,0,128,776,939,925,991,974,995,438,761,946,54,304,909,263,819,551,192,364,915,606,867,632,25,644,957,909,83,994,87,141,851,714,444,74,70,69,68,70,70,73,65,71,62,73,74,73,69,69,63,73,62,68,74,72,73,81,64,72,69,65,71,78,75,78,80
[ 741.062633] [AOA] Measurement: 0,1629148379.247065,08:55:31:70:ff:0a,2,1,1,0,128,867,1014,390,752,354,776,897,566,494,920,865,83,791,1013,524,168,421,983,72,649,618,31,119,782,401,944,27,82,115,734,789,487,69,65,64,61,63,66,67,60,67,57,70,70,68,65,66,61,69,59,64,71,66,68,72,59,71,64,65,67,75,74,76,76
[ 741.102187] [AOA] Measurement: 0,1629148379.286621,08:55:31:70:ff:0a,2,1,1,0,128,776,933,319,730,371,797,870,546,459,905,287,916,250,792,563,179,1020,169,605,852,516,975,671,957,926,119,993,59,130,786,834,710,73,69,65,70,71,72,72,68,67,63,71,75,75,69,67,59,71,61,64,70,72,71,77,63,70,69,58,69,76,73,76,76
[ 741.138472] [AOA] Measurement: 0,1629148379.322906,08:55:31:70:ff:0a,2,1,1,0,128,797,979,351,783,939,965,901,580,410,863,262,871,308,821,135,413,942,112,597,851,548,1001,659,990,950,187,989,67,163,811,45,826,77,70,66,70,71,73,71,66,65,64,71,74,74,70,65,61,71,61,63,68,72,73,76,62,67,69,57,69,76,73,77,75
[ 741.176748] [AOA] Measurement: 0,1629148379.361188,08:55:31:70:ff:0a,2,1,1,0,128,793,949,334,725,425,815,894,587,432,902,295,920,243,780,573,187,980,143,585,857,549,989,653,968,990,150,989,73,612,569,811,735,75,71,66,72,73,73,75,67,67,62,73,77,72,71,67,62,71,62,63,69,71,73,76,63,70,69,59,69,78,75,77,76
[ 741.213534] [AOA] Measurement: 0,1629148379.397970,08:55:31:70:ff:0a,2,1,1,0,128,794,978,924,1006,948,1001,446,808,913,47,917,109,779,948,561,201,904,113,2,655,550,1008,692,1011,948,140,967,81,564,567,85,909,63,54,45,64,67,64,61,60,38,58,46,58,58,54,43,34,52,49,44,41,58,53,48,45,33,53,29,44,50,45,50,47
[ 741.247844] [AOA] Measurement: 0,1629148379.432285,08:55:31:70:ff:0a,2,1,1,0,128,347,123,923,984,926,1011,432,746,963,84,837,91,782,996,513,161,368,918,620,893,526,997,683,987,961,153,23,117,60,757,321,20,69,67,65,65,69,70,71,64,65,62,72,73,73,70,67,61,73,60,64,69,70,71,76,63,70,69,60,70,75,75,77,76
[ 741.284645] [AOA] Measurement: 0,1629148379.469085,08:55:31:70:ff:0a,2,1,1,0,128,789,979,390,746,385,788,884,554,412,856,309,892,310,825,108,382,357,942,632,859,549,981,652,939,388,949,486,884,598,581,437,272,76,68,63,71,76,75,75,72,61,66,69,75,73,70,63,55,68,58,58,64,71,70,71,59,57,66,46,65,71,67,71,68
[ 741.315564] [AOA] Measurement: 0,1629148379.500005,08:55:31:70:ff:0a,2,1,1,0,128,343,168,331,743,467,851,919,601,1022,117,893,116,827,1014,75,344,930,113,590,863,500,959,642,956,968,149,463,934,179,809,240,93,74,70,69,69,70,71,73,66,71,63,75,77,75,71,70,64,75,62,67,73,72,72,79,63,72,70,66,71,78,78,78,80
[ 741.346817] [AOA] Measurement: 0,1629148379.531255,08:55:31:70:ff:0a,2,1,1,0,128,365,194,887,924,935,996,383,756,994,35,318,912,292,794,578,198,381,976,10,665,16,800,108,776,411,971,511,889,619,597,710,459,76,71,69,68,71,71,75,67,71,63,73,76,75,71,70,64,74,63,69,73,74,74,79,65,76,68,66,72,79,77,80,79
[ 741.385582] [AOA] Measurement: 0,1629148379.570015,08:55:31:70:ff:0a,2,1,1,0,128,848,997,353,775,401,833,895,570,416,876,296,891,223,775,534,166,378,952,66,649,1015,825,710,1007,945,96,478,876,666,605,372,184,62,54,43,62,67,65,60,63,35,57,46,59,58,52,43,34,51,49,44,42,59,53,51,47,33,52,28,48,52,47,51,49
[ 741.423904] [AOA] Measurement: 0,1629148379.608344,08:55:31:70:ff:0a,2,1,1,0,128,800,982,320,688,366,764,859,507,437,903,330,885,257,745,571,176,370,945,34,626,1018,813,93,767,367,921,535,898,624,585,692,548,78,73,67,76,80,78,78,71,66,68,71,78,77,72,66,59,73,61,60,68,74,74,75,63,64,70,51,69,77,72,75,74
[ 741.454538] [AOA] Measurement: 0,1629148379.638977,08:55:31:70:ff:0a,2,1,1,0,128,311,142,282,720,394,791,903,562,409,914,331,924,253,800,580,181,388,938,578,825,569,1023,679,1012,371,989,441,907,574,568,40,950,57,52,43,61,65,63,59,58,34,57,46,57,56,53,43,34,49,49,43,44,59,52,49,47,33,52,28,46,53,48,51,49
[ 741.494484] [AOA] Measurement: 0,1629148379.678917,08:55:31:70:ff:0a,2,1,1,0,128,809,1022,916,973,951,1004,851,588,445,879,303,908,811,2,81,353,926,79,41,624,54,830,75,772,382,930,498,917,104,752,254,133,69,66,66,65,65,70,72,65,70,62,75,73,71,69,69,63,75,61,66,72,67,69,77,63,75,68,67,69,80,76,78,80
[ 741.533642] [AOA] Measurement: 0,1629148379.718077,08:55:31:70:ff:0a,2,1,1,0,128,809,975,326,737,405,808,904,586,427,891,295,909,240,793,536,151,384,934,998,631,30,836,104,806,418,994,969,87,88,740,294,91,73,70,69,68,70,71,73,67,69,63,74,77,76,70,71,64,75,62,68,74,72,73,79,66,76,69,67,70,78,76,77,80
[ 741.565676] [AOA] Measurement: 0,1629148379.750114,08:55:31:70:ff:0a,2,1,1,0,128,848,1020,368,729,409,801,897,552,406,865,304,905,310,833,542,147,438,2,77,643,1023,819,136,811,421,941,620,973,609,571,285,124,72,68,66,66,71,71,73,68,71,63,72,76,75,72,69,63,74,63,65,72,73,72,79,65,73,71,62,72,81,77,79,79
[ 741.596848] [AOA] Measurement: 0,1629148379.781287,08:55:31:70:ff:0a,2,1,1,0,128,803,1004,462,786,408,845,390,771,392,839,355,935,260,796,591,191,431,993,602,841,1018,823,157,793,968,121,30,65,113,772,240,54,59,53,43,61,67,62,57,59,34,58,42,56,52,50,40,30,46,46,41,38,53,48,43,42,28,49,27,39,44,38,42,40
[ 741.628010] [AOA] Measurement: 0,1629148379.812441,08:55:31:70:ff:0a,2,1,1,0,128,372,177,287,743,991,1010,387,771,990,91,334,965,816,992,150,429,890,53,598,858,595,2,646,972,973,154,936,34,121,796,85,858,70,65,65,63,66,68,71,62,68,60,72,72,71,69,66,62,71,59,65,71,69,72,77,63,74,69,64,70,78,76,78,77
[ 741.663520] [AOA] Measurement: 0,1629148379.847954,08:55:31:70:ff:0a,2,1,1,0,128,305,127,342,759,429,814,874,530,992,68,892,108,791,982,152,415,943,129,549,850,559,985,669,947,359,947,491,972,81,771,545,383,73,66,67,66,67,67,70,65,70,59,72,73,71,69,66,64,72,61,67,72,71,72,78,63,74,70,68,70,75,75,80,81
[ 741.699220] [AOA] Measurement: 0,1629148379.883658,08:55:31:70:ff:0a,2,1,1,0,128,824,947,385,788,384,801,907,562,470,933,828,69,779,980,107,395,399,962,542,859,1004,814,118,791,368,941,487,949,64,714,704,595,74,69,68,68,69,70,75,67,69,64,72,75,75,70,69,65,73,62,66,71,72,72,78,64,74,68,66,70,78,77,77,79
[ 741.739105] [AOA] Measurement: 0,1629148379.923540,08:55:31:70:ff:0a,2,1,1,0,128,811,1003,343,763,399,806,888,586,506,944,268,908,836,990,540,195,428,937,600,853,536,979,655,976,953,143,991,104,123,795,921,572,59,52,42,61,66,62,59,58,35,57,45,56,55,52,41,34,50,49,44,42,56,51,48,47,34,52,30,45,52,49,51,49
[ 741.772439] [AOA] Measurement: 0,1629148379.956873,08:55:31:70:ff:0a,2,1,1,0,128,847,1017,932,936,392,792,873,596,459,895,839,84,827,1010,604,194,979,165,579,872,541,17,650,954,1013,170,28,54,146,774,946,735,72,69,67,67,71,72,72,65,68,61,75,78,74,71,70,62,74,62,64,69,70,73,75,64,72,70,62,68,78,77,80,79
[ 741.812735] [AOA] Measurement: 0,1629148379.997169,08:55:31:70:ff:0a,2,1,1,0,128,847,996,342,739,402,814,924,595,1013,94,834,80,825,1006,65,363,343,903,5,646,41,810,41,735,367,962,433,913,116,795,402,153,55,49,41,58,59,59,55,56,30,53,38,50,50,47,34,28,43,45,40,34,50,44,40,38,25,42,28,34,40,34,39,36
[ 741.855271] [AOA] Measurement: 0,1629148380.039705,08:55:31:70:ff:0a,2,1,1,0,128,892,46,898,941,934,979,903,557,452,891,335,912,837,0,77,347,432,1006,75,654,1022,808,663,962,945,102,110,118,126,769,886,665,72,68,64,67,67,67,71,63,67,61,71,74,71,66,65,61,71,61,64,71,70,72,77,63,72,68,64,68,78,74,76,78
[ 741.894015] [AOA] Measurement: 0,1629148380.078454,08:55:31:70:ff:0a,2,1,1,0,128,359,197,891,951,911,990,956,645,1005,68,860,91,821,1016,92,390,966,155,589,832,555,1013,672,964,967,105,13,57,100,737,651,508,62,54,42,63,64,64,57,58,34,57,40,54,52,49,39,31,44,46,40,34,51,45,42,41,26,46,28,38,42,39,41,38
[ 741.930085] [AOA] Measurement: 0,1629148380.114523,08:55:31:70:ff:0a,2,1,1,0,128,363,180,918,944,935,978,443,782,1016,65,830,54,240,830,550,165,397,960,66,674,975,782,649,957,956,113,106,121,179,828,727,436,75,69,60,75,75,75,72,70,53,67,62,73,70,68,58,48,64,54,53,57,67,65,64,56,47,63,36,57,64,57,62,59
[ 741.964736] [AOA] Measurement: 0,1629148380.149169,08:55:31:70:ff:0a,2,1,1,0,128,814,965,292,742,384,801,905,567,471,934,840,54,820,992,88,347,403,940,8,666,585,1006,674,965,999,174,955,102,123,792,640,419,58,51,41,57,63,62,57,59,32,56,42,55,53,52,41,30,47,46,42,37,54,50,45,45,32,49,29,42,47,43,47,42
[ 741.996988] [AOA] Measurement: 0,1629148380.181429,08:55:31:70:ff:0a,2,1,1,0,128,793,934,379,766,433,823,899,538,406,898,289,908,211,739,502,116,344,862,999,642,3,814,69,743,394,946,382,878,542,526,883,786,73,69,65,71,71,74,75,69,66,64,71,76,74,70,66,59,72,60,62,69,73,73,76,62,67,70,57,67,74,73,76,73
[ 742.033735] [AOA] Measurement: 0,1629148380.218169,08:55:31:70:ff:0a,2,1,1,0,128,808,1006,327,733,363,780,899,577,497,913,290,900,274,810,602,183,337,928,984,570,27,837,160,798,444,969,31,51,104,760,46,862,77,71,66,72,74,74,76,70,67,67,73,77,77,71,66,60,72,61,63,69,71,73,76,64,69,70,59,70,76,74,76,74
[ 742.074132] [AOA] Measurement: 0,1629148380.258566,08:55:31:70:ff:0a,2,1,1,0,128,823,990,960,20,949,1004,379,772,370,877,883,109,863,21,90,376,939,128,537,868,491,989,619,922,918,107,431,919,564,569,910,744,72,68,69,65,68,70,71,65,71,61,74,75,73,70,69,63,75,63,67,72,69,72,79,63,74,69,66,70,78,77,78,78
[ 742.114592] [AOA] Measurement: 0,1629148380.299024,08:55:31:70:ff:0a,2,1,1,0,128,856,994,888,951,904,1002,826,531,395,887,269,882,272,809,515,151,348,892,27,686,19,830,673,989,924,96,995,55,135,792,564,314,66,59,47,65,69,66,63,64,42,61,50,60,62,54,45,37,52,51,45,44,61,57,50,48,36,55,29,49,55,49,54,51
[ 742.163095] [AOA] Measurement: 0,1629148380.347529,08:55:31:70:ff:0a,2,1,1,0,128,382,176,897,943,956,1019,396,740,444,934,289,888,258,801,565,186,947,105,585,878,543,8,677,972,938,146,18,99,103,784,168,956,70,67,68,62,63,67,68,59,68,57,71,70,68,64,66,63,71,59,65,71,66,71,77,62,76,67,70,69,76,77,76,78
[ 742.203297] [AOA] Measurement: 0,1629148380.387732,08:55:31:70:ff:0a,2,1,1,0,128,840,1005,342,774,389,797,422,742,978,90,901,95,891,44,146,413,905,67,621,891,618,33,651,981,945,135,975,59,142,774,984,764,76,71,63,74,75,74,74,71,61,66,67,74,72,68,61,54,67,58,57,64,72,69,72,61,60,67,48,66,72,66,72,69
[ 742.243387] [AOA] Measurement: 0,1629148380.427821,08:55:31:70:ff:0a,2,1,1,0,128,823,993,337,761,375,793,868,577,11,78,786,33,252,814,87,380,969,107,597,879,557,1017,703,1015,927,144,972,106,115,781,93,876,64,57,46,67,69,67,62,64,38,62,50,62,61,55,47,38,53,52,48,48,60,57,53,51,38,58,33,52,55,51,56,54
[ 742.276849] [AOA] Measurement: 0,1629148380.461285,08:55:31:70:ff:0a,2,1,1,0,128,312,135,333,774,953,998,808,495,26,119,833,68,872,1019,97,327,964,80,1,673,992,829,652,974,385,1011,971,71,132,756,567,406,76,70,63,72,73,75,76,69,64,68,70,76,76,69,65,59,70,59,60,65,73,70,74,62,64,68,53,66,73,71,74,74
[ 742.310124] [AOA] Measurement: 0,1629148380.494561,08:55:31:70:ff:0a,2,1,1,0,128,824,957,309,706,437,859,387,768,968,37,833,65,860,29,116,366,857,75,571,858,550,1009,602,953,948,99,950,61,41,714,539,448,71,69,65,66,68,70,72,65,66,62,71,75,74,69,66,60,71,59,64,70,70,72,76,61,70,68,61,68,74,72,76,75
[ 742.350429] [AOA] Measurement: 0,1629148380.534870,08:55:31:70:ff:0a,2,1,1,0,128,792,980,349,769,438,821,397,759,983,83,866,78,839,1012,66,338,982,111,617,841,1002,788,126,819,384,966,430,907,108,758,667,446,74,70,69,70,70,72,72,67,70,64,73,77,76,71,70,63,75,63,66,72,72,73,77,63,74,70,64,70,79,77,79,77
[ 742.381949] [AOA] Measurement: 0,1629148380.566390,08:55:31:70:ff:0a,2,1,1,0,128,837,986,878,926,342,773,873,533,458,893,273,911,273,842,590,228,377,914,1009,633,21,841,663,961,935,119,962,53,87,756,581,402,73,69,67,68,69,70,73,65,68,61,71,73,72,69,67,63,72,61,63,71,70,72,74,61,72,65,63,68,77,76,76,77
[ 742.413695] [AOA] Measurement: 0,1629148380.598136,08:55:31:70:ff:0a,2,1,1,0,128,782,930,339,720,386,787,856,514,430,901,283,920,262,792,560,176,379,931,561,845,1014,803,643,985,368,949,963,79,93,806,764,632,77,72,69,73,75,76,78,71,69,67,75,78,77,72,70,61,73,61,65,71,73,74,78,65,72,70,60,70,79,77,78,79
[ 742.445298] [AOA] Measurement: 0,1629148380.629738,08:55:31:70:ff:0a,2,1,1,0,128,864,1023,377,755,999,7,400,753,994,90,849,53,838,3,125,449,969,217,596,888,506,1005,671,951,980,137,42,81,138,783,95,855,73,67,66,66,67,70,71,64,68,61,71,71,71,67,67,61,70,59,65,72,70,70,76,63,71,68,65,69,77,74,76,76
[ 742.476384] [AOA] Measurement: 0,1629148380.660825,08:55:31:70:ff:0a,2,1,1,0,128,297,121,403,810,402,826,956,606,477,915,303,925,265,794,558,168,371,957,52,631,4,804,119,800,364,922,520,923,639,622,61,855,76,71,59,76,79,76,75,73,57,68,63,75,71,68,59,51,67,56,54,59,69,66,66,59,52,65,40,61,68,62,66,64
[ 742.511491] [AOA] Measurement: 0,1629148380.695925,08:55:31:70:ff:0a,2,1,1,0,128,381,163,920,964,904,992,414,784,986,120,822,66,810,1009,73,351,382,941,23,645,22,807,110,778,981,147,999,103,109,768,91,885,61,55,42,60,66,65,61,59,34,57,46,57,56,51,41,34,50,49,42,41,58,53,46,46,32,51,29,46,51,46,51,46
[ 742.548771] [AOA] Measurement: 0,1629148380.733212,08:55:31:70:ff:0a,2,1,1,0,128,806,970,338,727,441,794,907,609,448,941,280,884,293,797,526,160,426,969,593,859,971,782,118,760,397,958,456,897,666,637,753,607,79,73,68,72,74,75,75,70,68,65,73,77,77,73,68,62,73,62,65,72,73,74,78,65,70,72,61,71,79,76,79,79
[ 742.585475] [AOA] Measurement: 0,1629148380.769913,08:55:31:70:ff:0a,2,1,1,0,128,813,987,345,752,429,836,852,527,422,873,307,925,790,976,566,213,388,977,553,832,982,807,86,755,420,993,983,76,554,544,559,464,75,70,64,69,75,72,73,69,62,65,69,74,72,71,65,54,67,59,59,64,71,69,71,59,59,66,48,66,73,68,72,69
[ 742.617893] [AOA] Measurement: 0,1629148380.802333,08:55:31:70:ff:0a,2,1,1,0,128,806,1006,313,773,438,836,868,570,399,894,318,918,265,828,540,143,427,922,1011,650,1005,785,109,765,368,908,421,902,616,603,325,182,76,67,58,74,76,75,74,71,54,67,61,71,69,67,56,47,62,56,52,54,69,65,64,55,49,65,39,59,67,61,66,64
[ 742.651769] [AOA] Measurement: 0,1629148380.836204,08:55:31:70:ff:0a,2,1,1,0,128,335,166,262,715,368,810,876,564,389,888,327,962,827,1015,62,369,917,107,563,809,1003,821,124,798,372,951,471,912,641,605,7,871,77,70,68,73,75,75,75,69,67,65,72,77,73,71,65,58,70,62,60,67,72,71,74,63,63,69,51,69,76,72,74,73
[ 742.691251] [AOA] Measurement: 0,1629148380.875691,08:55:31:70:ff:0a,2,1,1,0,128,811,976,382,732,402,798,876,573,439,864,313,898,325,787,531,171,397,991,56,670,48,851,683,949,993,86,153,93,135,769,539,273,58,53,42,60,63,63,57,58,32,57,42,55,55,50,41,32,48,47,42,37,53,50,44,43,31,50,27,39,47,42,45,41
[ 742.723315] [AOA] Measurement: 0,1629148380.907753,08:55:31:70:ff:0a,2,1,1,0,128,795,1004,931,925,381,804,866,534,461,877,370,932,298,796,602,232,949,179,0,596,1016,825,95,762,443,986,541,910,580,562,566,380,74,68,65,71,72,73,74,68,68,65,72,75,73,70,65,59,72,61,63,70,71,70,76,64,68,70,58,68,77,74,75,76
[ 742.757342] [AOA] Measurement: 0,1629148380.941777,08:55:31:70:ff:0a,2,1,1,0,128,824,975,327,769,1011,1011,400,714,476,918,864,78,265,832,526,176,362,934,970,622,1009,801,96,806,422,971,982,78,513,523,365,173,70,66,67,62,62,65,68,60,70,58,72,70,69,66,66,62,71,61,65,72,67,69,75,60,72,63,65,68,76,73,73,78
[ 742.791255] [AOA] Measurement: 0,1629148380.975693,08:55:31:70:ff:0a,2,1,1,0,128,343,150,878,942,401,808,919,606,3,95,818,45,303,834,589,159,412,974,594,853,567,1017,676,983,957,131,1008,85,135,795,940,760,71,69,68,64,66,70,71,63,71,62,72,74,73,71,69,62,74,62,67,73,71,72,79,63,74,69,65,71,78,77,78,77
[ 742.823176] [AOA] Measurement: 0,1629148381.007617,08:55:31:70:ff:0a,2,1,1,0,128,843,1011,919,952,340,798,930,594,974,72,904,98,807,975,131,424,959,99,573,878,485,989,47,726,386,952,456,932,557,538,89,966,72,69,68,67,68,71,75,64,68,63,72,74,74,71,68,64,74,63,66,73,73,75,78,65,71,70,63,71,80,78,80,79
[ 742.864240] [AOA] Measurement: 0,1629148381.048674,08:55:31:70:ff:0a,2,1,1,0,128,774,945,344,741,423,813,919,585,395,869,309,914,273,820,553,176,373,927,1010,653,963,793,118,791,386,951,433,874,617,576,516,437,77,71,68,70,71,71,73,67,69,65,74,77,75,73,69,64,74,62,65,73,70,74,78,65,72,70,60,72,80,76,78,77
[ 742.905458] [AOA] Measurement: 0,1629148381.089893,08:55:31:70:ff:0a,2,1,1,0,128,811,966,951,976,913,978,457,803,983,110,884,126,807,991,112,394,899,75,546,843,971,783,152,809,386,948,395,856,581,582,711,648,67,61,50,67,71,69,65,65,41,63,51,64,61,59,47,38,55,51,48,47,63,59,54,48,39,57,32,49,55,50,54,52
[ 742.946533] [AOA] Measurement: 0,1629148381.130968,08:55:31:70:ff:0a,2,1,1,0,128,334,160,330,794,907,971,895,561,441,876,266,927,256,840,114,389,993,134,574,830,1015,813,49,745,979,140,965,74,103,768,975,738,70,62,54,71,74,72,70,67,48,65,60,68,68,64,54,44,62,55,52,54,67,63,60,55,49,63,39,59,65,60,64,62
[ 742.984073] [AOA] Measurement: 0,1629148381.168514,08:55:31:70:ff:0a,2,1,1,0,128,806,974,390,786,396,804,890,542,437,908,324,936,873,1012,134,391,929,106,549,851,522,1006,76,759,361,926,452,936,605,584,541,380,80,73,66,75,77,78,76,71,64,68,71,77,76,71,65,58,72,61,64,69,76,73,77,64,67,72,53,70,78,73,76,73
[ 743.017074] [AOA] Measurement: 0,1629148381.201509,08:55:31:70:ff:0a,2,1,1,0,128,370,164,870,948,962,17,422,800,974,86,815,62,838,1013,97,358,960,120,541,829,620,17,660,998,941,127,1001,89,145,808,542,264,73,68,67,67,69,70,71,66,67,63,73,75,74,69,66,62,71,59,64,69,68,71,77,62,71,68,62,69,78,75,77,78
[ 743.057430] [AOA] Measurement: 0,1629148381.241870,08:55:31:70:ff:0a,2,1,1,0,128,767,979,359,755,385,785,798,532,443,890,292,874,272,800,583,183,935,157,554,803,18,811,87,734,368,923,471,866,560,540,724,571,75,72,66,74,77,78,78,71,67,67,72,77,75,72,66,59,72,63,62,68,74,72,75,64,65,69,54,70,77,71,75,75
[ 743.093689] [AOA] Measurement: 0,1629148381.278123,08:55:31:70:ff:0a,2,1,1,0,128,800,963,361,777,397,803,825,517,392,896,293,913,254,799,563,221,382,950,1018,636,1017,815,106,777,409,985,493,937,83,785,690,382,72,69,68,68,70,72,72,65,71,63,75,75,76,71,69,64,75,62,67,73,70,71,78,65,74,70,66,70,78,78,80,81
[ 743.146432] [AOA] Measurement: 0,1629148381.330866,08:55:31:70:ff:0a,2,1,1,0,128,877,1017,925,961,947,1011,389,751,439,903,843,62,789,982,51,332,430,1003,7,601,15,831,138,831,978,131,1003,64,99,764,928,707,71,67,68,69,69,70,71,64,70,60,73,72,74,70,70,64,75,62,66,71,70,72,80,65,74,69,65,72,80,77,78,80
[ 743.186467] [AOA] Measurement: 0,1629148381.370906,08:55:31:70:ff:0a,2,1,1,0,128,318,144,804,897,959,1004,903,591,435,934,326,937,795,972,550,211,393,939,1013,656,43,875,54,741,384,964,389,898,687,642,646,467,73,68,68,68,70,71,74,66,69,62,73,74,73,71,69,63,72,62,66,73,71,73,80,65,75,69,68,71,78,77,79,79
[ 743.223692] [AOA] Measurement: 0,1629148381.408132,08:55:31:70:ff:0a,2,1,1,0,128,829,1023,997,994,918,1012,437,789,2,85,853,101,801,985,99,391,951,189,91,689,15,822,677,977,939,116,13,33,166,802,64,851,72,68,66,69,69,72,72,65,67,63,71,74,72,69,68,61,72,61,64,71,71,71,76,63,71,68,62,68,76,75,75,75
[ 743.260806] [AOA] Measurement: 0,1629148381.445241,08:55:31:70:ff:0a,2,1,1,0,128,374,149,938,957,955,1003,394,774,420,926,327,954,790,998,78,358,909,79,537,820,533,1000,638,971,947,127,482,952,155,799,835,576,68,61,52,69,73,69,69,67,45,64,56,67,65,62,49,41,59,52,50,50,64,61,58,53,39,59,33,53,60,55,58,56
[ 743.297854] [AOA] Measurement: 0,1629148381.482293,08:55:31:70:ff:0a,2,1,1,0,128,774,981,921,945,993,1019,890,549,992,74,849,96,866,11,121,419,990,204,624,889,580,41,714,1012,945,128,52,125,69,745,13,840,65,59,47,68,71,70,63,66,41,62,52,63,62,56,45,39,55,50,47,49,63,58,55,52,41,58,34,51,57,53,59,55
[ 743.335700] [AOA] Measurement: 0,1629148381.520139,08:55:31:70:ff:0a,2,1,1,0,128,766,954,376,764,947,993,390,750,960,62,859,76,831,14,77,349,382,928,47,697,1014,821,168,825,933,121,416,890,600,598,318,83,60,56,45,63,65,63,58,59,35,58,44,56,56,53,43,35,49,49,42,41,59,54,49,46,34,52,29,45,52,45,50,47
[ 743.375722] [AOA] Measurement: 0,1629148381.560156,08:55:31:70:ff:0a,2,1,1,0,128,305,135,406,766,446,860,368,725,999,72,842,79,809,1006,61,360,1015,166,607,868,511,980,142,817,405,947,515,928,612,592,240,61,72,68,69,66,69,71,71,65,70,61,75,77,73,69,70,63,73,62,67,73,68,73,80,64,74,68,67,71,79,78,78,79
[ 743.408879] [AOA] Measurement: 0,1629148381.593319,08:55:31:70:ff:0a,2,1,1,0,128,370,180,839,947,966,997,365,744,1006,113,905,133,792,1000,566,223,376,889,9,658,542,1000,699,997,849,92,949,70,111,768,88,820,64,59,46,66,70,67,61,63,37,61,48,58,56,53,44,35,50,49,44,41,56,53,47,46,34,54,29,44,50,46,50,48
[ 743.446344] [AOA] Measurement: 0,1629148381.630783,08:55:31:70:ff:0a,2,1,1,0,128,809,977,904,958,0,27,389,767,1015,91,839,73,772,971,552,166,930,87,7,646,560,987,731,23,944,136,1007,116,114,770,874,632,74,70,70,69,71,72,72,66,71,62,74,76,72,70,67,64,73,61,67,73,69,73,78,63,77,68,69,70,79,77,78,79
[ 743.478482] [AOA] Measurement: 0,1629148381.662921,08:55:31:70:ff:0a,2,1,1,0,128,776,957,340,773,393,800,899,591,446,926,271,907,254,826,584,215,381,929,14,683,579,1014,118,787,421,983,379,868,594,562,824,714,73,70,68,70,71,72,74,68,70,63,74,77,74,71,67,62,70,60,64,72,73,73,78,65,72,70,60,69,78,76,78,76
[ 743.516294] [AOA] Measurement: 0,1629148381.700733,08:55:31:70:ff:0a,2,1,1,0,128,786,908,309,726,381,801,837,510,383,857,310,914,328,837,596,204,923,78,575,842,480,962,58,736,405,970,417,885,624,601,17,883,64,58,46,66,69,67,63,62,37,60,48,63,60,56,45,36,53,51,44,44,58,52,50,47,35,54,30,46,53,45,51,48
[ 743.549030] [AOA] Measurement: 0,1629148381.733465,08:55:31:70:ff:0a,2,1,1,0,128,862,1019,383,716,403,817,843,514,497,885,340,906,301,852,520,202,931,149,564,832,530,992,633,959,437,930,568,962,137,767,138,938,68,66,66,64,64,63,69,62,67,59,68,69,69,67,66,60,70,59,65,69,67,69,76,61,70,67,64,69,76,74,76,76
[ 743.586257] [AOA] Measurement: 0,1629148381.770696,08:55:31:70:ff:0a,2,1,1,0,128,848,18,385,774,390,777,934,595,505,921,851,83,768,944,591,180,962,161,636,864,563,15,711,7,984,141,134,132,145,790,736,456,62,57,45,64,67,66,62,62,36,60,50,60,58,54,44,35,51,48,45,43,58,53,49,46,34,52,28,46,51,46,49,47
[ 743.618366] [AOA] Measurement: 0,1629148381.802805,08:55:31:70:ff:0a,2,1,1,0,128,877,1,922,971,340,791,423,732,406,897,319,906,222,787,588,252,403,952,6,639,18,808,127,786,413,977,991,89,137,784,642,411,74,69,67,67,69,69,72,63,69,62,73,76,73,70,70,64,73,61,65,70,69,71,78,63,73,69,66,69,79,77,78,80
[ 743.655230] [AOA] Measurement: 0,1629148381.839669,08:55:31:70:ff:0a,2,1,1,0,128,802,977,337,738,410,826,884,558,399,885,276,912,257,817,528,164,394,940,1008,624,1020,821,89,751,429,971,980,70,124,790,90,844,61,54,42,63,64,64,57,58,33,58,43,55,52,51,39,31,46,47,40,39,53,49,44,41,26,48,27,39,43,38,42,41
[ 743.692560] [AOA] Measurement: 0,1629148381.877000,08:55:31:70:ff:0a,2,1,1,0,128,811,978,406,759,403,802,831,549,426,845,277,883,216,791,601,203,397,999,87,668,34,853,139,807,426,962,498,887,612,562,72,920,76,71,68,70,72,73,77,69,71,66,75,78,78,73,69,63,76,62,67,73,75,76,80,65,73,69,62,71,78,76,80,79
[ 743.728414] [AOA] Measurement: 0,1629148381.912848,08:55:31:70:ff:0a,2,1,1,0,128,847,993,283,700,403,794,901,556,518,934,873,97,789,970,511,141,370,930,20,609,1,828,120,777,410,952,434,870,598,557,89,20,66,63,66,59,62,66,68,58,69,54,71,68,68,66,67,62,70,58,64,71,67,70,76,60,74,65,69,69,74,76,75,78
[ 743.769669] [AOA] Measurement: 0,1629148381.954103,08:55:31:70:ff:0a,2,1,1,0,128,822,949,408,815,901,968,845,550,414,890,288,887,328,848,576,217,420,984,553,846,1004,798,110,815,352,922,427,877,608,573,123,3,64,56,43,64,68,65,61,60,37,59,47,58,56,52,43,34,49,48,44,41,58,52,48,46,33,54,28,46,52,45,51,47
[ 743.808161] [AOA] Measurement: 0,1629148381.992602,08:55:31:70:ff:0a,2,1,1,0,128,822,982,349,776,974,0,421,780,969,63,273,925,252,802,554,198,992,131,557,836,604,2,637,962,917,155,1003,88,207,859,925,646,74,69,69,69,70,73,72,67,70,65,73,75,76,71,70,64,73,61,66,73,74,74,79,65,71,69,60,71,78,77,78,79
[ 743.845347] [AOA] Measurement: 0,1629148382.029785,08:55:31:70:ff:0a,2,1,1,0,128,364,186,340,770,400,790,817,495,393,890,287,900,258,780,549,162,396,950,18,659,18,831,56,761,422,983,1006,115,135,757,910,642,73,70,68,67,68,71,73,66,70,64,73,75,73,70,69,64,73,61,65,73,70,72,79,63,75,69,69,70,78,77,77,79
[ 743.877955] [AOA] Measurement: 0,1629148382.062390,08:55:31:70:ff:0a,2,1,1,0,128,836,956,339,757,354,765,856,556,438,897,286,907,280,833,554,174,926,105,527,839,589,1000,606,931,415,964,482,965,97,783,1023,819,72,67,66,67,68,71,70,64,68,62,72,74,71,68,65,61,72,61,64,70,73,72,77,63,68,68,57,69,77,74,73,75
[ 743.915147] [AOA] Measurement: 0,1629148382.099588,08:55:31:70:ff:0a,2,1,1,0,128,809,974,320,753,462,832,938,584,427,908,846,109,866,16,139,436,899,101,601,863,516,941,713,994,936,102,956,65,86,756,139,935,60,54,43,60,66,64,58,60,33,58,44,54,54,51,41,32,48,48,43,39,55,50,46,44,29,49,29,42,48,40,47,44
[ 743.952704] [AOA] Measurement: 0,1629148382.137143,08:55:31:70:ff:0a,2,1,1,0,128,333,176,876,938,383,764,838,517,497,914,827,63,238,762,587,211,982,146,613,853,17,801,108,772,987,106,542,941,133,785,416,154,76,72,69,72,70,73,74,69,68,67,76,79,75,70,68,63,73,61,65,72,74,74,78,64,72,70,60,69,77,75,79,77
[ 743.994065] [AOA] Measurement: 0,1629148382.178499,08:55:31:70:ff:0a,2,1,1,0,128,854,1017,847,924,438,816,358,742,1016,82,817,55,846,1007,98,407,919,81,513,815,576,993,51,773,424,972,30,127,112,788,489,205,77,72,70,72,73,73,75,69,70,66,75,78,75,71,69,62,75,63,66,73,73,73,78,64,72,71,66,71,79,76,78,79
[ 744.036090] [AOA] Measurement: 0,1629148382.220524,08:55:31:70:ff:0a,2,1,1,0,128,773,978,351,770,936,1005,411,751,917,41,890,128,777,980,119,393,954,106,541,809,544,1023,567,883,356,949,399,882,631,620,183,1008,71,69,68,68,69,72,76,67,71,64,75,77,75,71,71,64,74,63,65,69,69,72,77,63,72,69,65,72,79,76,79,77
[ 744.071414] [AOA] Measurement: 0,1629148382.255850,08:55:31:70:ff:0a,2,1,1,0,128,412,193,921,945,982,2,399,762,993,109,835,38,809,984,110,411,963,79,600,857,605,15,688,985,938,126,977,92,92,773,40,806,61,56,43,64,66,63,59,61,38,58,44,59,57,54,43,32,49,48,44,42,58,52,48,46,33,53,29,45,51,47,51,49
[ 744.113033] [AOA] Measurement: 0,1629148382.297470,08:55:31:70:ff:0a,2,1,1,0,128,779,975,338,781,359,795,877,572,488,916,264,888,257,815,560,149,333,903,1007,630,556,995,600,955,396,964,421,911,120,755,572,482,62,56,42,63,66,66,58,60,35,58,45,58,56,53,41,32,48,47,42,41,56,51,47,45,31,49,27,41,47,41,47,44
[ 744.162745] [AOA] Measurement: 0,1629148382.347183,08:55:31:70:ff:0a,2,1,1,0,128,360,185,868,981,366,776,858,586,421,926,268,903,284,816,100,376,372,919,562,874,1023,805,687,1012,931,126,44,131,160,820,305,62,59,54,41,62,65,62,57,59,31,56,40,55,54,52,39,31,48,46,42,37,51,50,46,46,30,48,27,42,47,42,47,45
[ 744.195799] [AOA] Measurement: 0,1629148382.380237,08:55:31:70:ff:0a,2,1,1,0,128,778,972,324,749,382,769,821,506,408,884,280,871,226,785,596,188,957,114,579,822,510,960,666,958,340,934,425,857,620,579,161,988,75,70,62,75,78,77,75,71,60,70,69,78,75,71,63,55,70,60,57,64,74,71,70,61,58,69,45,65,73,66,72,69
[ 744.234977] [AOA] Measurement: 0,1629148382.419411,08:55:31:70:ff:0a,2,1,1,0,128,338,143,335,747,333,754,845,561,426,902,273,911,224,810,592,184,412,940,548,810,553,22,672,976,935,104,950,79,574,565,949,677,68,65,65,64,64,65,69,60,69,58,71,73,71,68,67,63,75,62,67,73,72,73,78,65,73,69,65,70,79,78,79,80
[ 744.276465] [AOA] Measurement: 0,1629148382.460903,08:55:31:70:ff:0a,2,1,1,0,128,877,10,874,976,961,0,909,584,444,930,873,118,791,1000,552,159,441,971,544,810,566,1008,669,1001,952,135,1012,92,76,777,192,959,77,71,60,77,77,76,75,72,62,69,68,75,75,70,62,53,68,60,59,62,73,70,68,60,56,68,46,65,72,68,71,69
[ 744.309363] [AOA] Measurement: 0,1629148382.493802,08:55:31:70:ff:0a,2,1,1,0,128,773,937,383,744,412,809,901,580,423,858,838,72,811,983,91,394,967,190,605,870,523,1020,687,996,961,108,13,52,79,708,816,627,76,70,67,71,73,73,75,68,67,66,73,75,73,69,67,61,72,61,64,70,70,71,76,62,70,67,61,68,78,73,76,75
[ 744.348162] [AOA] Measurement: 0,1629148382.532602,08:55:31:70:ff:0a,2,1,1,0,128,795,976,401,809,398,825,441,764,985,94,782,29,313,824,594,197,974,124,534,789,60,854,97,763,433,976,462,896,575,549,208,77,71,66,67,65,67,67,69,62,69,60,72,73,71,67,66,65,71,61,68,74,69,71,78,63,75,67,69,69,76,76,78,80
[ 744.386678] [AOA] Measurement: 0,1629148382.571116,08:55:31:70:ff:0a,2,1,1,0,128,350,165,889,969,960,4,362,724,408,901,310,898,279,827,105,357,928,96,544,829,15,837,652,971,926,142,991,87,158,802,103,793,73,67,68,67,66,72,72,64,69,61,74,77,76,71,69,64,74,62,68,73,73,73,79,63,74,71,66,71,78,75,80,77
[ 744.419318] [AOA] Measurement: 0,1629148382.603757,08:55:31:70:ff:0a,2,1,1,0,128,359,175,860,921,934,981,460,793,972,60,301,931,787,1006,80,363,942,87,31,681,586,1011,633,977,389,966,999,85,164,829,958,673,73,67,67,66,68,68,71,63,68,61,69,75,71,69,67,58,70,59,63,68,70,69,76,62,69,69,60,69,77,75,75,76
[ 744.452482] [AOA] Measurement: 0,1629148382.636921,08:55:31:70:ff:0a,2,1,1,0,128,755,937,313,732,399,796,835,549,447,917,288,889,267,802,534,168,372,910,23,680,531,991,90,776,399,989,389,891,582,545,115,973,72,69,68,65,67,67,70,63,67,59,74,74,73,71,69,63,75,62,67,72,71,73,78,64,75,67,65,72,78,77,76,78
[ 744.495063] [AOA] Measurement: 0,1629148382.679500,08:55:31:70:ff:0a,2,1,1,0,128,276,118,399,795,380,818,908,590,397,882,877,126,816,1022,86,368,967,105,632,894,531,1018,674,981,956,156,11,120,80,738,636,349,74,69,67,69,69,71,73,66,69,61,72,75,73,71,69,63,73,62,66,73,70,72,77,64,74,71,61,72,79,76,78,79
[ 744.531573] [AOA] Measurement: 0,1629148382.716010,08:55:31:70:ff:0a,2,1,1,0,128,800,1003,386,743,388,779,890,569,385,840,312,923,254,806,600,197,959,166,4,646,1001,803,63,731,458,969,75,57,539,541,706,551,73,68,69,68,69,70,73,64,70,59,72,74,73,69,69,62,72,61,66,71,69,71,79,62,75,68,68,70,79,77,78,79
[ 744.574804] [AOA] Measurement: 0,1629148382.759239,08:55:31:70:ff:0a,2,1,1,0,128,850,1005,337,782,347,788,919,595,972,76,316,923,276,827,538,152,368,917,1022,617,28,821,98,771,414,991,1017,105,90,785,325,146,75,69,67,70,71,70,73,66,68,64,71,75,74,69,66,61,72,61,63,70,71,72,76,63,68,69,60,70,78,74,76,75
[ 744.610813] [AOA] Measurement: 0,1629148382.795250,08:55:31:70:ff:0a,2,1,1,0,128,337,170,864,927,923,972,889,566,404,852,265,890,269,792,538,172,342,940,32,659,999,775,139,768,393,959,2,93,90,723,161,5,69,63,51,73,76,74,71,69,48,66,58,69,68,63,56,46,62,55,52,53,67,65,63,57,50,64,38,60,67,62,67,63
[ 744.653193] [AOA] Measurement: 0,1629148382.837630,08:55:31:70:ff:0a,2,1,1,0,128,757,955,393,775,392,797,824,530,413,905,245,879,245,755,522,155,389,923,996,603,1,819,58,772,952,159,989,69,591,580,759,573,73,69,69,70,70,73,73,68,68,63,73,76,74,71,68,62,74,63,66,71,73,72,78,64,70,70,61,70,79,76,79,78
[ 744.696169] [AOA] Measurement: 0,1629148382.880603,08:55:31:70:ff:0a,2,1,1,0,128,363,196,907,917,413,813,952,590,947,80,809,63,264,801,560,181,407,963,604,895,599,18,664,981,913,110,1008,100,107,779,803,528,69,65,65,63,64,65,68,62,69,58,72,71,70,67,68,63,73,61,67,72,70,73,78,63,74,69,68,70,76,75,75,80
[ 744.731909] [AOA] Measurement: 0,1629148382.916343,08:55:31:70:ff:0a,2,1,1,0,128,837,999,440,795,959,992,452,805,1006,69,896,83,824,1016,86,388,944,117,628,875,1016,842,634,944,401,942,565,936,153,764,289,30,59,54,44,63,67,64,59,60,34,59,46,57,55,51,42,34,49,48,44,42,57,50,47,44,31,50,28,43,47,43,47,43
[ 744.774922] [AOA] Measurement: 0,1629148382.959357,08:55:31:70:ff:0a,2,1,1,0,128,820,6,924,954,425,813,416,780,950,31,832,81,848,1010,540,197,891,71,540,843,520,959,674,963,442,997,995,65,177,771,326,117,70,67,66,64,66,68,68,61,67,59,72,71,74,70,68,62,74,61,68,74,70,71,80,62,76,69,68,69,80,76,78,79
[ 744.828901] [AOA] Measurement: 0,1629148383.013340,08:55:31:70:ff:0a,2,1,1,0,128,356,187,874,940,941,1016,379,766,995,100,871,64,802,982,137,401,361,901,1007,630,527,990,692,1000,977,158,1001,113,162,783,615,330,71,64,55,71,74,72,70,68,50,64,62,71,71,65,56,47,63,55,52,55,67,63,65,56,47,62,37,58,66,58,65,61
[ 744.866312] [AOA] Measurement: 0,1629148383.050746,08:55:31:70:ff:0a,2,1,1,0,128,820,993,926,972,354,813,417,763,409,904,273,899,266,798,563,169,961,122,534,857,669,63,627,969,931,158,1019,137,107,775,840,610,63,56,45,63,68,65,61,60,39,60,47,60,58,56,44,35,52,48,44,44,57,53,49,49,35,54,30,46,54,50,53,49
[ 744.905228] [AOA] Measurement: 0,1629148383.089669,08:55:31:70:ff:0a,2,1,1,0,128,818,993,376,787,451,820,888,591,17,64,848,77,830,1010,131,396,925,131,623,890,556,13,624,948,936,89,95,105,126,796,714,422,65,62,63,59,60,62,66,58,68,55,69,70,69,65,64,61,69,59,62,69,65,67,72,60,71,64,64,66,75,72,73,77
[ 744.938381] [AOA] Measurement: 0,1629148383.122819,08:55:31:70:ff:0a,2,1,1,0,128,312,110,856,947,393,790,849,530,477,915,320,910,282,817,30,368,948,113,549,837,606,26,658,966,946,109,963,79,112,801,271,3,75,69,66,69,69,71,72,67,68,63,71,74,73,71,67,62,74,61,64,70,72,70,77,61,71,68,61,69,78,75,76,77
[ 744.976683] [AOA] Measurement: 0,1629148383.161124,08:55:31:70:ff:0a,2,1,1,0,128,833,996,326,719,403,830,905,563,458,909,323,927,237,811,491,126,347,888,1023,668,958,771,121,809,393,963,445,931,90,739,322,222,79,71,62,75,77,76,76,72,62,68,69,77,78,73,65,58,71,60,61,68,73,73,74,64,66,70,53,69,78,74,76,74
[ 745.015415] [AOA] Measurement: 0,1629148383.199849,08:55:31:70:ff:0a,2,1,1,0,128,816,991,342,742,425,827,876,580,433,911,289,874,277,843,570,188,955,105,525,794,67,884,662,987,918,122,982,82,97,765,349,134,73,67,67,69,70,71,71,66,66,61,71,75,73,68,67,59,72,60,62,69,71,69,76,62,69,69,55,68,75,70,75,76
[ 745.053832] [AOA] Measurement: 0,1629148383.238273,08:55:31:70:ff:0a,2,1,1,0,128,805,958,356,783,400,804,891,586,464,933,317,967,784,965,575,196,410,947,23,668,577,39,639,973,975,168,1013,93,136,789,649,380,62,56,45,63,67,65,61,61,37,58,47,59,57,53,43,36,50,48,44,42,57,51,49,46,32,51,28,44,51,45,51,48
[ 745.087477] [AOA] Measurement: 0,1629148383.271917,08:55:31:70:ff:0a,2,1,1,0,128,331,128,884,984,905,974,442,779,952,66,272,876,319,857,100,401,937,112,509,834,540,1000,662,987,945,134,1015,110,96,747,473,237,57,52,42,60,64,61,56,59,33,55,41,52,54,50,37,30,47,46,42,37,54,48,42,42,28,49,27,39,45,41,46,43
[ 745.126272] [AOA] Measurement: 0,1629148383.310713,08:55:31:70:ff:0a,2,1,1,0,128,337,153,336,764,366,787,852,539,381,857,309,928,316,869,95,389,369,922,547,836,994,788,74,760,389,940,431,886,604,593,336,177,74,68,60,72,74,75,72,70,60,66,67,73,72,68,62,53,68,57,56,62,71,69,69,60,58,65,46,64,71,67,69,69
[ 745.164715] [AOA] Measurement: 0,1629148383.349154,08:55:31:70:ff:0a,2,1,1,0,128,824,1003,283,718,435,807,865,541,426,883,329,925,288,822,546,207,3,159,556,860,572,1017,698,981,420,971,420,885,562,567,66,966,79,73,68,75,77,78,76,74,66,69,72,79,76,72,68,61,73,62,64,70,74,74,75,65,68,70,55,71,77,74,79,75
[ 745.203597] [AOA] Measurement: 0,1629148383.388036,08:55:31:70:ff:0a,2,1,1,0,128,862,34,983,936,954,1019,431,788,412,858,327,940,855,4,535,144,382,950,33,638,992,763,112,758,429,953,29,65,123,788,316,76,79,72,66,76,76,76,75,74,65,68,72,79,77,72,66,59,72,62,61,68,73,74,75,63,65,70,53,69,76,71,76,73
[ 745.240879] [AOA] Measurement: 0,1629148383.425313,08:55:31:70:ff:0a,2,1,1,0,128,793,979,935,970,332,769,908,550,442,940,828,76,793,989,136,401,955,133,562,837,569,16,606,949,376,941,2,99,53,736,507,313,57,51,40,60,65,63,56,59,33,57,44,57,53,51,40,30,48,48,44,40,56,52,48,46,31,51,28,42,49,44,47,45
[ 745.274075] [AOA] Measurement: 0,1629148383.458514,08:55:31:70:ff:0a,2,1,1,0,128,374,173,916,982,917,973,430,759,429,939,837,96,819,1009,121,401,974,105,561,861,545,995,661,1016,917,122,985,67,126,783,1012,723,77,71,68,74,73,73,77,72,66,67,73,77,76,73,67,60,74,61,61,68,73,72,73,62,64,70,54,70,75,72,75,73
[ 745.314724] [AOA] Measurement: 0,1629148383.499157,08:55:31:70:ff:0a,2,1,1,0,128,807,983,374,788,385,788,477,816,3,99,805,32,879,1009,116,388,933,116,603,868,577,1007,644,965,971,153,990,86,92,778,83,940,80,71,69,75,76,76,76,71,66,69,72,80,77,71,67,63,74,62,63,70,74,74,78,65,69,73,57,71,79,75,79,78
[ 745.364782] [AOA] Measurement: 0,1629148383.549222,08:55:31:70:ff:0a,2,1,1,0,128,842,1001,384,765,426,819,878,552,425,870,860,93,820,978,51,366,874,112,30,671,524,993,657,964,407,946,62,101,121,736,79,840,76,71,68,70,71,72,73,67,69,64,73,76,74,70,66,60,72,62,64,69,73,72,77,62,69,69,61,69,76,76,76,76
[ 745.398833] [AOA] Measurement: 0,1629148383.583272,08:55:31:70:ff:0a,2,1,1,0,128,799,975,366,770,971,986,883,537,997,76,811,66,801,996,545,150,418,972,998,633,62,846,83,761,368,932,985,87,604,611,592,423,73,69,69,67,68,70,71,65,69,59,72,73,69,67,68,65,72,61,67,74,68,72,78,63,75,68,68,68,77,75,77,80
[ 745.439847] [AOA] Measurement: 0,1629148383.624285,08:55:31:70:ff:0a,2,1,1,0,128,763,956,337,760,409,804,920,590,400,918,268,885,244,787,625,220,965,78,578,866,509,975,106,783,376,923,455,930,132,795,44,879,77,71,66,72,75,75,76,72,64,67,72,79,76,72,68,59,73,62,64,69,75,75,76,65,67,69,55,69,76,73,77,77
[ 745.478550] [AOA] Measurement: 0,1629148383.662990,08:55:31:70:ff:0a,2,1,1,0,128,313,107,900,946,969,989,877,596,994,71,290,915,261,786,544,151,371,919,1013,634,51,853,645,952,392,940,388,864,632,600,673,557,71,66,54,72,74,72,70,68,51,66,63,72,72,65,58,49,65,56,54,59,69,65,67,58,54,65,41,62,69,65,68,64
[ 745.517437] [AOA] Measurement: 0,1629148383.701878,08:55:31:70:ff:0a,2,1,1,0,128,770,973,258,694,420,784,848,532,390,891,236,865,194,726,545,158,411,962,9,640,12,805,87,755,366,957,412,921,646,606,135,943,76,68,66,71,70,71,73,67,66,64,70,74,74,70,66,58,71,60,63,68,70,72,73,61,67,68,54,67,75,70,75,74
[ 745.556504] [AOA] Measurement: 0,1629148383.740946,08:55:31:70:ff:0a,2,1,1,0,128,293,171,961,979,941,1021,458,808,7,87,866,123,815,996,538,176,406,969,638,877,592,5,679,1020,939,131,120,117,148,820,325,1009,69,66,66,64,65,66,67,60,68,58,71,70,69,66,64,60,69,58,63,69,65,68,74,60,73,64,66,68,73,73,74,76
[ 745.595158] [AOA] Measurement: 0,1629148383.779592,08:55:31:70:ff:0a,2,1,1,0,128,750,941,330,760,385,780,885,560,397,871,291,894,307,810,606,178,427,974,563,844,558,985,659,974,946,137,1007,91,109,784,7,847,71,65,66,67,68,70,73,66,69,64,72,74,73,70,67,58,70,60,62,67,69,69,73,62,67,67,56,66,75,73,77,76
[ 745.644065] [AOA] Measurement: 0,1629148383.828504,08:55:31:70:ff:0a,2,1,1,0,128,819,966,362,756,429,832,489,807,999,115,833,79,821,994,94,401,916,107,535,847,552,1012,642,974,961,134,964,65,135,786,77,865,77,73,69,75,74,75,77,71,70,67,72,77,75,72,69,63,74,62,66,73,76,74,80,66,70,70,62,70,79,76,78,79
[ 745.677987] [AOA] Measurement: 0,1629148383.862427,08:55:31:70:ff:0a,2,1,1,0,128,775,938,384,797,394,797,889,574,418,894,872,91,828,1019,118,399,302,872,15,638,970,791,112,799,368,941,463,889,601,587,955,705,70,67,67,64,66,66,68,62,69,59,72,71,71,68,68,62,72,62,66,72,67,72,77,63,74,67,67,70,78,75,78,78
[ 745.718533] [AOA] Measurement: 0,1629148383.902974,08:55:31:70:ff:0a,2,1,1,0,128,777,961,918,1004,919,948,879,579,998,107,845,92,817,977,597,192,1013,126,546,838,494,979,655,978,937,181,997,112,132,778,789,411,59,53,43,61,66,64,59,59,35,57,45,57,55,53,40,32,49,49,45,38,55,52,48,45,32,52,28,43,49,44,48,46
[ 745.758168] [AOA] Measurement: 0,1629148383.942609,08:55:31:70:ff:0a,2,1,1,0,128,825,4,967,1001,916,4,875,571,1019,62,830,70,291,847,102,357,416,978,641,870,478,972,118,779,401,959,459,883,101,741,575,430,77,72,68,73,76,75,74,70,69,65,75,77,76,71,68,63,75,62,65,71,72,73,77,63,68,70,60,70,78,76,78,78
[ 745.797638] [AOA] Measurement: 0,1629148383.982076,08:55:31:70:ff:0a,2,1,1,0,128,817,975,384,749,390,797,855,574,564,938,312,906,778,931,535,157,366,955,55,679,1023,820,122,788,407,959,553,934,610,561,271,72,79,72,67,73,75,75,77,70,68,66,74,78,78,74,69,63,76,63,65,72,74,75,78,64,70,70,60,70,79,75,79,77
[ 745.839875] [AOA] Measurement: 0,1629148384.024309,08:55:31:70:ff:0a,2,1,1,0,128,849,0,974,984,983,18,380,757,13,76,854,118,788,994,109,412,981,173,629,861,566,1011,724,999,981,135,65,109,182,784,781,390,76,70,69,74,73,74,77,69,67,67,74,77,77,73,69,63,75,63,65,73,75,74,78,66,68,70,58,70,79,74,78,75
[ 745.876334] [AOA] Measurement: 0,1629148384.060769,08:55:31:70:ff:0a,2,1,1,0,128,784,975,315,737,412,811,836,549,473,961,279,905,298,846,491,119,415,954,12,634,16,793,98,771,403,983,1008,95,127,771,909,692,73,66,55,71,74,74,73,69,53,66,61,71,70,67,57,50,63,57,55,58,69,66,66,57,52,65,41,60,67,63,67,64
[ 745.920210] [AOA] Measurement: 0,1629148384.104646,08:55:31:70:ff:0a,2,1,1,0,128,793,964,375,713,413,798,915,597,519,926,265,911,284,817,573,163,971,208,584,833,993,775,726,998,921,89,76,72,548,577,300,196,76,72,69,70,71,73,74,68,71,63,75,75,75,71,70,64,74,62,67,74,71,74,79,65,75,70,69,72,78,78,78,80
[ 745.956262] [AOA] Measurement: 0,1629148384.140702,08:55:31:70:ff:0a,2,1,1,0,128,831,960,312,756,437,879,405,743,990,78,271,892,765,960,582,207,353,884,35,677,1022,800,123,813,886,68,956,81,578,538,75,888,76,70,60,75,76,76,74,70,58,68,66,74,71,69,60,51,65,57,55,59,70,68,67,59,52,66,42,62,69,65,70,67
[ 745.990381] [AOA] Measurement: 0,1629148384.174819,08:55:31:70:ff:0a,2,1,1,0,128,366,209,925,1009,950,1010,417,776,978,96,818,89,746,962,593,209,421,946,12,664,23,837,679,992,975,188,1014,106,177,841,679,312,73,70,64,70,73,75,73,65,63,64,70,77,74,70,63,58,71,58,59,65,71,71,73,62,62,66,52,66,75,70,75,71
[ 746.030046] [AOA] Measurement: 0,1629148384.214484,08:55:31:70:ff:0a,2,1,1,0,128,306,153,837,912,381,792,928,587,400,891,864,96,793,990,98,374,431,958,948,583,68,860,703,984,960,141,978,86,123,756,1005,769,74,68,65,68,70,70,73,65,66,63,71,74,72,70,67,59,71,60,64,69,72,71,76,63,70,67,59,69,77,74,77,76
[ 746.069693] [AOA] Measurement: 0,1629148384.254133,08:55:31:70:ff:0a,2,1,1,0,128,297,137,898,961,989,25,440,767,975,83,901,75,796,1011,88,413,905,70,547,849,586,20,574,903,411,984,1016,107,103,754,466,215,58,53,44,62,65,63,57,59,36,56,45,56,55,52,42,33,48,47,41,38,55,49,46,43,29,51,30,44,48,43,48,46
[ 746.109419] [AOA] Measurement: 0,1629148384.293859,08:55:31:70:ff:0a,2,1,1,0,128,832,963,917,940,970,1007,825,534,397,857,275,911,235,794,572,198,420,992,550,864,578,23,674,1004,890,86,440,915,597,577,156,12,73,69,65,69,71,72,73,67,66,65,70,76,72,70,65,58,68,58,61,68,71,72,75,64,68,68,58,69,78,74,77,75
[ 746.149654] [AOA] Measurement: 0,1629148384.334092,08:55:31:70:ff:0a,2,1,1,0,128,781,940,395,769,431,834,943,618,983,16,329,930,840,985,89,367,946,145,105,694,570,1020,639,952,414,940,582,981,133,770,102,994,77,71,65,78,78,78,76,74,61,69,70,76,76,71,63,56,69,60,59,65,73,70,72,61,61,69,48,68,76,71,73,71
[ 746.189501] [AOA] Measurement: 0,1629148384.373939,08:55:31:70:ff:0a,2,1,1,0,128,796,976,962,1002,970,10,377,730,422,903,308,936,224,790,555,167,389,934,562,844,575,2,667,983,925,129,978,96,62,760,16,781,70,68,68,67,69,72,73,66,69,60,71,76,73,68,67,63,72,60,66,72,69,71,79,62,75,69,63,69,79,74,78,80
[ 746.224313] [AOA] Measurement: 0,1629148384.408751,08:55:31:70:ff:0a,2,1,1,0,128,791,964,392,772,395,820,886,562,388,870,352,927,198,757,581,182,940,105,53,680,989,771,110,799,362,909,411,854,515,507,177,89,62,55,44,62,68,65,60,61,36,58,45,59,58,53,42,35,51,50,45,41,58,52,49,48,34,54,29,46,51,45,51,49
[ 746.263479] [AOA] Measurement: 0,1629148384.447920,08:55:31:70:ff:0a,2,1,1,0,128,830,1013,320,729,399,799,862,548,394,897,264,865,220,752,503,168,409,956,33,649,1002,788,80,770,351,971,409,887,508,512,600,604,68,66,66,64,64,65,69,61,68,59,72,72,72,67,69,63,73,60,67,71,69,73,78,62,74,67,66,69,78,77,77,78
[ 746.298351] [AOA] Measurement: 0,1629148384.482790,08:55:31:70:ff:0a,2,1,1,0,128,352,174,941,968,376,811,390,771,40,108,881,92,801,960,139,416,948,135,631,900,579,0,650,937,954,144,68,110,156,800,299,1001,78,72,67,72,77,75,74,70,66,68,73,77,76,71,67,61,73,62,63,69,72,73,77,63,68,71,55,67,78,75,78,76
[ 746.338164] [AOA] Measurement: 0,1629148384.522603,08:55:31:70:ff:0a,2,1,1,0,128,772,963,304,731,412,845,881,574,468,935,317,920,197,737,519,122,335,877,989,600,989,763,66,746,364,926,424,861,609,574,149,96,75,69,70,70,71,71,75,68,70,64,74,77,75,70,69,64,74,61,66,73,73,73,78,64,73,68,66,70,78,76,80,79
[ 746.377704] [AOA] Measurement: 0,1629148384.562145,08:55:31:70:ff:0a,2,1,1,0,128,812,975,372,782,355,779,907,546,423,924,873,70,860,1011,130,422,947,113,518,820,542,7,669,956,383,956,455,887,593,625,591,374,75,71,70,68,72,72,75,67,70,62,75,76,75,71,70,64,75,64,68,74,72,73,79,65,75,70,66,70,78,78,78,79
[ 746.417307] [AOA] Measurement: 0,1629148384.601748,08:55:31:70:ff:0a,2,1,1,0,128,407,184,951,1001,974,25,358,710,960,71,827,84,783,984,109,384,900,80,541,823,13,828,60,787,949,154,996,116,143,796,139,822,66,58,48,66,71,68,65,63,42,62,50,62,61,59,47,39,55,52,48,47,63,59,55,52,40,60,34,53,60,55,58,55
[ 746.463271] [AOA] Measurement: 0,1629148384.647705,08:55:31:70:ff:0a,2,1,1,0,128,834,1018,973,998,907,977,866,535,418,903,297,917,254,800,550,129,388,918,48,660,1012,796,105,791,414,980,967,40,578,557,188,35,72,69,64,69,70,72,72,67,68,65,71,76,74,69,66,61,73,61,62,70,69,71,75,62,68,69,55,69,75,71,76,74
[ 746.516790] [AOA] Measurement: 0,1629148384.701232,08:55:31:70:ff:0a,2,1,1,0,128,859,1004,303,757,398,805,908,547,423,931,873,82,817,7,26,316,369,964,12,606,1017,809,118,809,400,945,480,917,159,774,407,181,58,52,41,59,65,62,57,60,34,57,43,55,55,52,44,33,51,48,42,42,59,52,50,46,36,54,30,45,52,47,52,49
[ 746.556757] [AOA] Measurement: 0,1629148384.741197,08:55:31:70:ff:0a,2,1,1,0,128,734,930,357,741,383,786,858,544,370,873,206,843,229,774,561,131,347,875,4,661,1000,801,119,785,402,969,422,919,518,533,638,573,77,71,70,71,72,74,75,69,70,64,74,77,75,72,70,64,72,63,67,72,73,73,79,64,73,72,63,71,81,77,78,80
[ 746.596101] [AOA] Measurement: 0,1629148384.780541,08:55:31:70:ff:0a,2,1,1,0,128,339,159,304,721,390,793,831,525,366,877,291,869,340,824,90,402,939,95,573,816,597,23,665,976,944,126,1010,85,626,622,806,588,57,53,42,61,63,60,57,59,34,56,42,54,54,50,40,31,47,46,41,36,54,50,44,45,30,50,27,39,46,42,45,42
[ 746.635894] [AOA] Measurement: 0,1629148384.820335,08:55:31:70:ff:0a,2,1,1,0,128,388,161,931,978,406,851,416,790,23,87,851,114,862,16,163,414,957,162,574,844,515,1019,45,723,2,128,22,96,99,777,809,510,67,65,66,61,63,65,69,61,70,60,71,73,73,69,68,61,72,61,67,72,69,72,80,63,75,67,66,71,78,74,78,78
[ 746.670276] [AOA] Measurement: 0,1629148384.854717,08:55:31:70:ff:0a,2,1,1,0,128,354,183,926,948,921,990,410,729,20,138,871,78,851,1008,57,333,979,135,572,862,588,1021,635,947,909,141,962,67,103,762,731,540,70,63,51,70,72,71,67,66,46,63,55,67,66,60,50,41,59,53,51,50,66,62,59,53,42,61,34,55,60,56,62,58
[ 746.710276] [AOA] Measurement: 0,1629148384.894715,08:55:31:70:ff:0a,2,1,1,0,128,345,160,866,956,370,815,881,558,1002,82,828,68,814,994,149,437,990,109,577,874,569,15,681,990,898,101,1002,86,134,810,334,995,73,68,69,68,67,70,72,66,69,62,72,75,72,70,67,61,71,60,65,72,71,72,78,64,73,70,63,70,79,76,78,78
[ 746.754329] [AOA] Measurement: 0,1629148384.938763,08:55:31:70:ff:0a,2,1,1,0,128,824,966,878,943,394,814,892,533,1005,96,273,915,234,781,511,152,337,870,27,646,1005,819,109,781,458,1009,968,60,597,588,679,558,65,57,46,66,70,68,63,63,38,60,49,61,60,58,45,38,53,52,47,46,60,57,53,50,38,54,30,49,55,49,55,49
[ 746.792742] [AOA] Measurement: 0,1629148384.977176,08:55:31:70:ff:0a,2,1,1,0,128,379,197,959,985,895,1018,403,783,7,64,835,93,808,27,63,395,984,165,637,869,529,999,717,976,940,100,90,126,128,787,982,634,76,70,65,71,73,73,73,70,63,67,70,76,75,70,63,55,69,59,58,65,71,72,71,60,62,69,50,66,72,71,73,71
[ 746.832961] [AOA] Measurement: 0,1629148385.017400,08:55:31:70:ff:0a,2,1,1,0,128,380,171,943,942,947,1005,446,797,2,83,874,63,816,1013,114,397,993,178,605,871,559,37,656,991,962,125,83,118,154,810,249,989,70,69,68,66,67,69,71,62,69,61,71,73,72,69,66,61,72,62,66,73,70,70,79,64,76,69,68,69,78,76,78,80
[ 746.872888] [AOA] Measurement: 0,1629148385.057329,08:55:31:70:ff:0a,2,1,1,0,128,813,1005,919,974,966,2,434,779,963,51,815,68,818,1009,109,387,942,94,659,916,595,9,662,965,922,112,1019,118,91,769,171,946,57,51,41,59,63,63,58,57,33,56,42,55,54,52,39,30,47,47,42,38,53,50,44,43,31,52,28,41,48,42,48,46
[ 746.912589] [AOA] Measurement: 0,1629148385.097028,08:55:31:70:ff:0a,2,1,1,0,128,814,977,330,734,410,818,900,583,434,895,282,869,279,772,517,132,379,922,21,640,948,793,81,759,433,991,988,85,111,714,905,768,66,63,65,61,62,66,67,59,67,58,68,71,69,65,66,62,72,59,63,70,68,70,77,61,71,68,62,70,76,76,76,77
[ 746.949881] [AOA] Measurement: 0,1629148385.134315,08:55:31:70:ff:0a,2,1,1,0,128,341,142,919,957,914,968,407,731,985,52,322,965,236,800,548,172,444,976,606,881,551,1017,675,990,943,119,953,46,69,733,574,360,75,71,68,71,72,71,75,68,68,64,71,76,74,68,66,60,72,61,62,68,71,69,75,62,68,69,59,68,76,74,75,77
[ 746.986697] [AOA] Measurement: 0,1629148385.171138,08:55:31:70:ff:0a,2,1,1,0,128,417,191,814,921,963,980,387,746,2,104,846,58,782,977,567,203,947,133,569,833,578,1021,688,1012,932,117,1001,61,67,753,756,542,74,70,68,67,71,73,74,67,68,65,74,75,74,70,67,61,74,62,66,74,73,71,79,63,68,71,59,70,79,76,79,78
[ 747.026121] [AOA] Measurement: 0,1629148385.210559,08:55:31:70:ff:0a,2,1,1,0,128,840,1020,941,977,984,1018,416,774,1,59,323,909,282,829,588,216,385,1012,118,662,15,822,716,951,432,970,536,885,625,608,104,1019,72,69,67,65,67,70,72,66,70,62,72,74,72,68,68,63,74,62,66,73,71,73,79,65,72,70,64,71,78,76,79,78
[ 747.066116] [AOA] Measurement: 0,1629148385.250556,08:55:31:70:ff:0a,2,1,1,0,128,812,957,338,738,425,806,402,772,420,910,301,896,848,999,101,392,343,897,13,673,1002,790,97,811,399,967,481,933,583,579,540,474,66,62,63,59,61,63,66,58,66,55,70,69,66,63,66,61,70,57,64,69,64,69,74,59,74,63,66,67,74,71,72,76
[ 747.105956] [AOA] Measurement: 0,1629148385.290397,08:55:31:70:ff:0a,2,1,1,0,128,811,1003,405,768,463,844,869,582,409,873,320,928,310,825,599,213,970,151,569,839,1022,809,119,757,393,943,584,945,608,581,275,128,59,52,41,60,63,61,56,58,31,56,42,56,53,51,40,32,47,48,42,40,54,50,43,44,29,49,28,43,47,40,45,43
[ 747.145770] [AOA] Measurement: 0,1629148385.330205,08:55:31:70:ff:0a,2,1,1,0,128,335,136,872,941,909,994,375,748,991,76,847,111,876,26,29,367,908,89,512,824,2,791,650,969,383,967,994,46,158,832,964,716,58,53,41,60,65,63,56,58,33,58,42,54,52,51,39,29,47,46,41,35,53,48,43,42,27,47,27,40,45,38,44,42
[ 747.180154] [AOA] Measurement: 0,1629148385.364596,08:55:31:70:ff:0a,2,1,1,0,128,323,158,329,775,417,839,352,751,965,57,272,923,841,975,102,398,966,106,568,855,544,988,643,982,404,963,964,79,588,579,534,330,61,55,45,62,68,64,58,59,37,57,47,57,55,51,42,34,51,47,41,40,57,52,47,45,32,52,29,44,49,43,51,43
[ 747.217543] [AOA] Measurement: 0,1629148385.401977,08:55:31:70:ff:0a,2,1,1,0,128,812,981,331,758,357,788,831,521,447,924,256,896,206,779,561,157,342,894,11,662,18,816,689,982,913,85,432,917,106,743,992,846,61,54,44,61,65,63,59,60,35,58,45,57,57,53,41,31,50,48,43,41,56,52,47,46,34,53,29,44,51,46,50,50
[ 747.259356] [AOA] Measurement: 0,1629148385.443795,08:55:31:70:ff:0a,2,1,1,0,128,817,974,946,982,429,793,918,582,447,916,868,91,853,1020,71,378,884,98,571,824,559,5,630,957,989,141,1012,68,154,826,112,882,78,70,67,73,73,75,76,72,67,68,74,78,78,73,68,61,74,63,63,69,74,75,76,64,66,70,51,68,77,73,74,74
[ 747.294138] [AOA] Measurement: 0,1629148385.478578,08:55:31:70:ff:0a,2,1,1,0,128,775,907,330,760,371,809,844,537,450,943,328,906,229,779,580,183,415,949,15,659,31,827,97,792,395,953,438,920,161,815,636,408,68,66,65,60,62,62,68,60,68,56,70,70,66,64,65,61,70,59,64,71,63,66,75,59,74,62,69,67,73,72,73,76
[ 747.329066] [AOA] Measurement: 0,1629148385.513500,08:55:31:70:ff:0a,2,1,1,0,128,314,138,876,924,409,820,407,772,424,901,279,888,287,848,76,344,969,96,579,875,615,34,629,946,940,122,6,86,112,771,788,579,73,69,67,66,68,69,71,64,70,60,75,75,74,69,69,61,74,61,67,72,70,71,79,63,74,68,67,71,78,77,77,79
[ 747.368378] [AOA] Measurement: 0,1629148385.552817,08:55:31:70:ff:0a,2,1,1,0,128,750,951,283,731,359,801,887,579,409,884,313,911,261,826,483,110,386,914,24,650,993,807,47,768,382,935,428,912,624,575,117,975,73,70,65,69,71,71,71,67,66,63,70,72,73,68,65,58,71,59,63,67,72,71,76,62,68,69,57,68,76,73,75,75
[ 747.409152] [AOA] Measurement: 0,1629148385.593592,08:55:31:70:ff:0a,2,1,1,0,128,401,193,955,940,1018,1014,370,759,984,33,837,95,814,987,116,409,987,206,602,863,520,1006,720,1012,991,167,80,128,77,789,306,11,67,61,51,68,72,68,65,66,45,62,54,64,63,58,50,40,54,51,47,49,61,58,56,51,38,56,31,52,57,51,56,54
[ 747.450049] [AOA] Measurement: 0,1629148385.634490,08:55:31:70:ff:0a,2,1,1,0,128,783,960,391,789,961,976,876,560,445,900,344,902,298,825,580,190,370,955,69,690,953,802,711,1012,890,85,4,102,68,739,302,79,76,70,65,72,74,74,73,71,61,66,68,76,72,69,62,54,68,59,57,62,69,69,69,59,57,67,45,64,70,68,70,68
[ 747.490582] [AOA] Measurement: 0,1629148385.675020,08:55:31:70:ff:0a,2,1,1,0,128,819,951,283,731,366,797,844,515,425,909,327,906,256,803,85,382,341,882,982,613,8,814,79,772,416,955,454,934,139,799,748,453,75,70,68,70,73,73,74,69,68,64,74,78,76,73,68,62,74,63,65,71,72,73,78,64,69,70,58,70,78,75,77,78
[ 747.532084] [AOA] Measurement: 0,1629148385.716522,08:55:31:70:ff:0a,2,1,1,0,128,829,1011,395,732,375,773,827,537,495,930,278,886,283,814,560,161,385,960,645,892,488,974,112,796,452,959,544,920,158,783,245,147,70,67,66,66,66,67,68,64,69,59,71,75,72,68,68,62,71,61,67,72,71,72,79,64,75,71,66,71,79,76,79,81
[ 747.578347] [AOA] Measurement: 0,1629148385.762786,08:55:31:70:ff:0a,2,1,1,0,128,798,983,879,923,417,822,894,590,967,45,325,930,822,997,575,172,409,950,6,650,21,842,100,814,951,131,1021,91,106,780,497,280,59,55,43,60,66,66,60,61,38,60,47,57,59,53,45,35,52,50,45,44,62,57,51,49,36,56,31,50,55,50,55,53
[ 747.617849] [AOA] Measurement: 0,1629148385.802283,08:55:31:70:ff:0a,2,1,1,0,128,793,994,337,750,466,853,866,580,362,869,332,923,820,985,166,441,921,91,601,851,581,1013,656,1001,918,118,435,907,562,575,0,903,56,51,42,58,62,60,54,55,33,54,40,51,51,50,37,28,47,45,40,36,51,46,41,40,26,44,27,37,42,37,41,39
[ 747.657790] [AOA] Measurement: 0,1629148385.842229,08:55:31:70:ff:0a,2,1,1,0,128,779,992,356,751,374,784,869,597,416,878,311,928,208,769,517,152,379,966,42,654,970,756,128,781,420,969,430,883,609,594,718,619,77,70,65,74,77,74,73,70,62,65,69,76,74,69,64,58,71,61,60,67,72,71,74,60,65,69,53,69,74,70,74,74
[ 747.698634] [AOA] Measurement: 0,1629148385.883076,08:55:31:70:ff:0a,2,1,1,0,128,855,23,936,958,943,1,426,779,977,57,829,74,819,1014,100,435,968,153,575,827,29,824,100,807,368,919,521,933,103,746,569,326,57,54,43,61,63,62,56,59,33,59,44,55,54,51,41,34,48,49,44,40,54,50,46,44,30,50,27,43,48,45,50,47
[ 747.739063] [AOA] Measurement: 0,1629148385.923503,08:55:31:70:ff:0a,2,1,1,0,128,825,971,312,727,395,808,855,553,392,887,333,910,310,843,564,169,415,956,513,798,11,827,87,733,437,974,463,938,125,774,101,844,60,53,41,62,65,63,56,59,34,57,43,54,54,51,41,32,49,47,43,41,55,50,45,44,32,49,29,42,49,41,46,44
[ 747.779655] [AOA] Measurement: 0,1629148385.964096,08:55:31:70:ff:0a,2,1,1,0,128,829,1008,374,800,916,999,407,743,991,74,316,932,780,972,601,199,879,43,26,621,1013,797,83,793,400,955,451,901,563,568,393,246,72,68,55,72,75,74,72,69,54,66,61,73,70,66,58,50,64,55,54,60,71,67,67,58,51,65,41,62,69,65,68,66
[ 747.820406] [AOA] Measurement: 0,1629148386.004846,08:55:31:70:ff:0a,2,1,1,0,128,357,152,857,941,982,1012,431,768,22,112,873,93,822,999,606,260,933,90,527,798,15,845,681,994,428,1011,956,60,562,523,726,629,64,57,46,67,69,66,63,64,39,60,48,59,57,53,42,36,53,50,44,42,60,54,51,48,33,54,28,45,50,46,53,47
[ 747.862036] [AOA] Measurement: 0,1629148386.046477,08:55:31:70:ff:0a,2,1,1,0,128,343,185,389,754,357,770,931,604,465,888,866,97,798,988,55,315,897,119,70,668,560,12,651,970,971,87,542,921,163,772,447,310,70,68,66,65,63,67,68,61,70,59,72,70,71,67,67,62,72,61,66,70,69,69,78,62,75,68,70,71,77,77,78,79
[ 747.907308] [AOA] Measurement: 0,1629148386.091748,08:55:31:70:ff:0a,2,1,1,0,128,824,983,332,737,454,845,416,768,1009,103,900,121,813,1000,106,386,886,73,479,772,963,753,127,784,417,976,407,882,133,782,586,317,65,59,47,66,70,68,63,65,41,62,50,63,61,59,47,37,53,52,47,47,63,57,53,51,38,57,29,49,54,50,57,53
[ 747.947834] [AOA] Measurement: 0,1629148386.132275,08:55:31:70:ff:0a,2,1,1,0,128,811,967,362,757,389,839,445,816,955,39,334,957,282,828,78,404,952,118,613,874,542,1022,664,956,952,148,946,53,589,600,34,862,66,60,48,67,71,67,65,65,44,63,54,66,64,60,49,41,59,53,50,51,63,61,58,53,43,60,33,54,60,54,60,59
[ 747.987908] [AOA] Measurement: 0,1629148386.172348,08:55:31:70:ff:0a,2,1,1,0,128,853,985,355,757,401,839,849,540,423,888,278,905,257,837,475,123,434,963,0,668,63,850,661,984,385,960,1004,57,136,779,723,527,75,69,66,69,72,72,75,68,70,65,74,77,76,71,68,63,76,62,65,72,71,72,77,63,71,69,61,70,79,74,78,77
[ 748.028136] [AOA] Measurement: 0,1629148386.212576,08:55:31:70:ff:0a,2,1,1,0,128,753,950,340,783,404,796,886,550,472,939,293,892,294,831,579,189,947,97,557,819,556,1016,659,1001,879,105,996,91,134,802,527,304,78,70,66,73,75,75,76,72,65,67,71,78,75,70,67,58,71,62,61,68,73,72,72,62,60,67,49,65,74,70,72,71
[ 748.068203] [AOA] Measurement: 0,1629148386.252644,08:55:31:70:ff:0a,2,1,1,0,128,740,944,392,791,939,1008,790,502,386,851,263,869,258,776,611,197,417,985,570,882,595,26,681,990,860,94,2,108,121,779,168,949,57,51,40,60,62,61,57,57,34,57,42,55,55,49,41,30,47,47,42,37,53,48,43,41,28,49,27,40,45,39,44,42
[ 748.108050] [AOA] Measurement: 0,1629148386.292484,08:55:31:70:ff:0a,2,1,1,0,128,804,1002,343,775,958,1014,839,522,995,56,846,69,269,820,568,173,351,896,18,645,51,830,143,809,381,942,442,894,595,578,665,497,62,55,44,64,67,64,58,59,38,58,46,56,56,53,40,33,48,47,42,41,54,50,47,45,33,51,27,44,49,45,50,45
[ 748.148213] [AOA] Measurement: 0,1629148386.332646,08:55:31:70:ff:0a,2,1,1,0,128,804,1004,404,784,373,851,390,749,1000,59,872,114,823,1008,174,451,1016,212,607,888,585,8,661,991,1023,176,1016,102,104,754,628,445,65,59,47,67,67,67,63,62,41,60,51,62,58,57,48,39,54,50,45,47,60,55,51,49,37,53,29,49,56,50,53,51
[ 748.184085] [AOA] Measurement: 0,1629148386.368525,08:55:31:70:ff:0a,2,1,1,0,128,845,1002,298,728,406,832,387,730,986,92,247,887,274,836,525,144,378,922,1013,670,596,1020,629,991,958,161,916,49,571,551,108,989,69,63,50,71,74,71,67,66,47,64,57,68,66,63,52,44,59,53,50,52,66,63,58,54,44,62,34,55,61,57,61,57
[ 748.229891] [AOA] Measurement: 0,1629148386.414332,08:55:31:70:ff:0a,2,1,1,0,128,406,234,901,955,930,988,436,787,994,88,859,92,859,988,150,450,944,99,594,891,512,968,656,965,936,108,464,905,555,548,718,611,74,68,67,69,70,71,72,67,68,61,73,74,74,70,67,61,72,59,64,71,71,71,77,61,70,68,63,69,77,75,76,77
[ 748.270135] [AOA] Measurement: 0,1629148386.454575,08:55:31:70:ff:0a,2,1,1,0,128,331,199,937,959,999,1018,437,789,984,32,864,102,798,977,568,176,969,175,617,870,1017,831,659,950,414,928,557,951,167,778,186,913,69,68,67,65,66,69,72,64,69,61,73,73,73,70,69,64,73,62,67,72,71,71,78,65,73,69,66,72,80,76,78,80
[ 748.307040] [AOA] Measurement: 0,1629148386.491481,08:55:31:70:ff:0a,2,1,1,0,128,370,153,928,969,901,978,370,747,412,870,370,948,305,797,571,195,405,928,31,650,11,803,77,747,441,1009,354,886,602,595,147,25,75,70,68,70,70,73,76,68,70,64,74,76,74,70,69,60,72,62,66,73,70,73,80,64,73,68,63,72,80,77,78,78
[ 748.348322] [AOA] Measurement: 0,1629148386.532762,08:55:31:70:ff:0a,2,1,1,0,128,795,1022,954,958,943,994,401,751,1016,57,823,68,278,830,140,396,866,123,571,838,987,814,125,784,422,930,78,92,87,747,905,725,71,62,50,70,73,70,67,67,46,65,56,67,66,61,49,41,58,51,48,49,64,57,55,51,42,57,33,51,59,51,59,54
[ 748.389569] [AOA] Measurement: 0,1629148386.574009,08:55:31:70:ff:0a,2,1,1,0,128,796,962,338,741,364,797,855,527,447,925,254,895,282,809,611,208,897,89,12,641,985,768,195,792,319,900,467,885,562,554,97,110,74,71,68,67,71,70,73,66,68,64,75,76,73,71,70,62,76,61,67,72,73,74,79,64,73,69,62,70,78,74,78,80
[ 748.428368] [AOA] Measurement: 0,1629148386.612802,08:55:31:70:ff:0a,2,1,1,0,128,846,1015,325,766,378,786,849,565,430,907,280,879,248,799,534,173,328,880,83,663,967,761,94,719,384,940,436,841,593,555,526,475,79,71,66,76,78,77,77,72,61,68,70,78,76,71,66,58,71,61,60,65,72,71,72,62,61,69,50,68,75,70,75,71
[ 748.470225] [AOA] Measurement: 0,1629148386.654666,08:55:31:70:ff:0a,2,1,1,0,128,861,1012,392,738,997,11,894,594,462,911,871,129,818,1006,80,384,963,153,600,869,551,1013,650,942,392,951,93,106,100,752,899,701,75,69,59,75,78,78,75,73,59,69,66,76,73,71,60,54,68,58,57,62,71,70,70,61,57,68,44,65,73,68,73,72
[ 748.512018] [AOA] Measurement: 0,1629148386.696459,08:55:31:70:ff:0a,2,1,1,0,128,848,982,332,735,404,802,830,512,442,890,282,905,259,813,500,120,348,888,987,615,1017,817,104,768,385,922,432,910,561,553,406,290,72,70,69,68,71,70,73,66,70,65,73,76,74,69,68,62,72,61,65,70,71,73,79,65,73,70,61,71,79,75,79,76
[ 748.558815] [AOA] Measurement: 0,1629148386.743249,08:55:31:70:ff:0a,2,1,1,0,128,294,129,898,969,1001,3,421,787,992,105,821,43,273,800,557,183,381,919,1,646,522,1009,713,1018,914,109,1020,102,189,839,659,255,75,69,68,71,73,73,73,69,67,65,70,76,73,70,64,57,69,60,61,66,68,67,71,59,64,65,53,68,73,71,73,72
[ 748.599111] [AOA] Measurement: 0,1629148386.783545,08:55:31:70:ff:0a,2,1,1,0,128,771,988,297,756,350,760,852,545,466,908,311,895,242,820,523,136,387,899,25,692,13,820,111,777,350,950,425,910,546,553,673,549,60,51,44,61,66,64,60,62,33,57,45,59,56,52,41,32,50,49,44,42,58,52,48,48,33,54,29,46,50,46,50,48
[ 748.639490] [AOA] Measurement: 0,1629148386.823924,08:55:31:70:ff:0a,2,1,1,0,128,841,1000,300,724,16,11,899,575,392,903,304,916,260,813,580,196,1002,121,585,867,543,1005,697,1009,973,153,3,100,159,815,122,875,58,53,43,62,62,62,56,59,33,55,42,55,51,51,37,31,47,46,42,38,55,48,43,43,28,49,27,40,47,41,45,41
[ 748.680525] [AOA] Measurement: 0,1629148386.864958,08:55:31:70:ff:0a,2,1,1,0,128,326,153,952,1016,960,1,430,786,981,93,868,88,819,1014,180,449,970,158,550,850,512,991,693,1000,932,122,1,102,125,796,141,932,77,71,69,71,69,74,74,67,71,64,74,78,74,71,68,63,73,61,66,71,72,74,78,65,72,71,63,71,79,77,79,79
[ 748.720988] [AOA] Measurement: 0,1629148386.905429,08:55:31:70:ff:0a,2,1,1,0,128,795,963,294,738,393,790,884,556,460,935,315,949,271,815,572,204,367,902,27,640,8,821,65,761,390,942,469,912,599,587,417,269,76,71,68,73,74,75,76,70,67,67,72,79,76,71,67,61,73,63,63,71,72,72,77,64,67,70,53,69,76,73,76,74
[ 748.762922] [AOA] Measurement: 0,1629148386.947361,08:55:31:70:ff:0a,2,1,1,0,128,779,972,365,748,375,765,850,554,371,873,304,893,273,802,556,157,377,917,13,653,21,825,108,779,413,970,996,63,65,758,79,846,75,69,67,69,68,71,73,67,69,63,73,76,75,72,68,63,72,61,66,68,71,73,79,63,72,70,64,70,81,77,79,80
[ 748.809237] [AOA] Measurement: 0,1629148386.993672,08:55:31:70:ff:0a,2,1,1,0,128,411,139,860,953,938,2,874,585,429,916,295,911,274,824,538,217,419,942,532,847,1012,795,102,791,385,948,451,919,592,584,995,879,72,65,56,72,74,72,70,68,50,63,56,66,66,62,50,45,61,52,51,54,64,59,59,53,43,60,34,55,61,56,61,57
[ 748.849405] [AOA] Measurement: 0,1629148387.033839,08:55:31:70:ff:0a,2,1,1,0,128,831,986,871,926,379,791,810,474,465,932,351,934,832,1005,84,355,1002,150,553,857,546,1014,593,928,956,140,402,912,129,766,117,913,62,55,45,64,67,65,63,61,36,58,47,58,56,52,41,34,49,49,44,42,57,52,47,47,34,53,30,44,50,46,51,46
[ 748.889973] [AOA] Measurement: 0,1629148387.074408,08:55:31:70:ff:0a,2,1,1,0,128,831,1013,867,957,386,796,882,567,440,918,312,918,246,779,563,175,288,860,994,627,995,834,69,759,350,957,469,950,506,525,56,935,76,73,70,74,75,76,76,71,69,66,74,77,76,72,67,61,72,61,65,71,73,73,77,64,68,70,58,71,79,74,77,76
[ 748.930422] [AOA] Measurement: 0,1629148387.114856,08:55:31:70:ff:0a,2,1,1,0,128,817,1006,328,740,420,825,824,523,415,862,291,913,273,785,577,186,354,927,31,672,1018,823,83,714,400,937,486,914,548,555,111,14,72,68,68,66,66,70,70,63,68,63,73,73,73,70,68,62,73,61,66,71,71,74,79,65,72,70,65,71,79,76,78,78
[ 748.971061] [AOA] Measurement: 0,1629148387.155496,08:55:31:70:ff:0a,2,1,1,0,128,294,110,293,709,396,809,882,574,405,905,315,934,303,826,596,188,952,72,515,855,973,788,157,815,415,990,12,117,170,822,539,208,69,66,68,64,65,67,68,59,70,59,72,71,68,65,68,61,72,61,65,72,69,71,78,62,75,66,69,69,77,75,76,80
[ 749.011736] [AOA] Measurement: 0,1629148387.196173,08:55:31:70:ff:0a,2,1,1,0,128,841,988,336,731,448,854,426,751,965,72,889,124,747,968,593,181,409,942,598,844,562,13,636,941,397,984,404,862,567,571,163,88,73,70,68,70,73,72,75,68,68,64,73,78,75,70,68,62,72,61,66,71,73,73,77,64,69,71,58,70,79,75,77,76
[ 749.057410] [AOA] Measurement: 0,1629148387.241851,08:55:31:70:ff:0a,2,1,1,0,128,789,992,362,754,395,801,841,585,3,43,319,942,263,821,499,123,415,1000,7,630,980,764,149,795,964,132,79,71,145,769,919,697,64,57,46,65,71,68,66,62,40,61,49,62,61,57,46,37,53,50,47,45,62,56,53,50,36,57,31,50,56,53,54,51
[ 749.097916] [AOA] Measurement: 0,1629148387.282355,08:55:31:70:ff:0a,2,1,1,0,128,787,979,373,783,370,779,870,550,406,865,317,906,320,845,572,197,447,947,1020,635,1000,776,75,741,406,980,452,925,612,595,906,694,70,63,52,72,74,72,69,69,47,65,56,69,66,63,53,44,59,53,52,54,66,62,61,55,46,62,35,56,62,59,63,61
[ 749.140315] [AOA] Measurement: 0,1629148387.324749,08:55:31:70:ff:0a,2,1,1,0,128,826,988,374,767,412,812,884,556,479,916,297,897,240,785,558,173,363,978,70,671,538,1010,652,965,943,89,44,69,574,591,868,683,61,54,44,63,67,64,58,60,36,59,46,58,56,52,42,34,51,49,44,40,57,53,50,47,33,53,31,46,53,47,52,49
[ 749.180283] [AOA] Measurement: 0,1629148387.364717,08:55:31:70:ff:0a,2,1,1,0,128,785,952,264,712,402,794,879,592,443,937,327,954,842,1006,103,400,944,97,599,874,531,1006,673,978,900,115,410,909,609,566,94,921,73,72,66,71,69,74,74,69,67,66,71,75,75,71,67,61,73,60,64,71,74,72,77,63,69,70,57,70,78,75,79,76
[ 749.221105] [AOA] Measurement: 0,1629148387.405540,08:55:31:70:ff:0a,2,1,1,0,128,346,131,905,918,963,1019,891,557,1008,105,881,51,833,989,76,336,382,932,570,877,526,1007,720,1015,350,950,419,919,112,780,135,911,63,57,44,65,68,64,61,62,37,59,47,59,58,53,44,35,49,48,44,40,56,51,49,45,34,51,28,43,50,45,47,44
[ 749.262161] [AOA] Measurement: 0,1629148387.446595,08:55:31:70:ff:0a,2,1,1,0,128,326,134,840,907,435,847,860,516,440,911,276,876,253,824,508,131,396,931,1011,659,977,784,121,765,366,958,451,911,566,548,43,894,73,69,68,67,69,68,72,66,68,63,72,73,73,70,68,60,72,61,65,70,70,72,78,63,70,70,60,71,78,76,79,77
[ 749.307681] [AOA] Measurement: 0,1629148387.492120,08:55:31:70:ff:0a,2,1,1,0,128,865,980,386,789,378,822,846,544,419,873,291,915,273,787,582,179,347,927,1016,612,941,772,107,799,410,947,1008,54,605,583,1000,833,73,69,67,70,72,72,73,68,70,64,73,76,75,70,69,63,75,63,66,73,71,72,79,65,75,70,63,70,79,78,79,77
[ 749.349938] [AOA] Measurement: 0,1629148387.534377,08:55:31:70:ff:0a,2,1,1,0,128,780,953,303,763,387,795,907,561,450,908,313,948,821,995,126,416,942,107,559,836,1007,772,657,947,890,108,966,81,66,739,619,394,60,54,42,60,65,63,58,58,34,56,43,55,54,50,39,31,47,47,43,38,53,48,42,42,25,46,27,36,44,38,41,38
[ 749.385975] [AOA] Measurement: 0,1629148387.570414,08:55:31:70:ff:0a,2,1,1,0,128,333,144,861,960,1011,18,815,528,430,888,294,912,328,868,87,367,982,130,549,840,519,995,688,991,971,142,42,135,147,783,858,577,71,67,66,67,68,69,70,66,68,63,73,73,71,70,66,61,72,60,64,69,71,70,74,62,72,68,61,69,77,75,76,74
[ 749.426895] [AOA] Measurement: 0,1629148387.611335,08:55:31:70:ff:0a,2,1,1,0,128,370,147,916,965,986,8,415,746,998,88,814,71,818,3,59,358,917,64,579,867,1001,789,124,787,400,970,486,920,562,579,413,281,72,68,67,67,67,69,73,65,69,62,73,73,74,68,69,63,73,61,66,72,69,71,77,63,73,70,64,71,79,76,78,80
[ 749.468246] [AOA] Measurement: 0,1629148387.652685,08:55:31:70:ff:0a,2,1,1,0,128,838,20,322,709,440,810,909,606,468,878,882,104,810,987,87,380,929,116,637,874,538,999,690,977,1005,163,54,112,141,783,551,261,77,72,69,73,74,75,77,71,69,68,74,78,78,72,67,61,73,63,66,71,73,73,77,65,69,71,59,71,79,75,78,77
[ 749.509266] [AOA] Measurement: 0,1629148387.693698,08:55:31:70:ff:0a,2,1,1,0,128,336,163,878,946,943,996,916,557,1015,90,814,74,828,1016,63,348,968,106,558,843,13,826,93,773,412,958,420,912,137,758,664,436,75,70,65,70,71,72,74,69,67,65,72,76,75,72,67,62,72,61,64,70,71,72,76,63,68,69,60,69,77,74,77,77
[ 749.549777] [AOA] Measurement: 0,1629148387.734216,08:55:31:70:ff:0a,2,1,1,0,128,766,948,409,796,374,802,886,563,988,45,270,873,273,804,590,222,354,933,42,612,17,825,131,811,433,972,469,934,577,582,771,610,66,60,50,68,71,68,68,66,44,65,54,66,63,59,47,39,55,53,46,49,64,61,57,53,39,58,34,52,57,53,57,57
[ 749.585922] [AOA] Measurement: 0,1629148387.770362,08:55:31:70:ff:0a,2,1,1,0,128,814,987,872,939,955,1022,417,765,454,940,827,98,766,984,565,171,417,965,533,836,572,13,712,0,955,130,1010,79,93,757,17,851,67,61,47,69,71,69,66,66,44,64,53,64,63,59,48,39,55,52,48,48,64,58,54,51,39,58,33,54,57,53,59,55
[ 749.627031] [AOA] Measurement: 0,1629148387.811465,08:55:31:70:ff:0a,2,1,1,0,128,302,112,905,992,930,1006,405,737,1001,99,876,101,785,993,119,406,895,77,552,827,7,831,713,999,933,126,443,921,571,574,345,201,73,69,68,66,69,71,75,65,69,63,75,75,72,71,67,60,73,59,64,73,70,74,78,65,74,68,63,69,79,75,78,79
[ 749.669189] [AOA] Measurement: 0,1629148387.853629,08:55:31:70:ff:0a,2,1,1,0,128,791,963,305,741,404,816,908,545,440,918,308,920,304,837,576,219,954,109,508,841,996,796,136,768,409,976,465,940,593,593,251,67,65,60,47,67,71,68,63,63,39,61,50,63,61,56,46,39,54,51,46,47,62,55,53,50,37,55,31,47,56,51,55,53
[ 749.711275] [AOA] Measurement: 0,1629148387.895716,08:55:31:70:ff:0a,2,1,1,0,128,786,969,280,737,428,826,824,517,454,940,239,875,229,764,618,177,358,939,36,692,974,767,161,776,364,965,481,887,582,569,764,682,78,70,62,75,78,77,76,72,59,68,67,75,73,69,64,54,70,60,58,64,73,71,71,62,58,69,46,66,72,69,72,69
[ 749.753353] [AOA] Measurement: 0,1629148387.937793,08:55:31:70:ff:0a,2,1,1,0,128,840,955,307,732,431,838,482,805,950,55,863,80,853,22,32,352,953,86,29,657,517,996,670,964,949,150,949,54,66,721,440,211,64,58,45,65,69,67,63,63,41,62,51,61,61,57,45,36,55,51,45,48,61,57,52,50,39,58,31,51,58,52,55,55
[ 749.793878] [AOA] Measurement: 0,1629148387.978311,08:55:31:70:ff:0a,2,1,1,0,128,407,189,396,755,381,793,876,546,428,870,311,928,249,793,530,173,397,987,78,668,9,845,680,987,931,95,518,925,602,593,643,439,75,71,69,71,70,72,74,67,71,64,73,75,72,69,68,62,74,61,67,71,70,72,79,63,74,67,67,70,79,77,79,78
[ 749.834932] [AOA] Measurement: 0,1629148388.019365,08:55:31:70:ff:0a,2,1,1,0,128,376,194,925,956,980,19,826,541,1021,66,315,910,272,830,139,386,944,141,11,661,528,994,130,760,434,951,475,894,585,549,962,823,78,71,67,75,74,75,76,72,66,67,71,77,73,69,67,60,72,62,63,69,75,73,77,63,65,69,52,69,75,72,74,72
[ 749.877356] [AOA] Measurement: 0,1629148388.061796,08:55:31:70:ff:0a,2,1,1,0,128,343,182,334,728,419,831,907,593,472,911,900,98,821,7,63,367,401,969,77,683,6,833,95,750,429,958,124,128,169,777,119,870,77,72,68,73,73,75,76,71,69,67,73,76,75,72,68,60,74,63,63,72,74,73,78,64,70,73,59,70,79,75,78,76
[ 749.919650] [AOA] Measurement: 0,1629148388.104091,08:55:31:70:ff:0a,2,1,1,0,128,839,999,930,999,897,989,446,796,975,74,863,80,795,958,117,352,375,946,1022,649,981,780,126,779,365,934,508,973,114,808,335,149,76,70,63,75,75,75,73,69,60,67,69,75,71,68,63,53,68,58,57,64,71,68,70,60,61,68,50,66,73,70,72,71
[ 749.962439] [AOA] Measurement: 0,1629148388.146880,08:55:31:70:ff:0a,2,1,1,0,128,811,968,377,789,410,831,882,556,414,879,299,931,270,821,561,173,357,912,19,627,20,845,123,809,391,933,460,924,644,589,601,488,78,70,62,75,78,77,76,71,61,68,67,76,76,70,64,55,69,61,59,65,74,71,72,62,60,68,47,66,73,67,70,70
[ 750.010208] [AOA] Measurement: 0,1629148388.194642,08:55:31:70:ff:0a,2,1,1,0,128,805,970,341,761,447,822,444,748,963,87,871,74,812,1017,81,392,936,75,483,795,514,957,681,6,968,141,23,158,150,835,702,388,77,70,68,70,70,73,74,68,67,65,72,77,75,70,69,62,74,63,65,70,76,74,78,64,69,71,57,72,78,76,79,77
[ 750.051004] [AOA] Measurement: 0,1629148388.235443,08:55:31:70:ff:0a,2,1,1,0,128,359,145,831,898,374,792,890,606,979,77,825,78,813,972,511,156,347,885,15,653,1014,813,84,769,401,989,993,104,85,729,426,228,71,67,69,65,66,69,74,64,70,62,73,75,72,69,68,62,72,61,67,72,71,73,79,64,74,69,65,70,78,78,78,78
[ 750.087813] [AOA] Measurement: 0,1629148388.272254,08:55:31:70:ff:0a,2,1,1,0,128,372,162,875,973,975,3,338,694,416,888,306,906,323,809,589,195,922,101,587,864,539,1013,660,1001,971,148,17,135,190,851,577,164,73,68,68,70,71,73,75,69,69,65,73,78,75,71,69,63,73,62,65,73,74,74,79,64,72,69,62,70,79,76,78,77
[ 750.130545] [AOA] Measurement: 0,1629148388.314986,08:55:31:70:ff:0a,2,1,1,0,128,346,176,925,945,929,988,421,806,993,66,271,906,291,823,570,208,388,960,59,673,589,20,599,912,945,108,14,101,80,751,618,407,64,57,47,67,68,67,63,64,40,62,51,63,61,60,47,40,54,50,47,48,61,58,52,51,39,58,32,52,56,52,56,53
[ 750.167329] [AOA] Measurement: 0,1629148388.351771,08:55:31:70:ff:0a,2,1,1,0,128,837,1023,380,757,404,831,909,570,455,907,350,943,799,966,545,202,971,156,583,860,573,24,708,1012,956,124,56,86,134,762,827,673,68,59,47,67,71,71,66,65,43,63,52,64,65,60,50,40,57,52,49,49,65,61,56,52,40,60,34,54,59,53,58,56
[ 750.213893] [AOA] Measurement: 0,1629148388.398328,08:55:31:70:ff:0a,2,1,1,0,128,770,953,868,922,1011,7,366,739,1021,121,825,72,797,978,128,374,954,99,598,870,569,1002,79,751,395,966,417,899,584,579,202,21,65,57,47,66,70,67,63,64,41,62,50,64,63,60,50,40,58,51,47,48,62,58,55,52,39,56,32,51,58,53,57,54
[ 750.255323] [AOA] Measurement: 0,1629148388.439758,08:55:31:70:ff:0a,2,1,1,0,128,839,1,363,748,410,820,904,607,388,848,228,841,308,808,574,193,331,952,638,828,523,1010,66,752,392,929,527,919,604,574,660,528,74,71,69,69,71,71,73,66,71,63,74,73,75,69,69,63,73,62,66,74,73,71,78,64,74,69,65,69,77,75,79,78
[ 750.298168] [AOA] Measurement: 0,1629148388.482607,08:55:31:70:ff:0a,2,1,1,0,128,353,202,923,1016,931,987,463,806,4,135,894,149,822,1017,135,414,985,135,572,870,546,1,649,953,989,175,918,55,165,812,904,671,74,67,62,71,73,74,74,69,59,66,67,74,72,67,61,53,67,57,57,60,70,70,69,59,56,64,43,61,66,63,69,65
[ 750.341012] [AOA] Measurement: 0,1629148388.525453,08:55:31:70:ff:0a,2,1,1,0,128,367,136,883,938,993,3,404,732,984,84,863,68,235,782,572,143,381,920,15,617,575,18,641,939,966,174,3,119,154,818,892,661,58,51,41,60,63,63,58,57,31,54,41,54,52,51,40,31,48,47,42,38,54,47,44,42,30,50,27,39,47,41,44,42
[ 750.383803] [AOA] Measurement: 0,1629148388.568245,08:55:31:70:ff:0a,2,1,1,0,128,808,1000,359,714,480,854,915,607,995,53,309,915,223,802,566,198,400,989,54,626,1011,832,171,784,408,960,542,900,585,526,854,779,75,68,62,75,75,74,73,71,60,66,67,74,72,69,61,54,68,58,58,62,72,70,69,60,56,69,45,66,70,65,71,68
[ 750.426531] [AOA] Measurement: 0,1629148388.610973,08:55:31:70:ff:0a,2,1,1,0,128,829,965,323,777,974,1016,388,759,1004,121,857,100,840,32,148,422,904,75,563,851,563,0,703,1018,970,169,950,57,107,741,572,441,72,69,68,67,69,70,71,64,68,62,71,73,72,69,67,59,71,58,63,69,69,70,77,63,72,68,61,68,76,73,76,75
[ 750.468258] [AOA] Measurement: 0,1629148388.652695,08:55:31:70:ff:0a,2,1,1,0,128,819,971,337,755,439,852,387,738,966,64,823,66,243,821,95,388,356,900,29,661,29,814,180,787,405,942,1,106,70,738,272,19,59,52,43,63,66,64,59,61,36,61,47,59,57,53,43,35,52,49,44,41,58,54,50,47,36,54,31,46,53,47,51,48
[ 750.509403] [AOA] Measurement: 0,1629148388.693837,08:55:31:70:ff:0a,2,1,1,0,128,363,217,917,937,931,986,864,568,453,894,837,57,257,808,585,179,447,1015,623,874,556,1022,657,990,936,78,93,118,198,764,202,815,74,68,63,68,70,71,71,66,64,63,69,75,74,70,65,57,71,59,60,67,70,70,73,61,64,68,51,66,74,69,73,70
[ 750.551007] [AOA] Measurement: 0,1629148388.735441,08:55:31:70:ff:0a,2,1,1,0,128,325,135,337,734,310,764,919,592,384,857,290,912,310,860,556,175,384,957,557,856,566,1023,61,790,896,114,1007,78,133,787,1015,826,59,52,44,63,67,65,60,60,36,59,47,59,56,52,41,33,51,49,44,41,56,52,49,46,33,55,29,48,53,49,51,50
[ 750.593071] [AOA] Measurement: 0,1629148388.777507,08:55:31:70:ff:0a,2,1,1,0,128,789,943,316,755,383,816,884,541,439,948,281,890,242,819,551,189,418,966,584,864,539,980,101,781,420,998,412,911,586,559,166,61,64,57,45,66,69,66,64,63,39,60,50,59,60,57,44,37,54,49,45,45,61,56,52,48,36,54,31,49,54,49,54,51
[ 750.641591] [AOA] Measurement: 0,1629148388.826025,08:55:31:70:ff:0a,2,1,1,0,128,817,972,387,784,940,976,413,775,982,89,839,77,848,1021,48,379,936,133,1009,630,12,824,647,975,927,106,993,77,83,747,544,403,72,67,65,65,67,70,70,64,67,61,71,72,72,67,66,61,71,60,65,72,71,70,78,63,72,70,64,70,77,75,75,78
[ 750.687085] [AOA] Measurement: 0,1629148388.871525,08:55:31:70:ff:0a,2,1,1,0,128,872,0,980,977,953,1021,396,788,1002,57,854,68,799,1008,91,356,933,130,87,674,950,751,99,748,414,961,66,101,123,754,218,1017,72,69,69,66,68,70,69,64,69,61,73,75,73,70,68,64,74,62,67,73,69,72,79,63,74,69,66,70,78,77,79,81
[ 750.729814] [AOA] Measurement: 0,1629148388.914255,08:55:31:70:ff:0a,2,1,1,0,128,814,939,326,775,392,807,845,537,451,919,294,925,265,797,559,198,412,966,546,827,12,811,98,770,431,992,398,932,583,579,339,197,70,69,66,65,67,69,74,64,69,62,72,73,75,70,69,63,74,61,67,72,71,72,77,64,74,68,68,71,79,75,76,77
[ 750.766907] [AOA] Measurement: 0,1629148388.951348,08:55:31:70:ff:0a,2,1,1,0,128,766,958,365,759,413,843,842,532,467,949,296,912,270,807,533,175,407,936,551,839,1000,791,692,1011,933,117,1023,130,107,788,253,38,69,67,67,64,64,68,71,61,70,60,72,73,71,68,68,62,72,61,66,72,70,71,79,62,74,68,66,70,77,75,75,78
[ 750.810213] [AOA] Measurement: 0,1629148388.994655,08:55:31:70:ff:0a,2,1,1,0,128,314,164,954,955,930,966,855,572,458,929,827,86,800,982,89,404,897,122,636,867,560,1012,612,954,984,132,66,101,123,791,784,441,73,69,67,67,70,72,71,67,69,63,74,75,74,69,69,63,74,62,66,72,71,74,79,65,75,71,65,72,80,76,80,79
[ 750.847311] [AOA] Measurement: 0,1629148389.031752,08:55:31:70:ff:0a,2,1,1,0,128,761,947,344,728,372,783,815,533,430,903,295,903,277,793,587,204,395,928,1020,658,37,842,89,762,421,962,407,869,628,608,612,422,69,63,53,70,74,72,69,68,49,65,59,68,68,63,54,45,59,53,51,55,66,62,61,55,46,61,34,58,61,58,63,61
